ID,Date,Element,Data_Value
USC00316676,2008-11-27,TMAX,128
USW00093719,2005-09-10,TMIN,206
USW00093719,2008-02-07,TMAX,211
USR0000NHOF,2011-12-18,TMIN,-39
USC00316096,2011-06-13,TMAX,306
USC00314684,2013-02-09,TMAX,111
USC00310576,2014-04-14,TMAX,267
USC00314144,2008-11-21,TMAX,67
USC00310356,2014-04-14,TMAX,239
USR0000NNWB,2010-09-08,TMIN,217
USR0000NCRN,2012-05-16,TMIN,194
USW00093765,2006-10-20,TMIN,156
USC00316096,2013-10-06,TMIN,161
USW00093743,2008-03-29,TMAX,172
USW00093765,2006-01-04,TMAX,94
USW00093765,2010-02-21,TMAX,144
USC00310356,2007-04-24,TMAX,194
USC00314689,2010-11-10,TMIN,56
USW00093765,2006-08-09,TMIN,233
USW00093719,2009-09-16,TMAX,300
USW00093719,2006-09-19,TMIN,194
USR0000NNWB,2011-06-17,TMAX,333
USW00093743,2012-09-08,TMAX,294
USR0000NNWB,2010-07-04,TMIN,156
USC00316096,2013-02-09,TMIN,-22
USW00093765,2015-06-30,TMIN,250
USR0000NNWB,2008-04-08,TMIN,94
USW00093765,2007-04-17,TMIN,100
USC00314689,2013-07-06,TMIN,211
USC00310576,2013-12-23,TMAX,261
USR0000NHOF,2012-05-16,TMAX,261
USW00013754,2010-09-08,TMAX,322
USW00093743,2013-09-17,TMAX,256
USC00310356,2008-01-06,TMIN,-6
USR0000NNWB,2015-07-28,TMIN,217
USR0000NCRN,2008-05-10,TMIN,150
USC00316676,2007-12-17,TMIN,11
USR0000NNWB,2008-09-16,TMIN,206
USW00013754,2010-09-08,TMIN,206
USW00013754,2015-06-30,TMAX,328
USC00314689,2009-02-06,TMAX,106
USC00316676,2006-11-06,TMAX,161
USC00314684,2011-07-07,TMIN,222
USR0000NCRN,2006-03-01,TMIN,72
USR0000NHOF,2013-04-28,TMAX,194
USR0000NNWB,2015-07-28,TMAX,328
USR0000NHOF,2010-03-28,TMIN,28
USW00013754,2015-07-28,TMAX,317
USW00093765,2007-03-28,TMAX,250
USR0000NHOF,2008-07-27,TMAX,300
USW00093743,2013-04-28,TMIN,122
USC00310576,2009-12-13,TMAX,167
USC00310576,2005-01-18,TMAX,-11
USW00093743,2012-09-08,TMIN,222
USR0000NHOF,2014-04-14,TMIN,117
USC00315830,2007-08-11,TMAX,317
USC00315830,2014-11-13,TMIN,128
USW00093743,2011-02-26,TMAX,167
USR0000NHOF,2014-04-14,TMAX,272
USC00315830,2005-11-13,TMAX,228
USC00314689,2005-01-24,TMIN,-89
USC00310356,2008-03-29,TMIN,44
USW00093765,2011-03-18,TMAX,200
USC00316676,2012-01-17,TMAX,122
USC00314144,2006-03-17,TMAX,222
USC00314684,2015-08-13,TMIN,156
USC00317170,2014-05-21,TMAX,322
USW00093765,2006-01-04,TMIN,61
USR0000NNWB,2012-04-21,TMAX,289
USW00093765,2014-11-26,TMAX,217
USR0000NCRN,2006-03-01,TMAX,239
USW00013754,2007-11-28,TMIN,61
USC00316096,2011-03-29,TMIN,-17
USW00093765,2009-08-09,TMAX,294
USW00013754,2008-04-04,TMAX,233
USC00315830,2013-08-18,TMAX,294
USC00317170,2010-09-12,TMIN,206
USR0000NCRN,2011-03-25,TMIN,72
USW00093765,2012-02-09,TMAX,100
USC00316676,2015-08-24,TMAX,294
USC00310356,2014-01-14,TMIN,94
USW00013754,2013-08-18,TMAX,311
USC00310576,2013-11-27,TMIN,56
USW00093765,2006-10-20,TMAX,267
USR0000NHOF,2014-01-14,TMAX,167
USW00093743,2014-01-14,TMAX,178
USC00316676,2006-02-02,TMAX,128
USC00315830,2006-05-19,TMIN,144
USR0000NNWB,2006-03-08,TMAX,167
USC00317170,2009-02-23,TMAX,78
USR0000NCRN,2007-04-13,TMIN,-6
USR0000NNWB,2012-06-13,TMAX,306
USW00013754,2008-11-03,TMAX,189
USR0000NCRN,2008-05-10,TMAX,311
USC00310576,2005-12-15,TMAX,161
USW00093719,2006-09-19,TMAX,294
USC00310576,2009-10-09,TMIN,100
USC00314689,2014-06-24,TMAX,317
USW00093765,2012-02-09,TMIN,0
USC00310576,2012-10-07,TMIN,150
USW00093765,2006-06-26,TMAX,278
USR0000NNWB,2007-12-23,TMIN,106
USC00310576,2005-12-15,TMIN,17
USW00093719,2007-05-13,TMIN,117
USC00315830,2011-11-29,TMIN,94
USR0000NCRN,2007-04-24,TMAX,311
USC00314689,2010-12-08,TMIN,-83
USW00093719,2014-05-01,TMAX,278
USW00093743,2013-04-28,TMAX,211
USC00314684,2009-04-22,TMIN,122
USR0000NNWB,2011-11-08,TMAX,217
USR0000NCRN,2010-08-29,TMIN,167
USR0000NCRN,2008-11-25,TMAX,139
USW00093743,2011-12-18,TMAX,94
USW00093765,2006-01-27,TMIN,-21
USC00310576,2005-03-26,TMIN,83
USW00093765,2014-05-21,TMAX,250
USC00316676,2012-01-17,TMIN,-33
USC00315830,2012-12-13,TMIN,78
USW00013754,2007-11-28,TMAX,144
USC00310576,2015-10-30,TMIN,156
USW00093765,2009-08-09,TMIN,256
USR0000NCRN,2008-11-25,TMIN,6
USC00316096,2010-12-26,TMIN,-22
USW00093719,2006-12-18,TMIN,56
USR0000NNWB,2014-05-01,TMAX,267
USR0000NHOF,2015-01-28,TMAX,83
USC00314144,2007-05-22,TMIN,122
USW00093765,2013-07-06,TMIN,250
USW00093719,2012-04-21,TMIN,133
USC00315830,2013-10-29,TMIN,117
USC00315830,2013-10-29,TMAX,244
USC00310356,2010-08-07,TMAX,300
USC00310356,2008-10-18,TMAX,267
USR0000NHOF,2006-07-17,TMIN,172
USW00093719,2005-09-10,TMAX,278
USW00093719,2009-02-12,TMIN,111
USW00093719,2013-12-15,TMIN,50
USC00310356,2010-07-27,TMAX,333
USC00314144,2007-07-01,TMIN,156
USR0000NHOF,2007-07-02,TMAX,261
USC00315830,2015-04-10,TMAX,228
USC00314684,2014-02-11,TMIN,-11
USC00310356,2012-09-08,TMIN,239
USW00093765,2007-12-26,TMAX,133
USC00314144,2008-05-10,TMIN,139
USC00310356,2006-07-17,TMIN,200
USW00093719,2015-06-30,TMIN,211
USC00317170,2007-08-04,TMIN,211
USC00310576,2005-05-02,TMAX,222
USC00314689,2006-04-25,TMAX,306
USC00310576,2009-12-13,TMIN,11
USC00310576,2013-02-26,TMAX,83
USC00310576,2012-10-07,TMAX,283
USW00093719,2009-02-12,TMAX,206
USR0000NHOF,2006-11-15,TMAX,228
USC00314144,2008-11-21,TMIN,-22
USW00013754,2013-07-06,TMAX,306
USC00310576,2013-03-23,TMIN,-11
USR0000NNWB,2015-06-30,TMAX,339
USW00093719,2007-12-10,TMIN,122
USR0000NCRN,2015-09-12,TMIN,211
USW00093765,2015-05-30,TMAX,272
USR0000NHOF,2015-01-28,TMIN,-56
USC00314689,2013-11-13,TMIN,-11
USC00310356,2010-08-07,TMIN,250
USC00314144,2008-05-10,TMAX,283
USC00314144,2010-05-23,TMIN,150
USR0000NCRN,2011-07-18,TMIN,167
USW00013754,2008-04-08,TMAX,156
USC00314144,2007-07-01,TMAX,289
USC00316096,2014-06-24,TMIN,206
USC00314689,2005-11-19,TMAX,128
USW00093719,2015-05-30,TMIN,178
USR0000NNWB,2007-12-23,TMAX,228
USW00013754,2013-07-06,TMIN,217
USR0000NHOF,2007-07-02,TMIN,117
USC00317170,2010-02-21,TMIN,11
USC00310576,2006-01-18,TMIN,33
USW00093765,2013-02-09,TMAX,117
USR0000NCRN,2015-07-17,TMIN,211
USC00314144,2008-09-09,TMIN,189
USW00093719,2014-01-25,TMIN,-99
USC00316096,2013-10-06,TMAX,278
USW00093719,2013-12-15,TMAX,178
USR0000NHOF,2012-05-16,TMIN,189
USR0000NHOF,2008-09-29,TMAX,278
USC00316676,2007-12-17,TMAX,211
USW00093765,2014-05-13,TMIN,178
USC00314689,2014-02-11,TMIN,-28
USC00314689,2010-02-21,TMIN,-6
USC00315830,2015-04-10,TMIN,139
USC00310356,2008-01-06,TMAX,150
USR0000NNWB,2014-05-01,TMIN,206
USW00093765,2013-07-06,TMAX,289
USW00093743,2009-06-12,TMAX,300
USC00316096,2014-06-24,TMAX,294
USW00093743,2011-02-08,TMAX,128
USC00310576,2014-04-14,TMIN,100
USR0000NHOF,2011-02-26,TMIN,28
USW00093765,2008-12-04,TMIN,-5
USC00310356,2014-04-14,TMIN,167
USC00314684,2013-02-09,TMIN,6
USR0000NNWB,2012-04-21,TMIN,156
USR0000NHOF,2005-10-17,TMIN,22
USC00314689,2014-02-11,TMAX,72
USC00314689,2008-12-27,TMIN,89
USC00314689,2010-02-21,TMAX,172
USW00093765,2013-02-09,TMIN,11
USC00310356,2012-05-16,TMIN,228
USW00093765,2013-12-15,TMIN,72
USC00314689,2008-12-27,TMAX,139
USW00093719,2015-05-30,TMAX,300
USC00315830,2005-11-13,TMIN,72
USC00315830,2005-06-18,TMIN,194
USR0000NCRN,2015-08-05,TMIN,233
USC00310356,2010-10-20,TMAX,256
USC00310356,2008-10-08,TMAX,239
USW00093765,2006-08-09,TMAX,278
USC00314689,2010-12-08,TMAX,28
USR0000NHOF,2011-12-18,TMAX,89
USC00310356,2008-12-14,TMIN,17
USC00316676,2005-08-20,TMAX,328
USW00093743,2008-07-27,TMAX,228
USC00310356,2010-07-27,TMIN,250
USC00314684,2015-05-11,TMIN,189
USC00310356,2010-10-20,TMIN,156
USC00316096,2014-10-05,TMAX,189
USR0000NNWB,2011-11-08,TMIN,150
USC00316676,2006-02-02,TMIN,-11
USC00314689,2014-10-05,TMIN,50
USR0000NNWB,2008-04-08,TMAX,161
USW00093719,2012-04-21,TMAX,283
USR0000NCRN,2015-07-17,TMAX,317
USR0000NNWB,2010-04-05,TMAX,317
USC00314689,2005-11-24,TMAX,183
USC00315830,2005-11-18,TMIN,28
USC00310356,2006-07-17,TMAX,317
USR0000NNWB,2014-07-31,TMAX,306
USW00093765,2015-12-21,TMIN,89
USW00093743,2013-03-23,TMAX,128
USR0000NNWB,2015-03-17,TMAX,294
USR0000NNWB,2008-12-17,TMIN,94
USC00315830,2014-11-13,TMAX,239
USW00093765,2006-06-26,TMIN,239
USR0000NCRN,2011-07-18,TMAX,300
USW00093765,2006-12-04,TMAX,128
USC00310356,2008-03-29,TMAX,150
USR0000NHOF,2005-10-17,TMAX,200
USW00093743,2011-02-26,TMIN,50
USR0000NCRN,2012-09-08,TMAX,294
USC00310356,2007-04-24,TMIN,156
USC00310356,2005-04-15,TMIN,83
USC00310576,2005-01-18,TMIN,-78
USW00013754,2010-07-08,TMIN,217
USC00314684,2011-06-28,TMAX,350
USC00310356,2012-05-16,TMAX,261
USC00314684,2015-05-11,TMAX,261
USW00093719,2006-01-04,TMAX,89
USC00314144,2005-03-11,TMAX,178
USW00013754,2015-07-28,TMIN,200
USC00310576,2012-11-19,TMIN,122
USC00314689,2013-07-06,TMAX,311
USW00093743,2012-05-16,TMAX,261
USW00013754,2015-06-30,TMIN,194
USC00315830,2005-03-30,TMIN,78
USC00315830,2013-08-18,TMIN,228
USR0000NNWB,2015-06-30,TMIN,217
USC00314144,2008-09-09,TMAX,294
USC00316676,2008-11-27,TMIN,-33
USR0000NNWB,2006-03-08,TMIN,-33
USR0000NHOF,2006-07-17,TMAX,322
USC00310576,2012-06-02,TMAX,306
USC00314689,2014-06-24,TMIN,189
USC00310356,2008-10-18,TMIN,139
USC00315830,2006-05-19,TMAX,233
USW00093765,2014-11-26,TMIN,67
USC00310356,2005-10-17,TMIN,133
USR0000NNWB,2010-07-04,TMAX,322
USW00093765,2007-12-26,TMIN,61
USC00314689,2009-02-06,TMIN,-72
USC00314689,2015-02-23,TMIN,17
USW00093743,2008-10-08,TMIN,111
USC00314684,2011-06-28,TMIN,211
USC00315830,2005-11-18,TMAX,128
USC00315830,2008-08-31,TMIN,239
USC00310576,2005-05-02,TMIN,72
USC00316676,2014-12-05,TMIN,78
USC00310356,2015-07-17,TMIN,233
USC00310356,2008-07-27,TMIN,233
USC00314689,2014-10-05,TMAX,261
USW00093743,2012-05-16,TMIN,206
USW00093719,2010-09-06,TMIN,161
USC00310356,2012-09-08,TMAX,300
USC00310576,2005-03-26,TMAX,183
USC00310356,2008-07-27,TMAX,311
USC00310356,2005-10-17,TMAX,250
USC00317170,2010-09-12,TMAX,283
USW00093765,2015-12-21,TMAX,194
USC00316676,2006-11-06,TMIN,17
USC00314684,2015-08-13,TMAX,311
USC00310576,2007-08-09,TMIN,250
USW00093743,2008-12-25,TMIN,89
USC00316096,2011-05-15,TMAX,256
USC00314684,2006-08-27,TMIN,178
USC00310576,2015-10-30,TMAX,261
USR0000NNWB,2008-09-16,TMAX,261
USC00310356,2013-03-23,TMIN,-11
USC00314144,2009-11-21,TMIN,50
USC00310576,2007-08-09,TMAX,372
USC00314684,2009-04-22,TMAX,250
USC00310356,2010-05-23,TMIN,194
USW00013754,2014-06-11,TMIN,233
USW00093765,2014-07-31,TMAX,300
USR0000NNWB,2007-11-14,TMIN,106
USC00314689,2005-04-05,TMIN,78
USR0000NNWB,2014-03-08,TMIN,6
USR0000NNWB,2014-03-08,TMAX,194
USC00316676,2015-01-06,TMIN,6
USW00093765,2005-02-26,TMAX,111
USW00093765,2014-07-31,TMIN,211
USC00310576,2008-08-09,TMIN,189
USC00317170,2013-02-09,TMIN,11
USR0000NNWB,2015-03-17,TMIN,117
USR0000NHOF,2008-02-26,TMAX,206
USC00315830,2010-01-22,TMAX,144
USR0000NNWB,2012-12-28,TMAX,89
USR0000NCRN,2006-09-03,TMAX,317
USC00315830,2012-07-05,TMIN,267
USC00316676,2011-02-09,TMIN,-22
USW00093719,2014-03-08,TMAX,194
USC00315830,2006-12-15,TMAX,172
USW00093719,2013-07-06,TMIN,217
USC00315830,2012-12-13,TMAX,111
USR0000NHOF,2007-11-21,TMIN,67
USR0000NHOF,2009-06-12,TMAX,322
USW00093743,2013-03-23,TMIN,17
USW00093719,2006-06-26,TMAX,294
USW00093765,2012-04-21,TMIN,144
USC00314684,2009-10-19,TMAX,94
USR0000NHOF,2005-05-20,TMAX,244
USC00310356,2010-05-23,TMAX,267
USR0000NHOF,2015-07-17,TMAX,344
USC00314689,2010-11-10,TMAX,194
USC00317170,2008-07-02,TMIN,156
USC00317170,2009-04-29,TMIN,144
USC00315830,2007-09-01,TMAX,294
USC00315830,2012-03-24,TMIN,144
USR0000NCRN,2010-05-23,TMIN,156
USW00013754,2008-06-07,TMIN,233
USC00314689,2011-02-27,TMAX,267
USR0000NNWB,2014-06-11,TMIN,233
USC00310356,2015-01-28,TMIN,-22
USR0000NCRN,2015-08-05,TMAX,339
USC00310356,2015-01-28,TMAX,33
USR0000NNWB,2009-06-08,TMAX,317
USW00093765,2012-01-05,TMAX,139
USW00013754,2010-07-08,TMAX,311
USC00314684,2005-03-04,TMAX,94
USC00314684,2005-03-04,TMIN,-61
USC00310356,2005-04-15,TMAX,128
USC00314689,2005-04-05,TMAX,256
USR0000NCRN,2008-08-14,TMIN,167
USC00310576,2009-05-20,TMAX,189
USC00317170,2008-07-02,TMAX,328
USR0000NHOF,2006-11-15,TMIN,50
USW00093765,2007-07-11,TMAX,311
USC00310576,2013-11-27,TMAX,222
USR0000NHOF,2012-09-08,TMAX,294
USC00310356,2013-09-17,TMAX,289
USR0000NNWB,2012-06-13,TMIN,211
USR0000NHOF,2007-01-29,TMAX,28
USW00093743,2010-07-27,TMIN,233
USW00093765,2014-05-21,TMIN,206
USC00310356,2015-07-17,TMAX,306
USR0000NNWB,2012-12-28,TMIN,-17
USR0000NHOF,2009-06-12,TMIN,189
USC00317170,2015-12-21,TMAX,200
USC00314689,2013-11-13,TMAX,161
USR0000NCRN,2009-04-19,TMIN,122
USW00093719,2015-06-30,TMAX,328
USC00314684,2009-08-03,TMIN,228
USC00315830,2012-10-07,TMIN,194
USC00310576,2009-11-13,TMIN,128
USW00093719,2011-11-08,TMIN,61
USW00093719,2007-05-13,TMAX,206
USW00093719,2012-06-13,TMIN,211
USC00316676,2010-12-10,TMIN,-44
USR0000NHOF,2007-01-29,TMIN,-83
USW00093743,2008-10-18,TMAX,150
USC00314684,2014-06-24,TMIN,189
USC00310576,2008-02-12,TMIN,0
USR0000NCRN,2012-05-16,TMAX,267
USR0000NCRN,2009-11-21,TMAX,161
USW00093765,2011-11-08,TMIN,106
USC00314684,2012-08-15,TMIN,217
USC00317170,2013-07-06,TMAX,333
USC00310356,2007-08-29,TMAX,322
USC00315830,2007-08-11,TMIN,228
USR0000NHOF,2007-04-10,TMAX,167
USC00314689,2007-03-12,TMIN,39
USC00316096,2011-02-08,TMAX,122
USC00314684,2013-07-06,TMAX,311
USW00093719,2013-07-06,TMAX,322
USC00310576,2008-08-09,TMAX,311
USW00013754,2008-09-16,TMAX,272
USC00316096,2011-02-08,TMIN,-6
USC00310576,2009-05-20,TMIN,117
USW00013754,2008-06-07,TMAX,361
USR0000NHOF,2008-07-27,TMIN,189
USC00317170,2007-08-04,TMAX,339
USR0000NCRN,2015-03-08,TMIN,50
USC00314144,2009-11-21,TMAX,156
USC00310576,2009-11-13,TMAX,172
USW00093765,2008-04-30,TMAX,189
USW00013754,2008-09-16,TMIN,217
USC00314144,2010-07-01,TMAX,272
USC00310356,2008-12-25,TMIN,139
USR0000NNWB,2007-11-14,TMAX,256
USW00093765,2012-04-21,TMAX,267
USC00317170,2009-04-29,TMAX,289
USR0000NHOF,2015-07-17,TMIN,200
USC00314684,2013-07-06,TMIN,200
USW00093743,2008-02-26,TMIN,44
USW00093743,2010-03-28,TMIN,61
USW00093765,2007-08-23,TMIN,239
USC00310576,2013-04-28,TMIN,83
USC00317170,2015-06-30,TMIN,200
USC00314689,2013-02-09,TMAX,117
USC00317170,2015-06-30,TMAX,339
USR0000NCRN,2010-05-23,TMAX,289
USW00093743,2010-03-28,TMAX,194
USC00314144,2008-07-17,TMAX,306
USR0000NNWB,2006-01-04,TMIN,50
USR0000NNWB,2015-05-30,TMAX,311
USR0000NNWB,2011-01-17,TMAX,100
USR0000NHOF,2013-03-23,TMIN,6
USC00315830,2013-04-28,TMIN,100
USC00315830,2013-04-28,TMAX,217
USC00315830,2010-01-22,TMIN,78
USC00317170,2014-11-26,TMAX,194
USW00093719,2006-12-18,TMAX,233
USW00093719,2006-06-26,TMIN,228
USR0000NCRN,2014-09-05,TMAX,311
USR0000NHOF,2008-10-18,TMAX,128
USC00310356,2015-10-16,TMAX,211
USC00316676,2007-10-11,TMAX,283
USR0000NCRN,2015-09-12,TMAX,289
USC00310356,2007-11-20,TMIN,94
USC00316096,2010-12-26,TMAX,33
USR0000NNWB,2009-06-08,TMIN,200
USW00093765,2013-12-28,TMIN,11
USC00317170,2014-11-26,TMIN,78
USW00093743,2010-08-07,TMIN,228
USR0000NHOF,2012-09-08,TMIN,217
USC00314689,2008-05-27,TMIN,172
USR0000NNWB,2011-01-17,TMIN,-6
USC00314684,2014-02-11,TMAX,89
USC00317170,2015-12-21,TMIN,44
USR0000NCRN,2013-03-23,TMAX,133
USW00093743,2010-08-07,TMAX,300
USR0000NNWB,2014-06-11,TMAX,333
USR0000NCRN,2015-10-16,TMAX,250
USC00314684,2011-05-09,TMIN,111
USW00093743,2008-10-08,TMAX,250
USC00314684,2012-08-15,TMAX,322
USC00315830,2008-08-31,TMAX,300
USW00093765,2012-12-28,TMIN,22
USC00314689,2013-10-06,TMAX,311
USW00093765,2012-12-28,TMAX,89
USC00316676,2007-05-30,TMAX,328
USW00093765,2014-05-13,TMAX,278
USR0000NHOF,2013-03-23,TMAX,144
USW00093765,2008-12-04,TMAX,144
USR0000NCRN,2008-12-07,TMIN,-44
USR0000NHOF,2007-03-26,TMIN,33
USW00093719,2010-09-06,TMAX,300
USW00013754,2008-04-08,TMIN,94
USC00315830,2012-10-07,TMAX,272
USC00317170,2011-08-01,TMIN,244
USC00310356,2015-10-16,TMIN,139
USC00315830,2008-08-22,TMIN,222
USC00314689,2013-02-09,TMIN,28
USC00314689,2015-02-23,TMAX,144
USC00314684,2015-08-19,TMAX,306
USC00315830,2012-07-05,TMAX,317
USW00093765,2007-08-23,TMAX,317
USW00093719,2007-12-10,TMAX,261
USW00093719,2014-07-31,TMAX,306
USW00093765,2013-12-28,TMAX,167
USW00093765,2011-11-08,TMAX,211
USR0000NHOF,2008-03-29,TMAX,172
USC00314684,2011-05-09,TMAX,233
USR0000NHOF,2005-05-20,TMIN,122
USC00310356,2007-08-29,TMIN,217
USR0000NCRN,2006-09-03,TMIN,183
USW00093743,2014-01-14,TMIN,39
USR0000NCRN,2014-12-28,TMIN,61
USR0000NHOF,2008-03-29,TMIN,61
USW00013754,2007-09-09,TMAX,261
USW00093719,2007-03-30,TMAX,206
USC00310356,2008-10-08,TMIN,156
USW00093765,2012-01-05,TMIN,6
USC00314689,2013-10-06,TMIN,172
USR0000NNWB,2015-05-30,TMIN,189
USR0000NCRN,2014-12-28,TMAX,217
USR0000NNWB,2010-04-05,TMIN,167
USR0000NHOF,2007-04-10,TMIN,-50
USR0000NCRN,2015-10-16,TMIN,83
USC00314689,2011-02-27,TMIN,61
USW00093743,2008-02-26,TMAX,194
USR0000NNWB,2006-01-04,TMAX,100
USC00314689,2009-07-25,TMAX,322
USW00013754,2014-03-08,TMAX,189
USC00315830,2008-08-22,TMAX,294
USC00314684,2015-04-03,TMAX,222
USC00310356,2011-12-18,TMIN,22
USR0000NHOF,2008-10-18,TMIN,94
USC00315830,2007-09-01,TMIN,217
USR0000NHOF,2007-11-21,TMAX,244
USC00310576,2013-04-28,TMAX,211
USC00315830,2012-03-24,TMAX,239
USC00314144,2007-07-14,TMIN,189
USR0000NHOF,2011-02-26,TMAX,144
USR0000NCRN,2011-03-25,TMAX,128
USC00316676,2007-05-30,TMIN,178
USW00093743,2011-02-08,TMIN,11
USR0000NCRN,2008-08-14,TMAX,278
USW00013754,2013-11-04,TMAX,156
USW00093719,2009-09-16,TMIN,172
USW00093743,2008-10-18,TMIN,111
USC00310356,2011-12-18,TMAX,106
USR0000NCRN,2009-01-23,TMIN,28
USW00013754,2014-06-11,TMAX,328
USC00316676,2009-07-12,TMAX,300
USC00315830,2008-10-01,TMIN,183
USC00314689,2006-04-25,TMIN,167
USC00310356,2013-09-17,TMIN,189
USC00316676,2008-01-31,TMIN,-17
USC00316096,2013-07-06,TMAX,294
USW00093719,2014-03-08,TMIN,22
USC00310356,2008-12-25,TMAX,161
USC00316096,2009-10-31,TMIN,172
USW00093765,2015-06-30,TMAX,294
USC00314144,2011-01-24,TMAX,44
USC00314684,2010-02-21,TMAX,133
USW00093743,2013-09-17,TMIN,167
USC00314684,2006-06-26,TMAX,322
USC00316096,2011-06-13,TMIN,206
USW00093719,2014-05-01,TMIN,217
USC00317170,2012-01-13,TMAX,161
USW00013754,2013-08-18,TMIN,222
USC00317170,2010-02-21,TMAX,183
USC00310356,2013-04-28,TMAX,228
USW00093765,2005-02-26,TMIN,-22
USC00315830,2011-11-29,TMAX,244
USC00310576,2013-12-23,TMIN,206
USW00093765,2015-05-30,TMIN,189
USW00093719,2013-08-18,TMIN,233
USC00314684,2010-02-21,TMIN,-44
USR0000NHOF,2013-04-28,TMIN,94
USW00093719,2012-06-13,TMAX,300
USR0000NCRN,2007-01-29,TMIN,22
USW00093719,2013-08-18,TMAX,322
USW00093743,2010-10-20,TMAX,239
USW00013754,2013-11-04,TMIN,83
USC00310576,2012-11-19,TMAX,156
USW00093743,2008-12-25,TMAX,172
USW00093719,2012-12-28,TMIN,-11
USR0000NHOF,2014-01-14,TMIN,33
USW00093765,2010-11-14,TMIN,39
USR0000NCRN,2009-01-23,TMAX,128
USC00310356,2014-01-14,TMAX,183
USW00093743,2008-03-29,TMIN,67
USW00093743,2010-10-20,TMIN,117
USR0000NHOF,2015-10-16,TMIN,72
USC00317170,2013-01-16,TMIN,106
USW00093719,2006-01-04,TMIN,44
USW00093765,2011-03-18,TMIN,117
USW00013754,2015-05-30,TMAX,300
USR0000NNWB,2008-12-17,TMAX,228
USC00310576,2011-01-26,TMIN,44
USC00316096,2015-05-11,TMAX,261
USR0000NCRN,2012-09-08,TMIN,228
USR0000NCRN,2012-07-13,TMIN,217
USC00314144,2008-07-17,TMIN,167
USC00317170,2014-05-21,TMIN,161
USC00316096,2013-02-09,TMAX,111
USW00013754,2007-09-09,TMIN,217
USC00310576,2013-02-26,TMIN,39
USC00316096,2014-10-05,TMIN,72
USC00310356,2007-09-16,TMAX,278
USW00093743,2011-12-18,TMIN,-27
USC00316676,2008-01-31,TMAX,194
USR0000NCRN,2007-04-24,TMIN,156
USC00316676,2005-08-20,TMIN,244
USC00314684,2015-04-03,TMIN,28
USC00316096,2011-05-15,TMIN,194
USW00013754,2012-06-13,TMIN,222
USC00316096,2013-07-06,TMIN,217
USC00315830,2005-06-18,TMAX,283
USR0000NCRN,2005-07-27,TMAX,344
USW00093765,2014-03-08,TMIN,28
USR0000NNWB,2011-06-17,TMIN,217
USW00093765,2010-02-21,TMIN,11
USW00093743,2009-06-12,TMIN,228
USC00310576,2006-01-18,TMAX,206
USC00310356,2010-09-30,TMIN,222
USC00316676,2009-07-12,TMIN,156
USC00314684,2011-07-07,TMAX,344
USC00316676,2009-01-09,TMIN,-17
USC00314144,2011-01-24,TMIN,-28
USW00013754,2008-04-04,TMIN,183
USC00314144,2005-03-11,TMIN,0
USW00093765,2014-03-08,TMAX,167
USR0000NNWB,2008-06-07,TMIN,244
USR0000NNWB,2008-06-07,TMAX,378
USR0000NNWB,2014-07-31,TMIN,200
USW00093765,2006-01-27,TMAX,94
USR0000NCRN,2009-11-21,TMIN,144
USC00316676,2009-01-09,TMAX,144
USC00314689,2007-12-08,TMIN,28
USC00310356,2010-09-30,TMAX,272
USW00013754,2014-03-08,TMIN,22
USR0000NHOF,2010-08-07,TMIN,217
USR0000NCRN,2012-07-13,TMAX,306
USW00013754,2012-06-13,TMAX,294
USC00316096,2010-03-09,TMAX,183
USW00093765,2010-11-14,TMAX,172
USC00310356,2007-04-10,TMIN,44
USR0000NCRN,2010-08-29,TMAX,294
USW00093765,2012-07-23,TMAX,328
USW00093719,2012-12-28,TMAX,89
USC00316676,2014-10-05,TMAX,272
USC00316676,2014-10-05,TMIN,67
USW00013754,2012-04-21,TMIN,133
USW00013754,2012-04-21,TMAX,278
USC00315830,2005-03-30,TMAX,217
USC00314689,2015-05-11,TMAX,289
USW00093743,2010-07-27,TMAX,294
USR0000NNWB,2009-02-12,TMIN,106
USR0000NHOF,2010-08-07,TMAX,311
USC00310356,2013-03-23,TMAX,89
USR0000NCRN,2005-07-27,TMIN,244
USC00314689,2007-02-14,TMAX,189
USW00013754,2015-05-30,TMIN,178
USW00093719,2012-02-27,TMIN,0
USR0000NCRN,2007-04-13,TMAX,239
USC00310576,2008-02-12,TMAX,100
USC00314684,2014-06-24,TMAX,300
USC00310356,2006-11-15,TMAX,189
USW00093719,2014-01-25,TMAX,89
USC00310576,2009-10-09,TMAX,233
USC00314689,2009-07-25,TMIN,217
USR0000NHOF,2010-10-20,TMIN,83
USC00310576,2006-05-19,TMAX,256
USR0000NCRN,2005-10-09,TMIN,217
USC00314684,2013-10-06,TMIN,156
USC00316096,2010-03-09,TMIN,-11
USR0000NCRN,2015-11-12,TMAX,228
USR0000NCRN,2015-11-12,TMIN,72
USR0000NCRN,2005-10-09,TMAX,306
USC00314684,2009-10-19,TMIN,44
USC00315830,2008-10-01,TMAX,267
USC00314144,2007-05-22,TMAX,256
USW00093765,2009-02-28,TMAX,150
USC00315830,2006-12-15,TMIN,111
USW00093765,2008-04-30,TMIN,89
USC00314689,2005-11-19,TMIN,-22
USC00316676,2008-09-25,TMAX,217
USC00314689,2005-11-24,TMIN,61
USC00310576,2006-08-23,TMIN,239
USW00093719,2012-02-27,TMAX,178
USR0000NCRN,2009-04-19,TMAX,222
USC00310356,2006-11-15,TMIN,89
USR0000NNWB,2009-02-12,TMAX,211
USC00316096,2014-02-11,TMIN,-28
USW00093765,2007-07-11,TMIN,250
USC00314689,2008-05-27,TMAX,294
USC00314689,2007-03-12,TMAX,194
USC00314684,2015-08-19,TMIN,194
USR0000NCRN,2013-03-23,TMIN,17
USC00310356,2007-04-10,TMAX,128
USW00093765,2005-09-10,TMIN,222
USC00314689,2005-01-24,TMAX,67
USR0000NHOF,2015-11-26,TMIN,78
USC00310576,2006-05-19,TMIN,133
USW00093765,2005-09-10,TMAX,272
USR0000NHOF,2008-02-26,TMIN,6
USW00093719,2011-11-08,TMAX,211
USC00310356,2007-09-16,TMIN,183
USR0000NCRN,2014-09-05,TMIN,222
USW00093765,2007-03-28,TMIN,144
USW00093765,2006-12-04,TMIN,28
USC00314689,2007-12-08,TMAX,211
USC00316096,2009-10-31,TMAX,267
USC00314144,2007-07-14,TMAX,294
USC00316096,2011-03-29,TMAX,156
USC00317170,2013-01-16,TMAX,250
USC00314684,2013-10-06,TMAX,317
USR0000NHOF,2015-10-16,TMAX,278
USC00314689,2007-02-14,TMIN,-39
USC00316676,2008-09-25,TMIN,161
USC00314689,2010-03-09,TMIN,17
USW00093719,2014-07-31,TMIN,200
USR0000NCRN,2015-03-08,TMAX,161
USC00317170,2009-02-23,TMIN,6
USC00317170,2012-04-21,TMAX,289
USW00093765,2007-04-17,TMAX,200
USW00093719,2007-03-30,TMIN,11
USC00314684,2012-03-16,TMAX,289
USC00317170,2013-07-06,TMIN,206
USW00093719,2010-06-11,TMAX,322
USR0000NCRN,2008-04-24,TMAX,272
USW00093765,2013-12-15,TMAX,172
USR0000NHOF,2008-09-29,TMIN,150
USW00093719,2008-02-07,TMIN,44
USW00093765,2009-02-28,TMIN,83
USC00314684,2009-08-03,TMAX,300
USC00310576,2011-01-26,TMAX,161
USR0000NCRN,2009-05-02,TMAX,244
USR0000NHOF,2010-03-28,TMAX,200
USC00310356,2010-03-28,TMAX,183
USC00314144,2010-07-01,TMIN,178
USR0000NCRN,2009-05-02,TMIN,206
USW00093765,2012-07-23,TMIN,233
USC00310356,2010-03-28,TMIN,67
USC00314689,2010-03-09,TMAX,228
USC00317170,2011-08-01,TMAX,289
USW00093743,2008-07-27,TMIN,194
USC00317170,2013-02-09,TMAX,128
USC00317170,2012-01-13,TMIN,33
USW00093719,2010-06-11,TMIN,206
USC00316676,2014-12-05,TMAX,150
USC00316096,2010-02-21,TMAX,161
USC00314144,2006-03-17,TMIN,33
USC00314684,2006-08-27,TMAX,328
USR0000NNWB,2010-09-08,TMAX,339
USC00316096,2014-02-11,TMAX,11
USC00310576,2006-08-23,TMAX,278
USC00317170,2012-04-21,TMIN,139
USC00314144,2009-01-03,TMAX,161
USR0000NHOF,2010-10-20,TMAX,239
USC00310576,2013-03-23,TMAX,122
USC00316096,2015-05-11,TMIN,206
USC00314144,2009-01-03,TMIN,33
USC00314684,2006-06-26,TMIN,206
USC00316096,2010-02-21,TMIN,-28
USC00316676,2010-12-10,TMAX,56
USC00310356,2008-12-14,TMAX,89
USC00314684,2012-03-16,TMIN,111
USC00310356,2007-11-20,TMAX,183
USR0000NCRN,2008-12-07,TMAX,83
USC00316676,2007-10-11,TMIN,183
USR0000NCRN,2008-04-24,TMIN,139
USC00310356,2013-04-28,TMIN,128
USC00314144,2010-05-23,TMAX,250
USC00317170,2014-10-04,TMAX,278
USC00317170,2013-10-06,TMIN,167
USR0000NNWB,2005-03-07,TMIN,22
USR0000NNWB,2014-02-12,TMIN,-28
USR0000NCRN,2005-10-26,TMIN,67
USC00317170,2009-11-26,TMIN,83
USR0000NNWB,2014-02-12,TMAX,89
USC00314689,2007-04-23,TMAX,278
USC00314689,2007-04-23,TMIN,122
USC00314689,2013-09-17,TMIN,156
USW00093765,2005-06-30,TMIN,233
USC00314689,2013-09-17,TMAX,289
USC00315830,2011-02-05,TMIN,50
USR0000NNWB,2008-05-09,TMAX,300
USR0000NNWB,2008-05-09,TMIN,200
USR0000NCRN,2005-10-26,TMAX,183
USW00093743,2007-11-09,TMAX,150
USW00013754,2012-10-26,TMIN,178
USR0000NNWB,2008-04-13,TMIN,72
USC00315830,2012-09-07,TMAX,306
USC00315830,2011-02-05,TMAX,167
USC00315830,2012-09-07,TMIN,217
USW00093765,2005-06-30,TMAX,278
USW00093719,2010-02-22,TMIN,6
USW00013754,2008-10-12,TMIN,172
USC00314144,2006-05-18,TMAX,267
USC00314144,2006-05-18,TMIN,128
USC00314689,2012-08-25,TMAX,250
USC00310576,2009-04-06,TMIN,78
USR0000NNWB,2006-02-02,TMAX,172
USC00310576,2009-04-06,TMAX,239
USC00316676,2009-02-20,TMAX,194
USW00093719,2010-02-22,TMAX,189
USW00013754,2008-10-12,TMAX,250
USW00013754,2015-04-03,TMIN,150
USR0000NNWB,2006-02-02,TMIN,0
USC00314689,2010-11-28,TMIN,0
USR0000NHOF,2014-03-07,TMAX,117
USR0000NHOF,2014-03-07,TMIN,39
USC00310356,2009-03-17,TMIN,89
USC00310356,2009-03-17,TMAX,122
USC00317170,2009-11-26,TMAX,189
USC00316676,2009-02-20,TMIN,-17
USW00093765,2011-04-21,TMAX,272
USR0000NNWB,2005-03-07,TMAX,228
USC00314689,2015-04-20,TMIN,183
USW00093765,2009-07-13,TMIN,211
USC00314684,2013-02-25,TMIN,11
USC00314144,2007-12-30,TMIN,139
USW00093765,2009-07-13,TMAX,261
USC00317170,2007-09-22,TMAX,306
USC00310576,2014-01-25,TMAX,11
USC00316676,2007-06-12,TMIN,156
USC00315830,2014-08-01,TMAX,294
USC00310356,2011-05-22,TMIN,194
USC00316676,2007-06-12,TMAX,272
USC00310356,2007-08-06,TMIN,233
USC00315830,2012-10-08,TMIN,139
USC00314144,2011-04-12,TMAX,256
USW00093719,2010-08-06,TMAX,328
USW00093719,2010-08-06,TMIN,239
USC00310576,2010-03-09,TMAX,200
USC00310576,2010-03-09,TMIN,17
USW00093765,2015-07-16,TMAX,300
USC00310356,2007-08-06,TMAX,311
USW00093743,2007-11-09,TMIN,44
USC00314684,2013-02-25,TMAX,172
USC00310356,2011-05-22,TMAX,283
USC00317170,2007-09-12,TMAX,283
USC00317170,2007-09-12,TMIN,222
USR0000NCRN,2014-11-14,TMIN,-6
USR0000NCRN,2014-11-14,TMAX,78
USR0000NNWB,2008-04-13,TMAX,222
USC00314689,2015-04-20,TMAX,261
USC00314689,2009-12-13,TMIN,50
USC00314689,2009-12-13,TMAX,189
USC00315830,2014-08-01,TMIN,222
USC00310576,2007-03-10,TMIN,39
USR0000NNWB,2011-03-18,TMAX,294
USC00310576,2007-03-10,TMAX,156
USR0000NNWB,2011-03-18,TMIN,94
USR0000NCRN,2011-06-03,TMAX,306
USW00093765,2013-02-10,TMIN,-10
USC00310356,2015-01-12,TMIN,-6
USW00093765,2013-02-10,TMAX,122
USC00314144,2007-12-30,TMAX,200
USC00310356,2006-08-23,TMAX,256
USC00314144,2011-04-12,TMIN,133
USW00093743,2011-08-18,TMIN,211
USC00314689,2006-06-27,TMIN,222
USW00093743,2008-10-11,TMIN,194
USW00093765,2012-07-12,TMAX,300
USW00093765,2012-07-12,TMIN,244
USW00013754,2008-05-09,TMAX,289
USW00013754,2008-05-09,TMIN,189
USC00310576,2013-11-14,TMAX,89
USC00317170,2015-08-04,TMIN,233
USW00093719,2015-04-28,TMAX,206
USC00310576,2013-04-26,TMIN,56
USW00093719,2008-06-19,TMAX,311
USW00093719,2008-06-19,TMIN,133
USW00093719,2005-03-04,TMAX,133
USW00093719,2005-03-04,TMIN,-56
USC00310356,2011-08-18,TMAX,317
USC00310356,2011-08-18,TMIN,239
USW00093765,2005-05-30,TMIN,183
USW00093765,2005-05-30,TMAX,217
USR0000NCRN,2011-12-10,TMAX,111
USW00093719,2015-04-28,TMIN,78
USW00013754,2015-04-03,TMAX,256
USC00310576,2013-04-26,TMAX,194
USC00317170,2015-08-04,TMAX,300
USR0000NCRN,2008-09-16,TMIN,217
USW00013754,2015-07-01,TMAX,311
USC00316096,2013-10-29,TMAX,228
USC00316676,2011-12-22,TMAX,222
USC00314689,2007-05-30,TMAX,317
USC00316676,2011-12-22,TMIN,111
USC00310356,2007-11-09,TMAX,217
USC00317170,2010-07-14,TMIN,239
USC00310576,2013-11-14,TMIN,-17
USC00314689,2007-05-30,TMIN,183
USC00314684,2007-07-22,TMAX,283
USC00314684,2007-07-22,TMIN,150
USC00317170,2010-07-14,TMAX,300
USC00315830,2015-02-23,TMAX,178
USC00315830,2015-02-23,TMIN,67
USC00314689,2010-03-27,TMAX,178
USW00093743,2008-10-11,TMAX,222
USC00314689,2010-03-27,TMIN,28
USC00310356,2007-11-09,TMIN,56
USC00314689,2006-06-27,TMAX,300
USR0000NCRN,2011-12-10,TMIN,44
USC00317170,2010-06-05,TMAX,339
USR0000NCRN,2006-03-30,TMIN,44
USC00310356,2014-04-15,TMAX,222
USR0000NCRN,2006-03-30,TMAX,217
USW00093743,2009-03-17,TMIN,61
USW00093765,2013-10-05,TMAX,272
USW00093743,2009-03-17,TMAX,128
USW00093765,2013-10-05,TMIN,167
USW00093719,2005-09-11,TMIN,217
USC00310356,2014-04-15,TMIN,178
USW00093719,2010-12-19,TMAX,67
USW00093719,2005-09-11,TMAX,289
USR0000NNWB,2006-04-26,TMIN,133
USW00013754,2009-06-26,TMAX,322
USC00314689,2010-11-28,TMAX,111
USC00314689,2012-08-25,TMIN,183
USW00013754,2009-06-26,TMIN,211
USR0000NNWB,2006-04-26,TMAX,217
USW00093743,2011-08-18,TMAX,306
USW00093719,2010-12-19,TMIN,-11
USC00317170,2010-06-05,TMIN,239
USW00093765,2011-04-21,TMIN,150
USR0000NCRN,2013-08-17,TMAX,267
USR0000NNWB,2009-06-21,TMIN,222
USC00317170,2009-07-13,TMIN,217
USR0000NNWB,2009-06-21,TMAX,322
USC00317170,2009-07-13,TMAX,278
USC00316096,2010-12-28,TMAX,89
USC00316096,2010-12-28,TMIN,-44
USR0000NCRN,2011-04-02,TMIN,22
USR0000NCRN,2011-04-02,TMAX,183
USR0000NCRN,2013-08-17,TMIN,194
USC00317170,2013-02-10,TMIN,-28
USR0000NHOF,2014-04-15,TMAX,244
USC00317170,2013-02-10,TMAX,133
USC00310576,2012-03-11,TMAX,133
USR0000NCRN,2014-10-04,TMAX,272
USR0000NCRN,2014-10-04,TMIN,133
USC00310356,2014-03-07,TMAX,106
USC00310356,2014-03-07,TMIN,33
USC00310576,2012-03-11,TMIN,6
USR0000NHOF,2014-04-15,TMIN,78
USR0000NHOF,2011-08-18,TMAX,289
USW00093765,2015-07-16,TMIN,233
USC00314684,2005-05-24,TMAX,289
USC00317170,2012-07-12,TMIN,217
USC00314684,2008-10-06,TMAX,267
USR0000NNWB,2010-02-22,TMIN,22
USC00310576,2014-06-11,TMIN,217
USR0000NNWB,2010-02-22,TMAX,194
USC00316096,2011-08-01,TMIN,222
USC00314144,2008-09-29,TMAX,278
USC00316676,2006-11-14,TMAX,167
USC00316676,2013-07-08,TMAX,311
USC00316676,2006-11-14,TMIN,100
USC00316096,2010-11-11,TMAX,161
USR0000NNWB,2015-04-03,TMIN,144
USC00316096,2010-11-11,TMIN,56
USC00314689,2009-02-28,TMIN,78
USC00314684,2008-10-06,TMIN,89
USW00093719,2015-02-13,TMIN,-55
USC00316096,2011-08-01,TMAX,311
USC00314689,2009-02-28,TMAX,206
USC00314144,2008-09-29,TMIN,150
USR0000NNWB,2006-07-16,TMAX,322
USC00316676,2013-07-08,TMIN,211
USR0000NNWB,2008-11-05,TMAX,194
USW00093765,2010-06-05,TMAX,289
USR0000NNWB,2007-12-26,TMIN,44
USW00093765,2010-09-06,TMIN,211
USW00093765,2012-07-05,TMIN,272
USC00310576,2008-01-16,TMAX,94
USC00310576,2008-01-16,TMIN,-11
USC00314684,2011-06-01,TMIN,189
USC00315830,2012-05-15,TMAX,272
USR0000NNWB,2008-11-05,TMIN,161
USW00093765,2012-07-05,TMAX,317
USC00310576,2014-06-11,TMAX,333
USC00314684,2006-06-27,TMIN,217
USC00316096,2015-04-20,TMIN,189
USC00314684,2006-06-27,TMAX,300
USC00310576,2014-06-25,TMAX,317
USC00316096,2015-04-20,TMAX,239
USC00315830,2012-05-15,TMIN,211
USC00317170,2012-07-12,TMAX,283
USC00310576,2014-06-25,TMIN,206
USW00093765,2010-06-05,TMIN,244
USR0000NNWB,2006-07-16,TMIN,233
USC00316096,2013-09-17,TMAX,250
USW00093743,2008-03-06,TMAX,189
USR0000NCRN,2014-04-15,TMAX,217
USW00013754,2005-09-11,TMIN,222
USW00013754,2005-09-11,TMAX,278
USC00314144,2005-07-10,TMAX,322
USR0000NCRN,2011-10-01,TMIN,94
USR0000NCRN,2012-12-13,TMIN,78
USC00315830,2013-04-26,TMAX,200
USR0000NCRN,2014-04-15,TMIN,78
USC00315830,2013-04-26,TMIN,94
USC00314689,2006-09-02,TMIN,167
USC00315830,2007-03-18,TMIN,0
USC00314144,2006-03-30,TMAX,228
USC00310576,2010-12-04,TMAX,106
USC00314684,2010-10-25,TMAX,256
USC00314684,2010-10-25,TMIN,67
USC00316096,2012-11-18,TMIN,117
USR0000NCRN,2008-02-29,TMIN,-33
USC00314144,2006-03-30,TMIN,11
USC00316096,2013-09-17,TMIN,172
USR0000NCRN,2012-12-13,TMAX,111
USC00316676,2005-11-05,TMAX,239
USW00013754,2005-11-13,TMIN,61
USW00093765,2010-07-14,TMIN,233
USW00093765,2010-07-14,TMAX,289
USW00093765,2010-05-22,TMAX,267
USW00093765,2010-05-22,TMIN,161
USW00093719,2015-02-13,TMAX,33
USW00013754,2005-11-13,TMAX,228
USR0000NHOF,2005-08-05,TMIN,178
USC00316676,2005-11-05,TMIN,56
USC00314684,2011-06-01,TMAX,372
USW00093719,2010-10-10,TMAX,289
USW00093719,2010-10-10,TMIN,94
USR0000NCRN,2011-10-01,TMAX,194
USW00013754,2005-05-12,TMIN,167
USW00093743,2008-03-06,TMIN,56
USC00314144,2005-07-10,TMIN,189
USC00316096,2012-11-18,TMAX,144
USR0000NHOF,2005-08-05,TMAX,306
USW00013754,2005-05-12,TMAX,317
USR0000NNWB,2007-12-26,TMAX,83
USC00314144,2010-03-21,TMAX,217
USC00314684,2012-02-27,TMAX,111
USC00314144,2009-10-27,TMIN,144
USC00316096,2012-08-25,TMIN,200
USC00316096,2012-08-25,TMAX,261
USW00093765,2005-07-22,TMAX,306
USC00314684,2007-06-16,TMAX,250
USC00316676,2012-06-12,TMAX,283
USC00316676,2012-06-12,TMIN,200
USR0000NNWB,2012-10-26,TMAX,250
USC00310576,2014-01-25,TMIN,-67
USW00093719,2008-08-31,TMIN,211
USC00310356,2014-10-04,TMAX,256
USC00310356,2014-10-04,TMIN,200
USC00310576,2009-06-05,TMAX,306
USC00316676,2009-08-03,TMIN,228
USC00310576,2011-03-27,TMIN,67
USC00314144,2009-10-27,TMAX,178
USR0000NNWB,2012-10-26,TMIN,161
USC00316676,2011-11-07,TMAX,189
USC00310576,2009-06-05,TMIN,217
USC00316676,2011-11-07,TMIN,78
USW00013754,2014-02-12,TMAX,106
USC00317170,2007-09-22,TMIN,217
USC00310356,2006-08-23,TMIN,206
USC00317170,2013-10-05,TMAX,333
USC00310576,2012-01-12,TMAX,167
USC00317170,2013-10-05,TMIN,172
USC00315830,2012-10-08,TMAX,272
USR0000NHOF,2011-08-18,TMIN,178
USC00314684,2005-05-24,TMIN,128
USC00310576,2012-01-12,TMIN,89
USW00013754,2014-02-12,TMIN,-16
USW00013754,2015-05-29,TMAX,300
USR0000NHOF,2008-03-06,TMIN,22
USC00310356,2015-01-12,TMAX,150
USR0000NHOF,2008-03-06,TMAX,211
USW00093765,2005-07-22,TMIN,250
USR0000NCRN,2006-05-18,TMAX,244
USR0000NCRN,2006-05-18,TMIN,144
USC00315830,2009-07-25,TMAX,300
USC00315830,2009-07-25,TMIN,222
USW00013754,2015-05-29,TMIN,156
USC00314684,2012-02-27,TMIN,-11
USR0000NCRN,2011-06-03,TMIN,178
USW00093719,2008-08-31,TMAX,317
USR0000NNWB,2015-05-29,TMAX,306
USC00310576,2011-03-27,TMAX,144
USR0000NNWB,2015-05-29,TMIN,161
USR0000NCRN,2012-01-31,TMAX,172
USC00314684,2008-01-09,TMAX,244
USR0000NNWB,2009-06-26,TMAX,344
USR0000NNWB,2009-06-26,TMIN,217
USC00314144,2010-03-21,TMIN,39
USC00310356,2013-08-17,TMIN,206
USC00314689,2011-10-12,TMIN,178
USC00316096,2009-12-13,TMIN,78
USC00316096,2009-12-13,TMAX,189
USC00314144,2010-04-29,TMAX,222
USC00314144,2010-04-29,TMIN,-11
USC00314684,2008-01-09,TMIN,89
USR0000NCRN,2012-01-31,TMIN,0
USC00316676,2012-04-22,TMIN,150
USC00316676,2012-04-22,TMAX,222
USC00314689,2011-10-12,TMAX,272
USW00093743,2011-05-22,TMIN,161
USC00314689,2015-07-28,TMAX,322
USC00310356,2013-08-17,TMAX,239
USC00316676,2009-08-03,TMAX,306
USC00314689,2015-07-28,TMIN,206
USC00315830,2005-06-03,TMIN,211
USC00315830,2005-06-03,TMAX,267
USC00314689,2005-12-14,TMAX,44
USR0000NHOF,2014-10-04,TMAX,283
USR0000NHOF,2014-10-04,TMIN,72
USR0000NNWB,2013-01-21,TMAX,183
USC00314689,2005-12-14,TMIN,-44
USC00314684,2007-06-16,TMIN,150
USC00314684,2005-10-16,TMAX,256
USR0000NNWB,2013-01-21,TMIN,0
USC00314684,2005-10-16,TMIN,89
USC00310576,2010-11-08,TMAX,139
USC00314684,2011-03-11,TMAX,194
USW00093743,2011-05-22,TMAX,272
USC00310576,2010-11-08,TMIN,22
USR0000NNWB,2015-04-03,TMAX,272
USC00314684,2011-03-11,TMIN,44
USR0000NCRN,2008-09-16,TMAX,289
USR0000NHOF,2015-01-12,TMAX,178
USW00093719,2014-02-12,TMAX,106
USW00013754,2015-07-01,TMIN,233
USC00310576,2013-07-09,TMAX,311
USW00013754,2008-08-22,TMAX,294
USC00314684,2008-09-03,TMAX,300
USC00310356,2005-12-06,TMAX,144
USC00314684,2008-09-03,TMIN,144
USC00314684,2008-10-23,TMIN,11
USC00314684,2006-09-02,TMAX,217
USW00013754,2013-10-05,TMAX,300
USW00013754,2008-08-22,TMIN,222
USW00013754,2013-10-05,TMIN,167
USC00317170,2015-02-13,TMIN,-44
USC00317170,2015-02-13,TMAX,44
USW00093719,2011-02-20,TMIN,33
USW00093719,2011-02-20,TMAX,156
USW00093719,2015-07-16,TMAX,311
USW00093719,2015-07-16,TMIN,233
USW00093765,2012-06-02,TMIN,200
USC00317170,2011-01-10,TMAX,44
USC00314684,2006-09-02,TMIN,161
USC00317170,2011-01-10,TMIN,0
USW00093719,2009-02-06,TMIN,-94
USC00316676,2007-07-17,TMAX,311
USC00317170,2013-02-25,TMIN,17
USW00093719,2012-12-02,TMIN,22
USW00093719,2005-02-05,TMIN,28
USW00093719,2009-02-06,TMAX,106
USR0000NCRN,2013-04-26,TMAX,211
USW00093719,2005-02-05,TMAX,139
USC00314684,2008-10-23,TMAX,161
USR0000NCRN,2013-04-26,TMIN,39
USC00310576,2013-07-09,TMIN,217
USC00314144,2007-02-15,TMIN,-61
USW00093765,2005-02-21,TMAX,156
USW00013754,2015-10-16,TMIN,83
USW00013754,2015-10-16,TMAX,267
USR0000NCRN,2014-09-06,TMIN,233
USC00314689,2015-10-01,TMIN,178
USC00314689,2013-02-10,TMIN,-28
USC00314689,2013-02-10,TMAX,122
USR0000NCRN,2014-09-06,TMAX,300
USC00316676,2007-07-17,TMIN,228
USR0000NCRN,2012-04-23,TMAX,144
USW00093765,2012-06-02,TMAX,272
USC00310576,2005-10-28,TMAX,128
USC00314684,2010-04-05,TMAX,283
USC00316676,2008-08-17,TMIN,211
USR0000NCRN,2008-01-04,TMIN,-83
USR0000NCRN,2008-01-04,TMAX,83
USC00310356,2006-03-30,TMIN,-28
USC00315830,2005-06-14,TMIN,256
USC00310356,2006-03-30,TMAX,172
USC00314689,2006-01-17,TMAX,200
USW00093719,2007-10-12,TMAX,233
USC00317170,2010-02-22,TMIN,44
USW00093765,2005-09-26,TMAX,283
USC00314689,2006-01-17,TMIN,83
USW00093765,2005-09-26,TMIN,233
USW00093765,2010-11-26,TMIN,156
USW00093765,2010-11-26,TMAX,211
USR0000NCRN,2008-08-09,TMAX,294
USR0000NCRN,2008-08-09,TMIN,200
USR0000NHOF,2006-12-11,TMIN,-56
USC00317170,2010-02-22,TMAX,200
USC00317170,2007-05-06,TMIN,144
USC00315830,2006-01-05,TMAX,150
USR0000NHOF,2006-03-30,TMIN,-17
USC00310576,2014-04-15,TMIN,117
USC00310576,2014-04-15,TMAX,256
USC00314144,2011-05-12,TMIN,117
USC00314144,2011-05-12,TMAX,228
USC00317170,2007-05-06,TMAX,233
USC00314144,2006-08-09,TMAX,306
USC00314144,2006-08-09,TMIN,222
USC00315830,2007-11-24,TMAX,122
USR0000NHOF,2006-03-30,TMAX,211
USC00316096,2013-02-10,TMIN,-33
USC00314684,2009-07-13,TMIN,217
USC00314684,2009-07-13,TMAX,333
USC00315830,2006-01-05,TMIN,61
USC00310576,2005-10-28,TMIN,67
USC00317170,2011-02-27,TMAX,272
USC00314684,2010-04-05,TMIN,133
USR0000NNWB,2010-10-10,TMAX,300
USR0000NNWB,2010-10-10,TMIN,117
USC00316096,2013-02-10,TMAX,133
USR0000NCRN,2012-04-23,TMIN,56
USW00093765,2005-02-21,TMIN,94
USC00314689,2015-10-01,TMAX,289
USC00316676,2009-10-09,TMAX,222
USC00310356,2008-10-11,TMIN,167
USR0000NCRN,2012-01-18,TMIN,33
USW00093719,2006-03-01,TMIN,78
USR0000NCRN,2012-01-18,TMAX,150
USW00093719,2006-03-01,TMAX,244
USW00013754,2012-10-08,TMIN,133
USW00013754,2012-10-08,TMAX,206
USC00316676,2009-10-09,TMIN,117
USW00093719,2012-12-02,TMAX,200
USR0000NHOF,2008-06-07,TMAX,350
USC00310356,2014-12-19,TMIN,44
USR0000NHOF,2008-06-07,TMIN,211
USC00310576,2015-03-29,TMIN,0
USC00316676,2008-01-15,TMIN,-39
USC00310576,2015-03-29,TMAX,106
USC00316676,2006-05-17,TMAX,217
USC00316676,2006-05-17,TMIN,94
USC00310576,2010-12-07,TMAX,67
USC00310356,2014-12-19,TMAX,128
USR0000NHOF,2005-12-06,TMIN,-61
USC00317170,2014-02-12,TMIN,-39
USW00013754,2011-02-14,TMIN,56
USC00316096,2011-01-09,TMAX,28
USR0000NNWB,2015-10-16,TMIN,94
USW00013754,2011-03-18,TMAX,272
USR0000NNWB,2015-10-16,TMAX,272
USW00013754,2011-02-14,TMAX,194
USC00316096,2015-10-01,TMAX,239
USC00316096,2015-10-01,TMIN,189
USC00317170,2014-02-12,TMAX,11
USW00013754,2011-03-18,TMIN,67
USC00310356,2008-06-15,TMIN,222
USR0000NNWB,2011-09-27,TMAX,300
USC00310576,2015-12-10,TMIN,28
USC00310576,2015-12-10,TMAX,189
USR0000NCRN,2008-09-26,TMIN,217
USR0000NCRN,2008-09-26,TMAX,272
USC00310356,2008-06-15,TMAX,294
USW00093719,2010-12-03,TMAX,89
USR0000NNWB,2011-09-27,TMIN,222
USC00314144,2008-09-16,TMAX,261
USC00314144,2008-09-16,TMIN,200
USC00314684,2007-04-23,TMAX,278
USW00093719,2007-10-12,TMIN,83
USW00013754,2009-05-05,TMIN,172
USC00315830,2008-05-28,TMIN,172
USC00315830,2008-05-28,TMAX,261
USW00093765,2009-11-26,TMIN,106
USC00315830,2013-11-26,TMAX,178
USC00315830,2013-11-26,TMIN,61
USW00013754,2009-05-05,TMAX,244
USC00314144,2008-04-20,TMAX,244
USW00013754,2009-12-21,TMAX,83
USC00315830,2015-05-29,TMAX,261
USC00315830,2015-05-29,TMIN,172
USC00310576,2010-12-07,TMIN,-11
USC00315830,2007-11-24,TMIN,33
USC00317170,2013-02-25,TMAX,78
USW00093765,2014-02-12,TMIN,-5
USW00093765,2014-02-12,TMAX,150
USC00310356,2005-12-06,TMIN,-17
USW00013754,2009-12-21,TMIN,-21
USC00314144,2008-04-20,TMIN,122
USW00093765,2006-07-31,TMAX,333
USC00314684,2010-03-27,TMIN,11
USC00314684,2007-04-23,TMIN,83
USC00314684,2012-06-26,TMIN,178
USC00316676,2014-10-03,TMAX,261
USC00316676,2014-10-03,TMIN,156
USW00013754,2007-12-26,TMAX,100
USC00314684,2012-06-26,TMAX,317
USW00013754,2007-12-26,TMIN,44
USR0000NNWB,2015-11-26,TMIN,106
USR0000NNWB,2015-11-26,TMAX,222
USC00316676,2008-01-15,TMAX,133
USC00317170,2014-12-11,TMAX,83
USC00315830,2012-01-05,TMAX,139
USC00315830,2012-01-05,TMIN,-22
USC00317170,2014-12-11,TMIN,-11
USW00093765,2009-11-26,TMAX,194
USC00315830,2007-10-26,TMAX,244
USC00314684,2010-03-27,TMAX,211
USC00315830,2007-10-26,TMIN,217
USW00093765,2006-07-31,TMIN,233
USC00310576,2009-08-09,TMAX,311
USC00310576,2005-06-11,TMIN,167
USC00317170,2011-04-21,TMIN,144
USC00310576,2009-08-09,TMIN,194
USC00314144,2005-04-06,TMIN,78
USC00314144,2005-04-06,TMAX,283
USC00310356,2006-12-11,TMAX,111
USW00093765,2011-04-07,TMIN,139
USW00093765,2011-04-07,TMAX,217
USC00315830,2015-05-12,TMIN,200
USC00315830,2015-05-12,TMAX,244
USW00093765,2008-01-15,TMIN,-16
USC00316096,2010-03-27,TMIN,44
USW00093719,2008-03-09,TMAX,117
USC00310356,2014-05-21,TMAX,244
USR0000NNWB,2010-08-06,TMAX,328
USR0000NNWB,2010-08-06,TMIN,250
USR0000NCRN,2006-08-09,TMAX,289
USR0000NCRN,2006-08-09,TMIN,217
USC00310356,2014-05-21,TMIN,144
USR0000NCRN,2009-11-10,TMAX,239
USW00093765,2007-05-06,TMIN,106
USW00093719,2008-03-09,TMIN,0
USC00316096,2011-01-14,TMIN,-83
USC00317170,2007-10-04,TMAX,294
USC00310356,2014-11-14,TMIN,50
USW00093765,2010-06-18,TMAX,317
USW00093765,2010-06-18,TMIN,233
USC00310356,2013-07-09,TMAX,294
USW00093719,2009-08-30,TMAX,322
USC00315830,2013-03-24,TMIN,28
USW00093719,2015-08-24,TMAX,317
USC00310356,2006-12-11,TMIN,-33
USR0000NCRN,2014-03-07,TMAX,111
USC00310356,2014-11-14,TMAX,239
USR0000NHOF,2014-11-14,TMIN,-28
USR0000NHOF,2014-11-14,TMAX,72
USW00093719,2015-08-24,TMIN,194
USW00093765,2008-01-15,TMAX,89
USC00317170,2007-10-04,TMIN,217
USR0000NCRN,2014-03-07,TMIN,44
USC00316096,2010-03-27,TMAX,133
USW00093765,2015-02-13,TMIN,-55
USW00093765,2015-02-13,TMAX,28
USC00315830,2013-03-24,TMAX,144
USC00310356,2013-07-09,TMIN,239
USW00093765,2007-05-06,TMAX,206
USR0000NNWB,2006-03-01,TMIN,89
USC00317170,2012-07-05,TMIN,244
USC00317170,2012-07-05,TMAX,383
USC00314684,2009-08-24,TMAX,294
USC00314684,2009-08-24,TMIN,189
USR0000NCRN,2013-07-09,TMIN,250
USR0000NCRN,2013-07-09,TMAX,294
USC00315830,2010-01-21,TMAX,144
USC00315830,2010-01-21,TMIN,50
USW00093765,2007-11-28,TMAX,156
USW00013754,2013-01-21,TMAX,178
USC00310576,2015-09-23,TMAX,283
USW00093719,2014-02-12,TMIN,-16
USC00316096,2013-10-29,TMIN,83
USW00093765,2008-11-03,TMIN,139
USW00093765,2008-11-03,TMAX,178
USW00093765,2009-02-25,TMIN,-43
USR0000NHOF,2015-01-12,TMIN,67
USC00316096,2011-01-14,TMAX,61
USW00013754,2013-01-21,TMIN,17
USR0000NNWB,2015-07-01,TMIN,222
USR0000NHOF,2014-05-21,TMIN,161
USC00310576,2015-09-23,TMIN,211
USR0000NNWB,2006-03-01,TMAX,256
USR0000NNWB,2015-07-01,TMAX,311
USC00310576,2012-12-29,TMIN,11
USC00310576,2012-12-29,TMAX,89
USC00314684,2012-11-18,TMAX,133
USC00314684,2012-11-18,TMIN,50
USR0000NNWB,2009-12-21,TMAX,94
USC00316096,2010-08-25,TMIN,200
USW00093765,2007-11-28,TMIN,56
USR0000NNWB,2009-12-21,TMIN,-39
USW00093743,2014-05-21,TMIN,194
USC00316096,2010-08-25,TMAX,283
USR0000NNWB,2010-11-04,TMIN,106
USR0000NNWB,2010-11-04,TMAX,194
USR0000NHOF,2009-03-17,TMIN,17
USR0000NHOF,2014-05-21,TMAX,328
USW00093765,2009-02-25,TMAX,106
USR0000NHOF,2009-03-17,TMAX,122
USW00093743,2014-05-21,TMAX,250
USW00093743,2013-07-09,TMAX,294
USC00310576,2007-01-28,TMIN,72
USC00310576,2007-01-28,TMAX,183
USW00013754,2015-11-26,TMAX,211
USR0000NHOF,2013-04-26,TMAX,128
USC00310576,2014-07-15,TMIN,228
USR0000NHOF,2013-04-26,TMIN,28
USC00316676,2008-08-17,TMAX,289
USC00317170,2015-11-15,TMAX,172
USC00317170,2015-11-15,TMIN,0
USW00013754,2010-08-06,TMAX,322
USC00316096,2015-01-27,TMIN,-28
USW00013754,2010-08-06,TMIN,239
USC00310356,2009-06-04,TMIN,239
USW00093765,2015-08-04,TMAX,294
USW00013754,2011-09-27,TMIN,200
USC00310356,2009-06-04,TMAX,278
USW00093765,2005-04-14,TMAX,133
USW00093765,2005-04-14,TMIN,83
USW00013754,2011-09-27,TMAX,278
USC00314689,2011-08-01,TMIN,217
USC00315830,2005-06-14,TMAX,294
USC00315830,2005-10-09,TMIN,222
USC00316096,2015-01-27,TMAX,72
USW00093743,2013-04-26,TMIN,67
USR0000NHOF,2006-12-11,TMAX,178
USC00316676,2012-02-18,TMAX,178
USC00315830,2008-07-21,TMAX,333
USC00317170,2011-04-21,TMAX,283
USC00316676,2012-02-18,TMIN,50
USC00315830,2005-06-06,TMAX,283
USC00315830,2005-06-06,TMIN,222
USW00093719,2010-05-22,TMAX,283
USW00013754,2015-11-26,TMIN,111
USW00093719,2015-07-01,TMIN,222
USW00093719,2010-05-22,TMIN,133
USC00310576,2014-07-15,TMAX,339
USC00315830,2005-01-13,TMAX,222
USC00317170,2011-02-27,TMIN,61
USC00315830,2005-01-13,TMIN,122
USC00310356,2013-04-26,TMAX,194
USC00310356,2013-04-26,TMIN,100
USW00093743,2013-04-26,TMAX,211
USW00093719,2015-07-01,TMAX,311
USR0000NCRN,2005-07-10,TMIN,211
USR0000NCRN,2009-02-04,TMIN,-17
USC00314684,2013-02-10,TMIN,-44
USW00093719,2006-04-26,TMAX,233
USW00093765,2011-04-26,TMAX,261
USC00315830,2012-01-25,TMIN,117
USW00093765,2008-12-17,TMIN,100
USW00093765,2011-04-26,TMIN,206
USW00093765,2008-12-17,TMAX,172
USC00310576,2011-06-29,TMIN,222
USC00310576,2011-06-29,TMAX,339
USW00093719,2006-04-26,TMIN,133
USR0000NCRN,2009-02-04,TMAX,44
USC00314689,2011-08-01,TMAX,306
USC00315830,2011-10-27,TMIN,83
USR0000NCRN,2009-11-10,TMIN,239
USC00315830,2011-10-27,TMAX,244
USC00315830,2006-11-07,TMIN,117
USC00315830,2006-11-07,TMAX,217
USW00093719,2009-08-30,TMIN,228
USW00093743,2013-07-09,TMIN,239
USC00315830,2012-01-25,TMAX,189
USR0000NNWB,2007-10-22,TMIN,156
USC00314684,2005-12-14,TMIN,-56
USC00314684,2005-12-14,TMAX,56
USR0000NCRN,2005-07-10,TMAX,328
USC00314684,2013-02-10,TMAX,117
USC00314689,2013-10-29,TMIN,94
USC00314689,2013-10-29,TMAX,233
USR0000NNWB,2006-12-20,TMAX,128
USR0000NNWB,2006-12-20,TMIN,6
USW00093765,2010-02-22,TMIN,50
USW00093765,2010-02-22,TMAX,189
USC00315830,2005-10-09,TMAX,294
USW00093765,2005-09-11,TMIN,228
USW00093765,2005-09-11,TMAX,267
USR0000NNWB,2007-10-22,TMAX,272
USW00093765,2015-08-04,TMIN,261
USW00093765,2009-06-08,TMIN,200
USW00093719,2013-10-05,TMAX,317
USW00093719,2013-10-05,TMIN,172
USW00093765,2009-06-08,TMAX,272
USC00314684,2012-08-09,TMIN,217
USC00314684,2012-08-09,TMAX,294
USC00315830,2008-07-21,TMIN,244
USR0000NHOF,2005-11-01,TMIN,22
USR0000NHOF,2005-11-01,TMAX,239
USC00314144,2009-08-21,TMIN,222
USR0000NHOF,2012-01-31,TMIN,-22
USR0000NCRN,2007-10-11,TMAX,250
USR0000NHOF,2013-03-24,TMAX,94
USR0000NCRN,2007-10-11,TMIN,100
USC00314684,2009-01-14,TMIN,-22
USW00093765,2013-07-08,TMIN,256
USW00093765,2013-07-08,TMAX,294
USC00314689,2008-03-01,TMIN,72
USC00314684,2009-01-14,TMAX,56
USC00314689,2008-03-01,TMAX,183
USR0000NHOF,2015-12-10,TMAX,228
USC00314684,2014-01-14,TMIN,6
USC00314684,2014-01-14,TMAX,172
USW00093765,2012-10-26,TMAX,244
USW00093765,2012-10-26,TMIN,161
USR0000NHOF,2011-12-29,TMAX,139
USR0000NCRN,2006-12-11,TMIN,-17
USW00093743,2013-03-24,TMIN,50
USR0000NHOF,2015-12-10,TMIN,78
USW00093743,2013-03-24,TMAX,139
USR0000NHOF,2013-03-24,TMIN,11
USC00314684,2010-05-22,TMIN,133
USC00315830,2014-10-04,TMAX,256
USC00315830,2014-10-04,TMIN,200
USC00310576,2011-09-13,TMAX,311
USC00310576,2011-09-13,TMIN,167
USR0000NNWB,2008-06-25,TMIN,200
USR0000NHOF,2011-12-29,TMIN,-44
USW00013754,2009-07-13,TMIN,206
USW00013754,2009-07-13,TMAX,250
USR0000NHOF,2012-01-31,TMAX,189
USC00310576,2008-06-07,TMAX,344
USC00317170,2015-05-29,TMAX,306
USC00317170,2015-05-29,TMIN,139
USR0000NNWB,2008-06-25,TMAX,344
USC00314684,2010-05-22,TMAX,272
USC00316676,2008-04-30,TMIN,67
USC00316676,2008-04-30,TMAX,189
USC00314689,2007-12-17,TMAX,117
USC00314689,2007-12-17,TMIN,-11
USC00310576,2008-06-07,TMIN,239
USC00315830,2014-02-12,TMAX,22
USW00093719,2006-06-27,TMIN,233
USC00314684,2008-10-20,TMAX,172
USR0000NNWB,2012-06-02,TMIN,161
USC00314684,2012-07-12,TMIN,211
USC00316676,2015-11-19,TMIN,128
USC00315830,2005-06-25,TMIN,211
USC00315830,2005-06-25,TMAX,294
USW00093765,2015-08-24,TMIN,200
USC00314689,2007-07-11,TMIN,222
USR0000NNWB,2005-02-21,TMIN,83
USC00314684,2012-07-12,TMAX,283
USR0000NNWB,2005-02-21,TMAX,178
USR0000NNWB,2012-06-02,TMAX,283
USC00314689,2007-07-11,TMAX,344
USR0000NNWB,2012-08-15,TMAX,328
USR0000NNWB,2012-08-15,TMIN,222
USC00314689,2015-11-02,TMAX,217
USC00315830,2008-08-27,TMIN,239
USC00314684,2012-04-22,TMIN,156
USC00314684,2012-04-22,TMAX,289
USC00315830,2008-08-27,TMAX,311
USW00093719,2006-06-27,TMAX,267
USC00310576,2007-02-19,TMIN,-11
USW00093743,2007-06-28,TMIN,244
USC00315830,2011-06-17,TMAX,294
USC00315830,2011-06-17,TMIN,217
USR0000NCRN,2006-12-11,TMAX,178
USW00013754,2012-09-07,TMAX,294
USW00013754,2012-09-07,TMIN,217
USC00310356,2013-03-24,TMIN,-11
USC00310356,2013-03-24,TMAX,122
USR0000NNWB,2013-01-08,TMAX,172
USW00093743,2009-03-09,TMAX,294
USC00316676,2015-11-19,TMAX,256
USC00310576,2007-02-19,TMAX,106
USR0000NCRN,2015-12-21,TMAX,206
USR0000NCRN,2015-12-21,TMIN,61
USC00314684,2008-10-20,TMIN,6
USC00314689,2007-06-16,TMAX,272
USC00314689,2007-06-16,TMIN,161
USC00314144,2007-10-10,TMAX,278
USW00093765,2015-08-24,TMAX,289
USR0000NNWB,2013-01-08,TMIN,6
USC00315830,2014-02-12,TMIN,-22
USW00093743,2012-01-31,TMIN,6
USC00310576,2012-12-07,TMAX,128
USC00314144,2009-05-20,TMIN,94
USC00317170,2010-08-06,TMAX,344
USC00317170,2010-08-06,TMIN,244
USW00013754,2011-02-20,TMAX,150
USC00310356,2009-01-10,TMIN,11
USC00310356,2009-01-10,TMAX,122
USC00315830,2014-08-14,TMAX,300
USC00315830,2014-08-14,TMIN,189
USW00093719,2009-06-26,TMIN,217
USC00310356,2011-04-04,TMAX,172
USW00093765,2015-05-29,TMAX,278
USW00093765,2015-05-29,TMIN,167
USC00310576,2008-11-21,TMIN,33
USC00310576,2008-11-21,TMAX,144
USR0000NNWB,2009-07-13,TMIN,217
USR0000NNWB,2009-07-13,TMAX,272
USW00093743,2012-12-29,TMIN,61
USW00093743,2012-12-29,TMAX,117
USC00316096,2014-12-11,TMIN,-33
USC00310356,2011-04-04,TMIN,72
USC00314144,2009-05-20,TMAX,239
USC00316096,2014-12-11,TMAX,89
USR0000NCRN,2014-05-01,TMAX,239
USC00314144,2007-10-25,TMIN,200
USC00310356,2011-12-10,TMAX,200
USC00314144,2007-10-25,TMAX,267
USW00013754,2011-02-20,TMIN,61
USC00310356,2011-12-10,TMIN,94
USW00013754,2012-08-15,TMAX,317
USR0000NCRN,2014-05-01,TMIN,206
USC00316676,2007-10-16,TMAX,250
USW00013754,2013-02-10,TMAX,128
USC00317170,2007-12-10,TMAX,267
USC00310356,2005-01-21,TMIN,0
USW00013754,2012-08-15,TMIN,211
USR0000NHOF,2008-10-11,TMAX,217
USR0000NHOF,2008-10-11,TMIN,178
USC00310576,2008-05-28,TMIN,167
USC00310576,2008-05-28,TMAX,289
USW00093719,2009-06-26,TMAX,333
USR0000NCRN,2007-09-16,TMIN,144
USC00310356,2012-12-29,TMIN,11
USC00310356,2012-12-29,TMAX,94
USC00310356,2012-01-31,TMAX,150
USC00316096,2012-04-22,TMAX,211
USC00317170,2013-07-08,TMIN,222
USW00093719,2010-01-21,TMAX,111
USC00310576,2012-12-07,TMIN,78
USW00093719,2010-01-21,TMIN,44
USW00093719,2013-04-26,TMAX,222
USW00093719,2013-04-26,TMIN,56
USC00317170,2013-07-08,TMAX,322
USC00316096,2012-04-22,TMIN,117
USR0000NHOF,2007-08-14,TMIN,178
USC00316676,2007-10-16,TMIN,94
USW00013754,2009-09-23,TMAX,294
USW00013754,2009-09-23,TMIN,206
USC00314144,2006-04-09,TMAX,178
USC00314684,2015-08-04,TMAX,317
USC00314684,2015-08-04,TMIN,222
USC00314144,2006-04-09,TMIN,44
USW00093743,2012-01-31,TMAX,167
USR0000NHOF,2007-08-14,TMAX,328
USW00093765,2008-01-20,TMIN,-38
USR0000NCRN,2007-01-04,TMIN,78
USR0000NCRN,2007-01-04,TMAX,217
USC00310576,2006-05-18,TMAX,272
USC00310576,2006-05-18,TMIN,144
USC00310356,2012-01-31,TMIN,56
USW00013754,2006-12-04,TMAX,111
USC00314689,2012-04-22,TMIN,156
USW00013754,2006-12-04,TMIN,-5
USC00314689,2012-04-22,TMAX,283
USR0000NHOF,2009-06-15,TMIN,172
USR0000NHOF,2009-06-15,TMAX,289
USR0000NHOF,2009-03-09,TMAX,289
USC00316676,2015-10-01,TMAX,289
USR0000NHOF,2011-12-10,TMAX,111
USC00310356,2009-06-06,TMAX,261
USC00310356,2009-06-06,TMIN,200
USR0000NHOF,2011-12-10,TMIN,-6
USW00093765,2008-01-20,TMAX,39
USC00314689,2005-09-26,TMAX,294
USC00316676,2015-10-01,TMIN,217
USC00314689,2005-09-26,TMIN,183
USC00317170,2012-06-26,TMIN,172
USC00315830,2010-09-15,TMIN,200
USC00310576,2014-08-01,TMIN,178
USC00310576,2014-08-01,TMAX,294
USW00093765,2015-04-28,TMAX,206
USC00315830,2005-09-11,TMIN,222
USC00315830,2005-09-11,TMAX,267
USC00314144,2010-05-04,TMAX,250
USC00314684,2015-07-16,TMAX,322
USR0000NNWB,2009-08-30,TMAX,322
USC00314684,2015-07-16,TMIN,222
USR0000NHOF,2011-07-26,TMIN,233
USW00093743,2009-06-01,TMIN,189
USW00093743,2009-06-01,TMAX,278
USC00310356,2005-03-15,TMAX,78
USW00093765,2006-07-16,TMAX,317
USW00093765,2006-07-16,TMIN,228
USW00093743,2011-12-29,TMIN,-16
USW00093765,2013-11-26,TMAX,217
USW00093765,2013-11-26,TMIN,39
USW00093743,2013-11-14,TMIN,-32
USC00315830,2013-08-17,TMAX,267
USC00310356,2005-03-15,TMIN,28
USC00310356,2009-06-15,TMIN,222
USC00314144,2010-05-04,TMIN,183
USR0000NCRN,2006-12-02,TMAX,183
USW00093765,2012-08-09,TMAX,306
USC00310356,2006-01-05,TMIN,-6
USR0000NNWB,2009-04-22,TMAX,189
USC00310356,2006-01-05,TMAX,117
USW00093743,2012-10-08,TMIN,133
USW00093743,2012-10-08,TMAX,211
USR0000NNWB,2009-04-22,TMIN,67
USC00314144,2005-12-06,TMIN,17
USC00310576,2014-05-21,TMIN,89
USC00314144,2005-12-06,TMAX,128
USC00310576,2014-05-21,TMAX,261
USC00316676,2006-01-17,TMAX,167
USC00316676,2006-01-17,TMIN,-11
USC00314689,2011-01-27,TMAX,139
USC00310356,2012-10-08,TMIN,144
USC00310356,2012-10-08,TMAX,272
USC00314684,2007-02-28,TMAX,194
USR0000NNWB,2009-08-30,TMIN,233
USC00314689,2011-01-27,TMIN,-6
USW00093765,2012-08-09,TMIN,228
USW00093765,2015-04-28,TMIN,94
USW00093765,2010-12-19,TMAX,67
USC00316676,2007-07-06,TMAX,306
USW00013754,2013-07-08,TMIN,222
USC00314684,2010-11-14,TMIN,-17
USC00314684,2010-11-14,TMAX,183
USW00013754,2013-07-08,TMAX,306
USC00316676,2007-07-06,TMIN,211
USC00310356,2013-11-14,TMAX,194
USW00093765,2010-01-21,TMAX,133
USR0000NCRN,2015-10-30,TMIN,117
USW00093765,2010-01-21,TMIN,61
USC00310356,2007-08-14,TMAX,294
USC00314684,2010-09-25,TMAX,322
USR0000NHOF,2007-08-06,TMAX,317
USC00317170,2013-10-29,TMIN,111
USC00317170,2015-08-24,TMAX,328
USC00317170,2015-08-24,TMIN,178
USR0000NHOF,2014-06-25,TMIN,217
USR0000NCRN,2011-06-29,TMIN,211
USC00310356,2007-08-14,TMIN,228
USC00315830,2013-08-17,TMIN,206
USC00310356,2013-11-14,TMIN,11
USC00316676,2013-12-15,TMAX,189
USR0000NNWB,2006-06-27,TMIN,233
USR0000NNWB,2006-06-27,TMAX,256
USW00093743,2011-12-29,TMAX,128
USC00316676,2012-08-01,TMAX,300
USR0000NHOF,2011-07-26,TMAX,278
USC00316676,2012-08-01,TMIN,217
USC00310356,2009-06-15,TMAX,328
USW00093765,2010-12-19,TMIN,0
USR0000NHOF,2009-04-06,TMAX,244
USW00093743,2013-11-14,TMAX,144
USC00315830,2006-04-26,TMIN,156
USC00315830,2006-04-26,TMAX,244
USC00315830,2010-08-30,TMAX,328
USR0000NCRN,2013-03-24,TMIN,28
USR0000NHOF,2009-04-06,TMIN,100
USR0000NCRN,2015-10-30,TMAX,228
USC00316676,2013-12-15,TMIN,67
USR0000NCRN,2013-03-24,TMAX,128
USC00315830,2010-08-30,TMIN,183
USC00316676,2006-09-25,TMAX,311
USC00314684,2005-05-02,TMAX,200
USC00314684,2005-05-02,TMIN,72
USW00093719,2008-12-04,TMIN,-33
USR0000NHOF,2011-01-24,TMIN,-28
USC00317170,2012-06-26,TMAX,250
USC00310356,2009-03-09,TMIN,117
USC00310356,2009-03-09,TMAX,161
USC00316676,2007-05-21,TMIN,128
USR0000NCRN,2006-12-02,TMIN,67
USW00093765,2008-05-09,TMAX,256
USW00093719,2008-12-04,TMAX,167
USW00093765,2008-05-09,TMIN,211
USC00310576,2008-09-09,TMAX,306
USC00310576,2011-02-04,TMIN,33
USC00310576,2011-02-04,TMAX,94
USW00093743,2007-06-28,TMAX,300
USR0000NNWB,2009-09-23,TMAX,300
USR0000NNWB,2009-09-23,TMIN,217
USR0000NNWB,2007-05-06,TMIN,94
USR0000NNWB,2007-05-06,TMAX,183
USC00310576,2008-09-09,TMIN,200
USC00310576,2008-11-13,TMAX,189
USW00093743,2009-06-15,TMAX,283
USR0000NNWB,2006-07-31,TMAX,350
USW00093765,2013-04-26,TMAX,200
USC00310576,2015-05-12,TMIN,206
USW00093765,2013-04-26,TMIN,94
USW00093719,2005-08-20,TMIN,250
USR0000NNWB,2012-09-07,TMAX,317
USR0000NNWB,2012-09-07,TMIN,217
USW00093743,2009-06-15,TMIN,211
USC00310576,2015-05-12,TMAX,272
USC00316676,2007-05-21,TMAX,267
USC00310356,2015-12-10,TMIN,128
USC00310356,2015-12-10,TMAX,200
USR0000NNWB,2006-07-31,TMIN,233
USW00093743,2009-06-06,TMAX,228
USC00310576,2005-01-07,TMIN,117
USC00310576,2005-01-07,TMAX,222
USW00093719,2010-06-05,TMIN,233
USW00093719,2010-06-05,TMAX,333
USW00093743,2009-06-06,TMIN,200
USC00314144,2007-10-10,TMIN,189
USW00013754,2009-03-23,TMAX,178
USC00310576,2008-11-13,TMIN,44
USW00013754,2009-03-23,TMIN,6
USR0000NHOF,2006-10-20,TMIN,106
USC00317170,2012-10-26,TMAX,244
USC00317170,2012-10-26,TMIN,161
USC00317170,2013-04-26,TMAX,228
USC00317170,2013-04-26,TMIN,39
USW00093719,2011-04-21,TMIN,117
USW00093719,2011-04-21,TMAX,267
USC00314689,2009-08-24,TMAX,311
USR0000NHOF,2006-10-20,TMAX,283
USC00314689,2009-08-24,TMIN,206
USW00093765,2008-03-09,TMAX,117
USW00093765,2008-03-09,TMIN,22
USW00093765,2011-05-09,TMIN,128
USC00316676,2006-09-25,TMIN,206
USW00093719,2005-05-12,TMAX,317
USW00093719,2005-05-12,TMIN,167
USR0000NHOF,2012-10-08,TMIN,117
USR0000NHOF,2012-10-08,TMAX,183
USC00310356,2005-11-29,TMIN,167
USR0000NNWB,2008-08-31,TMAX,328
USR0000NNWB,2008-08-31,TMIN,217
USC00314684,2007-02-28,TMIN,39
USC00310356,2006-10-20,TMAX,244
USW00093719,2013-07-08,TMIN,233
USC00310356,2005-11-29,TMAX,200
USC00317170,2013-09-17,TMIN,156
USW00093719,2013-07-08,TMAX,322
USR0000NHOF,2011-01-24,TMAX,44
USC00314689,2005-04-14,TMAX,156
USC00310356,2006-10-20,TMIN,72
USC00317170,2013-09-17,TMAX,244
USW00093765,2011-05-09,TMAX,256
USC00314689,2005-04-14,TMIN,56
USC00314689,2014-12-11,TMAX,111
USC00314684,2009-10-09,TMIN,72
USC00314684,2009-10-09,TMAX,228
USW00093743,2011-04-04,TMAX,217
USW00093743,2011-04-04,TMIN,150
USC00314684,2015-03-20,TMAX,133
USC00314684,2015-03-20,TMIN,44
USC00314689,2014-12-11,TMIN,-11
USW00093719,2005-08-20,TMAX,367
USC00316676,2015-12-20,TMIN,6
USR0000NHOF,2009-03-09,TMIN,72
USC00317170,2007-12-10,TMIN,83
USC00314689,2014-01-14,TMIN,106
USC00314689,2014-01-14,TMAX,178
USW00093719,2012-06-02,TMAX,272
USC00317170,2011-04-26,TMIN,206
USC00314684,2013-12-28,TMIN,-39
USC00317170,2015-07-16,TMAX,311
USW00013754,2009-02-24,TMIN,-38
USC00317170,2015-07-16,TMIN,217
USC00310356,2005-08-05,TMAX,317
USW00013754,2009-02-24,TMAX,72
USR0000NNWB,2015-02-13,TMIN,-56
USR0000NNWB,2015-02-13,TMAX,28
USW00093719,2013-02-10,TMIN,-33
USW00093719,2013-02-10,TMAX,128
USC00310356,2008-02-15,TMAX,100
USC00310356,2008-02-15,TMIN,28
USW00013754,2009-06-21,TMIN,239
USC00310576,2008-02-01,TMIN,22
USC00314684,2013-12-28,TMAX,106
USC00310576,2008-02-01,TMAX,167
USW00093719,2012-06-02,TMIN,167
USC00314689,2009-02-12,TMIN,133
USW00093719,2006-07-31,TMAX,344
USW00093719,2005-02-21,TMIN,78
USW00093719,2005-02-21,TMAX,183
USC00314684,2005-09-26,TMAX,289
USC00310576,2010-07-01,TMAX,306
USC00314684,2013-10-29,TMAX,217
USC00310576,2005-03-21,TMIN,72
USC00314684,2005-09-26,TMIN,172
USC00314689,2009-02-12,TMAX,228
USC00310576,2014-10-04,TMAX,267
USW00093719,2008-05-09,TMAX,294
USW00093719,2008-05-09,TMIN,189
USW00093719,2015-05-29,TMAX,300
USW00093719,2015-05-29,TMIN,144
USC00315830,2009-10-19,TMAX,156
USC00314684,2012-01-20,TMIN,-17
USC00314144,2007-06-08,TMAX,322
USC00310356,2005-08-05,TMIN,233
USC00310576,2014-10-04,TMIN,194
USW00013754,2005-08-20,TMIN,250
USC00316676,2008-02-18,TMIN,72
USW00013754,2009-06-21,TMAX,317
USC00310356,2005-11-01,TMAX,206
USC00310576,2006-01-05,TMAX,183
USC00316096,2011-03-21,TMAX,200
USC00316096,2011-03-21,TMIN,89
USW00093743,2008-09-16,TMAX,289
USW00093743,2008-09-16,TMIN,217
USR0000NHOF,2007-06-28,TMAX,317
USC00315830,2011-08-29,TMIN,222
USC00310356,2005-11-01,TMIN,78
USC00315830,2011-06-09,TMIN,233
USR0000NCRN,2011-10-18,TMAX,267
USC00315830,2011-08-29,TMAX,311
USW00013754,2015-02-13,TMIN,-43
USW00093719,2007-02-22,TMIN,78
USW00013754,2015-02-13,TMAX,22
USW00093719,2007-02-22,TMAX,222
USR0000NCRN,2011-10-18,TMIN,200
USW00013754,2009-04-22,TMAX,189
USC00315830,2011-06-09,TMAX,294
USC00316676,2008-02-18,TMAX,222
USC00310576,2006-01-05,TMIN,50
USC00316096,2011-10-12,TMIN,183
USC00314144,2008-09-26,TMIN,178
USC00314144,2008-09-26,TMAX,267
USR0000NCRN,2008-01-24,TMAX,161
USC00315830,2009-10-19,TMIN,67
USR0000NCRN,2008-01-24,TMIN,-6
USC00315830,2006-10-09,TMIN,183
USC00310576,2012-11-10,TMIN,6
USC00315830,2006-10-09,TMAX,272
USC00316096,2011-10-12,TMAX,283
USC00310356,2008-09-16,TMAX,306
USC00310356,2008-09-16,TMIN,233
USC00310576,2008-08-05,TMIN,211
USC00310576,2012-11-10,TMAX,161
USW00093719,2012-10-26,TMIN,167
USC00310576,2007-08-29,TMIN,183
USR0000NHOF,2007-06-28,TMIN,161
USC00310576,2008-08-05,TMAX,333
USC00310576,2007-08-29,TMAX,317
USW00093719,2012-10-26,TMAX,261
USW00093719,2006-07-31,TMIN,239
USC00317170,2011-04-26,TMAX,289
USC00310576,2010-07-01,TMIN,217
USR0000NHOF,2011-05-22,TMAX,261
USR0000NNWB,2007-08-21,TMAX,383
USR0000NHOF,2011-05-22,TMIN,122
USC00315830,2009-11-21,TMIN,133
USC00315830,2009-11-21,TMAX,161
USW00013754,2005-06-18,TMIN,178
USC00310576,2014-03-07,TMAX,100
USR0000NCRN,2008-02-29,TMAX,133
USC00316676,2007-01-14,TMAX,233
USC00316676,2010-10-29,TMAX,256
USC00310576,2014-03-07,TMIN,44
USR0000NNWB,2011-02-20,TMIN,17
USR0000NNWB,2011-02-20,TMAX,167
USW00013754,2005-06-18,TMAX,272
USC00310356,2008-03-06,TMIN,83
USC00310356,2008-03-06,TMAX,178
USR0000NHOF,2006-05-18,TMAX,267
USR0000NHOF,2006-05-18,TMIN,122
USW00013754,2013-11-26,TMAX,211
USC00316676,2015-01-20,TMIN,39
USR0000NNWB,2007-08-21,TMIN,222
USR0000NCRN,2008-02-28,TMIN,-28
USW00093765,2010-09-18,TMAX,289
USR0000NCRN,2010-05-04,TMIN,200
USC00314684,2014-12-11,TMAX,117
USC00310356,2006-08-09,TMAX,294
USC00315830,2007-03-18,TMAX,156
USC00310576,2005-06-11,TMAX,278
USC00316676,2010-10-29,TMIN,133
USC00310356,2006-08-09,TMIN,222
USC00316676,2007-01-14,TMIN,89
USC00314684,2014-12-11,TMIN,-17
USW00013754,2010-02-22,TMAX,194
USR0000NCRN,2010-05-04,TMAX,233
USC00314144,2009-08-21,TMAX,311
USW00093765,2010-09-18,TMIN,200
USC00310356,2006-05-18,TMAX,228
USC00310356,2006-05-18,TMIN,133
USC00315830,2009-01-20,TMAX,111
USC00315830,2009-01-20,TMIN,-28
USW00013754,2010-02-22,TMIN,17
USC00316676,2015-01-20,TMAX,172
USW00013754,2013-11-26,TMIN,28
USW00093765,2010-09-06,TMAX,294
USC00310576,2005-03-21,TMAX,172
USR0000NHOF,2006-08-09,TMAX,283
USR0000NHOF,2006-08-09,TMIN,194
USC00314684,2013-10-29,TMIN,67
USC00314689,2012-11-18,TMIN,94
USC00317170,2010-05-22,TMAX,283
USW00093765,2007-03-12,TMAX,161
USW00093765,2007-03-12,TMIN,56
USC00317170,2010-06-18,TMIN,211
USR0000NCRN,2014-12-06,TMAX,200
USW00093719,2007-12-14,TMAX,206
USC00317170,2010-05-22,TMIN,133
USC00314684,2012-01-20,TMAX,100
USC00314689,2011-01-11,TMAX,11
USC00314144,2007-06-08,TMIN,200
USC00314144,2007-06-03,TMIN,206
USC00314144,2007-06-03,TMAX,267
USW00013754,2005-08-20,TMAX,361
USW00093719,2007-12-14,TMIN,89
USC00310576,2014-11-26,TMIN,150
USW00093765,2007-11-25,TMIN,83
USC00317170,2010-06-18,TMAX,322
USC00316096,2013-02-25,TMAX,67
USC00316676,2011-11-29,TMIN,111
USC00316676,2011-11-29,TMAX,256
USC00314689,2011-01-11,TMIN,-11
USC00314684,2013-10-05,TMAX,306
USR0000NCRN,2011-01-06,TMIN,-28
USR0000NCRN,2011-01-06,TMAX,72
USC00310576,2010-12-04,TMIN,17
USC00316096,2013-02-25,TMIN,28
USC00314684,2013-10-05,TMIN,150
USR0000NCRN,2008-02-28,TMAX,83
USC00310576,2013-03-24,TMIN,17
USC00314689,2012-11-18,TMAX,156
USC00310576,2013-03-24,TMAX,144
USR0000NCRN,2014-12-06,TMIN,106
USC00310576,2014-11-26,TMAX,200
USW00093765,2007-11-25,TMAX,200
USR0000NHOF,2007-11-09,TMAX,150
USR0000NHOF,2007-11-09,TMIN,-17
USC00316676,2014-09-05,TMIN,217
USW00013754,2013-02-10,TMIN,-27
USC00316676,2014-09-05,TMAX,311
USW00013754,2009-04-22,TMIN,67
USC00316096,2009-08-24,TMAX,294
USC00316096,2009-08-24,TMIN,217
USC00317170,2011-03-28,TMIN,22
USR0000NCRN,2010-12-06,TMIN,-33
USR0000NCRN,2010-12-06,TMAX,50
USR0000NNWB,2013-02-10,TMIN,-39
USR0000NCRN,2014-07-11,TMAX,289
USR0000NNWB,2013-02-10,TMAX,150
USW00093719,2013-11-26,TMIN,28
USC00314144,2006-02-10,TMIN,-78
USC00315830,2014-03-07,TMIN,50
USW00093743,2011-06-29,TMIN,228
USR0000NNWB,2010-01-21,TMAX,106
USR0000NNWB,2010-01-21,TMIN,50
USC00314684,2015-04-20,TMIN,178
USC00314689,2008-03-26,TMIN,56
USC00314684,2015-04-20,TMAX,244
USW00093743,2011-06-29,TMAX,272
USC00315830,2014-03-07,TMAX,117
USC00314689,2008-03-26,TMAX,217
USW00093719,2009-12-21,TMIN,-39
USW00093719,2009-12-21,TMAX,89
USR0000NHOF,2009-01-10,TMAX,167
USC00316096,2013-07-08,TMIN,217
USC00316096,2013-07-08,TMAX,294
USR0000NHOF,2009-06-01,TMAX,294
USC00317170,2011-03-28,TMAX,100
USC00316676,2012-06-29,TMAX,317
USC00315830,2007-01-28,TMAX,139
USC00315830,2007-01-28,TMIN,72
USW00093719,2007-08-19,TMAX,317
USC00314684,2009-12-13,TMIN,-50
USC00316676,2012-06-29,TMIN,178
USC00314684,2009-12-13,TMAX,122
USC00314684,2015-09-03,TMIN,189
USC00310576,2007-03-07,TMAX,106
USC00317170,2007-12-02,TMAX,161
USW00093719,2013-11-26,TMAX,228
USW00093719,2007-08-19,TMIN,211
USC00317170,2007-12-02,TMIN,39
USW00013754,2012-01-14,TMIN,-16
USR0000NHOF,2009-01-10,TMIN,-44
USW00013754,2013-04-26,TMAX,200
USC00314144,2006-02-10,TMAX,117
USC00310356,2011-06-29,TMAX,300
USR0000NHOF,2012-12-29,TMAX,94
USC00317170,2012-08-09,TMIN,211
USC00315830,2008-12-06,TMIN,22
USW00013754,2013-01-08,TMIN,33
USW00093719,2011-08-13,TMIN,217
USW00093719,2011-08-13,TMAX,328
USR0000NCRN,2007-09-16,TMAX,256
USR0000NHOF,2012-12-29,TMIN,39
USC00317170,2012-08-09,TMAX,328
USR0000NNWB,2013-04-26,TMIN,50
USC00315830,2008-12-06,TMAX,150
USC00310356,2005-01-21,TMAX,94
USC00310356,2015-03-29,TMAX,106
USC00314684,2013-07-08,TMIN,211
USC00314684,2013-07-08,TMAX,322
USW00093743,2009-01-10,TMIN,-5
USW00093743,2009-01-10,TMAX,172
USR0000NNWB,2013-04-26,TMAX,233
USW00013754,2013-04-26,TMIN,72
USC00310356,2011-06-29,TMIN,250
USC00316676,2007-08-18,TMIN,228
USC00314689,2005-08-13,TMIN,228
USC00314689,2005-08-13,TMAX,339
USC00316096,2009-10-09,TMIN,111
USC00315830,2009-02-16,TMAX,128
USC00316096,2009-10-09,TMAX,278
USC00315830,2015-07-01,TMIN,233
USC00315830,2015-07-01,TMAX,300
USR0000NCRN,2011-04-12,TMAX,228
USC00316676,2007-08-18,TMAX,317
USC00314689,2015-11-02,TMIN,172
USC00315830,2009-02-16,TMIN,33
USR0000NCRN,2011-04-12,TMIN,150
USW00013754,2013-01-08,TMAX,167
USC00310576,2010-09-30,TMIN,211
USW00093719,2013-01-21,TMAX,189
USW00093719,2013-01-21,TMIN,-6
USC00310576,2010-09-30,TMAX,261
USC00315830,2010-09-15,TMAX,300
USC00310356,2015-03-29,TMIN,-11
USC00310576,2007-03-07,TMIN,11
USR0000NCRN,2006-10-20,TMIN,156
USR0000NCRN,2006-10-20,TMAX,311
USC00316096,2014-01-14,TMIN,61
USC00315830,2010-06-11,TMIN,222
USC00310576,2013-08-17,TMAX,239
USC00310576,2013-08-17,TMIN,194
USR0000NHOF,2006-08-23,TMAX,278
USR0000NHOF,2006-08-23,TMIN,183
USC00314684,2013-09-17,TMIN,156
USC00316096,2013-10-05,TMAX,294
USC00315830,2010-06-11,TMAX,328
USC00316676,2010-11-12,TMAX,172
USC00316676,2010-11-12,TMIN,44
USC00316096,2014-01-14,TMAX,178
USC00316096,2013-10-05,TMIN,156
USC00314689,2005-05-02,TMIN,89
USC00316676,2005-07-13,TMAX,322
USC00314689,2005-05-02,TMAX,233
USC00314684,2013-09-17,TMAX,294
USW00093765,2015-03-17,TMAX,200
USC00316676,2014-05-30,TMAX,250
USW00013754,2012-01-14,TMAX,83
USW00093719,2007-05-06,TMAX,189
USR0000NHOF,2008-09-16,TMIN,200
USC00314689,2013-02-25,TMIN,17
USC00314684,2007-07-29,TMIN,194
USW00093719,2009-07-13,TMIN,211
USW00093719,2009-07-13,TMAX,267
USW00093743,2008-02-15,TMAX,139
USC00314684,2007-07-29,TMAX,306
USW00093743,2008-02-15,TMIN,-5
USC00316676,2014-05-30,TMIN,189
USW00093719,2007-05-06,TMIN,94
USR0000NCRN,2005-12-06,TMIN,-22
USC00316676,2006-08-27,TMIN,183
USC00316676,2006-08-27,TMAX,306
USC00315830,2008-02-07,TMAX,183
USC00315830,2008-02-07,TMIN,139
USC00314684,2005-04-14,TMAX,106
USC00314684,2005-04-14,TMIN,56
USW00093765,2015-03-17,TMIN,100
USR0000NHOF,2008-09-16,TMAX,261
USR0000NCRN,2005-12-06,TMAX,94
USW00093765,2010-08-06,TMAX,306
USW00093765,2010-08-06,TMIN,244
USC00316096,2015-07-28,TMIN,200
USR0000NHOF,2011-06-29,TMAX,306
USC00314689,2013-07-08,TMAX,322
USW00013754,2007-03-30,TMIN,6
USR0000NHOF,2015-03-29,TMIN,-61
USR0000NHOF,2015-03-29,TMAX,117
USW00093719,2006-07-16,TMIN,228
USR0000NCRN,2014-07-11,TMIN,222
USR0000NHOF,2009-06-01,TMIN,150
USC00314689,2013-07-08,TMIN,228
USW00093719,2006-02-02,TMAX,178
USC00314689,2005-10-16,TMAX,256
USR0000NCRN,2005-01-29,TMAX,89
USR0000NCRN,2005-01-29,TMIN,-44
USC00314689,2005-10-16,TMIN,117
USR0000NHOF,2008-02-15,TMAX,161
USR0000NHOF,2008-02-15,TMIN,-39
USC00310576,2012-10-08,TMIN,133
USC00310576,2012-10-08,TMAX,261
USW00093719,2006-02-02,TMIN,-11
USW00093719,2006-07-16,TMAX,322
USC00314689,2009-10-09,TMAX,306
USC00314689,2009-10-09,TMIN,122
USW00013754,2010-01-21,TMAX,117
USW00013754,2010-01-21,TMIN,50
USC00315830,2010-01-04,TMIN,-67
USC00316676,2009-01-02,TMAX,61
USC00316676,2009-01-02,TMIN,-44
USC00315830,2010-01-04,TMAX,28
USW00013754,2007-03-30,TMAX,194
USC00314689,2007-07-22,TMAX,228
USC00314689,2007-07-22,TMIN,122
USC00314689,2013-10-05,TMAX,311
USC00314689,2013-10-05,TMIN,178
USC00316096,2015-07-28,TMAX,311
USC00314684,2012-08-25,TMIN,183
USC00314684,2012-08-25,TMAX,228
USC00310576,2015-04-10,TMAX,233
USC00314684,2015-09-03,TMAX,339
USR0000NHOF,2011-06-29,TMIN,206
USC00310576,2015-04-10,TMIN,128
USC00316676,2005-07-13,TMIN,228
USC00314689,2013-02-25,TMAX,167
USW00093765,2006-04-26,TMAX,211
USC00317170,2012-11-18,TMIN,100
USR0000NNWB,2012-10-08,TMAX,189
USC00314684,2007-05-30,TMAX,328
USC00314684,2007-05-30,TMIN,178
USW00013754,2005-06-30,TMAX,311
USW00093719,2015-05-12,TMIN,233
USC00314689,2010-07-14,TMAX,333
USR0000NHOF,2009-08-09,TMAX,328
USR0000NCRN,2009-08-18,TMIN,278
USR0000NCRN,2012-05-15,TMAX,267
USC00314689,2010-07-14,TMIN,233
USR0000NNWB,2013-04-25,TMAX,200
USC00316676,2005-09-11,TMIN,217
USR0000NHOF,2009-08-09,TMIN,189
USR0000NCRN,2012-05-15,TMIN,217
USC00316676,2005-09-11,TMAX,272
USC00314144,2008-08-09,TMAX,294
USC00314144,2008-08-09,TMIN,172
USW00093765,2011-10-05,TMIN,111
USR0000NHOF,2012-02-24,TMIN,133
USR0000NNWB,2013-04-25,TMIN,100
USW00093719,2015-05-12,TMAX,322
USW00093765,2011-10-05,TMAX,244
USW00013754,2009-11-21,TMAX,167
USC00314689,2009-04-29,TMIN,144
USR0000NHOF,2012-02-24,TMAX,228
USW00093719,2006-05-17,TMAX,256
USC00317170,2010-01-04,TMAX,44
USR0000NCRN,2007-06-03,TMAX,261
USW00093719,2006-05-17,TMIN,94
USC00310356,2009-01-23,TMIN,17
USC00316676,2012-08-25,TMIN,211
USC00316096,2010-04-05,TMAX,228
USC00316676,2012-08-25,TMAX,239
USC00314689,2009-04-29,TMAX,283
USC00316096,2010-04-05,TMIN,161
USC00310356,2005-04-06,TMAX,239
USW00093765,2008-11-29,TMAX,106
USW00093765,2008-11-29,TMIN,83
USC00315830,2015-11-12,TMIN,94
USC00315830,2015-11-12,TMAX,244
USW00013754,2009-11-21,TMIN,100
USC00310356,2005-04-06,TMIN,128
USC00317170,2010-01-04,TMIN,-22
USC00314684,2007-05-28,TMIN,156
USR0000NHOF,2011-01-26,TMAX,150
USR0000NCRN,2010-08-20,TMAX,311
USC00316676,2014-07-03,TMAX,333
USC00316676,2014-07-03,TMIN,233
USW00013754,2014-10-03,TMAX,267
USW00013754,2014-10-03,TMIN,194
USW00093719,2006-01-05,TMIN,72
USC00310356,2012-01-18,TMIN,117
USC00315830,2007-08-03,TMIN,233
USR0000NCRN,2010-08-20,TMIN,217
USW00093719,2006-01-05,TMAX,183
USC00317170,2013-08-16,TMAX,233
USR0000NNWB,2012-11-18,TMAX,156
USC00310576,2010-04-23,TMIN,94
USW00093743,2010-09-05,TMAX,289
USW00093719,2013-04-25,TMAX,217
USW00093719,2013-04-25,TMIN,106
USW00093765,2007-06-16,TMAX,250
USW00093765,2007-06-16,TMIN,150
USC00310356,2012-01-18,TMAX,156
USW00013754,2005-06-30,TMIN,228
USC00315830,2010-09-08,TMIN,250
USC00314689,2008-04-08,TMAX,150
USC00317170,2009-11-07,TMAX,178
USC00310356,2008-02-23,TMAX,161
USC00316096,2015-12-20,TMAX,144
USC00316096,2015-12-20,TMIN,-33
USC00315830,2010-09-08,TMAX,306
USC00310356,2008-02-23,TMIN,89
USR0000NHOF,2011-01-26,TMIN,61
USR0000NNWB,2008-05-28,TMIN,128
USC00315830,2007-08-03,TMAX,306
USR0000NNWB,2008-05-28,TMAX,222
USW00093765,2011-11-07,TMIN,117
USC00310356,2009-01-23,TMAX,89
USC00317170,2012-06-12,TMAX,289
USC00317170,2012-06-12,TMIN,211
USR0000NHOF,2014-07-11,TMIN,206
USC00316676,2010-02-22,TMIN,-6
USC00314689,2008-04-08,TMIN,83
USC00316676,2010-02-22,TMAX,189
USW00093765,2011-11-07,TMAX,217
USW00093765,2013-08-16,TMIN,200
USW00093765,2013-08-16,TMAX,239
USW00013754,2013-04-25,TMIN,106
USC00314144,2010-03-09,TMIN,-22
USC00316676,2006-04-08,TMAX,294
USR0000NCRN,2007-01-15,TMIN,133
USR0000NCRN,2007-01-15,TMAX,233
USW00013754,2007-12-06,TMIN,11
USC00314684,2013-03-24,TMIN,11
USC00316676,2006-04-08,TMIN,178
USW00013754,2007-12-06,TMAX,94
USC00314144,2010-03-09,TMAX,217
USC00317170,2008-08-31,TMIN,206
USC00314684,2013-03-24,TMAX,128
USC00317170,2008-08-31,TMAX,322
USC00314684,2006-02-18,TMAX,233
USC00314684,2006-02-18,TMIN,28
USR0000NHOF,2009-06-04,TMIN,167
USW00093765,2015-10-16,TMIN,106
USC00315830,2010-07-04,TMIN,156
USR0000NHOF,2009-06-04,TMAX,289
USC00315830,2010-07-04,TMAX,283
USW00093719,2010-05-14,TMIN,144
USW00013754,2013-02-25,TMIN,33
USW00013754,2012-11-18,TMIN,117
USW00093719,2006-10-09,TMIN,178
USW00093719,2006-10-09,TMAX,250
USC00314689,2006-10-19,TMAX,283
USC00310576,2007-05-13,TMAX,278
USC00310576,2007-05-13,TMIN,183
USC00314689,2006-10-19,TMIN,183
USC00310576,2007-09-14,TMIN,211
USW00093765,2015-01-27,TMAX,78
USW00093765,2010-10-25,TMIN,167
USW00093765,2010-11-06,TMIN,67
USW00093765,2010-10-25,TMAX,256
USR0000NCRN,2008-11-13,TMAX,211
USR0000NCRN,2008-11-13,TMIN,133
USC00315830,2013-11-14,TMAX,200
USW00013754,2013-02-25,TMAX,78
USC00310576,2007-09-14,TMAX,283
USW00093765,2015-01-27,TMIN,11
USR0000NCRN,2008-03-18,TMAX,183
USC00310576,2007-06-04,TMIN,183
USW00093719,2010-05-14,TMAX,333
USC00316676,2006-08-08,TMAX,333
USC00316676,2006-08-08,TMIN,244
USC00310356,2007-03-04,TMAX,172
USW00093743,2012-01-18,TMIN,22
USW00093743,2012-01-18,TMAX,139
USC00315830,2008-07-02,TMIN,167
USC00314689,2011-03-03,TMIN,-11
USC00316676,2013-07-09,TMIN,222
USC00316676,2013-07-09,TMAX,306
USW00093743,2013-12-16,TMIN,11
USC00317170,2014-03-06,TMIN,6
USW00093743,2013-12-16,TMAX,144
USC00316676,2005-02-09,TMIN,22
USW00093719,2011-04-26,TMAX,278
USC00316676,2005-02-09,TMAX,217
USR0000NCRN,2009-08-18,TMAX,311
USR0000NCRN,2015-05-29,TMAX,289
USW00093719,2011-04-26,TMIN,194
USR0000NCRN,2015-05-29,TMIN,144
USW00013754,2013-04-25,TMAX,211
USR0000NCRN,2007-06-03,TMIN,200
USC00317170,2014-03-06,TMAX,78
USC00310356,2010-03-21,TMAX,194
USW00093719,2011-08-29,TMAX,339
USC00316676,2008-04-23,TMAX,222
USC00316676,2009-07-13,TMIN,222
USC00316676,2009-07-13,TMAX,344
USC00310576,2009-03-09,TMIN,144
USC00315830,2011-06-29,TMIN,228
USC00315830,2008-07-02,TMAX,294
USC00316676,2008-04-23,TMIN,139
USC00315830,2011-06-29,TMAX,300
USC00314684,2005-02-21,TMIN,44
USW00093743,2009-08-09,TMAX,306
USC00310356,2010-03-21,TMIN,111
USC00310576,2009-03-09,TMAX,278
USW00093765,2010-11-06,TMAX,156
USC00310356,2007-03-04,TMIN,117
USC00314689,2011-03-03,TMAX,183
USW00093743,2009-08-09,TMIN,256
USC00314684,2005-02-21,TMAX,144
USW00093765,2015-10-16,TMAX,239
USW00093719,2011-08-29,TMIN,200
USW00093765,2007-04-23,TMAX,222
USW00093743,2010-03-21,TMAX,222
USW00093765,2007-04-23,TMIN,122
USR0000NNWB,2012-11-18,TMIN,117
USW00093719,2005-12-14,TMIN,-33
USR0000NCRN,2014-11-26,TMAX,211
USC00315830,2015-03-03,TMIN,33
USC00315830,2015-03-03,TMAX,167
USW00093765,2009-02-23,TMIN,-10
USC00316096,2012-10-08,TMIN,133
USC00316096,2012-10-08,TMAX,206
USC00315830,2012-04-23,TMIN,100
USW00093719,2005-12-14,TMAX,50
USC00315830,2012-04-23,TMAX,167
USW00093765,2013-04-25,TMAX,217
USC00310576,2009-04-19,TMIN,61
USW00093765,2013-04-25,TMIN,106
USC00310576,2009-04-19,TMAX,239
USR0000NCRN,2014-11-26,TMIN,61
USC00310356,2011-11-30,TMAX,144
USW00093765,2009-01-14,TMAX,78
USC00310356,2012-09-07,TMAX,300
USC00310356,2011-11-30,TMIN,44
USC00310356,2012-09-07,TMIN,222
USW00093719,2014-10-03,TMIN,211
USC00317170,2009-08-24,TMIN,222
USC00310356,2015-05-29,TMIN,194
USW00093765,2007-12-02,TMIN,72
USC00317170,2011-11-07,TMAX,222
USW00093719,2009-01-28,TMIN,61
USR0000NHOF,2005-07-10,TMIN,172
USW00093719,2009-01-28,TMAX,222
USC00314684,2012-06-02,TMIN,189
USR0000NHOF,2005-07-10,TMAX,306
USW00093719,2014-10-03,TMAX,289
USC00314684,2012-06-02,TMAX,300
USC00314684,2014-03-06,TMIN,-6
USC00317170,2011-11-07,TMIN,83
USC00316096,2010-07-14,TMIN,222
USC00316096,2010-07-14,TMAX,289
USR0000NCRN,2007-06-08,TMAX,306
USC00310356,2006-12-02,TMAX,211
USW00093765,2009-02-23,TMAX,72
USC00317170,2009-08-24,TMAX,317
USR0000NCRN,2007-06-08,TMIN,233
USC00310356,2015-05-29,TMAX,267
USW00093765,2009-01-14,TMIN,-5
USR0000NHOF,2015-05-29,TMIN,117
USW00093719,2007-03-12,TMIN,28
USR0000NHOF,2012-09-07,TMAX,283
USR0000NHOF,2012-09-07,TMIN,211
USR0000NCRN,2010-03-09,TMAX,183
USC00310356,2007-09-01,TMAX,311
USC00310356,2007-09-01,TMIN,222
USC00314689,2013-07-09,TMIN,222
USC00314689,2013-07-09,TMAX,311
USR0000NCRN,2007-10-25,TMAX,256
USC00316676,2013-09-17,TMIN,172
USC00317170,2013-04-25,TMAX,194
USC00317170,2013-04-25,TMIN,117
USC00314684,2008-07-26,TMAX,289
USC00314684,2008-07-26,TMIN,178
USW00013754,2012-07-12,TMAX,294
USW00013754,2012-07-12,TMIN,222
USR0000NCRN,2010-03-09,TMIN,-6
USW00093765,2014-08-01,TMIN,228
USC00316676,2013-09-17,TMAX,294
USR0000NHOF,2015-05-29,TMAX,306
USR0000NCRN,2007-10-25,TMIN,211
USC00315830,2008-02-01,TMIN,72
USR0000NNWB,2009-02-06,TMAX,111
USR0000NNWB,2009-02-06,TMIN,-89
USC00315830,2009-04-06,TMIN,172
USC00317170,2011-01-28,TMAX,139
USC00317170,2011-01-28,TMIN,0
USW00093765,2013-03-24,TMIN,61
USW00093765,2013-03-24,TMAX,156
USW00093743,2012-09-07,TMAX,283
USC00315830,2008-02-01,TMAX,194
USW00093743,2012-09-07,TMIN,222
USW00093719,2007-03-12,TMAX,178
USC00314689,2012-06-26,TMIN,172
USW00093765,2011-02-27,TMAX,178
USW00093765,2011-02-27,TMIN,106
USC00314689,2012-06-26,TMAX,311
USW00013754,2005-09-26,TMAX,283
USW00013754,2005-09-26,TMIN,189
USR0000NNWB,2009-05-05,TMIN,172
USC00315830,2009-04-06,TMAX,206
USC00314684,2014-03-06,TMAX,56
USW00093765,2007-12-02,TMAX,194
USR0000NHOF,2011-11-30,TMAX,122
USC00314144,2007-10-16,TMAX,272
USC00314689,2015-12-20,TMIN,-22
USC00316096,2010-12-02,TMIN,-28
USC00316096,2010-12-02,TMAX,83
USR0000NNWB,2013-02-25,TMIN,22
USR0000NNWB,2009-02-24,TMIN,-50
USC00310576,2013-10-05,TMAX,300
USC00314144,2009-05-27,TMIN,161
USC00314689,2015-12-20,TMAX,133
USW00093765,2010-01-04,TMIN,-43
USW00093765,2010-01-04,TMAX,39
USW00093765,2006-01-17,TMAX,206
USW00093765,2006-01-17,TMIN,100
USC00317170,2013-03-24,TMIN,28
USC00317170,2013-03-24,TMAX,94
USC00314144,2009-05-27,TMAX,278
USR0000NNWB,2008-12-04,TMAX,172
USR0000NNWB,2008-12-04,TMIN,-22
USC00310576,2013-10-05,TMIN,144
USC00310356,2007-07-08,TMIN,239
USR0000NHOF,2014-07-11,TMAX,300
USR0000NNWB,2014-10-03,TMAX,283
USC00314684,2007-05-28,TMAX,306
USC00315830,2005-02-26,TMAX,111
USC00315830,2005-02-26,TMIN,-17
USW00093743,2010-09-05,TMIN,178
USC00314144,2011-05-14,TMAX,289
USC00314144,2010-10-06,TMIN,39
USC00314144,2010-10-06,TMAX,189
USC00310576,2010-04-23,TMAX,250
USR0000NNWB,2014-10-03,TMIN,200
USR0000NNWB,2013-02-25,TMAX,72
USC00314144,2011-03-16,TMAX,217
USW00093765,2015-10-01,TMAX,244
USC00316096,2011-04-21,TMIN,133
USC00316096,2011-04-21,TMAX,278
USC00314144,2011-05-14,TMIN,172
USW00093765,2015-10-01,TMIN,194
USW00093743,2008-02-23,TMAX,183
USW00093743,2008-02-23,TMIN,89
USC00314144,2011-03-16,TMIN,56
USC00314689,2012-02-27,TMIN,28
USW00013754,2008-07-14,TMIN,217
USW00013754,2008-07-14,TMAX,300
USC00316676,2010-04-15,TMIN,33
USC00314144,2007-10-16,TMIN,44
USC00310356,2007-07-08,TMAX,294
USC00316676,2011-06-13,TMIN,200
USC00316676,2011-06-13,TMAX,339
USC00310356,2006-12-02,TMIN,133
USC00316676,2009-05-10,TMAX,322
USC00317170,2015-01-27,TMAX,72
USC00314689,2012-10-08,TMAX,200
USC00317170,2015-01-27,TMIN,11
USC00317170,2011-02-23,TMIN,17
USW00093765,2008-10-22,TMIN,72
USC00310356,2009-06-10,TMAX,283
USC00310356,2009-06-10,TMIN,194
USR0000NHOF,2011-11-30,TMIN,-11
USW00093765,2006-05-17,TMAX,228
USW00093765,2006-05-17,TMIN,139
USW00093765,2008-10-22,TMAX,161
USC00317170,2011-02-23,TMAX,128
USC00314689,2012-10-08,TMIN,111
USC00310356,2006-06-28,TMAX,239
USC00310356,2006-06-28,TMIN,206
USC00314144,2010-01-21,TMAX,106
USR0000NNWB,2009-02-24,TMAX,78
USC00314144,2010-01-21,TMIN,33
USC00317170,2009-11-07,TMIN,22
USC00310576,2009-07-25,TMAX,294
USC00317170,2014-08-01,TMIN,206
USC00317170,2014-08-01,TMAX,283
USC00310576,2009-07-25,TMIN,200
USR0000NHOF,2006-06-28,TMIN,206
USR0000NHOF,2006-06-28,TMAX,306
USC00314689,2007-05-06,TMIN,139
USC00316676,2010-04-15,TMAX,172
USC00314689,2007-05-06,TMAX,228
USW00013754,2008-05-28,TMIN,133
USW00013754,2008-05-28,TMAX,239
USC00314689,2012-02-27,TMAX,133
USW00093765,2007-07-22,TMAX,267
USC00316676,2009-05-10,TMIN,183
USW00093765,2007-07-22,TMIN,178
USC00317170,2013-08-16,TMIN,189
USC00314689,2010-06-05,TMIN,239
USW00093765,2014-03-06,TMIN,28
USC00310576,2012-10-26,TMIN,122
USW00093719,2005-03-26,TMIN,94
USW00093743,2009-01-23,TMIN,0
USW00093743,2009-01-23,TMAX,128
USW00093719,2005-03-26,TMAX,189
USW00093719,2012-04-23,TMIN,50
USW00093719,2012-04-23,TMAX,156
USR0000NNWB,2007-04-02,TMIN,161
USC00314684,2006-10-19,TMAX,256
USC00310356,2006-11-29,TMAX,239
USC00314684,2006-10-19,TMIN,178
USR0000NNWB,2008-07-14,TMAX,344
USC00314684,2011-01-30,TMIN,-39
USC00310356,2012-02-24,TMAX,178
USC00315830,2010-05-22,TMAX,261
USC00314689,2010-11-14,TMIN,17
USW00093743,2011-04-02,TMAX,189
USC00315830,2010-05-22,TMIN,161
USR0000NNWB,2007-04-02,TMAX,278
USR0000NNWB,2008-07-14,TMIN,222
USC00314689,2010-11-14,TMAX,200
USC00316676,2012-10-08,TMAX,250
USC00310356,2006-11-29,TMIN,72
USR0000NHOF,2007-02-15,TMIN,-61
USR0000NHOF,2007-02-15,TMAX,56
USC00310356,2011-01-26,TMAX,144
USC00310356,2011-01-26,TMIN,56
USC00314689,2006-03-16,TMAX,189
USC00314689,2006-03-16,TMIN,50
USW00093719,2009-11-26,TMAX,189
USC00310356,2005-11-25,TMIN,44
USC00316676,2012-10-08,TMIN,133
USW00093719,2009-11-26,TMIN,83
USC00310356,2005-11-25,TMAX,172
USC00314684,2010-01-04,TMAX,0
USR0000NHOF,2011-09-13,TMAX,300
USR0000NHOF,2011-09-13,TMIN,150
USC00317170,2011-03-11,TMAX,167
USC00317170,2011-03-11,TMIN,72
USC00315830,2015-09-23,TMIN,217
USC00315830,2015-09-23,TMAX,278
USC00314684,2010-01-04,TMIN,-78
USW00093765,2015-05-12,TMAX,256
USC00310576,2015-01-12,TMIN,-22
USC00315830,2005-01-18,TMAX,44
USW00013754,2010-04-11,TMIN,50
USW00013754,2010-04-11,TMAX,222
USC00310356,2011-04-02,TMIN,89
USC00310356,2007-02-15,TMIN,-78
USC00310576,2005-12-06,TMIN,-11
USC00310356,2007-02-15,TMAX,106
USC00310576,2005-12-06,TMAX,122
USC00316096,2012-06-02,TMIN,167
USC00317170,2011-01-17,TMIN,11
USC00317170,2011-01-17,TMAX,122
USC00316096,2012-06-02,TMAX,267
USC00310576,2013-11-04,TMAX,183
USW00093719,2010-03-27,TMAX,144
USW00093719,2015-10-01,TMAX,233
USC00314144,2008-10-29,TMAX,150
USW00093719,2010-03-27,TMIN,39
USW00093719,2015-10-01,TMIN,178
USR0000NNWB,2011-10-27,TMAX,267
USC00314144,2008-10-29,TMIN,-6
USR0000NCRN,2012-02-17,TMAX,178
USW00013754,2013-08-16,TMIN,200
USW00013754,2013-08-16,TMAX,239
USC00310576,2015-01-12,TMAX,128
USC00314684,2006-03-01,TMIN,67
USC00314684,2006-03-01,TMAX,206
USC00316096,2012-07-05,TMIN,250
USC00316096,2012-07-05,TMAX,322
USC00314689,2011-07-17,TMAX,311
USC00314689,2008-10-02,TMAX,222
USC00314689,2008-10-02,TMIN,89
USR0000NCRN,2006-09-26,TMAX,261
USC00314689,2011-07-17,TMIN,167
USW00093743,2010-08-23,TMIN,239
USC00310576,2006-07-16,TMAX,306
USC00310576,2006-07-16,TMIN,228
USC00314689,2014-12-27,TMAX,161
USC00314689,2014-12-27,TMIN,-6
USR0000NCRN,2006-09-26,TMIN,139
USR0000NCRN,2013-07-10,TMIN,250
USR0000NCRN,2013-07-10,TMAX,294
USW00093743,2010-08-23,TMAX,294
USR0000NNWB,2014-03-06,TMIN,6
USR0000NNWB,2014-03-06,TMAX,67
USW00093765,2015-05-12,TMIN,211
USC00310356,2010-09-05,TMIN,217
USC00314144,2007-09-16,TMIN,117
USR0000NHOF,2005-06-15,TMAX,339
USW00093765,2008-08-24,TMAX,294
USC00317170,2008-07-26,TMAX,322
USC00314684,2015-03-07,TMAX,39
USC00314144,2006-09-12,TMIN,122
USC00317170,2008-07-26,TMIN,200
USW00013754,2007-03-24,TMAX,278
USC00314144,2006-09-12,TMAX,250
USW00093765,2014-04-15,TMIN,83
USW00093765,2014-04-15,TMAX,217
USW00093719,2006-01-17,TMAX,217
USW00093719,2006-01-17,TMIN,89
USW00093765,2008-08-24,TMIN,217
USW00093743,2013-07-10,TMIN,256
USW00093743,2013-07-10,TMAX,300
USC00310356,2013-07-10,TMIN,256
USC00314684,2015-03-07,TMIN,-67
USC00310356,2013-07-10,TMAX,289
USC00315830,2015-07-16,TMIN,233
USC00314689,2010-04-05,TMIN,161
USC00310356,2010-08-23,TMAX,306
USC00310356,2010-08-23,TMIN,250
USR0000NHOF,2005-11-25,TMIN,-50
USR0000NHOF,2005-11-25,TMAX,100
USC00310576,2011-11-30,TMIN,39
USW00093743,2011-09-13,TMAX,278
USC00316676,2012-01-30,TMIN,-17
USW00013754,2007-03-24,TMIN,139
USC00314689,2010-04-05,TMAX,306
USW00093719,2005-05-24,TMAX,250
USC00315830,2007-04-10,TMAX,161
USC00317170,2015-11-26,TMIN,89
USC00317170,2015-11-26,TMAX,222
USW00093719,2005-05-24,TMIN,133
USW00093743,2011-09-13,TMIN,178
USW00093743,2011-04-02,TMIN,33
USC00310576,2011-11-30,TMAX,117
USC00315830,2015-07-16,TMAX,300
USC00315830,2011-03-30,TMIN,67
USR0000NNWB,2011-02-14,TMIN,61
USR0000NNWB,2011-02-14,TMAX,217
USR0000NCRN,2012-02-17,TMIN,50
USW00093765,2010-10-20,TMAX,244
USR0000NHOF,2005-06-15,TMIN,233
USC00315830,2006-02-02,TMAX,183
USC00315830,2015-10-22,TMIN,94
USW00093765,2007-12-14,TMIN,106
USR0000NCRN,2014-06-11,TMIN,239
USC00315830,2006-02-02,TMIN,6
USW00013754,2014-03-06,TMAX,89
USC00314684,2010-12-08,TMIN,-89
USW00013754,2014-03-06,TMIN,17
USR0000NHOF,2005-10-26,TMIN,17
USW00093765,2010-07-27,TMAX,300
USR0000NHOF,2005-10-26,TMAX,172
USR0000NCRN,2015-09-01,TMAX,300
USW00093719,2006-11-07,TMIN,78
USW00093719,2006-11-07,TMAX,200
USW00093765,2007-12-14,TMAX,206
USR0000NCRN,2009-10-10,TMAX,300
USW00093765,2010-07-27,TMIN,239
USC00315830,2015-10-22,TMAX,228
USC00316676,2007-01-27,TMIN,-33
USC00316676,2007-01-27,TMAX,94
USR0000NCRN,2005-05-03,TMIN,111
USW00093719,2006-09-02,TMAX,272
USC00316676,2009-05-19,TMAX,144
USC00315830,2008-09-09,TMIN,256
USC00310356,2008-04-20,TMIN,150
USW00093719,2006-09-02,TMIN,178
USR0000NCRN,2015-09-01,TMIN,233
USC00310356,2008-04-20,TMAX,206
USR0000NCRN,2013-02-11,TMIN,89
USR0000NCRN,2005-05-03,TMAX,217
USC00316676,2009-05-19,TMIN,100
USR0000NCRN,2013-02-11,TMAX,161
USC00315830,2008-09-09,TMAX,306
USC00310576,2008-02-26,TMIN,44
USR0000NCRN,2014-01-15,TMIN,6
USC00310576,2008-02-26,TMAX,161
USR0000NCRN,2014-06-11,TMAX,294
USR0000NCRN,2014-01-15,TMAX,161
USW00093765,2010-10-20,TMIN,133
USC00310356,2013-10-05,TMAX,272
USW00093765,2014-03-06,TMAX,100
USC00314684,2011-03-21,TMAX,244
USC00314684,2014-08-01,TMAX,294
USC00314144,2008-06-07,TMIN,211
USW00013754,2011-10-27,TMAX,267
USR0000NCRN,2007-10-29,TMAX,189
USW00093719,2013-08-16,TMAX,239
USC00314144,2008-02-15,TMAX,100
USC00314144,2008-02-15,TMIN,22
USW00093765,2011-03-28,TMIN,22
USR0000NCRN,2007-10-29,TMIN,61
USW00093743,2012-02-24,TMAX,189
USC00314144,2009-10-10,TMIN,183
USW00093719,2013-08-16,TMIN,200
USC00316096,2013-12-28,TMAX,178
USR0000NNWB,2005-12-14,TMIN,-33
USC00314144,2009-10-10,TMAX,300
USW00013754,2009-02-06,TMAX,83
USC00314689,2011-04-21,TMIN,167
USC00314689,2011-04-21,TMAX,294
USR0000NHOF,2010-03-21,TMIN,39
USR0000NNWB,2005-12-14,TMAX,44
USR0000NHOF,2010-03-21,TMAX,217
USC00314144,2008-06-07,TMAX,361
USR0000NNWB,2006-11-07,TMAX,194
USC00315830,2012-11-10,TMAX,183
USW00093765,2015-11-26,TMIN,128
USC00316096,2013-03-24,TMIN,28
USR0000NCRN,2007-08-20,TMIN,250
USC00316096,2013-03-24,TMAX,128
USC00314144,2008-05-01,TMIN,22
USC00314144,2008-05-01,TMAX,228
USR0000NNWB,2014-04-15,TMIN,72
USW00013754,2005-03-04,TMIN,-50
USR0000NNWB,2014-04-15,TMAX,244
USW00013754,2005-03-04,TMAX,139
USW00093719,2014-12-11,TMAX,100
USW00093719,2014-12-11,TMIN,-10
USW00093743,2008-09-26,TMIN,211
USW00093743,2008-09-26,TMAX,267
USW00013754,2011-10-27,TMIN,139
USW00093765,2011-03-28,TMAX,89
USR0000NNWB,2006-11-07,TMIN,106
USW00093765,2015-11-26,TMAX,228
USC00310576,2006-06-28,TMAX,306
USC00310576,2008-08-12,TMIN,144
USC00314144,2010-12-11,TMIN,0
USC00315830,2014-11-14,TMIN,56
USC00315830,2014-11-14,TMAX,206
USR0000NHOF,2010-08-23,TMIN,217
USC00315830,2013-11-14,TMIN,-28
USC00310576,2007-06-04,TMAX,272
USC00316676,2011-10-12,TMIN,194
USR0000NCRN,2012-09-07,TMAX,294
USC00310356,2009-08-09,TMAX,300
USW00093765,2012-06-12,TMIN,239
USC00310576,2012-10-26,TMAX,267
USC00310356,2009-08-09,TMIN,256
USW00013754,2014-04-15,TMIN,83
USW00013754,2012-11-18,TMAX,156
USC00316676,2011-10-12,TMAX,217
USC00317170,2007-12-17,TMAX,83
USC00317170,2007-12-17,TMIN,11
USW00093743,2010-03-21,TMIN,83
USW00013754,2014-04-15,TMAX,233
USR0000NCRN,2012-09-07,TMIN,222
USC00310356,2005-10-26,TMIN,89
USW00013754,2009-02-06,TMIN,-93
USR0000NHOF,2010-08-23,TMAX,306
USC00314144,2010-12-11,TMAX,106
USC00316676,2007-09-06,TMIN,172
USC00316676,2007-09-06,TMAX,317
USW00093743,2013-11-26,TMAX,206
USW00093743,2013-11-26,TMIN,39
USC00310356,2005-10-26,TMAX,206
USC00317170,2011-08-13,TMIN,206
USR0000NNWB,2009-11-21,TMIN,94
USW00093765,2009-08-24,TMIN,222
USW00093743,2012-02-24,TMIN,150
USR0000NNWB,2006-05-17,TMAX,261
USR0000NNWB,2006-05-17,TMIN,106
USC00317170,2011-08-13,TMAX,372
USW00093765,2009-08-24,TMAX,289
USC00310356,2008-09-26,TMIN,194
USC00310356,2008-09-26,TMAX,250
USW00093765,2012-06-12,TMAX,283
USC00310576,2008-08-12,TMAX,300
USR0000NNWB,2009-11-21,TMAX,161
USC00310576,2006-06-28,TMIN,233
USC00314144,2005-05-03,TMAX,239
USC00314144,2005-05-03,TMIN,89
USW00093719,2010-06-18,TMIN,206
USC00314684,2011-03-21,TMIN,50
USW00093765,2006-01-05,TMIN,89
USW00093765,2006-01-05,TMAX,144
USW00093765,2009-09-01,TMAX,256
USW00093765,2009-09-01,TMIN,200
USR0000NNWB,2012-04-23,TMIN,67
USR0000NNWB,2012-04-23,TMAX,144
USW00093719,2010-06-18,TMAX,311
USC00310576,2015-01-15,TMIN,33
USR0000NHOF,2012-01-18,TMIN,22
USC00316676,2015-07-01,TMIN,217
USC00316676,2015-07-01,TMAX,322
USR0000NHOF,2012-01-18,TMAX,150
USC00310576,2015-02-23,TMAX,194
USC00310576,2015-02-23,TMIN,83
USC00316676,2007-04-17,TMIN,94
USC00314684,2011-01-30,TMAX,139
USC00314689,2010-04-25,TMAX,267
USC00314689,2011-05-06,TMAX,228
USW00093719,2014-04-15,TMAX,256
USC00314684,2006-07-31,TMAX,317
USW00093719,2011-11-07,TMAX,228
USW00093719,2011-11-07,TMIN,72
USC00310576,2015-01-15,TMAX,56
USC00310356,2012-02-24,TMIN,156
USR0000NHOF,2008-09-26,TMIN,178
USC00310356,2013-10-05,TMIN,200
USC00310576,2013-11-04,TMIN,56
USC00310356,2011-04-02,TMAX,139
USW00093719,2014-04-15,TMIN,83
USW00093719,2014-03-06,TMAX,78
USC00314684,2006-07-31,TMIN,228
USC00315830,2013-04-25,TMAX,217
USC00315830,2013-04-25,TMIN,144
USC00317170,2015-10-16,TMIN,89
USC00317170,2015-10-16,TMAX,256
USR0000NHOF,2008-09-26,TMAX,267
USW00093743,2013-10-05,TMAX,289
USW00093743,2013-10-05,TMIN,183
USW00093719,2014-03-06,TMIN,11
USC00314689,2007-03-21,TMAX,244
USC00316676,2007-04-17,TMAX,172
USC00314689,2007-03-21,TMIN,100
USC00316676,2009-09-16,TMAX,289
USC00310356,2014-08-14,TMAX,294
USC00310356,2014-08-14,TMIN,194
USC00315830,2012-11-10,TMIN,33
USC00315830,2014-10-03,TMAX,267
USC00315830,2014-10-03,TMIN,161
USC00314684,2015-12-20,TMAX,83
USC00314684,2015-12-20,TMIN,-33
USC00314689,2013-03-24,TMAX,128
USW00013754,2012-04-23,TMIN,50
USC00310576,2005-03-15,TMIN,-33
USR0000NCRN,2007-08-20,TMAX,339
USC00316676,2014-02-12,TMIN,-22
USC00316676,2014-02-12,TMAX,11
USW00093719,2008-05-28,TMIN,133
USW00093719,2008-05-28,TMAX,228
USC00316096,2013-12-28,TMIN,-22
USC00310576,2005-03-15,TMAX,133
USW00013754,2012-04-23,TMAX,161
USC00314689,2013-03-24,TMIN,22
USR0000NHOF,2006-12-02,TMIN,0
USW00093765,2011-02-20,TMAX,144
USC00314689,2010-04-25,TMIN,172
USR0000NNWB,2008-01-18,TMAX,89
USC00314144,2005-11-29,TMAX,239
USR0000NNWB,2008-01-18,TMIN,28
USC00314144,2005-11-29,TMIN,183
USW00093743,2011-01-26,TMAX,150
USW00093743,2011-01-26,TMIN,72
USC00316676,2011-01-03,TMAX,206
USC00316676,2011-01-03,TMIN,28
USW00013754,2005-10-16,TMAX,228
USW00013754,2005-10-16,TMIN,100
USC00315830,2014-09-06,TMIN,228
USW00013754,2005-12-14,TMAX,56
USC00315830,2014-09-06,TMAX,306
USC00314689,2011-05-06,TMIN,89
USW00013754,2005-12-14,TMIN,-17
USR0000NCRN,2014-01-25,TMAX,83
USR0000NCRN,2014-01-25,TMIN,-128
USW00093765,2011-02-20,TMIN,39
USC00314684,2014-08-01,TMIN,200
USR0000NCRN,2011-06-29,TMAX,278
USC00314689,2010-06-05,TMAX,333
USC00316096,2013-07-09,TMAX,294
USC00315830,2012-10-26,TMAX,267
USC00314689,2010-02-22,TMIN,44
USW00013754,2008-06-19,TMAX,306
USC00316676,2014-03-06,TMIN,6
USC00314689,2010-02-22,TMAX,178
USC00316096,2011-11-07,TMAX,217
USC00315830,2012-10-26,TMIN,167
USW00013754,2008-06-19,TMIN,139
USC00315830,2011-07-07,TMAX,300
USC00315830,2011-07-07,TMIN,256
USW00093765,2014-12-11,TMAX,94
USR0000NCRN,2008-02-15,TMAX,167
USC00310356,2014-11-26,TMAX,194
USR0000NCRN,2008-02-15,TMIN,0
USW00093765,2014-12-11,TMIN,-5
USC00314144,2008-12-29,TMAX,172
USC00314144,2008-12-29,TMIN,44
USC00310576,2014-08-14,TMAX,311
USC00316096,2011-11-07,TMIN,89
USR0000NHOF,2010-03-09,TMAX,217
USC00316676,2014-03-06,TMAX,56
USC00316676,2014-04-30,TMAX,278
USC00314689,2011-01-14,TMIN,-56
USC00315830,2015-09-12,TMAX,289
USC00315830,2011-05-19,TMAX,250
USR0000NHOF,2010-05-04,TMIN,183
USW00013754,2010-05-14,TMIN,150
USW00013754,2010-05-14,TMAX,300
USC00310576,2006-09-15,TMAX,250
USR0000NCRN,2011-07-14,TMAX,306
USC00316676,2014-04-30,TMIN,183
USC00314689,2011-01-14,TMAX,50
USR0000NHOF,2010-05-04,TMAX,250
USC00310356,2010-03-09,TMIN,50
USR0000NNWB,2015-04-28,TMIN,61
USC00310576,2006-09-15,TMIN,206
USC00315830,2009-04-13,TMAX,244
USC00315830,2009-04-13,TMIN,67
USW00093743,2010-03-09,TMAX,178
USW00093743,2010-03-09,TMIN,17
USC00310356,2010-03-09,TMAX,128
USW00013754,2013-03-24,TMAX,111
USR0000NCRN,2014-05-21,TMAX,250
USC00310576,2014-08-14,TMIN,178
USC00314689,2007-05-18,TMIN,144
USW00013754,2010-05-22,TMIN,139
USC00314689,2006-02-18,TMIN,44
USC00314689,2007-05-18,TMAX,200
USR0000NHOF,2008-06-15,TMIN,183
USR0000NNWB,2010-10-20,TMIN,122
USC00310576,2012-09-07,TMAX,322
USC00310576,2012-09-07,TMIN,211
USC00310356,2014-11-26,TMIN,150
USR0000NHOF,2008-06-15,TMAX,278
USC00314684,2012-03-02,TMAX,272
USR0000NNWB,2010-10-20,TMAX,244
USW00013754,2015-07-16,TMIN,217
USC00317170,2008-11-03,TMAX,200
USC00314684,2014-02-12,TMIN,-39
USC00314684,2014-02-12,TMAX,-6
USC00314684,2009-05-12,TMIN,72
USC00316096,2010-02-22,TMIN,11
USC00317170,2008-11-03,TMIN,133
USR0000NHOF,2010-03-09,TMIN,-22
USW00013754,2015-07-16,TMAX,328
USC00316676,2013-04-25,TMIN,111
USC00314684,2012-03-02,TMIN,106
USC00310576,2007-10-09,TMIN,206
USC00310576,2007-10-09,TMAX,328
USR0000NCRN,2014-05-21,TMIN,189
USW00093765,2012-11-18,TMAX,144
USC00314684,2009-05-12,TMAX,194
USW00093743,2008-11-13,TMAX,211
USW00093743,2008-11-13,TMIN,139
USW00013754,2010-05-22,TMAX,294
USR0000NNWB,2010-07-27,TMIN,233
USC00316676,2011-01-29,TMIN,-33
USC00314689,2012-08-09,TMIN,233
USR0000NCRN,2009-06-12,TMAX,300
USC00314689,2012-08-09,TMAX,317
USR0000NNWB,2010-07-27,TMAX,306
USR0000NCRN,2009-06-12,TMIN,228
USW00093743,2009-06-04,TMIN,233
USC00316676,2013-04-25,TMAX,233
USW00093765,2012-11-18,TMIN,122
USW00013754,2013-03-24,TMIN,33
USR0000NCRN,2011-07-14,TMIN,194
USC00310576,2014-11-14,TMAX,206
USC00316676,2013-12-31,TMIN,56
USR0000NNWB,2013-03-24,TMAX,94
USC00310576,2005-11-16,TMIN,144
USW00013754,2015-08-24,TMAX,317
USC00314684,2015-02-13,TMAX,150
USR0000NNWB,2008-03-09,TMAX,122
USR0000NNWB,2008-03-09,TMIN,-6
USC00317170,2009-09-01,TMAX,250
USC00314689,2012-06-12,TMIN,211
USC00314144,2011-05-06,TMAX,233
USC00317170,2011-02-11,TMIN,-11
USC00314689,2014-10-03,TMAX,283
USC00314689,2014-10-03,TMIN,189
USC00315830,2007-10-21,TMIN,122
USW00093719,2005-06-30,TMAX,328
USW00093719,2015-11-26,TMIN,89
USC00315830,2007-10-21,TMAX,272
USC00317170,2011-02-11,TMAX,56
USC00317170,2009-09-01,TMIN,194
USW00013754,2013-07-09,TMIN,228
USC00314689,2012-06-12,TMAX,278
USC00316096,2014-10-03,TMIN,183
USR0000NNWB,2008-08-22,TMAX,300
USC00316676,2008-12-11,TMAX,217
USR0000NCRN,2007-11-20,TMAX,211
USC00317170,2010-09-06,TMIN,167
USW00093719,2015-10-16,TMAX,272
USC00315830,2013-10-05,TMAX,289
USR0000NHOF,2014-12-06,TMAX,211
USC00310576,2012-04-23,TMIN,100
USC00314684,2015-02-13,TMIN,-44
USC00310576,2012-04-23,TMAX,211
USC00315830,2013-10-05,TMIN,189
USC00317170,2010-09-06,TMAX,311
USW00093719,2014-08-01,TMIN,233
USW00093719,2014-08-01,TMAX,261
USR0000NCRN,2005-11-29,TMIN,189
USC00316096,2014-10-03,TMAX,256
USC00310576,2005-11-16,TMAX,250
USR0000NNWB,2013-03-24,TMIN,28
USR0000NCRN,2007-11-20,TMIN,94
USW00013754,2013-07-09,TMAX,300
USW00093719,2015-11-26,TMAX,228
USC00316676,2015-08-19,TMIN,211
USC00317170,2009-01-14,TMIN,17
USC00316096,2014-02-12,TMIN,-28
USC00316096,2014-02-12,TMAX,144
USR0000NNWB,2015-04-28,TMAX,211
USW00093719,2005-09-26,TMAX,294
USC00314689,2005-09-11,TMIN,200
USW00093719,2005-09-26,TMIN,183
USC00310576,2007-09-26,TMAX,289
USC00317170,2009-01-14,TMAX,78
USC00314689,2005-09-11,TMAX,272
USC00310356,2008-11-13,TMAX,244
USW00093719,2009-06-21,TMAX,317
USC00310356,2008-11-13,TMIN,83
USC00310576,2007-09-26,TMIN,144
USC00315830,2011-05-19,TMIN,150
USC00316676,2011-09-04,TMIN,156
USR0000NCRN,2006-02-10,TMAX,117
USC00310576,2014-11-14,TMIN,67
USW00093719,2009-06-21,TMIN,228
USC00316676,2011-09-04,TMAX,300
USR0000NCRN,2008-08-19,TMIN,194
USC00316676,2015-08-19,TMAX,311
USC00315830,2006-07-16,TMAX,322
USW00013754,2015-08-24,TMIN,194
USR0000NCRN,2006-02-10,TMIN,-61
USC00315830,2015-09-12,TMIN,233
USC00314684,2010-07-14,TMIN,211
USR0000NCRN,2008-08-19,TMAX,311
USW00093765,2005-12-14,TMAX,72
USW00093765,2005-12-14,TMIN,-17
USC00316676,2011-02-15,TMAX,222
USC00315830,2006-07-16,TMIN,233
USC00314684,2010-07-14,TMAX,317
USW00093719,2005-06-30,TMIN,217
USC00310356,2014-12-06,TMIN,100
USC00310356,2014-12-06,TMAX,156
USC00314684,2015-10-01,TMAX,294
USC00314684,2015-10-01,TMIN,194
USC00317170,2010-11-26,TMIN,156
USC00317170,2010-11-26,TMAX,250
USC00316676,2011-02-15,TMIN,11
USC00316096,2010-02-22,TMAX,183
USR0000NNWB,2008-08-22,TMIN,200
USC00314144,2009-03-12,TMAX,139
USC00316676,2014-01-14,TMAX,194
USW00093765,2013-02-25,TMIN,39
USC00310576,2005-03-30,TMAX,206
USW00013754,2010-07-27,TMIN,228
USW00013754,2010-07-27,TMAX,300
USC00317170,2015-03-20,TMIN,56
USW00093743,2009-06-04,TMAX,283
USC00316676,2011-07-22,TMIN,250
USW00013754,2010-10-20,TMIN,100
USW00093765,2013-02-25,TMAX,78
USW00013754,2010-10-20,TMAX,244
USC00316096,2009-07-13,TMIN,206
USC00310356,2008-06-07,TMIN,233
USR0000NHOF,2012-04-23,TMIN,44
USR0000NHOF,2012-04-23,TMAX,144
USC00316096,2009-07-13,TMAX,256
USR0000NHOF,2014-12-19,TMIN,-6
USC00314689,2005-07-18,TMAX,339
USW00013754,2014-08-01,TMIN,222
USC00310356,2008-06-07,TMAX,278
USW00013754,2014-08-01,TMAX,250
USC00316676,2005-05-02,TMAX,183
USC00316676,2005-05-02,TMIN,83
USR0000NCRN,2012-07-31,TMAX,289
USW00013754,2006-12-20,TMAX,117
USW00013754,2006-12-20,TMIN,44
USW00093719,2011-03-01,TMAX,156
USC00314684,2012-03-03,TMAX,200
USC00315830,2007-06-29,TMIN,256
USR0000NNWB,2010-05-22,TMAX,300
USC00310576,2005-02-13,TMAX,161
USC00317170,2015-03-20,TMAX,172
USC00310576,2012-05-15,TMAX,267
USC00310576,2012-05-15,TMIN,161
USC00316676,2013-08-16,TMAX,228
USR0000NNWB,2010-05-22,TMIN,144
USW00093743,2008-06-15,TMIN,200
USW00093743,2008-06-15,TMAX,267
USC00316676,2013-08-16,TMIN,178
USC00315830,2013-07-09,TMIN,244
USC00315830,2013-07-09,TMAX,306
USC00310576,2005-02-13,TMIN,-17
USC00315830,2007-06-29,TMAX,300
USC00314684,2015-01-27,TMAX,133
USW00093743,2012-04-23,TMIN,61
USC00317170,2008-08-24,TMIN,200
USC00316096,2011-01-09,TMIN,-67
USR0000NCRN,2005-01-21,TMAX,39
USR0000NCRN,2005-01-21,TMIN,-94
USR0000NHOF,2009-06-10,TMIN,161
USW00093719,2010-12-03,TMIN,-6
USW00093765,2015-07-01,TMIN,244
USW00093765,2015-07-01,TMAX,283
USC00317170,2008-08-24,TMAX,306
USC00316676,2006-06-27,TMIN,228
USC00310576,2005-03-30,TMIN,67
USC00317170,2012-11-18,TMAX,156
USC00314684,2012-03-03,TMIN,111
USW00093765,2005-10-16,TMAX,233
USR0000NNWB,2012-10-08,TMIN,122
USW00093765,2006-04-26,TMIN,144
USW00093765,2005-10-16,TMIN,139
USC00316676,2015-12-20,TMAX,100
USC00316676,2006-06-27,TMAX,289
USC00314689,2005-07-18,TMIN,250
USR0000NNWB,2008-06-19,TMIN,161
USR0000NCRN,2010-03-21,TMAX,217
USW00093743,2012-04-23,TMAX,150
USC00316096,2012-08-09,TMIN,206
USC00316096,2012-08-09,TMAX,294
USC00314684,2015-01-27,TMIN,11
USC00314684,2010-02-22,TMIN,-22
USW00013754,2010-01-04,TMIN,-60
USC00314684,2010-02-22,TMAX,167
USW00013754,2010-01-04,TMAX,22
USR0000NNWB,2008-06-19,TMAX,317
USC00310356,2012-04-23,TMIN,106
USC00310356,2008-10-11,TMAX,267
USR0000NHOF,2014-12-19,TMAX,150
USW00013754,2010-10-10,TMAX,278
USW00093743,2008-06-07,TMAX,350
USW00013754,2010-10-10,TMIN,111
USC00316676,2011-07-22,TMAX,367
USR0000NHOF,2009-06-10,TMAX,289
USR0000NCRN,2010-03-21,TMIN,67
USC00310356,2012-04-23,TMAX,244
USC00314684,2005-09-11,TMAX,283
USC00314684,2005-09-11,TMIN,189
USR0000NCRN,2012-07-31,TMIN,222
USC00314689,2011-11-07,TMIN,83
USC00317170,2011-10-05,TMAX,239
USC00310356,2010-05-04,TMIN,200
USW00093719,2012-07-12,TMAX,311
USW00093719,2012-07-12,TMIN,228
USC00316676,2012-02-09,TMIN,0
USC00316676,2012-02-09,TMAX,150
USC00314684,2006-01-17,TMAX,167
USC00316676,2014-05-13,TMIN,189
USC00314684,2006-01-17,TMIN,11
USR0000NHOF,2008-11-13,TMAX,228
USW00093719,2005-04-14,TMAX,156
USR0000NHOF,2010-08-27,TMIN,189
USR0000NHOF,2008-11-13,TMIN,117
USR0000NHOF,2014-11-26,TMIN,17
USC00317170,2011-10-05,TMIN,89
USC00310576,2012-01-02,TMIN,22
USW00093719,2005-04-14,TMIN,67
USR0000NHOF,2014-11-26,TMAX,194
USC00316676,2014-05-13,TMAX,306
USC00314689,2011-11-07,TMAX,222
USC00314144,2010-08-20,TMAX,300
USC00314144,2009-03-12,TMIN,72
USC00315830,2009-03-23,TMAX,189
USC00315830,2009-03-23,TMIN,28
USC00317170,2011-04-07,TMIN,94
USR0000NHOF,2010-08-27,TMAX,306
USC00310576,2014-06-06,TMIN,200
USC00310576,2014-06-06,TMAX,322
USC00317170,2011-04-07,TMAX,272
USR0000NCRN,2011-08-18,TMIN,194
USR0000NCRN,2005-04-06,TMIN,106
USR0000NHOF,2007-01-28,TMAX,144
USR0000NHOF,2007-01-28,TMIN,22
USC00316676,2012-03-23,TMAX,256
USC00316676,2012-03-23,TMIN,133
USR0000NNWB,2014-08-01,TMIN,222
USR0000NCRN,2011-08-18,TMAX,300
USR0000NNWB,2014-08-01,TMAX,250
USC00314144,2010-08-20,TMIN,189
USR0000NCRN,2005-04-06,TMAX,256
USC00310356,2010-05-04,TMAX,239
USC00310576,2012-01-02,TMAX,194
USR0000NNWB,2015-08-24,TMAX,333
USC00316676,2006-10-19,TMIN,194
USR0000NHOF,2010-09-05,TMIN,122
USR0000NNWB,2015-07-16,TMAX,311
USR0000NNWB,2015-07-16,TMIN,233
USR0000NNWB,2010-01-04,TMIN,-61
USR0000NNWB,2010-01-04,TMAX,33
USC00310356,2014-09-06,TMIN,206
USC00310356,2014-09-06,TMAX,267
USC00316676,2006-10-19,TMAX,256
USC00317170,2015-07-01,TMAX,311
USC00316096,2010-11-28,TMIN,-22
USC00314689,2008-07-26,TMAX,311
USC00316676,2006-12-28,TMIN,-6
USC00314689,2008-07-26,TMIN,189
USC00316676,2006-12-28,TMAX,106
USW00093719,2011-03-01,TMIN,17
USW00093719,2012-10-08,TMIN,128
USW00093719,2012-10-08,TMAX,189
USC00316096,2010-11-28,TMAX,117
USC00317170,2012-06-02,TMAX,272
USC00317170,2015-07-01,TMIN,211
USC00310576,2010-01-21,TMIN,44
USR0000NNWB,2015-08-24,TMIN,206
USR0000NHOF,2010-09-05,TMAX,294
USR0000NHOF,2014-09-06,TMIN,200
USC00316676,2011-01-29,TMAX,139
USR0000NHOF,2014-09-06,TMAX,328
USC00314684,2010-06-05,TMIN,222
USR0000NNWB,2010-12-19,TMAX,78
USC00314684,2010-06-05,TMAX,317
USR0000NNWB,2010-12-19,TMIN,-11
USC00314144,2009-11-13,TMAX,133
USW00093743,2014-09-06,TMIN,250
USC00314689,2009-07-13,TMIN,233
USC00314689,2009-07-13,TMAX,344
USC00314144,2009-11-13,TMIN,106
USW00093743,2014-09-06,TMAX,306
USC00317170,2012-06-02,TMIN,194
USW00093719,2015-08-04,TMAX,311
USC00310576,2010-01-21,TMAX,217
USW00093719,2015-08-04,TMIN,239
USC00316676,2014-01-14,TMIN,17
USC00316096,2013-07-09,TMIN,222
USC00317170,2010-03-27,TMIN,39
USW00093765,2012-10-08,TMAX,217
USC00316676,2015-04-20,TMIN,194
USW00013754,2005-04-14,TMAX,156
USW00013754,2005-04-14,TMIN,78
USC00314689,2014-03-06,TMAX,56
USC00314689,2014-03-06,TMIN,-6
USC00316676,2015-04-20,TMAX,239
USR0000NNWB,2011-08-29,TMIN,206
USC00310356,2005-07-10,TMIN,244
USW00093719,2012-11-18,TMAX,156
USR0000NNWB,2011-08-29,TMAX,344
USW00093719,2012-11-18,TMIN,111
USC00310356,2014-06-11,TMAX,272
USC00314689,2010-08-25,TMAX,272
USC00310356,2014-06-11,TMIN,222
USW00093719,2013-02-25,TMIN,28
USW00093765,2010-03-27,TMAX,128
USC00310356,2005-07-10,TMAX,300
USC00314684,2012-06-12,TMAX,261
USW00093765,2007-09-12,TMIN,233
USC00316096,2015-07-01,TMIN,233
USC00314684,2012-10-08,TMAX,222
USC00314684,2012-10-08,TMIN,111
USC00316096,2011-02-12,TMAX,133
USC00315830,2009-10-31,TMAX,261
USC00315830,2009-10-31,TMIN,144
USW00013754,2008-03-09,TMAX,117
USR0000NCRN,2013-12-16,TMIN,-6
USR0000NCRN,2013-12-16,TMAX,144
USW00013754,2008-03-09,TMIN,6
USC00314684,2011-04-30,TMIN,100
USW00093765,2015-03-20,TMIN,89
USW00093765,2015-03-20,TMAX,200
USC00314684,2011-03-07,TMIN,11
USR0000NHOF,2012-05-15,TMAX,278
USR0000NHOF,2012-05-15,TMIN,183
USW00093719,2013-02-25,TMAX,83
USC00314684,2012-07-05,TMIN,244
USC00314684,2013-04-25,TMAX,256
USC00314684,2012-07-05,TMAX,361
USC00314684,2013-04-25,TMIN,89
USC00314689,2010-08-25,TMIN,189
USW00093765,2007-09-12,TMAX,294
USC00316096,2015-07-01,TMAX,294
USC00314684,2012-06-12,TMIN,211
USC00315830,2005-08-20,TMIN,267
USC00316096,2010-06-05,TMIN,239
USW00093765,2011-08-13,TMAX,322
USC00317170,2008-12-17,TMIN,106
USW00013754,2015-04-28,TMIN,72
USC00316096,2010-06-05,TMAX,294
USC00316676,2011-08-09,TMAX,361
USR0000NCRN,2005-11-25,TMIN,11
USW00013754,2015-04-28,TMAX,206
USC00317170,2008-12-17,TMAX,233
USC00316096,2013-04-25,TMAX,211
USC00316096,2013-04-25,TMIN,100
USC00310576,2014-09-06,TMIN,233
USC00310576,2014-09-06,TMAX,322
USW00013754,2015-05-12,TMIN,222
USW00013754,2015-05-12,TMAX,289
USC00314684,2006-05-17,TMAX,211
USC00314684,2006-05-17,TMIN,94
USR0000NCRN,2005-11-25,TMAX,122
USW00093765,2010-03-27,TMIN,61
USC00315830,2005-08-20,TMAX,333
USC00317170,2014-10-03,TMAX,272
USC00314684,2011-03-07,TMAX,206
USC00315830,2013-01-08,TMAX,156
USR0000NHOF,2007-09-01,TMAX,294
USR0000NHOF,2007-09-01,TMIN,156
USC00315830,2013-01-08,TMIN,50
USR0000NCRN,2015-09-07,TMAX,283
USW00093765,2007-09-22,TMAX,272
USW00093765,2007-09-22,TMIN,217
USC00317170,2014-10-03,TMIN,183
USC00317170,2013-07-09,TMIN,222
USW00093765,2011-08-13,TMIN,267
USW00093719,2005-10-16,TMAX,233
USW00093719,2005-10-16,TMIN,94
USC00316096,2013-08-16,TMAX,228
USC00316096,2013-08-16,TMIN,200
USC00314684,2011-04-30,TMAX,239
USC00310356,2010-08-27,TMAX,311
USR0000NCRN,2015-09-07,TMIN,222
USC00317170,2013-07-09,TMAX,300
USW00093765,2014-10-03,TMIN,189
USW00093765,2014-10-03,TMAX,256
USR0000NNWB,2006-01-05,TMAX,200
USR0000NNWB,2006-10-09,TMAX,250
USC00314689,2010-04-07,TMIN,167
USR0000NNWB,2006-08-20,TMIN,233
USC00317170,2015-10-01,TMIN,178
USC00314689,2006-04-26,TMIN,144
USC00314689,2006-04-26,TMAX,306
USC00315830,2008-10-10,TMAX,233
USW00013754,2015-08-04,TMAX,294
USC00315830,2008-10-10,TMIN,200
USW00093719,2011-05-09,TMAX,261
USW00093719,2011-05-09,TMIN,100
USW00013754,2007-04-02,TMIN,150
USW00013754,2015-08-04,TMIN,244
USW00093719,2010-10-20,TMAX,244
USR0000NNWB,2006-08-20,TMAX,333
USC00310576,2009-10-19,TMAX,100
USW00013754,2007-04-02,TMAX,267
USC00310356,2014-07-11,TMIN,228
USW00093719,2010-10-20,TMIN,106
USC00314684,2013-07-09,TMIN,222
USC00314689,2010-04-07,TMAX,317
USC00316096,2015-03-07,TMAX,117
USR0000NNWB,2009-05-05,TMAX,239
USR0000NCRN,2011-05-22,TMAX,267
USC00315830,2007-09-17,TMIN,156
USC00315830,2007-09-17,TMAX,256
USC00316676,2009-05-01,TMAX,256
USR0000NHOF,2008-02-23,TMAX,172
USR0000NHOF,2008-02-23,TMIN,78
USC00316676,2009-05-01,TMIN,150
USC00316096,2015-03-07,TMIN,-56
USW00093765,2014-08-01,TMAX,267
USR0000NNWB,2005-03-04,TMAX,144
USC00310576,2011-09-10,TMAX,289
USR0000NNWB,2005-03-04,TMIN,-56
USR0000NCRN,2010-01-21,TMAX,117
USR0000NCRN,2010-01-21,TMIN,50
USC00317170,2015-10-01,TMAX,289
USR0000NCRN,2011-05-22,TMIN,144
USR0000NNWB,2006-10-09,TMIN,172
USC00310576,2011-09-10,TMIN,156
USW00093719,2010-07-27,TMIN,222
USC00310356,2014-07-11,TMAX,300
USC00314684,2013-07-09,TMAX,317
USC00316676,2011-06-05,TMAX,306
USC00314689,2015-07-01,TMIN,217
USW00093743,2009-06-10,TMAX,283
USR0000NCRN,2008-06-07,TMAX,372
USR0000NCRN,2008-06-07,TMIN,228
USC00314689,2015-07-01,TMAX,328
USC00315830,2008-05-09,TMAX,250
USC00315830,2008-05-09,TMIN,217
USR0000NNWB,2008-10-12,TMAX,261
USW00093743,2012-05-15,TMAX,272
USW00093743,2012-05-15,TMIN,211
USW00093743,2009-06-10,TMIN,189
USR0000NNWB,2005-03-26,TMIN,100
USW00093765,2006-09-02,TMIN,178
USR0000NNWB,2015-05-12,TMIN,228
USR0000NNWB,2015-05-12,TMAX,322
USR0000NNWB,2005-03-26,TMAX,194
USR0000NNWB,2006-01-05,TMIN,67
USW00093765,2006-09-02,TMAX,244
USC00314689,2007-07-29,TMAX,317
USC00316676,2009-12-13,TMAX,167
USC00314689,2007-07-29,TMIN,206
USC00315830,2010-08-06,TMAX,306
USC00315830,2010-08-06,TMIN,233
USW00093719,2010-07-27,TMAX,306
USC00310576,2009-10-19,TMIN,61
USC00316096,2010-11-14,TMIN,11
USR0000NNWB,2008-10-12,TMIN,167
USC00316096,2010-11-14,TMAX,183
USC00310356,2012-05-15,TMAX,256
USC00314684,2013-08-16,TMAX,233
USW00093765,2011-07-28,TMAX,328
USC00316096,2011-02-12,TMIN,-33
USW00093765,2011-07-28,TMIN,272
USC00314684,2013-08-16,TMIN,161
USC00316096,2014-03-06,TMAX,83
USC00310356,2012-05-15,TMIN,211
USR0000NCRN,2006-06-28,TMIN,244
USR0000NCRN,2006-06-28,TMAX,300
USC00316096,2014-03-06,TMIN,17
USC00316676,2009-12-13,TMIN,-6
USW00093765,2008-08-31,TMIN,228
USC00316676,2008-12-11,TMIN,178
USR0000NHOF,2014-06-11,TMAX,339
USR0000NNWB,2015-08-04,TMAX,317
USC00316096,2012-06-12,TMIN,228
USC00314684,2014-10-03,TMAX,283
USC00310576,2006-03-08,TMIN,-50
USW00013754,2008-11-05,TMAX,194
USC00314684,2014-10-03,TMIN,150
USR0000NHOF,2014-01-25,TMAX,83
USR0000NHOF,2014-01-25,TMIN,-128
USC00316676,2015-08-13,TMIN,183
USC00314684,2015-07-01,TMAX,328
USC00316676,2015-08-13,TMAX,294
USW00013754,2008-11-05,TMIN,161
USR0000NCRN,2009-10-27,TMIN,189
USR0000NCRN,2009-10-27,TMAX,211
USR0000NCRN,2012-03-08,TMIN,89
USC00317170,2007-06-16,TMAX,278
USC00315830,2010-11-21,TMIN,72
USW00093719,2013-07-09,TMIN,233
USC00310576,2006-03-30,TMIN,22
USC00315830,2010-11-21,TMAX,206
USC00310576,2006-03-30,TMAX,189
USC00316096,2012-06-12,TMAX,272
USW00093765,2005-05-24,TMIN,133
USC00310576,2010-07-19,TMAX,322
USR0000NCRN,2011-11-30,TMIN,6
USR0000NCRN,2011-11-30,TMAX,122
USC00310576,2010-07-19,TMIN,239
USR0000NNWB,2010-05-14,TMIN,172
USC00314684,2011-04-21,TMIN,161
USC00316096,2012-06-26,TMIN,150
USC00316096,2012-06-26,TMAX,250
USC00314144,2010-12-25,TMAX,94
USC00314144,2010-12-25,TMIN,-67
USC00314684,2006-04-26,TMIN,167
USW00093765,2005-05-24,TMAX,228
USC00314684,2006-04-26,TMAX,300
USC00314684,2011-04-21,TMAX,317
USR0000NCRN,2007-01-28,TMAX,117
USR0000NCRN,2007-01-28,TMIN,50
USC00314684,2015-07-01,TMIN,211
USW00093719,2005-11-13,TMIN,44
USR0000NNWB,2010-05-14,TMAX,339
USW00093743,2014-01-25,TMIN,-105
USC00317170,2007-06-16,TMIN,144
USW00093719,2013-07-09,TMAX,317
USW00093765,2006-03-01,TMAX,183
USC00314684,2007-05-06,TMIN,139
USC00314684,2007-05-06,TMAX,233
USW00093743,2010-08-27,TMAX,289
USW00093743,2010-08-27,TMIN,228
USW00093719,2010-01-04,TMIN,-61
USW00093719,2010-01-04,TMAX,22
USC00314144,2011-05-06,TMIN,33
USW00093765,2006-03-01,TMIN,111
USC00315830,2014-04-15,TMIN,183
USC00314689,2014-02-12,TMIN,-39
USC00310576,2015-05-29,TMAX,283
USC00310576,2015-05-29,TMIN,150
USC00314689,2014-02-12,TMAX,-17
USR0000NCRN,2005-11-29,TMAX,239
USC00317170,2010-03-27,TMAX,156
USW00093765,2012-10-08,TMIN,144
USW00093719,2015-10-16,TMIN,94
USC00315830,2014-04-15,TMAX,228
USC00314689,2008-04-14,TMIN,56
USW00013754,2011-08-29,TMAX,333
USC00314689,2006-05-17,TMIN,111
USR0000NCRN,2012-03-08,TMAX,211
USC00315830,2012-12-29,TMIN,56
USC00317170,2015-03-17,TMAX,294
USC00315830,2012-12-29,TMAX,161
USC00316676,2013-12-31,TMAX,167
USC00317170,2012-10-08,TMIN,128
USC00317170,2012-10-08,TMAX,206
USC00315830,2005-01-07,TMIN,128
USW00013754,2011-08-29,TMIN,206
USC00314689,2010-12-12,TMAX,128
USW00013754,2005-03-26,TMIN,94
USW00013754,2010-12-19,TMAX,117
USW00013754,2005-03-26,TMAX,189
USW00013754,2010-12-19,TMIN,0
USC00314689,2010-12-12,TMIN,61
USW00093719,2005-11-13,TMAX,239
USR0000NHOF,2014-12-06,TMIN,83
USC00314689,2006-05-17,TMAX,239
USC00315830,2005-01-07,TMAX,211
USC00317170,2015-03-17,TMIN,89
USC00310576,2006-03-08,TMAX,156
USC00317170,2007-07-22,TMIN,161
USC00310356,2014-01-25,TMAX,-6
USW00013754,2007-10-22,TMAX,278
USR0000NNWB,2005-04-14,TMAX,167
USR0000NNWB,2005-04-14,TMIN,67
USW00093765,2013-07-09,TMIN,239
USW00013754,2007-10-22,TMIN,156
USW00093765,2013-07-09,TMAX,294
USC00310356,2010-01-21,TMAX,128
USC00316676,2011-08-09,TMIN,228
USC00310356,2010-01-21,TMIN,56
USW00093765,2015-11-15,TMAX,167
USW00093719,2013-03-24,TMAX,106
USW00093743,2010-01-21,TMAX,122
USW00093743,2010-01-21,TMIN,50
USC00314144,2005-02-01,TMAX,100
USC00317170,2010-10-25,TMAX,250
USC00317170,2010-10-25,TMIN,144
USC00314144,2008-03-18,TMIN,-28
USW00093719,2013-03-24,TMIN,22
USW00093719,2007-11-18,TMIN,39
USR0000NCRN,2008-12-19,TMIN,117
USR0000NCRN,2008-12-19,TMAX,311
USR0000NNWB,2015-08-04,TMIN,250
USC00310576,2005-07-27,TMIN,239
USC00310576,2005-07-27,TMAX,361
USC00314689,2015-03-07,TMAX,128
USC00310576,2013-11-26,TMAX,89
USC00310576,2013-11-26,TMIN,-11
USC00310356,2010-08-27,TMIN,239
USC00314144,2006-06-28,TMIN,200
USC00314144,2005-02-01,TMIN,-22
USC00314689,2013-08-16,TMAX,233
USC00314689,2013-08-16,TMIN,183
USC00314689,2013-04-25,TMAX,256
USC00314689,2013-04-25,TMIN,161
USW00093719,2011-09-27,TMIN,200
USW00093719,2011-09-27,TMAX,289
USR0000NNWB,2012-07-12,TMAX,317
USR0000NNWB,2012-07-12,TMIN,222
USR0000NHOF,2014-06-11,TMIN,233
USC00314144,2006-06-28,TMAX,322
USW00093765,2015-11-15,TMIN,28
USR0000NCRN,2009-08-21,TMIN,283
USC00314144,2008-03-18,TMAX,172
USC00314689,2007-12-23,TMAX,228
USC00316676,2012-07-23,TMIN,228
USC00316676,2012-07-23,TMAX,317
USW00093765,2011-01-17,TMIN,22
USW00093719,2008-06-25,TMIN,189
USW00093719,2008-06-25,TMAX,339
USC00314144,2008-01-24,TMIN,11
USC00314684,2011-11-07,TMAX,189
USC00314689,2007-12-23,TMIN,106
USC00314684,2011-11-07,TMIN,67
USC00315830,2006-11-24,TMIN,56
USC00310576,2009-01-10,TMIN,0
USC00310576,2009-01-10,TMAX,94
USC00316676,2011-06-05,TMIN,139
USR0000NCRN,2007-02-15,TMIN,44
USC00317170,2007-07-22,TMAX,272
USW00093743,2014-01-25,TMAX,83
USW00093765,2011-01-17,TMAX,144
USC00315830,2006-11-24,TMAX,167
USC00310356,2014-01-25,TMIN,-78
USR0000NCRN,2009-08-21,TMAX,306
USW00093719,2005-06-18,TMAX,278
USC00317170,2009-06-08,TMIN,189
USC00315830,2014-06-25,TMIN,256
USC00315830,2014-06-25,TMAX,294
USC00316096,2015-02-13,TMIN,-61
USC00316096,2015-02-13,TMAX,22
USR0000NHOF,2010-01-21,TMAX,106
USC00317170,2007-11-28,TMIN,39
USC00317170,2007-11-28,TMAX,156
USW00093719,2007-11-18,TMAX,200
USR0000NHOF,2010-01-21,TMIN,33
USW00093719,2005-06-18,TMIN,172
USC00317170,2009-06-08,TMAX,311
USC00316676,2013-02-10,TMIN,-17
USR0000NCRN,2008-04-20,TMIN,72
USR0000NCRN,2008-04-20,TMAX,244
USC00316096,2012-02-27,TMIN,-17
USC00316096,2012-02-27,TMAX,178
USC00314144,2008-01-24,TMAX,128
USC00316676,2013-02-10,TMAX,128
USW00093765,2008-08-31,TMAX,322
USW00013754,2008-11-03,TMIN,133
USR0000NCRN,2012-12-29,TMIN,56
USR0000NCRN,2012-12-29,TMAX,133
USW00093719,2007-10-06,TMAX,283
USW00093719,2007-10-06,TMIN,200
USR0000NHOF,2009-08-18,TMIN,200
USC00315830,2014-05-01,TMAX,261
USC00316676,2006-05-18,TMAX,256
USC00316676,2006-05-18,TMIN,122
USW00093765,2005-08-13,TMIN,239
USC00316096,2009-06-26,TMAX,306
USR0000NNWB,2005-01-13,TMIN,128
USC00316096,2009-06-26,TMIN,206
USC00315830,2014-05-01,TMIN,189
USR0000NNWB,2013-03-23,TMIN,28
USR0000NNWB,2013-03-23,TMAX,144
USC00316676,2011-03-15,TMIN,78
USC00310356,2008-10-26,TMIN,133
USR0000NCRN,2010-04-23,TMIN,94
USR0000NCRN,2010-04-23,TMAX,250
USC00314689,2006-09-25,TMIN,194
USW00093765,2005-08-13,TMAX,311
USC00314689,2006-09-25,TMAX,306
USR0000NNWB,2005-01-13,TMAX,250
USC00317170,2012-10-07,TMIN,178
USC00314689,2010-10-10,TMIN,111
USC00310576,2015-10-16,TMIN,83
USC00316096,2013-12-15,TMAX,167
USC00310576,2015-10-16,TMAX,244
USR0000NHOF,2011-09-17,TMAX,189
USW00093719,2011-10-12,TMIN,206
USW00093719,2011-10-12,TMAX,244
USC00310576,2010-07-27,TMIN,217
USC00317170,2012-10-07,TMAX,250
USC00310576,2010-07-27,TMAX,317
USC00314689,2008-10-20,TMIN,28
USR0000NHOF,2009-07-13,TMIN,211
USR0000NHOF,2009-07-13,TMAX,256
USC00310356,2008-12-19,TMIN,111
USW00093719,2010-03-09,TMAX,222
USW00093719,2010-03-09,TMIN,-6
USR0000NCRN,2011-10-27,TMIN,167
USR0000NCRN,2011-10-27,TMAX,244
USR0000NHOF,2011-09-18,TMIN,156
USR0000NHOF,2011-09-17,TMIN,161
USR0000NNWB,2011-04-07,TMIN,67
USC00314689,2015-04-07,TMIN,139
USR0000NNWB,2012-01-05,TMAX,139
USW00013754,2013-03-23,TMIN,0
USW00093765,2012-10-07,TMIN,156
USR0000NNWB,2012-01-05,TMIN,-6
USR0000NCRN,2010-01-22,TMAX,117
USR0000NCRN,2010-01-22,TMIN,50
USW00013754,2013-03-23,TMAX,144
USW00093765,2012-10-07,TMAX,267
USC00316096,2013-01-21,TMIN,0
USW00093765,2013-04-27,TMAX,217
USC00314684,2014-05-13,TMIN,189
USC00316676,2010-10-05,TMIN,83
USW00093743,2011-09-17,TMIN,178
USC00316676,2010-10-05,TMAX,178
USC00310356,2012-12-07,TMIN,83
USC00316096,2011-10-05,TMAX,233
USC00314689,2015-08-13,TMIN,172
USC00314689,2015-01-20,TMIN,67
USW00093765,2013-04-27,TMIN,117
USR0000NNWB,2011-04-07,TMAX,261
USC00314144,2009-03-09,TMAX,289
USC00310576,2015-10-27,TMAX,183
USC00314689,2015-04-07,TMAX,244
USC00310356,2009-07-13,TMIN,222
USC00310356,2009-07-13,TMAX,294
USC00310356,2006-10-09,TMIN,139
USC00316676,2011-03-15,TMAX,167
USR0000NCRN,2005-12-15,TMAX,172
USR0000NCRN,2005-12-15,TMIN,28
USC00316676,2014-12-23,TMIN,72
USC00314144,2009-03-09,TMIN,72
USC00316676,2014-12-23,TMAX,106
USC00315830,2006-07-31,TMAX,333
USC00317170,2009-07-25,TMAX,322
USC00310576,2015-10-27,TMIN,150
USC00316676,2014-06-24,TMIN,206
USC00316676,2014-06-24,TMAX,294
USC00310356,2006-10-09,TMAX,217
USC00317170,2009-07-25,TMIN,206
USC00316096,2013-01-21,TMAX,167
USC00315830,2006-07-31,TMIN,244
USC00314144,2007-06-26,TMAX,300
USW00093719,2005-05-30,TMAX,200
USC00310576,2006-04-09,TMIN,72
USC00314684,2006-03-13,TMAX,278
USC00310576,2008-02-15,TMAX,122
USC00310576,2008-02-15,TMIN,11
USR0000NHOF,2015-05-30,TMIN,156
USR0000NCRN,2007-08-17,TMAX,317
USW00093743,2011-05-17,TMIN,167
USC00316676,2015-06-30,TMIN,200
USC00315830,2014-01-14,TMIN,100
USR0000NCRN,2011-01-24,TMAX,39
USC00316676,2015-06-30,TMAX,294
USC00310576,2009-11-06,TMAX,200
USW00093765,2014-08-14,TMAX,289
USC00315830,2008-09-16,TMAX,311
USC00315830,2008-09-16,TMIN,228
USW00093719,2013-04-27,TMAX,228
USW00093719,2013-04-27,TMIN,94
USW00093765,2014-08-14,TMIN,206
USC00314684,2006-03-29,TMIN,61
USC00315830,2014-01-14,TMAX,178
USC00314144,2010-01-04,TMIN,-94
USC00314684,2006-03-13,TMIN,167
USR0000NHOF,2015-05-30,TMAX,311
USW00093765,2009-07-25,TMAX,294
USW00093765,2009-07-25,TMIN,250
USC00316676,2006-11-20,TMAX,161
USC00310356,2015-05-30,TMAX,289
USC00316096,2010-06-18,TMAX,322
USC00310356,2015-05-30,TMIN,211
USC00316096,2010-06-18,TMIN,200
USC00314689,2015-04-28,TMAX,217
USC00314144,2008-11-25,TMAX,133
USC00314689,2015-04-28,TMIN,67
USC00314144,2010-01-22,TMIN,50
USC00314689,2012-03-03,TMAX,189
USC00310576,2009-11-06,TMIN,39
USC00314684,2009-03-23,TMAX,178
USC00314684,2009-03-23,TMIN,-17
USR0000NCRN,2011-01-24,TMIN,-17
USC00315830,2014-09-05,TMIN,239
USC00315830,2014-09-05,TMAX,306
USC00314144,2010-01-22,TMAX,100
USR0000NHOF,2009-08-18,TMAX,317
USR0000NNWB,2014-04-14,TMIN,133
USC00310576,2014-10-05,TMAX,278
USW00093765,2009-02-12,TMIN,117
USC00310356,2008-12-19,TMAX,144
USW00093719,2005-05-30,TMIN,178
USW00013754,2014-04-14,TMIN,128
USR0000NHOF,2011-09-18,TMAX,211
USC00317170,2009-10-31,TMAX,272
USC00317170,2009-10-31,TMIN,178
USC00314689,2010-10-10,TMAX,294
USC00316096,2013-12-15,TMIN,39
USC00314689,2011-02-23,TMAX,111
USW00093765,2009-02-12,TMAX,217
USC00314689,2008-10-20,TMAX,178
USC00314689,2011-02-23,TMIN,39
USC00314689,2008-06-19,TMAX,328
USC00310576,2006-04-09,TMAX,144
USC00316096,2010-12-19,TMAX,61
USC00316096,2010-12-19,TMIN,-6
USC00314689,2008-06-19,TMIN,150
USW00013754,2014-04-14,TMAX,261
USC00314144,2010-01-04,TMAX,22
USW00093743,2012-12-07,TMAX,178
USR0000NCRN,2008-12-29,TMIN,28
USW00093719,2013-03-23,TMIN,17
USC00314684,2006-03-29,TMAX,189
USC00314689,2012-03-03,TMIN,172
USC00316676,2007-08-17,TMAX,328
USC00316676,2007-08-17,TMIN,239
USC00310576,2014-10-05,TMIN,78
USR0000NNWB,2014-04-14,TMAX,267
USW00093719,2013-03-23,TMAX,144
USW00093743,2012-12-07,TMIN,72
USC00314689,2015-08-19,TMIN,211
USC00314689,2015-08-19,TMAX,300
USC00314689,2015-09-03,TMIN,189
USC00315830,2008-12-03,TMIN,-17
USR0000NHOF,2015-10-02,TMIN,161
USC00315830,2008-12-03,TMAX,111
USR0000NHOF,2006-10-09,TMIN,172
USR0000NHOF,2006-10-09,TMAX,244
USR0000NCRN,2008-12-29,TMAX,178
USR0000NHOF,2015-10-02,TMAX,222
USW00093719,2014-11-13,TMIN,83
USC00310356,2012-12-07,TMAX,106
USW00093719,2014-11-13,TMAX,200
USC00314689,2010-12-19,TMAX,56
USC00314689,2010-12-19,TMIN,-22
USC00317170,2009-09-16,TMIN,183
USC00314144,2010-09-22,TMAX,300
USC00316676,2015-05-11,TMAX,250
USC00314684,2009-02-06,TMAX,11
USC00316676,2005-12-05,TMIN,83
USC00316676,2005-12-05,TMAX,222
USC00314689,2010-06-18,TMIN,217
USC00317170,2009-09-16,TMAX,311
USW00013754,2010-11-26,TMIN,144
USC00314684,2009-02-06,TMIN,-89
USR0000NCRN,2005-11-06,TMIN,144
USW00013754,2010-11-26,TMAX,250
USR0000NHOF,2006-01-18,TMAX,206
USR0000NHOF,2006-01-18,TMIN,-22
USR0000NHOF,2011-05-17,TMAX,228
USW00093743,2011-09-05,TMAX,300
USR0000NCRN,2005-11-06,TMAX,256
USW00093743,2011-09-05,TMIN,244
USC00314689,2013-01-08,TMIN,-11
USC00316096,2009-09-23,TMIN,206
USC00310356,2011-09-05,TMAX,300
USC00314689,2005-05-12,TMAX,322
USC00314689,2005-05-12,TMIN,178
USC00316676,2008-05-27,TMAX,278
USC00310576,2007-03-18,TMIN,11
USC00310356,2011-09-05,TMIN,250
USC00310576,2007-03-18,TMAX,111
USC00316096,2011-10-05,TMIN,72
USC00314689,2013-01-08,TMAX,172
USC00310356,2011-09-17,TMIN,183
USC00316676,2008-05-09,TMIN,106
USC00316676,2013-11-13,TMIN,28
USC00316676,2015-05-11,TMIN,206
USC00316676,2013-11-13,TMAX,194
USC00316096,2009-09-23,TMAX,289
USC00310576,2009-09-08,TMIN,206
USC00314689,2010-06-18,TMAX,333
USC00310576,2009-09-08,TMAX,233
USC00316676,2008-05-09,TMAX,256
USC00316676,2008-05-27,TMIN,144
USW00093765,2007-07-29,TMIN,222
USC00317170,2012-08-15,TMAX,322
USW00093743,2010-01-22,TMIN,56
USC00314689,2013-01-21,TMIN,-6
USR0000NNWB,2014-11-13,TMIN,72
USR0000NNWB,2014-11-13,TMAX,183
USR0000NHOF,2011-08-29,TMIN,189
USC00315830,2010-06-05,TMIN,256
USC00310356,2011-09-10,TMAX,283
USW00093765,2007-05-28,TMIN,200
USW00093743,2010-01-22,TMAX,122
USR0000NHOF,2011-08-29,TMAX,328
USR0000NHOF,2011-09-05,TMAX,294
USC00316676,2014-02-11,TMIN,11
USC00316676,2014-02-11,TMAX,94
USW00093719,2007-01-14,TMIN,111
USW00093719,2007-01-14,TMAX,233
USW00013754,2009-08-09,TMAX,322
USW00013754,2009-08-09,TMIN,217
USC00314689,2006-08-27,TMIN,194
USW00093765,2007-05-28,TMAX,267
USW00093765,2007-07-29,TMAX,294
USC00314689,2013-01-21,TMAX,178
USC00310356,2010-01-22,TMIN,61
USC00317170,2012-08-15,TMIN,217
USC00314144,2010-09-22,TMIN,133
USC00314684,2013-04-27,TMAX,228
USC00314684,2013-04-27,TMIN,78
USW00093719,2012-10-07,TMIN,139
USW00093719,2012-10-07,TMAX,261
USC00315830,2011-11-08,TMAX,206
USC00310356,2014-03-08,TMAX,106
USC00314684,2013-12-15,TMAX,183
USC00310356,2014-03-08,TMIN,17
USC00315830,2014-10-05,TMAX,267
USC00315830,2014-10-05,TMIN,94
USR0000NHOF,2014-03-08,TMAX,211
USR0000NHOF,2014-03-08,TMIN,6
USC00315830,2011-11-08,TMIN,106
USR0000NHOF,2011-05-17,TMIN,106
USC00310356,2010-01-22,TMAX,122
USC00314684,2013-12-15,TMIN,50
USR0000NCRN,2015-08-16,TMAX,306
USC00310356,2006-01-18,TMAX,172
USC00310356,2011-09-10,TMIN,222
USC00317170,2012-12-02,TMIN,22
USC00314144,2009-05-02,TMAX,272
USC00314144,2007-07-03,TMAX,261
USW00093765,2011-07-07,TMIN,256
USC00314144,2009-05-02,TMIN,194
USC00314689,2015-08-13,TMAX,311
USC00314689,2015-01-20,TMAX,183
USR0000NCRN,2008-12-14,TMAX,178
USW00013754,2011-11-29,TMIN,78
USC00316676,2010-03-20,TMIN,33
USC00316676,2010-03-20,TMAX,244
USC00316676,2012-03-07,TMAX,122
USW00013754,2011-11-29,TMAX,217
USW00093743,2013-12-23,TMAX,217
USR0000NCRN,2008-12-14,TMIN,39
USC00315830,2013-07-07,TMIN,250
USC00315830,2013-07-07,TMAX,300
USC00314144,2007-07-03,TMIN,117
USC00314684,2014-05-13,TMAX,322
USC00314144,2005-03-15,TMAX,139
USW00093743,2013-12-23,TMIN,156
USC00316676,2012-09-07,TMIN,217
USW00093765,2011-07-07,TMAX,317
USC00310356,2008-10-26,TMAX,233
USW00093765,2009-04-22,TMAX,189
USC00310356,2013-12-23,TMAX,228
USW00093765,2009-04-22,TMIN,78
USC00314144,2007-06-26,TMIN,183
USW00093719,2005-02-26,TMAX,111
USW00093719,2005-02-26,TMIN,-22
USC00317170,2014-08-14,TMAX,294
USC00316676,2012-09-07,TMAX,317
USC00317170,2014-08-14,TMIN,172
USC00310356,2013-12-23,TMIN,194
USC00314144,2005-03-15,TMIN,-39
USC00310576,2005-01-21,TMAX,33
USC00310576,2005-01-21,TMIN,11
USR0000NCRN,2014-03-08,TMAX,167
USR0000NCRN,2014-03-08,TMIN,11
USC00316676,2012-05-15,TMAX,261
USC00316676,2012-05-15,TMIN,183
USC00316676,2012-03-07,TMIN,6
USC00317170,2013-04-27,TMAX,222
USC00317170,2013-04-27,TMIN,83
USW00093743,2011-09-10,TMIN,206
USW00093719,2006-12-28,TMAX,150
USR0000NCRN,2013-02-26,TMAX,144
USW00013754,2014-11-26,TMAX,222
USC00315830,2007-10-15,TMAX,250
USR0000NCRN,2013-08-18,TMAX,294
USC00314689,2009-06-26,TMAX,333
USC00314689,2009-06-26,TMIN,222
USR0000NCRN,2013-08-18,TMIN,217
USW00093719,2006-12-28,TMIN,-11
USC00316096,2015-11-15,TMAX,172
USC00316096,2015-11-15,TMIN,-6
USR0000NCRN,2013-02-26,TMIN,50
USC00316096,2015-08-19,TMAX,283
USC00314684,2010-09-12,TMIN,167
USC00316096,2009-12-21,TMAX,83
USC00314684,2010-09-12,TMAX,256
USC00316096,2009-12-21,TMIN,-39
USW00013754,2014-11-26,TMIN,67
USC00315830,2010-11-18,TMAX,206
USC00316096,2015-08-19,TMIN,211
USC00317170,2013-12-28,TMAX,167
USC00315830,2007-10-15,TMIN,100
USC00315830,2013-10-06,TMAX,283
USC00315830,2013-10-06,TMIN,189
USC00317170,2013-12-28,TMIN,-22
USW00093719,2007-02-24,TMAX,122
USR0000NCRN,2012-11-19,TMAX,144
USC00316096,2013-01-08,TMAX,167
USW00093719,2007-02-24,TMIN,-39
USC00316096,2013-01-08,TMIN,11
USR0000NCRN,2012-11-19,TMIN,106
USW00093743,2011-09-10,TMAX,300
USC00317170,2012-12-02,TMAX,194
USW00093765,2015-10-22,TMAX,256
USW00093743,2011-09-17,TMAX,217
USW00093765,2015-10-22,TMIN,128
USW00093743,2008-12-19,TMAX,172
USW00093743,2008-12-19,TMIN,117
USC00315830,2010-11-18,TMIN,61
USC00316676,2005-09-10,TMIN,211
USC00316676,2005-09-10,TMAX,294
USC00314144,2006-04-26,TMAX,311
USC00310356,2015-10-02,TMIN,183
USC00310356,2015-10-02,TMAX,228
USC00314144,2006-04-26,TMIN,144
USC00316676,2009-01-24,TMAX,172
USC00314689,2009-05-12,TMAX,233
USC00315830,2008-08-26,TMIN,217
USC00314689,2009-05-12,TMIN,72
USC00314684,2007-03-12,TMAX,211
USW00093743,2008-10-26,TMIN,111
USC00310356,2014-10-05,TMAX,267
USC00315830,2015-12-21,TMAX,144
USC00314144,2011-05-03,TMIN,117
USC00310356,2014-10-05,TMIN,111
USC00316676,2013-08-17,TMAX,228
USC00316676,2013-08-17,TMIN,194
USC00316676,2011-09-21,TMAX,250
USC00310576,2013-10-06,TMAX,311
USC00315830,2015-12-21,TMIN,50
USC00310576,2013-10-06,TMIN,150
USC00314684,2009-12-21,TMAX,72
USC00316096,2012-10-07,TMIN,150
USC00314684,2007-03-12,TMIN,22
USC00316096,2012-10-07,TMAX,272
USC00314144,2011-05-03,TMAX,261
USC00314684,2007-04-17,TMAX,250
USC00317170,2014-11-13,TMIN,106
USC00310356,2011-05-17,TMIN,189
USC00315830,2011-01-07,TMAX,89
USC00317170,2014-11-13,TMAX,206
USC00315830,2008-07-14,TMIN,233
USW00093743,2009-04-19,TMIN,128
USW00093743,2009-04-19,TMAX,211
USC00315830,2008-07-14,TMAX,294
USC00314689,2007-09-06,TMAX,339
USR0000NCRN,2010-01-04,TMIN,-50
USC00316676,2009-01-24,TMIN,-11
USC00317170,2013-07-07,TMIN,200
USC00317170,2013-07-07,TMAX,328
USC00317170,2013-03-23,TMIN,11
USC00317170,2013-03-23,TMAX,139
USC00314689,2007-09-06,TMIN,189
USC00314684,2007-04-17,TMIN,50
USC00310576,2011-03-24,TMAX,294
USR0000NCRN,2010-01-04,TMAX,33
USW00093765,2012-12-02,TMIN,33
USC00316096,2010-12-15,TMIN,-83
USC00314144,2010-02-22,TMIN,-11
USW00093765,2011-04-30,TMIN,150
USW00093719,2008-07-02,TMIN,144
USC00315830,2015-09-16,TMAX,261
USC00315830,2010-06-24,TMIN,250
USC00315830,2015-09-16,TMIN,161
USC00315830,2008-08-26,TMAX,300
USC00316676,2015-07-16,TMAX,317
USC00314684,2012-02-09,TMAX,133
USW00093719,2008-07-02,TMAX,322
USC00315830,2010-06-24,TMAX,322
USR0000NCRN,2006-11-07,TMIN,117
USR0000NCRN,2006-11-07,TMAX,222
USW00093765,2011-04-30,TMAX,239
USC00316676,2010-05-22,TMAX,272
USC00316676,2010-05-22,TMIN,139
USC00314684,2005-05-12,TMAX,289
USW00013754,2013-10-29,TMAX,233
USC00316676,2015-07-16,TMIN,222
USW00093743,2008-10-26,TMAX,206
USC00316096,2010-12-15,TMAX,22
USC00315830,2011-01-07,TMIN,-17
USW00013754,2013-10-29,TMIN,94
USC00314144,2010-02-22,TMAX,183
USC00315830,2012-06-02,TMIN,217
USC00315830,2012-06-02,TMAX,300
USC00314684,2009-12-21,TMIN,-50
USC00316676,2011-06-28,TMIN,222
USC00316676,2011-06-28,TMAX,333
USC00310576,2015-02-13,TMIN,0
USC00310576,2015-02-13,TMAX,189
USC00314684,2012-02-09,TMIN,-28
USC00314689,2006-03-29,TMIN,89
USC00314144,2005-11-06,TMAX,267
USC00314144,2005-11-06,TMIN,117
USR0000NHOF,2014-10-05,TMAX,222
USR0000NHOF,2014-10-05,TMIN,22
USW00093765,2013-07-07,TMIN,250
USW00093765,2013-07-07,TMAX,294
USC00314689,2005-08-20,TMAX,350
USC00314689,2005-08-20,TMIN,250
USC00316096,2011-08-07,TMIN,267
USC00310356,2012-04-22,TMAX,244
USC00310356,2012-04-22,TMIN,178
USC00314689,2013-12-15,TMAX,128
USC00314144,2008-02-01,TMIN,83
USC00314144,2008-02-01,TMAX,206
USC00314689,2015-08-24,TMAX,328
USC00314689,2015-08-24,TMIN,189
USC00310576,2012-06-13,TMAX,289
USC00316676,2014-12-20,TMIN,17
USC00310576,2012-06-13,TMIN,217
USC00310356,2011-05-17,TMAX,244
USR0000NNWB,2007-02-22,TMIN,94
USC00314684,2008-08-24,TMIN,172
USC00315830,2005-02-13,TMAX,156
USW00093765,2012-02-27,TMAX,194
USR0000NCRN,2005-01-07,TMIN,83
USR0000NNWB,2007-02-22,TMAX,222
USC00317170,2009-02-12,TMIN,144
USW00093765,2006-12-28,TMIN,-5
USW00093765,2006-12-28,TMAX,161
USC00317170,2009-02-12,TMAX,217
USW00093765,2012-02-27,TMIN,22
USC00316096,2015-09-03,TMAX,306
USC00315830,2008-06-07,TMIN,239
USC00314684,2008-08-24,TMAX,306
USR0000NHOF,2015-10-30,TMAX,239
USC00314144,2011-01-06,TMAX,67
USC00310576,2015-03-03,TMAX,172
USC00314689,2007-01-28,TMAX,167
USC00314689,2007-01-28,TMIN,72
USC00316676,2014-12-20,TMAX,133
USR0000NHOF,2015-10-30,TMIN,78
USR0000NCRN,2014-10-05,TMAX,189
USC00315830,2008-06-07,TMAX,344
USR0000NCRN,2014-10-05,TMIN,72
USC00316676,2006-01-04,TMIN,61
USW00093719,2009-04-13,TMIN,44
USC00317170,2007-07-29,TMIN,217
USW00093743,2008-11-21,TMIN,-5
USW00093743,2008-11-21,TMAX,78
USC00316676,2006-01-04,TMAX,167
USR0000NNWB,2007-08-07,TMAX,367
USC00317170,2007-07-29,TMAX,306
USW00093719,2009-04-13,TMAX,167
USC00316096,2015-09-03,TMIN,206
USC00314684,2009-09-01,TMAX,228
USC00314689,2011-04-26,TMAX,294
USC00314689,2007-12-31,TMIN,78
USW00093743,2008-12-31,TMIN,11
USW00093743,2008-12-31,TMAX,172
USW00093719,2008-11-05,TMAX,189
USC00314689,2007-12-31,TMAX,167
USW00093719,2008-11-05,TMIN,161
USR0000NHOF,2012-04-22,TMIN,100
USR0000NHOF,2012-04-22,TMAX,200
USR0000NNWB,2007-08-07,TMIN,261
USC00316676,2009-05-26,TMIN,194
USC00316676,2009-05-26,TMAX,283
USW00093743,2012-04-22,TMIN,117
USW00093743,2012-04-22,TMAX,206
USW00093765,2012-12-02,TMAX,183
USC00314684,2010-08-25,TMIN,183
USC00314684,2010-08-25,TMAX,272
USR0000NHOF,2008-09-09,TMIN,189
USR0000NHOF,2008-09-09,TMAX,294
USC00314689,2013-12-15,TMIN,0
USC00314689,2012-10-07,TMAX,289
USC00314689,2012-10-07,TMIN,156
USC00310576,2012-12-13,TMIN,78
USW00093719,2008-12-17,TMIN,94
USC00316676,2005-03-17,TMAX,78
USC00316676,2005-03-17,TMIN,-28
USC00314684,2009-09-01,TMIN,183
USC00310576,2011-03-24,TMIN,100
USW00093719,2008-12-17,TMAX,228
USC00310356,2008-11-21,TMIN,50
USC00310356,2008-11-21,TMAX,172
USC00314689,2011-04-26,TMIN,194
USW00013754,2010-03-09,TMAX,206
USW00013754,2015-04-20,TMIN,200
USC00315830,2007-05-06,TMIN,144
USW00013754,2015-04-20,TMAX,267
USC00316676,2007-07-22,TMAX,261
USC00310576,2012-12-13,TMAX,106
USW00013754,2010-03-09,TMIN,0
USC00316676,2007-07-22,TMIN,161
USC00310356,2015-09-07,TMAX,272
USC00310356,2015-09-07,TMIN,239
USC00310576,2015-01-05,TMAX,222
USC00314689,2006-08-27,TMAX,311
USC00316096,2011-08-07,TMAX,328
USR0000NCRN,2015-05-30,TMAX,278
USW00013754,2013-04-27,TMIN,100
USC00316676,2015-08-04,TMAX,272
USC00316096,2010-12-08,TMAX,33
USR0000NHOF,2011-09-10,TMAX,306
USC00314144,2010-12-06,TMIN,-50
USC00314689,2015-03-13,TMAX,178
USC00316096,2010-10-10,TMAX,261
USC00316096,2010-10-10,TMIN,100
USW00013754,2013-04-27,TMAX,211
USC00314144,2010-12-06,TMAX,44
USC00314689,2015-09-03,TMAX,339
USW00093765,2007-01-14,TMIN,94
USW00093765,2007-01-14,TMAX,206
USC00316676,2014-12-11,TMIN,6
USC00316676,2015-08-04,TMIN,233
USW00093719,2009-06-08,TMIN,178
USW00093719,2009-06-08,TMAX,300
USC00314689,2008-10-23,TMAX,172
USC00316676,2014-12-11,TMAX,133
USC00314689,2008-10-23,TMIN,33
USR0000NHOF,2011-09-10,TMIN,156
USW00093719,2011-11-29,TMIN,67
USW00093719,2012-06-26,TMAX,250
USC00316676,2011-09-21,TMIN,178
USW00093719,2013-07-07,TMAX,328
USC00314144,2008-08-14,TMAX,278
USW00093765,2014-11-13,TMIN,89
USW00093765,2014-11-13,TMAX,206
USC00314684,2013-01-16,TMIN,100
USC00314144,2008-08-14,TMIN,139
USW00093719,2011-11-29,TMAX,222
USW00013754,2005-01-13,TMAX,244
USC00316676,2007-10-28,TMIN,133
USC00314684,2013-01-16,TMAX,150
USW00093719,2006-11-24,TMAX,172
USW00093719,2006-11-24,TMIN,39
USC00316676,2007-10-28,TMAX,222
USC00315830,2006-08-20,TMIN,244
USC00315830,2006-08-20,TMAX,306
USC00314684,2007-10-11,TMIN,144
USW00013754,2005-01-13,TMIN,117
USW00093719,2012-06-26,TMIN,150
USC00317170,2015-02-23,TMAX,150
USC00317170,2015-02-23,TMIN,6
USR0000NCRN,2007-08-17,TMIN,272
USC00315830,2013-09-17,TMAX,261
USR0000NNWB,2006-09-19,TMIN,194
USW00013754,2013-07-07,TMIN,200
USC00314144,2006-11-15,TMAX,244
USW00013754,2013-07-07,TMAX,306
USR0000NHOF,2015-09-07,TMAX,311
USC00314144,2006-11-15,TMIN,72
USC00316676,2010-08-19,TMAX,328
USR0000NHOF,2015-09-07,TMIN,206
USC00316676,2006-11-20,TMIN,39
USW00093719,2007-09-27,TMIN,211
USW00093743,2009-08-18,TMAX,306
USW00093743,2009-08-18,TMIN,228
USC00310576,2006-03-01,TMIN,72
USC00310576,2006-03-01,TMAX,206
USW00093765,2009-10-31,TMAX,261
USW00093765,2009-10-31,TMIN,211
USW00013754,2005-06-06,TMIN,222
USR0000NNWB,2010-11-21,TMAX,233
USC00316676,2010-08-19,TMIN,222
USW00093719,2007-09-27,TMAX,289
USR0000NHOF,2012-12-07,TMIN,67
USR0000NNWB,2006-09-19,TMAX,294
USR0000NNWB,2010-11-21,TMIN,44
USC00314684,2011-02-12,TMIN,-33
USR0000NNWB,2013-04-27,TMAX,239
USC00314684,2011-02-12,TMAX,50
USR0000NNWB,2013-04-27,TMIN,94
USC00316096,2010-12-08,TMIN,-83
USW00013754,2005-06-06,TMAX,311
USC00314684,2009-09-23,TMAX,261
USC00314144,2006-06-27,TMIN,211
USC00314144,2006-06-27,TMAX,267
USC00315830,2013-09-17,TMIN,194
USR0000NHOF,2012-12-07,TMAX,172
USR0000NCRN,2010-04-29,TMAX,206
USC00316676,2012-07-12,TMAX,289
USC00316676,2012-07-12,TMIN,222
USR0000NCRN,2010-04-29,TMIN,28
USC00314684,2009-09-23,TMIN,217
USR0000NCRN,2011-12-23,TMIN,106
USW00093719,2013-07-07,TMIN,211
USR0000NCRN,2011-12-23,TMAX,206
USW00013754,2011-05-31,TMAX,378
USW00013754,2011-05-31,TMIN,217
USC00317170,2015-04-03,TMIN,128
USC00310356,2009-04-19,TMAX,194
USR0000NNWB,2010-03-09,TMAX,233
USR0000NNWB,2010-03-09,TMIN,17
USR0000NCRN,2006-04-26,TMIN,144
USC00310576,2012-03-24,TMAX,278
USC00310356,2008-12-31,TMAX,150
USC00310576,2012-03-24,TMIN,117
USR0000NCRN,2011-07-24,TMAX,322
USW00093765,2013-03-23,TMIN,56
USR0000NCRN,2011-07-24,TMIN,250
USC00310356,2009-08-18,TMAX,300
USW00093765,2013-03-23,TMAX,133
USC00314684,2007-10-11,TMAX,294
USC00310356,2009-08-18,TMIN,250
USC00316096,2015-04-28,TMAX,194
USR0000NCRN,2006-04-26,TMAX,211
USC00315830,2010-07-19,TMAX,306
USC00310356,2008-12-31,TMIN,67
USC00316096,2011-02-23,TMIN,11
USR0000NCRN,2015-05-30,TMIN,172
USW00013754,2012-01-05,TMAX,139
USW00093765,2015-02-23,TMAX,128
USW00013754,2012-01-05,TMIN,-10
USW00093765,2015-02-23,TMIN,-10
USR0000NCRN,2006-06-27,TMIN,233
USW00093765,2015-11-03,TMIN,178
USR0000NCRN,2006-06-27,TMAX,256
USW00093719,2009-10-19,TMIN,39
USC00310356,2009-04-19,TMIN,106
USC00316096,2011-01-27,TMAX,100
USC00314684,2013-01-21,TMAX,183
USC00314684,2005-05-12,TMIN,117
USC00310356,2007-09-21,TMAX,233
USW00093719,2009-10-19,TMAX,161
USC00314684,2013-01-21,TMIN,-17
USC00317170,2015-04-03,TMAX,267
USC00316096,2011-02-23,TMAX,122
USC00316096,2011-01-27,TMIN,-17
USC00314684,2013-01-08,TMAX,111
USC00314684,2013-01-08,TMIN,-11
USR0000NCRN,2006-01-18,TMAX,194
USC00310356,2008-09-09,TMAX,311
USR0000NCRN,2012-11-10,TMAX,189
USC00314684,2007-09-22,TMIN,206
USW00093743,2011-05-17,TMAX,239
USC00310576,2015-01-05,TMIN,100
USR0000NNWB,2010-11-26,TMAX,239
USR0000NCRN,2008-03-29,TMAX,161
USW00093765,2012-08-15,TMAX,306
USC00310576,2011-05-22,TMIN,128
USW00013754,2010-09-27,TMAX,267
USR0000NCRN,2012-04-22,TMAX,200
USR0000NCRN,2008-03-29,TMIN,0
USW00093765,2012-08-15,TMIN,217
USW00013754,2010-09-27,TMIN,206
USC00314689,2006-02-02,TMAX,167
USC00314684,2012-10-07,TMIN,133
USC00314689,2006-02-02,TMIN,6
USC00314684,2012-10-07,TMAX,289
USR0000NCRN,2012-04-22,TMIN,111
USR0000NCRN,2012-11-10,TMIN,6
USC00314144,2005-11-01,TMAX,256
USC00310356,2008-09-09,TMIN,267
USC00315830,2010-07-19,TMIN,233
USC00314144,2005-12-15,TMAX,161
USR0000NCRN,2013-02-10,TMIN,-39
USC00316096,2015-04-28,TMIN,61
USR0000NCRN,2013-02-10,TMAX,133
USC00310576,2008-07-21,TMIN,222
USC00314684,2011-01-14,TMIN,-83
USC00310576,2008-07-21,TMAX,283
USC00310576,2012-01-25,TMIN,39
USC00310576,2012-01-25,TMAX,217
USC00316676,2014-07-31,TMIN,189
USC00314144,2005-12-15,TMIN,-11
USC00316676,2014-07-31,TMAX,283
USW00093719,2014-04-14,TMIN,117
USC00314684,2007-09-22,TMAX,278
USW00093719,2014-04-14,TMAX,278
USC00310576,2011-05-22,TMAX,294
USC00314684,2011-01-14,TMAX,33
USC00314144,2005-11-01,TMIN,44
USW00093765,2015-11-03,TMAX,194
USC00315830,2010-06-05,TMAX,289
USC00315830,2005-02-21,TMIN,89
USC00315830,2005-02-21,TMAX,156
USC00310576,2010-08-27,TMIN,194
USR0000NNWB,2007-11-28,TMIN,11
USC00310576,2014-01-14,TMIN,17
USC00310576,2014-01-14,TMAX,189
USC00315830,2009-06-11,TMAX,283
USR0000NNWB,2007-11-28,TMAX,156
USW00093743,2013-11-27,TMIN,17
USR0000NNWB,2010-06-11,TMAX,328
USC00310576,2010-08-27,TMAX,328
USC00314689,2005-09-10,TMIN,183
USC00317170,2009-04-13,TMAX,178
USC00310576,2015-10-02,TMAX,217
USC00317170,2009-04-13,TMIN,61
USW00013754,2012-06-26,TMIN,156
USR0000NCRN,2015-02-13,TMIN,-61
USC00310576,2015-10-02,TMIN,183
USR0000NCRN,2015-02-13,TMAX,33
USC00310356,2015-11-12,TMIN,117
USC00316096,2015-03-13,TMAX,172
USW00013754,2012-06-26,TMAX,256
USC00315830,2009-06-11,TMIN,183
USW00093743,2013-11-27,TMAX,217
USR0000NHOF,2006-05-19,TMAX,233
USR0000NHOF,2007-06-23,TMIN,178
USR0000NHOF,2006-05-19,TMIN,78
USC00314684,2010-12-15,TMAX,0
USC00315830,2015-05-30,TMAX,278
USR0000NNWB,2008-10-25,TMIN,167
USC00315830,2015-05-30,TMIN,194
USR0000NNWB,2007-05-13,TMIN,106
USC00315830,2015-01-15,TMIN,17
USW00093719,2006-03-29,TMIN,39
USR0000NHOF,2007-06-23,TMAX,289
USC00316676,2009-05-29,TMAX,289
USC00315830,2015-01-15,TMAX,56
USW00093719,2006-03-29,TMAX,200
USW00093765,2006-11-24,TMAX,167
USC00316676,2009-05-29,TMIN,206
USC00316676,2009-08-24,TMIN,200
USW00093765,2006-11-24,TMIN,61
USC00316676,2009-08-24,TMAX,289
USC00314689,2011-06-13,TMAX,328
USR0000NCRN,2009-02-23,TMIN,-28
USR0000NCRN,2009-02-23,TMAX,61
USC00316676,2010-05-03,TMIN,206
USC00316676,2010-05-03,TMAX,328
USC00317170,2009-02-28,TMIN,89
USC00317170,2009-02-28,TMAX,178
USR0000NHOF,2006-03-01,TMIN,61
USC00310576,2012-02-24,TMAX,239
USC00310576,2008-12-24,TMIN,-17
USC00314689,2012-04-21,TMIN,167
USC00310576,2010-04-16,TMIN,33
USC00314689,2012-04-21,TMAX,283
USW00093719,2009-08-09,TMAX,328
USW00093719,2009-08-09,TMIN,217
USC00314684,2009-10-31,TMAX,194
USC00314684,2009-10-31,TMIN,133
USC00314689,2011-06-28,TMIN,217
USC00314689,2011-06-28,TMAX,344
USW00093765,2014-10-05,TMAX,189
USC00310576,2008-12-24,TMAX,83
USR0000NHOF,2006-03-01,TMAX,250
USC00314144,2005-06-21,TMAX,289
USC00316676,2007-06-16,TMIN,144
USW00093719,2010-04-05,TMAX,306
USC00310356,2015-11-12,TMAX,194
USC00316676,2015-08-31,TMIN,189
USR0000NNWB,2010-06-11,TMIN,217
USC00317170,2014-05-13,TMIN,194
USC00317170,2014-05-13,TMAX,361
USC00314144,2008-11-01,TMAX,222
USC00316096,2012-03-16,TMIN,144
USC00316676,2015-08-31,TMAX,289
USC00316676,2007-06-16,TMAX,256
USC00316096,2012-03-16,TMAX,239
USW00093719,2010-04-05,TMIN,161
USR0000NCRN,2010-08-07,TMAX,306
USR0000NCRN,2010-08-07,TMIN,228
USC00316096,2009-08-03,TMIN,211
USC00310576,2010-04-16,TMAX,239
USC00316096,2009-08-03,TMAX,283
USR0000NCRN,2008-07-27,TMAX,294
USR0000NCRN,2008-07-27,TMIN,233
USC00314144,2008-11-01,TMIN,-28
USW00013754,2010-07-04,TMIN,144
USW00013754,2010-07-04,TMAX,300
USC00314684,2010-12-15,TMIN,-106
USW00093719,2010-11-21,TMIN,33
USC00317170,2015-12-01,TMIN,106
USC00314689,2008-11-29,TMAX,189
USC00314689,2008-11-29,TMIN,67
USC00316676,2015-03-28,TMIN,56
USR0000NHOF,2011-12-23,TMIN,89
USR0000NCRN,2005-10-17,TMAX,217
USR0000NCRN,2005-10-17,TMIN,78
USW00093719,2010-11-21,TMAX,217
USC00316676,2015-03-28,TMAX,200
USW00013754,2007-01-14,TMAX,233
USC00315830,2009-06-21,TMIN,228
USW00093719,2014-10-05,TMAX,211
USW00093719,2014-10-05,TMIN,78
USR0000NHOF,2007-08-07,TMAX,350
USW00013754,2010-09-02,TMAX,289
USW00093719,2012-01-05,TMAX,133
USC00317170,2011-03-07,TMIN,44
USW00013754,2007-01-14,TMIN,83
USW00093719,2012-01-05,TMIN,-17
USR0000NHOF,2011-12-23,TMAX,211
USW00013754,2011-06-17,TMIN,222
USW00013754,2015-12-21,TMIN,50
USR0000NCRN,2010-03-28,TMAX,200
USW00013754,2006-12-28,TMIN,-5
USC00314689,2015-06-30,TMIN,172
USC00314684,2012-12-28,TMIN,-33
USC00314689,2015-06-30,TMAX,322
USW00013754,2006-12-28,TMAX,150
USR0000NCRN,2010-03-28,TMIN,56
USC00314684,2006-01-04,TMAX,150
USC00314684,2012-12-28,TMAX,106
USC00314144,2009-06-15,TMIN,172
USC00314144,2009-06-15,TMAX,289
USC00314144,2006-07-17,TMAX,344
USC00314684,2006-01-04,TMIN,39
USR0000NHOF,2007-08-07,TMIN,239
USC00316096,2015-03-13,TMIN,39
USC00314144,2006-07-17,TMIN,194
USW00013754,2011-06-17,TMAX,322
USC00317170,2015-12-01,TMAX,183
USR0000NNWB,2006-10-20,TMAX,289
USC00317170,2011-03-07,TMAX,144
USW00093719,2005-01-13,TMAX,256
USC00316096,2015-06-30,TMIN,206
USC00316096,2015-06-30,TMAX,306
USR0000NNWB,2015-12-21,TMAX,211
USW00093719,2013-10-06,TMAX,294
USW00093719,2013-10-06,TMIN,167
USC00317170,2007-05-18,TMIN,156
USR0000NNWB,2007-05-13,TMAX,200
USC00314684,2011-08-07,TMIN,233
USC00310356,2006-05-19,TMIN,144
USC00314689,2011-10-05,TMIN,94
USC00315830,2009-06-21,TMAX,333
USC00317170,2012-02-09,TMIN,6
USC00317170,2012-02-09,TMAX,100
USC00314684,2014-07-31,TMIN,183
USC00314684,2014-07-31,TMAX,294
USC00314684,2011-08-07,TMAX,300
USC00314689,2011-06-13,TMIN,211
USR0000NNWB,2015-12-21,TMIN,56
USC00317170,2007-05-18,TMAX,183
USC00310356,2006-05-19,TMAX,228
USC00314689,2011-10-05,TMAX,239
USW00013754,2010-09-02,TMIN,200
USW00093719,2005-01-13,TMIN,106
USR0000NNWB,2008-10-25,TMAX,256
USW00093743,2008-01-22,TMIN,0
USR0000NCRN,2012-10-27,TMAX,211
USW00093719,2014-05-21,TMAX,311
USC00316676,2006-04-25,TMIN,150
USR0000NNWB,2006-10-20,TMIN,139
USR0000NHOF,2008-10-08,TMIN,56
USR0000NHOF,2008-10-08,TMAX,250
USR0000NCRN,2005-04-15,TMAX,133
USC00316676,2006-04-25,TMAX,267
USW00093743,2008-01-22,TMAX,322
USW00093719,2014-05-21,TMIN,172
USC00310576,2013-09-17,TMIN,161
USR0000NCRN,2005-04-15,TMIN,61
USR0000NCRN,2014-01-01,TMAX,117
USR0000NCRN,2014-01-01,TMIN,-11
USR0000NCRN,2012-10-27,TMIN,172
USC00310576,2013-09-17,TMAX,300
USC00317170,2013-12-15,TMIN,100
USW00013754,2015-12-21,TMAX,217
USW00093765,2014-10-05,TMIN,100
USC00310576,2005-06-25,TMIN,206
USC00314144,2008-08-05,TMAX,344
USW00093765,2013-10-06,TMAX,272
USW00093765,2013-10-06,TMIN,183
USR0000NCRN,2011-08-29,TMAX,317
USC00314684,2007-04-06,TMIN,-11
USR0000NHOF,2007-03-26,TMAX,228
USC00314684,2012-04-21,TMIN,133
USR0000NHOF,2005-11-06,TMAX,244
USC00314144,2008-08-05,TMIN,239
USC00314684,2012-04-21,TMAX,250
USR0000NHOF,2005-11-06,TMIN,100
USC00314684,2015-01-20,TMIN,22
USC00314684,2015-01-20,TMAX,161
USC00310576,2005-11-29,TMAX,239
USC00310576,2005-11-29,TMIN,172
USR0000NCRN,2013-04-28,TMAX,222
USR0000NCRN,2013-04-28,TMIN,106
USC00314684,2007-09-06,TMIN,167
USC00310356,2012-10-27,TMIN,189
USW00093765,2008-07-02,TMAX,294
USW00093719,2005-06-06,TMIN,206
USC00314144,2005-06-21,TMIN,100
USC00315830,2012-01-31,TMAX,172
USC00314144,2006-10-09,TMIN,172
USC00314144,2006-10-09,TMAX,272
USC00316096,2011-06-28,TMIN,250
USC00315830,2007-04-04,TMIN,183
USC00315830,2012-01-31,TMIN,22
USC00316096,2011-06-28,TMAX,300
USW00093719,2006-10-20,TMAX,289
USW00093719,2005-06-06,TMAX,306
USC00314689,2006-06-26,TMIN,222
USC00316096,2015-04-07,TMIN,106
USC00314684,2010-03-09,TMAX,167
USC00314684,2010-03-09,TMIN,-11
USC00316096,2015-04-07,TMAX,228
USC00314144,2005-08-01,TMAX,311
USC00314144,2005-08-01,TMIN,206
USR0000NCRN,2011-08-29,TMIN,200
USC00310356,2012-10-27,TMAX,250
USW00093719,2006-10-20,TMIN,139
USC00315830,2007-04-04,TMAX,267
USW00093765,2008-07-02,TMIN,183
USC00314684,2007-09-06,TMAX,339
USC00316096,2010-09-25,TMAX,294
USR0000NNWB,2009-09-11,TMAX,244
USR0000NNWB,2009-09-11,TMIN,172
USC00317170,2012-12-28,TMIN,-11
USC00317170,2012-12-28,TMAX,83
USC00314689,2014-08-14,TMAX,300
USC00314684,2007-09-12,TMAX,350
USC00310576,2012-06-02,TMIN,200
USR0000NCRN,2012-12-07,TMAX,183
USC00314684,2014-10-05,TMAX,261
USC00314684,2007-09-12,TMIN,233
USC00314689,2008-10-06,TMAX,278
USC00316096,2010-09-25,TMIN,161
USC00314689,2008-10-06,TMIN,111
USC00314684,2014-10-05,TMIN,33
USW00013754,2014-05-01,TMAX,267
USW00013754,2014-05-01,TMIN,211
USC00317170,2013-10-06,TMAX,294
USC00314689,2014-08-14,TMIN,172
USC00315830,2008-10-30,TMIN,17
USR0000NCRN,2012-12-07,TMIN,83
USC00317170,2014-07-31,TMIN,178
USC00314684,2005-09-10,TMIN,172
USC00314684,2005-09-10,TMAX,300
USW00093743,2012-10-27,TMAX,211
USW00013754,2011-11-08,TMAX,217
USW00093743,2012-10-27,TMIN,172
USW00013754,2011-11-08,TMIN,83
USR0000NHOF,2010-07-27,TMIN,211
USC00315830,2014-03-08,TMAX,156
USC00317170,2014-07-31,TMAX,294
USR0000NHOF,2010-07-27,TMAX,283
USR0000NNWB,2010-09-27,TMAX,233
USR0000NNWB,2010-09-27,TMIN,206
USR0000NNWB,2006-03-29,TMAX,200
USW00093719,2015-12-21,TMAX,211
USW00093719,2015-12-21,TMIN,44
USC00315830,2014-03-08,TMIN,17
USW00093743,2008-01-06,TMIN,72
USW00093743,2008-01-06,TMAX,317
USR0000NNWB,2006-03-29,TMIN,44
USC00314684,2007-04-06,TMAX,172
USC00316096,2014-08-14,TMIN,178
USC00316096,2014-08-14,TMAX,283
USC00316096,2011-09-19,TMIN,172
USC00314684,2015-06-30,TMAX,306
USC00317170,2007-07-11,TMAX,344
USR0000NHOF,2007-08-29,TMIN,167
USR0000NHOF,2007-08-29,TMAX,311
USW00093743,2007-06-23,TMAX,278
USC00314689,2011-05-15,TMAX,294
USC00310356,2007-09-25,TMIN,194
USC00317170,2007-07-11,TMIN,222
USC00316676,2015-01-02,TMAX,128
USC00314144,2010-04-23,TMAX,244
USC00316676,2010-01-03,TMIN,-50
USC00310576,2008-02-21,TMIN,22
USC00310576,2008-02-21,TMAX,167
USC00316676,2010-01-03,TMAX,33
USC00316096,2011-09-19,TMAX,261
USC00310356,2005-01-27,TMAX,117
USC00315830,2011-08-18,TMAX,294
USC00310356,2005-01-27,TMIN,33
USC00315830,2011-08-18,TMIN,222
USW00093719,2005-08-13,TMAX,333
USW00093743,2007-06-23,TMIN,228
USC00310356,2008-09-29,TMAX,267
USC00310576,2005-06-25,TMAX,289
USC00314689,2011-05-15,TMIN,189
USC00310356,2008-09-29,TMIN,206
USC00310356,2008-01-22,TMIN,-33
USC00310356,2008-01-22,TMAX,44
USC00314144,2006-09-03,TMAX,328
USC00314144,2006-09-03,TMIN,167
USW00093719,2005-08-13,TMIN,217
USC00316096,2012-04-21,TMIN,122
USC00316676,2015-01-02,TMIN,-6
USC00310576,2012-02-24,TMIN,106
USR0000NHOF,2010-09-30,TMIN,200
USR0000NHOF,2010-09-30,TMAX,244
USR0000NNWB,2014-01-25,TMAX,78
USR0000NNWB,2014-01-25,TMIN,-100
USC00314144,2010-04-23,TMIN,61
USC00314684,2015-06-30,TMIN,206
USC00316096,2012-04-21,TMAX,261
USC00317170,2014-10-05,TMAX,244
USC00317170,2014-10-05,TMIN,56
USR0000NHOF,2014-09-05,TMIN,211
USC00310356,2006-03-01,TMIN,-44
USC00310576,2011-10-18,TMIN,167
USW00093743,2008-09-29,TMIN,194
USC00310356,2014-09-05,TMIN,217
USC00310356,2006-03-01,TMAX,133
USC00310356,2014-09-05,TMAX,267
USC00316096,2009-07-25,TMAX,306
USC00316096,2009-07-25,TMIN,217
USC00310576,2011-10-18,TMAX,289
USC00310356,2011-02-08,TMIN,72
USC00310576,2007-05-06,TMIN,150
USC00310576,2007-05-06,TMAX,256
USC00315830,2011-09-13,TMAX,294
USW00093719,2006-08-09,TMAX,300
USW00093719,2006-08-09,TMIN,211
USC00315830,2011-09-13,TMIN,183
USC00316096,2015-02-23,TMAX,122
USC00316096,2015-02-23,TMIN,-11
USC00310356,2007-06-23,TMAX,306
USC00316676,2013-07-06,TMAX,311
USC00316676,2013-07-06,TMIN,206
USC00310356,2007-06-23,TMIN,222
USR0000NHOF,2014-09-05,TMAX,339
USC00315830,2007-04-02,TMIN,172
USC00310356,2005-11-06,TMAX,228
USC00310356,2005-11-06,TMIN,178
USC00310356,2007-09-25,TMAX,283
USC00315830,2010-07-14,TMIN,233
USC00316676,2006-12-10,TMIN,-67
USC00316676,2006-12-10,TMAX,111
USC00315830,2010-07-14,TMAX,306
USC00314144,2006-11-29,TMIN,100
USC00315830,2007-04-02,TMAX,228
USC00310576,2007-09-15,TMIN,217
USC00314144,2006-11-29,TMAX,250
USC00310576,2007-09-15,TMAX,294
USR0000NCRN,2006-07-17,TMAX,339
USR0000NCRN,2006-07-17,TMIN,211
USC00310356,2011-02-08,TMAX,106
USC00310356,2009-06-12,TMAX,283
USW00093743,2008-09-29,TMAX,278
USC00317170,2013-12-15,TMAX,178
USC00314684,2013-07-07,TMAX,317
USR0000NHOF,2009-03-12,TMIN,72
USW00093743,2011-12-23,TMIN,100
USR0000NHOF,2015-09-12,TMAX,289
USW00093765,2006-03-29,TMIN,78
USW00093765,2006-03-29,TMAX,206
USW00093719,2015-03-17,TMIN,117
USW00093743,2009-03-12,TMAX,144
USW00093743,2009-03-12,TMIN,83
USR0000NNWB,2009-08-09,TMAX,344
USR0000NNWB,2009-08-09,TMIN,217
USR0000NHOF,2015-09-12,TMIN,206
USW00093743,2009-11-21,TMIN,106
USC00310356,2005-12-15,TMIN,-33
USC00310576,2011-03-23,TMIN,106
USC00316676,2009-04-05,TMIN,72
USC00316676,2009-04-05,TMAX,244
USW00093743,2009-11-21,TMAX,167
USC00316676,2005-05-24,TMAX,283
USC00316676,2010-02-21,TMIN,-28
USC00316676,2010-02-21,TMAX,156
USC00310356,2005-12-15,TMAX,117
USC00316676,2005-05-24,TMIN,128
USR0000NHOF,2008-12-19,TMIN,117
USC00314144,2008-03-06,TMAX,211
USR0000NNWB,2014-05-21,TMAX,317
USC00314684,2008-10-08,TMAX,228
USC00315830,2009-08-16,TMAX,300
USC00310356,2011-08-29,TMIN,244
USC00316676,2012-04-21,TMIN,139
USR0000NNWB,2014-05-21,TMIN,172
USC00316676,2012-04-21,TMAX,239
USC00314684,2008-10-08,TMIN,83
USR0000NHOF,2008-12-19,TMAX,222
USC00314689,2015-11-15,TMAX,183
USC00314689,2015-11-15,TMIN,11
USC00314689,2012-12-28,TMIN,-17
USC00314689,2012-12-28,TMAX,94
USW00093765,2010-03-09,TMAX,178
USW00093765,2010-03-09,TMIN,17
USC00314144,2008-03-06,TMIN,22
USR0000NNWB,2012-10-07,TMIN,133
USR0000NNWB,2012-10-07,TMAX,267
USC00310356,2011-08-29,TMAX,294
USC00316676,2005-07-09,TMAX,317
USC00316676,2005-07-23,TMAX,333
USW00093743,2012-01-02,TMIN,0
USC00316096,2012-12-28,TMIN,-22
USC00316096,2012-12-28,TMAX,83
USW00013754,2012-10-07,TMIN,144
USW00013754,2012-10-07,TMAX,272
USR0000NNWB,2011-03-08,TMAX,167
USR0000NNWB,2011-03-08,TMIN,28
USC00315830,2009-12-13,TMIN,61
USC00315830,2009-12-13,TMAX,189
USR0000NNWB,2011-05-31,TMAX,372
USC00315830,2012-06-13,TMAX,283
USR0000NCRN,2011-05-03,TMAX,250
USR0000NCRN,2011-05-03,TMIN,189
USR0000NNWB,2011-05-31,TMIN,217
USW00013754,2009-01-28,TMIN,61
USC00310356,2012-11-19,TMAX,144
USC00310356,2012-11-19,TMIN,122
USC00310356,2015-09-12,TMIN,228
USR0000NHOF,2007-09-25,TMAX,289
USC00315830,2012-06-13,TMIN,228
USC00316676,2005-07-23,TMIN,228
USW00093719,2015-03-17,TMAX,289
USC00315830,2011-12-10,TMIN,83
USW00093743,2012-01-02,TMAX,150
USC00310356,2009-11-21,TMIN,133
USC00317170,2011-12-30,TMAX,178
USC00314689,2008-03-17,TMIN,33
USR0000NHOF,2007-09-25,TMIN,100
USC00314144,2005-10-17,TMAX,217
USC00314144,2005-10-17,TMIN,50
USC00316676,2006-06-26,TMIN,222
USC00316676,2015-12-09,TMAX,161
USC00316676,2006-06-26,TMAX,289
USC00310356,2009-11-21,TMAX,183
USC00314689,2008-03-17,TMAX,156
USW00013754,2007-11-14,TMAX,239
USW00013754,2007-11-14,TMIN,89
USW00093765,2009-09-16,TMIN,189
USW00093765,2009-09-16,TMAX,300
USC00315830,2011-12-10,TMAX,200
USC00316676,2015-12-09,TMIN,33
USC00317170,2011-12-30,TMIN,22
USC00315830,2009-08-16,TMIN,222
USC00316676,2005-07-09,TMIN,211
USW00013754,2007-02-22,TMAX,222
USC00316676,2007-03-21,TMAX,256
USR0000NNWB,2014-11-26,TMIN,56
USC00316676,2007-03-21,TMIN,100
USW00093765,2015-12-01,TMAX,167
USC00310576,2010-05-14,TMIN,139
USW00093765,2015-12-01,TMIN,128
USC00314144,2005-09-27,TMAX,294
USW00093719,2008-04-08,TMIN,89
USC00310576,2015-05-30,TMIN,156
USW00093719,2008-04-08,TMAX,156
USC00310576,2010-05-14,TMAX,222
USC00317170,2010-11-14,TMIN,44
USC00317170,2010-11-14,TMAX,200
USC00314689,2013-04-27,TMAX,228
USC00314689,2013-04-27,TMIN,106
USC00314144,2010-03-28,TMAX,200
USC00314144,2010-03-28,TMIN,28
USC00316096,2015-01-20,TMIN,61
USC00314144,2005-09-27,TMIN,206
USC00316096,2015-01-20,TMAX,161
USC00316096,2013-04-27,TMIN,89
USC00310576,2009-01-18,TMAX,44
USR0000NHOF,2015-02-13,TMIN,-72
USR0000NHOF,2011-09-05,TMIN,183
USR0000NHOF,2015-02-13,TMAX,28
USR0000NHOF,2010-01-22,TMAX,100
USR0000NHOF,2010-01-22,TMIN,50
USC00314684,2011-01-28,TMAX,89
USC00310356,2011-09-17,TMAX,217
USR0000NCRN,2015-08-16,TMIN,156
USC00316096,2013-04-27,TMAX,222
USC00316676,2007-01-28,TMAX,161
USC00314684,2011-01-28,TMIN,-28
USC00314144,2008-07-27,TMAX,300
USC00314144,2008-07-27,TMIN,189
USR0000NNWB,2014-11-26,TMAX,178
USC00310576,2015-05-30,TMAX,289
USC00310576,2009-01-18,TMIN,-56
USW00013754,2014-05-21,TMAX,289
USW00013754,2014-05-21,TMIN,161
USC00316676,2007-01-28,TMIN,50
USW00013754,2011-04-07,TMIN,78
USR0000NCRN,2006-11-15,TMAX,244
USR0000NNWB,2009-06-17,TMAX,256
USC00317170,2008-01-20,TMAX,61
USC00317170,2008-01-20,TMIN,17
USC00314689,2009-12-21,TMAX,89
USR0000NCRN,2011-12-29,TMIN,-28
USC00310576,2011-04-12,TMIN,178
USC00310576,2013-07-07,TMIN,189
USC00310576,2013-07-07,TMAX,306
USC00310576,2010-10-20,TMIN,133
USC00310576,2011-04-12,TMAX,256
USC00314689,2009-12-21,TMIN,-33
USC00315830,2008-11-13,TMAX,217
USC00310576,2010-10-20,TMAX,278
USC00310356,2009-03-12,TMIN,106
USC00317170,2009-04-22,TMAX,200
USC00314689,2006-01-04,TMIN,61
USR0000NCRN,2011-12-29,TMAX,139
USC00317170,2009-04-22,TMIN,100
USC00314689,2006-01-04,TMAX,117
USW00013754,2007-02-22,TMIN,83
USC00310356,2009-03-12,TMAX,200
USC00314689,2009-09-23,TMIN,217
USC00314689,2009-09-23,TMAX,311
USW00013754,2011-04-07,TMAX,239
USR0000NCRN,2006-11-15,TMIN,94
USW00013754,2014-11-13,TMIN,83
USW00013754,2014-11-13,TMAX,189
USR0000NNWB,2009-06-17,TMIN,211
USW00093765,2009-10-19,TMAX,161
USW00013754,2008-02-07,TMAX,206
USR0000NHOF,2009-11-21,TMIN,50
USR0000NHOF,2009-11-21,TMAX,156
USW00013754,2008-02-07,TMIN,50
USR0000NNWB,2011-10-12,TMIN,211
USR0000NNWB,2011-10-12,TMAX,250
USW00093765,2009-10-19,TMIN,50
USC00310356,2013-08-18,TMAX,261
USC00310356,2013-08-18,TMIN,206
USC00310356,2015-02-13,TMIN,-28
USC00310356,2015-02-13,TMAX,133
USR0000NCRN,2008-08-05,TMIN,244
USR0000NCRN,2008-08-05,TMAX,339
USW00013754,2010-06-11,TMAX,317
USC00316676,2012-02-22,TMAX,178
USW00013754,2010-06-11,TMIN,206
USW00093743,2012-11-19,TMIN,106
USC00314689,2007-07-17,TMIN,244
USC00316676,2013-04-27,TMAX,222
USC00316676,2013-04-27,TMIN,67
USC00310356,2013-02-26,TMIN,39
USC00314684,2014-08-14,TMAX,306
USW00013754,2013-10-06,TMIN,167
USC00310356,2011-12-23,TMAX,183
USC00310356,2011-12-23,TMIN,144
USR0000NCRN,2010-07-01,TMAX,278
USC00314684,2014-08-14,TMIN,150
USR0000NCRN,2008-09-09,TMAX,306
USC00316096,2014-07-31,TMIN,194
USC00316096,2014-07-31,TMAX,294
USC00314689,2007-07-17,TMAX,333
USW00093743,2013-02-26,TMAX,189
USC00315830,2005-08-08,TMAX,306
USR0000NCRN,2014-06-06,TMAX,278
USC00310356,2005-10-09,TMIN,233
USR0000NCRN,2008-09-09,TMIN,217
USC00317170,2012-07-23,TMIN,228
USR0000NCRN,2010-07-01,TMIN,189
USR0000NCRN,2013-07-07,TMAX,289
USC00314144,2010-08-07,TMIN,217
USC00317170,2010-03-09,TMAX,228
USR0000NCRN,2005-09-27,TMAX,278
USC00317170,2010-03-09,TMIN,28
USR0000NCRN,2006-05-19,TMAX,250
USR0000NCRN,2006-05-19,TMIN,133
USR0000NCRN,2005-09-27,TMIN,194
USW00013754,2014-01-25,TMAX,78
USW00013754,2013-10-06,TMAX,278
USC00310356,2013-02-26,TMAX,150
USC00315830,2012-08-09,TMAX,294
USC00315830,2005-07-29,TMAX,339
USC00310576,2014-03-08,TMIN,33
USC00314689,2008-03-09,TMAX,183
USC00310356,2007-03-26,TMAX,222
USC00315830,2005-07-29,TMIN,233
USW00013754,2014-01-25,TMIN,-116
USR0000NCRN,2013-07-07,TMIN,206
USC00315830,2012-08-09,TMIN,222
USC00314144,2010-08-07,TMAX,311
USC00317170,2012-07-23,TMAX,339
USC00310576,2010-01-22,TMIN,67
USC00310576,2013-08-18,TMAX,272
USC00310576,2013-08-18,TMIN,211
USR0000NNWB,2008-02-07,TMIN,56
USR0000NNWB,2008-02-07,TMAX,211
USC00310576,2014-07-04,TMIN,233
USC00315830,2011-02-20,TMIN,61
USR0000NCRN,2011-07-26,TMIN,239
USC00315830,2011-02-20,TMAX,217
USC00310576,2014-07-04,TMAX,328
USR0000NCRN,2006-10-09,TMIN,178
USR0000NCRN,2006-10-09,TMAX,267
USC00315830,2015-04-20,TMIN,189
USC00315830,2015-04-20,TMAX,239
USW00093743,2011-12-23,TMAX,211
USR0000NHOF,2013-02-26,TMAX,194
USC00310576,2011-03-23,TMAX,294
USR0000NHOF,2013-02-26,TMIN,33
USR0000NHOF,2009-03-12,TMAX,139
USR0000NCRN,2011-07-26,TMAX,278
USC00310576,2010-01-22,TMAX,139
USR0000NNWB,2006-08-09,TMIN,217
USC00315830,2005-08-08,TMIN,222
USC00310356,2005-10-09,TMAX,406
USW00093743,2013-02-26,TMIN,50
USR0000NNWB,2014-10-05,TMAX,206
USR0000NNWB,2014-10-05,TMIN,56
USC00310356,2007-03-26,TMIN,106
USC00316676,2012-02-22,TMIN,0
USC00314689,2012-03-16,TMIN,172
USC00314689,2012-03-16,TMAX,272
USR0000NNWB,2006-08-09,TMAX,317
USC00317170,2009-10-19,TMAX,161
USW00013754,2009-09-11,TMAX,239
USW00093719,2007-12-23,TMIN,106
USW00093719,2007-12-23,TMAX,233
USC00317170,2009-10-19,TMIN,61
USC00316096,2011-02-27,TMIN,44
USC00314684,2006-09-25,TMIN,189
USW00013754,2009-09-11,TMIN,172
USC00314684,2006-09-25,TMAX,317
USC00316096,2011-02-27,TMAX,183
USW00013754,2014-10-05,TMIN,89
USC00310576,2014-03-08,TMAX,122
USC00314684,2009-07-25,TMIN,194
USC00315830,2011-04-21,TMAX,267
USC00316096,2015-08-13,TMAX,306
USR0000NCRN,2013-11-27,TMAX,211
USR0000NCRN,2013-11-27,TMIN,17
USC00316676,2013-02-09,TMIN,50
USC00314144,2006-05-19,TMAX,250
USC00314144,2006-05-19,TMIN,128
USC00316676,2013-02-09,TMAX,128
USC00315830,2011-04-21,TMIN,194
USC00314689,2005-02-09,TMIN,106
USR0000NHOF,2012-11-19,TMAX,133
USR0000NNWB,2008-11-03,TMIN,150
USR0000NCRN,2015-01-28,TMIN,-44
USC00314144,2009-07-13,TMIN,211
USC00314144,2009-07-13,TMAX,256
USR0000NCRN,2007-08-14,TMIN,211
USC00310356,2012-01-02,TMIN,67
USC00314144,2008-04-24,TMIN,106
USC00314689,2005-02-09,TMAX,211
USR0000NNWB,2008-11-03,TMAX,194
USC00314144,2008-04-24,TMAX,250
USW00093765,2006-12-20,TMIN,39
USC00316096,2015-08-13,TMIN,189
USC00310356,2005-02-02,TMAX,89
USW00013754,2009-01-28,TMAX,217
USC00310356,2005-02-02,TMIN,17
USW00093765,2006-12-20,TMAX,122
USC00310576,2014-09-05,TMIN,233
USC00314684,2015-02-23,TMAX,167
USC00310576,2014-09-05,TMAX,317
USC00315830,2012-08-25,TMAX,267
USR0000NCRN,2015-01-28,TMAX,72
USC00314144,2005-04-15,TMIN,39
USR0000NHOF,2005-10-09,TMIN,194
USC00314684,2015-02-23,TMIN,67
USR0000NHOF,2005-10-09,TMAX,267
USC00310356,2015-09-12,TMAX,278
USC00317170,2015-10-22,TMAX,256
USC00317170,2015-10-22,TMIN,89
USC00315830,2012-08-25,TMIN,211
USC00314144,2005-04-15,TMAX,156
USC00314689,2009-03-23,TMAX,167
USR0000NHOF,2012-11-19,TMIN,100
USC00314689,2009-03-23,TMIN,39
USC00314689,2009-08-03,TMIN,233
USR0000NNWB,2007-01-14,TMIN,94
USC00314689,2009-08-03,TMAX,306
USR0000NNWB,2006-12-28,TMIN,-11
USR0000NNWB,2006-12-28,TMAX,161
USC00315830,2013-03-23,TMIN,33
USR0000NHOF,2015-11-12,TMIN,61
USR0000NHOF,2015-11-12,TMAX,261
USC00310576,2015-11-26,TMAX,178
USW00013754,2011-10-12,TMIN,206
USW00013754,2011-10-12,TMAX,289
USR0000NCRN,2008-11-21,TMIN,0
USR0000NNWB,2007-01-14,TMAX,233
USC00315830,2014-04-14,TMIN,178
USC00315830,2014-04-14,TMAX,244
USR0000NCRN,2008-11-21,TMAX,72
USW00013754,2014-10-05,TMAX,200
USC00314684,2009-07-25,TMAX,294
USC00315830,2013-03-23,TMAX,150
USW00093719,2014-11-26,TMIN,67
USR0000NCRN,2014-06-06,TMIN,211
USC00310576,2015-11-26,TMIN,17
USR0000NCRN,2007-08-14,TMAX,344
USW00093765,2009-04-13,TMAX,172
USW00093719,2015-07-28,TMIN,206
USR0000NNWB,2012-06-26,TMIN,150
USW00093719,2015-07-28,TMAX,317
USW00093765,2009-04-13,TMIN,61
USC00315830,2009-10-09,TMIN,144
USC00315830,2009-10-09,TMAX,278
USR0000NNWB,2012-06-26,TMAX,256
USC00310356,2012-01-02,TMAX,167
USC00314689,2011-09-19,TMIN,167
USW00093743,2013-07-07,TMIN,222
USW00093743,2013-07-07,TMAX,294
USC00314689,2014-07-31,TMIN,189
USC00314689,2011-09-19,TMAX,261
USC00314689,2014-07-31,TMAX,300
USC00310356,2013-07-07,TMIN,256
USC00310356,2013-07-07,TMAX,294
USW00093719,2014-11-26,TMAX,194
USW00093743,2012-11-19,TMAX,144
USC00314684,2013-07-07,TMIN,206
USC00310576,2015-03-03,TMIN,33
USC00314144,2011-01-06,TMIN,-39
USC00314689,2013-01-16,TMAX,156
USW00093765,2012-06-26,TMAX,261
USC00315830,2015-02-13,TMAX,156
USC00314684,2005-08-13,TMAX,339
USC00316096,2011-01-11,TMAX,33
USW00013754,2008-07-02,TMAX,311
USW00013754,2008-07-02,TMIN,150
USC00317170,2009-02-25,TMAX,122
USC00316096,2011-01-11,TMIN,-11
USC00317170,2010-04-05,TMIN,167
USC00317170,2010-04-05,TMAX,317
USW00093719,2013-09-17,TMAX,261
USR0000NHOF,2008-02-01,TMIN,83
USR0000NHOF,2008-02-01,TMAX,206
USC00316096,2013-11-26,TMAX,200
USC00317170,2009-02-25,TMIN,-17
USC00310356,2011-04-12,TMAX,211
USC00316096,2013-11-26,TMIN,17
USW00093719,2013-09-17,TMIN,156
USR0000NCRN,2015-12-10,TMIN,106
USC00314689,2013-01-16,TMIN,94
USC00314684,2005-08-13,TMIN,217
USR0000NHOF,2007-08-10,TMAX,356
USR0000NCRN,2009-01-10,TMAX,206
USW00093743,2008-08-09,TMAX,217
USC00317170,2010-09-18,TMAX,311
USC00317170,2010-09-18,TMIN,200
USW00013754,2007-02-24,TMAX,128
USC00315830,2011-02-13,TMAX,144
USR0000NCRN,2014-06-25,TMIN,222
USC00314144,2006-01-05,TMAX,194
USW00093743,2008-08-09,TMIN,144
USC00314144,2006-01-05,TMIN,72
USR0000NCRN,2014-06-25,TMAX,294
USW00013754,2007-02-24,TMIN,-10
USC00316096,2010-01-21,TMAX,111
USC00316096,2010-01-21,TMIN,44
USW00093765,2011-12-30,TMIN,67
USW00093765,2005-05-02,TMIN,83
USW00093765,2005-05-02,TMAX,217
USW00093765,2012-06-26,TMIN,183
USC00314684,2011-04-26,TMAX,300
USC00314689,2015-07-16,TMAX,333
USC00314689,2015-07-16,TMIN,228
USC00310576,2013-07-08,TMAX,311
USR0000NCRN,2010-04-16,TMIN,100
USC00316096,2011-11-29,TMIN,72
USC00310576,2015-11-12,TMAX,200
USC00316096,2011-11-29,TMAX,211
USC00316096,2011-03-11,TMAX,128
USC00316096,2009-09-16,TMIN,172
USW00093743,2008-02-01,TMIN,106
USC00310576,2013-07-08,TMIN,189
USW00093743,2008-02-01,TMAX,267
USC00317170,2014-03-07,TMAX,117
USC00316096,2009-09-16,TMAX,306
USC00317170,2014-03-07,TMIN,39
USC00316676,2006-03-29,TMIN,33
USR0000NCRN,2014-07-04,TMAX,311
USC00316676,2006-03-29,TMAX,194
USR0000NCRN,2014-07-04,TMIN,233
USC00315830,2006-06-27,TMIN,228
USC00316096,2011-03-11,TMIN,0
USC00315830,2011-02-13,TMIN,-17
USR0000NCRN,2010-04-16,TMAX,233
USC00310576,2010-01-04,TMIN,-22
USW00093765,2013-01-21,TMAX,172
USR0000NCRN,2013-11-14,TMIN,-56
USC00314684,2011-04-26,TMIN,183
USR0000NCRN,2015-12-10,TMAX,217
USR0000NCRN,2013-11-14,TMAX,144
USC00310356,2011-04-12,TMIN,156
USC00310576,2015-11-12,TMIN,78
USR0000NNWB,2015-02-23,TMAX,128
USC00310576,2010-01-04,TMAX,39
USR0000NNWB,2015-02-23,TMIN,-11
USC00310356,2015-05-12,TMIN,206
USC00310356,2015-05-12,TMAX,233
USC00314689,2010-10-25,TMIN,150
USW00093765,2013-01-21,TMIN,39
USC00316676,2006-03-16,TMAX,167
USR0000NCRN,2009-04-06,TMIN,117
USC00316676,2006-03-16,TMIN,17
USR0000NCRN,2009-04-06,TMAX,211
USC00314689,2010-10-25,TMAX,256
USR0000NCRN,2009-01-10,TMIN,-22
USC00316676,2011-01-19,TMIN,39
USC00316676,2011-01-19,TMAX,78
USC00310356,2011-07-26,TMIN,244
USW00093765,2014-01-14,TMIN,78
USC00314689,2011-03-21,TMAX,239
USW00093765,2014-01-14,TMAX,183
USC00316676,2009-05-15,TMIN,183
USC00316676,2009-05-15,TMAX,256
USC00317170,2014-10-04,TMIN,183
USC00314689,2010-08-06,TMAX,322
USR0000NHOF,2014-08-01,TMAX,267
USC00314689,2010-08-06,TMIN,239
USW00013754,2013-08-17,TMAX,267
USC00310356,2011-07-26,TMAX,300
USW00013754,2013-08-17,TMIN,206
USW00013754,2012-04-22,TMIN,111
USW00013754,2012-04-22,TMAX,206
USC00317170,2015-04-20,TMIN,189
USC00310356,2010-04-23,TMIN,117
USC00310356,2010-04-23,TMAX,206
USR0000NCRN,2005-08-05,TMAX,317
USC00314689,2011-11-29,TMIN,89
USW00093765,2009-06-26,TMIN,217
USC00317170,2015-04-28,TMIN,56
USC00316676,2008-03-22,TMAX,183
USC00316676,2008-03-22,TMIN,6
USC00317170,2008-06-19,TMAX,317
USC00310356,2008-05-28,TMIN,144
USC00310356,2008-05-28,TMAX,267
USC00317170,2010-10-10,TMAX,283
USR0000NNWB,2011-04-21,TMIN,122
USC00317170,2010-10-10,TMIN,117
USW00093765,2009-06-26,TMAX,300
USC00317170,2008-06-19,TMIN,150
USC00310576,2014-02-12,TMIN,0
USW00013754,2010-11-04,TMAX,206
USR0000NNWB,2007-01-28,TMAX,150
USR0000NNWB,2007-01-28,TMIN,17
USC00310576,2014-02-12,TMAX,17
USR0000NCRN,2005-08-05,TMIN,222
USR0000NHOF,2014-08-01,TMIN,217
USR0000NNWB,2011-04-21,TMAX,272
USC00314689,2011-02-08,TMAX,111
USC00314684,2014-09-05,TMIN,206
USC00314684,2014-09-05,TMAX,322
USW00093765,2012-09-07,TMAX,289
USR0000NCRN,2012-06-13,TMAX,289
USR0000NCRN,2012-06-13,TMIN,211
USC00315830,2006-03-01,TMIN,72
USC00315830,2006-03-01,TMAX,178
USC00310576,2011-10-27,TMAX,239
USC00316096,2012-10-26,TMAX,239
USR0000NHOF,2007-08-10,TMIN,217
USR0000NHOF,2015-05-12,TMAX,322
USR0000NHOF,2015-05-12,TMIN,217
USC00316096,2012-10-26,TMIN,156
USW00093765,2011-12-30,TMAX,156
USC00314689,2006-01-27,TMIN,-22
USC00315830,2010-03-09,TMAX,178
USW00093765,2009-10-09,TMIN,133
USW00093765,2009-10-09,TMAX,278
USC00316676,2013-04-26,TMAX,211
USC00316676,2013-04-26,TMIN,67
USC00315830,2010-03-09,TMIN,22
USC00315830,2015-02-13,TMIN,-22
USC00310356,2014-08-01,TMAX,300
USC00310356,2014-08-01,TMIN,222
USC00310576,2011-10-27,TMIN,61
USW00093765,2012-09-07,TMIN,228
USW00013754,2008-04-13,TMIN,111
USC00310356,2008-08-09,TMAX,300
USW00013754,2010-06-05,TMIN,233
USW00013754,2008-04-13,TMAX,211
USC00310356,2008-08-09,TMIN,233
USC00317170,2015-04-20,TMAX,272
USC00314684,2009-11-26,TMAX,122
USC00314684,2009-11-26,TMIN,44
USW00013754,2010-06-05,TMAX,311
USC00314689,2011-11-29,TMAX,222
USC00315830,2013-02-10,TMIN,-11
USR0000NNWB,2015-12-01,TMAX,156
USC00315830,2013-02-10,TMAX,122
USW00093765,2014-03-07,TMAX,117
USW00093765,2014-03-07,TMIN,56
USR0000NNWB,2015-12-01,TMIN,111
USC00310576,2008-09-16,TMAX,328
USC00310576,2008-09-16,TMIN,211
USC00315830,2006-06-27,TMAX,278
USC00315830,2010-10-20,TMAX,256
USW00093743,2011-04-12,TMAX,217
USW00013754,2009-08-30,TMIN,233
USW00093765,2012-05-15,TMAX,278
USW00093765,2012-05-15,TMIN,222
USC00310356,2011-11-08,TMAX,222
USR0000NCRN,2007-10-28,TMIN,117
USC00314144,2009-02-04,TMIN,-33
USC00310356,2011-11-08,TMIN,117
USC00315830,2005-03-26,TMAX,194
USR0000NNWB,2011-08-13,TMAX,322
USC00314689,2014-10-04,TMIN,211
USR0000NNWB,2007-10-06,TMAX,289
USR0000NNWB,2007-10-06,TMIN,206
USC00314144,2009-02-04,TMAX,39
USC00316676,2013-03-23,TMIN,-11
USC00316676,2013-03-23,TMAX,128
USC00316676,2013-02-25,TMAX,178
USW00093743,2011-11-08,TMAX,211
USW00093743,2011-11-08,TMIN,100
USC00316676,2013-02-25,TMIN,39
USC00317170,2011-05-09,TMIN,100
USC00317170,2014-09-05,TMIN,217
USC00314689,2014-10-04,TMAX,283
USC00317170,2011-05-09,TMAX,272
USW00093765,2006-12-18,TMAX,206
USC00317170,2011-04-30,TMIN,72
USW00013754,2011-07-07,TMAX,328
USC00316676,2012-11-18,TMAX,144
USW00013754,2011-07-07,TMIN,250
USW00093719,2011-03-18,TMAX,294
USR0000NHOF,2011-04-12,TMAX,256
USC00316676,2012-11-18,TMIN,78
USR0000NNWB,2011-08-13,TMIN,228
USC00317170,2011-04-30,TMAX,256
USR0000NHOF,2011-04-12,TMIN,133
USW00013754,2009-04-13,TMIN,44
USR0000NCRN,2010-11-16,TMAX,228
USC00317170,2009-06-26,TMAX,328
USR0000NCRN,2010-11-16,TMIN,161
USC00317170,2009-06-26,TMIN,200
USW00093719,2011-03-18,TMIN,83
USC00315830,2005-03-26,TMIN,78
USW00013754,2009-04-13,TMAX,167
USR0000NHOF,2008-08-09,TMIN,172
USC00317170,2014-09-05,TMAX,339
USR0000NHOF,2011-11-08,TMAX,211
USW00093765,2013-08-17,TMAX,261
USR0000NNWB,2007-12-14,TMIN,89
USC00310576,2015-12-21,TMAX,133
USC00310576,2015-12-21,TMIN,6
USW00093719,2014-01-14,TMIN,50
USW00093743,2009-11-13,TMAX,161
USR0000NNWB,2007-12-14,TMAX,217
USW00093765,2013-08-17,TMIN,200
USC00317170,2007-12-23,TMAX,228
USC00310356,2007-01-04,TMAX,178
USW00093743,2009-11-13,TMIN,122
USW00093719,2014-01-14,TMAX,178
USC00310576,2010-02-22,TMIN,11
USC00314689,2005-06-30,TMAX,317
USR0000NCRN,2014-12-19,TMIN,-6
USC00314689,2005-06-30,TMIN,228
USC00310576,2010-02-22,TMAX,206
USC00314144,2011-03-25,TMAX,133
USC00310356,2007-01-04,TMIN,78
USC00314689,2012-02-09,TMIN,-11
USC00315830,2015-11-26,TMAX,178
USW00093765,2008-04-08,TMAX,161
USR0000NHOF,2011-11-08,TMIN,44
USC00314689,2012-02-09,TMAX,100
USW00093743,2013-07-08,TMIN,244
USC00310356,2009-11-13,TMAX,178
USC00310356,2009-11-13,TMIN,128
USW00093743,2013-07-08,TMAX,294
USC00310356,2013-07-08,TMIN,256
USC00310356,2013-07-08,TMAX,294
USR0000NHOF,2015-07-01,TMAX,311
USC00314689,2014-04-14,TMIN,139
USC00310576,2015-09-12,TMIN,206
USC00310576,2015-09-12,TMAX,300
USW00093765,2008-04-08,TMIN,100
USR0000NHOF,2015-07-01,TMIN,217
USC00315830,2015-11-26,TMIN,0
USC00314689,2007-01-14,TMIN,117
USC00314689,2007-01-14,TMAX,217
USC00317170,2007-12-23,TMIN,111
USC00314689,2014-04-14,TMAX,272
USW00093765,2006-12-18,TMIN,72
USC00315830,2007-07-05,TMAX,294
USC00315830,2007-07-05,TMIN,250
USC00314689,2012-10-26,TMAX,272
USW00093719,2013-08-17,TMIN,206
USR0000NNWB,2005-02-05,TMIN,33
USR0000NNWB,2005-02-05,TMAX,150
USW00013754,2011-04-21,TMIN,144
USW00013754,2011-04-21,TMAX,272
USC00314144,2008-03-29,TMIN,61
USC00314689,2012-10-26,TMIN,144
USC00314144,2008-03-29,TMAX,172
USC00317170,2009-02-06,TMAX,117
USW00093719,2012-08-09,TMAX,322
USC00317170,2009-02-06,TMIN,-39
USW00093719,2012-08-15,TMAX,328
USC00314689,2013-11-26,TMAX,161
USW00093719,2012-08-15,TMIN,222
USC00314689,2008-09-03,TMAX,322
USC00315830,2009-08-09,TMAX,300
USC00315830,2009-08-09,TMIN,256
USW00093719,2012-08-09,TMIN,217
USC00315830,2006-03-08,TMAX,128
USC00314689,2011-03-21,TMIN,94
USC00310356,2008-02-01,TMAX,161
USW00093765,2009-12-21,TMAX,94
USW00093743,2011-04-12,TMIN,150
USC00314689,2010-01-21,TMAX,200
USW00013754,2009-08-30,TMAX,317
USC00314689,2010-01-21,TMIN,39
USC00314684,2008-05-09,TMAX,261
USC00314684,2008-05-09,TMIN,178
USW00093765,2009-12-21,TMIN,6
USW00093719,2013-08-17,TMAX,272
USC00310576,2011-01-10,TMIN,-22
USC00314684,2014-10-04,TMAX,283
USC00314684,2014-10-04,TMIN,183
USC00317170,2012-09-07,TMAX,306
USC00317170,2012-09-07,TMIN,217
USC00315830,2008-03-03,TMIN,44
USC00310576,2006-10-20,TMAX,272
USC00310576,2006-10-20,TMIN,200
USC00310356,2008-02-01,TMIN,44
USC00315830,2008-03-03,TMAX,194
USC00314689,2013-11-26,TMIN,-11
USC00314689,2008-09-03,TMIN,167
USW00093719,2007-01-28,TMAX,144
USC00316676,2008-11-08,TMIN,106
USC00310576,2011-01-10,TMAX,50
USC00315830,2009-05-08,TMIN,183
USC00317170,2007-11-25,TMAX,128
USC00316676,2008-11-08,TMAX,256
USC00316096,2014-10-04,TMAX,267
USC00316096,2014-10-04,TMIN,139
USC00317170,2007-11-25,TMIN,22
USW00093765,2015-04-20,TMAX,228
USW00093719,2010-11-26,TMAX,244
USR0000NCRN,2013-12-23,TMAX,222
USR0000NHOF,2008-08-09,TMAX,294
USC00310576,2011-08-18,TMIN,178
USC00314144,2009-11-10,TMIN,117
USR0000NCRN,2007-10-28,TMAX,206
USC00314144,2009-11-10,TMAX,228
USC00314684,2010-12-26,TMAX,78
USC00314684,2010-12-26,TMIN,-39
USC00310576,2011-08-18,TMAX,306
USC00314689,2012-07-23,TMAX,322
USC00315830,2009-07-13,TMAX,317
USC00315830,2009-07-13,TMIN,217
USC00316676,2011-03-05,TMIN,33
USW00093719,2007-01-28,TMIN,22
USC00315830,2006-03-08,TMIN,-22
USW00013754,2008-06-25,TMIN,194
USW00013754,2008-06-25,TMAX,328
USC00315830,2009-05-08,TMAX,256
USC00314684,2006-12-28,TMIN,-17
USW00093743,2008-07-11,TMAX,228
USC00314684,2006-12-28,TMAX,117
USC00316676,2006-09-11,TMIN,183
USC00316676,2006-09-11,TMAX,306
USW00093743,2008-07-11,TMIN,189
USW00093765,2005-05-12,TMAX,250
USW00093765,2005-05-12,TMIN,167
USW00093719,2010-11-26,TMIN,144
USW00093765,2015-04-20,TMIN,189
USC00314689,2012-07-23,TMIN,228
USC00310576,2005-09-11,TMIN,228
USC00310576,2005-09-11,TMAX,272
USC00316676,2011-03-05,TMAX,172
USC00310356,2011-10-01,TMAX,278
USC00315830,2010-10-20,TMIN,139
USW00093743,2010-04-23,TMAX,256
USC00310576,2006-11-07,TMAX,189
USC00316676,2008-07-26,TMAX,300
USC00310356,2012-12-13,TMIN,78
USC00315830,2015-10-16,TMIN,106
USR0000NHOF,2005-11-29,TMIN,178
USC00316676,2008-07-26,TMIN,194
USC00315830,2015-10-16,TMAX,244
USC00310356,2008-07-11,TMAX,300
USR0000NHOF,2007-08-06,TMIN,233
USW00093743,2012-12-13,TMAX,111
USR0000NHOF,2015-12-21,TMAX,217
USR0000NNWB,2014-03-07,TMAX,122
USC00314689,2013-04-26,TMAX,217
USC00314689,2014-09-05,TMIN,222
USR0000NNWB,2014-03-07,TMIN,39
USR0000NHOF,2015-12-21,TMIN,33
USC00316676,2014-11-13,TMIN,128
USC00316676,2014-11-13,TMAX,250
USC00314684,2011-10-12,TMIN,178
USR0000NNWB,2012-05-15,TMAX,294
USC00316676,2014-12-27,TMIN,11
USC00316676,2014-12-27,TMAX,167
USW00093765,2012-04-22,TMAX,217
USC00314689,2005-05-24,TMAX,300
USC00314689,2005-05-24,TMIN,133
USW00013754,2009-10-31,TMAX,267
USC00316096,2010-05-22,TMIN,128
USC00316096,2015-08-04,TMAX,294
USW00013754,2014-10-04,TMAX,278
USW00013754,2014-10-04,TMIN,144
USC00310576,2006-11-07,TMIN,78
USC00316096,2015-08-04,TMIN,239
USW00013754,2009-10-31,TMIN,172
USC00317170,2010-01-21,TMIN,61
USC00316096,2013-04-26,TMAX,211
USC00316096,2013-04-26,TMIN,50
USC00316096,2012-07-12,TMAX,294
USC00316096,2012-07-12,TMIN,222
USC00310356,2012-12-13,TMAX,111
USC00314684,2011-07-28,TMIN,233
USC00317170,2010-01-21,TMAX,111
USW00093765,2012-04-22,TMIN,128
USC00314689,2013-04-26,TMIN,61
USW00093743,2012-12-13,TMIN,56
USW00013754,2015-12-01,TMIN,122
USW00093719,2015-04-03,TMAX,272
USW00093719,2015-04-03,TMIN,144
USC00316676,2008-03-17,TMIN,44
USC00316676,2008-03-17,TMAX,167
USR0000NHOF,2011-04-04,TMAX,239
USC00314684,2011-10-12,TMAX,211
USC00316096,2015-05-29,TMAX,289
USW00013754,2015-12-01,TMAX,167
USC00316096,2015-05-29,TMIN,144
USR0000NHOF,2010-04-23,TMAX,244
USW00093743,2011-07-26,TMIN,244
USW00093743,2011-07-26,TMAX,283
USC00317170,2014-01-14,TMIN,100
USC00317170,2014-01-14,TMAX,167
USR0000NCRN,2015-01-12,TMIN,83
USC00315830,2008-06-29,TMIN,256
USC00314144,2011-04-02,TMIN,-11
USR0000NHOF,2010-04-23,TMIN,61
USR0000NNWB,2012-05-15,TMIN,194
USC00316676,2012-02-13,TMAX,61
USC00310576,2010-09-24,TMAX,339
USC00314689,2014-09-05,TMAX,328
USR0000NNWB,2014-10-04,TMAX,278
USR0000NNWB,2014-10-04,TMIN,106
USR0000NCRN,2007-12-12,TMIN,122
USC00310356,2007-06-28,TMIN,222
USC00310356,2007-06-28,TMAX,306
USC00310576,2010-06-26,TMAX,361
USR0000NHOF,2012-12-13,TMAX,100
USR0000NNWB,2007-03-30,TMIN,6
USR0000NCRN,2012-10-08,TMIN,133
USC00310576,2010-09-24,TMIN,189
USW00093719,2010-07-14,TMIN,228
USR0000NCRN,2012-10-08,TMAX,211
USR0000NHOF,2012-12-13,TMIN,39
USC00310576,2010-06-26,TMIN,233
USR0000NNWB,2007-03-30,TMAX,217
USR0000NCRN,2006-04-09,TMIN,39
USW00093719,2010-07-14,TMAX,300
USR0000NCRN,2006-04-09,TMAX,156
USC00310356,2015-12-21,TMIN,33
USC00310356,2015-12-21,TMAX,150
USC00316096,2010-05-22,TMAX,272
USC00314689,2006-12-28,TMAX,144
USW00093743,2009-04-06,TMIN,122
USW00093743,2011-01-24,TMAX,44
USC00314684,2013-04-26,TMAX,206
USW00013754,2015-10-22,TMIN,106
USR0000NCRN,2009-03-12,TMAX,156
USC00314684,2013-04-26,TMIN,39
USR0000NCRN,2009-03-12,TMIN,78
USC00314689,2006-12-28,TMIN,-6
USC00314684,2015-07-28,TMIN,200
USC00314684,2010-08-06,TMIN,206
USW00093743,2009-04-06,TMAX,206
USC00314684,2005-06-30,TMAX,278
USC00314684,2005-06-30,TMIN,222
USC00316676,2010-05-07,TMIN,161
USC00314684,2015-05-29,TMAX,300
USR0000NCRN,2015-11-05,TMAX,267
USC00314684,2015-05-29,TMIN,150
USC00314684,2010-08-06,TMAX,317
USC00314684,2015-07-28,TMAX,317
USC00314144,2010-04-16,TMIN,67
USW00013754,2015-10-22,TMAX,267
USC00316676,2011-07-17,TMIN,167
USR0000NHOF,2014-06-25,TMAX,339
USW00093765,2009-02-06,TMIN,-82
USC00317170,2013-10-29,TMAX,233
USC00316676,2010-05-07,TMAX,317
USR0000NCRN,2015-11-05,TMIN,178
USC00315830,2007-11-23,TMAX,200
USC00314144,2010-04-16,TMAX,294
USW00093743,2011-01-24,TMIN,-5
USC00315830,2007-11-23,TMIN,94
USC00317170,2012-04-22,TMAX,217
USC00314684,2010-09-25,TMIN,150
USC00317170,2012-08-25,TMIN,194
USW00013754,2012-05-15,TMAX,272
USW00093765,2008-06-19,TMAX,283
USC00317170,2012-08-25,TMAX,256
USW00013754,2012-05-15,TMIN,194
USW00093765,2008-06-19,TMIN,167
USC00317170,2012-04-22,TMIN,144
USC00316676,2014-04-14,TMIN,122
USC00316676,2014-04-14,TMAX,272
USW00093743,2014-06-25,TMIN,233
USC00310356,2009-04-06,TMAX,200
USR0000NNWB,2006-12-04,TMIN,-17
USW00093765,2013-09-17,TMIN,172
USC00310356,2011-12-29,TMIN,28
USW00093765,2013-09-17,TMAX,250
USR0000NCRN,2008-06-15,TMIN,206
USC00314684,2011-07-28,TMAX,350
USC00310356,2011-01-24,TMIN,-6
USR0000NNWB,2006-12-04,TMAX,106
USW00013754,2014-03-07,TMAX,117
USR0000NCRN,2008-06-15,TMAX,300
USR0000NCRN,2007-12-12,TMAX,256
USC00310576,2009-02-19,TMIN,50
USW00013754,2014-03-07,TMIN,50
USC00310576,2009-02-19,TMAX,161
USR0000NHOF,2005-11-29,TMAX,233
USC00310576,2007-09-01,TMAX,306
USC00310576,2007-09-01,TMIN,183
USC00310356,2011-01-24,TMAX,44
USC00310356,2009-04-06,TMIN,122
USC00317170,2008-05-09,TMIN,217
USC00317170,2008-05-09,TMAX,300
USW00093743,2014-06-25,TMAX,300
USC00317170,2013-11-26,TMAX,189
USW00013754,2005-02-21,TMIN,89
USW00013754,2005-02-21,TMAX,200
USW00093719,2012-09-07,TMAX,300
USC00315830,2010-02-22,TMIN,50
USC00315830,2010-02-22,TMAX,178
USR0000NNWB,2009-03-23,TMAX,172
USC00317170,2013-11-26,TMIN,-11
USR0000NNWB,2009-03-23,TMIN,22
USW00093719,2012-09-07,TMIN,222
USW00013754,2012-06-02,TMIN,183
USW00013754,2012-06-02,TMAX,278
USC00310356,2014-06-25,TMIN,222
USC00315830,2007-05-13,TMAX,256
USC00310356,2014-06-25,TMAX,300
USC00314144,2007-02-27,TMIN,100
USC00314144,2007-02-27,TMAX,222
USC00315830,2007-05-13,TMIN,194
USC00314144,2011-04-02,TMAX,172
USC00317170,2015-04-28,TMAX,206
USC00310576,2007-06-23,TMIN,200
USW00013754,2007-08-21,TMIN,228
USC00316096,2010-08-06,TMIN,239
USC00317170,2008-03-09,TMIN,33
USR0000NCRN,2011-11-08,TMAX,206
USC00314684,2009-02-12,TMIN,111
USC00316676,2015-03-07,TMAX,56
USC00315830,2009-03-04,TMIN,-61
USR0000NCRN,2011-11-08,TMIN,89
USC00316676,2015-03-07,TMIN,-56
USC00316096,2010-08-06,TMAX,311
USC00314684,2009-02-12,TMAX,233
USR0000NCRN,2012-03-24,TMIN,178
USW00093719,2012-05-15,TMAX,294
USW00093719,2012-05-15,TMIN,189
USW00093765,2009-12-13,TMIN,133
USC00315830,2009-03-04,TMAX,67
USC00316676,2015-01-27,TMAX,128
USC00314689,2009-09-16,TMAX,306
USC00316676,2015-01-27,TMIN,39
USR0000NCRN,2012-03-24,TMAX,222
USR0000NHOF,2008-05-28,TMIN,122
USC00317170,2008-03-09,TMAX,128
USW00013754,2007-01-28,TMIN,22
USC00314684,2012-10-26,TMIN,117
USC00310576,2006-08-09,TMAX,311
USW00093765,2006-02-02,TMAX,183
USC00310576,2006-08-09,TMIN,239
USW00093765,2006-02-02,TMIN,11
USR0000NHOF,2009-06-06,TMAX,211
USC00314684,2007-05-18,TMIN,144
USC00314684,2007-05-18,TMAX,200
USC00314684,2010-01-21,TMIN,28
USR0000NHOF,2009-06-06,TMIN,183
USC00317170,2010-12-19,TMAX,78
USC00310576,2015-07-01,TMIN,194
USC00310356,2015-09-23,TMIN,211
USC00317170,2010-12-19,TMIN,11
USC00310576,2015-07-01,TMAX,322
USC00310356,2015-09-23,TMAX,272
USC00314684,2010-01-21,TMAX,194
USW00013754,2007-01-28,TMAX,139
USC00314689,2009-09-16,TMIN,189
USC00310356,2011-09-18,TMIN,183
USR0000NHOF,2008-05-28,TMAX,233
USW00093765,2009-12-13,TMAX,200
USW00093765,2014-10-04,TMAX,267
USW00093765,2014-10-04,TMIN,139
USW00093765,2013-10-29,TMAX,228
USW00093719,2009-03-23,TMAX,161
USW00093719,2009-03-23,TMIN,6
USC00315830,2010-07-27,TMIN,244
USW00093765,2005-08-20,TMAX,333
USW00093765,2005-08-20,TMIN,267
USC00314684,2013-11-26,TMIN,-50
USC00315830,2010-07-27,TMAX,311
USW00093743,2010-04-23,TMIN,106
USW00093743,2008-05-28,TMIN,139
USW00093743,2008-05-28,TMAX,256
USR0000NNWB,2012-04-22,TMIN,106
USR0000NNWB,2012-04-22,TMAX,194
USC00314689,2006-03-13,TMAX,267
USW00093719,2013-01-08,TMAX,172
USW00093719,2013-01-08,TMIN,17
USW00013754,2010-11-04,TMIN,106
USC00314684,2013-11-26,TMAX,67
USC00314689,2006-03-13,TMIN,172
USR0000NCRN,2015-03-29,TMAX,100
USC00316096,2015-07-16,TMAX,317
USC00310576,2014-06-02,TMAX,250
USC00314689,2011-02-08,TMIN,67
USW00093719,2006-12-20,TMAX,122
USC00316676,2009-11-30,TMIN,44
USR0000NCRN,2015-03-29,TMIN,-33
USC00316676,2009-11-30,TMAX,211
USW00013754,2015-02-23,TMAX,133
USW00093765,2013-10-29,TMIN,100
USC00310576,2014-06-02,TMIN,83
USW00093719,2006-12-20,TMIN,22
USC00316096,2015-07-16,TMIN,211
USR0000NCRN,2009-02-02,TMAX,172
USR0000NCRN,2009-02-02,TMIN,39
USR0000NNWB,2009-10-31,TMAX,278
USC00310576,2007-11-17,TMAX,122
USR0000NNWB,2009-10-31,TMIN,189
USC00310576,2007-11-17,TMIN,0
USW00013754,2015-02-23,TMIN,-10
USC00317170,2009-10-09,TMAX,300
USC00317170,2009-10-09,TMIN,128
USC00315830,2013-11-04,TMIN,100
USR0000NHOF,2014-05-01,TMAX,289
USC00314689,2010-05-22,TMAX,283
USC00314689,2010-12-28,TMAX,89
USR0000NHOF,2014-05-01,TMIN,206
USC00314689,2010-05-22,TMIN,161
USC00314689,2010-12-28,TMIN,-44
USC00314144,2005-10-26,TMIN,50
USC00314689,2012-07-12,TMAX,294
USC00316676,2012-02-13,TMIN,-56
USC00314689,2012-07-12,TMIN,217
USC00315830,2006-05-18,TMIN,117
USR0000NCRN,2009-03-17,TMIN,78
USC00314144,2005-10-26,TMAX,183
USR0000NCRN,2009-03-17,TMAX,111
USC00316096,2014-09-05,TMIN,217
USC00316096,2014-09-05,TMAX,311
USW00093719,2014-10-04,TMAX,289
USW00093719,2014-10-04,TMIN,133
USC00315830,2006-05-18,TMAX,233
USC00314689,2015-08-04,TMAX,317
USC00316096,2010-10-25,TMIN,122
USC00310356,2009-06-01,TMAX,289
USC00310576,2007-06-23,TMAX,328
USC00317170,2009-12-13,TMAX,189
USW00013754,2007-08-21,TMAX,361
USR0000NCRN,2015-01-12,TMAX,189
USC00310356,2005-02-07,TMAX,161
USC00310356,2005-02-07,TMIN,33
USR0000NHOF,2011-04-04,TMIN,139
USC00310576,2008-10-18,TMIN,133
USC00310356,2011-12-29,TMAX,122
USC00316676,2009-01-31,TMIN,-44
USC00315830,2008-06-29,TMAX,300
USW00093719,2009-09-23,TMAX,283
USW00093719,2009-09-23,TMIN,206
USC00310356,2009-06-01,TMIN,217
USW00093719,2012-07-05,TMIN,250
USC00310576,2008-10-18,TMAX,222
USW00093719,2012-07-05,TMAX,361
USC00316096,2010-10-25,TMAX,256
USC00316676,2009-01-31,TMAX,122
USC00310356,2011-09-18,TMAX,217
USC00315830,2010-08-31,TMAX,344
USW00013754,2007-10-06,TMAX,272
USW00093719,2012-04-22,TMIN,111
USW00093719,2012-04-22,TMAX,200
USC00316676,2005-12-14,TMAX,67
USC00316676,2012-11-29,TMIN,-11
USC00316676,2005-12-14,TMIN,-33
USC00314144,2005-07-31,TMIN,211
USC00314144,2005-07-31,TMAX,311
USW00093765,2012-08-25,TMIN,217
USR0000NCRN,2009-05-20,TMIN,117
USW00093765,2012-08-25,TMAX,256
USC00314684,2012-10-26,TMAX,278
USC00315830,2013-07-08,TMIN,256
USC00316676,2012-11-29,TMAX,122
USC00315830,2013-07-08,TMAX,306
USC00316676,2013-10-05,TMAX,300
USC00316676,2013-10-05,TMIN,161
USR0000NNWB,2015-10-22,TMAX,283
USR0000NNWB,2015-10-22,TMIN,94
USC00315830,2013-11-04,TMAX,172
USR0000NHOF,2015-09-23,TMAX,256
USW00013754,2008-08-31,TMAX,306
USC00317170,2008-04-08,TMAX,161
USC00314689,2015-08-04,TMIN,239
USC00315830,2010-05-14,TMIN,189
USC00315830,2010-08-31,TMIN,206
USC00314684,2009-04-29,TMIN,122
USR0000NCRN,2006-01-05,TMIN,67
USR0000NCRN,2006-01-05,TMAX,194
USW00093719,2014-03-07,TMAX,128
USW00013754,2007-10-06,TMIN,217
USW00093719,2014-03-07,TMIN,50
USC00315830,2010-05-14,TMAX,261
USC00314684,2011-02-23,TMAX,89
USC00314684,2011-02-23,TMIN,-11
USR0000NNWB,2010-06-05,TMIN,239
USR0000NNWB,2010-06-05,TMAX,339
USC00314684,2009-04-29,TMAX,289
USR0000NHOF,2015-09-23,TMIN,206
USW00013754,2008-08-31,TMIN,217
USC00317170,2008-04-08,TMIN,100
USR0000NCRN,2009-05-20,TMAX,233
USC00317170,2009-12-13,TMIN,72
USW00093765,2009-02-06,TMAX,78
USR0000NNWB,2010-07-14,TMIN,233
USC00316676,2010-03-27,TMAX,233
USR0000NNWB,2014-09-05,TMIN,228
USC00310576,2005-05-20,TMIN,128
USW00093743,2008-01-24,TMAX,217
USW00093743,2008-01-24,TMIN,22
USR0000NNWB,2014-09-05,TMAX,339
USC00310576,2005-05-20,TMAX,256
USC00316676,2006-02-18,TMAX,239
USC00316676,2011-05-26,TMIN,189
USC00314689,2007-12-28,TMAX,178
USC00317170,2009-03-23,TMAX,167
USC00316676,2011-05-26,TMAX,361
USC00314684,2010-12-19,TMAX,17
USR0000NCRN,2014-02-12,TMAX,144
USC00314684,2011-02-27,TMAX,144
USC00310356,2010-01-04,TMIN,-56
USC00315830,2011-09-27,TMIN,217
USC00316676,2006-02-18,TMIN,56
USC00310356,2010-01-04,TMAX,11
USC00317170,2009-03-23,TMIN,39
USW00093743,2014-07-04,TMAX,306
USC00314689,2007-12-28,TMIN,33
USC00310356,2014-07-04,TMAX,311
USR0000NHOF,2005-07-27,TMIN,211
USC00314684,2015-04-28,TMIN,44
USR0000NCRN,2014-02-12,TMIN,6
USC00316676,2009-04-26,TMAX,306
USW00093719,2013-10-29,TMIN,106
USR0000NHOF,2005-07-27,TMAX,367
USW00093719,2013-10-29,TMAX,239
USR0000NNWB,2012-08-25,TMIN,189
USC00310356,2014-07-04,TMIN,228
USR0000NNWB,2012-08-25,TMAX,272
USR0000NCRN,2005-09-11,TMIN,222
USR0000NCRN,2005-09-11,TMAX,267
USC00314689,2011-08-07,TMIN,239
USC00316676,2011-03-09,TMIN,56
USC00314689,2011-08-07,TMAX,344
USW00093743,2010-01-04,TMIN,-55
USW00093743,2010-01-04,TMAX,28
USR0000NNWB,2009-10-19,TMIN,39
USR0000NNWB,2009-10-19,TMAX,167
USW00093765,2007-12-23,TMAX,222
USC00314684,2010-12-19,TMIN,-22
USW00093719,2011-07-07,TMAX,328
USC00316676,2011-03-09,TMAX,167
USR0000NCRN,2007-12-30,TMAX,172
USR0000NCRN,2007-12-30,TMIN,139
USC00310356,2013-10-06,TMAX,272
USC00310356,2013-10-06,TMIN,200
USC00317170,2014-04-14,TMIN,122
USC00314689,2010-12-15,TMAX,28
USC00310576,2012-04-22,TMIN,139
USC00314689,2010-12-15,TMIN,-94
USC00317170,2014-04-14,TMAX,272
USC00316096,2011-04-26,TMAX,261
USC00316096,2011-04-26,TMIN,194
USW00093719,2011-07-07,TMIN,228
USW00013754,2007-12-14,TMIN,100
USW00013754,2007-12-14,TMAX,206
USC00315830,2009-01-26,TMAX,144
USC00316676,2005-11-24,TMIN,22
USC00316676,2005-11-24,TMAX,111
USC00310576,2012-04-22,TMAX,272
USW00093743,2014-07-04,TMIN,239
USC00314689,2011-07-28,TMIN,256
USC00310356,2010-04-16,TMIN,94
USC00314689,2013-03-23,TMIN,22
USC00314684,2007-01-28,TMAX,178
USC00314684,2007-01-28,TMIN,28
USW00093719,2009-07-25,TMAX,317
USW00093719,2009-07-25,TMIN,194
USC00314689,2013-03-23,TMAX,122
USC00316096,2015-08-24,TMAX,306
USC00316096,2015-08-24,TMIN,178
USC00314689,2011-07-28,TMAX,361
USC00316676,2007-02-14,TMIN,61
USC00315830,2011-09-27,TMAX,261
USC00316096,2012-05-15,TMAX,272
USC00316096,2012-05-15,TMIN,211
USC00314689,2011-03-11,TMAX,200
USW00093743,2008-08-05,TMIN,189
USW00093743,2008-08-05,TMAX,250
USC00314689,2011-03-11,TMIN,56
USC00310356,2010-04-16,TMAX,194
USC00316676,2007-02-14,TMAX,222
USC00316676,2012-12-28,TMAX,122
USR0000NHOF,2007-08-19,TMIN,172
USC00316676,2012-12-28,TMIN,6
USC00314689,2014-05-13,TMAX,311
USR0000NCRN,2008-03-06,TMAX,222
USC00310356,2006-11-07,TMIN,44
USC00310356,2006-11-07,TMAX,206
USC00310356,2008-01-24,TMAX,156
USC00310356,2008-01-24,TMIN,61
USW00093719,2015-04-20,TMIN,200
USR0000NNWB,2014-08-14,TMIN,172
USR0000NCRN,2008-03-06,TMIN,56
USC00317170,2013-01-08,TMAX,172
USW00093743,2010-06-22,TMIN,261
USC00314684,2007-07-11,TMIN,217
USC00314684,2007-07-11,TMAX,322
USC00317170,2013-01-08,TMIN,6
USC00317170,2015-07-28,TMAX,294
USC00314689,2009-01-14,TMAX,56
USC00314689,2009-01-14,TMIN,-11
USR0000NCRN,2009-03-09,TMAX,294
USR0000NCRN,2009-03-09,TMIN,111
USR0000NHOF,2008-08-05,TMIN,239
USC00317170,2015-07-28,TMIN,194
USR0000NNWB,2014-08-14,TMAX,294
USW00093765,2010-04-05,TMAX,222
USC00316096,2012-09-07,TMIN,211
USW00093719,2014-09-05,TMIN,228
USW00093719,2014-09-05,TMAX,339
USC00316676,2013-07-07,TMIN,200
USC00314144,2008-06-15,TMIN,183
USR0000NNWB,2006-11-24,TMIN,44
USC00316676,2013-07-07,TMAX,311
USC00314689,2014-05-13,TMIN,178
USC00314144,2008-06-15,TMAX,278
USC00314684,2007-01-14,TMIN,100
USW00093719,2007-11-28,TMAX,156
USC00310576,2013-04-27,TMAX,206
USC00314684,2007-01-14,TMAX,222
USR0000NHOF,2011-10-01,TMAX,189
USC00310576,2013-04-27,TMIN,61
USC00314689,2013-08-17,TMAX,256
USC00314689,2013-08-17,TMIN,189
USW00093719,2007-11-28,TMIN,22
USR0000NNWB,2009-12-13,TMAX,189
USR0000NHOF,2008-08-05,TMAX,344
USW00093719,2015-04-20,TMAX,272
USC00316676,2009-04-26,TMIN,133
USW00093743,2010-02-22,TMIN,44
USW00093743,2010-02-22,TMAX,178
USC00316676,2005-04-05,TMAX,256
USW00093719,2006-12-04,TMAX,117
USW00093719,2006-12-04,TMIN,56
USR0000NHOF,2008-08-19,TMIN,161
USW00093765,2015-04-03,TMIN,144
USC00316676,2005-04-05,TMIN,61
USC00314684,2010-10-10,TMAX,283
USW00093743,2010-06-22,TMAX,328
USC00314684,2015-04-28,TMAX,217
USC00310356,2010-02-22,TMIN,72
USC00310356,2010-02-22,TMAX,133
USW00093765,2007-12-23,TMIN,100
USR0000NHOF,2007-08-19,TMAX,306
USC00314689,2012-09-07,TMAX,317
USC00314689,2012-09-07,TMIN,217
USC00314684,2010-10-10,TMIN,83
USR0000NHOF,2008-08-19,TMAX,306
USR0000NHOF,2010-01-04,TMAX,22
USW00093765,2015-04-03,TMAX,217
USC00316676,2010-01-21,TMAX,222
USC00314689,2015-03-20,TMAX,161
USC00316676,2010-01-21,TMIN,56
USC00310576,2005-10-09,TMIN,222
USC00317170,2011-11-29,TMIN,94
USC00317170,2011-11-29,TMAX,206
USR0000NHOF,2010-02-22,TMIN,-11
USR0000NHOF,2010-02-22,TMAX,183
USR0000NNWB,2005-05-02,TMIN,89
USR0000NNWB,2005-05-02,TMAX,250
USC00315830,2014-06-11,TMAX,289
USC00310576,2005-10-09,TMAX,256
USC00310576,2008-02-23,TMAX,106
USC00310576,2008-02-23,TMIN,72
USR0000NHOF,2011-10-01,TMIN,67
USC00314684,2005-08-20,TMAX,328
USC00314684,2005-08-20,TMIN,228
USC00315830,2014-06-11,TMIN,244
USR0000NHOF,2010-01-04,TMIN,-94
USW00093743,2013-10-06,TMAX,289
USR0000NNWB,2006-11-24,TMAX,178
USC00315830,2009-01-26,TMIN,22
USC00314684,2009-09-16,TMIN,150
USC00316096,2013-07-07,TMIN,200
USC00316096,2013-07-07,TMAX,294
USC00314684,2006-01-27,TMAX,89
USC00310356,2015-10-30,TMIN,167
USC00316676,2013-11-26,TMAX,83
USW00093719,2011-01-17,TMIN,-11
USR0000NNWB,2015-04-20,TMIN,200
USW00093719,2011-01-17,TMAX,106
USC00310576,2009-07-13,TMAX,333
USR0000NNWB,2015-04-20,TMAX,272
USC00310356,2011-10-27,TMIN,139
USC00316676,2013-11-26,TMIN,-6
USW00013754,2009-10-09,TMIN,117
USW00013754,2009-10-09,TMAX,283
USC00310356,2011-10-27,TMAX,222
USC00316676,2012-07-27,TMIN,244
USC00315830,2006-08-09,TMAX,317
USC00315830,2006-08-09,TMIN,233
USC00316676,2012-07-27,TMAX,344
USC00315830,2014-07-15,TMAX,300
USR0000NCRN,2009-06-15,TMAX,289
USC00310576,2009-07-13,TMIN,222
USC00314144,2005-09-11,TMIN,194
USC00314144,2005-09-11,TMAX,283
USW00093719,2008-11-03,TMIN,150
USC00310356,2005-01-29,TMAX,0
USC00310576,2010-08-23,TMIN,228
USC00314689,2013-07-07,TMIN,206
USC00314689,2013-07-07,TMAX,322
USW00093719,2008-11-03,TMAX,194
USW00093743,2010-07-01,TMAX,294
USC00314144,2006-01-18,TMAX,200
USC00314144,2006-01-18,TMIN,78
USC00310356,2005-01-29,TMIN,-44
USC00310356,2015-10-30,TMAX,228
USR0000NCRN,2009-06-15,TMIN,211
USC00314684,2006-01-27,TMIN,-39
USR0000NHOF,2008-11-21,TMIN,-22
USR0000NHOF,2008-11-21,TMAX,67
USW00093743,2010-07-01,TMIN,206
USC00314689,2012-01-20,TMIN,28
USW00093719,2014-08-14,TMIN,183
USR0000NHOF,2013-02-10,TMIN,-50
USR0000NHOF,2013-02-10,TMAX,133
USC00314689,2006-05-18,TMIN,139
USC00315830,2013-04-27,TMAX,217
USC00315830,2013-04-27,TMIN,117
USW00093765,2015-07-28,TMIN,222
USC00316676,2014-03-07,TMAX,83
USC00316676,2014-03-07,TMIN,22
USW00093765,2015-07-28,TMAX,300
USW00093743,2013-02-10,TMAX,117
USC00316676,2010-08-06,TMIN,228
USC00315830,2007-08-25,TMIN,239
USC00315830,2010-10-02,TMIN,183
USC00310356,2013-02-10,TMIN,33
USC00310356,2013-02-10,TMAX,133
USR0000NHOF,2009-05-20,TMAX,239
USC00315830,2007-08-25,TMAX,311
USC00310356,2006-06-27,TMIN,200
USC00310356,2006-06-27,TMAX,272
USR0000NHOF,2009-05-20,TMIN,94
USC00315830,2010-10-02,TMAX,228
USC00310356,2005-07-27,TMIN,267
USC00314689,2006-05-18,TMAX,267
USC00316676,2010-08-06,TMAX,328
USW00093719,2010-11-06,TMIN,56
USW00093719,2010-11-06,TMAX,144
USW00013754,2010-11-21,TMAX,211
USW00013754,2010-11-21,TMIN,39
USC00310356,2005-07-27,TMAX,311
USC00314684,2009-06-26,TMAX,328
USC00314684,2009-06-26,TMIN,206
USR0000NCRN,2010-02-22,TMIN,22
USC00310356,2010-07-01,TMAX,283
USC00314684,2012-07-23,TMIN,217
USR0000NCRN,2010-02-22,TMAX,183
USC00316676,2012-10-26,TMIN,133
USC00315830,2014-07-15,TMIN,267
USR0000NHOF,2006-06-27,TMIN,217
USR0000NHOF,2006-06-27,TMAX,250
USC00314684,2012-07-23,TMAX,317
USW00093743,2013-02-10,TMIN,-21
USC00310356,2010-07-01,TMIN,217
USC00316676,2012-10-26,TMAX,272
USC00310576,2010-08-23,TMAX,339
USR0000NHOF,2008-12-31,TMAX,161
USR0000NHOF,2008-12-31,TMIN,-6
USW00013754,2009-06-17,TMAX,261
USW00013754,2009-06-17,TMIN,200
USR0000NHOF,2006-04-26,TMIN,133
USC00310356,2008-08-05,TMIN,261
USC00310356,2008-08-05,TMAX,306
USC00314689,2012-05-15,TMAX,283
USW00093765,2011-10-12,TMAX,272
USR0000NHOF,2006-04-26,TMAX,217
USR0000NNWB,2009-10-09,TMAX,306
USC00314689,2012-01-20,TMAX,150
USW00013754,2005-05-02,TMIN,78
USW00013754,2005-05-02,TMAX,233
USC00310356,2009-05-20,TMAX,194
USW00013754,2009-12-13,TMIN,89
USW00013754,2009-12-13,TMAX,194
USC00310576,2011-11-08,TMAX,228
USC00310576,2011-11-08,TMIN,67
USC00310356,2009-05-20,TMIN,133
USC00314684,2006-02-02,TMIN,-17
USC00314684,2014-11-13,TMIN,100
USC00314684,2007-10-10,TMIN,206
USR0000NHOF,2014-07-04,TMIN,217
USC00314684,2009-09-16,TMAX,306
USC00310356,2008-01-08,TMIN,-6
USW00093765,2011-10-12,TMIN,211
USC00316096,2013-03-23,TMIN,-11
USC00316096,2013-03-23,TMAX,139
USR0000NHOF,2007-09-21,TMIN,200
USW00013754,2014-09-05,TMIN,228
USW00013754,2014-09-05,TMAX,322
USC00314684,2006-02-02,TMAX,117
USC00310356,2008-01-08,TMAX,161
USW00093743,2010-04-16,TMAX,222
USW00093719,2011-05-30,TMIN,183
USR0000NNWB,2009-10-09,TMIN,128
USW00093743,2010-04-16,TMIN,128
USW00093719,2011-05-30,TMAX,339
USW00093743,2011-09-18,TMAX,233
USW00093743,2011-09-18,TMIN,172
USR0000NHOF,2014-07-04,TMAX,328
USR0000NHOF,2007-09-21,TMAX,267
USC00314684,2014-11-13,TMAX,250
USR0000NHOF,2010-07-01,TMIN,178
USR0000NHOF,2010-07-01,TMAX,272
USW00093743,2009-05-20,TMAX,244
USW00093743,2009-05-20,TMIN,117
USC00310356,2007-08-10,TMIN,233
USC00310356,2007-08-10,TMAX,306
USW00093765,2011-11-29,TMIN,89
USW00093765,2011-11-29,TMAX,211
USR0000NCRN,2011-09-05,TMIN,228
USR0000NHOF,2011-10-27,TMAX,261
USC00316676,2008-04-19,TMAX,306
USR0000NHOF,2010-04-16,TMAX,294
USR0000NCRN,2015-10-02,TMAX,233
USC00314684,2013-03-23,TMIN,-56
USC00314684,2013-03-23,TMAX,106
USR0000NHOF,2009-04-19,TMAX,233
USR0000NCRN,2015-10-02,TMIN,189
USC00310356,2010-06-22,TMIN,267
USC00310356,2010-06-22,TMAX,311
USW00093719,2014-08-14,TMAX,294
USR0000NHOF,2010-04-16,TMIN,67
USR0000NHOF,2011-10-27,TMIN,144
USC00314689,2009-11-26,TMIN,61
USC00314689,2009-11-26,TMAX,183
USC00314684,2007-10-10,TMAX,339
USC00314684,2011-02-27,TMIN,39
USR0000NNWB,2012-01-14,TMAX,83
USC00310356,2006-04-26,TMIN,183
USC00310356,2006-04-26,TMAX,228
USC00316096,2014-05-13,TMIN,200
USC00314684,2006-05-18,TMAX,244
USW00013754,2012-08-25,TMIN,200
USW00013754,2012-08-25,TMAX,272
USC00314684,2006-05-18,TMIN,100
USR0000NNWB,2012-01-14,TMIN,-22
USC00316096,2014-05-13,TMAX,283
USW00093765,2014-04-14,TMIN,178
USW00093765,2014-04-14,TMAX,244
USR0000NCRN,2011-09-05,TMAX,294
USC00316676,2006-02-14,TMIN,-44
USC00316676,2008-04-19,TMIN,72
USR0000NHOF,2009-04-19,TMIN,94
USC00316676,2006-02-14,TMAX,78
USW00093743,2013-10-06,TMIN,183
USR0000NNWB,2010-07-14,TMAX,300
USC00316096,2012-09-07,TMAX,289
USC00310356,2014-06-06,TMAX,267
USR0000NHOF,2012-06-13,TMAX,289
USC00314144,2009-04-06,TMIN,100
USC00314144,2009-04-06,TMAX,244
USR0000NNWB,2012-07-05,TMAX,372
USR0000NHOF,2012-06-13,TMIN,178
USW00093765,2013-01-08,TMAX,161
USW00093765,2013-01-08,TMIN,39
USR0000NCRN,2015-05-12,TMIN,211
USW00093765,2009-09-23,TMIN,206
USR0000NCRN,2015-05-12,TMAX,261
USW00093719,2006-05-18,TMIN,128
USW00093719,2009-10-31,TMAX,272
USC00316096,2013-01-16,TMIN,100
USR0000NHOF,2006-04-09,TMAX,150
USC00316096,2012-07-23,TMIN,217
USR0000NNWB,2009-04-13,TMAX,167
USC00317170,2013-01-21,TMAX,178
USW00093719,2005-05-02,TMIN,83
USW00093719,2006-05-18,TMAX,272
USW00093719,2005-05-02,TMAX,228
USW00093765,2009-09-23,TMAX,289
USC00316676,2007-04-23,TMAX,278
USR0000NCRN,2013-04-27,TMIN,100
USW00013754,2005-02-26,TMAX,117
USW00013754,2005-02-26,TMIN,-17
USR0000NHOF,2007-01-04,TMAX,200
USR0000NHOF,2007-01-04,TMIN,33
USW00013754,2013-09-17,TMIN,167
USW00013754,2013-09-17,TMAX,250
USC00317170,2009-12-21,TMAX,94
USC00316676,2007-04-23,TMIN,83
USC00317170,2009-12-21,TMIN,-6
USC00314689,2007-06-05,TMAX,306
USC00315830,2012-04-22,TMIN,94
USC00315830,2012-04-22,TMAX,256
USW00093765,2007-01-28,TMAX,122
USW00093765,2007-01-28,TMIN,33
USC00314689,2010-11-11,TMAX,189
USW00093719,2012-08-25,TMAX,256
USR0000NNWB,2012-07-05,TMIN,256
USW00093719,2012-08-25,TMIN,189
USR0000NCRN,2013-04-27,TMAX,217
USC00316096,2012-07-23,TMAX,333
USR0000NNWB,2009-04-13,TMIN,56
USW00093719,2007-12-26,TMAX,89
USW00093719,2015-02-23,TMIN,-16
USC00314684,2010-06-18,TMAX,328
USC00314684,2010-06-18,TMIN,189
USC00310576,2007-04-10,TMIN,11
USC00316096,2012-01-20,TMAX,167
USC00310576,2007-11-12,TMIN,17
USC00310576,2007-04-10,TMAX,156
USC00314684,2012-09-07,TMIN,217
USC00315830,2010-11-01,TMAX,239
USW00093719,2007-12-26,TMIN,50
USW00093719,2007-10-22,TMAX,267
USW00093719,2007-10-22,TMIN,133
USC00315830,2010-11-01,TMIN,100
USC00316096,2012-01-20,TMIN,-11
USR0000NNWB,2007-02-24,TMAX,122
USC00310356,2005-01-07,TMIN,122
USR0000NNWB,2007-02-24,TMIN,-33
USC00310576,2007-11-12,TMAX,144
USR0000NHOF,2006-04-09,TMIN,-11
USC00314684,2012-09-07,TMAX,328
USR0000NNWB,2009-07-25,TMAX,311
USR0000NHOF,2014-02-12,TMIN,-22
USW00093719,2009-10-31,TMIN,161
USW00093765,2005-03-04,TMAX,106
USW00093765,2005-03-04,TMIN,-44
USR0000NHOF,2014-02-12,TMAX,78
USC00317170,2013-01-21,TMIN,6
USC00314689,2007-06-05,TMIN,217
USC00316096,2014-03-07,TMAX,111
USR0000NNWB,2009-07-25,TMIN,206
USC00316096,2013-01-16,TMAX,217
USW00093719,2009-12-13,TMIN,72
USR0000NCRN,2015-09-23,TMIN,200
USR0000NCRN,2015-09-23,TMAX,244
USC00310576,2011-12-18,TMIN,6
USW00093719,2015-02-23,TMAX,128
USC00316096,2014-03-07,TMIN,44
USW00093719,2009-12-13,TMAX,189
USC00310576,2011-12-18,TMAX,106
USC00316096,2015-11-02,TMIN,183
USC00314689,2006-07-16,TMIN,233
USC00314689,2006-07-16,TMAX,344
USW00093743,2012-06-13,TMIN,222
USC00314144,2008-12-14,TMIN,-11
USW00093743,2012-03-24,TMIN,172
USR0000NNWB,2008-07-02,TMAX,328
USR0000NNWB,2008-07-02,TMIN,156
USC00310576,2008-07-07,TMAX,300
USC00316676,2015-05-29,TMAX,289
USC00316676,2015-05-29,TMIN,150
USR0000NCRN,2014-08-01,TMIN,222
USW00093765,2007-10-04,TMAX,278
USC00316096,2014-04-14,TMIN,128
USW00013754,2009-07-25,TMAX,300
USR0000NCRN,2014-08-01,TMAX,250
USW00013754,2009-07-25,TMIN,206
USR0000NHOF,2011-10-18,TMAX,272
USC00310356,2011-10-01,TMIN,139
USC00310576,2008-10-14,TMAX,267
USC00310576,2008-10-14,TMIN,111
USC00314689,2010-09-12,TMIN,200
USC00316096,2014-04-14,TMAX,250
USC00314689,2010-09-12,TMAX,294
USC00314144,2008-12-14,TMAX,178
USW00093743,2012-03-24,TMAX,228
USC00316676,2010-03-27,TMIN,50
USR0000NNWB,2006-05-18,TMAX,278
USC00315830,2007-11-30,TMAX,189
USR0000NNWB,2006-05-18,TMIN,144
USC00314684,2014-03-07,TMAX,78
USC00315830,2007-11-30,TMIN,89
USC00314684,2014-03-07,TMIN,6
USC00314689,2007-04-17,TMIN,100
USR0000NCRN,2008-05-28,TMAX,261
USC00314689,2007-04-17,TMAX,183
USR0000NHOF,2010-06-22,TMIN,239
USC00310356,2015-07-01,TMIN,233
USC00310356,2015-07-01,TMAX,300
USR0000NHOF,2010-06-22,TMAX,339
USW00093765,2007-10-04,TMIN,222
USC00314684,2011-10-05,TMAX,222
USC00314684,2011-10-05,TMIN,72
USR0000NCRN,2008-05-28,TMIN,139
USC00310576,2008-07-07,TMIN,211
USR0000NCRN,2005-11-01,TMIN,72
USR0000NCRN,2005-11-01,TMAX,244
USR0000NHOF,2011-10-18,TMIN,156
USC00314684,2015-08-24,TMAX,317
USC00310576,2006-04-26,TMIN,144
USC00314684,2015-08-24,TMIN,172
USC00310576,2006-04-26,TMAX,228
USC00317170,2013-08-17,TMAX,317
USW00093765,2014-09-05,TMIN,244
USW00093765,2014-09-05,TMAX,311
USW00093743,2012-06-13,TMAX,294
USC00315830,2014-11-26,TMIN,156
USW00093719,2011-04-07,TMAX,261
USC00310356,2006-04-09,TMIN,67
USC00314684,2009-02-28,TMIN,78
USC00314684,2009-02-28,TMAX,217
USC00317170,2013-08-17,TMIN,189
USR0000NNWB,2011-07-07,TMIN,228
USW00093719,2011-03-20,TMAX,161
USC00314684,2011-11-29,TMIN,94
USC00314684,2011-11-29,TMAX,239
USC00310356,2006-04-09,TMAX,222
USC00310356,2012-06-13,TMIN,228
USW00093719,2011-04-07,TMIN,72
USC00310356,2012-06-13,TMAX,272
USC00315830,2014-11-26,TMAX,206
USC00316096,2012-03-03,TMAX,200
USC00316096,2012-03-03,TMIN,139
USR0000NCRN,2014-12-19,TMAX,128
USR0000NNWB,2011-07-07,TMAX,339
USC00316676,2006-09-30,TMAX,228
USC00316676,2006-09-30,TMIN,94
USR0000NCRN,2013-07-08,TMIN,233
USR0000NCRN,2013-07-08,TMAX,289
USC00317170,2012-05-15,TMAX,294
USC00317170,2012-05-15,TMIN,189
USC00315830,2009-12-03,TMAX,217
USC00314684,2008-11-29,TMAX,200
USC00314684,2008-11-29,TMIN,33
USC00315830,2009-12-03,TMIN,156
USC00314144,2011-03-25,TMIN,56
USW00093719,2011-03-20,TMIN,67
USR0000NHOF,2012-03-24,TMAX,233
USR0000NHOF,2012-03-24,TMIN,161
USR0000NCRN,2008-09-29,TMAX,294
USC00316096,2010-09-12,TMAX,278
USW00093765,2007-12-10,TMIN,111
USC00314689,2008-05-09,TMIN,206
USC00315830,2008-04-11,TMIN,139
USW00093743,2008-08-19,TMIN,128
USW00013754,2014-01-14,TMIN,50
USW00013754,2014-01-14,TMAX,178
USC00315830,2014-05-21,TMAX,244
USW00013754,2012-08-09,TMIN,211
USW00013754,2012-08-09,TMAX,306
USR0000NNWB,2005-02-26,TMAX,117
USC00314684,2011-08-01,TMAX,361
USC00315830,2014-05-21,TMIN,194
USC00314144,2005-08-05,TMIN,194
USC00317170,2009-09-23,TMAX,300
USC00310576,2006-06-27,TMIN,228
USC00310576,2006-06-27,TMAX,283
USC00314144,2005-08-05,TMAX,328
USC00317170,2009-09-23,TMIN,228
USC00316676,2006-09-02,TMAX,228
USC00316676,2006-09-02,TMIN,172
USR0000NNWB,2005-02-26,TMIN,-33
USW00013754,2011-03-08,TMAX,150
USC00315830,2008-04-11,TMAX,244
USW00013754,2012-07-05,TMIN,244
USC00310576,2009-11-21,TMIN,133
USC00310356,2012-11-10,TMIN,56
USC00310576,2013-02-10,TMIN,-11
USC00314144,2009-01-10,TMIN,-44
USC00310576,2013-02-10,TMAX,128
USC00310576,2009-11-21,TMAX,200
USW00093765,2006-05-18,TMAX,239
USC00310356,2012-11-10,TMAX,156
USW00013754,2012-07-05,TMAX,350
USW00093765,2006-05-18,TMIN,167
USC00316676,2014-10-04,TMAX,272
USC00316676,2014-10-04,TMIN,200
USC00314144,2009-03-17,TMIN,17
USR0000NHOF,2008-07-11,TMIN,206
USC00315830,2012-01-10,TMAX,161
USC00310576,2011-08-29,TMAX,328
USC00314144,2009-03-17,TMAX,122
USC00314684,2011-08-01,TMIN,217
USC00314144,2009-01-10,TMAX,167
USR0000NCRN,2013-10-06,TMIN,167
USW00013754,2011-03-08,TMIN,50
USC00314684,2012-05-15,TMAX,267
USR0000NCRN,2008-02-01,TMIN,94
USR0000NCRN,2008-02-01,TMAX,217
USC00316096,2013-08-17,TMAX,267
USC00315830,2010-04-11,TMIN,67
USC00316096,2013-08-17,TMIN,194
USC00314689,2011-03-29,TMIN,-11
USC00314689,2011-03-29,TMAX,156
USC00316676,2005-09-26,TMAX,283
USW00093743,2008-01-08,TMIN,94
USC00316676,2005-09-26,TMIN,178
USR0000NHOF,2008-10-26,TMAX,217
USW00093765,2010-04-05,TMIN,172
USW00093719,2015-12-01,TMAX,156
USC00310576,2012-01-31,TMAX,150
USC00310576,2012-01-31,TMIN,0
USC00316096,2010-09-12,TMIN,194
USW00093719,2015-12-01,TMIN,111
USC00315830,2010-04-11,TMAX,200
USC00310356,2014-06-06,TMIN,211
USC00315830,2014-01-25,TMAX,67
USR0000NHOF,2008-10-26,TMIN,56
USC00316676,2005-04-14,TMIN,61
USR0000NHOF,2006-11-07,TMIN,100
USC00314684,2012-05-15,TMIN,178
USR0000NHOF,2006-11-07,TMAX,189
USC00316096,2014-11-13,TMIN,78
USC00316096,2014-11-13,TMAX,211
USC00316096,2009-11-26,TMAX,178
USW00013754,2014-08-14,TMAX,294
USR0000NHOF,2014-06-06,TMIN,183
USR0000NCRN,2005-03-15,TMAX,139
USW00013754,2014-08-14,TMIN,183
USW00013754,2005-02-05,TMAX,128
USC00316096,2009-11-26,TMIN,72
USC00315830,2014-01-25,TMIN,-67
USR0000NCRN,2005-03-15,TMIN,-17
USC00317170,2007-05-28,TMIN,172
USC00317170,2007-05-28,TMAX,317
USR0000NHOF,2014-06-06,TMAX,300
USC00316676,2005-04-14,TMAX,117
USW00013754,2005-02-05,TMIN,33
USR0000NCRN,2013-10-06,TMAX,278
USC00310576,2011-08-29,TMIN,200
USR0000NNWB,2009-01-28,TMAX,217
USC00317170,2012-02-27,TMIN,0
USC00317170,2012-02-27,TMAX,172
USW00013754,2010-07-14,TMIN,228
USW00013754,2010-07-14,TMAX,294
USC00316096,2012-02-09,TMIN,-17
USW00093719,2015-10-22,TMIN,89
USR0000NHOF,2009-11-13,TMIN,106
USR0000NHOF,2013-04-27,TMAX,167
USC00314684,2014-04-14,TMAX,278
USR0000NHOF,2013-04-27,TMIN,78
USW00093719,2009-04-22,TMIN,67
USC00316676,2008-04-02,TMIN,172
USW00093743,2012-11-10,TMIN,28
USC00317170,2011-10-12,TMIN,194
USW00093743,2012-11-10,TMAX,178
USC00317170,2011-10-12,TMAX,239
USC00316676,2008-04-02,TMAX,222
USC00316096,2012-02-09,TMAX,94
USW00093719,2009-04-22,TMAX,183
USC00314684,2013-08-17,TMAX,228
USC00314684,2014-04-14,TMIN,106
USR0000NHOF,2009-11-13,TMAX,133
USW00093765,2007-12-10,TMAX,217
USR0000NNWB,2012-08-09,TMIN,222
USR0000NNWB,2012-08-09,TMAX,333
USR0000NCRN,2008-09-29,TMIN,183
USC00310356,2005-01-07,TMAX,156
USR0000NHOF,2012-11-10,TMIN,-11
USC00314689,2014-03-07,TMAX,83
USC00314689,2014-03-07,TMIN,17
USW00093719,2015-10-22,TMAX,267
USC00314684,2015-11-15,TMAX,150
USC00310576,2011-12-10,TMAX,178
USC00316676,2012-10-07,TMAX,283
USC00310576,2011-12-10,TMIN,44
USC00310356,2013-04-27,TMAX,222
USC00314684,2015-11-15,TMIN,-6
USR0000NHOF,2012-11-10,TMAX,206
USW00093743,2013-04-27,TMAX,217
USW00093743,2013-04-27,TMIN,111
USC00316676,2012-10-07,TMIN,150
USC00310356,2008-08-19,TMAX,306
USC00310356,2008-08-19,TMIN,183
USC00316096,2015-03-20,TMAX,189
USR0000NCRN,2015-07-01,TMAX,289
USC00316676,2005-10-16,TMIN,106
USC00310576,2014-05-01,TMIN,194
USW00013754,2009-10-19,TMAX,161
USW00013754,2009-10-19,TMIN,44
USR0000NNWB,2009-01-28,TMIN,67
USC00310356,2005-09-11,TMIN,222
USC00316096,2011-07-28,TMAX,322
USC00316676,2005-10-16,TMAX,256
USC00316096,2011-07-28,TMIN,228
USC00310576,2006-10-09,TMIN,183
USW00093765,2009-03-23,TMAX,194
USC00310356,2005-09-11,TMAX,278
USW00093765,2009-03-23,TMIN,28
USC00310576,2006-10-09,TMAX,244
USC00316096,2015-11-02,TMAX,222
USC00314144,2008-05-28,TMIN,122
USC00314144,2008-05-28,TMAX,233
USR0000NHOF,2008-07-11,TMAX,283
USR0000NCRN,2015-07-01,TMIN,239
USR0000NNWB,2014-01-14,TMAX,167
USC00310576,2014-05-01,TMAX,256
USW00013754,2011-08-13,TMIN,222
USC00314684,2013-08-17,TMIN,183
USR0000NHOF,2005-09-11,TMIN,206
USR0000NHOF,2005-09-11,TMAX,261
USW00013754,2011-08-13,TMAX,311
USC00314689,2010-11-11,TMIN,67
USW00093719,2009-10-09,TMIN,117
USC00316096,2015-03-20,TMIN,78
USW00093719,2009-10-09,TMAX,294
USC00314689,2014-11-13,TMIN,100
USR0000NCRN,2006-11-29,TMIN,106
USC00314684,2008-01-19,TMIN,22
USC00314684,2008-01-19,TMAX,72
USC00314689,2014-11-13,TMAX,256
USC00315830,2012-01-10,TMIN,67
USR0000NCRN,2006-11-29,TMAX,244
USW00013754,2005-03-07,TMIN,11
USW00013754,2005-03-07,TMAX,194
USR0000NNWB,2014-01-14,TMIN,44
USC00314689,2008-05-09,TMAX,289
USR0000NNWB,2006-06-26,TMIN,228
USW00093765,2015-07-05,TMAX,294
USR0000NHOF,2005-06-11,TMIN,133
USC00310576,2012-08-08,TMIN,228
USC00310576,2012-08-08,TMAX,306
USC00310576,2007-07-17,TMAX,317
USC00315830,2012-07-28,TMAX,317
USC00315830,2012-07-28,TMIN,256
USC00314689,2006-09-17,TMIN,178
USR0000NNWB,2008-12-14,TMAX,178
USR0000NNWB,2008-12-14,TMIN,22
USW00093719,2006-04-23,TMIN,161
USC00314144,2010-04-08,TMAX,272
USW00093719,2006-04-23,TMAX,278
USC00315830,2006-12-18,TMIN,72
USC00315830,2006-12-18,TMAX,211
USC00314144,2010-04-08,TMIN,167
USC00314684,2014-01-01,TMAX,111
USC00314689,2006-09-17,TMAX,256
USC00316096,2015-02-24,TMAX,-11
USC00315830,2010-09-06,TMAX,300
USC00315830,2010-09-06,TMIN,206
USR0000NNWB,2011-07-08,TMIN,239
USR0000NNWB,2011-07-08,TMAX,283
USR0000NCRN,2007-01-13,TMAX,233
USR0000NCRN,2007-01-13,TMIN,72
USC00317170,2008-01-15,TMIN,-6
USR0000NCRN,2011-01-09,TMIN,-61
USC00316676,2007-01-04,TMIN,17
USC00316676,2007-01-04,TMAX,194
USC00316676,2006-11-15,TMIN,94
USC00316676,2006-11-15,TMAX,233
USC00314684,2014-01-01,TMIN,-6
USR0000NCRN,2011-01-09,TMAX,33
USC00316096,2015-02-24,TMIN,-39
USC00310576,2014-09-02,TMIN,228
USC00316676,2009-02-25,TMIN,-61
USC00315830,2011-08-03,TMIN,233
USC00315830,2015-08-31,TMIN,206
USW00093765,2008-07-20,TMAX,289
USC00310576,2006-01-02,TMIN,11
USC00310356,2011-04-13,TMAX,211
USC00310356,2011-04-13,TMIN,139
USW00093765,2014-01-26,TMAX,106
USW00093765,2014-01-26,TMIN,6
USC00310576,2006-01-02,TMAX,172
USC00315830,2015-08-31,TMAX,289
USC00314144,2010-08-09,TMAX,317
USC00314144,2010-08-09,TMIN,200
USC00315830,2012-05-18,TMAX,256
USC00315830,2012-05-18,TMIN,172
USW00093765,2010-12-24,TMIN,-32
USW00093719,2010-10-29,TMIN,61
USW00093719,2010-10-29,TMAX,217
USC00314144,2006-01-27,TMIN,-61
USC00314684,2011-11-10,TMIN,83
USC00314684,2011-11-10,TMAX,233
USC00310576,2007-07-17,TMIN,233
USC00314684,2007-08-23,TMIN,228
USC00314689,2014-03-12,TMIN,106
USC00314689,2014-03-12,TMAX,256
USC00316676,2009-02-25,TMAX,89
USW00093743,2011-04-13,TMIN,106
USW00093743,2011-04-13,TMAX,189
USC00314684,2007-08-23,TMAX,322
USC00314144,2006-01-27,TMAX,111
USR0000NNWB,2008-06-08,TMIN,239
USR0000NNWB,2008-06-08,TMAX,378
USW00093765,2010-12-24,TMAX,72
USC00315830,2011-08-03,TMAX,328
USC00310576,2014-09-02,TMAX,328
USR0000NCRN,2009-09-25,TMAX,311
USR0000NCRN,2009-09-25,TMIN,272
USC00315830,2015-03-21,TMIN,72
USC00314684,2005-09-28,TMIN,139
USC00317170,2010-05-24,TMIN,189
USC00316676,2012-10-03,TMAX,272
USR0000NCRN,2014-08-16,TMIN,183
USC00314689,2015-08-25,TMIN,217
USC00314689,2015-12-08,TMIN,72
USW00093765,2007-04-09,TMIN,33
USC00314689,2015-12-08,TMAX,144
USW00013754,2013-11-29,TMAX,117
USC00315830,2013-06-29,TMIN,261
USC00315830,2013-06-29,TMAX,294
USC00314684,2010-10-11,TMAX,283
USC00314684,2010-10-11,TMIN,128
USR0000NHOF,2006-06-23,TMIN,178
USR0000NHOF,2006-06-23,TMAX,294
USC00315830,2011-06-13,TMIN,217
USC00310356,2006-06-23,TMIN,244
USR0000NCRN,2014-06-23,TMAX,289
USR0000NCRN,2014-06-23,TMIN,211
USR0000NNWB,2013-05-04,TMIN,122
USR0000NNWB,2013-05-04,TMAX,194
USC00314144,2009-01-09,TMAX,89
USW00093719,2010-04-22,TMAX,239
USC00314144,2009-01-09,TMIN,-56
USW00013754,2013-11-29,TMIN,0
USC00310576,2010-08-19,TMAX,356
USC00314689,2015-02-24,TMIN,-50
USC00310576,2010-08-19,TMIN,222
USC00314689,2015-02-24,TMAX,22
USW00093743,2011-01-04,TMIN,-38
USW00013754,2005-03-14,TMIN,6
USC00310576,2015-11-20,TMAX,211
USW00013754,2013-05-04,TMIN,122
USC00317170,2010-05-24,TMAX,272
USC00316676,2013-02-06,TMIN,33
USC00310576,2012-03-07,TMIN,0
USC00310356,2008-09-04,TMIN,228
USC00310356,2008-09-04,TMAX,300
USR0000NHOF,2011-04-13,TMIN,78
USR0000NHOF,2011-04-13,TMAX,217
USC00316676,2013-02-06,TMAX,194
USC00316096,2010-09-29,TMAX,256
USC00316096,2010-09-29,TMIN,194
USC00316096,2012-03-25,TMAX,239
USC00317170,2015-12-23,TMIN,167
USC00317170,2015-12-23,TMAX,239
USC00314689,2009-02-03,TMAX,156
USC00314689,2009-02-03,TMIN,17
USC00316096,2012-03-25,TMIN,150
USW00093765,2008-07-20,TMIN,239
USC00317170,2015-04-29,TMAX,211
USW00013754,2012-09-10,TMIN,161
USW00013754,2013-05-04,TMAX,194
USC00316676,2012-10-03,TMIN,228
USW00093719,2010-04-22,TMIN,100
USC00314689,2015-08-25,TMAX,328
USC00314684,2005-09-28,TMAX,283
USC00315830,2015-03-21,TMAX,206
USW00013754,2012-09-10,TMAX,267
USR0000NCRN,2014-08-16,TMAX,294
USR0000NCRN,2007-08-25,TMIN,222
USW00093743,2011-01-04,TMAX,106
USC00316676,2011-02-11,TMAX,39
USC00317170,2015-04-29,TMIN,83
USW00093719,2007-01-31,TMIN,-50
USW00093719,2007-01-31,TMAX,50
USC00310576,2012-03-07,TMAX,122
USC00310356,2006-06-23,TMAX,289
USC00310576,2009-02-02,TMIN,28
USW00093719,2010-01-25,TMIN,106
USW00093765,2010-05-24,TMIN,200
USR0000NNWB,2011-05-03,TMIN,156
USC00314689,2015-10-30,TMAX,261
USW00093719,2005-10-25,TMIN,83
USW00093719,2005-10-25,TMAX,156
USW00093765,2011-09-26,TMAX,261
USW00013754,2005-10-31,TMIN,28
USR0000NHOF,2005-06-07,TMAX,306
USR0000NHOF,2005-06-07,TMIN,189
USR0000NHOF,2014-05-03,TMAX,261
USC00310356,2014-11-11,TMIN,100
USC00314689,2015-10-30,TMIN,133
USC00310356,2014-11-11,TMAX,194
USW00013754,2013-06-29,TMIN,233
USW00013754,2013-06-29,TMAX,289
USW00013754,2005-10-31,TMAX,217
USC00316676,2007-07-23,TMAX,267
USW00013754,2011-07-08,TMAX,289
USC00310576,2014-07-29,TMAX,328
USC00314144,2005-11-07,TMIN,128
USC00317170,2008-01-15,TMAX,94
USC00314144,2005-11-07,TMAX,267
USC00310576,2014-07-29,TMIN,183
USR0000NNWB,2011-05-03,TMAX,294
USC00315830,2015-09-11,TMIN,228
USR0000NNWB,2007-01-31,TMAX,39
USC00317170,2008-01-04,TMAX,78
USW00093765,2007-08-03,TMIN,222
USW00093765,2007-08-03,TMAX,289
USR0000NHOF,2014-05-03,TMIN,117
USC00316676,2007-07-23,TMIN,172
USR0000NNWB,2007-01-31,TMIN,-33
USR0000NHOF,2014-07-05,TMAX,317
USC00314689,2007-11-14,TMIN,117
USW00093765,2010-05-24,TMAX,261
USC00315830,2015-01-11,TMAX,61
USW00013754,2011-09-19,TMAX,261
USR0000NHOF,2007-11-06,TMAX,206
USR0000NHOF,2007-11-06,TMIN,39
USC00310356,2014-07-05,TMAX,294
USC00310356,2014-07-05,TMIN,222
USW00013754,2008-06-08,TMAX,361
USW00013754,2008-06-08,TMIN,228
USW00093743,2007-09-14,TMIN,222
USW00093743,2007-09-14,TMAX,289
USR0000NNWB,2005-03-14,TMIN,0
USC00314689,2005-04-16,TMAX,150
USC00314689,2009-07-10,TMIN,167
USW00093765,2007-06-22,TMIN,222
USC00314689,2009-07-10,TMAX,278
USR0000NNWB,2005-03-14,TMAX,89
USW00093719,2011-02-09,TMIN,-22
USC00316676,2010-12-26,TMIN,-28
USC00314689,2013-02-27,TMIN,94
USW00093743,2014-07-05,TMIN,206
USR0000NNWB,2010-01-25,TMIN,111
USW00093743,2014-07-05,TMAX,283
USR0000NNWB,2010-01-25,TMAX,194
USC00314689,2007-11-14,TMAX,256
USC00314689,2013-02-27,TMAX,189
USC00310356,2005-08-22,TMIN,261
USC00310356,2005-08-22,TMAX,339
USW00093765,2008-08-09,TMIN,217
USW00093765,2011-09-26,TMIN,222
USC00314689,2005-04-16,TMIN,39
USW00093765,2008-08-09,TMAX,289
USW00093765,2007-06-22,TMAX,289
USW00013754,2011-07-08,TMIN,250
USW00013754,2005-04-30,TMIN,183
USW00013754,2005-04-30,TMAX,233
USC00316676,2009-09-15,TMAX,278
USC00316096,2009-07-10,TMAX,272
USC00317170,2015-07-18,TMIN,194
USR0000NCRN,2010-11-26,TMAX,217
USR0000NCRN,2006-12-10,TMIN,-44
USR0000NCRN,2006-12-10,TMAX,139
USW00093765,2009-10-20,TMAX,178
USC00314684,2006-02-19,TMIN,-50
USW00093765,2015-12-23,TMAX,228
USW00093765,2015-12-23,TMIN,194
USR0000NNWB,2007-02-28,TMIN,50
USW00093765,2009-10-20,TMIN,33
USC00316096,2015-08-25,TMAX,300
USC00316096,2015-08-25,TMIN,189
USC00310576,2009-02-02,TMAX,161
USR0000NHOF,2005-08-22,TMAX,350
USC00317170,2009-09-07,TMIN,211
USC00314684,2012-12-26,TMAX,161
USC00314684,2012-12-26,TMIN,33
USW00013754,2014-06-05,TMIN,206
USR0000NCRN,2014-12-13,TMIN,-28
USW00093719,2010-01-25,TMAX,194
USR0000NCRN,2014-12-13,TMAX,139
USC00310576,2011-08-04,TMAX,361
USR0000NNWB,2007-02-28,TMAX,161
USC00316676,2008-05-25,TMIN,89
USC00314144,2007-07-02,TMAX,261
USR0000NHOF,2005-08-22,TMIN,200
USC00315830,2013-08-22,TMIN,222
USC00317170,2009-09-07,TMAX,228
USC00315830,2013-08-22,TMAX,306
USC00316676,2008-05-25,TMAX,222
USC00310576,2011-08-04,TMIN,222
USC00316096,2014-03-12,TMIN,122
USC00314684,2006-02-19,TMAX,78
USC00317170,2010-06-15,TMIN,228
USW00093719,2011-02-09,TMAX,83
USR0000NNWB,2009-11-01,TMAX,239
USC00315830,2009-11-27,TMAX,167
USC00317170,2008-01-04,TMIN,-44
USC00314684,2011-03-09,TMAX,161
USR0000NNWB,2009-11-01,TMIN,122
USR0000NCRN,2010-06-23,TMIN,250
USC00310356,2011-01-04,TMIN,0
USC00310356,2011-01-04,TMAX,89
USC00310576,2010-06-04,TMAX,311
USC00310576,2010-06-04,TMIN,228
USR0000NHOF,2014-07-05,TMIN,156
USC00315830,2015-09-11,TMAX,306
USR0000NCRN,2010-06-23,TMAX,328
USW00013754,2014-06-05,TMAX,300
USC00317170,2008-05-11,TMAX,228
USC00317170,2010-06-15,TMAX,378
USC00316096,2014-03-12,TMAX,189
USC00317170,2015-07-18,TMAX,339
USC00316096,2009-07-10,TMIN,156
USR0000NCRN,2007-07-07,TMIN,222
USR0000NCRN,2007-07-07,TMAX,322
USW00093765,2005-11-16,TMIN,189
USC00317170,2008-05-11,TMIN,122
USR0000NCRN,2010-11-26,TMIN,150
USC00315830,2006-04-10,TMAX,172
USW00093765,2005-11-16,TMAX,244
USW00093719,2007-10-26,TMIN,217
USW00093719,2007-10-26,TMAX,239
USC00314144,2007-07-02,TMIN,150
USC00315830,2009-11-27,TMIN,56
USC00315830,2006-04-10,TMIN,17
USW00093765,2007-04-09,TMAX,139
USC00315830,2012-07-14,TMAX,306
USC00315830,2012-07-14,TMIN,233
USR0000NCRN,2008-11-30,TMIN,100
USC00317170,2012-12-26,TMIN,78
USW00093719,2013-11-29,TMIN,-21
USW00093743,2007-12-14,TMAX,200
USW00013754,2013-08-22,TMAX,306
USC00310576,2009-06-08,TMIN,189
USR0000NCRN,2005-07-09,TMIN,156
USR0000NCRN,2005-07-09,TMAX,333
USC00310356,2011-03-12,TMAX,133
USC00317170,2012-12-26,TMAX,183
USW00013754,2013-08-22,TMIN,211
USR0000NCRN,2005-11-07,TMAX,272
USC00310576,2013-06-29,TMIN,217
USC00310576,2013-06-29,TMAX,317
USC00310576,2015-11-25,TMIN,-6
USR0000NHOF,2008-09-04,TMAX,306
USR0000NHOF,2008-09-04,TMIN,139
USW00013754,2013-11-12,TMIN,17
USC00317170,2012-07-04,TMAX,383
USC00317170,2012-07-04,TMIN,211
USR0000NHOF,2015-11-18,TMIN,117
USC00310356,2011-03-12,TMIN,50
USW00093765,2007-05-22,TMIN,172
USR0000NCRN,2008-11-30,TMAX,233
USW00093765,2007-05-22,TMAX,244
USC00310576,2015-11-25,TMAX,139
USC00317170,2014-01-26,TMIN,-22
USC00317170,2014-01-26,TMAX,122
USC00314689,2008-03-16,TMAX,217
USC00314689,2008-03-16,TMIN,94
USR0000NCRN,2005-11-07,TMIN,111
USC00310356,2007-09-19,TMIN,156
USW00013754,2013-11-12,TMAX,200
USW00093743,2007-12-14,TMIN,100
USW00093765,2013-05-04,TMIN,128
USW00093719,2012-01-13,TMAX,178
USC00310356,2014-10-11,TMAX,250
USC00310356,2014-10-11,TMIN,167
USC00310576,2011-03-25,TMAX,211
USC00310576,2008-11-14,TMAX,222
USC00310576,2008-11-14,TMIN,172
USR0000NHOF,2013-01-16,TMAX,211
USC00310576,2013-09-15,TMIN,144
USC00310356,2007-09-14,TMAX,283
USC00314689,2011-02-10,TMIN,-11
USR0000NHOF,2014-10-11,TMAX,317
USR0000NHOF,2014-10-11,TMIN,183
USR0000NNWB,2007-09-30,TMAX,267
USW00093743,2010-04-17,TMAX,228
USW00093743,2010-04-17,TMIN,172
USC00310576,2011-03-25,TMIN,72
USC00314689,2011-02-19,TMIN,133
USW00093765,2013-05-04,TMAX,178
USC00314689,2005-09-07,TMAX,272
USC00315830,2011-04-20,TMAX,244
USC00314689,2005-09-07,TMIN,178
USC00315830,2011-04-20,TMIN,183
USR0000NCRN,2006-06-23,TMAX,306
USW00093719,2013-11-29,TMAX,122
USR0000NCRN,2006-06-23,TMIN,211
USC00314689,2011-02-19,TMAX,244
USR0000NHOF,2012-02-27,TMAX,167
USR0000NHOF,2012-02-27,TMIN,-17
USC00314144,2011-05-13,TMIN,172
USC00310576,2013-09-15,TMAX,267
USC00314689,2011-02-10,TMAX,89
USR0000NNWB,2007-09-30,TMIN,150
USC00310576,2009-06-08,TMAX,278
USC00314144,2008-01-12,TMIN,94
USC00310576,2006-08-11,TMAX,267
USR0000NCRN,2008-01-10,TMIN,94
USC00314684,2015-06-27,TMAX,367
USR0000NHOF,2014-07-29,TMIN,172
USR0000NHOF,2014-07-29,TMAX,317
USW00013754,2012-02-01,TMAX,222
USR0000NHOF,2012-06-01,TMIN,194
USR0000NHOF,2012-06-01,TMAX,289
USC00314689,2013-03-19,TMIN,72
USC00314689,2007-11-11,TMIN,11
USR0000NCRN,2012-10-29,TMIN,89
USC00314689,2007-11-11,TMAX,128
USC00315830,2011-06-02,TMIN,217
USC00314689,2013-03-19,TMAX,211
USC00310576,2005-03-09,TMIN,-50
USC00314144,2007-08-18,TMIN,200
USW00013754,2012-02-01,TMIN,83
USW00093719,2012-09-10,TMAX,261
USC00310356,2007-12-14,TMAX,178
USC00316676,2014-11-27,TMIN,39
USC00316676,2014-11-27,TMAX,183
USC00310356,2007-12-14,TMIN,122
USR0000NHOF,2015-02-11,TMAX,78
USR0000NHOF,2015-02-11,TMIN,-28
USC00314684,2015-07-18,TMIN,200
USW00093765,2009-08-25,TMIN,211
USC00315830,2011-06-02,TMAX,311
USW00093743,2012-02-27,TMAX,167
USC00310356,2013-01-16,TMAX,172
USC00310576,2005-03-09,TMAX,83
USC00310356,2013-01-16,TMIN,111
USW00093719,2012-09-10,TMIN,156
USW00093765,2009-08-25,TMAX,300
USC00310576,2005-01-14,TMIN,78
USR0000NHOF,2010-04-17,TMIN,133
USC00314684,2015-07-18,TMAX,322
USC00310356,2007-09-19,TMAX,278
USC00317170,2013-05-04,TMIN,117
USC00317170,2013-05-04,TMAX,189
USW00093743,2012-02-27,TMIN,-5
USW00013754,2010-12-20,TMIN,-27
USR0000NHOF,2015-11-18,TMAX,256
USW00093765,2009-09-07,TMIN,211
USW00013754,2010-12-20,TMAX,56
USC00314144,2008-01-12,TMAX,172
USC00314684,2008-05-11,TMIN,100
USC00314684,2008-05-11,TMAX,283
USC00310356,2010-04-26,TMIN,178
USC00310576,2006-08-11,TMIN,228
USC00310356,2010-04-26,TMAX,211
USC00316676,2007-05-04,TMIN,156
USW00093765,2006-03-27,TMAX,144
USC00316676,2007-05-04,TMAX,233
USW00093765,2007-01-31,TMAX,78
USR0000NHOF,2010-04-17,TMAX,294
USW00093719,2008-06-08,TMIN,233
USW00093719,2008-06-08,TMAX,372
USW00013754,2011-12-11,TMIN,33
USC00310576,2005-01-14,TMAX,244
USC00317170,2011-12-17,TMAX,117
USW00093765,2009-09-07,TMAX,228
USR0000NCRN,2008-01-10,TMAX,228
USW00013754,2011-12-11,TMAX,117
USW00093743,2008-11-03,TMAX,183
USW00093743,2008-11-03,TMIN,139
USC00317170,2011-12-17,TMIN,6
USR0000NHOF,2007-06-05,TMAX,317
USW00093765,2007-01-31,TMIN,-43
USC00314684,2015-06-27,TMIN,211
USR0000NHOF,2013-01-16,TMIN,111
USC00317170,2010-01-25,TMIN,117
USR0000NCRN,2010-07-26,TMAX,328
USC00314689,2006-09-24,TMIN,233
USC00314689,2006-09-24,TMAX,306
USR0000NNWB,2010-08-25,TMIN,200
USR0000NCRN,2014-11-11,TMIN,139
USR0000NCRN,2014-11-11,TMAX,206
USC00314689,2007-10-19,TMAX,300
USR0000NNWB,2010-08-25,TMAX,300
USC00314689,2015-06-27,TMIN,244
USC00314689,2015-06-27,TMAX,350
USC00315830,2007-10-27,TMIN,194
USC00315830,2006-05-23,TMAX,261
USC00315830,2006-05-23,TMIN,144
USC00314689,2012-03-25,TMAX,217
USC00314689,2012-03-25,TMIN,133
USR0000NHOF,2007-09-15,TMIN,189
USC00315830,2011-03-15,TMIN,83
USC00315830,2007-10-27,TMAX,250
USR0000NHOF,2007-12-14,TMAX,211
USC00310576,2010-03-11,TMIN,111
USR0000NHOF,2007-09-15,TMAX,283
USC00310576,2010-03-11,TMAX,244
USR0000NCRN,2011-02-04,TMIN,17
USC00314684,2013-01-22,TMIN,-11
USC00315830,2010-11-14,TMIN,50
USR0000NHOF,2007-12-14,TMIN,72
USW00093719,2013-05-04,TMIN,128
USW00093719,2013-05-04,TMAX,200
USR0000NCRN,2007-08-25,TMAX,322
USC00314684,2013-01-22,TMAX,172
USC00310576,2006-03-09,TMIN,39
USC00310576,2006-03-09,TMAX,217
USC00315830,2010-11-14,TMAX,178
USW00093743,2007-09-19,TMAX,283
USR0000NCRN,2014-10-11,TMIN,189
USC00310576,2015-11-20,TMIN,133
USC00316676,2005-12-16,TMIN,44
USC00316676,2005-12-16,TMAX,172
USW00013754,2005-03-14,TMAX,100
USC00315830,2012-04-17,TMAX,250
USC00315830,2012-04-17,TMIN,167
USW00013754,2007-03-17,TMAX,94
USW00013754,2009-03-05,TMAX,133
USW00013754,2007-03-17,TMIN,28
USC00310576,2014-01-12,TMAX,222
USC00314684,2005-08-08,TMAX,300
USC00314689,2009-04-18,TMIN,72
USC00310576,2014-01-12,TMIN,106
USC00316676,2011-02-11,TMIN,-44
USC00315830,2011-06-13,TMAX,294
USW00093743,2007-09-19,TMIN,189
USR0000NNWB,2006-04-23,TMIN,167
USR0000NNWB,2012-09-10,TMAX,272
USC00314689,2007-10-19,TMIN,222
USR0000NCRN,2014-10-11,TMAX,272
USR0000NHOF,2012-11-09,TMAX,161
USC00314144,2010-11-29,TMIN,-11
USR0000NHOF,2012-11-09,TMIN,-28
USC00317170,2010-06-26,TMIN,233
USC00317170,2010-06-26,TMAX,344
USW00013754,2009-03-05,TMIN,-43
USR0000NNWB,2012-09-10,TMIN,144
USW00093743,2008-09-04,TMIN,100
USW00093743,2008-09-04,TMAX,200
USC00314684,2005-08-08,TMIN,211
USC00317170,2009-10-20,TMIN,33
USC00317170,2009-10-20,TMAX,206
USC00314689,2009-04-18,TMAX,261
USC00314144,2010-11-29,TMAX,161
USC00316676,2013-03-19,TMAX,183
USW00093719,2008-03-29,TMAX,183
USR0000NNWB,2006-04-23,TMAX,283
USR0000NHOF,2008-11-03,TMAX,167
USW00013754,2008-12-27,TMIN,89
USW00013754,2008-12-27,TMAX,228
USW00013754,2005-10-18,TMIN,89
USR0000NHOF,2007-06-05,TMIN,194
USW00093719,2012-01-13,TMIN,28
USC00310356,2010-04-17,TMAX,206
USC00315830,2005-02-20,TMIN,6
USC00316676,2015-06-02,TMAX,317
USC00316676,2015-06-02,TMIN,206
USC00310356,2012-11-09,TMAX,144
USR0000NNWB,2010-08-27,TMAX,322
USC00315830,2005-02-20,TMAX,144
USC00317170,2010-11-08,TMAX,167
USC00317170,2010-11-08,TMIN,33
USC00316096,2015-12-08,TMIN,28
USC00316096,2015-12-08,TMAX,156
USC00314689,2009-06-02,TMIN,200
USC00317170,2010-01-25,TMAX,200
USW00093765,2006-03-27,TMIN,33
USR0000NNWB,2010-08-27,TMIN,217
USR0000NCRN,2010-07-26,TMIN,239
USC00310356,2007-09-14,TMIN,222
USW00093765,2009-12-22,TMIN,0
USC00314689,2009-06-02,TMAX,333
USR0000NCRN,2010-08-09,TMAX,300
USC00315830,2011-08-01,TMAX,317
USC00314144,2007-08-18,TMAX,311
USC00314689,2011-11-10,TMIN,94
USC00314689,2011-11-10,TMAX,228
USC00315830,2011-08-01,TMIN,233
USR0000NCRN,2010-08-09,TMIN,222
USC00310356,2014-04-11,TMAX,206
USC00310356,2012-11-09,TMIN,33
USC00310356,2014-04-11,TMIN,150
USC00316096,2015-06-27,TMIN,228
USR0000NCRN,2013-10-10,TMIN,150
USC00314144,2010-01-02,TMAX,17
USC00315830,2011-03-15,TMAX,144
USR0000NCRN,2011-02-04,TMAX,61
USC00314144,2010-01-02,TMIN,-39
USC00316096,2011-11-10,TMAX,228
USR0000NCRN,2013-10-10,TMAX,172
USR0000NHOF,2014-04-11,TMIN,139
USC00316676,2010-02-18,TMAX,89
USC00316676,2010-02-18,TMIN,-17
USC00314144,2011-05-13,TMAX,272
USW00093765,2010-01-25,TMIN,122
USW00093765,2010-01-25,TMAX,194
USR0000NHOF,2014-04-11,TMAX,278
USW00093719,2008-03-29,TMIN,61
USC00316096,2015-06-27,TMAX,300
USW00093765,2009-08-10,TMIN,256
USW00013754,2005-10-18,TMAX,256
USC00315830,2006-07-30,TMAX,311
USW00093765,2007-06-07,TMAX,278
USR0000NHOF,2008-11-03,TMIN,139
USW00093765,2009-12-22,TMAX,100
USC00315830,2006-07-30,TMIN,239
USW00093765,2009-08-10,TMAX,306
USW00093765,2007-06-07,TMIN,200
USC00315830,2007-06-12,TMIN,172
USC00314144,2006-07-19,TMIN,194
USC00316096,2011-11-10,TMIN,122
USC00314144,2006-07-19,TMAX,344
USW00093743,2012-11-09,TMAX,156
USW00093743,2012-11-09,TMIN,17
USC00315830,2007-06-12,TMAX,283
USW00093765,2006-10-22,TMIN,150
USC00316676,2013-03-19,TMIN,89
USC00316676,2014-05-22,TMIN,172
USW00013754,2010-07-13,TMIN,239
USW00013754,2010-07-13,TMAX,311
USC00317170,2011-09-26,TMIN,189
USW00093719,2014-01-26,TMAX,133
USW00013754,2011-05-03,TMAX,272
USR0000NCRN,2014-12-21,TMAX,83
USW00013754,2008-12-14,TMAX,161
USW00013754,2008-12-14,TMIN,28
USC00310356,2007-04-25,TMAX,194
USC00317170,2011-09-26,TMAX,244
USC00310356,2007-04-25,TMIN,161
USC00316676,2012-06-25,TMIN,211
USC00316676,2012-06-25,TMAX,311
USW00093719,2014-01-26,TMIN,-27
USR0000NCRN,2015-05-10,TMIN,200
USR0000NCRN,2015-05-10,TMAX,239
USW00093765,2010-11-08,TMAX,167
USR0000NHOF,2010-03-11,TMIN,133
USR0000NHOF,2005-07-09,TMAX,311
USC00316096,2013-06-29,TMAX,278
USC00316096,2013-06-29,TMIN,250
USR0000NHOF,2010-03-11,TMAX,189
USC00316676,2015-06-27,TMAX,339
USC00314689,2013-06-29,TMAX,322
USW00093719,2006-10-22,TMIN,122
USC00316676,2015-06-27,TMIN,222
USW00093765,2005-09-28,TMIN,183
USW00093719,2006-10-22,TMAX,194
USW00093765,2005-09-28,TMAX,267
USC00310576,2010-10-19,TMAX,272
USC00310576,2010-10-19,TMIN,117
USR0000NHOF,2005-07-09,TMIN,178
USC00314684,2005-04-16,TMAX,144
USW00093719,2006-11-05,TMAX,156
USW00093719,2005-02-03,TMIN,6
USC00310356,2010-03-11,TMIN,44
USW00093719,2007-04-04,TMAX,289
USW00093743,2010-11-22,TMAX,200
USR0000NHOF,2006-05-23,TMAX,256
USR0000NHOF,2006-05-23,TMIN,67
USC00315830,2005-03-07,TMAX,156
USW00093719,2005-02-03,TMAX,72
USC00314684,2008-10-28,TMIN,22
USW00093719,2007-04-04,TMIN,161
USW00093743,2010-11-22,TMIN,83
USW00093765,2007-06-17,TMAX,278
USW00093765,2007-06-17,TMIN,222
USC00316676,2007-09-01,TMAX,300
USC00316676,2007-09-01,TMIN,189
USW00093719,2011-02-12,TMAX,133
USC00315830,2014-12-05,TMIN,83
USC00314684,2008-10-28,TMAX,222
USW00093719,2006-11-05,TMIN,0
USR0000NNWB,2005-03-25,TMAX,206
USR0000NNWB,2005-03-25,TMIN,78
USC00314684,2010-09-15,TMIN,139
USC00314684,2010-09-15,TMAX,322
USR0000NCRN,2015-11-16,TMIN,17
USC00314689,2013-06-29,TMIN,217
USR0000NCRN,2015-11-16,TMAX,194
USW00013754,2009-04-04,TMIN,83
USC00314144,2009-08-16,TMAX,306
USW00093743,2010-03-11,TMIN,139
USC00314144,2009-08-16,TMIN,200
USW00093743,2010-03-11,TMAX,178
USC00315830,2014-12-05,TMAX,144
USW00013754,2009-04-04,TMAX,228
USC00314684,2005-04-16,TMIN,33
USW00093765,2010-11-08,TMIN,50
USW00093719,2014-07-10,TMIN,228
USC00310356,2006-09-04,TMAX,272
USC00316676,2010-12-27,TMAX,17
USC00316676,2015-10-03,TMIN,189
USC00310356,2006-09-04,TMIN,161
USR0000NCRN,2014-05-03,TMIN,150
USC00315830,2008-11-08,TMIN,161
USC00314684,2015-08-25,TMAX,322
USC00315830,2008-11-08,TMAX,222
USC00314684,2015-08-25,TMIN,200
USC00310576,2013-08-22,TMAX,306
USR0000NNWB,2011-11-27,TMIN,189
USC00310576,2013-08-22,TMIN,200
USR0000NHOF,2007-01-13,TMIN,39
USR0000NHOF,2007-01-13,TMAX,222
USR0000NNWB,2011-11-27,TMAX,228
USC00310576,2011-06-03,TMIN,194
USW00013754,2010-08-27,TMIN,200
USC00316096,2009-06-27,TMAX,322
USC00314689,2007-03-30,TMIN,6
USC00310576,2015-08-19,TMAX,306
USC00310576,2015-08-19,TMIN,189
USC00317170,2008-07-20,TMAX,272
USC00317170,2008-07-20,TMIN,128
USC00310576,2011-06-03,TMAX,350
USW00093765,2012-01-24,TMIN,89
USW00093719,2005-04-30,TMIN,172
USC00310576,2011-06-27,TMAX,339
USC00310576,2011-06-27,TMIN,200
USR0000NHOF,2011-08-05,TMAX,333
USC00310356,2005-07-09,TMAX,294
USC00310356,2005-07-09,TMIN,250
USW00093719,2005-04-30,TMAX,256
USW00093719,2009-08-10,TMIN,222
USW00093719,2009-08-10,TMAX,356
USC00316676,2015-03-27,TMAX,256
USR0000NHOF,2010-11-22,TMIN,39
USR0000NHOF,2010-11-22,TMAX,222
USC00310576,2013-05-04,TMIN,128
USR0000NCRN,2010-06-12,TMAX,294
USC00310576,2013-05-04,TMAX,206
USC00315830,2010-10-26,TMIN,200
USC00315830,2010-11-06,TMAX,156
USC00315830,2014-09-02,TMAX,306
USW00093719,2014-02-09,TMIN,-10
USC00315830,2010-11-06,TMIN,72
USC00315830,2010-10-26,TMAX,267
USC00314144,2010-02-19,TMAX,133
USC00314144,2010-02-19,TMIN,-39
USW00013754,2011-05-03,TMIN,133
USC00315830,2014-09-02,TMIN,261
USC00316676,2010-11-01,TMIN,89
USW00093719,2014-02-09,TMAX,117
USC00310576,2007-03-22,TMAX,183
USR0000NHOF,2009-11-20,TMAX,189
USR0000NCRN,2014-05-03,TMAX,222
USC00316676,2010-12-27,TMIN,-39
USR0000NHOF,2009-11-20,TMIN,117
USW00013754,2010-08-27,TMAX,300
USC00316676,2015-10-03,TMAX,222
USR0000NCRN,2010-06-12,TMIN,194
USC00310576,2007-03-22,TMIN,72
USC00315830,2013-12-14,TMIN,6
USC00310576,2015-04-04,TMIN,144
USC00316096,2015-10-30,TMIN,117
USC00316096,2015-10-30,TMAX,222
USC00316676,2015-03-27,TMIN,167
USC00310576,2015-04-04,TMAX,256
USC00315830,2013-12-14,TMAX,183
USC00316676,2013-10-09,TMIN,156
USC00310356,2010-03-11,TMAX,161
USC00315830,2005-03-07,TMIN,67
USC00316676,2009-12-11,TMAX,150
USW00013754,2008-06-14,TMIN,161
USW00093743,2013-05-04,TMAX,194
USW00093743,2013-05-04,TMIN,122
USW00013754,2008-06-14,TMAX,317
USR0000NCRN,2005-08-22,TMAX,356
USR0000NCRN,2005-08-22,TMIN,233
USC00317170,2014-01-01,TMAX,117
USC00310576,2015-03-17,TMIN,33
USC00315830,2008-03-01,TMIN,83
USR0000NHOF,2013-05-04,TMAX,150
USR0000NHOF,2013-05-04,TMIN,106
USC00317170,2015-06-02,TMAX,328
USC00317170,2015-06-02,TMIN,194
USC00315830,2008-03-01,TMAX,172
USC00317170,2010-12-24,TMIN,0
USC00317170,2010-12-24,TMAX,83
USC00316096,2014-10-10,TMIN,117
USC00316676,2009-07-26,TMIN,228
USC00316096,2014-10-10,TMAX,261
USC00316676,2009-07-26,TMAX,311
USR0000NNWB,2008-01-24,TMIN,6
USR0000NNWB,2008-01-24,TMAX,128
USC00310356,2013-05-04,TMIN,122
USW00013754,2015-12-23,TMIN,189
USW00013754,2015-12-23,TMAX,250
USC00317170,2014-01-01,TMIN,6
USC00315830,2015-01-29,TMIN,-44
USC00315830,2015-01-29,TMAX,72
USR0000NCRN,2010-02-19,TMAX,139
USR0000NCRN,2010-02-19,TMIN,-17
USC00317170,2007-06-07,TMIN,189
USC00310356,2013-05-04,TMAX,206
USC00316676,2009-12-11,TMIN,6
USW00093719,2009-12-22,TMIN,-33
USW00093719,2009-08-25,TMIN,194
USC00315830,2008-09-25,TMIN,172
USR0000NNWB,2014-03-12,TMIN,83
USW00093719,2008-01-13,TMIN,78
USR0000NNWB,2014-03-12,TMAX,228
USW00093719,2009-08-25,TMAX,306
USC00310576,2010-11-16,TMAX,222
USR0000NCRN,2005-02-27,TMIN,6
USC00310356,2008-02-08,TMAX,144
USR0000NCRN,2005-02-27,TMAX,94
USC00310356,2006-08-27,TMAX,317
USW00093719,2008-01-13,TMAX,128
USC00310356,2006-08-27,TMIN,211
USW00093765,2009-06-14,TMAX,306
USC00310356,2008-02-08,TMIN,100
USR0000NNWB,2011-10-11,TMIN,200
USW00093719,2011-11-27,TMIN,56
USW00093719,2008-05-11,TMAX,233
USW00093719,2009-12-22,TMAX,94
USC00315830,2013-09-15,TMAX,272
USC00317170,2007-06-22,TMAX,333
USC00317170,2007-06-22,TMIN,194
USC00315830,2013-11-29,TMIN,33
USR0000NNWB,2006-10-22,TMIN,128
USW00093719,2011-11-27,TMAX,233
USC00315830,2013-09-15,TMIN,194
USC00317170,2010-10-11,TMIN,161
USC00310576,2010-11-16,TMIN,33
USC00317170,2010-10-11,TMAX,294
USR0000NNWB,2006-10-22,TMAX,189
USC00315830,2005-10-08,TMAX,278
USW00093719,2008-05-11,TMIN,122
USC00315830,2013-11-29,TMAX,117
USC00316096,2009-06-27,TMIN,211
USW00093719,2007-08-22,TMAX,311
USR0000NNWB,2011-10-11,TMAX,217
USC00316096,2009-06-02,TMAX,283
USC00314144,2008-10-26,TMIN,56
USR0000NHOF,2008-02-08,TMAX,167
USW00093765,2012-04-17,TMIN,189
USR0000NHOF,2008-02-08,TMIN,-17
USR0000NCRN,2012-08-24,TMIN,211
USW00093765,2012-04-17,TMAX,256
USC00316096,2009-06-02,TMIN,222
USC00315830,2012-12-14,TMAX,144
USR0000NCRN,2012-08-24,TMAX,267
USW00093765,2010-06-26,TMAX,317
USC00315830,2006-03-13,TMAX,217
USW00093719,2010-05-24,TMAX,267
USC00314684,2012-07-04,TMIN,228
USW00093719,2010-05-24,TMIN,194
USW00093719,2014-03-12,TMAX,244
USW00093719,2014-03-12,TMIN,100
USC00316676,2007-12-26,TMIN,33
USC00316676,2013-10-09,TMAX,172
USC00316676,2007-12-26,TMAX,144
USC00316676,2010-11-01,TMAX,233
USC00315830,2012-12-14,TMIN,56
USC00310356,2006-05-23,TMIN,178
USC00314689,2007-02-19,TMIN,-67
USW00093765,2010-06-26,TMIN,267
USC00315830,2012-09-10,TMIN,167
USC00314144,2008-10-26,TMAX,217
USR0000NNWB,2015-12-23,TMIN,172
USR0000NNWB,2015-12-23,TMAX,244
USC00314684,2012-07-04,TMAX,356
USC00315830,2012-09-10,TMAX,261
USC00310356,2006-05-23,TMAX,244
USC00314689,2007-02-19,TMAX,100
USC00314689,2015-03-02,TMAX,167
USC00314689,2009-11-13,TMIN,106
USC00314684,2012-11-20,TMIN,89
USC00314684,2012-11-20,TMAX,128
USC00314689,2006-03-27,TMAX,161
USC00314689,2006-03-27,TMIN,17
USC00310576,2015-03-17,TMAX,222
USW00093719,2007-08-22,TMIN,217
USC00317170,2010-08-29,TMIN,183
USR0000NHOF,2015-01-08,TMIN,-100
USC00317170,2012-04-17,TMAX,306
USR0000NCRN,2012-10-04,TMAX,289
USR0000NHOF,2015-01-08,TMAX,0
USC00317170,2012-04-17,TMIN,172
USR0000NCRN,2012-10-04,TMIN,206
USW00093743,2008-02-08,TMIN,61
USC00317170,2007-06-07,TMAX,328
USW00093743,2008-02-08,TMAX,300
USR0000NNWB,2007-10-12,TMIN,83
USR0000NNWB,2007-10-12,TMAX,233
USC00314689,2009-11-13,TMAX,128
USC00310356,2010-11-22,TMIN,117
USC00314689,2014-10-10,TMIN,133
USR0000NNWB,2005-01-29,TMIN,-56
USR0000NNWB,2005-01-29,TMAX,89
USC00314689,2014-10-10,TMAX,278
USW00093719,2011-02-12,TMIN,-33
USW00093719,2009-10-07,TMAX,289
USC00315830,2006-03-13,TMIN,156
USC00310356,2010-11-22,TMAX,206
USW00093765,2008-06-20,TMIN,217
USW00093765,2008-06-20,TMAX,283
USR0000NCRN,2006-01-27,TMAX,233
USR0000NCRN,2006-01-27,TMIN,-33
USW00093719,2009-10-07,TMIN,178
USC00316096,2013-03-19,TMIN,67
USC00316676,2009-02-11,TMIN,50
USW00093765,2012-01-24,TMAX,183
USR0000NHOF,2015-12-02,TMAX,239
USW00013754,2009-10-07,TMAX,283
USW00093765,2010-10-02,TMAX,228
USC00315830,2010-03-29,TMAX,194
USR0000NHOF,2015-12-02,TMIN,133
USR0000NHOF,2010-03-20,TMIN,0
USR0000NHOF,2010-03-20,TMAX,244
USC00315830,2010-03-29,TMIN,156
USW00093765,2010-10-02,TMIN,172
USC00310576,2007-07-11,TMIN,222
USC00310576,2007-07-11,TMAX,300
USC00316676,2006-02-03,TMAX,178
USC00316676,2010-07-19,TMAX,317
USC00316096,2014-12-18,TMIN,-6
USC00316676,2010-07-19,TMIN,228
USW00013754,2014-12-23,TMIN,67
USC00316676,2006-02-03,TMIN,22
USC00316096,2014-12-18,TMAX,117
USC00315830,2010-05-13,TMAX,261
USC00315830,2010-05-13,TMIN,189
USW00013754,2005-03-25,TMAX,167
USW00093765,2015-07-18,TMIN,217
USW00013754,2005-03-25,TMIN,72
USR0000NNWB,2014-06-05,TMAX,333
USC00310356,2014-06-23,TMAX,294
USC00314684,2006-09-15,TMAX,261
USW00093765,2015-07-18,TMAX,306
USC00314689,2012-11-20,TMIN,33
USC00314689,2012-11-20,TMAX,150
USC00314689,2010-09-29,TMAX,261
USC00314689,2010-09-29,TMIN,183
USC00310356,2014-06-23,TMIN,206
USW00013754,2014-12-23,TMAX,117
USW00013754,2009-10-07,TMIN,161
USC00310576,2006-06-23,TMIN,211
USC00316676,2014-10-10,TMIN,122
USC00315830,2008-09-08,TMAX,306
USR0000NNWB,2006-11-05,TMAX,161
USW00093765,2006-04-23,TMIN,178
USW00093765,2006-04-23,TMAX,222
USC00315830,2012-06-15,TMAX,261
USW00013754,2012-04-17,TMIN,167
USW00013754,2012-04-17,TMAX,306
USC00314684,2012-03-25,TMIN,128
USC00314689,2009-06-27,TMAX,311
USC00315830,2012-06-15,TMIN,178
USC00316676,2005-04-04,TMIN,83
USC00316676,2005-04-04,TMAX,200
USC00310576,2006-05-23,TMAX,250
USC00314689,2009-06-27,TMIN,211
USC00310576,2006-05-23,TMIN,122
USW00093743,2014-06-23,TMIN,211
USC00314689,2015-06-02,TMIN,206
USC00314689,2015-06-02,TMAX,328
USC00314144,2007-06-10,TMIN,139
USW00093765,2008-05-11,TMIN,150
USW00093765,2008-05-11,TMAX,233
USC00314144,2008-04-19,TMAX,261
USC00310576,2006-06-23,TMAX,300
USC00314144,2008-04-19,TMIN,72
USW00093743,2014-06-23,TMAX,300
USC00314144,2009-09-25,TMIN,183
USC00314144,2009-09-25,TMAX,300
USC00317170,2008-06-20,TMIN,178
USR0000NNWB,2014-06-05,TMIN,217
USC00317170,2008-06-20,TMAX,317
USC00314144,2007-06-10,TMAX,278
USW00013754,2008-10-30,TMAX,139
USR0000NNWB,2007-03-17,TMIN,17
USC00315830,2005-08-04,TMIN,222
USC00310576,2011-08-19,TMIN,178
USW00013754,2014-02-09,TMAX,128
USR0000NNWB,2005-04-30,TMAX,261
USC00314144,2010-11-18,TMIN,-11
USC00316676,2011-03-26,TMAX,150
USC00314144,2010-11-18,TMAX,172
USR0000NHOF,2014-11-11,TMIN,117
USR0000NCRN,2013-11-05,TMAX,228
USC00310356,2005-06-07,TMAX,267
USR0000NHOF,2014-11-11,TMAX,217
USR0000NCRN,2013-11-05,TMIN,94
USC00315830,2015-01-11,TMIN,-33
USC00310356,2005-06-07,TMIN,222
USC00316676,2005-08-12,TMIN,222
USC00316676,2005-08-12,TMAX,333
USC00310356,2010-03-20,TMIN,83
USC00310356,2010-03-20,TMAX,217
USR0000NCRN,2005-02-14,TMIN,-44
USW00093765,2006-10-22,TMAX,211
USW00013754,2011-09-19,TMIN,183
USC00314684,2011-03-09,TMIN,28
USC00316676,2010-12-26,TMAX,106
USC00316096,2012-12-26,TMAX,189
USC00310576,2011-08-19,TMAX,300
USC00317170,2008-02-23,TMIN,89
USW00013754,2007-01-31,TMIN,-38
USW00093719,2013-11-12,TMAX,200
USC00317170,2008-02-23,TMAX,183
USW00013754,2007-01-31,TMAX,56
USC00316096,2012-12-26,TMIN,83
USR0000NCRN,2005-02-14,TMAX,194
USC00316676,2014-05-22,TMAX,294
USR0000NNWB,2005-04-30,TMIN,167
USW00013754,2010-01-25,TMIN,106
USC00314684,2014-03-12,TMIN,67
USC00316096,2013-02-27,TMAX,156
USW00013754,2008-10-30,TMIN,17
USC00317170,2007-06-17,TMIN,183
USW00093719,2013-06-29,TMAX,300
USC00315830,2010-05-08,TMAX,261
USC00316676,2015-03-08,TMAX,150
USR0000NNWB,2007-03-17,TMAX,94
USR0000NCRN,2015-09-22,TMAX,272
USR0000NCRN,2015-09-22,TMIN,217
USC00317170,2007-06-17,TMAX,317
USC00314684,2006-09-15,TMIN,194
USW00093719,2013-06-29,TMIN,244
USC00314689,2012-12-26,TMIN,78
USC00315830,2005-08-04,TMAX,317
USC00314689,2012-12-26,TMAX,189
USC00316676,2014-10-10,TMAX,244
USC00316096,2013-02-27,TMIN,83
USC00315830,2010-05-08,TMIN,211
USW00093719,2013-11-12,TMIN,11
USW00013754,2014-02-09,TMIN,-5
USC00314684,2014-03-12,TMAX,256
USC00315830,2013-05-04,TMIN,128
USW00093743,2010-03-20,TMAX,194
USC00315830,2013-05-04,TMAX,211
USC00316676,2015-03-08,TMIN,-56
USW00093743,2010-03-20,TMIN,50
USW00013754,2010-01-25,TMAX,194
USW00093719,2008-10-25,TMAX,256
USC00310576,2014-04-11,TMAX,233
USC00310576,2014-04-11,TMIN,44
USW00093765,2015-04-29,TMIN,100
USW00093765,2015-04-29,TMAX,189
USW00093719,2008-10-25,TMIN,172
USR0000NNWB,2006-11-05,TMIN,-11
USC00315830,2008-09-08,TMIN,244
USC00310576,2007-05-14,TMIN,72
USC00314689,2008-09-17,TMAX,244
USC00314689,2008-09-17,TMIN,178
USC00314144,2007-07-05,TMIN,133
USC00314144,2007-07-05,TMAX,294
USW00093743,2009-11-20,TMAX,206
USW00093743,2008-07-28,TMAX,244
USW00093743,2008-07-28,TMIN,183
USR0000NNWB,2008-12-27,TMIN,94
USR0000NNWB,2008-12-27,TMAX,228
USC00314144,2008-04-08,TMIN,89
USC00314144,2008-04-08,TMAX,161
USC00314689,2005-05-25,TMAX,256
USC00314684,2008-10-17,TMIN,122
USC00314684,2008-10-17,TMAX,300
USC00310356,2009-11-20,TMIN,178
USC00316096,2011-01-10,TMAX,-11
USC00316096,2011-01-10,TMIN,-44
USC00310356,2015-12-02,TMIN,133
USC00310356,2015-12-02,TMAX,156
USW00093719,2011-07-13,TMIN,233
USR0000NNWB,2009-10-07,TMAX,294
USR0000NNWB,2009-10-07,TMIN,172
USR0000NCRN,2011-02-24,TMAX,161
USC00310576,2015-02-11,TMAX,67
USW00013754,2011-11-27,TMAX,233
USR0000NNWB,2009-01-03,TMIN,11
USR0000NNWB,2009-01-03,TMAX,167
USC00315830,2008-11-20,TMAX,144
USC00315830,2008-11-20,TMIN,-11
USC00314689,2005-05-25,TMIN,117
USC00310356,2009-11-20,TMAX,239
USW00013754,2011-11-27,TMIN,50
USW00093743,2009-11-20,TMIN,139
USC00314684,2015-06-02,TMIN,194
USW00093719,2012-04-17,TMAX,306
USC00316676,2012-07-22,TMIN,222
USW00093765,2014-03-12,TMAX,189
USC00316676,2006-02-27,TMAX,67
USW00013754,2015-04-07,TMIN,111
USR0000NHOF,2006-09-04,TMIN,189
USR0000NHOF,2010-07-26,TMAX,311
USC00316676,2012-07-22,TMAX,306
USC00316676,2006-02-27,TMIN,-67
USR0000NHOF,2007-04-25,TMAX,289
USR0000NHOF,2010-07-26,TMIN,222
USC00314684,2013-06-29,TMAX,322
USC00314684,2013-06-29,TMIN,211
USR0000NHOF,2006-09-04,TMAX,294
USR0000NCRN,2014-12-21,TMIN,28
USR0000NHOF,2007-04-25,TMIN,156
USW00013754,2011-10-11,TMIN,183
USC00310356,2008-07-28,TMAX,294
USW00093765,2014-03-12,TMIN,117
USW00093719,2012-04-17,TMIN,178
USC00314684,2015-06-02,TMAX,328
USC00310576,2015-02-11,TMIN,39
USR0000NCRN,2009-01-09,TMAX,94
USC00314684,2013-02-27,TMIN,50
USC00314684,2013-02-27,TMAX,194
USC00310356,2008-07-28,TMIN,244
USR0000NCRN,2009-01-09,TMIN,-22
USC00310356,2006-08-11,TMAX,306
USC00316676,2012-02-08,TMAX,144
USW00093765,2011-11-10,TMIN,139
USW00093765,2011-11-10,TMAX,233
USC00316676,2012-02-08,TMIN,-6
USC00316676,2009-02-11,TMAX,222
USC00310356,2006-08-11,TMIN,189
USW00093719,2014-07-10,TMAX,333
USW00093743,2010-07-26,TMIN,250
USW00093719,2011-07-13,TMAX,367
USC00314144,2009-08-30,TMIN,228
USC00316096,2012-11-20,TMIN,100
USC00310356,2010-01-02,TMIN,-22
USC00310356,2010-01-02,TMAX,133
USC00315830,2007-09-26,TMAX,294
USC00315830,2007-09-26,TMIN,194
USC00314684,2015-02-24,TMAX,67
USR0000NNWB,2012-04-17,TMIN,178
USR0000NNWB,2012-04-17,TMAX,317
USC00314144,2009-08-30,TMAX,306
USC00316096,2015-06-02,TMAX,283
USC00314684,2015-02-24,TMIN,-33
USR0000NNWB,2014-02-09,TMIN,-17
USC00316096,2015-06-02,TMIN,206
USC00314684,2006-03-27,TMIN,-17
USC00314684,2006-03-27,TMAX,122
USR0000NNWB,2014-02-09,TMAX,122
USC00310576,2007-05-14,TMAX,211
USR0000NHOF,2014-06-23,TMAX,311
USR0000NHOF,2014-06-23,TMIN,183
USC00314684,2012-03-25,TMAX,233
USC00314689,2005-03-30,TMIN,83
USC00314689,2005-03-30,TMAX,244
USC00316096,2012-11-20,TMAX,139
USC00316096,2015-03-02,TMAX,167
USR0000NHOF,2007-09-19,TMAX,267
USR0000NHOF,2007-09-19,TMIN,172
USC00316676,2011-03-26,TMIN,67
USC00317170,2011-11-10,TMIN,122
USC00317170,2011-11-10,TMAX,228
USR0000NHOF,2011-08-05,TMIN,239
USC00316096,2015-03-02,TMIN,33
USW00093743,2010-01-02,TMAX,33
USR0000NHOF,2008-07-28,TMIN,211
USW00093765,2013-06-29,TMAX,283
USR0000NHOF,2006-08-11,TMAX,267
USC00315830,2012-02-14,TMIN,11
USR0000NHOF,2010-01-02,TMAX,17
USR0000NHOF,2010-01-02,TMIN,-39
USC00317170,2013-06-29,TMAX,300
USC00314684,2005-05-19,TMIN,106
USW00013754,2015-04-07,TMAX,233
USC00317170,2013-06-29,TMIN,217
USW00013754,2009-11-01,TMIN,139
USW00013754,2009-11-01,TMAX,256
USC00315830,2012-02-14,TMAX,128
USW00093719,2015-12-23,TMIN,172
USW00093719,2015-12-23,TMAX,244
USW00013754,2011-10-11,TMAX,233
USR0000NCRN,2011-02-24,TMIN,-11
USW00093743,2010-07-26,TMAX,317
USC00314684,2005-05-19,TMAX,272
USC00315830,2009-04-14,TMAX,244
USW00093765,2013-06-29,TMIN,256
USR0000NHOF,2008-07-28,TMAX,333
USC00316676,2005-09-07,TMAX,294
USW00093743,2010-01-02,TMIN,-27
USC00316676,2005-09-07,TMIN,200
USC00310356,2010-07-26,TMAX,306
USR0000NHOF,2006-08-11,TMIN,217
USC00310356,2010-07-26,TMIN,267
USC00317170,2014-03-12,TMAX,222
USC00315830,2010-11-05,TMIN,89
USR0000NCRN,2010-04-17,TMIN,156
USR0000NCRN,2010-04-17,TMAX,239
USC00315830,2009-04-14,TMIN,50
USC00315830,2010-11-05,TMAX,172
USC00317170,2014-03-12,TMIN,100
USW00093765,2009-06-14,TMIN,217
USC00316096,2013-03-19,TMAX,200
USC00310356,2014-07-29,TMIN,211
USW00093719,2005-09-07,TMIN,194
USW00093719,2005-09-07,TMAX,300
USR0000NNWB,2009-05-02,TMAX,294
USC00314144,2006-08-27,TMAX,317
USR0000NHOF,2011-12-24,TMIN,17
USW00093719,2008-07-20,TMAX,300
USC00314689,2012-01-01,TMIN,22
USC00314144,2010-11-26,TMAX,228
USR0000NHOF,2008-10-03,TMAX,239
USC00314689,2012-01-01,TMAX,194
USR0000NHOF,2008-10-03,TMIN,39
USR0000NNWB,2015-06-27,TMIN,222
USC00310356,2010-06-04,TMIN,239
USR0000NNWB,2015-06-27,TMAX,322
USC00310356,2010-06-04,TMAX,278
USW00093743,2007-06-05,TMAX,300
USR0000NNWB,2009-05-02,TMIN,194
USC00316676,2007-03-09,TMAX,156
USR0000NCRN,2013-05-05,TMIN,133
USC00310576,2008-02-08,TMIN,33
USC00310576,2008-02-08,TMAX,200
USC00316676,2007-09-17,TMAX,244
USR0000NCRN,2013-05-05,TMAX,211
USC00314144,2006-08-27,TMIN,189
USC00316676,2007-03-09,TMIN,28
USR0000NNWB,2013-03-19,TMIN,106
USC00317170,2015-12-08,TMAX,150
USC00317170,2015-12-08,TMIN,72
USR0000NHOF,2015-06-03,TMIN,183
USR0000NHOF,2015-06-03,TMAX,261
USC00310576,2005-11-18,TMAX,89
USR0000NNWB,2013-03-19,TMAX,211
USC00316676,2007-09-17,TMIN,133
USR0000NHOF,2011-12-24,TMAX,122
USW00093765,2012-10-03,TMAX,278
USW00093743,2010-06-04,TMIN,239
USC00314684,2009-08-10,TMIN,222
USW00093743,2010-06-04,TMAX,294
USC00310356,2015-06-03,TMAX,278
USC00310356,2015-06-03,TMIN,194
USC00317170,2011-01-23,TMAX,78
USC00315830,2009-05-15,TMIN,200
USC00315830,2009-05-15,TMAX,244
USC00316676,2013-02-27,TMAX,200
USC00315830,2007-10-04,TMIN,222
USR0000NNWB,2012-12-26,TMIN,83
USR0000NNWB,2012-12-26,TMAX,194
USC00315830,2013-10-10,TMAX,283
USC00310576,2008-12-17,TMIN,106
USC00310576,2008-12-17,TMAX,217
USC00316676,2013-02-27,TMIN,83
USC00315830,2013-10-10,TMIN,189
USW00093765,2012-10-03,TMIN,244
USW00093719,2008-07-20,TMIN,228
USC00310576,2014-02-09,TMAX,78
USC00310576,2014-02-09,TMIN,0
USR0000NCRN,2007-05-27,TMIN,139
USR0000NCRN,2007-05-27,TMAX,272
USC00314144,2010-11-26,TMIN,144
USW00013754,2011-07-13,TMAX,372
USC00314689,2013-06-28,TMAX,322
USC00314689,2013-06-28,TMIN,222
USR0000NNWB,2007-12-18,TMIN,-56
USW00013754,2011-07-13,TMIN,250
USR0000NNWB,2007-12-18,TMAX,106
USC00310576,2005-11-18,TMIN,-6
USW00093743,2007-06-05,TMIN,233
USC00316676,2014-11-10,TMIN,50
USC00310356,2007-09-15,TMIN,217
USC00314689,2015-01-15,TMAX,44
USC00315830,2009-04-23,TMIN,89
USR0000NNWB,2009-03-05,TMIN,-44
USW00093719,2010-12-20,TMAX,50
USR0000NNWB,2012-01-24,TMAX,217
USC00310576,2010-08-09,TMAX,339
USC00310576,2010-08-09,TMIN,222
USW00093719,2010-12-20,TMIN,-33
USC00317170,2010-08-23,TMAX,317
USW00013754,2013-03-19,TMIN,94
USW00013754,2013-03-19,TMAX,206
USR0000NNWB,2006-08-23,TMAX,306
USC00315830,2011-10-11,TMIN,178
USC00317170,2010-08-23,TMIN,239
USW00013754,2007-11-07,TMAX,133
USW00013754,2007-11-07,TMIN,50
USW00093719,2007-06-22,TMIN,178
USW00093719,2007-06-22,TMAX,322
USC00310356,2015-11-16,TMAX,172
USW00093743,2011-03-24,TMAX,228
USR0000NNWB,2014-10-11,TMIN,172
USW00093743,2011-03-24,TMIN,94
USC00314689,2006-12-01,TMAX,256
USR0000NNWB,2014-10-11,TMAX,311
USC00315830,2009-04-23,TMAX,228
USC00316096,2009-10-20,TMIN,6
USW00093765,2006-01-19,TMIN,28
USW00093765,2006-01-19,TMAX,133
USC00315830,2011-10-11,TMAX,233
USC00314689,2006-12-01,TMIN,189
USR0000NNWB,2007-07-01,TMAX,294
USR0000NNWB,2006-08-23,TMIN,217
USC00316096,2009-10-20,TMAX,189
USC00310356,2007-09-15,TMAX,283
USW00093765,2009-11-01,TMIN,156
USW00013754,2014-10-11,TMIN,167
USW00093765,2012-06-15,TMAX,272
USW00013754,2009-07-10,TMAX,267
USW00013754,2009-07-10,TMIN,178
USC00317170,2008-01-30,TMAX,200
USC00317170,2008-01-30,TMIN,83
USR0000NNWB,2010-03-29,TMIN,122
USW00093765,2012-06-15,TMIN,183
USW00093719,2014-06-12,TMAX,306
USC00316676,2014-11-10,TMAX,178
USC00315830,2012-06-30,TMIN,244
USC00315830,2012-06-30,TMAX,339
USC00316096,2013-06-28,TMAX,300
USC00316096,2013-06-28,TMIN,239
USR0000NNWB,2010-03-29,TMAX,200
USC00314689,2015-01-15,TMIN,6
USC00314684,2009-08-10,TMAX,333
USW00093765,2010-08-31,TMAX,339
USW00093765,2009-11-01,TMAX,256
USW00013754,2014-10-11,TMAX,300
USR0000NNWB,2012-01-24,TMIN,83
USR0000NCRN,2009-07-27,TMIN,272
USR0000NCRN,2009-07-27,TMAX,289
USW00093719,2014-06-12,TMIN,211
USC00314684,2006-05-23,TMIN,106
USC00316676,2015-10-14,TMIN,161
USC00314689,2008-06-20,TMIN,161
USC00314684,2006-05-23,TMAX,228
USR0000NNWB,2009-03-05,TMAX,156
USW00093765,2013-02-06,TMAX,183
USW00093765,2010-08-31,TMIN,200
USC00316676,2015-10-14,TMAX,261
USW00093765,2013-02-06,TMIN,56
USC00314689,2008-06-20,TMAX,306
USC00314684,2013-06-28,TMIN,222
USC00314689,2012-02-22,TMAX,217
USW00093719,2015-01-29,TMAX,106
USW00013754,2008-04-24,TMIN,144
USW00093719,2013-03-19,TMIN,117
USC00314684,2011-08-27,TMIN,228
USC00314684,2011-08-27,TMAX,311
USW00093719,2013-03-19,TMAX,211
USC00314689,2007-01-31,TMAX,100
USC00314689,2007-01-31,TMIN,-17
USC00315830,2007-06-26,TMAX,294
USC00315830,2007-06-26,TMIN,239
USC00310356,2005-11-07,TMAX,239
USC00310356,2005-11-07,TMIN,178
USC00314689,2006-02-27,TMIN,-56
USR0000NCRN,2014-01-12,TMIN,11
USR0000NCRN,2012-04-17,TMIN,172
USR0000NCRN,2012-04-17,TMAX,267
USR0000NCRN,2014-01-12,TMAX,144
USW00093719,2011-04-01,TMIN,33
USC00315830,2012-01-17,TMIN,50
USC00314684,2009-12-11,TMAX,128
USR0000NCRN,2009-03-25,TMIN,6
USR0000NCRN,2009-03-25,TMAX,139
USC00314689,2005-07-16,TMIN,250
USC00316676,2005-04-16,TMIN,50
USC00310576,2009-03-16,TMAX,128
USC00314144,2006-01-02,TMAX,194
USC00316676,2005-04-16,TMAX,139
USC00314144,2006-01-02,TMIN,44
USC00314684,2009-12-11,TMIN,-11
USC00314689,2014-01-01,TMIN,6
USW00093719,2014-06-02,TMAX,278
USW00093719,2011-04-01,TMAX,133
USC00317170,2010-10-02,TMAX,233
USR0000NHOF,2012-08-08,TMIN,222
USC00310576,2009-03-16,TMIN,89
USC00314684,2015-04-18,TMAX,250
USW00093743,2010-09-12,TMIN,194
USW00093743,2010-09-12,TMAX,300
USC00314684,2014-12-18,TMIN,11
USW00093743,2008-10-03,TMAX,228
USC00314684,2014-12-18,TMAX,156
USC00314689,2008-05-25,TMIN,111
USC00310356,2009-08-03,TMIN,233
USC00314689,2008-05-25,TMAX,256
USC00310576,2012-03-01,TMAX,233
USC00310576,2012-03-01,TMIN,89
USC00310356,2009-08-03,TMAX,289
USC00310356,2013-09-15,TMIN,189
USC00310356,2013-09-15,TMAX,267
USW00093743,2013-11-05,TMIN,89
USW00093765,2008-10-14,TMAX,272
USC00314689,2013-08-22,TMAX,317
USW00093743,2008-10-03,TMIN,89
USC00314684,2015-04-18,TMIN,150
USW00093719,2008-12-11,TMAX,217
USC00314689,2013-08-22,TMIN,200
USW00013754,2008-04-24,TMAX,250
USC00310356,2005-02-05,TMAX,78
USR0000NNWB,2010-04-22,TMIN,106
USR0000NNWB,2010-04-22,TMAX,244
USC00314684,2007-06-17,TMIN,183
USW00093765,2008-10-14,TMIN,128
USC00314684,2007-06-17,TMAX,283
USR0000NCRN,2012-06-01,TMAX,278
USR0000NCRN,2012-06-01,TMIN,228
USW00093719,2008-12-11,TMIN,150
USW00013754,2015-01-05,TMIN,28
USC00310356,2005-02-05,TMIN,28
USC00310356,2010-09-12,TMIN,217
USR0000NHOF,2012-08-08,TMAX,283
USC00310356,2010-09-12,TMAX,267
USC00310356,2012-08-08,TMIN,244
USC00310356,2012-08-08,TMAX,289
USW00013754,2010-03-29,TMIN,128
USC00310356,2011-12-24,TMAX,189
USC00310356,2011-12-24,TMIN,83
USR0000NNWB,2012-12-14,TMAX,161
USW00013754,2014-07-10,TMAX,300
USC00316676,2012-08-23,TMIN,217
USR0000NNWB,2012-12-14,TMIN,17
USC00314684,2013-11-29,TMAX,67
USC00314684,2013-11-29,TMIN,-50
USC00316676,2012-08-23,TMAX,283
USC00317170,2009-11-09,TMAX,250
USC00317170,2007-09-14,TMIN,178
USR0000NNWB,2009-07-10,TMIN,167
USR0000NNWB,2009-07-10,TMAX,283
USW00093765,2011-12-17,TMIN,28
USC00314689,2012-02-22,TMIN,94
USW00093743,2011-12-24,TMIN,56
USW00093743,2011-12-24,TMAX,128
USC00317170,2011-01-23,TMIN,-50
USC00314689,2006-09-15,TMIN,189
USC00317170,2010-10-02,TMIN,139
USC00310576,2014-07-05,TMIN,172
USC00317170,2013-02-06,TMAX,189
USW00093765,2011-12-17,TMAX,122
USC00314689,2006-09-15,TMAX,272
USC00314684,2010-02-18,TMAX,94
USC00314684,2010-02-18,TMIN,-28
USC00316676,2015-01-19,TMAX,172
USC00316676,2015-01-19,TMIN,22
USC00317170,2013-02-06,TMIN,22
USW00013754,2010-03-29,TMAX,189
USR0000NCRN,2014-03-13,TMIN,-33
USW00093719,2014-06-02,TMIN,122
USW00093719,2012-02-01,TMAX,228
USC00314689,2010-05-24,TMIN,189
USC00314689,2010-05-24,TMAX,256
USC00316096,2010-09-15,TMAX,306
USC00315830,2012-02-19,TMIN,56
USC00315830,2012-02-19,TMAX,161
USW00093719,2012-02-01,TMIN,78
USC00310576,2010-08-30,TMAX,306
USC00310576,2010-08-30,TMIN,156
USC00314689,2005-07-16,TMAX,322
USC00314144,2009-05-21,TMIN,128
USW00093719,2015-06-27,TMAX,322
USW00093719,2015-06-27,TMIN,228
USC00314144,2009-05-21,TMAX,244
USC00315830,2012-01-17,TMAX,178
USW00093719,2015-01-29,TMIN,-49
USW00093765,2008-06-08,TMAX,311
USW00093765,2008-06-08,TMIN,239
USC00310576,2014-07-05,TMAX,317
USC00317170,2012-10-03,TMAX,311
USW00093743,2012-08-08,TMAX,267
USR0000NHOF,2010-06-04,TMAX,306
USC00317170,2012-10-03,TMIN,233
USR0000NHOF,2010-06-04,TMIN,222
USC00316096,2010-09-15,TMIN,172
USC00316676,2008-09-17,TMIN,194
USW00093743,2012-08-08,TMIN,233
USC00317170,2009-11-09,TMIN,78
USR0000NHOF,2005-11-07,TMIN,61
USR0000NHOF,2005-11-07,TMAX,244
USC00314684,2005-01-05,TMAX,239
USC00314684,2005-01-05,TMIN,72
USC00316676,2008-09-17,TMAX,261
USC00314684,2012-09-10,TMAX,267
USC00314684,2013-06-28,TMAX,317
USC00314684,2012-09-10,TMIN,128
USC00314689,2009-10-20,TMAX,211
USW00093719,2013-02-06,TMIN,11
USW00093719,2013-02-06,TMAX,194
USW00093765,2014-10-11,TMIN,189
USC00314689,2009-10-20,TMIN,28
USC00314684,2007-09-29,TMAX,311
USR0000NHOF,2015-11-16,TMAX,206
USR0000NHOF,2015-11-16,TMIN,0
USC00310576,2011-05-29,TMIN,178
USC00314689,2010-09-15,TMIN,167
USC00314689,2005-08-08,TMIN,217
USC00314144,2005-12-17,TMAX,100
USC00314144,2005-12-17,TMIN,-17
USR0000NCRN,2010-10-19,TMIN,161
USW00013754,2012-01-24,TMIN,111
USR0000NCRN,2010-10-19,TMAX,267
USW00093719,2012-12-14,TMAX,150
USC00314689,2012-09-10,TMIN,150
USC00314689,2012-09-10,TMAX,256
USC00315830,2011-04-27,TMAX,261
USC00316676,2014-09-01,TMIN,211
USC00314689,2014-01-26,TMAX,106
USC00314684,2005-11-29,TMIN,161
USC00314684,2011-02-19,TMAX,250
USC00314684,2005-11-29,TMAX,233
USW00093765,2011-12-11,TMAX,122
USC00314144,2006-02-04,TMIN,111
USC00314144,2006-02-04,TMAX,211
USC00316676,2013-08-22,TMIN,200
USC00316676,2013-08-22,TMAX,306
USW00093719,2012-12-14,TMIN,11
USW00093765,2011-12-11,TMIN,61
USC00310576,2008-07-09,TMAX,317
USC00314684,2011-02-19,TMIN,106
USW00093765,2010-02-18,TMAX,117
USC00314144,2008-12-24,TMIN,-39
USC00314684,2009-12-22,TMAX,78
USW00093765,2013-06-28,TMIN,244
USW00093765,2013-06-28,TMAX,289
USC00317170,2007-08-03,TMIN,206
USW00093765,2011-10-01,TMAX,206
USC00316096,2012-09-10,TMAX,256
USC00316096,2012-09-10,TMIN,150
USR0000NCRN,2015-10-04,TMAX,256
USW00093765,2011-10-01,TMIN,122
USC00314684,2009-12-22,TMIN,-44
USR0000NCRN,2015-10-04,TMIN,222
USC00316676,2008-02-19,TMIN,6
USC00310356,2011-02-24,TMAX,128
USC00315830,2010-07-13,TMIN,261
USC00315830,2010-07-13,TMAX,306
USC00314689,2010-09-15,TMAX,333
USW00093765,2010-02-18,TMIN,11
USC00310576,2011-05-29,TMAX,294
USC00314689,2005-08-08,TMAX,294
USC00316676,2011-08-12,TMAX,317
USC00316676,2011-08-12,TMIN,217
USR0000NNWB,2008-04-24,TMIN,144
USW00093765,2014-10-11,TMAX,267
USR0000NNWB,2008-04-24,TMAX,272
USW00013754,2012-07-14,TMIN,217
USC00317170,2008-10-17,TMAX,228
USC00317170,2008-10-17,TMIN,167
USR0000NCRN,2008-10-25,TMIN,172
USW00013754,2012-07-14,TMAX,311
USC00310356,2011-02-24,TMIN,33
USC00314144,2008-12-24,TMAX,228
USC00316676,2014-09-01,TMAX,317
USC00310576,2008-07-09,TMIN,206
USC00314689,2014-01-26,TMIN,-39
USR0000NNWB,2012-10-03,TMAX,300
USC00310576,2009-05-26,TMIN,178
USC00310356,2015-11-25,TMIN,61
USC00310356,2015-11-25,TMAX,133
USW00093743,2008-06-27,TMIN,217
USC00310576,2009-05-26,TMAX,283
USC00315830,2009-04-29,TMAX,250
USC00315830,2006-02-14,TMAX,106
USC00314684,2006-02-27,TMAX,67
USC00315830,2015-11-11,TMIN,106
USC00315830,2015-11-11,TMAX,244
USC00310576,2014-08-16,TMAX,311
USR0000NNWB,2012-07-14,TMAX,333
USR0000NNWB,2012-07-14,TMIN,228
USC00316676,2012-03-25,TMAX,250
USC00316676,2012-03-25,TMIN,150
USC00315830,2014-05-03,TMAX,206
USR0000NCRN,2010-09-04,TMIN,189
USC00314689,2006-08-19,TMAX,311
USC00310576,2005-06-13,TMIN,222
USC00310576,2014-08-16,TMIN,183
USC00314689,2006-08-19,TMIN,217
USW00093719,2010-03-29,TMIN,117
USC00314684,2006-02-27,TMIN,-72
USW00093719,2010-03-29,TMAX,189
USC00317170,2007-11-22,TMIN,100
USC00316676,2012-04-16,TMAX,272
USC00316676,2012-04-16,TMIN,128
USC00310576,2011-08-07,TMAX,317
USC00315830,2014-05-03,TMIN,150
USC00310576,2011-08-07,TMIN,250
USC00310576,2005-06-13,TMAX,300
USR0000NNWB,2012-10-03,TMIN,233
USR0000NCRN,2009-03-03,TMIN,-67
USC00315830,2006-02-14,TMIN,-17
USC00314689,2006-06-22,TMIN,200
USW00093743,2008-06-27,TMAX,267
USR0000NCRN,2009-03-03,TMAX,17
USC00316676,2014-06-22,TMAX,311
USC00316676,2014-06-22,TMIN,206
USR0000NCRN,2008-10-25,TMAX,244
USC00314689,2006-06-22,TMAX,328
USW00093719,2005-10-28,TMIN,72
USC00317170,2014-10-11,TMIN,172
USC00317170,2014-10-11,TMAX,333
USC00310356,2009-03-25,TMIN,44
USC00310356,2009-03-25,TMAX,133
USC00315830,2011-04-27,TMIN,200
USW00093719,2005-10-28,TMAX,144
USW00013754,2012-01-24,TMAX,239
USW00093719,2010-11-10,TMAX,183
USC00315830,2009-04-29,TMIN,144
USC00315830,2012-12-06,TMAX,206
USW00093743,2009-03-25,TMIN,22
USW00093743,2009-03-25,TMAX,144
USC00315830,2010-06-30,TMAX,300
USC00315830,2010-06-30,TMIN,244
USW00093719,2013-06-28,TMAX,333
USW00093719,2013-06-28,TMIN,239
USC00315830,2012-12-06,TMIN,94
USC00310576,2013-05-05,TMIN,128
USC00317170,2011-10-25,TMAX,211
USC00317170,2011-10-25,TMIN,83
USC00310576,2011-11-27,TMAX,211
USC00310576,2011-11-27,TMIN,22
USC00316096,2011-05-31,TMIN,194
USC00316096,2011-05-31,TMAX,356
USC00310576,2013-05-05,TMAX,183
USC00317170,2009-11-01,TMIN,156
USC00317170,2009-11-01,TMAX,228
USC00317170,2007-08-03,TMAX,311
USC00317170,2008-06-08,TMAX,378
USC00317170,2008-06-08,TMIN,233
USW00093743,2013-05-05,TMAX,228
USR0000NCRN,2013-09-15,TMIN,172
USW00093743,2013-05-05,TMIN,128
USC00316676,2011-11-10,TMAX,233
USW00013754,2005-10-25,TMIN,83
USC00317170,2012-06-15,TMAX,256
USC00316676,2011-11-10,TMIN,106
USR0000NCRN,2013-09-15,TMAX,272
USC00317170,2012-06-15,TMIN,144
USR0000NCRN,2014-05-23,TMAX,294
USR0000NHOF,2013-05-05,TMAX,144
USW00013754,2010-04-22,TMIN,106
USC00315830,2010-03-11,TMAX,200
USC00315830,2010-03-11,TMIN,94
USR0000NHOF,2013-05-05,TMIN,117
USC00310356,2014-03-13,TMIN,44
USC00310356,2014-03-13,TMAX,161
USC00316676,2014-12-28,TMIN,17
USC00316676,2014-12-28,TMAX,183
USC00315830,2006-11-25,TMIN,78
USC00315830,2006-11-25,TMAX,200
USC00316096,2013-11-29,TMIN,-6
USC00314689,2005-07-21,TMIN,256
USW00093719,2014-10-11,TMIN,167
USW00093719,2014-10-11,TMAX,322
USC00316676,2014-04-10,TMIN,56
USC00310576,2007-03-13,TMIN,39
USC00310576,2007-03-13,TMAX,189
USW00013754,2010-04-22,TMAX,239
USC00316676,2014-04-10,TMAX,211
USC00316096,2013-11-29,TMAX,117
USC00310356,2013-05-05,TMIN,106
USC00310356,2013-05-05,TMAX,183
USW00093765,2012-05-18,TMIN,172
USW00013754,2012-12-26,TMIN,89
USW00093765,2012-05-18,TMAX,222
USC00316676,2010-01-01,TMIN,67
USC00314684,2010-09-29,TMAX,261
USC00314684,2010-09-29,TMIN,172
USC00316676,2010-01-01,TMAX,133
USW00013754,2007-02-28,TMAX,139
USR0000NNWB,2007-07-01,TMIN,200
USC00310356,2008-06-27,TMAX,300
USW00093765,2005-10-18,TMIN,100
USW00013754,2015-06-27,TMAX,306
USW00093765,2005-10-18,TMAX,239
USW00013754,2015-06-27,TMIN,228
USW00013754,2007-02-28,TMIN,44
USW00093719,2008-12-14,TMAX,167
USW00013754,2012-12-26,TMAX,200
USW00093765,2006-02-09,TMIN,-10
USC00310576,2005-07-19,TMIN,250
USC00314689,2005-07-21,TMAX,350
USC00310356,2008-06-27,TMIN,194
USC00310576,2005-07-19,TMAX,328
USW00093719,2009-09-07,TMAX,228
USC00310576,2005-03-18,TMIN,22
USC00310356,2015-11-16,TMIN,61
USC00317170,2008-03-05,TMAX,217
USW00093719,2009-09-07,TMIN,206
USR0000NCRN,2010-05-03,TMAX,261
USR0000NCRN,2010-05-03,TMIN,206
USC00310576,2005-03-18,TMAX,139
USC00310576,2008-08-04,TMAX,322
USC00310576,2008-08-04,TMIN,206
USC00317170,2008-03-05,TMIN,122
USC00314144,2005-07-09,TMAX,322
USR0000NCRN,2014-05-23,TMIN,183
USW00093719,2008-12-14,TMIN,22
USR0000NCRN,2008-12-23,TMIN,-72
USC00314684,2007-09-29,TMIN,106
USW00093765,2015-12-08,TMIN,44
USC00314689,2006-05-23,TMAX,233
USC00314689,2013-11-29,TMAX,100
USC00314689,2006-05-23,TMIN,128
USC00314689,2013-11-29,TMIN,-39
USW00093765,2015-12-08,TMAX,156
USW00013754,2005-09-07,TMIN,217
USW00013754,2005-09-07,TMAX,294
USW00013754,2010-08-25,TMAX,283
USC00314684,2015-07-27,TMIN,194
USC00314144,2010-03-20,TMAX,244
USW00093765,2007-08-11,TMAX,294
USW00093765,2007-08-11,TMIN,228
USC00317170,2015-04-18,TMIN,161
USW00093765,2005-07-26,TMAX,322
USC00316676,2008-02-19,TMAX,222
USW00093719,2010-11-10,TMIN,44
USW00013754,2008-11-25,TMIN,6
USW00093765,2008-01-30,TMAX,183
USW00093765,2008-01-30,TMIN,50
USC00310576,2012-10-29,TMIN,117
USC00315830,2006-08-11,TMIN,239
USC00314689,2015-03-27,TMAX,239
USC00314684,2015-07-27,TMAX,317
USR0000NHOF,2015-11-25,TMAX,178
USC00310356,2007-06-05,TMAX,256
USR0000NHOF,2015-11-25,TMIN,-11
USC00310576,2012-10-29,TMAX,172
USC00317170,2015-04-18,TMAX,250
USW00013754,2008-11-25,TMAX,133
USW00093719,2012-10-03,TMAX,306
USC00315830,2006-08-11,TMAX,294
USW00093719,2012-10-03,TMIN,239
USC00316096,2014-01-26,TMAX,100
USC00316096,2015-04-29,TMIN,61
USC00316096,2015-04-29,TMAX,189
USW00093765,2008-08-27,TMIN,250
USC00316676,2010-01-25,TMIN,72
USC00316676,2010-01-25,TMAX,206
USR0000NHOF,2014-03-13,TMAX,100
USW00093765,2008-08-27,TMAX,294
USR0000NCRN,2008-12-23,TMAX,94
USW00093765,2006-02-09,TMAX,94
USC00310356,2007-06-05,TMIN,206
USW00013754,2005-10-25,TMAX,156
USW00093719,2007-04-09,TMAX,144
USW00093719,2007-04-09,TMIN,0
USW00093765,2011-07-08,TMAX,289
USW00013754,2010-08-25,TMIN,211
USR0000NHOF,2014-03-13,TMIN,-44
USC00314144,2005-07-02,TMIN,222
USC00314144,2010-03-20,TMIN,0
USC00317170,2009-12-11,TMAX,72
USC00317170,2009-12-11,TMIN,17
USW00093765,2005-07-26,TMIN,272
USC00317170,2010-02-18,TMAX,111
USC00316096,2014-01-26,TMIN,-33
USC00314144,2005-07-02,TMAX,344
USC00317170,2010-02-18,TMIN,11
USC00310576,2006-07-19,TMAX,328
USW00093765,2011-07-08,TMIN,244
USC00317170,2012-05-18,TMIN,139
USC00317170,2012-05-18,TMAX,222
USC00317170,2013-06-28,TMAX,339
USC00317170,2013-06-28,TMIN,233
USC00310576,2006-07-19,TMIN,206
USC00316676,2006-06-22,TMAX,328
USC00314144,2005-07-09,TMIN,194
USC00316676,2006-06-22,TMIN,194
USR0000NHOF,2011-03-24,TMIN,83
USC00316096,2013-01-22,TMAX,100
USC00316096,2013-01-22,TMIN,-44
USC00316096,2015-07-18,TMAX,317
USC00314684,2008-01-30,TMIN,67
USC00314684,2008-01-30,TMAX,189
USW00013754,2012-06-15,TMAX,261
USR0000NNWB,2012-02-01,TMIN,83
USC00310576,2007-10-28,TMAX,222
USC00314689,2005-01-05,TMIN,128
USW00013754,2012-06-15,TMIN,161
USW00093719,2011-07-08,TMAX,289
USC00314689,2005-01-05,TMAX,233
USC00315830,2015-08-06,TMAX,311
USC00310356,2006-01-02,TMIN,33
USC00310356,2006-01-02,TMAX,144
USC00315830,2015-08-06,TMIN,267
USR0000NCRN,2013-06-29,TMIN,250
USC00310356,2010-08-09,TMIN,261
USR0000NHOF,2011-03-24,TMAX,211
USC00315830,2007-04-13,TMAX,256
USC00314689,2015-07-27,TMAX,322
USC00316096,2011-08-27,TMAX,256
USR0000NNWB,2012-02-01,TMAX,228
USC00315830,2011-11-27,TMAX,228
USC00316096,2011-08-27,TMIN,211
USC00314689,2015-07-27,TMIN,200
USC00316676,2005-12-04,TMAX,167
USC00314684,2015-12-08,TMIN,72
USC00310576,2007-10-28,TMIN,133
USC00316676,2005-12-04,TMIN,0
USC00315830,2011-11-27,TMIN,17
USR0000NCRN,2013-06-29,TMAX,272
USW00093765,2009-07-10,TMAX,267
USR0000NHOF,2010-06-12,TMIN,167
USC00316676,2015-05-09,TMIN,189
USC00314689,2007-10-18,TMAX,306
USC00316676,2014-03-12,TMAX,267
USC00316676,2014-03-12,TMIN,72
USW00093743,2011-06-27,TMIN,261
USR0000NNWB,2014-07-10,TMAX,333
USC00316676,2015-05-09,TMAX,272
USC00310356,2014-09-02,TMIN,261
USC00316096,2014-01-01,TMAX,117
USW00093743,2011-06-27,TMAX,306
USC00310356,2014-09-02,TMAX,300
USC00314684,2005-09-07,TMIN,178
USC00314684,2005-09-07,TMAX,294
USC00310356,2011-06-27,TMIN,244
USC00310356,2011-06-27,TMAX,300
USC00310576,2014-05-03,TMAX,217
USC00310576,2007-07-03,TMAX,272
USC00314144,2009-03-25,TMIN,-28
USC00314144,2009-03-25,TMAX,133
USW00013754,2015-01-29,TMIN,-43
USC00314689,2013-05-04,TMIN,106
USC00314689,2013-05-04,TMAX,206
USR0000NHOF,2010-06-12,TMAX,322
USW00093765,2009-07-10,TMIN,183
USW00013754,2015-01-29,TMAX,106
USC00310576,2014-05-03,TMIN,144
USC00310576,2012-04-17,TMIN,156
USC00316096,2015-01-15,TMIN,11
USC00316096,2014-01-01,TMIN,-17
USC00316096,2015-01-15,TMAX,83
USC00310576,2007-07-03,TMIN,150
USC00310576,2012-04-17,TMAX,283
USC00316096,2015-07-18,TMIN,194
USW00093765,2013-11-29,TMAX,117
USW00093765,2013-11-29,TMIN,33
USC00315830,2007-12-30,TMIN,133
USR0000NNWB,2010-12-20,TMAX,56
USR0000NNWB,2010-12-20,TMIN,-33
USW00093719,2006-03-27,TMIN,0
USC00316676,2006-10-07,TMIN,117
USC00316676,2006-10-07,TMAX,267
USR0000NHOF,2010-08-09,TMAX,317
USR0000NHOF,2010-08-09,TMIN,200
USR0000NHOF,2010-10-19,TMIN,122
USC00316096,2010-01-25,TMAX,189
USC00316096,2010-01-25,TMIN,111
USR0000NHOF,2010-10-19,TMAX,261
USC00314144,2009-11-20,TMIN,117
USC00316096,2010-10-11,TMAX,278
USC00314144,2009-11-20,TMAX,189
USC00314689,2007-11-05,TMIN,44
USC00316096,2010-10-11,TMIN,133
USR0000NNWB,2006-05-23,TMIN,122
USC00310356,2014-08-16,TMAX,283
USR0000NNWB,2006-05-23,TMAX,261
USR0000NNWB,2012-06-15,TMIN,150
USR0000NNWB,2012-06-15,TMAX,272
USR0000NNWB,2011-06-04,TMAX,322
USC00314689,2009-12-11,TMAX,117
USR0000NNWB,2011-06-04,TMIN,139
USW00013754,2009-05-02,TMIN,194
USW00013754,2009-05-02,TMAX,272
USC00315830,2007-05-28,TMAX,272
USW00093719,2006-03-27,TMAX,156
USR0000NHOF,2010-04-05,TMIN,161
USC00314689,2007-11-05,TMAX,194
USW00093765,2005-06-24,TMIN,217
USC00315830,2007-05-28,TMIN,200
USC00314689,2009-12-11,TMIN,6
USR0000NCRN,2008-10-05,TMAX,272
USC00314684,2010-05-24,TMIN,167
USC00314684,2010-05-24,TMAX,250
USW00093765,2010-08-23,TMAX,294
USW00093765,2013-08-22,TMIN,228
USW00093765,2013-08-22,TMAX,294
USC00315830,2007-04-13,TMIN,111
USW00093765,2010-08-23,TMIN,250
USC00310356,2009-09-25,TMIN,233
USC00310356,2009-09-25,TMAX,289
USW00093719,2009-08-20,TMIN,233
USW00093719,2011-07-08,TMIN,239
USC00314689,2006-02-19,TMIN,-50
USC00314684,2015-12-08,TMAX,100
USR0000NHOF,2010-04-26,TMAX,278
USR0000NHOF,2010-04-26,TMIN,172
USR0000NHOF,2014-09-02,TMAX,350
USW00093743,2010-08-09,TMAX,294
USC00310356,2005-03-05,TMAX,106
USC00315830,2007-12-30,TMAX,183
USC00310576,2007-04-25,TMIN,172
USW00093743,2009-09-25,TMIN,206
USC00310576,2007-04-25,TMAX,289
USC00314689,2007-10-18,TMIN,178
USW00013754,2014-06-12,TMIN,217
USW00093743,2010-08-09,TMIN,233
USC00317170,2015-06-27,TMAX,322
USC00317170,2015-06-27,TMIN,217
USW00093719,2009-08-20,TMAX,328
USW00093743,2009-09-25,TMAX,300
USW00013754,2014-06-12,TMAX,289
USC00310356,2014-12-13,TMAX,122
USC00310356,2005-03-05,TMIN,28
USC00310356,2014-12-13,TMIN,11
USR0000NHOF,2014-09-02,TMIN,239
USC00310356,2010-05-03,TMAX,233
USW00093719,2008-01-24,TMIN,11
USW00013754,2008-03-23,TMIN,61
USC00310576,2009-02-28,TMAX,217
USW00093743,2012-06-01,TMIN,233
USW00093743,2012-06-01,TMAX,289
USW00093719,2010-12-10,TMIN,-33
USW00093719,2010-12-10,TMAX,111
USW00093719,2005-01-29,TMAX,83
USW00093719,2005-01-29,TMIN,-56
USW00093743,2010-04-26,TMAX,228
USW00093743,2010-04-26,TMIN,183
USC00315830,2014-02-09,TMIN,0
USR0000NCRN,2006-08-27,TMIN,211
USC00314144,2006-06-23,TMIN,200
USC00314144,2006-06-23,TMAX,317
USR0000NCRN,2006-08-27,TMAX,311
USC00310356,2012-06-01,TMIN,239
USC00315830,2005-02-09,TMIN,61
USW00013754,2011-01-07,TMAX,89
USC00314684,2015-12-23,TMIN,50
USC00317170,2009-08-10,TMIN,233
USC00317170,2009-08-10,TMAX,361
USC00314684,2013-05-04,TMIN,100
USC00314684,2013-05-04,TMAX,217
USC00310576,2009-02-28,TMIN,44
USC00314684,2006-10-22,TMIN,83
USC00315830,2014-02-09,TMAX,117
USC00317170,2009-07-10,TMAX,283
USC00314684,2015-12-23,TMAX,211
USW00093719,2009-11-01,TMAX,233
USC00317170,2009-07-10,TMIN,178
USC00315830,2005-02-09,TMAX,156
USC00314684,2006-10-22,TMAX,211
USC00315830,2010-10-05,TMAX,228
USC00310576,2014-07-16,TMIN,222
USC00316676,2005-06-17,TMAX,317
USR0000NNWB,2006-01-19,TMIN,-6
USR0000NNWB,2006-01-19,TMAX,178
USC00314689,2011-10-25,TMAX,206
USC00314689,2011-10-25,TMIN,106
USW00093765,2006-03-17,TMIN,67
USW00093765,2006-03-17,TMAX,217
USR0000NCRN,2006-07-19,TMAX,344
USR0000NHOF,2011-01-04,TMIN,-67
USC00316676,2013-01-09,TMIN,28
USC00310356,2014-07-29,TMAX,294
USC00316676,2009-01-20,TMIN,11
USC00316676,2009-01-20,TMAX,128
USR0000NCRN,2011-12-24,TMIN,39
USR0000NCRN,2011-12-24,TMAX,128
USR0000NHOF,2011-01-04,TMAX,122
USW00013754,2011-01-07,TMIN,-32
USR0000NCRN,2006-07-19,TMIN,217
USR0000NCRN,2014-04-11,TMAX,233
USC00316676,2005-06-17,TMIN,194
USW00013754,2008-03-23,TMAX,156
USW00093743,2011-03-12,TMIN,0
USC00310356,2015-02-11,TMAX,61
USC00315830,2010-10-05,TMIN,161
USW00093719,2013-08-22,TMIN,217
USR0000NCRN,2014-04-11,TMIN,150
USW00093765,2012-12-26,TMAX,194
USW00093719,2013-08-22,TMAX,317
USC00310576,2014-07-16,TMAX,317
USC00310356,2010-06-12,TMIN,239
USC00310356,2015-02-11,TMIN,17
USW00093743,2011-03-12,TMAX,144
USC00310356,2010-06-12,TMAX,339
USW00093765,2012-12-26,TMIN,100
USC00314689,2007-08-13,TMIN,200
USC00310576,2005-08-01,TMAX,278
USR0000NCRN,2011-10-06,TMAX,244
USR0000NNWB,2014-07-10,TMIN,222
USC00314684,2015-03-02,TMIN,-6
USR0000NNWB,2015-11-02,TMIN,178
USR0000NCRN,2006-12-05,TMAX,128
USR0000NCRN,2006-12-05,TMIN,-33
USW00093765,2011-01-27,TMIN,22
USC00314689,2005-09-28,TMAX,283
USC00310356,2013-06-29,TMIN,250
USR0000NNWB,2015-11-02,TMAX,183
USC00310356,2013-06-29,TMAX,278
USC00316676,2010-09-23,TMIN,156
USC00314689,2005-09-28,TMIN,156
USC00314684,2007-06-29,TMAX,322
USC00314684,2007-06-29,TMIN,222
USW00093765,2011-01-27,TMAX,83
USC00314684,2009-01-26,TMAX,33
USW00093743,2010-05-03,TMIN,206
USC00310576,2014-10-11,TMIN,122
USC00310576,2014-10-11,TMAX,278
USC00316096,2013-05-04,TMIN,122
USC00316096,2013-05-04,TMAX,183
USW00093719,2008-01-24,TMAX,122
USC00310356,2010-05-03,TMIN,194
USW00093743,2013-06-29,TMAX,278
USR0000NHOF,2011-06-27,TMAX,322
USW00013754,2009-09-04,TMIN,189
USC00314684,2015-03-02,TMAX,56
USW00013754,2009-09-04,TMAX,267
USW00093743,2010-05-03,TMAX,289
USC00316676,2010-09-23,TMAX,306
USC00314684,2009-01-26,TMIN,-6
USR0000NHOF,2011-06-27,TMIN,233
USR0000NCRN,2011-10-06,TMIN,100
USC00310356,2008-11-03,TMAX,244
USW00093743,2013-06-29,TMIN,250
USC00314689,2011-08-27,TMAX,256
USC00316096,2011-10-25,TMAX,211
USC00314689,2011-08-27,TMIN,222
USC00316096,2011-02-19,TMAX,211
USC00316096,2011-10-25,TMIN,67
USC00317170,2009-12-22,TMIN,0
USC00315830,2007-10-14,TMAX,244
USC00317170,2009-12-22,TMAX,111
USW00093743,2010-06-12,TMIN,200
USC00317170,2008-08-09,TMAX,294
USW00093743,2010-06-12,TMAX,300
USW00093719,2009-01-03,TMIN,0
USW00093719,2009-01-03,TMAX,150
USW00093719,2009-11-01,TMIN,128
USC00316096,2011-02-19,TMIN,106
USC00310356,2012-06-01,TMAX,278
USR0000NNWB,2011-12-11,TMAX,117
USC00310356,2008-11-03,TMIN,78
USC00314684,2012-03-11,TMIN,-22
USC00314684,2013-03-19,TMAX,167
USC00314684,2013-03-19,TMIN,56
USC00314684,2012-03-11,TMAX,133
USC00317170,2008-08-09,TMIN,189
USC00310356,2005-02-27,TMIN,17
USR0000NHOF,2010-05-03,TMIN,217
USC00310576,2005-08-01,TMIN,222
USC00310576,2006-09-04,TMIN,211
USR0000NHOF,2010-05-03,TMAX,300
USC00314684,2010-01-25,TMIN,44
USC00315830,2007-10-14,TMIN,100
USC00310576,2006-09-04,TMAX,283
USR0000NNWB,2011-12-11,TMIN,67
USC00310356,2005-02-27,TMAX,111
USC00316676,2013-01-09,TMAX,172
USC00314689,2007-08-13,TMAX,333
USC00314144,2010-07-26,TMIN,222
USC00316676,2011-01-02,TMIN,22
USC00314144,2009-07-27,TMAX,306
USC00314144,2009-07-27,TMIN,189
USC00315830,2014-10-11,TMAX,256
USC00314684,2013-08-22,TMAX,317
USC00314684,2013-08-22,TMIN,194
USW00093719,2011-12-11,TMAX,106
USC00315830,2014-10-11,TMIN,150
USC00316676,2011-01-02,TMAX,200
USR0000NHOF,2009-08-03,TMIN,211
USW00093719,2006-01-19,TMAX,156
USR0000NHOF,2009-08-03,TMAX,294
USC00315830,2009-10-07,TMIN,189
USR0000NCRN,2012-11-09,TMIN,-6
USC00315830,2009-10-07,TMAX,278
USC00310576,2009-05-30,TMAX,311
USC00310576,2009-05-30,TMIN,222
USC00316676,2011-09-05,TMAX,317
USC00314684,2014-01-26,TMAX,72
USC00314684,2015-04-29,TMIN,67
USC00314684,2015-04-29,TMAX,194
USW00013754,2012-12-14,TMIN,17
USW00013754,2012-12-14,TMAX,150
USC00314684,2012-10-03,TMAX,294
USW00093719,2006-01-19,TMIN,6
USC00310576,2011-09-18,TMIN,161
USC00310576,2011-09-18,TMAX,200
USR0000NCRN,2012-11-09,TMAX,156
USC00310576,2013-10-28,TMIN,44
USC00314144,2007-10-31,TMIN,72
USW00093719,2011-12-11,TMIN,22
USC00310576,2013-10-28,TMAX,211
USR0000NCRN,2011-06-27,TMIN,256
USC00316676,2013-05-04,TMIN,128
USC00316676,2005-05-13,TMIN,156
USC00310356,2008-10-03,TMIN,122
USC00310576,2008-07-03,TMAX,317
USC00314684,2010-04-27,TMAX,272
USR0000NHOF,2012-04-17,TMIN,167
USR0000NCRN,2006-02-12,TMAX,78
USR0000NCRN,2006-02-12,TMIN,-11
USR0000NNWB,2006-03-27,TMIN,-6
USR0000NHOF,2012-04-17,TMAX,300
USR0000NNWB,2006-03-27,TMAX,156
USC00310576,2008-07-03,TMIN,156
USC00314144,2007-10-31,TMAX,228
USW00093719,2012-06-15,TMAX,272
USW00093719,2012-06-15,TMIN,161
USC00310356,2005-02-14,TMAX,139
USW00093743,2012-04-17,TMIN,178
USC00315830,2005-04-30,TMIN,150
USC00315830,2005-04-30,TMAX,222
USC00314684,2012-10-03,TMIN,228
USR0000NCRN,2015-02-11,TMAX,50
USC00316676,2005-05-13,TMAX,317
USR0000NNWB,2014-06-12,TMIN,211
USR0000NNWB,2014-06-12,TMAX,300
USR0000NCRN,2015-02-11,TMIN,-28
USC00316676,2013-05-04,TMAX,211
USC00310356,2012-04-17,TMAX,233
USW00013754,2007-12-18,TMIN,-43
USW00013754,2007-12-18,TMAX,89
USR0000NNWB,2008-03-23,TMIN,56
USR0000NNWB,2008-03-23,TMAX,161
USC00310356,2005-02-14,TMIN,56
USW00093743,2012-04-17,TMAX,256
USC00310356,2012-04-17,TMIN,178
USC00316676,2011-09-05,TMIN,161
USC00310356,2006-09-11,TMIN,183
USC00310576,2011-06-18,TMAX,311
USC00314684,2009-10-20,TMAX,161
USW00093765,2010-06-15,TMAX,339
USC00314684,2011-10-25,TMAX,211
USC00314684,2009-10-20,TMIN,6
USC00316676,2012-11-20,TMAX,150
USC00310576,2008-12-29,TMAX,244
USC00310576,2008-12-29,TMIN,156
USR0000NNWB,2006-10-01,TMIN,122
USC00316096,2010-05-24,TMAX,272
USC00316676,2012-11-20,TMIN,106
USC00316096,2010-05-24,TMIN,189
USW00093743,2013-11-05,TMAX,233
USC00316096,2013-08-22,TMAX,289
USC00316096,2013-08-22,TMIN,200
USR0000NNWB,2008-10-30,TMIN,0
USW00013754,2014-07-10,TMIN,222
USW00093743,2013-09-15,TMIN,183
USR0000NCRN,2015-06-03,TMIN,200
USC00316096,2010-02-18,TMAX,94
USC00316096,2010-02-18,TMIN,-22
USR0000NCRN,2015-06-03,TMAX,256
USW00013754,2015-01-05,TMAX,194
USW00093743,2013-09-15,TMAX,278
USC00317170,2012-09-10,TMIN,150
USC00310576,2008-07-28,TMIN,222
USC00310576,2008-07-28,TMAX,306
USW00093765,2006-05-23,TMAX,244
USC00314689,2014-01-01,TMAX,117
USW00093719,2012-05-18,TMIN,150
USC00317170,2007-09-14,TMAX,294
USW00093719,2012-05-18,TMAX,222
USW00093765,2006-05-23,TMIN,139
USC00317170,2012-09-10,TMAX,256
USC00314684,2011-10-25,TMIN,83
USC00310356,2013-11-05,TMIN,111
USC00316676,2013-06-28,TMAX,322
USC00314689,2010-02-18,TMAX,106
USC00314689,2010-02-18,TMIN,-17
USC00310576,2012-01-06,TMIN,0
USC00316676,2013-06-28,TMIN,211
USC00314684,2014-01-26,TMIN,-72
USW00093719,2011-05-03,TMAX,289
USC00310576,2012-01-06,TMAX,139
USC00315830,2007-11-09,TMIN,44
USR0000NCRN,2011-06-27,TMAX,300
USC00315830,2007-11-09,TMAX,139
USW00093719,2012-12-26,TMIN,89
USC00310356,2006-09-11,TMAX,278
USC00310576,2011-06-18,TMIN,217
USW00093719,2012-12-26,TMAX,200
USC00314689,2010-10-11,TMIN,161
USC00314684,2013-02-06,TMIN,0
USW00093765,2005-09-07,TMIN,222
USC00310356,2013-11-05,TMAX,156
USR0000NNWB,2008-10-30,TMAX,144
USC00310576,2008-10-01,TMAX,256
USC00310576,2008-10-01,TMIN,161
USW00093765,2010-06-15,TMIN,239
USW00093719,2009-07-10,TMAX,278
USC00314684,2013-02-06,TMAX,178
USW00093743,2009-08-03,TMAX,278
USC00310576,2005-08-22,TMIN,222
USC00310576,2005-08-22,TMAX,339
USW00093743,2009-08-03,TMIN,217
USR0000NNWB,2006-10-01,TMAX,283
USW00093719,2011-05-03,TMIN,156
USW00093765,2005-09-07,TMAX,294
USW00093719,2009-07-10,TMIN,183
USC00310356,2008-10-03,TMAX,261
USW00093719,2009-06-14,TMAX,300
USC00310356,2010-04-05,TMAX,211
USR0000NHOF,2009-09-25,TMIN,183
USC00317170,2009-08-25,TMAX,311
USC00317170,2009-08-25,TMIN,200
USC00310356,2006-07-19,TMIN,211
USC00317170,2013-03-19,TMIN,111
USC00317170,2013-03-19,TMAX,206
USW00093743,2014-01-12,TMAX,150
USW00093719,2012-01-24,TMIN,89
USR0000NHOF,2011-03-12,TMIN,-22
USC00314689,2008-05-11,TMAX,267
USC00314689,2008-05-11,TMIN,111
USW00093719,2012-01-24,TMAX,222
USC00317170,2013-08-22,TMAX,317
USC00317170,2013-08-22,TMIN,206
USR0000NCRN,2014-07-29,TMIN,200
USW00093743,2010-10-19,TMIN,172
USW00093743,2010-10-19,TMAX,250
USC00316096,2015-04-18,TMIN,167
USR0000NHOF,2010-09-12,TMAX,289
USR0000NCRN,2010-03-20,TMAX,206
USR0000NHOF,2010-09-12,TMIN,172
USC00310576,2007-10-15,TMAX,256
USC00310576,2007-10-15,TMIN,78
USR0000NHOF,2009-09-25,TMAX,300
USC00314689,2006-10-22,TMIN,89
USR0000NCRN,2012-01-21,TMAX,172
USR0000NCRN,2010-03-20,TMIN,44
USC00310356,2014-01-12,TMIN,61
USC00314689,2013-02-06,TMAX,172
USC00314689,2013-02-06,TMIN,17
USR0000NCRN,2014-07-29,TMAX,294
USC00314689,2006-10-22,TMAX,189
USC00314689,2012-10-03,TMAX,278
USC00317170,2013-11-29,TMIN,-22
USC00310356,2006-07-19,TMAX,289
USC00310576,2013-12-14,TMIN,-17
USC00314689,2015-04-18,TMIN,167
USR0000NCRN,2008-10-05,TMIN,100
USC00314689,2015-07-18,TMIN,211
USC00314689,2015-07-18,TMAX,339
USC00310356,2014-08-16,TMIN,233
USC00316096,2015-12-23,TMAX,233
USW00093765,2012-07-04,TMIN,261
USW00013754,2012-05-18,TMIN,161
USW00013754,2012-05-18,TMAX,222
USR0000NHOF,2010-04-05,TMAX,294
USR0000NCRN,2015-09-04,TMAX,328
USR0000NCRN,2007-09-20,TMIN,211
USC00314144,2010-07-26,TMAX,311
USC00314689,2013-01-22,TMAX,167
USC00310356,2015-11-18,TMIN,122
USC00316096,2015-12-23,TMIN,189
USC00314689,2010-01-25,TMAX,194
USC00314689,2012-10-03,TMIN,211
USC00317170,2013-11-29,TMAX,117
USW00093743,2014-01-12,TMIN,28
USR0000NCRN,2015-09-04,TMIN,194
USC00314689,2013-01-22,TMIN,17
USC00314689,2015-04-18,TMAX,261
USW00093765,2012-07-04,TMAX,311
USR0000NHOF,2014-01-12,TMAX,161
USW00093765,2005-06-24,TMAX,283
USR0000NHOF,2011-03-12,TMAX,167
USR0000NHOF,2014-12-13,TMIN,-28
USR0000NHOF,2014-12-13,TMAX,156
USC00310576,2013-12-14,TMAX,122
USC00314689,2010-01-25,TMIN,133
USR0000NHOF,2014-01-12,TMIN,6
USR0000NCRN,2007-09-20,TMAX,233
USC00310356,2014-01-12,TMAX,194
USC00315830,2009-06-06,TMAX,267
USW00093719,2005-10-18,TMIN,83
USC00314684,2008-11-27,TMAX,122
USC00310576,2009-02-07,TMAX,117
USC00310576,2009-02-07,TMIN,-50
USC00310356,2012-10-29,TMIN,117
USC00314684,2006-09-24,TMIN,211
USC00314684,2006-09-24,TMAX,306
USW00093743,2012-10-29,TMAX,133
USW00093743,2012-10-29,TMIN,89
USC00316096,2015-07-27,TMIN,206
USR0000NNWB,2011-07-13,TMIN,233
USC00316096,2015-07-27,TMAX,306
USC00317170,2007-05-22,TMAX,261
USR0000NCRN,2007-08-01,TMAX,322
USC00314689,2015-12-23,TMAX,239
USR0000NCRN,2007-08-01,TMIN,200
USC00317170,2007-05-22,TMIN,156
USR0000NCRN,2006-01-02,TMIN,-72
USW00093719,2011-09-26,TMAX,239
USW00093719,2009-06-14,TMIN,194
USC00314689,2010-10-11,TMAX,294
USC00310356,2010-04-05,TMIN,161
USW00093719,2011-09-26,TMIN,189
USC00314684,2008-11-27,TMIN,-39
USW00093719,2006-05-23,TMIN,122
USW00093765,2013-03-19,TMAX,194
USW00093765,2013-03-19,TMIN,111
USR0000NNWB,2011-07-13,TMAX,378
USW00093765,2012-09-10,TMIN,178
USW00093765,2012-09-10,TMAX,267
USC00314689,2015-12-23,TMIN,150
USW00093719,2006-05-23,TMAX,250
USW00093719,2005-10-18,TMAX,267
USC00314684,2007-01-31,TMIN,-28
USC00314684,2007-01-31,TMAX,100
USR0000NNWB,2015-01-29,TMIN,-61
USR0000NNWB,2015-01-29,TMAX,100
USW00093743,2010-04-05,TMAX,222
USW00093743,2010-04-05,TMIN,172
USW00093765,2015-06-27,TMAX,300
USW00093765,2015-06-27,TMIN,250
USC00314684,2010-04-27,TMIN,117
USC00316096,2015-04-18,TMAX,244
USC00310576,2013-10-10,TMIN,167
USC00310356,2015-11-18,TMAX,211
USR0000NHOF,2006-09-11,TMIN,128
USC00316096,2012-10-03,TMIN,239
USC00310576,2013-10-10,TMAX,189
USC00315830,2009-06-06,TMIN,194
USC00315830,2009-04-04,TMAX,211
USC00315830,2009-04-04,TMIN,89
USR0000NHOF,2006-09-11,TMAX,250
USR0000NCRN,2014-09-02,TMAX,322
USR0000NHOF,2006-07-19,TMIN,183
USR0000NHOF,2006-07-19,TMAX,333
USC00316096,2013-02-06,TMAX,183
USC00310356,2010-10-19,TMAX,239
USC00316096,2013-02-06,TMIN,11
USC00310356,2010-10-19,TMIN,167
USR0000NCRN,2014-09-02,TMIN,250
USC00310356,2012-10-29,TMAX,172
USR0000NNWB,2012-05-18,TMAX,222
USC00316096,2009-12-11,TMAX,44
USC00316096,2009-12-11,TMIN,-17
USR0000NCRN,2008-04-15,TMIN,67
USC00316096,2012-10-03,TMAX,283
USR0000NCRN,2008-04-15,TMAX,172
USR0000NNWB,2012-05-18,TMIN,150
USC00316676,2012-10-28,TMIN,156
USC00316676,2012-10-28,TMAX,200
USW00093719,2008-03-03,TMIN,11
USC00314144,2006-02-28,TMIN,44
USW00093719,2009-03-08,TMAX,272
USC00310356,2008-12-21,TMIN,111
USW00093743,2012-07-14,TMAX,300
USW00093743,2012-07-14,TMIN,228
USW00093765,2005-05-13,TMAX,206
USW00093765,2005-05-13,TMIN,150
USC00314144,2006-02-28,TMAX,211
USC00317170,2009-08-20,TMIN,244
USC00314689,2009-07-26,TMAX,333
USW00013754,2015-02-11,TMIN,-21
USC00314689,2009-07-26,TMIN,233
USR0000NCRN,2014-07-16,TMAX,256
USR0000NCRN,2014-07-16,TMIN,222
USC00314684,2005-01-21,TMAX,94
USW00013754,2015-02-11,TMAX,56
USC00317170,2009-08-20,TMAX,339
USC00310356,2007-04-17,TMIN,78
USW00093765,2013-08-21,TMAX,306
USR0000NCRN,2014-10-10,TMIN,122
USR0000NCRN,2014-10-10,TMAX,256
USR0000NNWB,2014-11-11,TMAX,222
USR0000NNWB,2014-11-11,TMIN,133
USC00310356,2008-12-21,TMAX,178
USC00314689,2013-06-30,TMIN,222
USC00310356,2007-10-16,TMIN,167
USW00093765,2013-09-15,TMAX,267
USC00314689,2005-07-26,TMAX,356
USC00314689,2005-07-26,TMIN,256
USW00093765,2013-09-15,TMIN,183
USC00310356,2007-10-16,TMAX,233
USW00093765,2014-01-12,TMIN,33
USC00310356,2007-04-17,TMAX,161
USC00317170,2014-07-29,TMAX,289
USC00316096,2011-09-26,TMIN,200
USC00317170,2011-10-11,TMAX,211
USW00093719,2005-12-16,TMIN,17
USC00315830,2007-05-18,TMIN,156
USC00315830,2007-05-18,TMAX,206
USW00093719,2013-01-22,TMAX,100
USW00093719,2010-06-30,TMIN,222
USW00093719,2010-06-30,TMAX,300
USW00093719,2013-01-22,TMIN,-17
USR0000NCRN,2015-01-20,TMIN,89
USC00310356,2012-03-16,TMIN,150
USC00316096,2011-09-05,TMAX,294
USC00316096,2011-09-05,TMIN,222
USR0000NCRN,2015-01-20,TMAX,156
USR0000NNWB,2012-10-04,TMIN,194
USR0000NNWB,2012-10-04,TMAX,300
USC00314689,2014-04-11,TMIN,117
USC00314689,2014-04-11,TMAX,261
USW00093719,2009-03-08,TMIN,122
USC00310576,2008-05-26,TMAX,261
USC00310576,2008-05-26,TMIN,106
USC00310576,2012-12-14,TMIN,44
USC00317170,2014-07-29,TMIN,178
USC00310576,2012-12-14,TMAX,122
USC00316096,2011-09-26,TMAX,250
USC00310356,2012-07-14,TMIN,256
USW00013754,2007-06-17,TMIN,183
USC00310356,2012-07-14,TMAX,306
USC00315830,2010-10-19,TMAX,256
USW00013754,2007-06-17,TMAX,306
USC00315830,2010-10-19,TMIN,194
USC00310356,2012-03-16,TMAX,206
USC00317170,2011-01-27,TMAX,111
USW00093765,2013-08-21,TMIN,222
USW00013754,2012-10-04,TMIN,211
USC00314689,2013-06-30,TMAX,278
USR0000NHOF,2012-07-14,TMIN,200
USW00093765,2010-07-13,TMIN,250
USC00316096,2011-05-22,TMAX,272
USC00316096,2011-05-22,TMIN,139
USC00314684,2012-10-28,TMIN,139
USW00093765,2010-07-13,TMAX,306
USW00093719,2006-02-19,TMAX,33
USC00316096,2009-11-09,TMIN,67
USC00315830,2014-06-23,TMIN,217
USC00316096,2015-09-16,TMAX,278
USW00093719,2014-12-23,TMAX,133
USC00316096,2009-11-09,TMAX,239
USW00093719,2012-12-06,TMIN,78
USC00315830,2014-06-23,TMAX,283
USC00317170,2013-08-21,TMAX,339
USW00093765,2006-05-22,TMAX,239
USW00093765,2006-05-22,TMIN,189
USW00093719,2008-09-17,TMIN,183
USW00093765,2005-10-25,TMIN,89
USW00093719,2008-09-17,TMAX,233
USC00310356,2007-02-14,TMAX,183
USC00315830,2013-05-03,TMIN,156
USC00315830,2013-05-03,TMAX,211
USC00314684,2012-10-28,TMAX,194
USR0000NNWB,2006-03-17,TMIN,56
USC00317170,2013-08-21,TMIN,206
USC00310576,2012-08-24,TMAX,278
USC00310576,2012-08-24,TMIN,206
USC00310356,2007-02-14,TMIN,-61
USW00093719,2007-08-07,TMIN,256
USW00093719,2006-02-19,TMIN,-39
USR0000NNWB,2006-03-17,TMAX,206
USW00093765,2008-12-11,TMAX,206
USC00314144,2005-06-07,TMIN,200
USR0000NHOF,2006-10-08,TMAX,244
USW00013754,2011-10-01,TMIN,100
USC00316676,2010-04-10,TMAX,200
USR0000NNWB,2015-01-02,TMIN,72
USR0000NNWB,2010-10-11,TMIN,156
USR0000NNWB,2010-10-11,TMAX,300
USW00093765,2014-01-12,TMAX,150
USC00316096,2014-04-11,TMIN,139
USW00093765,2008-12-11,TMIN,144
USC00314684,2005-01-21,TMIN,-28
USC00316676,2010-04-10,TMIN,67
USW00093719,2009-10-26,TMAX,167
USW00013754,2011-10-01,TMAX,206
USW00013754,2012-10-04,TMAX,294
USW00093719,2009-10-26,TMIN,117
USR0000NHOF,2011-05-14,TMAX,261
USC00316676,2007-09-30,TMAX,250
USC00316096,2014-04-11,TMAX,239
USC00314684,2013-01-09,TMAX,161
USW00093719,2014-12-23,TMIN,67
USR0000NHOF,2006-10-08,TMIN,172
USC00314689,2015-03-08,TMAX,206
USC00314144,2005-06-07,TMAX,322
USC00315830,2010-12-20,TMIN,-22
USR0000NCRN,2009-08-16,TMAX,317
USR0000NCRN,2009-08-16,TMIN,272
USR0000NHOF,2012-07-14,TMAX,300
USR0000NNWB,2015-01-02,TMAX,144
USC00314684,2013-01-09,TMIN,0
USC00316096,2013-06-30,TMAX,300
USC00316096,2013-06-30,TMIN,222
USC00314684,2007-06-22,TMAX,300
USC00314684,2007-06-22,TMIN,183
USC00315830,2010-12-20,TMAX,67
USW00093765,2005-10-25,TMAX,156
USR0000NCRN,2012-06-15,TMIN,167
USC00317170,2011-10-11,TMIN,189
USC00314684,2009-04-26,TMAX,311
USC00310576,2012-04-18,TMIN,133
USC00310576,2012-04-18,TMAX,300
USC00310576,2008-10-11,TMAX,233
USW00013754,2013-03-20,TMIN,39
USW00093743,2012-03-16,TMIN,139
USC00314684,2006-02-03,TMIN,6
USC00314144,2011-03-12,TMIN,-22
USC00315830,2009-11-01,TMAX,261
USW00093765,2015-10-03,TMAX,283
USW00093743,2012-03-16,TMAX,222
USC00315830,2009-11-01,TMIN,183
USW00013754,2013-03-20,TMAX,133
USC00315830,2012-06-01,TMIN,194
USC00310576,2008-08-16,TMIN,167
USW00093765,2015-10-03,TMIN,228
USC00314689,2011-01-23,TMIN,-100
USC00314689,2008-03-05,TMIN,122
USR0000NCRN,2011-08-19,TMIN,211
USC00314144,2007-07-08,TMIN,194
USR0000NCRN,2011-08-19,TMAX,322
USC00310356,2009-07-11,TMAX,294
USC00310356,2009-07-11,TMIN,200
USW00013754,2010-10-11,TMIN,156
USC00316096,2009-07-26,TMIN,261
USC00315830,2012-06-01,TMAX,300
USW00093743,2009-07-11,TMAX,272
USW00093743,2009-07-11,TMIN,161
USC00310576,2008-10-11,TMIN,200
USC00310576,2008-08-16,TMAX,289
USC00314689,2011-01-23,TMAX,72
USC00316096,2009-07-26,TMAX,300
USC00310576,2014-06-12,TMAX,328
USW00013754,2010-10-11,TMAX,283
USC00314684,2006-02-03,TMAX,172
USC00314689,2011-12-17,TMAX,217
USC00317170,2013-09-15,TMIN,150
USR0000NHOF,2012-03-16,TMIN,122
USR0000NHOF,2012-03-16,TMAX,244
USC00310576,2010-04-05,TMAX,289
USW00093719,2012-10-04,TMAX,300
USW00093719,2014-11-11,TMIN,133
USW00093719,2014-11-11,TMAX,228
USC00316096,2015-03-08,TMAX,172
USC00317170,2014-01-12,TMIN,83
USC00310356,2015-06-02,TMAX,278
USC00310356,2015-06-02,TMIN,239
USC00317170,2014-01-12,TMAX,144
USC00317170,2013-09-15,TMAX,272
USC00315830,2006-10-01,TMAX,267
USW00093719,2005-11-29,TMAX,250
USC00315830,2015-05-10,TMIN,211
USC00316096,2015-03-08,TMIN,22
USC00315830,2006-10-01,TMIN,150
USC00314684,2009-04-26,TMIN,167
USW00093719,2005-11-29,TMIN,178
USC00314144,2011-03-12,TMAX,167
USC00315830,2015-05-10,TMAX,261
USW00093719,2007-08-07,TMAX,350
USR0000NHOF,2015-06-02,TMIN,178
USR0000NHOF,2009-07-11,TMAX,294
USR0000NHOF,2009-07-11,TMIN,122
USW00093719,2005-02-20,TMAX,150
USW00093719,2005-02-20,TMIN,6
USC00316676,2006-08-10,TMAX,344
USR0000NHOF,2015-06-02,TMAX,300
USC00316676,2006-08-10,TMIN,206
USW00093719,2014-01-01,TMAX,122
USC00314689,2008-03-05,TMAX,222
USW00093719,2014-01-01,TMIN,0
USC00314144,2007-05-27,TMAX,278
USW00093719,2006-07-30,TMAX,306
USC00316676,2007-09-12,TMAX,339
USC00316676,2005-06-10,TMIN,211
USC00310356,2007-10-02,TMIN,206
USC00310356,2007-10-02,TMAX,267
USR0000NNWB,2008-01-19,TMIN,17
USR0000NNWB,2008-01-19,TMAX,61
USW00093765,2011-02-05,TMAX,167
USC00316676,2005-06-10,TMAX,289
USC00316676,2005-11-06,TMAX,244
USC00316676,2005-11-06,TMIN,89
USW00013754,2015-09-11,TMIN,222
USC00314144,2007-10-09,TMAX,328
USW00093765,2011-02-05,TMIN,72
USR0000NHOF,2007-02-14,TMIN,-6
USC00314689,2009-09-07,TMAX,283
USC00316676,2007-09-30,TMIN,139
USW00093719,2005-12-16,TMAX,172
USC00316676,2007-09-12,TMIN,194
USW00093743,2013-11-29,TMIN,6
USW00013754,2015-09-11,TMAX,300
USW00093743,2013-11-29,TMAX,128
USW00093719,2008-12-27,TMAX,206
USC00316676,2011-12-23,TMIN,172
USC00310356,2013-11-29,TMIN,-6
USW00093765,2005-03-25,TMAX,183
USW00093765,2005-03-25,TMIN,89
USC00310356,2013-11-29,TMAX,72
USR0000NHOF,2007-02-14,TMAX,150
USC00314144,2007-05-27,TMIN,89
USC00316676,2011-12-23,TMAX,256
USW00093719,2008-12-27,TMIN,94
USC00314689,2009-09-07,TMIN,211
USW00013754,2008-06-20,TMIN,167
USC00314144,2010-11-22,TMAX,222
USC00317170,2010-12-10,TMAX,122
USR0000NCRN,2015-08-06,TMIN,222
USW00093765,2014-11-27,TMIN,33
USW00093765,2014-11-27,TMAX,144
USC00314684,2010-08-08,TMIN,217
USR0000NCRN,2007-01-31,TMAX,50
USR0000NCRN,2005-03-02,TMIN,-6
USR0000NHOF,2007-04-17,TMAX,206
USC00317170,2010-12-10,TMIN,-17
USR0000NCRN,2015-08-06,TMAX,300
USC00317170,2011-06-01,TMIN,200
USR0000NHOF,2007-04-17,TMIN,56
USC00310576,2014-06-12,TMIN,222
USC00314684,2010-08-08,TMAX,300
USR0000NCRN,2012-06-15,TMAX,261
USR0000NCRN,2007-01-31,TMIN,33
USR0000NCRN,2005-03-02,TMAX,111
USW00013754,2008-06-20,TMAX,306
USW00093719,2006-07-30,TMIN,233
USC00314144,2007-10-09,TMIN,194
USC00317170,2011-01-27,TMIN,28
USC00314144,2005-04-05,TMAX,267
USC00317170,2011-06-01,TMAX,339
USC00314144,2007-07-08,TMAX,294
USC00314144,2005-04-05,TMIN,50
USR0000NNWB,2015-02-11,TMAX,67
USR0000NNWB,2015-02-11,TMIN,-22
USC00314144,2010-11-22,TMIN,39
USW00093719,2015-04-07,TMIN,117
USW00093719,2006-05-22,TMIN,139
USW00093719,2006-05-22,TMAX,239
USW00093719,2015-04-07,TMAX,256
USC00316096,2015-09-16,TMIN,128
USC00316676,2014-12-12,TMAX,100
USC00315830,2013-02-07,TMIN,78
USC00316096,2013-08-21,TMAX,300
USC00314684,2007-04-09,TMIN,-17
USC00316096,2013-08-21,TMIN,211
USW00093743,2007-10-16,TMAX,250
USW00093719,2008-08-09,TMIN,189
USC00314684,2014-09-02,TMIN,228
USC00314684,2007-04-09,TMAX,139
USC00310576,2015-06-28,TMIN,222
USC00314684,2014-09-02,TMAX,339
USC00310576,2015-06-28,TMAX,306
USR0000NHOF,2008-04-19,TMIN,72
USR0000NHOF,2008-04-19,TMAX,261
USR0000NHOF,2012-06-15,TMAX,256
USR0000NHOF,2012-06-15,TMIN,117
USC00310356,2007-05-05,TMIN,161
USC00310356,2007-05-05,TMAX,194
USC00315830,2013-03-20,TMIN,83
USC00315830,2010-01-02,TMIN,-22
USW00093743,2008-12-21,TMIN,61
USR0000NCRN,2012-04-18,TMAX,250
USC00314684,2005-03-30,TMIN,72
USR0000NCRN,2012-04-18,TMIN,139
USC00314684,2005-03-30,TMAX,239
USC00310576,2006-04-10,TMAX,172
USW00093743,2007-10-16,TMIN,122
USC00316096,2011-01-23,TMIN,-128
USW00093743,2008-12-21,TMAX,167
USW00013754,2015-04-29,TMIN,83
USW00013754,2015-04-29,TMAX,200
USC00310576,2006-04-10,TMIN,-6
USC00315830,2013-03-20,TMAX,211
USC00316096,2011-01-23,TMAX,67
USR0000NCRN,2008-01-12,TMIN,-39
USC00316676,2011-01-15,TMIN,-67
USC00310576,2010-03-20,TMAX,244
USR0000NNWB,2007-06-17,TMIN,183
USW00093719,2008-06-14,TMIN,161
USW00093719,2008-06-14,TMAX,328
USC00310356,2007-05-14,TMAX,228
USR0000NHOF,2005-07-19,TMIN,244
USR0000NCRN,2012-01-06,TMAX,167
USC00317170,2007-09-27,TMIN,217
USR0000NCRN,2012-01-06,TMIN,-11
USW00093719,2013-09-15,TMIN,183
USR0000NHOF,2007-05-05,TMIN,94
USR0000NHOF,2007-05-05,TMAX,239
USC00316676,2014-05-02,TMAX,261
USC00316676,2014-05-02,TMIN,167
USW00093719,2013-09-15,TMAX,283
USC00310356,2012-06-15,TMAX,256
USC00310356,2012-06-15,TMIN,172
USC00314689,2011-09-05,TMIN,211
USC00310576,2010-03-20,TMIN,39
USC00316096,2009-06-17,TMAX,272
USC00316676,2011-01-15,TMAX,72
USC00316096,2012-10-28,TMIN,128
USW00093719,2008-08-09,TMAX,289
USC00316096,2012-10-28,TMAX,172
USC00316096,2009-06-17,TMIN,200
USR0000NNWB,2006-07-30,TMAX,306
USW00093743,2012-06-15,TMIN,161
USW00093743,2012-06-15,TMAX,267
USW00093765,2013-06-30,TMAX,272
USW00093765,2013-06-30,TMIN,228
USW00013754,2014-06-02,TMAX,272
USC00310356,2007-05-14,TMIN,111
USR0000NNWB,2006-07-30,TMIN,233
USC00315830,2010-01-02,TMAX,78
USR0000NNWB,2013-02-27,TMAX,161
USC00314689,2013-08-21,TMAX,306
USW00093719,2013-06-30,TMIN,233
USC00314144,2009-07-11,TMIN,122
USR0000NCRN,2005-06-01,TMAX,228
USC00316096,2009-09-07,TMIN,206
USW00093719,2013-06-30,TMAX,289
USC00316096,2009-09-07,TMAX,228
USC00314144,2009-07-11,TMAX,294
USC00314684,2015-11-03,TMAX,244
USR0000NCRN,2005-06-01,TMIN,161
USR0000NCRN,2010-04-26,TMAX,228
USC00314684,2006-05-22,TMAX,283
USR0000NCRN,2010-04-26,TMIN,183
USW00013754,2015-01-02,TMIN,61
USW00093743,2008-04-19,TMIN,106
USC00314684,2006-05-22,TMIN,161
USW00093743,2008-04-19,TMAX,228
USC00315830,2015-09-07,TMAX,306
USW00093743,2012-09-10,TMAX,261
USW00093719,2014-01-12,TMAX,156
USW00093719,2014-01-12,TMIN,22
USC00314684,2015-11-03,TMIN,139
USC00310356,2012-09-10,TMIN,178
USC00317170,2010-04-22,TMAX,250
USW00013754,2011-03-07,TMAX,139
USC00317170,2010-04-22,TMIN,122
USW00013754,2013-05-03,TMAX,206
USR0000NHOF,2008-12-07,TMAX,83
USC00310356,2012-09-10,TMAX,256
USR0000NHOF,2007-10-10,TMIN,189
USR0000NHOF,2007-10-10,TMAX,278
USC00315830,2015-09-07,TMIN,233
USW00013754,2013-05-03,TMIN,133
USW00093765,2005-12-16,TMIN,22
USW00093719,2007-08-11,TMIN,222
USW00093719,2007-08-11,TMAX,283
USW00013754,2012-11-20,TMAX,150
USR0000NCRN,2008-11-14,TMIN,189
USC00315830,2010-12-04,TMIN,6
USC00310576,2007-07-14,TMIN,200
USC00315830,2010-12-04,TMAX,89
USR0000NCRN,2014-03-12,TMAX,178
USR0000NHOF,2007-05-14,TMAX,228
USR0000NCRN,2008-11-14,TMAX,217
USC00310356,2006-03-09,TMAX,133
USC00314684,2006-06-23,TMAX,322
USC00314684,2006-06-23,TMIN,211
USC00310576,2007-07-14,TMAX,306
USR0000NNWB,2013-02-27,TMIN,83
USC00314689,2013-08-21,TMIN,217
USR0000NCRN,2008-01-12,TMAX,228
USW00013754,2012-03-25,TMIN,144
USW00013754,2012-11-20,TMIN,106
USW00093719,2013-10-09,TMIN,167
USW00093765,2005-12-16,TMAX,161
USW00013754,2011-03-07,TMIN,33
USW00013754,2014-06-02,TMIN,111
USR0000NNWB,2007-05-22,TMIN,167
USR0000NNWB,2007-05-22,TMAX,267
USW00093765,2007-03-17,TMAX,94
USW00093719,2013-10-09,TMAX,194
USW00093765,2007-03-17,TMIN,33
USC00310356,2006-03-09,TMIN,50
USW00013754,2005-04-16,TMIN,56
USW00013754,2005-04-16,TMAX,144
USC00315830,2010-02-19,TMAX,139
USC00315830,2010-02-19,TMIN,11
USR0000NHOF,2007-05-14,TMIN,28
USR0000NNWB,2011-10-01,TMAX,200
USW00013754,2012-03-25,TMAX,233
USC00314689,2011-09-05,TMAX,311
USR0000NCRN,2011-06-18,TMIN,250
USC00315830,2008-05-11,TMIN,144
USR0000NNWB,2008-06-20,TMAX,317
USW00093765,2014-07-29,TMIN,211
USC00316096,2010-08-08,TMAX,317
USC00316096,2010-08-08,TMIN,228
USC00314689,2007-07-23,TMAX,289
USC00314689,2007-07-23,TMIN,167
USC00316676,2008-10-06,TMIN,94
USW00093765,2014-07-29,TMAX,294
USC00315830,2011-07-08,TMIN,244
USR0000NNWB,2008-06-20,TMIN,167
USC00314144,2009-12-12,TMIN,-33
USC00314144,2009-12-12,TMAX,72
USC00314684,2009-04-04,TMIN,89
USC00314684,2009-04-04,TMAX,261
USR0000NHOF,2012-04-18,TMIN,139
USR0000NHOF,2012-04-18,TMAX,244
USC00310576,2005-07-09,TMIN,206
USW00093743,2012-04-18,TMAX,239
USW00093743,2012-04-18,TMIN,167
USC00316096,2010-07-08,TMIN,217
USC00316096,2010-07-08,TMAX,317
USC00316096,2014-09-02,TMIN,244
USC00315830,2008-05-11,TMAX,283
USR0000NCRN,2009-07-11,TMAX,278
USC00310576,2011-09-22,TMIN,194
USC00310356,2014-10-10,TMIN,167
USC00310356,2014-10-10,TMAX,250
USC00315830,2007-12-18,TMIN,-22
USC00310356,2010-09-04,TMAX,322
USC00315830,2007-12-18,TMAX,94
USR0000NCRN,2009-07-11,TMIN,189
USC00310356,2010-09-04,TMIN,239
USW00093765,2014-07-10,TMAX,306
USW00093765,2014-07-10,TMIN,233
USW00093719,2012-12-06,TMAX,117
USC00314684,2011-10-18,TMIN,139
USC00314684,2011-10-18,TMAX,294
USC00316676,2008-10-06,TMAX,256
USC00314144,2008-08-22,TMAX,289
USC00317170,2015-10-03,TMIN,189
USC00315830,2010-05-24,TMAX,261
USC00317170,2015-10-03,TMAX,289
USC00314689,2014-09-02,TMAX,344
USC00314689,2014-09-02,TMIN,244
USW00013754,2014-11-11,TMAX,222
USW00013754,2014-11-11,TMIN,139
USC00315830,2013-02-07,TMAX,172
USC00316676,2014-12-12,TMIN,-6
USC00314144,2008-08-22,TMIN,167
USC00316096,2014-09-02,TMAX,317
USC00315830,2010-05-24,TMIN,167
USW00093719,2013-12-14,TMIN,6
USR0000NCRN,2012-09-10,TMIN,139
USR0000NCRN,2012-09-10,TMAX,261
USC00314689,2013-11-12,TMAX,189
USC00314689,2013-11-12,TMIN,22
USC00315830,2011-07-08,TMAX,306
USC00314689,2006-11-05,TMAX,139
USC00310356,2006-10-08,TMIN,111
USC00314689,2006-11-05,TMIN,-17
USC00310576,2011-09-22,TMAX,278
USC00310356,2006-10-08,TMAX,206
USC00314684,2010-06-15,TMIN,206
USW00093719,2013-12-14,TMAX,200
USC00314684,2013-06-30,TMAX,289
USC00314684,2013-06-30,TMIN,217
USC00314684,2010-06-15,TMAX,339
USC00314689,2011-12-17,TMIN,67
USR0000NHOF,2011-05-14,TMIN,161
USC00315830,2015-07-18,TMIN,222
USC00316676,2015-07-27,TMAX,306
USW00093719,2015-11-02,TMIN,178
USC00310576,2015-01-29,TMAX,89
USC00310576,2015-01-29,TMIN,-22
USC00315830,2015-11-07,TMAX,244
USC00314144,2010-01-25,TMAX,189
USW00093719,2015-11-02,TMAX,194
USC00314144,2010-01-25,TMIN,100
USC00315830,2015-11-07,TMIN,206
USC00314684,2013-08-21,TMAX,289
USC00314684,2013-08-21,TMIN,206
USC00314684,2006-07-18,TMAX,339
USW00093765,2011-07-13,TMAX,361
USC00314689,2010-08-08,TMAX,311
USC00314689,2010-08-08,TMIN,233
USC00314684,2006-07-18,TMIN,211
USC00314689,2015-09-16,TMAX,272
USR0000NNWB,2007-06-17,TMAX,317
USR0000NHOF,2005-07-19,TMAX,328
USR0000NCRN,2011-06-18,TMAX,300
USC00315830,2012-11-29,TMAX,133
USC00314689,2015-09-16,TMIN,117
USC00315830,2012-11-29,TMIN,-17
USW00093765,2011-07-13,TMIN,250
USW00013754,2013-02-27,TMIN,72
USW00013754,2013-02-27,TMAX,161
USW00093765,2006-01-02,TMIN,39
USC00317170,2013-06-30,TMAX,278
USC00316096,2013-11-12,TMAX,189
USC00317170,2013-06-30,TMIN,222
USC00316096,2013-11-12,TMIN,11
USW00093765,2006-01-02,TMAX,178
USC00316676,2015-07-27,TMIN,189
USW00093743,2007-11-06,TMIN,83
USR0000NCRN,2005-12-05,TMAX,161
USC00316096,2011-12-17,TMAX,117
USC00317170,2007-09-27,TMAX,300
USC00314689,2006-06-23,TMAX,333
USC00314689,2006-06-23,TMIN,200
USW00093719,2011-04-20,TMIN,183
USC00316096,2011-12-17,TMIN,-17
USC00317170,2014-11-27,TMAX,144
USC00310576,2005-07-09,TMAX,311
USC00310356,2012-04-18,TMIN,178
USR0000NHOF,2014-10-10,TMIN,117
USR0000NHOF,2014-10-10,TMAX,300
USC00310576,2008-06-25,TMIN,194
USW00013754,2013-10-09,TMIN,161
USW00013754,2013-10-09,TMAX,183
USC00310356,2012-04-18,TMAX,233
USC00315830,2015-07-18,TMAX,306
USC00317170,2014-11-27,TMIN,22
USC00310576,2008-06-25,TMAX,328
USR0000NCRN,2005-12-05,TMIN,94
USR0000NHOF,2007-01-31,TMIN,-78
USR0000NHOF,2007-01-31,TMAX,50
USW00093765,2011-10-11,TMAX,239
USW00093765,2011-10-11,TMIN,189
USW00093743,2007-11-06,TMAX,217
USW00093719,2011-04-20,TMAX,322
USC00310576,2015-06-02,TMIN,178
USC00310576,2015-06-02,TMAX,311
USC00317170,2009-11-30,TMIN,100
USC00314684,2014-04-11,TMAX,239
USC00314684,2014-04-11,TMIN,56
USC00315830,2009-01-28,TMAX,183
USC00315830,2009-01-28,TMIN,44
USC00317170,2009-11-30,TMAX,222
USW00093719,2012-10-04,TMIN,211
USC00314689,2005-06-24,TMAX,328
USW00013754,2006-12-27,TMAX,111
USC00314689,2014-08-15,TMAX,306
USC00315830,2012-03-07,TMIN,33
USW00093765,2011-04-20,TMIN,200
USC00317170,2007-06-29,TMAX,350
USC00314689,2014-08-15,TMIN,167
USR0000NHOF,2010-09-04,TMIN,156
USC00315830,2009-08-10,TMAX,311
USC00315830,2009-08-10,TMIN,250
USC00314144,2009-09-16,TMIN,156
USC00316676,2005-04-30,TMIN,139
USC00314144,2009-09-16,TMAX,294
USC00316676,2005-04-30,TMAX,244
USC00315830,2012-03-07,TMAX,194
USC00316676,2011-11-27,TMIN,17
USC00316676,2011-11-27,TMAX,217
USR0000NHOF,2010-09-04,TMAX,306
USW00093743,2009-12-12,TMIN,-5
USC00317170,2007-06-29,TMIN,222
USC00314689,2009-11-09,TMIN,61
USC00314689,2015-04-10,TMIN,189
USW00093719,2010-02-19,TMAX,128
USW00093719,2010-02-19,TMIN,-17
USC00310356,2009-12-12,TMAX,33
USR0000NCRN,2012-01-10,TMAX,150
USC00310356,2009-12-12,TMIN,17
USW00013754,2010-01-02,TMAX,39
USW00013754,2010-01-02,TMIN,-32
USR0000NHOF,2007-08-25,TMAX,328
USR0000NHOF,2007-08-25,TMIN,194
USW00093765,2011-04-20,TMAX,250
USW00093743,2009-12-12,TMAX,100
USC00314689,2015-04-10,TMAX,283
USW00013754,2008-11-20,TMIN,-16
USW00093765,2007-12-28,TMAX,211
USC00314684,2012-10-04,TMAX,278
USR0000NCRN,2007-05-14,TMAX,256
USC00316676,2014-04-11,TMIN,72
USC00315830,2012-04-18,TMIN,183
USC00315830,2012-04-18,TMAX,256
USW00093743,2011-04-07,TMIN,128
USW00093743,2011-04-07,TMAX,217
USC00316676,2014-04-11,TMAX,244
USW00093719,2008-02-23,TMAX,167
USW00093719,2006-07-18,TMAX,328
USW00093719,2008-02-23,TMIN,83
USC00317170,2011-03-06,TMIN,139
USC00316676,2009-10-07,TMIN,183
USR0000NNWB,2006-02-19,TMAX,44
USW00093719,2006-07-18,TMIN,211
USR0000NCRN,2006-03-09,TMIN,56
USC00317170,2013-03-20,TMIN,50
USC00317170,2013-03-20,TMAX,189
USR0000NCRN,2007-05-14,TMIN,83
USC00310356,2007-12-23,TMAX,167
USC00310356,2007-12-23,TMIN,100
USC00314684,2012-10-04,TMIN,200
USR0000NHOF,2008-04-08,TMAX,161
USR0000NHOF,2008-04-08,TMIN,89
USW00093765,2007-12-28,TMIN,56
USC00314684,2014-01-12,TMAX,233
USC00316676,2009-10-07,TMAX,228
USR0000NNWB,2013-02-07,TMAX,161
USR0000NNWB,2013-02-07,TMIN,50
USC00314684,2014-01-12,TMIN,78
USR0000NHOF,2015-01-29,TMIN,-72
USR0000NCRN,2012-01-10,TMIN,56
USR0000NNWB,2006-02-19,TMIN,-39
USW00013754,2008-11-20,TMAX,139
USW00093765,2005-03-14,TMIN,0
USW00093765,2005-03-14,TMAX,100
USC00310356,2009-08-30,TMAX,294
USW00093765,2013-03-20,TMAX,150
USR0000NCRN,2005-04-05,TMIN,67
USW00013754,2005-10-08,TMIN,239
USC00310356,2010-03-29,TMAX,189
USC00310356,2010-03-29,TMIN,67
USW00013754,2005-10-08,TMAX,283
USW00093719,2015-10-03,TMAX,289
USW00093719,2015-10-03,TMIN,200
USR0000NCRN,2005-04-05,TMAX,250
USC00314684,2009-07-26,TMAX,317
USR0000NCRN,2013-05-03,TMAX,200
USR0000NCRN,2013-05-03,TMIN,133
USC00314144,2006-03-28,TMIN,6
USW00093743,2011-05-14,TMIN,183
USR0000NCRN,2012-07-14,TMAX,300
USR0000NCRN,2012-07-14,TMIN,222
USW00093765,2014-05-22,TMAX,306
USW00093719,2011-05-26,TMIN,200
USW00093765,2014-06-05,TMIN,211
USW00093765,2012-03-11,TMAX,178
USC00317170,2010-08-08,TMIN,239
USC00317170,2010-08-08,TMAX,339
USC00317170,2014-12-28,TMIN,61
USC00310356,2011-04-07,TMIN,72
USW00093743,2010-03-29,TMAX,194
USC00316676,2008-12-30,TMAX,156
USC00316676,2008-12-30,TMIN,11
USC00310576,2009-06-12,TMIN,206
USC00314684,2009-07-26,TMIN,206
USC00314144,2006-03-28,TMAX,200
USW00093743,2010-03-29,TMIN,128
USW00093743,2008-04-08,TMAX,172
USW00093765,2013-03-20,TMIN,50
USC00315830,2010-08-19,TMAX,311
USC00314689,2014-07-29,TMIN,194
USC00314144,2009-01-18,TMAX,72
USC00310576,2012-02-01,TMIN,11
USC00314144,2009-01-18,TMIN,-33
USC00314689,2008-11-05,TMIN,156
USC00310576,2009-06-12,TMAX,306
USC00314689,2014-07-29,TMAX,328
USW00093743,2011-05-14,TMAX,267
USC00314689,2008-11-05,TMAX,239
USW00093719,2010-11-08,TMIN,11
USW00093719,2010-11-08,TMAX,172
USC00314689,2009-11-09,TMAX,244
USC00316676,2014-09-02,TMAX,328
USC00316676,2014-09-02,TMIN,233
USC00310576,2012-02-01,TMAX,189
USC00310576,2006-08-27,TMAX,300
USR0000NHOF,2015-04-04,TMAX,222
USR0000NCRN,2013-07-01,TMIN,239
USC00315830,2010-08-19,TMIN,239
USW00093743,2008-04-08,TMIN,100
USC00310356,2009-08-30,TMIN,239
USC00317170,2014-12-28,TMAX,222
USW00013754,2013-02-07,TMAX,133
USW00013754,2013-02-07,TMIN,72
USR0000NHOF,2015-04-04,TMIN,39
USR0000NHOF,2005-12-05,TMAX,156
USC00315830,2010-11-04,TMIN,144
USW00093765,2012-10-28,TMIN,128
USW00093765,2012-10-28,TMAX,167
USC00314684,2013-09-15,TMAX,250
USC00314684,2013-09-15,TMIN,133
USR0000NCRN,2013-07-01,TMAX,272
USC00317170,2014-07-10,TMAX,322
USC00317170,2011-03-06,TMAX,211
USR0000NHOF,2015-01-29,TMAX,100
USC00310576,2015-03-21,TMIN,61
USR0000NNWB,2008-08-09,TMAX,300
USR0000NNWB,2008-08-09,TMIN,217
USC00314689,2007-01-04,TMAX,222
USC00314689,2007-01-04,TMIN,72
USR0000NHOF,2012-08-16,TMIN,200
USC00316676,2009-05-12,TMAX,211
USR0000NCRN,2015-03-28,TMIN,17
USW00093743,2009-08-30,TMAX,311
USR0000NHOF,2006-04-24,TMIN,156
USC00314684,2011-10-11,TMIN,156
USC00314684,2011-10-11,TMAX,228
USW00093719,2006-12-27,TMIN,6
USR0000NCRN,2015-03-28,TMAX,106
USR0000NHOF,2006-04-24,TMAX,283
USW00093719,2006-12-27,TMAX,111
USR0000NHOF,2007-10-02,TMIN,172
USR0000NNWB,2007-10-26,TMAX,239
USC00315830,2006-05-22,TMIN,183
USC00315830,2006-05-22,TMAX,261
USR0000NHOF,2009-05-30,TMIN,161
USR0000NHOF,2015-04-19,TMIN,161
USR0000NHOF,2009-05-30,TMAX,278
USR0000NHOF,2006-04-10,TMIN,-39
USR0000NHOF,2012-12-27,TMAX,106
USW00093743,2012-12-27,TMAX,106
USC00310356,2015-04-04,TMAX,200
USC00316096,2012-10-04,TMAX,289
USC00316096,2012-10-04,TMIN,211
USC00314144,2005-08-13,TMAX,333
USR0000NNWB,2007-10-26,TMIN,217
USW00093743,2012-12-27,TMIN,28
USC00310356,2015-04-04,TMIN,94
USW00093743,2009-08-30,TMIN,250
USR0000NHOF,2012-12-27,TMIN,6
USR0000NHOF,2006-04-10,TMAX,183
USC00310576,2005-02-05,TMAX,122
USC00315830,2008-11-25,TMAX,133
USC00317170,2009-11-13,TMIN,122
USC00310576,2007-11-24,TMAX,122
USC00314144,2008-06-29,TMIN,228
USC00310576,2005-02-05,TMIN,17
USC00314689,2012-10-04,TMAX,278
USC00314684,2015-03-08,TMAX,133
USC00317170,2009-11-13,TMAX,167
USR0000NNWB,2009-06-27,TMIN,211
USC00316096,2013-09-15,TMAX,278
USR0000NNWB,2009-06-27,TMAX,328
USW00093719,2011-05-15,TMIN,189
USC00314689,2012-10-04,TMIN,206
USW00093719,2011-05-15,TMAX,278
USR0000NCRN,2009-02-07,TMAX,150
USW00093765,2015-02-11,TMAX,56
USC00315830,2008-11-25,TMIN,89
USR0000NHOF,2012-08-16,TMAX,311
USC00317170,2013-12-14,TMAX,178
USC00314684,2007-11-14,TMIN,83
USC00317170,2013-12-14,TMIN,0
USC00317170,2013-01-09,TMIN,72
USC00317170,2013-01-09,TMAX,178
USR0000NCRN,2011-08-28,TMIN,228
USC00314144,2005-08-13,TMIN,206
USC00314684,2007-11-14,TMAX,233
USC00314144,2008-06-29,TMAX,328
USC00314684,2015-03-08,TMIN,-44
USC00316096,2014-01-12,TMAX,144
USR0000NCRN,2011-08-28,TMAX,306
USC00316096,2014-01-12,TMIN,11
USC00317170,2015-01-15,TMAX,83
USC00315830,2010-11-04,TMAX,172
USR0000NCRN,2009-02-07,TMIN,-11
USC00315830,2005-04-16,TMAX,144
USR0000NCRN,2011-10-26,TMIN,50
USR0000NCRN,2011-10-26,TMAX,228
USC00310576,2007-05-05,TMIN,133
USC00310576,2007-05-05,TMAX,239
USW00093765,2010-09-27,TMIN,211
USW00013754,2013-01-22,TMAX,111
USW00013754,2013-01-22,TMIN,-5
USR0000NNWB,2015-02-24,TMAX,-11
USW00013754,2008-03-26,TMAX,194
USR0000NNWB,2015-02-24,TMIN,-33
USR0000NHOF,2009-12-12,TMIN,-33
USR0000NHOF,2009-12-12,TMAX,72
USR0000NCRN,2006-03-09,TMAX,261
USC00316676,2011-02-19,TMIN,106
USC00310576,2011-12-11,TMAX,111
USC00316676,2011-02-19,TMAX,256
USC00310576,2011-12-11,TMIN,6
USW00093719,2005-05-13,TMIN,139
USW00093719,2005-05-13,TMAX,206
USC00310576,2006-08-27,TMIN,250
USC00317170,2008-04-11,TMIN,133
USC00310356,2013-07-01,TMIN,217
USW00093743,2013-07-01,TMAX,267
USW00013754,2008-09-08,TMAX,311
USW00093743,2013-07-01,TMIN,233
USC00317170,2008-04-11,TMAX,289
USW00093765,2010-12-01,TMAX,206
USW00093765,2010-08-08,TMIN,244
USW00093765,2010-08-08,TMAX,317
USC00310576,2015-03-21,TMAX,172
USC00317170,2014-07-10,TMIN,244
USW00093765,2010-12-01,TMIN,56
USW00093765,2010-09-27,TMAX,283
USW00013754,2013-10-28,TMAX,222
USW00013754,2008-09-08,TMIN,228
USC00310356,2015-04-19,TMAX,244
USC00310356,2015-04-19,TMIN,183
USC00315830,2005-04-16,TMIN,67
USC00316096,2014-03-11,TMIN,44
USC00316096,2014-03-11,TMAX,222
USC00310356,2012-12-27,TMAX,183
USW00093743,2007-12-23,TMIN,111
USC00310356,2012-12-27,TMIN,50
USC00310576,2009-07-11,TMAX,272
USC00310576,2009-07-11,TMIN,150
USC00310356,2015-01-29,TMIN,-22
USC00310356,2015-01-29,TMAX,67
USC00314144,2007-07-07,TMAX,311
USC00316676,2009-05-12,TMIN,78
USC00317170,2015-01-15,TMIN,6
USR0000NHOF,2015-04-19,TMAX,239
USW00093743,2007-12-23,TMAX,211
USW00013754,2013-10-28,TMIN,61
USC00310356,2015-10-23,TMIN,156
USC00314689,2014-03-11,TMIN,83
USW00013754,2008-03-26,TMIN,39
USC00310356,2015-10-23,TMAX,261
USR0000NNWB,2010-01-02,TMAX,22
USR0000NNWB,2010-01-02,TMIN,-33
USR0000NHOF,2007-10-02,TMAX,278
USC00310356,2006-04-24,TMAX,217
USC00310356,2006-04-24,TMIN,178
USC00314684,2006-12-15,TMIN,117
USC00317170,2014-11-11,TMAX,222
USC00314689,2014-03-11,TMAX,244
USC00317170,2014-11-11,TMIN,122
USC00314684,2006-12-15,TMAX,183
USC00314144,2007-07-07,TMIN,194
USC00310576,2014-10-10,TMAX,261
USW00093765,2014-05-22,TMIN,217
USC00310576,2012-08-02,TMAX,283
USW00013754,2011-06-27,TMAX,333
USC00315830,2015-08-13,TMAX,294
USC00314689,2008-11-27,TMIN,-22
USR0000NNWB,2005-12-16,TMIN,17
USC00314689,2008-11-27,TMAX,161
USC00315830,2014-01-26,TMAX,89
USW00093719,2015-02-24,TMIN,-38
USR0000NCRN,2008-06-27,TMAX,311
USR0000NCRN,2008-06-27,TMIN,244
USC00316676,2005-08-21,TMAX,367
USC00316676,2005-08-21,TMIN,233
USW00013754,2007-07-01,TMIN,194
USC00317170,2014-05-22,TMAX,328
USC00315830,2014-01-26,TMIN,-11
USC00317170,2014-05-22,TMIN,194
USR0000NCRN,2007-08-07,TMIN,256
USC00314689,2005-07-01,TMAX,333
USC00314689,2011-09-26,TMIN,200
USR0000NCRN,2007-08-07,TMAX,333
USC00315830,2015-06-28,TMAX,306
USC00315830,2015-06-28,TMIN,250
USC00315830,2005-09-28,TMIN,172
USC00315830,2005-09-28,TMAX,283
USC00314684,2014-07-29,TMAX,328
USW00093743,2007-10-02,TMAX,283
USC00316676,2013-06-30,TMAX,289
USC00316676,2013-06-30,TMIN,222
USC00314689,2008-08-17,TMIN,206
USC00314689,2006-11-15,TMIN,194
USC00316676,2007-02-24,TMIN,-33
USC00316676,2007-02-24,TMAX,139
USC00314689,2005-07-01,TMIN,233
USC00314689,2011-09-26,TMAX,272
USW00013754,2011-06-27,TMIN,233
USC00314684,2014-07-29,TMIN,178
USC00316096,2011-03-09,TMAX,194
USW00013754,2013-08-21,TMAX,311
USW00093765,2005-05-25,TMAX,189
USW00013754,2013-08-21,TMIN,217
USR0000NNWB,2006-12-27,TMIN,6
USR0000NNWB,2006-12-27,TMAX,117
USW00093719,2010-08-31,TMAX,339
USW00093719,2010-08-31,TMIN,189
USR0000NCRN,2008-07-03,TMAX,306
USR0000NCRN,2008-07-03,TMIN,178
USR0000NCRN,2013-11-29,TMAX,117
USW00093765,2005-05-25,TMIN,122
USW00093719,2015-02-11,TMAX,67
USW00093719,2009-06-27,TMAX,322
USW00093719,2009-06-27,TMIN,206
USC00310576,2015-10-15,TMAX,250
USW00093765,2012-10-04,TMIN,222
USC00314144,2008-02-08,TMAX,167
USR0000NNWB,2005-12-16,TMAX,172
USW00093719,2005-11-16,TMIN,144
USC00316676,2014-02-09,TMAX,89
USC00310356,2007-08-25,TMAX,300
USW00093719,2013-03-20,TMAX,144
USC00314144,2008-02-08,TMIN,-17
USC00316676,2014-02-09,TMIN,6
USR0000NNWB,2008-10-14,TMIN,111
USC00315830,2015-08-13,TMIN,211
USR0000NNWB,2008-10-14,TMAX,283
USW00093765,2012-10-04,TMAX,289
USR0000NCRN,2013-11-29,TMIN,0
USW00093743,2007-10-10,TMIN,228
USW00093719,2013-03-20,TMIN,28
USW00093719,2006-11-20,TMIN,44
USW00093719,2006-11-20,TMAX,122
USC00314689,2008-08-17,TMAX,289
USR0000NNWB,2013-03-20,TMIN,22
USR0000NNWB,2013-03-20,TMAX,144
USW00013754,2010-05-13,TMAX,233
USC00310576,2012-02-27,TMAX,106
USC00316676,2006-11-28,TMAX,228
USC00315830,2005-09-08,TMIN,217
USC00315830,2005-09-08,TMAX,294
USR0000NCRN,2005-01-14,TMIN,61
USC00310356,2005-07-19,TMIN,261
USC00314684,2009-06-02,TMAX,311
USC00310576,2013-05-03,TMAX,217
USC00310576,2013-05-03,TMIN,133
USC00317170,2010-07-13,TMIN,244
USC00314684,2009-06-02,TMIN,189
USC00317170,2010-07-13,TMAX,339
USC00314684,2012-01-24,TMIN,44
USC00314684,2006-01-02,TMIN,6
USW00013754,2006-12-27,TMIN,17
USW00093719,2013-08-21,TMIN,217
USW00013754,2012-01-17,TMAX,211
USC00310576,2005-10-18,TMIN,78
USC00310576,2005-10-18,TMAX,256
USW00093719,2008-08-27,TMIN,228
USW00013754,2012-01-17,TMIN,72
USC00314689,2005-06-24,TMIN,172
USC00314684,2012-01-24,TMAX,172
USW00093719,2008-08-27,TMAX,272
USC00314684,2006-01-02,TMAX,161
USC00310576,2015-12-23,TMIN,156
USC00310576,2015-12-23,TMAX,233
USC00310576,2010-04-05,TMIN,156
USW00093719,2013-08-21,TMAX,328
USC00310576,2012-02-27,TMIN,0
USC00315830,2007-03-26,TMIN,89
USC00310356,2005-07-19,TMAX,306
USC00314144,2006-04-24,TMIN,167
USW00093765,2006-07-18,TMIN,222
USW00093765,2006-07-18,TMAX,311
USW00093743,2010-09-04,TMIN,206
USC00310576,2015-09-22,TMAX,294
USW00013754,2015-03-13,TMAX,161
USC00314144,2006-04-24,TMAX,294
USW00013754,2015-03-13,TMIN,72
USC00310576,2006-10-22,TMAX,194
USR0000NNWB,2008-09-17,TMIN,183
USR0000NNWB,2008-09-17,TMAX,239
USW00093743,2008-12-07,TMIN,-27
USC00310576,2015-09-22,TMIN,189
USW00093743,2008-12-07,TMAX,94
USC00310576,2006-10-22,TMIN,122
USC00316096,2011-03-09,TMIN,56
USC00316676,2008-08-30,TMIN,217
USR0000NCRN,2015-04-19,TMIN,172
USC00315830,2007-03-26,TMAX,217
USW00093743,2010-09-04,TMAX,300
USC00316676,2006-11-28,TMIN,72
USC00316676,2006-08-19,TMAX,311
USC00316676,2006-08-19,TMIN,222
USC00310576,2009-02-21,TMIN,-22
USC00316676,2008-08-30,TMAX,317
USR0000NNWB,2006-05-22,TMIN,144
USR0000NNWB,2006-05-22,TMAX,239
USC00310576,2009-02-21,TMAX,83
USC00316676,2014-03-11,TMAX,233
USW00013754,2010-05-13,TMIN,183
USR0000NCRN,2005-01-14,TMAX,233
USR0000NCRN,2015-04-19,TMAX,239
USC00316676,2014-03-11,TMIN,33
USW00093743,2007-10-10,TMAX,261
USW00093719,2015-02-24,TMAX,-10
USW00093719,2015-02-11,TMIN,-16
USR0000NNWB,2010-02-19,TMAX,139
USC00316676,2012-05-17,TMAX,289
USR0000NCRN,2015-06-02,TMAX,278
USR0000NCRN,2015-06-02,TMIN,211
USC00316676,2012-05-17,TMIN,183
USW00093765,2015-11-11,TMAX,194
USR0000NNWB,2011-06-27,TMIN,222
USC00310576,2006-01-19,TMAX,156
USC00316096,2010-04-27,TMAX,228
USC00315830,2008-09-29,TMIN,194
USC00310576,2006-01-19,TMIN,-11
USW00093765,2013-12-14,TMIN,11
USC00310576,2011-11-10,TMAX,244
USC00314689,2006-01-02,TMIN,44
USC00310356,2013-05-03,TMAX,222
USC00317170,2015-10-30,TMAX,222
USC00310356,2013-05-03,TMIN,150
USC00316676,2010-01-24,TMIN,6
USC00316676,2010-01-24,TMAX,106
USR0000NHOF,2013-05-03,TMIN,111
USR0000NHOF,2013-05-03,TMAX,139
USC00310576,2007-11-20,TMAX,222
USW00093765,2013-12-14,TMAX,194
USR0000NNWB,2010-02-19,TMIN,-11
USW00013754,2005-12-16,TMIN,22
USW00093743,2013-05-03,TMIN,133
USW00093743,2013-05-03,TMAX,217
USR0000NNWB,2011-06-27,TMAX,350
USC00317170,2015-10-30,TMIN,139
USC00315830,2011-06-07,TMAX,289
USC00310576,2011-11-10,TMIN,111
USW00013754,2005-12-16,TMAX,178
USC00315830,2008-09-29,TMAX,278
USW00093765,2015-11-11,TMIN,106
USC00314684,2007-07-23,TMIN,150
USC00310356,2008-04-08,TMIN,89
USC00316676,2007-08-28,TMIN,222
USC00314684,2009-06-14,TMIN,200
USC00310576,2008-07-17,TMAX,306
USC00316676,2009-09-01,TMAX,244
USW00093765,2005-08-08,TMIN,233
USC00310356,2008-04-08,TMAX,128
USW00093765,2014-06-05,TMAX,278
USC00316096,2010-04-27,TMIN,139
USW00093765,2014-11-11,TMAX,194
USW00093765,2014-11-11,TMIN,150
USW00093765,2012-03-11,TMIN,44
USW00093765,2005-08-08,TMAX,294
USC00310576,2012-08-02,TMIN,189
USC00310356,2011-04-07,TMAX,156
USC00310576,2007-11-20,TMIN,83
USC00316676,2007-08-28,TMAX,289
USC00316096,2014-07-29,TMIN,194
USR0000NHOF,2015-10-23,TMIN,83
USR0000NHOF,2015-10-23,TMAX,300
USC00314684,2007-07-23,TMAX,283
USC00316676,2009-09-01,TMIN,200
USC00310356,2005-12-05,TMAX,172
USR0000NHOF,2010-03-29,TMIN,100
USR0000NNWB,2013-01-22,TMAX,78
USC00310356,2005-12-05,TMIN,-56
USC00314684,2007-06-07,TMIN,167
USC00314684,2010-12-24,TMAX,72
USC00314684,2010-12-24,TMIN,-56
USC00314684,2009-06-14,TMAX,328
USR0000NNWB,2013-01-22,TMIN,-28
USC00316096,2014-07-29,TMAX,289
USR0000NHOF,2010-03-29,TMAX,194
USW00093719,2011-05-26,TMAX,328
USW00093719,2015-08-25,TMAX,317
USR0000NCRN,2012-12-27,TMIN,28
USC00314144,2008-11-14,TMAX,217
USC00314144,2008-11-14,TMIN,172
USW00093765,2010-10-29,TMAX,222
USC00316676,2015-11-04,TMAX,194
USC00314689,2009-03-24,TMAX,167
USC00314689,2009-03-24,TMIN,17
USW00013754,2010-02-19,TMIN,-16
USW00013754,2010-02-19,TMAX,133
USC00315830,2013-10-09,TMAX,294
USC00315830,2013-10-09,TMIN,167
USR0000NNWB,2015-09-11,TMIN,217
USW00013754,2007-07-01,TMAX,289
USR0000NNWB,2015-09-11,TMAX,311
USW00093743,2007-10-02,TMIN,194
USC00310356,2009-06-05,TMIN,217
USC00314689,2008-12-25,TMIN,178
USC00316676,2010-03-10,TMAX,228
USC00310576,2015-10-15,TMIN,100
USC00310576,2007-10-21,TMAX,272
USC00314689,2008-12-25,TMAX,200
USC00310576,2007-10-21,TMIN,89
USC00310356,2007-08-25,TMIN,239
USC00310576,2009-04-14,TMIN,67
USC00314689,2009-04-04,TMAX,239
USR0000NCRN,2006-02-28,TMAX,211
USC00315830,2011-08-07,TMAX,317
USC00310356,2009-06-05,TMAX,283
USC00310576,2009-04-14,TMAX,183
USC00315830,2011-08-07,TMIN,261
USW00093719,2005-11-16,TMAX,256
USC00316676,2010-03-10,TMIN,6
USR0000NCRN,2006-02-28,TMIN,-100
USR0000NHOF,2007-08-23,TMAX,300
USC00314689,2009-04-04,TMIN,89
USW00013754,2008-09-17,TMIN,189
USC00315830,2007-01-13,TMIN,83
USC00316676,2015-11-04,TMIN,167
USW00013754,2011-01-14,TMAX,61
USR0000NNWB,2010-05-13,TMAX,228
USR0000NNWB,2010-05-13,TMIN,183
USW00093719,2010-06-26,TMAX,339
USC00315830,2007-01-13,TMAX,217
USC00310576,2008-07-17,TMIN,194
USC00316676,2006-06-23,TMIN,206
USC00316676,2014-10-09,TMIN,133
USC00316676,2014-10-09,TMAX,289
USR0000NCRN,2012-12-27,TMAX,106
USW00013754,2011-01-14,TMIN,-77
USC00314684,2007-06-07,TMAX,294
USC00316676,2006-06-23,TMAX,317
USW00093719,2015-08-25,TMIN,206
USW00093719,2010-06-26,TMIN,228
USR0000NCRN,2006-04-24,TMIN,172
USW00013754,2008-09-17,TMAX,233
USC00310576,2009-01-09,TMAX,133
USC00310576,2009-01-09,TMIN,6
USC00315830,2010-12-15,TMAX,33
USW00093765,2010-10-29,TMIN,89
USC00315830,2010-12-15,TMIN,-72
USC00315830,2011-06-07,TMIN,189
USC00317170,2012-10-28,TMIN,122
USW00093765,2009-01-26,TMIN,22
USW00093765,2009-01-26,TMAX,83
USR0000NCRN,2006-04-24,TMAX,289
USC00317170,2012-10-28,TMAX,178
USC00317170,2012-10-04,TMAX,289
USC00317170,2012-10-04,TMIN,206
USR0000NHOF,2007-08-23,TMIN,211
USC00310576,2014-10-10,TMIN,117
USR0000NCRN,2010-01-25,TMAX,183
USW00093743,2012-09-10,TMIN,156
USC00310576,2010-05-03,TMIN,206
USC00310576,2010-05-03,TMAX,328
USC00317170,2013-11-12,TMIN,28
USC00317170,2009-10-07,TMIN,183
USC00317170,2009-10-07,TMAX,289
USW00013754,2009-03-08,TMIN,111
USC00317170,2013-11-12,TMAX,194
USW00013754,2011-11-10,TMAX,233
USW00013754,2011-11-10,TMIN,133
USW00013754,2008-05-11,TMAX,228
USW00013754,2008-05-11,TMIN,117
USW00013754,2015-07-18,TMAX,333
USC00315830,2011-12-11,TMAX,117
USC00315830,2011-12-11,TMIN,61
USC00315830,2009-02-24,TMIN,-28
USR0000NCRN,2007-04-17,TMIN,94
USC00316676,2008-07-13,TMIN,161
USC00310356,2012-08-24,TMAX,283
USC00310356,2012-08-24,TMIN,217
USR0000NCRN,2007-04-17,TMAX,200
USW00093765,2011-07-22,TMIN,289
USC00316676,2005-01-05,TMAX,244
USC00316676,2005-01-05,TMIN,111
USW00093765,2011-11-27,TMAX,228
USC00310356,2011-02-07,TMIN,61
USW00013754,2015-07-18,TMIN,194
USC00316676,2009-07-10,TMAX,278
USW00093765,2013-01-22,TMAX,122
USC00316676,2009-07-10,TMIN,183
USC00316676,2008-07-13,TMAX,311
USW00013754,2009-03-08,TMAX,261
USW00093765,2013-01-22,TMIN,-16
USW00013754,2009-08-10,TMAX,339
USW00093765,2011-11-27,TMIN,67
USW00093765,2012-11-20,TMIN,89
USC00314144,2006-08-11,TMIN,211
USW00013754,2008-01-19,TMIN,22
USC00310576,2008-12-06,TMAX,100
USW00013754,2008-01-19,TMAX,61
USC00315830,2014-03-12,TMAX,183
USC00315830,2014-03-12,TMIN,128
USC00316676,2009-12-03,TMIN,117
USR0000NNWB,2008-06-14,TMIN,172
USR0000NCRN,2013-06-30,TMIN,228
USW00093719,2014-10-10,TMAX,289
USC00316676,2009-03-24,TMAX,178
USR0000NCRN,2013-06-30,TMAX,272
USW00093719,2014-10-10,TMIN,133
USR0000NNWB,2008-06-14,TMAX,333
USC00316676,2009-03-24,TMIN,6
USW00093719,2011-06-04,TMIN,122
USW00093719,2011-06-04,TMAX,311
USW00093743,2012-08-24,TMAX,256
USW00093719,2005-03-14,TMAX,89
USW00093765,2012-11-20,TMAX,133
USR0000NCRN,2007-04-25,TMAX,261
USW00093743,2012-08-24,TMIN,211
USW00093743,2011-06-18,TMIN,250
USR0000NCRN,2007-04-25,TMIN,89
USW00093743,2011-06-18,TMAX,306
USW00093719,2005-03-14,TMIN,-11
USC00317170,2011-02-05,TMAX,178
USR0000NCRN,2006-09-04,TMIN,217
USR0000NNWB,2015-06-02,TMIN,206
USR0000NNWB,2015-06-02,TMAX,317
USR0000NCRN,2006-09-04,TMAX,306
USC00317170,2011-02-05,TMIN,50
USW00013754,2009-08-10,TMIN,228
USC00315830,2008-08-14,TMAX,272
USC00315830,2008-08-14,TMIN,178
USC00315830,2005-10-18,TMIN,89
USC00310356,2013-03-20,TMIN,83
USC00310356,2013-03-20,TMAX,194
USC00314144,2005-09-08,TMIN,178
USC00314144,2005-09-08,TMAX,311
USW00093765,2006-11-05,TMIN,28
USC00314689,2014-11-27,TMAX,128
USW00093765,2006-11-05,TMAX,161
USW00093719,2007-05-22,TMIN,167
USC00314689,2014-12-28,TMAX,194
USC00314689,2014-12-28,TMIN,78
USW00093765,2011-07-22,TMAX,328
USC00315830,2009-02-24,TMAX,128
USC00316676,2013-12-23,TMIN,194
USC00314689,2014-12-18,TMAX,161
USC00316676,2010-08-08,TMAX,311
USC00316676,2010-08-08,TMIN,228
USR0000NNWB,2014-06-02,TMAX,283
USR0000NNWB,2008-05-11,TMAX,244
USW00093719,2015-06-02,TMIN,200
USC00316676,2008-07-06,TMIN,211
USW00093719,2015-06-02,TMAX,311
USR0000NCRN,2010-03-11,TMIN,133
USC00315830,2005-10-18,TMAX,261
USR0000NCRN,2010-03-11,TMAX,194
USW00093743,2013-02-07,TMIN,78
USC00314144,2006-10-08,TMAX,261
USC00314144,2006-10-08,TMIN,139
USC00314689,2014-11-27,TMIN,17
USR0000NHOF,2013-02-07,TMAX,150
USR0000NHOF,2013-02-07,TMIN,39
USW00093743,2013-02-07,TMAX,161
USW00093765,2005-11-29,TMIN,178
USW00093765,2005-11-29,TMAX,228
USW00093743,2013-03-20,TMAX,144
USR0000NCRN,2014-07-05,TMAX,283
USW00093719,2009-04-04,TMAX,222
USW00093719,2009-04-04,TMIN,100
USW00013754,2014-09-02,TMAX,344
USW00013754,2014-09-02,TMIN,244
USW00093765,2005-04-16,TMIN,72
USR0000NCRN,2014-07-05,TMIN,161
USC00317170,2013-02-27,TMIN,89
USW00093765,2005-04-16,TMAX,133
USC00316676,2013-12-23,TMAX,272
USC00314689,2014-12-18,TMIN,11
USC00310356,2011-02-07,TMAX,150
USC00314144,2008-05-26,TMAX,256
USC00314144,2008-05-26,TMIN,67
USC00317170,2013-02-27,TMAX,194
USC00310356,2005-07-24,TMIN,244
USR0000NHOF,2013-03-20,TMIN,-6
USC00317170,2012-11-20,TMAX,144
USW00093743,2013-03-20,TMIN,22
USC00317170,2010-09-27,TMIN,217
USC00314144,2005-03-02,TMAX,100
USC00314144,2005-08-22,TMIN,200
USC00314144,2005-03-02,TMIN,-22
USC00314144,2005-08-22,TMAX,367
USC00314684,2007-04-05,TMIN,61
USW00093719,2007-05-22,TMAX,256
USC00315830,2006-01-19,TMIN,6
USC00315830,2006-01-19,TMAX,133
USR0000NNWB,2011-11-10,TMAX,228
USC00314684,2007-04-05,TMAX,300
USR0000NHOF,2013-03-20,TMAX,139
USC00317170,2012-11-20,TMIN,100
USC00317170,2010-09-27,TMAX,317
USC00314144,2006-08-11,TMAX,283
USC00310576,2009-08-03,TMAX,300
USC00310576,2009-08-03,TMIN,233
USR0000NHOF,2007-09-14,TMIN,189
USC00317170,2009-06-14,TMIN,194
USW00013754,2010-06-30,TMIN,222
USW00013754,2012-12-06,TMAX,122
USC00317170,2009-06-14,TMAX,311
USW00013754,2010-06-30,TMAX,306
USW00093719,2008-10-14,TMIN,106
USC00315830,2008-08-04,TMIN,233
USR0000NHOF,2007-09-14,TMAX,283
USR0000NHOF,2014-07-16,TMAX,267
USC00315830,2008-08-04,TMAX,306
USW00013754,2014-10-10,TMAX,278
USR0000NHOF,2014-07-16,TMIN,211
USW00013754,2014-10-10,TMIN,128
USC00314684,2012-01-14,TMIN,-39
USW00093719,2014-06-05,TMIN,217
USW00093743,2011-02-07,TMIN,28
USC00310356,2009-01-09,TMIN,11
USC00316096,2012-07-04,TMIN,261
USC00314144,2008-11-30,TMIN,89
USC00314144,2008-11-30,TMAX,194
USW00093719,2014-06-05,TMAX,339
USW00093743,2011-02-07,TMAX,106
USW00093719,2006-03-17,TMIN,50
USC00314144,2007-05-05,TMAX,239
USW00093719,2008-12-07,TMAX,78
USC00315830,2011-04-30,TMAX,244
USC00315830,2011-04-30,TMIN,139
USW00093719,2008-12-07,TMIN,-44
USC00314144,2008-01-10,TMIN,89
USC00314144,2008-01-10,TMAX,222
USC00314144,2007-05-05,TMIN,94
USW00093719,2006-03-17,TMAX,206
USC00310576,2011-07-29,TMIN,244
USC00317170,2015-02-24,TMAX,11
USC00310576,2012-07-14,TMIN,206
USC00310576,2012-07-14,TMAX,289
USC00316676,2012-12-26,TMAX,167
USC00316676,2012-12-26,TMIN,56
USC00315830,2008-08-19,TMIN,206
USR0000NNWB,2009-12-22,TMAX,106
USC00310576,2006-11-25,TMAX,167
USW00093743,2008-11-14,TMIN,183
USW00013754,2008-03-29,TMIN,67
USC00315830,2008-08-19,TMAX,300
USW00013754,2008-03-29,TMAX,178
USC00316096,2013-10-09,TMIN,161
USC00316096,2013-10-09,TMAX,189
USC00316676,2009-06-20,TMAX,317
USW00093743,2008-11-14,TMAX,217
USC00310356,2009-01-09,TMAX,139
USC00314689,2005-01-21,TMAX,100
USC00317170,2011-11-27,TMIN,61
USW00093743,2009-01-09,TMAX,94
USW00093743,2009-01-09,TMIN,-10
USC00314684,2012-01-14,TMAX,72
USC00315830,2015-02-11,TMAX,61
USW00093719,2008-10-14,TMAX,272
USR0000NNWB,2009-12-22,TMIN,-33
USC00314689,2005-01-21,TMIN,6
USC00315830,2015-02-11,TMIN,61
USW00013754,2011-05-26,TMIN,228
USC00310576,2011-07-29,TMAX,361
USC00314684,2005-12-16,TMIN,28
USC00314684,2005-12-16,TMAX,167
USC00310576,2006-11-25,TMIN,11
USC00317170,2011-11-27,TMAX,228
USW00013754,2011-05-26,TMAX,311
USR0000NNWB,2008-05-11,TMIN,128
USC00316096,2012-07-04,TMAX,322
USR0000NNWB,2014-10-10,TMAX,289
USW00093765,2013-02-27,TMAX,150
USC00314689,2009-06-17,TMIN,200
USR0000NNWB,2015-11-11,TMIN,94
USC00316676,2013-05-03,TMAX,217
USC00316676,2013-05-03,TMIN,133
USW00093765,2013-02-27,TMIN,106
USW00013754,2008-01-24,TMIN,17
USR0000NNWB,2015-11-11,TMAX,206
USR0000NHOF,2008-07-03,TMIN,128
USR0000NHOF,2012-08-24,TMIN,200
USW00093765,2006-02-19,TMIN,-21
USR0000NHOF,2012-08-24,TMAX,228
USR0000NCRN,2007-12-05,TMAX,139
USC00310576,2012-08-16,TMAX,311
USC00310576,2012-08-16,TMIN,200
USW00013754,2015-06-02,TMAX,311
USC00314144,2007-08-01,TMIN,161
USC00310356,2011-06-18,TMIN,228
USC00310356,2005-07-24,TMAX,333
USC00310356,2011-06-18,TMAX,289
USR0000NHOF,2007-10-16,TMIN,44
USC00316676,2011-08-27,TMAX,300
USC00310576,2014-06-23,TMAX,289
USR0000NHOF,2008-07-03,TMAX,306
USR0000NNWB,2014-09-02,TMAX,350
USC00316676,2009-12-03,TMAX,228
USR0000NHOF,2007-10-16,TMAX,272
USC00310576,2014-06-23,TMIN,167
USC00316676,2011-08-27,TMIN,239
USW00013754,2015-06-02,TMIN,200
USC00310576,2008-12-06,TMIN,6
USR0000NNWB,2014-09-02,TMIN,244
USC00314689,2009-06-17,TMAX,261
USW00013754,2008-01-24,TMAX,133
USR0000NNWB,2009-10-20,TMIN,22
USW00093743,2013-06-30,TMIN,228
USC00316096,2014-12-28,TMAX,211
USC00315830,2005-07-14,TMIN,217
USR0000NCRN,2005-09-08,TMAX,300
USC00314689,2013-10-09,TMIN,133
USC00310356,2015-01-08,TMAX,44
USW00093743,2013-06-30,TMAX,272
USR0000NCRN,2005-09-08,TMIN,194
USW00093719,2005-03-25,TMAX,183
USW00093719,2005-03-25,TMIN,78
USC00315830,2005-07-14,TMAX,283
USR0000NNWB,2009-10-20,TMAX,222
USR0000NNWB,2014-10-10,TMIN,133
USW00013754,2005-01-29,TMAX,83
USC00314689,2013-10-09,TMAX,156
USC00317170,2015-02-24,TMIN,-44
USC00310356,2013-06-30,TMIN,222
USC00315830,2012-02-01,TMAX,183
USC00310576,2012-10-04,TMAX,294
USC00310576,2012-10-04,TMIN,206
USW00093743,2011-08-05,TMAX,322
USW00093719,2011-10-11,TMAX,222
USW00093765,2006-02-19,TMAX,39
USC00314144,2007-08-01,TMAX,317
USC00310356,2013-06-30,TMAX,272
USC00310356,2015-01-08,TMIN,-89
USR0000NHOF,2008-11-14,TMAX,217
USC00316096,2014-11-27,TMIN,22
USC00316096,2014-11-27,TMAX,144
USW00093719,2011-10-11,TMIN,194
USC00316096,2014-12-28,TMIN,50
USC00315830,2012-02-01,TMIN,94
USR0000NHOF,2008-11-14,TMIN,172
USC00316676,2009-06-20,TMIN,228
USW00093719,2010-09-02,TMAX,283
USW00013754,2009-10-26,TMIN,133
USC00314684,2005-07-26,TMAX,322
USC00316676,2010-09-18,TMIN,200
USC00310576,2009-01-15,TMAX,83
USC00314689,2005-05-13,TMAX,328
USC00316676,2013-06-29,TMIN,222
USC00314689,2005-05-13,TMIN,150
USC00316676,2013-06-29,TMAX,317
USC00314684,2012-04-17,TMIN,156
USC00314684,2012-04-17,TMAX,294
USC00315830,2014-07-29,TMIN,206
USC00316096,2009-11-13,TMIN,117
USC00310576,2009-01-15,TMIN,6
USC00315830,2010-01-25,TMAX,206
USC00315830,2010-01-25,TMIN,150
USC00315830,2006-01-02,TMIN,33
USC00315830,2006-01-02,TMAX,178
USR0000NCRN,2013-05-04,TMAX,178
USC00314144,2010-04-17,TMIN,133
USC00314144,2010-04-17,TMAX,294
USW00093765,2011-03-08,TMAX,156
USC00316676,2005-11-12,TMAX,161
USC00310576,2012-05-18,TMIN,161
USC00315830,2014-07-29,TMAX,311
USC00314144,2005-02-14,TMIN,61
USC00315830,2006-06-23,TMAX,294
USR0000NCRN,2013-02-07,TMAX,156
USR0000NCRN,2013-02-07,TMIN,67
USC00317170,2013-01-22,TMIN,22
USC00310576,2012-05-18,TMAX,239
USR0000NCRN,2013-05-04,TMIN,122
USW00093719,2011-10-01,TMAX,200
USC00315830,2006-06-23,TMIN,222
USC00314144,2009-04-28,TMAX,272
USC00316096,2009-11-13,TMAX,161
USC00316676,2005-11-12,TMIN,-6
USC00314684,2011-05-31,TMAX,344
USR0000NNWB,2014-01-26,TMAX,122
USR0000NHOF,2012-10-04,TMIN,183
USR0000NHOF,2012-10-04,TMAX,294
USW00093765,2011-04-01,TMIN,94
USW00093765,2011-04-01,TMAX,139
USW00093719,2011-11-10,TMAX,228
USW00093719,2011-11-10,TMIN,100
USC00314684,2011-01-23,TMIN,-100
USR0000NCRN,2006-08-11,TMAX,278
USC00314684,2011-01-23,TMAX,-17
USR0000NCRN,2006-08-11,TMIN,228
USW00093743,2012-10-04,TMIN,206
USW00093743,2012-10-04,TMAX,283
USW00093719,2007-03-17,TMIN,22
USC00314144,2005-02-14,TMAX,200
USC00314144,2009-03-03,TMAX,11
USC00314684,2005-07-26,TMIN,217
USC00317170,2013-01-22,TMAX,111
USR0000NCRN,2013-03-20,TMAX,139
USC00314684,2011-05-31,TMIN,200
USR0000NHOF,2005-07-24,TMIN,172
USR0000NCRN,2013-03-20,TMIN,11
USC00316676,2010-09-18,TMAX,306
USR0000NNWB,2014-01-26,TMIN,-33
USW00093719,2007-03-17,TMAX,89
USR0000NHOF,2005-07-24,TMAX,300
USC00310356,2012-10-04,TMIN,233
USR0000NHOF,2006-08-27,TMAX,294
USR0000NHOF,2006-08-27,TMIN,172
USC00314144,2009-03-03,TMIN,-94
USC00310356,2012-10-04,TMAX,278
USC00317170,2012-01-24,TMIN,156
USC00314144,2009-04-28,TMIN,67
USC00310576,2015-10-23,TMAX,261
USC00316676,2006-07-18,TMAX,328
USC00316676,2006-07-18,TMIN,211
USR0000NCRN,2006-05-23,TMAX,256
USR0000NCRN,2006-05-23,TMIN,128
USC00314689,2011-07-18,TMIN,183
USC00314144,2007-02-14,TMIN,-6
USC00310576,2014-11-11,TMIN,56
USC00314689,2007-10-24,TMIN,239
USC00310576,2015-08-06,TMIN,222
USC00314689,2007-10-24,TMAX,311
USC00315830,2014-04-11,TMAX,228
USC00314144,2007-02-14,TMAX,150
USC00314684,2014-10-10,TMAX,250
USC00314684,2014-10-10,TMIN,111
USC00310576,2014-11-11,TMAX,211
USW00013754,2014-03-12,TMAX,206
USW00013754,2014-03-12,TMIN,106
USC00315830,2005-10-08,TMIN,233
USW00093719,2008-03-03,TMAX,217
USR0000NCRN,2008-10-27,TMIN,44
USR0000NNWB,2009-04-04,TMAX,233
USR0000NNWB,2009-04-04,TMIN,94
USR0000NCRN,2007-11-08,TMAX,139
USC00315830,2014-04-11,TMIN,72
USW00093719,2009-10-20,TMIN,17
USW00013754,2009-01-03,TMIN,6
USW00013754,2009-01-03,TMAX,150
USW00093719,2009-10-20,TMAX,206
USC00310576,2009-05-05,TMAX,283
USC00317170,2010-08-29,TMAX,317
USR0000NNWB,2005-03-21,TMIN,72
USR0000NCRN,2008-10-27,TMAX,222
USW00093719,2015-07-18,TMIN,206
USR0000NNWB,2005-03-21,TMAX,194
USC00310576,2009-05-05,TMIN,172
USC00310576,2012-06-01,TMAX,328
USC00310576,2012-06-01,TMIN,189
USW00093743,2013-08-22,TMIN,233
USW00093765,2011-03-08,TMIN,33
USW00093743,2013-08-22,TMAX,306
USW00093719,2011-10-01,TMIN,106
USC00314689,2011-07-18,TMAX,317
USC00310576,2015-10-23,TMIN,89
USC00310356,2006-12-10,TMIN,-33
USC00317170,2012-01-24,TMAX,217
USC00310356,2013-08-22,TMIN,228
USC00310356,2013-08-22,TMAX,306
USW00093765,2009-01-31,TMAX,83
USW00093765,2009-01-31,TMIN,-27
USC00310356,2006-12-10,TMAX,111
USC00314684,2008-09-17,TMIN,178
USC00314684,2011-02-08,TMIN,6
USW00093765,2014-02-09,TMAX,111
USC00316676,2015-04-18,TMAX,250
USC00310576,2015-08-06,TMAX,339
USC00314684,2011-02-08,TMAX,100
USC00316676,2014-05-12,TMAX,283
USW00093765,2015-06-02,TMIN,228
USW00093765,2015-06-02,TMAX,278
USW00093765,2014-02-09,TMIN,0
USC00315830,2011-01-20,TMIN,39
USC00316676,2015-04-18,TMIN,178
USC00315830,2011-01-20,TMAX,117
USR0000NNWB,2010-07-13,TMAX,333
USR0000NNWB,2010-07-13,TMIN,244
USW00093719,2015-07-18,TMAX,333
USC00316676,2014-05-12,TMIN,189
USR0000NCRN,2007-11-08,TMIN,11
USC00314684,2008-09-17,TMAX,256
USC00314144,2011-04-07,TMAX,250
USC00310576,2011-02-16,TMIN,-6
USC00314689,2012-04-17,TMIN,167
USC00314689,2012-04-17,TMAX,294
USC00310576,2007-05-31,TMIN,133
USC00316096,2011-07-18,TMIN,167
USC00316676,2008-07-06,TMAX,306
USC00310576,2012-11-09,TMAX,144
USR0000NNWB,2015-07-18,TMIN,211
USR0000NNWB,2015-04-07,TMAX,267
USR0000NNWB,2011-09-19,TMIN,178
USW00013754,2015-11-11,TMIN,89
USW00013754,2015-11-11,TMAX,206
USR0000NNWB,2011-09-19,TMAX,272
USC00316676,2011-10-25,TMAX,217
USC00314684,2015-01-15,TMIN,-6
USR0000NHOF,2010-02-19,TMIN,-39
USR0000NHOF,2010-02-19,TMAX,133
USC00316676,2010-12-28,TMAX,33
USR0000NCRN,2008-04-19,TMAX,261
USW00093765,2013-11-12,TMAX,200
USW00093765,2013-11-12,TMIN,28
USC00315830,2014-05-30,TMAX,261
USC00310576,2006-09-11,TMAX,239
USC00315830,2014-05-30,TMIN,189
USC00316096,2011-07-18,TMAX,306
USC00310576,2006-09-11,TMIN,189
USC00310576,2007-09-06,TMAX,322
USW00093719,2010-09-02,TMIN,178
USW00013754,2014-01-26,TMIN,-27
USC00316676,2010-12-28,TMIN,-50
USW00013754,2014-01-26,TMAX,111
USC00310576,2007-09-06,TMIN,167
USR0000NCRN,2008-04-19,TMIN,111
USR0000NNWB,2015-07-18,TMAX,344
USC00316676,2011-10-25,TMIN,78
USR0000NCRN,2008-07-28,TMIN,233
USW00093765,2005-04-30,TMIN,178
USC00310576,2012-11-09,TMIN,6
USR0000NCRN,2015-10-15,TMAX,250
USR0000NCRN,2015-10-15,TMIN,89
USC00316676,2011-09-13,TMIN,167
USC00316676,2011-09-13,TMAX,311
USW00093765,2005-04-30,TMAX,222
USW00013754,2010-05-24,TMIN,194
USC00315830,2008-03-10,TMAX,144
USW00013754,2010-05-24,TMAX,272
USW00093743,2011-08-05,TMIN,256
USW00013754,2009-10-26,TMAX,178
USC00310576,2010-01-02,TMAX,100
USC00310576,2010-01-02,TMIN,11
USC00315830,2008-03-10,TMIN,11
USR0000NNWB,2014-12-23,TMIN,56
USR0000NHOF,2011-06-18,TMAX,333
USC00310356,2013-02-07,TMIN,78
USR0000NCRN,2008-07-28,TMAX,350
USW00093765,2012-03-25,TMIN,167
USW00093765,2012-03-25,TMAX,244
USC00310576,2007-05-31,TMAX,283
USC00314684,2015-01-15,TMAX,17
USC00315830,2013-10-28,TMAX,233
USR0000NHOF,2011-06-18,TMIN,217
USC00314684,2005-06-24,TMAX,311
USC00310356,2013-02-07,TMAX,189
USC00315830,2013-10-28,TMIN,100
USC00314689,2006-04-23,TMIN,161
USW00093765,2009-10-07,TMAX,267
USC00314684,2005-06-24,TMIN,172
USW00093765,2009-10-07,TMIN,178
USC00314689,2006-04-23,TMAX,272
USR0000NNWB,2015-04-07,TMIN,128
USR0000NCRN,2013-08-22,TMAX,294
USW00093765,2014-10-10,TMAX,256
USR0000NHOF,2006-12-10,TMIN,-94
USR0000NHOF,2015-05-10,TMAX,244
USR0000NCRN,2011-04-13,TMAX,194
USR0000NCRN,2011-04-13,TMIN,106
USC00314689,2009-01-24,TMAX,150
USR0000NHOF,2006-12-10,TMAX,139
USC00310356,2015-05-10,TMIN,211
USC00310356,2015-05-10,TMAX,267
USC00310356,2015-09-22,TMIN,211
USC00310356,2015-09-22,TMAX,289
USC00317170,2014-10-10,TMAX,272
USC00317170,2014-10-10,TMIN,122
USR0000NNWB,2014-12-23,TMAX,122
USC00314684,2009-11-09,TMIN,-17
USC00315830,2007-01-31,TMAX,94
USC00315830,2007-01-31,TMIN,0
USC00314684,2009-11-09,TMAX,244
USW00093765,2008-02-23,TMIN,89
USW00093765,2008-02-23,TMAX,178
USC00310576,2011-02-16,TMAX,144
USC00314144,2011-04-07,TMIN,72
USC00315830,2014-06-12,TMIN,217
USR0000NNWB,2010-05-24,TMIN,189
USR0000NHOF,2015-05-10,TMIN,189
USR0000NNWB,2010-05-24,TMAX,272
USC00314144,2006-05-23,TMIN,100
USC00314144,2006-05-23,TMAX,267
USC00314144,2007-12-23,TMIN,111
USC00317170,2014-02-09,TMAX,122
USC00317170,2014-02-09,TMIN,-11
USC00315830,2014-06-12,TMAX,289
USC00314144,2007-12-23,TMAX,233
USW00093719,2005-09-28,TMIN,167
USW00093719,2005-09-28,TMAX,267
USC00314689,2009-01-24,TMIN,83
USC00315830,2014-01-12,TMAX,183
USC00315830,2014-01-12,TMIN,100
USR0000NHOF,2015-09-22,TMAX,289
USR0000NHOF,2015-09-22,TMIN,200
USW00093743,2010-02-19,TMAX,139
USW00093743,2010-02-19,TMIN,0
USR0000NNWB,2008-03-29,TMAX,172
USC00314689,2005-12-16,TMIN,44
USC00316096,2012-04-17,TMAX,272
USC00316096,2012-04-17,TMIN,172
USR0000NCRN,2013-08-22,TMIN,200
USC00314684,2009-06-27,TMIN,194
USC00314684,2009-06-27,TMAX,339
USW00093765,2014-10-10,TMIN,133
USC00314689,2005-12-16,TMAX,167
USR0000NNWB,2014-06-02,TMIN,100
USR0000NNWB,2008-03-29,TMIN,67
USR0000NCRN,2005-11-24,TMAX,200
USW00013754,2011-05-15,TMAX,272
USC00314144,2008-02-21,TMAX,106
USW00013754,2011-05-15,TMIN,200
USR0000NCRN,2005-03-05,TMIN,33
USC00310356,2010-02-19,TMAX,106
USC00310356,2010-02-19,TMIN,6
USR0000NCRN,2005-11-24,TMIN,94
USC00310356,2012-01-06,TMIN,39
USR0000NCRN,2005-03-05,TMAX,194
USC00315830,2006-12-27,TMAX,156
USC00315830,2006-12-27,TMIN,44
USR0000NNWB,2009-08-10,TMIN,233
USC00314144,2008-02-21,TMIN,6
USR0000NNWB,2009-08-10,TMAX,361
USC00310356,2012-01-06,TMAX,133
USR0000NHOF,2009-03-25,TMAX,133
USR0000NCRN,2015-06-28,TMAX,294
USC00310576,2007-07-29,TMAX,306
USC00310356,2010-01-25,TMIN,133
USC00317170,2009-06-27,TMAX,322
USC00315830,2012-10-04,TMIN,233
USC00310576,2013-11-29,TMAX,83
USC00310576,2013-11-29,TMIN,0
USR0000NCRN,2015-12-02,TMAX,233
USC00315830,2012-10-04,TMAX,289
USC00317170,2009-06-27,TMIN,217
USC00316096,2011-10-18,TMAX,267
USW00093743,2010-01-25,TMAX,189
USW00093743,2010-01-25,TMIN,111
USC00314684,2011-09-26,TMIN,194
USW00093719,2012-11-20,TMIN,100
USC00314689,2013-01-09,TMAX,217
USW00093743,2009-02-07,TMAX,128
USW00093765,2013-05-03,TMAX,211
USW00093765,2013-05-03,TMIN,139
USR0000NHOF,2010-01-25,TMAX,189
USC00314684,2013-11-12,TMAX,156
USC00314684,2013-11-12,TMIN,0
USC00316676,2008-03-16,TMIN,106
USC00314689,2013-01-09,TMIN,39
USR0000NNWB,2011-05-26,TMAX,344
USW00093719,2012-11-20,TMAX,144
USR0000NNWB,2011-05-26,TMIN,211
USR0000NHOF,2015-08-06,TMIN,222
USR0000NHOF,2015-08-06,TMAX,350
USC00316096,2011-10-18,TMIN,183
USW00013754,2014-01-12,TMAX,144
USW00013754,2014-01-12,TMIN,17
USW00093743,2009-02-07,TMIN,-10
USR0000NCRN,2015-12-02,TMIN,150
USC00314689,2007-05-25,TMIN,122
USC00310356,2010-01-25,TMAX,172
USW00093719,2013-02-27,TMIN,83
USR0000NNWB,2014-01-12,TMIN,28
USR0000NCRN,2008-09-04,TMAX,311
USC00314144,2008-10-08,TMIN,56
USC00317170,2014-09-02,TMIN,239
USC00317170,2014-09-02,TMAX,356
USR0000NCRN,2008-09-04,TMIN,172
USR0000NCRN,2012-05-18,TMAX,217
USC00314144,2008-10-08,TMAX,250
USR0000NCRN,2012-05-18,TMIN,161
USR0000NNWB,2014-01-12,TMAX,150
USC00314144,2008-01-17,TMIN,22
USC00314689,2008-02-15,TMAX,156
USC00314689,2008-02-15,TMIN,28
USR0000NHOF,2008-12-21,TMAX,189
USC00314144,2008-01-17,TMAX,133
USW00093765,2013-10-09,TMAX,194
USW00093765,2013-10-09,TMIN,167
USR0000NNWB,2005-02-20,TMAX,156
USW00093719,2010-08-23,TMAX,306
USR0000NNWB,2005-02-20,TMIN,6
USW00093719,2006-01-02,TMAX,178
USW00093719,2006-01-02,TMIN,17
USC00314144,2005-03-05,TMIN,67
USW00093719,2010-08-23,TMIN,233
USR0000NNWB,2011-04-20,TMAX,322
USC00314144,2005-03-05,TMAX,189
USW00093719,2013-02-27,TMAX,178
USR0000NCRN,2007-12-23,TMAX,228
USW00093765,2014-04-11,TMAX,222
USW00093765,2014-04-11,TMIN,150
USR0000NCRN,2007-12-23,TMIN,111
USR0000NNWB,2011-04-20,TMIN,178
USC00314689,2006-12-15,TMAX,189
USC00316676,2008-03-16,TMAX,250
USR0000NHOF,2010-01-25,TMIN,100
USR0000NHOF,2010-11-26,TMAX,228
USW00013754,2013-12-14,TMIN,0
USW00013754,2013-12-14,TMAX,200
USC00315830,2006-10-22,TMAX,217
USC00315830,2006-10-22,TMIN,150
USW00093743,2008-05-26,TMIN,122
USW00093743,2008-05-26,TMAX,250
USC00317170,2009-04-04,TMIN,89
USC00317170,2009-04-04,TMAX,239
USC00314684,2014-12-28,TMAX,172
USR0000NNWB,2014-07-29,TMIN,194
USR0000NNWB,2014-07-29,TMAX,300
USC00310356,2008-05-26,TMIN,144
USC00310356,2008-05-26,TMAX,267
USR0000NNWB,2012-12-06,TMIN,78
USR0000NNWB,2012-12-06,TMAX,122
USC00314684,2014-12-28,TMIN,-11
USC00315830,2015-06-02,TMIN,217
USC00315830,2015-06-02,TMAX,278
USR0000NHOF,2006-01-27,TMAX,106
USC00317170,2009-01-31,TMAX,89
USC00317170,2009-01-31,TMIN,-11
USC00315830,2015-12-23,TMAX,228
USC00310356,2007-03-13,TMIN,122
USC00310576,2007-01-31,TMIN,11
USC00315830,2011-06-27,TMAX,300
USC00315830,2011-06-27,TMIN,261
USW00013754,2009-08-25,TMIN,206
USW00013754,2009-08-25,TMAX,300
USC00317170,2011-04-01,TMAX,144
USC00317170,2011-04-01,TMIN,89
USC00310576,2007-01-31,TMAX,106
USW00093765,2014-09-02,TMAX,311
USC00310356,2007-03-13,TMAX,200
USR0000NHOF,2010-11-26,TMIN,144
USW00093765,2008-09-17,TMIN,183
USW00093765,2008-09-17,TMAX,244
USC00316676,2009-05-20,TMIN,111
USC00315830,2008-04-13,TMIN,150
USR0000NHOF,2008-05-26,TMIN,67
USC00316676,2009-05-20,TMAX,194
USR0000NHOF,2008-05-26,TMAX,256
USC00314689,2007-05-25,TMAX,283
USR0000NHOF,2005-11-24,TMAX,194
USR0000NHOF,2005-11-24,TMIN,89
USC00316096,2009-10-07,TMAX,289
USW00093765,2005-01-24,TMIN,-67
USC00314684,2011-09-26,TMAX,250
USC00316096,2009-10-07,TMIN,150
USC00317170,2010-12-01,TMAX,206
USW00093719,2010-10-11,TMIN,156
USC00314689,2007-09-09,TMAX,311
USC00314689,2007-09-09,TMIN,211
USC00317170,2010-12-01,TMIN,128
USW00093765,2014-09-02,TMIN,272
USC00317170,2013-10-09,TMIN,156
USC00317170,2013-10-09,TMAX,183
USW00093765,2005-01-24,TMAX,56
USW00093765,2006-06-23,TMAX,289
USC00310576,2010-09-12,TMIN,150
USW00093765,2006-06-23,TMIN,217
USC00314684,2015-10-03,TMIN,161
USR0000NHOF,2006-01-27,TMIN,-94
USC00314684,2015-10-03,TMAX,200
USC00317170,2013-05-03,TMIN,122
USC00317170,2013-05-03,TMAX,217
USC00315830,2008-04-13,TMAX,228
USC00310576,2010-09-12,TMAX,256
USW00093719,2010-10-11,TMAX,294
USR0000NHOF,2014-03-12,TMIN,83
USR0000NHOF,2014-03-12,TMAX,244
USR0000NNWB,2005-04-16,TMIN,50
USC00314144,2005-02-27,TMAX,100
USC00317170,2014-04-11,TMIN,100
USC00317170,2014-04-11,TMAX,278
USC00314689,2006-02-03,TMIN,150
USC00310576,2012-02-21,TMAX,117
USC00314689,2011-11-27,TMIN,72
USC00317170,2009-01-26,TMAX,83
USC00317170,2009-01-26,TMIN,39
USC00314144,2005-02-27,TMIN,-11
USC00314689,2011-11-27,TMAX,217
USC00314684,2008-07-20,TMIN,228
USW00013754,2013-06-30,TMIN,228
USC00314684,2008-07-20,TMAX,322
USW00013754,2013-06-30,TMAX,278
USC00310576,2009-11-20,TMAX,239
USR0000NCRN,2007-07-05,TMIN,239
USC00316096,2013-01-09,TMIN,44
USC00310576,2009-04-23,TMIN,61
USW00093719,2015-11-11,TMIN,89
USC00310576,2009-04-23,TMAX,189
USC00314689,2008-04-04,TMAX,222
USC00310576,2010-03-29,TMIN,67
USR0000NNWB,2005-04-16,TMAX,167
USC00310576,2010-03-29,TMAX,233
USW00093719,2014-07-29,TMAX,300
USR0000NNWB,2011-03-30,TMAX,122
USW00093719,2014-07-29,TMIN,206
USR0000NCRN,2007-07-05,TMAX,289
USC00314684,2006-02-09,TMAX,100
USC00315830,2008-06-08,TMAX,311
USC00315830,2008-06-08,TMIN,228
USC00310576,2012-02-21,TMIN,6
USR0000NNWB,2007-10-17,TMAX,289
USC00316676,2009-09-24,TMIN,189
USC00314689,2011-05-22,TMAX,311
USR0000NNWB,2011-10-01,TMIN,89
USR0000NNWB,2013-05-03,TMIN,122
USR0000NNWB,2013-05-03,TMAX,222
USR0000NHOF,2008-12-07,TMIN,-72
USR0000NNWB,2012-03-25,TMIN,144
USR0000NNWB,2015-04-29,TMAX,217
USC00314689,2012-10-28,TMIN,144
USR0000NHOF,2012-09-10,TMIN,117
USR0000NHOF,2012-09-10,TMAX,256
USW00093765,2015-08-25,TMIN,211
USW00093765,2015-08-25,TMAX,289
USR0000NCRN,2010-01-25,TMIN,111
USC00314689,2012-10-28,TMAX,183
USR0000NNWB,2012-03-25,TMAX,228
USC00314684,2011-02-02,TMIN,6
USR0000NNWB,2015-04-29,TMIN,94
USC00310356,2008-04-19,TMIN,144
USC00314689,2006-02-03,TMAX,194
USC00314684,2006-02-09,TMIN,-28
USR0000NNWB,2012-11-20,TMIN,94
USC00316676,2009-09-24,TMAX,272
USC00316096,2013-01-09,TMAX,211
USC00315830,2011-11-10,TMIN,150
USC00314689,2011-05-22,TMIN,156
USC00314684,2014-05-22,TMIN,167
USC00310576,2009-11-20,TMIN,150
USC00314684,2014-05-22,TMAX,306
USW00013754,2015-01-02,TMAX,156
USR0000NNWB,2012-11-20,TMAX,133
USR0000NNWB,2007-10-17,TMIN,172
USC00310356,2008-04-19,TMAX,206
USC00315830,2011-11-10,TMAX,233
USC00314684,2011-07-18,TMAX,322
USC00314684,2007-02-19,TMAX,89
USC00314684,2011-02-02,TMAX,183
USC00316676,2006-03-27,TMIN,-17
USC00316676,2007-10-06,TMIN,228
USC00316676,2006-03-27,TMAX,128
USC00310356,2015-08-06,TMIN,244
USW00013754,2005-03-21,TMIN,72
USC00316676,2012-12-02,TMAX,194
USC00316676,2012-12-02,TMIN,17
USC00314689,2006-07-18,TMAX,356
USC00310356,2007-08-23,TMAX,322
USW00093765,2010-12-10,TMIN,-21
USC00314689,2006-07-18,TMIN,228
USC00314689,2005-05-19,TMIN,139
USC00314689,2009-10-07,TMIN,83
USW00093765,2010-12-10,TMAX,128
USC00314684,2006-11-05,TMIN,-22
USC00316676,2006-04-23,TMIN,167
USC00316676,2006-04-23,TMAX,278
USC00315830,2010-06-04,TMAX,289
USC00315830,2010-06-04,TMIN,239
USC00316096,2011-11-27,TMAX,222
USC00315830,2009-05-26,TMAX,267
USC00314689,2006-05-22,TMIN,167
USC00316096,2011-11-27,TMIN,50
USC00310356,2015-08-06,TMAX,300
USC00314689,2006-05-22,TMAX,283
USC00314689,2005-05-19,TMAX,278
USC00310356,2014-03-12,TMIN,111
USC00314689,2009-10-07,TMAX,300
USR0000NCRN,2010-11-18,TMAX,178
USR0000NCRN,2010-11-18,TMIN,22
USC00314684,2006-11-05,TMAX,117
USC00315830,2009-05-26,TMIN,217
USC00316676,2006-09-24,TMAX,289
USC00310356,2014-03-12,TMAX,150
USC00316676,2006-09-24,TMIN,228
USR0000NHOF,2006-03-09,TMAX,211
USC00310576,2013-01-16,TMIN,117
USC00310576,2005-02-02,TMIN,0
USC00315830,2010-12-07,TMAX,44
USC00310576,2005-02-02,TMAX,106
USW00093719,2015-11-11,TMAX,200
USC00310356,2009-02-07,TMAX,133
USC00310356,2007-08-23,TMIN,228
USC00310576,2005-09-08,TMAX,289
USC00310576,2005-09-08,TMIN,194
USW00013754,2013-09-15,TMAX,272
USC00316676,2008-04-29,TMAX,289
USC00316676,2008-04-29,TMIN,122
USW00013754,2013-09-15,TMIN,189
USR0000NNWB,2011-03-30,TMIN,72
USC00314689,2008-04-04,TMIN,106
USC00310356,2009-02-07,TMIN,-50
USW00093719,2013-05-03,TMIN,128
USC00310576,2013-01-16,TMAX,144
USC00314144,2009-06-04,TMAX,289
USC00314144,2009-06-04,TMIN,167
USC00310576,2011-04-27,TMIN,183
USR0000NCRN,2008-02-08,TMIN,50
USR0000NCRN,2008-02-08,TMAX,200
USW00093719,2013-05-03,TMAX,222
USC00310576,2011-04-27,TMAX,272
USC00314684,2007-02-19,TMIN,-67
USC00315830,2010-12-07,TMIN,-56
USC00314689,2005-04-30,TMAX,261
USC00314689,2005-04-30,TMIN,172
USR0000NHOF,2006-03-09,TMIN,0
USW00013754,2005-03-21,TMAX,178
USC00316676,2007-10-06,TMAX,294
USR0000NCRN,2015-06-28,TMIN,222
USC00314684,2011-07-18,TMIN,150
USR0000NCRN,2010-11-22,TMAX,200
USC00314684,2009-10-07,TMAX,217
USW00093765,2014-01-01,TMIN,22
USR0000NNWB,2009-08-25,TMAX,322
USC00310356,2005-09-08,TMIN,222
USC00314144,2010-06-12,TMAX,322
USC00310356,2005-09-08,TMAX,306
USC00314144,2010-06-12,TMIN,167
USC00314684,2015-10-30,TMAX,261
USC00314684,2015-10-30,TMIN,111
USR0000NNWB,2009-08-25,TMIN,206
USR0000NHOF,2012-05-18,TMAX,200
USR0000NHOF,2012-05-18,TMIN,144
USC00314684,2013-10-09,TMAX,156
USC00314684,2013-10-09,TMIN,133
USR0000NNWB,2009-10-26,TMIN,122
USR0000NNWB,2006-11-20,TMIN,50
USR0000NNWB,2006-11-20,TMAX,128
USC00314144,2008-07-28,TMIN,211
USC00314144,2008-07-28,TMAX,333
USC00316096,2015-10-03,TMIN,211
USC00316096,2015-10-03,TMAX,289
USR0000NNWB,2011-05-15,TMAX,272
USR0000NNWB,2011-05-15,TMIN,183
USC00314684,2009-10-07,TMIN,167
USR0000NCRN,2008-12-24,TMAX,261
USW00093765,2009-11-30,TMIN,122
USR0000NNWB,2009-10-26,TMAX,167
USW00093719,2015-04-29,TMAX,211
USC00314684,2011-12-17,TMIN,61
USC00314689,2011-10-18,TMIN,156
USC00314689,2011-10-18,TMAX,300
USR0000NCRN,2008-12-24,TMIN,44
USR0000NNWB,2014-04-11,TMIN,122
USC00310356,2010-11-26,TMAX,206
USC00310576,2011-02-01,TMIN,44
USW00093719,2007-06-17,TMAX,311
USC00314684,2015-09-05,TMIN,200
USW00093719,2007-06-17,TMIN,172
USW00093719,2007-11-30,TMIN,17
USC00315830,2012-08-08,TMIN,239
USW00013754,2009-10-20,TMAX,194
USC00316676,2012-04-17,TMIN,139
USC00316676,2012-04-17,TMAX,289
USC00315830,2012-08-08,TMAX,289
USR0000NCRN,2008-10-03,TMAX,250
USC00310356,2012-05-18,TMAX,261
USR0000NCRN,2008-04-08,TMIN,94
USR0000NCRN,2008-04-08,TMAX,194
USR0000NHOF,2007-03-13,TMIN,6
USC00310356,2012-05-18,TMIN,172
USR0000NHOF,2005-09-08,TMIN,150
USR0000NCRN,2008-10-03,TMIN,83
USW00013754,2009-10-20,TMIN,22
USC00314689,2010-07-08,TMIN,228
USW00093743,2012-05-18,TMIN,161
USW00093743,2012-05-18,TMAX,211
USC00314684,2015-09-05,TMAX,339
USR0000NCRN,2012-03-16,TMAX,233
USC00310356,2010-11-26,TMIN,156
USC00310576,2013-03-20,TMAX,206
USC00310356,2008-07-03,TMIN,211
USC00310356,2008-07-03,TMAX,289
USC00310576,2013-03-20,TMIN,72
USR0000NHOF,2005-09-08,TMAX,289
USR0000NCRN,2012-03-16,TMIN,167
USW00093765,2014-01-01,TMAX,128
USC00314689,2010-07-08,TMAX,378
USR0000NNWB,2014-04-11,TMAX,272
USC00314684,2009-09-07,TMIN,183
USW00093743,2008-07-03,TMAX,250
USR0000NHOF,2009-01-09,TMAX,89
USC00310576,2012-09-10,TMIN,144
USW00093765,2010-04-22,TMAX,206
USC00316676,2006-05-22,TMAX,283
USC00316676,2006-05-22,TMIN,178
USC00310356,2014-07-16,TMAX,300
USR0000NCRN,2008-05-26,TMIN,111
USR0000NCRN,2008-05-26,TMAX,261
USC00314144,2011-04-13,TMAX,217
USR0000NCRN,2007-11-16,TMIN,0
USR0000NCRN,2007-11-16,TMAX,122
USW00093719,2014-09-02,TMIN,250
USC00314144,2011-04-13,TMIN,78
USC00314684,2005-05-25,TMAX,250
USW00093719,2014-09-02,TMAX,356
USC00314684,2005-05-25,TMIN,117
USC00310356,2014-07-16,TMIN,233
USC00310576,2007-07-29,TMIN,206
USC00314689,2015-10-03,TMIN,161
USC00314689,2015-10-03,TMAX,289
USC00310356,2011-08-05,TMIN,239
USW00093719,2007-08-08,TMAX,372
USW00013754,2012-12-06,TMIN,83
USR0000NHOF,2009-01-09,TMIN,-56
USC00314144,2010-03-11,TMIN,133
USC00310356,2008-11-14,TMAX,239
USC00314144,2010-03-11,TMAX,189
USW00093719,2007-08-08,TMIN,272
USR0000NCRN,2011-03-12,TMIN,6
USW00013754,2014-04-11,TMAX,261
USW00013754,2014-04-11,TMIN,117
USC00310356,2008-11-14,TMIN,183
USC00310576,2012-09-10,TMAX,261
USC00314684,2014-02-09,TMAX,83
USC00310576,2010-01-25,TMIN,78
USC00310576,2012-06-15,TMAX,250
USC00310576,2011-02-01,TMAX,94
USC00310356,2011-08-05,TMAX,306
USW00093719,2015-04-29,TMIN,94
USC00310576,2013-06-30,TMAX,283
USW00013754,2005-10-28,TMIN,89
USR0000NCRN,2005-06-07,TMAX,294
USC00310576,2013-06-30,TMIN,228
USR0000NCRN,2007-02-14,TMAX,111
USW00093743,2008-07-03,TMIN,150
USW00093719,2010-07-13,TMAX,328
USW00093719,2010-07-13,TMIN,233
USW00013754,2005-10-28,TMAX,133
USC00314684,2009-09-07,TMAX,283
USR0000NCRN,2011-03-12,TMAX,144
USR0000NHOF,2007-03-13,TMAX,239
USC00310576,2012-06-15,TMIN,156
USC00310576,2010-02-19,TMIN,0
USC00314684,2014-02-09,TMIN,-33
USW00093719,2012-03-02,TMAX,200
USC00310576,2010-01-25,TMAX,211
USW00093719,2012-03-02,TMIN,122
USR0000NCRN,2005-06-07,TMIN,222
USW00093765,2010-04-22,TMIN,122
USW00013754,2005-09-28,TMAX,261
USR0000NNWB,2006-06-23,TMAX,328
USW00093765,2009-11-30,TMAX,194
USC00310576,2010-06-19,TMIN,222
USC00310576,2010-06-19,TMAX,311
USC00314684,2011-12-17,TMAX,228
USW00013754,2005-09-28,TMIN,172
USC00310576,2010-02-19,TMAX,122
USR0000NNWB,2006-06-23,TMIN,222
USW00093719,2007-11-30,TMAX,139
USR0000NHOF,2011-08-19,TMIN,183
USR0000NHOF,2011-08-19,TMAX,322
USC00314144,2006-09-04,TMIN,200
USC00314684,2011-11-27,TMIN,-17
USW00093765,2009-08-20,TMIN,261
USC00314684,2011-11-27,TMAX,244
USR0000NHOF,2015-10-15,TMAX,261
USW00093765,2009-08-20,TMAX,306
USC00314144,2005-12-05,TMIN,83
USW00093719,2005-10-31,TMIN,17
USC00310356,2005-11-24,TMAX,144
USC00315830,2015-11-25,TMAX,128
USR0000NNWB,2010-06-30,TMIN,222
USC00316676,2014-08-15,TMAX,278
USC00316676,2014-08-15,TMIN,156
USR0000NHOF,2015-06-28,TMIN,189
USW00093719,2005-10-31,TMAX,222
USC00314684,2014-11-27,TMAX,139
USR0000NHOF,2015-06-28,TMAX,306
USW00013754,2014-07-29,TMAX,294
USC00314684,2013-05-03,TMIN,106
USC00314684,2013-05-03,TMAX,211
USC00316676,2008-01-30,TMAX,194
USC00316676,2008-01-30,TMIN,33
USW00013754,2011-04-20,TMAX,289
USR0000NHOF,2015-10-15,TMIN,72
USW00013754,2011-04-20,TMIN,189
USW00013754,2014-07-29,TMIN,211
USC00316676,2015-12-08,TMIN,89
USW00093765,2015-02-24,TMAX,0
USC00314144,2005-12-05,TMAX,200
USC00314684,2014-11-27,TMIN,11
USR0000NNWB,2010-06-30,TMAX,300
USC00316676,2015-12-08,TMAX,117
USC00314689,2014-02-09,TMAX,122
USR0000NCRN,2011-04-07,TMAX,217
USC00314144,2006-09-04,TMAX,317
USC00310576,2010-07-26,TMAX,356
USC00314684,2009-11-13,TMIN,89
USC00310576,2010-07-26,TMIN,261
USC00314684,2009-11-13,TMAX,122
USR0000NCRN,2011-04-07,TMIN,128
USR0000NHOF,2009-02-07,TMIN,-39
USC00310356,2011-08-19,TMAX,294
USR0000NHOF,2009-02-07,TMAX,194
USR0000NCRN,2007-05-05,TMIN,139
USW00093719,2008-06-20,TMIN,156
USW00093719,2008-06-20,TMAX,317
USC00315830,2013-06-30,TMAX,283
USC00315830,2013-06-30,TMIN,228
USR0000NCRN,2010-11-22,TMIN,56
USR0000NCRN,2007-05-05,TMAX,250
USW00093765,2015-02-24,TMIN,-27
USC00310356,2011-08-19,TMIN,239
USC00314689,2008-10-17,TMAX,294
USC00315830,2015-11-25,TMIN,0
USC00314144,2009-02-19,TMAX,178
USC00316096,2014-05-22,TMIN,200
USC00310576,2007-11-28,TMAX,222
USC00310576,2007-11-28,TMIN,33
USR0000NCRN,2006-10-08,TMAX,244
USC00314689,2008-10-17,TMIN,194
USC00310576,2015-05-10,TMAX,267
USC00315830,2014-10-10,TMIN,144
USC00315830,2014-10-10,TMAX,244
USR0000NCRN,2006-10-08,TMIN,172
USC00314689,2014-02-09,TMIN,-28
USC00310576,2015-05-10,TMIN,211
USC00314144,2009-02-19,TMIN,33
USC00316096,2014-05-22,TMAX,317
USC00315830,2015-12-23,TMIN,172
USC00314144,2008-04-15,TMAX,156
USR0000NNWB,2006-01-02,TMAX,178
USW00093765,2009-04-04,TMAX,206
USC00315830,2014-11-11,TMIN,106
USC00315830,2014-11-11,TMAX,194
USC00314684,2005-04-30,TMIN,133
USC00314689,2012-07-04,TMIN,244
USC00317170,2015-08-25,TMIN,200
USC00314684,2005-04-30,TMAX,261
USC00314689,2012-07-04,TMAX,356
USC00316096,2013-05-03,TMAX,206
USC00316096,2013-05-03,TMIN,133
USC00314144,2008-04-15,TMIN,0
USR0000NCRN,2009-08-30,TMIN,272
USC00317170,2008-09-17,TMAX,239
USC00317170,2008-09-17,TMIN,194
USR0000NCRN,2009-08-30,TMAX,306
USW00093719,2014-04-11,TMIN,122
USW00093719,2006-06-23,TMIN,200
USC00314689,2014-05-22,TMIN,161
USC00314689,2013-05-03,TMIN,111
USC00314689,2013-05-03,TMAX,211
USC00314689,2014-05-22,TMAX,294
USC00310576,2014-03-12,TMIN,94
USC00315830,2011-04-04,TMIN,139
USW00093765,2009-04-04,TMIN,100
USC00310576,2014-03-12,TMAX,256
USC00315830,2011-04-04,TMAX,211
USC00316676,2007-11-25,TMAX,122
USW00093719,2014-04-11,TMAX,278
USR0000NNWB,2009-03-08,TMAX,278
USR0000NNWB,2009-03-08,TMIN,133
USW00093719,2006-06-23,TMAX,311
USC00316676,2007-11-25,TMIN,28
USW00093719,2005-07-29,TMIN,217
USC00315830,2009-03-16,TMAX,139
USC00315830,2009-03-16,TMIN,100
USW00093719,2005-07-29,TMAX,306
USC00310356,2015-10-15,TMAX,244
USW00013754,2005-02-20,TMIN,6
USC00316096,2014-02-09,TMIN,-11
USC00310356,2015-10-15,TMIN,144
USC00310356,2015-06-28,TMAX,300
USC00310576,2013-02-07,TMIN,17
USC00314144,2011-02-24,TMAX,172
USC00310356,2006-01-27,TMAX,156
USC00310356,2006-01-27,TMIN,-94
USW00013754,2009-12-22,TMIN,-27
USW00093743,2011-08-19,TMIN,217
USW00093743,2011-08-19,TMAX,322
USW00013754,2009-12-22,TMAX,94
USC00310356,2015-06-28,TMIN,239
USR0000NNWB,2006-01-02,TMIN,33
USC00310576,2013-02-07,TMAX,189
USC00316096,2014-02-09,TMAX,122
USC00317170,2015-08-25,TMAX,328
USW00093719,2005-04-16,TMIN,50
USW00093719,2005-04-16,TMAX,150
USR0000NHOF,2011-02-07,TMAX,106
USC00310356,2005-01-14,TMIN,156
USC00316676,2013-08-21,TMIN,211
USW00013754,2005-02-20,TMAX,150
USC00316676,2013-08-21,TMAX,283
USW00093719,2012-03-25,TMIN,150
USW00093743,2010-11-26,TMAX,211
USW00093719,2012-03-25,TMAX,233
USW00093743,2010-11-26,TMIN,150
USR0000NHOF,2011-02-07,TMIN,6
USC00314144,2011-02-24,TMIN,-22
USC00310356,2005-01-14,TMAX,194
USR0000NHOF,2006-11-25,TMIN,-17
USR0000NHOF,2009-03-25,TMIN,-28
USW00093719,2009-11-30,TMIN,94
USW00093743,2011-09-14,TMAX,294
USC00314144,2005-10-08,TMIN,206
USC00317170,2007-10-24,TMIN,233
USC00317170,2011-06-26,TMAX,350
USC00317170,2007-10-24,TMAX,289
USW00093743,2011-09-14,TMIN,189
USR0000NCRN,2005-02-20,TMIN,0
USR0000NCRN,2015-09-11,TMIN,217
USR0000NCRN,2015-09-11,TMAX,289
USC00314144,2005-10-08,TMAX,283
USC00314689,2010-01-26,TMAX,172
USC00314689,2010-01-26,TMIN,11
USC00314684,2012-10-29,TMAX,144
USC00314684,2012-10-29,TMIN,100
USC00315830,2006-01-01,TMIN,28
USC00315830,2006-01-01,TMAX,167
USC00314689,2006-04-22,TMIN,178
USC00310576,2012-05-19,TMAX,217
USC00314144,2010-05-13,TMAX,244
USC00316676,2006-06-21,TMAX,322
USC00316676,2006-06-21,TMIN,217
USW00093765,2005-08-12,TMAX,322
USW00093765,2005-08-12,TMIN,239
USC00316096,2013-06-26,TMAX,289
USC00314144,2010-05-13,TMIN,183
USR0000NCRN,2011-03-02,TMIN,-6
USR0000NNWB,2009-09-25,TMIN,194
USR0000NNWB,2009-09-25,TMAX,317
USW00013754,2008-07-28,TMIN,222
USW00013754,2008-07-28,TMAX,322
USC00314689,2006-04-22,TMAX,272
USW00013754,2012-08-16,TMIN,217
USC00314684,2010-09-27,TMAX,328
USC00316096,2013-06-26,TMIN,233
USC00316096,2009-11-19,TMAX,239
USC00310576,2010-06-30,TMIN,222
USR0000NCRN,2006-07-30,TMIN,233
USC00314144,2010-09-04,TMIN,156
USC00314144,2010-09-04,TMAX,306
USC00310576,2010-06-30,TMAX,344
USR0000NCRN,2006-07-30,TMAX,294
USC00314689,2013-06-26,TMIN,211
USW00013754,2014-07-05,TMAX,278
USC00314689,2013-06-26,TMAX,317
USW00093743,2012-11-29,TMIN,-21
USC00314689,2010-08-09,TMAX,328
USC00314689,2010-08-09,TMIN,222
USW00093719,2014-08-16,TMAX,333
USW00093743,2012-11-29,TMAX,122
USW00013754,2014-07-05,TMIN,183
USC00316096,2012-03-15,TMIN,89
USC00314144,2011-02-04,TMAX,44
USC00310356,2011-09-14,TMIN,222
USW00013754,2012-08-16,TMAX,311
USC00314689,2005-11-23,TMAX,106
USC00310356,2011-09-14,TMAX,294
USW00013754,2014-01-11,TMAX,222
USC00314689,2005-11-23,TMIN,6
USC00317170,2011-06-26,TMIN,178
USW00093719,2014-05-12,TMAX,322
USW00013754,2014-01-11,TMIN,144
USC00316096,2009-11-19,TMIN,161
USC00314689,2015-06-26,TMAX,356
USC00316096,2012-03-15,TMAX,244
USW00093719,2014-08-16,TMIN,194
USC00314689,2015-06-26,TMIN,222
USW00093719,2014-05-12,TMIN,194
USC00310576,2012-05-19,TMIN,128
USC00316096,2012-10-02,TMIN,211
USC00316096,2012-10-02,TMAX,256
USC00316676,2011-09-16,TMAX,317
USC00310576,2007-07-24,TMAX,289
USC00310576,2007-07-24,TMIN,167
USC00316676,2007-03-06,TMIN,17
USW00093719,2009-03-12,TMIN,72
USC00310356,2012-11-29,TMIN,22
USC00314684,2015-01-19,TMIN,17
USC00316096,2015-06-26,TMAX,317
USC00314684,2015-01-19,TMAX,156
USC00314144,2008-10-24,TMAX,189
USC00314144,2008-10-24,TMIN,111
USC00310356,2012-11-29,TMAX,106
USR0000NNWB,2011-01-23,TMIN,-89
USC00314144,2007-07-17,TMIN,239
USW00093765,2013-09-14,TMIN,194
USW00093765,2013-09-14,TMAX,261
USR0000NNWB,2015-07-27,TMIN,211
USC00314689,2008-04-18,TMIN,89
USR0000NHOF,2011-09-14,TMIN,156
USC00316676,2009-07-09,TMAX,317
USC00316676,2009-07-09,TMIN,183
USC00314144,2007-07-17,TMAX,322
USR0000NHOF,2011-09-14,TMAX,311
USR0000NHOF,2006-12-21,TMIN,-11
USC00316676,2013-08-23,TMIN,206
USR0000NNWB,2011-01-23,TMAX,83
USC00316676,2013-08-23,TMAX,294
USW00093719,2011-08-19,TMIN,200
USW00093719,2011-08-19,TMAX,333
USR0000NCRN,2005-11-20,TMAX,156
USR0000NNWB,2015-07-27,TMAX,328
USR0000NCRN,2011-10-11,TMIN,178
USC00316096,2015-06-26,TMIN,233
USR0000NHOF,2006-12-21,TMAX,194
USC00310576,2014-03-14,TMIN,-28
USC00314684,2013-06-26,TMAX,322
USC00314684,2013-06-26,TMIN,211
USW00093719,2015-02-10,TMIN,28
USC00315830,2012-11-21,TMAX,150
USR0000NNWB,2011-01-11,TMAX,11
USR0000NNWB,2011-01-11,TMIN,-11
USC00314689,2011-11-26,TMIN,28
USC00316676,2010-05-02,TMAX,300
USC00316676,2008-01-07,TMAX,217
USC00316676,2008-01-07,TMIN,50
USR0000NNWB,2010-05-08,TMIN,200
USC00315830,2015-12-24,TMIN,200
USR0000NNWB,2010-05-08,TMAX,339
USC00315830,2015-12-24,TMAX,228
USC00316676,2010-05-02,TMIN,200
USC00314684,2006-09-17,TMAX,267
USW00093719,2015-02-10,TMAX,106
USC00315830,2012-11-21,TMIN,61
USC00310576,2014-03-14,TMAX,89
USC00310576,2015-04-18,TMAX,244
USC00310576,2015-04-18,TMIN,144
USW00093719,2009-03-12,TMAX,150
USC00316096,2012-02-16,TMAX,172
USC00316676,2011-09-16,TMIN,161
USC00314689,2011-11-26,TMAX,211
USC00316096,2012-02-16,TMIN,17
USC00314684,2010-09-27,TMIN,156
USC00317170,2010-04-10,TMIN,61
USC00316676,2005-03-30,TMIN,67
USC00316676,2005-03-30,TMAX,233
USR0000NNWB,2008-10-17,TMAX,233
USR0000NNWB,2008-10-17,TMIN,128
USC00317170,2010-04-10,TMAX,189
USC00314689,2008-04-18,TMAX,289
USC00314689,2012-10-02,TMAX,283
USC00314689,2012-10-02,TMIN,211
USC00315830,2006-02-27,TMAX,128
USC00314144,2008-08-04,TMIN,194
USW00093765,2005-10-28,TMAX,133
USW00093765,2005-10-28,TMIN,72
USC00314144,2008-08-04,TMAX,339
USC00315830,2011-08-27,TMIN,217
USC00315830,2011-08-27,TMAX,278
USC00317170,2013-03-18,TMIN,72
USW00013754,2010-12-24,TMIN,-38
USC00310356,2012-06-16,TMAX,272
USC00317170,2013-03-18,TMAX,167
USC00314684,2011-09-09,TMIN,172
USC00317170,2009-02-11,TMIN,128
USW00013754,2007-03-08,TMAX,122
USC00310356,2012-06-16,TMIN,183
USC00316096,2014-05-03,TMAX,222
USR0000NCRN,2010-11-02,TMAX,161
USC00315830,2015-12-08,TMIN,72
USC00316676,2015-04-29,TMIN,100
USR0000NCRN,2013-11-12,TMAX,189
USC00310356,2014-04-10,TMAX,206
USC00310356,2014-04-10,TMIN,106
USC00314689,2006-05-24,TMIN,100
USC00315830,2006-02-27,TMIN,-50
USC00314689,2006-05-24,TMAX,261
USW00093743,2012-06-16,TMIN,156
USW00093743,2012-06-16,TMAX,267
USC00314684,2011-09-09,TMAX,306
USC00314144,2007-10-02,TMIN,172
USW00013754,2010-12-24,TMAX,72
USR0000NCRN,2010-11-02,TMIN,94
USC00314144,2007-10-02,TMAX,278
USR0000NHOF,2009-06-08,TMIN,161
USW00093719,2015-03-21,TMIN,61
USC00316676,2015-04-29,TMAX,200
USC00315830,2011-09-26,TMIN,211
USC00315830,2011-09-26,TMAX,256
USC00310356,2009-05-05,TMAX,239
USR0000NHOF,2012-11-29,TMIN,-56
USW00093765,2008-04-24,TMIN,150
USC00316096,2010-12-01,TMIN,39
USC00314684,2011-05-03,TMIN,128
USC00310576,2015-11-11,TMIN,106
USC00310576,2015-11-11,TMAX,256
USC00314689,2010-11-08,TMAX,178
USC00310576,2013-12-24,TMAX,250
USC00314689,2010-11-08,TMIN,6
USC00310576,2013-12-24,TMIN,72
USR0000NHOF,2012-11-29,TMAX,133
USR0000NNWB,2009-01-31,TMIN,-44
USC00315830,2009-02-07,TMAX,133
USC00315830,2009-02-07,TMIN,-11
USW00093719,2015-03-21,TMAX,183
USC00314689,2009-11-19,TMAX,233
USR0000NCRN,2009-12-04,TMIN,133
USC00314689,2009-11-19,TMIN,172
USR0000NCRN,2013-11-12,TMIN,6
USR0000NCRN,2011-09-06,TMIN,267
USW00093765,2008-01-18,TMIN,44
USR0000NCRN,2011-09-06,TMAX,306
USR0000NHOF,2014-04-10,TMAX,250
USR0000NHOF,2014-04-10,TMIN,33
USC00314684,2013-05-06,TMIN,117
USC00314684,2013-05-06,TMAX,194
USC00317170,2011-03-29,TMAX,172
USR0000NNWB,2009-01-31,TMAX,83
USW00093765,2008-01-18,TMAX,117
USC00315830,2015-12-08,TMAX,122
USC00317170,2009-02-11,TMAX,239
USC00316096,2010-08-09,TMAX,300
USR0000NCRN,2015-02-25,TMAX,50
USC00314684,2006-07-19,TMAX,339
USC00314684,2006-07-19,TMIN,211
USW00013754,2007-06-07,TMIN,183
USW00013754,2007-06-07,TMAX,306
USR0000NNWB,2008-08-14,TMAX,294
USC00310576,2012-12-06,TMAX,233
USC00316096,2010-07-25,TMIN,256
USC00315830,2013-11-30,TMAX,139
USC00315830,2013-11-30,TMIN,33
USC00316096,2010-07-25,TMAX,322
USC00316676,2008-04-04,TMAX,194
USC00316676,2008-04-04,TMIN,100
USR0000NNWB,2008-08-14,TMIN,161
USC00314144,2011-02-04,TMIN,11
USW00093719,2012-08-23,TMIN,217
USW00093719,2012-08-23,TMAX,289
USC00314689,2013-05-06,TMIN,100
USC00314689,2013-05-06,TMAX,239
USC00310576,2014-09-01,TMIN,200
USC00316096,2010-01-26,TMIN,22
USC00316096,2010-01-26,TMAX,111
USW00093719,2015-11-07,TMIN,161
USC00316676,2012-04-15,TMAX,239
USC00314684,2006-09-17,TMIN,161
USW00093765,2013-03-18,TMIN,94
USR0000NNWB,2014-01-11,TMAX,222
USW00093719,2015-11-07,TMAX,289
USR0000NNWB,2014-01-11,TMIN,139
USW00093765,2014-02-08,TMAX,61
USW00093765,2014-02-08,TMIN,22
USW00093765,2013-03-18,TMAX,189
USC00316676,2012-04-15,TMIN,56
USR0000NCRN,2011-03-02,TMAX,161
USR0000NNWB,2012-02-14,TMIN,0
USR0000NHOF,2012-06-16,TMIN,100
USR0000NHOF,2012-06-16,TMAX,261
USC00314144,2007-07-29,TMIN,172
USC00317170,2013-09-14,TMIN,161
USW00013754,2007-03-08,TMIN,11
USW00093719,2006-10-07,TMAX,194
USC00317170,2013-09-14,TMAX,256
USW00093719,2006-10-07,TMIN,111
USC00316676,2008-06-08,TMIN,222
USC00316676,2008-06-08,TMAX,372
USC00310576,2012-12-06,TMIN,94
USC00316676,2014-10-12,TMIN,172
USC00316676,2014-10-12,TMAX,300
USC00316096,2010-08-09,TMIN,217
USC00316096,2014-05-03,TMIN,144
USC00310576,2014-09-01,TMAX,311
USC00310576,2008-05-12,TMAX,228
USC00315830,2011-10-25,TMIN,106
USR0000NHOF,2009-06-08,TMAX,294
USR0000NNWB,2012-02-14,TMAX,139
USW00093765,2005-12-04,TMAX,194
USC00314144,2007-07-29,TMAX,306
USW00093765,2005-12-04,TMIN,161
USC00310576,2005-09-29,TMIN,178
USC00310576,2008-05-12,TMIN,144
USC00310576,2005-09-29,TMAX,294
USC00316096,2013-05-06,TMIN,161
USC00316096,2013-05-06,TMAX,228
USC00315830,2011-10-25,TMAX,222
USW00093743,2009-03-03,TMAX,22
USC00316676,2007-04-01,TMAX,250
USC00316676,2007-04-01,TMIN,33
USW00093743,2009-03-03,TMIN,-55
USC00315830,2013-10-11,TMAX,211
USC00316676,2007-03-06,TMAX,178
USR0000NCRN,2009-06-05,TMIN,222
USR0000NHOF,2014-09-01,TMIN,217
USR0000NNWB,2012-08-23,TMIN,211
USR0000NHOF,2014-09-01,TMAX,356
USR0000NNWB,2012-08-23,TMAX,283
USW00093719,2013-06-26,TMIN,217
USW00093719,2013-06-26,TMAX,333
USC00314684,2007-02-13,TMIN,-17
USC00314684,2007-02-13,TMAX,178
USR0000NCRN,2014-10-13,TMAX,278
USR0000NCRN,2014-10-13,TMIN,172
USC00316676,2012-07-14,TMAX,289
USR0000NCRN,2009-05-26,TMIN,194
USC00316676,2008-12-08,TMIN,-56
USC00316676,2012-07-14,TMIN,217
USW00013754,2013-03-18,TMIN,89
USW00013754,2013-03-18,TMAX,178
USC00314684,2011-07-25,TMIN,228
USR0000NCRN,2009-05-26,TMAX,261
USC00314684,2009-04-14,TMAX,167
USC00310576,2011-01-30,TMIN,-6
USR0000NCRN,2010-07-20,TMIN,267
USW00093765,2005-03-21,TMAX,156
USR0000NCRN,2010-07-20,TMAX,317
USR0000NNWB,2007-02-01,TMIN,-22
USC00310576,2011-01-30,TMAX,139
USR0000NHOF,2009-06-28,TMAX,306
USC00316676,2008-12-08,TMAX,89
USC00314684,2011-07-25,TMAX,367
USR0000NCRN,2015-11-18,TMAX,244
USR0000NCRN,2015-11-18,TMIN,133
USC00310356,2007-09-02,TMIN,211
USR0000NHOF,2009-06-28,TMIN,161
USC00310356,2014-09-01,TMIN,261
USR0000NNWB,2007-02-01,TMAX,33
USC00310356,2011-08-07,TMAX,311
USC00316096,2012-10-29,TMAX,133
USC00316096,2012-10-29,TMIN,83
USR0000NHOF,2007-01-05,TMAX,233
USR0000NHOF,2007-01-05,TMIN,178
USW00013754,2011-04-27,TMAX,272
USW00093719,2014-02-08,TMIN,0
USW00093719,2014-02-08,TMAX,78
USW00013754,2011-04-27,TMIN,200
USR0000NNWB,2011-11-11,TMIN,61
USW00093719,2009-04-23,TMAX,256
USW00093719,2009-04-23,TMIN,61
USR0000NCRN,2008-09-08,TMIN,233
USR0000NNWB,2015-10-04,TMAX,261
USC00317170,2009-09-15,TMIN,167
USR0000NNWB,2015-02-10,TMIN,17
USW00093765,2009-02-11,TMIN,122
USC00317170,2012-06-25,TMIN,217
USC00310356,2011-08-07,TMIN,267
USR0000NNWB,2006-10-07,TMAX,189
USR0000NNWB,2006-10-07,TMIN,111
USW00013754,2015-07-27,TMAX,317
USW00013754,2015-07-27,TMIN,200
USR0000NHOF,2010-12-15,TMAX,33
USC00310356,2007-09-02,TMAX,311
USC00310356,2008-09-25,TMAX,211
USC00317170,2009-09-15,TMAX,306
USC00310356,2008-09-25,TMIN,178
USR0000NCRN,2008-09-08,TMAX,311
USR0000NNWB,2015-10-04,TMIN,206
USC00317170,2012-06-25,TMAX,317
USW00093765,2009-02-11,TMAX,189
USR0000NHOF,2010-12-15,TMIN,-117
USW00093719,2009-09-25,TMAX,300
USW00093719,2009-09-25,TMIN,194
USC00310356,2014-09-01,TMAX,300
USR0000NCRN,2014-12-05,TMIN,72
USR0000NCRN,2014-12-05,TMAX,161
USC00310576,2008-01-01,TMIN,39
USC00314684,2009-11-19,TMIN,122
USC00310576,2009-12-11,TMIN,28
USC00314689,2011-02-05,TMIN,28
USC00310576,2009-12-11,TMAX,156
USC00314684,2009-11-19,TMAX,183
USC00314689,2009-01-03,TMAX,139
USC00314689,2009-01-03,TMIN,17
USC00317170,2010-12-29,TMIN,-11
USR0000NNWB,2014-07-16,TMAX,261
USR0000NNWB,2013-06-26,TMIN,217
USR0000NNWB,2013-06-26,TMAX,239
USC00315830,2012-07-04,TMIN,228
USW00013754,2005-12-17,TMAX,100
USW00013754,2005-12-17,TMIN,11
USW00013754,2013-06-26,TMIN,217
USW00013754,2015-02-10,TMAX,122
USC00310356,2007-06-10,TMIN,194
USW00013754,2015-02-10,TMIN,22
USC00310356,2007-06-10,TMAX,283
USC00315830,2012-07-04,TMAX,300
USC00314689,2011-02-05,TMAX,100
USR0000NNWB,2014-07-16,TMIN,217
USC00316096,2012-04-15,TMIN,172
USC00315830,2010-04-22,TMIN,111
USW00093719,2013-09-14,TMAX,267
USW00093719,2013-09-14,TMIN,183
USW00093719,2005-07-14,TMIN,211
USW00093719,2005-07-14,TMAX,294
USC00316096,2012-04-15,TMAX,239
USR0000NNWB,2005-04-04,TMAX,250
USC00310576,2008-01-01,TMAX,161
USW00093765,2006-09-04,TMAX,294
USR0000NCRN,2008-11-20,TMAX,144
USC00316676,2006-05-24,TMIN,100
USR0000NCRN,2008-11-20,TMIN,6
USC00316676,2006-05-24,TMAX,250
USW00013754,2005-07-26,TMAX,350
USW00013754,2005-07-26,TMIN,256
USC00314684,2009-04-14,TMIN,56
USW00093719,2012-07-22,TMAX,333
USW00093719,2012-07-22,TMIN,228
USC00316676,2010-11-11,TMIN,56
USC00314689,2012-10-29,TMAX,183
USC00316676,2010-11-11,TMAX,167
USR0000NNWB,2011-02-19,TMAX,217
USR0000NNWB,2011-02-19,TMIN,111
USW00093765,2005-03-21,TMIN,83
USR0000NNWB,2013-03-18,TMAX,200
USC00316676,2015-11-24,TMIN,0
USC00316676,2010-03-29,TMAX,222
USC00310576,2014-07-28,TMAX,322
USR0000NNWB,2005-04-04,TMIN,106
USC00310576,2014-07-28,TMIN,250
USR0000NCRN,2014-01-27,TMAX,144
USC00315830,2012-09-11,TMIN,150
USC00314684,2010-07-25,TMAX,333
USC00316676,2015-11-24,TMAX,100
USC00310576,2012-03-26,TMIN,139
USC00310576,2012-03-26,TMAX,239
USC00314684,2010-07-25,TMIN,239
USC00316676,2010-03-29,TMIN,72
USC00314689,2012-04-15,TMAX,267
USC00314689,2012-04-15,TMIN,144
USC00314689,2012-10-29,TMIN,106
USC00315830,2012-09-11,TMAX,261
USW00093743,2009-06-28,TMIN,206
USW00093743,2009-06-28,TMAX,306
USR0000NNWB,2013-03-18,TMIN,72
USC00310576,2015-07-19,TMAX,328
USR0000NHOF,2011-08-07,TMIN,244
USC00314689,2009-01-08,TMIN,50
USC00314689,2009-01-08,TMAX,183
USR0000NCRN,2007-09-19,TMAX,267
USC00310576,2015-07-19,TMIN,239
USC00310356,2007-12-05,TMIN,33
USR0000NHOF,2011-08-07,TMAX,344
USR0000NNWB,2008-07-28,TMAX,339
USC00317170,2009-06-20,TMIN,233
USC00314689,2005-09-06,TMIN,183
USR0000NNWB,2008-07-28,TMIN,244
USC00317170,2009-06-20,TMAX,344
USW00013754,2008-11-14,TMAX,222
USW00013754,2008-11-14,TMIN,178
USR0000NNWB,2014-07-05,TMAX,294
USR0000NCRN,2014-04-10,TMIN,50
USW00013754,2011-11-11,TMAX,133
USW00093765,2011-06-26,TMAX,317
USW00093765,2011-06-26,TMIN,228
USW00093765,2013-06-26,TMAX,289
USW00093765,2013-06-26,TMIN,256
USC00310356,2007-01-05,TMAX,167
USC00314144,2011-04-20,TMAX,239
USW00013754,2015-10-04,TMAX,261
USC00314144,2009-03-16,TMIN,94
USC00315830,2005-01-05,TMAX,183
USC00315830,2005-01-05,TMIN,117
USR0000NCRN,2010-12-08,TMAX,44
USR0000NCRN,2014-04-10,TMAX,206
USR0000NNWB,2014-07-05,TMIN,194
USC00314144,2009-03-16,TMAX,122
USR0000NHOF,2010-07-13,TMAX,317
USC00314144,2011-04-20,TMIN,183
USR0000NHOF,2009-03-03,TMIN,-94
USC00314684,2011-01-05,TMAX,106
USR0000NCRN,2005-11-20,TMIN,72
USC00317170,2011-02-02,TMIN,106
USW00013754,2014-07-16,TMIN,217
USW00013754,2014-07-16,TMAX,261
USC00314684,2011-01-05,TMIN,-39
USR0000NHOF,2008-09-25,TMIN,156
USC00316096,2011-11-26,TMAX,206
USC00317170,2008-04-02,TMAX,200
USR0000NCRN,2010-12-08,TMIN,-78
USR0000NCRN,2011-10-11,TMAX,228
USR0000NHOF,2009-03-03,TMAX,11
USC00315830,2013-10-11,TMIN,167
USC00317170,2008-04-02,TMIN,117
USC00316096,2011-11-26,TMIN,-6
USW00013754,2011-11-11,TMIN,6
USR0000NHOF,2008-09-25,TMAX,222
USC00317170,2011-02-02,TMAX,239
USW00093719,2013-03-18,TMAX,183
USW00093719,2013-03-18,TMIN,83
USR0000NHOF,2010-07-13,TMIN,233
USC00317170,2013-06-26,TMAX,322
USC00317170,2013-06-26,TMIN,211
USW00093719,2007-01-12,TMAX,217
USW00093743,2009-06-08,TMIN,194
USC00310356,2007-12-05,TMAX,83
USW00093719,2007-01-12,TMIN,22
USC00314684,2012-10-02,TMIN,178
USR0000NCRN,2007-09-19,TMIN,189
USW00093719,2006-11-25,TMIN,28
USW00093719,2006-11-25,TMAX,178
USW00093743,2009-06-08,TMAX,278
USC00314684,2012-10-02,TMAX,239
USW00093765,2008-04-24,TMAX,244
USW00013754,2015-10-04,TMIN,217
USR0000NCRN,2009-06-05,TMAX,267
USR0000NCRN,2014-12-29,TMIN,78
USC00310356,2009-06-28,TMAX,306
USC00315830,2005-04-17,TMAX,178
USC00315830,2005-04-17,TMIN,39
USC00310576,2015-11-16,TMAX,178
USC00310356,2009-06-28,TMIN,222
USC00310576,2015-11-16,TMIN,28
USW00093743,2011-08-07,TMIN,278
USW00093719,2012-02-24,TMAX,233
USR0000NCRN,2015-06-04,TMIN,194
USW00013754,2007-02-01,TMAX,44
USW00013754,2007-02-01,TMIN,-32
USC00314689,2015-09-21,TMAX,300
USC00310576,2011-06-13,TMIN,194
USC00310576,2011-06-13,TMAX,344
USW00093719,2012-02-24,TMIN,156
USW00093743,2007-09-28,TMAX,306
USC00314684,2015-06-26,TMAX,350
USC00314684,2015-06-26,TMIN,233
USW00093719,2007-08-04,TMAX,328
USC00310356,2010-07-13,TMAX,306
USR0000NCRN,2011-03-04,TMIN,11
USC00310356,2010-07-13,TMIN,250
USC00316676,2009-12-22,TMAX,94
USC00316676,2011-12-11,TMIN,22
USR0000NCRN,2015-08-26,TMIN,206
USW00093743,2008-09-25,TMAX,239
USW00093743,2008-09-25,TMIN,172
USR0000NCRN,2015-08-26,TMAX,300
USC00316676,2009-12-22,TMIN,-33
USW00093743,2011-08-07,TMAX,328
USC00316676,2011-12-11,TMAX,117
USW00093719,2007-08-04,TMIN,206
USC00316676,2013-05-06,TMIN,139
USR0000NNWB,2007-11-07,TMIN,-6
USW00093743,2010-07-13,TMIN,250
USC00310576,2015-03-09,TMAX,211
USC00314689,2006-07-19,TMAX,350
USC00314689,2015-09-21,TMIN,189
USR0000NCRN,2011-03-04,TMAX,144
USC00316676,2010-02-17,TMAX,83
USW00093743,2010-07-13,TMAX,311
USC00316676,2010-02-17,TMIN,-33
USW00093743,2007-09-28,TMIN,206
USC00310356,2006-02-12,TMAX,128
USC00315830,2006-10-23,TMIN,128
USC00315830,2006-10-23,TMAX,211
USC00317170,2007-08-13,TMAX,333
USC00317170,2007-08-13,TMIN,194
USR0000NCRN,2015-03-17,TMIN,89
USC00310356,2007-01-05,TMIN,139
USC00310576,2015-03-09,TMIN,39
USC00310356,2006-02-12,TMIN,-22
USC00316676,2013-05-06,TMAX,206
USR0000NCRN,2015-06-04,TMAX,272
USC00310576,2010-04-26,TMIN,189
USC00310576,2010-04-26,TMAX,272
USR0000NCRN,2015-03-17,TMAX,272
USR0000NNWB,2012-07-28,TMIN,222
USC00314689,2006-07-19,TMIN,211
USC00310576,2014-11-10,TMAX,178
USR0000NCRN,2014-12-29,TMAX,150
USC00310576,2014-11-10,TMIN,44
USC00310356,2009-06-08,TMAX,283
USC00310356,2009-06-08,TMIN,206
USC00314689,2006-04-10,TMIN,11
USR0000NNWB,2012-07-28,TMAX,350
USR0000NNWB,2007-11-07,TMAX,133
USC00317170,2014-02-08,TMAX,67
USC00317170,2011-03-29,TMIN,17
USC00310356,2009-05-05,TMIN,200
USC00314144,2010-08-19,TMAX,306
USC00317170,2011-03-09,TMAX,194
USR0000NNWB,2007-05-04,TMIN,139
USR0000NNWB,2007-05-04,TMAX,183
USW00093743,2013-11-12,TMIN,22
USR0000NCRN,2005-10-08,TMIN,239
USR0000NCRN,2005-10-08,TMAX,283
USC00314684,2014-10-12,TMAX,311
USC00314684,2014-10-12,TMIN,150
USC00314689,2015-08-06,TMAX,361
USC00314689,2015-08-06,TMIN,239
USW00093743,2013-11-12,TMAX,200
USC00314684,2008-07-13,TMAX,311
USR0000NHOF,2015-07-19,TMAX,350
USR0000NHOF,2015-07-19,TMIN,206
USW00093765,2006-07-19,TMAX,311
USC00316676,2015-06-03,TMAX,311
USC00315830,2008-07-03,TMIN,167
USW00013754,2013-05-06,TMIN,156
USW00013754,2013-05-06,TMAX,233
USC00310356,2013-11-12,TMAX,189
USC00315830,2008-07-03,TMAX,294
USC00314144,2010-12-13,TMIN,-39
USC00316676,2012-10-02,TMAX,250
USC00314689,2007-02-13,TMAX,194
USC00314144,2006-06-22,TMAX,322
USC00314144,2006-06-22,TMIN,189
USC00310356,2013-11-12,TMIN,67
USC00315830,2014-05-23,TMAX,294
USC00316676,2015-06-03,TMIN,206
USW00093765,2006-07-19,TMIN,222
USC00314689,2007-02-13,TMIN,50
USC00314684,2010-03-11,TMAX,206
USC00316676,2012-10-02,TMIN,183
USC00314144,2010-08-19,TMIN,222
USC00315830,2014-09-01,TMAX,306
USC00315830,2011-11-11,TMAX,222
USC00315830,2011-11-11,TMIN,56
USC00310356,2008-11-20,TMIN,6
USC00310356,2008-11-20,TMAX,106
USR0000NNWB,2006-09-04,TMAX,311
USC00314684,2007-08-28,TMIN,217
USR0000NCRN,2013-06-27,TMIN,228
USR0000NCRN,2013-06-27,TMAX,283
USC00314684,2007-08-28,TMAX,306
USR0000NNWB,2006-09-04,TMIN,217
USR0000NHOF,2005-05-14,TMAX,261
USR0000NHOF,2005-05-14,TMIN,122
USC00315830,2014-11-10,TMIN,67
USC00316096,2014-02-08,TMAX,56
USR0000NHOF,2011-10-11,TMIN,167
USC00316676,2010-06-03,TMIN,211
USC00310576,2010-09-17,TMIN,172
USC00314684,2008-07-13,TMIN,161
USW00013754,2011-12-17,TMAX,122
USW00093719,2009-09-04,TMIN,178
USW00093719,2009-09-04,TMAX,261
USC00310356,2015-07-19,TMIN,256
USC00310576,2010-09-17,TMAX,322
USC00316676,2005-07-30,TMAX,300
USC00316676,2012-01-09,TMAX,167
USR0000NHOF,2011-10-11,TMAX,206
USC00316676,2012-01-09,TMIN,67
USW00013754,2011-12-17,TMIN,-5
USC00315830,2014-11-10,TMAX,194
USC00316676,2010-06-03,TMAX,300
USC00310356,2015-07-19,TMAX,300
USC00314684,2010-03-11,TMIN,106
USW00093765,2006-05-24,TMAX,239
USW00093765,2006-05-24,TMIN,122
USW00013754,2008-12-11,TMIN,150
USW00013754,2008-12-11,TMAX,222
USC00316676,2006-01-19,TMIN,-17
USW00013754,2014-08-16,TMIN,194
USC00314144,2010-02-18,TMIN,-33
USC00314144,2010-02-18,TMAX,100
USR0000NCRN,2011-05-13,TMIN,172
USC00310576,2012-09-11,TMAX,261
USW00093765,2007-11-11,TMIN,28
USW00093765,2007-11-11,TMAX,144
USR0000NHOF,2012-05-19,TMAX,244
USC00314684,2011-06-26,TMIN,167
USC00310576,2012-09-11,TMIN,111
USR0000NHOF,2012-05-19,TMIN,89
USC00315830,2008-01-30,TMIN,117
USC00315830,2008-01-30,TMAX,183
USC00316096,2014-10-12,TMAX,228
USC00316096,2010-12-20,TMAX,50
USC00310356,2011-10-11,TMIN,200
USR0000NCRN,2010-05-13,TMAX,244
USC00314689,2015-01-06,TMAX,144
USR0000NCRN,2010-05-13,TMIN,189
USC00314689,2013-03-18,TMAX,150
USR0000NCRN,2011-05-13,TMAX,244
USR0000NNWB,2006-11-25,TMIN,17
USW00093765,2012-10-29,TMIN,89
USC00316676,2013-12-13,TMAX,100
USW00093765,2012-10-29,TMAX,133
USR0000NNWB,2006-11-25,TMAX,183
USC00314684,2011-06-26,TMAX,328
USC00316096,2014-10-12,TMIN,172
USC00314689,2013-03-18,TMIN,56
USC00316676,2006-01-19,TMAX,117
USW00013754,2014-08-16,TMAX,311
USC00310356,2006-11-16,TMIN,89
USR0000NCRN,2009-03-16,TMAX,122
USR0000NCRN,2009-03-16,TMIN,106
USC00310356,2008-09-08,TMAX,306
USC00314689,2015-01-06,TMIN,-22
USC00310356,2008-09-08,TMIN,256
USW00013754,2010-01-01,TMAX,128
USC00317170,2009-04-14,TMAX,200
USW00013754,2010-01-01,TMIN,39
USC00310356,2012-05-19,TMIN,156
USC00310576,2013-02-28,TMIN,67
USC00310576,2013-02-28,TMAX,161
USC00317170,2007-11-30,TMAX,139
USC00310356,2012-05-19,TMAX,211
USC00315830,2014-05-23,TMIN,194
USC00317170,2007-11-30,TMIN,61
USW00093765,2008-03-10,TMIN,6
USW00093743,2012-05-19,TMAX,256
USC00316676,2013-12-13,TMIN,-22
USC00310356,2006-11-16,TMAX,200
USC00310576,2014-04-10,TMAX,211
USC00310576,2014-04-10,TMIN,44
USR0000NNWB,2013-05-06,TMIN,161
USR0000NNWB,2013-05-06,TMAX,222
USC00317170,2015-10-14,TMAX,250
USW00093743,2012-05-19,TMIN,133
USC00316676,2007-10-22,TMIN,78
USC00314684,2013-08-23,TMAX,306
USC00317170,2015-10-14,TMIN,150
USR0000NCRN,2012-06-16,TMIN,161
USR0000NCRN,2012-06-16,TMAX,256
USC00317170,2009-04-14,TMIN,156
USC00316676,2007-10-22,TMAX,261
USC00314684,2013-08-23,TMIN,200
USW00093765,2008-03-10,TMAX,144
USR0000NHOF,2008-09-08,TMAX,306
USR0000NHOF,2008-09-08,TMIN,206
USC00310576,2013-11-30,TMAX,122
USC00310576,2013-11-30,TMIN,6
USW00093743,2012-03-26,TMIN,128
USC00314689,2014-02-08,TMIN,-6
USW00093719,2006-02-09,TMAX,89
USC00314144,2007-10-07,TMIN,167
USR0000NCRN,2008-08-04,TMIN,222
USR0000NCRN,2008-08-04,TMAX,317
USC00317170,2007-10-10,TMIN,217
USC00317170,2007-10-10,TMAX,289
USC00315830,2006-11-20,TMIN,61
USC00314144,2009-07-10,TMIN,128
USC00314144,2009-07-10,TMAX,278
USC00315830,2006-11-20,TMAX,111
USC00314689,2014-02-08,TMAX,100
USC00317170,2013-08-23,TMAX,317
USC00317170,2013-08-23,TMIN,211
USC00310576,2006-10-23,TMIN,72
USC00310576,2006-10-23,TMAX,161
USC00314144,2007-09-06,TMAX,311
USC00314144,2007-09-06,TMIN,156
USC00317170,2014-10-12,TMIN,167
USW00093719,2009-11-09,TMAX,239
USC00314144,2007-10-07,TMAX,306
USR0000NHOF,2012-03-26,TMIN,117
USR0000NHOF,2008-11-20,TMIN,-17
USR0000NHOF,2012-03-26,TMAX,244
USW00093719,2009-11-09,TMIN,67
USC00314144,2010-07-20,TMIN,233
USC00314144,2010-07-20,TMAX,339
USC00310356,2005-05-14,TMIN,156
USR0000NHOF,2008-11-20,TMAX,139
USC00310356,2006-07-30,TMAX,283
USC00316096,2015-08-06,TMIN,228
USC00310356,2006-07-30,TMIN,194
USC00314144,2007-12-14,TMIN,72
USW00013754,2007-04-25,TMIN,150
USW00013754,2007-04-25,TMAX,283
USC00314684,2011-10-01,TMIN,111
USC00314144,2006-03-27,TMAX,161
USR0000NNWB,2007-03-26,TMIN,61
USC00314144,2007-12-14,TMAX,211
USW00093765,2014-10-12,TMIN,183
USC00316676,2010-10-18,TMAX,233
USC00316676,2010-10-18,TMIN,56
USC00314144,2006-03-27,TMIN,-22
USW00013754,2009-04-23,TMIN,67
USW00013754,2005-08-22,TMIN,244
USC00310356,2009-02-28,TMAX,167
USW00093765,2014-10-12,TMAX,239
USW00093719,2006-05-24,TMAX,272
USW00093765,2014-01-11,TMIN,139
USW00093719,2015-01-05,TMAX,206
USC00310356,2005-05-14,TMAX,206
USC00316096,2015-08-06,TMAX,306
USR0000NNWB,2006-01-01,TMAX,167
USR0000NNWB,2006-01-01,TMIN,17
USR0000NNWB,2007-06-07,TMIN,189
USW00093765,2014-01-11,TMAX,211
USC00316676,2005-07-30,TMIN,222
USC00314684,2006-08-11,TMIN,200
USC00314684,2006-08-11,TMAX,322
USR0000NNWB,2011-01-20,TMIN,11
USW00093719,2015-01-05,TMIN,11
USR0000NNWB,2011-01-20,TMAX,122
USC00317170,2010-08-09,TMIN,233
USC00317170,2010-08-09,TMAX,333
USW00093743,2012-03-26,TMAX,244
USC00316096,2010-12-20,TMIN,-39
USW00093719,2006-05-24,TMIN,100
USC00317170,2012-02-08,TMIN,6
USC00315830,2009-03-25,TMAX,139
USC00315830,2009-03-25,TMIN,28
USW00093765,2012-08-23,TMIN,222
USR0000NNWB,2010-01-01,TMIN,28
USC00310356,2005-02-20,TMAX,94
USR0000NNWB,2010-01-01,TMAX,128
USW00093765,2012-08-23,TMAX,283
USC00316096,2013-09-14,TMIN,183
USC00316096,2013-09-14,TMAX,261
USC00316676,2015-06-26,TMIN,244
USC00316676,2011-06-08,TMIN,200
USC00316676,2015-06-26,TMAX,322
USC00316676,2011-06-08,TMAX,322
USR0000NCRN,2010-05-25,TMAX,250
USR0000NCRN,2010-05-25,TMIN,200
USW00013754,2009-11-30,TMAX,211
USC00316096,2015-01-19,TMIN,-6
USC00317170,2011-03-09,TMIN,56
USR0000NCRN,2012-04-16,TMAX,244
USR0000NCRN,2012-04-16,TMIN,167
USR0000NNWB,2007-04-25,TMIN,161
USC00316096,2014-02-08,TMIN,6
USR0000NNWB,2007-04-25,TMAX,306
USW00013754,2011-08-19,TMIN,211
USC00314689,2014-06-12,TMIN,211
USC00316096,2015-01-19,TMAX,161
USC00315830,2014-09-01,TMIN,261
USR0000NCRN,2012-12-26,TMAX,183
USR0000NCRN,2012-12-26,TMIN,94
USC00316096,2010-11-08,TMAX,161
USC00314689,2014-06-12,TMAX,289
USC00316096,2010-11-08,TMIN,-11
USC00316676,2011-05-18,TMAX,250
USR0000NNWB,2009-05-08,TMIN,172
USW00093743,2008-11-20,TMAX,144
USC00310356,2015-09-11,TMAX,294
USW00013754,2008-08-14,TMIN,167
USW00093719,2014-06-22,TMIN,222
USW00013754,2008-08-14,TMAX,283
USR0000NNWB,2010-12-24,TMAX,83
USR0000NNWB,2010-12-24,TMIN,-33
USC00315830,2005-12-17,TMAX,128
USC00310356,2013-06-27,TMAX,278
USW00093719,2010-01-26,TMAX,117
USC00310356,2013-06-27,TMIN,233
USW00093743,2013-06-27,TMAX,294
USW00093743,2013-06-27,TMIN,228
USC00310356,2015-09-11,TMIN,228
USC00317170,2012-02-08,TMAX,139
USW00093719,2010-01-26,TMIN,33
USC00316676,2011-05-18,TMIN,117
USW00093719,2014-06-22,TMAX,300
USW00013754,2009-11-30,TMIN,100
USW00093743,2008-11-20,TMIN,-16
USW00013754,2011-08-19,TMAX,328
USC00314689,2010-06-26,TMIN,228
USC00314689,2010-06-26,TMAX,356
USR0000NNWB,2009-05-08,TMAX,300
USR0000NHOF,2007-08-01,TMIN,161
USC00315830,2005-12-17,TMIN,6
USR0000NHOF,2007-08-01,TMAX,317
USR0000NCRN,2006-06-22,TMAX,306
USR0000NCRN,2006-06-22,TMIN,211
USR0000NCRN,2007-07-17,TMAX,328
USR0000NCRN,2007-07-17,TMIN,250
USR0000NCRN,2010-02-18,TMAX,106
USR0000NCRN,2010-02-18,TMIN,-17
USR0000NNWB,2007-06-07,TMAX,322
USW00013754,2013-06-26,TMAX,317
USW00093765,2010-01-26,TMAX,122
USC00310356,2011-10-11,TMAX,244
USW00093719,2009-11-27,TMIN,44
USC00314689,2012-03-15,TMIN,122
USC00314689,2012-03-15,TMAX,283
USC00314684,2010-10-02,TMAX,217
USR0000NCRN,2010-09-20,TMAX,306
USW00093743,2010-05-25,TMAX,278
USW00093743,2010-05-25,TMIN,200
USC00314689,2010-07-25,TMIN,261
USC00314689,2010-07-25,TMAX,356
USW00093743,2009-05-05,TMIN,189
USC00310576,2012-01-17,TMAX,122
USR0000NCRN,2007-07-11,TMIN,228
USR0000NCRN,2007-07-11,TMAX,322
USC00314684,2006-05-24,TMAX,244
USC00314684,2006-05-24,TMIN,94
USW00093719,2007-04-25,TMAX,306
USC00315830,2008-03-26,TMIN,94
USC00310576,2005-03-25,TMIN,83
USC00316676,2013-02-05,TMAX,106
USC00317170,2013-05-06,TMIN,156
USC00317170,2013-05-06,TMAX,228
USC00316676,2013-02-05,TMIN,-11
USC00315830,2008-03-26,TMAX,172
USC00315830,2005-11-07,TMIN,167
USW00093743,2009-05-05,TMAX,239
USR0000NCRN,2005-05-26,TMIN,106
USR0000NCRN,2005-05-26,TMAX,272
USC00316096,2010-12-05,TMIN,-11
USW00093765,2015-10-14,TMAX,244
USW00093765,2015-10-14,TMIN,144
USW00093719,2007-04-25,TMIN,156
USC00316096,2010-12-05,TMAX,61
USC00310576,2005-03-25,TMAX,144
USC00310576,2012-01-17,TMIN,-22
USC00310356,2010-05-25,TMIN,211
USW00093719,2011-02-19,TMAX,211
USC00310576,2011-03-12,TMIN,11
USC00315830,2007-03-22,TMAX,217
USC00314144,2007-11-08,TMIN,-50
USC00314144,2007-11-08,TMAX,133
USR0000NCRN,2010-09-20,TMIN,161
USR0000NNWB,2014-06-22,TMAX,289
USW00093765,2013-05-06,TMAX,233
USW00093765,2013-05-06,TMIN,167
USW00093765,2012-02-08,TMIN,44
USW00093765,2012-02-08,TMAX,156
USC00315830,2007-08-05,TMIN,228
USC00310576,2013-01-10,TMAX,211
USW00093765,2015-02-10,TMAX,122
USC00310576,2013-01-10,TMIN,78
USC00315830,2007-03-22,TMIN,78
USW00093719,2014-01-11,TMIN,144
USC00310356,2010-05-25,TMAX,283
USC00316676,2013-06-26,TMAX,311
USC00316676,2013-06-26,TMIN,211
USW00093719,2009-11-27,TMAX,128
USW00093719,2014-01-11,TMAX,228
USC00315830,2012-01-24,TMAX,194
USC00315830,2005-11-07,TMAX,250
USC00314684,2011-12-28,TMIN,50
USC00314684,2007-06-02,TMAX,300
USW00013754,2015-03-27,TMAX,206
USC00316676,2005-04-29,TMAX,222
USC00314684,2007-06-02,TMIN,161
USC00310576,2005-07-24,TMIN,211
USC00316676,2005-04-29,TMIN,94
USC00315830,2012-01-24,TMIN,106
USC00314684,2011-12-28,TMAX,183
USR0000NHOF,2010-05-25,TMAX,261
USR0000NHOF,2010-05-25,TMIN,194
USC00316676,2009-10-06,TMAX,183
USC00315830,2011-12-24,TMIN,72
USW00013754,2012-07-28,TMAX,322
USC00314144,2005-02-05,TMIN,33
USW00013754,2012-07-28,TMIN,211
USC00314144,2005-02-05,TMAX,144
USW00093719,2005-04-04,TMIN,89
USC00314689,2005-06-17,TMIN,189
USR0000NNWB,2007-11-17,TMAX,156
USC00314684,2011-05-03,TMAX,272
USW00093719,2005-08-22,TMAX,356
USW00093719,2005-08-22,TMIN,228
USC00314689,2005-06-17,TMAX,367
USC00314684,2010-01-26,TMAX,106
USC00314684,2010-01-26,TMIN,-17
USW00093719,2005-04-04,TMAX,233
USC00316676,2010-03-19,TMIN,33
USC00316676,2015-01-29,TMIN,-44
USC00310356,2009-03-03,TMIN,-44
USC00316096,2010-12-01,TMAX,206
USC00316676,2015-01-29,TMAX,83
USW00013754,2009-09-25,TMIN,206
USW00013754,2009-09-25,TMAX,306
USC00316676,2009-10-06,TMIN,150
USC00317170,2014-02-08,TMIN,0
USC00316676,2009-08-29,TMAX,306
USC00316676,2009-08-29,TMIN,222
USC00310576,2011-02-08,TMAX,117
USC00310356,2009-03-03,TMAX,17
USR0000NNWB,2007-11-17,TMIN,-28
USC00316676,2010-03-19,TMAX,172
USC00310576,2011-02-08,TMIN,39
USC00315830,2011-12-24,TMAX,189
USC00317170,2009-04-18,TMAX,278
USC00310576,2008-05-25,TMAX,250
USR0000NHOF,2014-03-14,TMIN,-72
USC00314689,2010-12-20,TMAX,56
USR0000NHOF,2014-03-14,TMAX,150
USC00310356,2015-01-11,TMAX,94
USC00310356,2015-01-11,TMIN,-6
USW00093719,2015-03-02,TMAX,178
USW00093765,2006-08-19,TMIN,222
USW00093719,2008-08-30,TMAX,317
USW00093719,2015-03-02,TMIN,33
USC00310356,2014-03-14,TMIN,-6
USC00314684,2010-10-02,TMIN,111
USW00013754,2014-06-22,TMAX,300
USC00310356,2014-03-14,TMAX,83
USW00013754,2014-06-22,TMIN,222
USW00093719,2008-08-30,TMIN,217
USW00093719,2011-02-19,TMIN,111
USW00093765,2006-08-19,TMAX,294
USC00314689,2011-05-07,TMIN,111
USC00310576,2008-05-25,TMIN,100
USC00315830,2007-08-05,TMAX,322
USC00314689,2011-05-07,TMAX,233
USC00317170,2009-04-18,TMIN,72
USC00310356,2006-12-21,TMIN,61
USC00314689,2010-03-11,TMIN,128
USC00314689,2010-12-20,TMIN,-28
USW00093719,2006-09-04,TMIN,206
USC00317170,2008-03-10,TMAX,172
USC00310356,2006-12-21,TMAX,183
USW00093719,2006-09-04,TMAX,306
USC00314689,2010-03-11,TMAX,189
USC00310576,2008-09-18,TMIN,150
USC00310576,2008-09-18,TMAX,239
USC00317170,2008-03-10,TMIN,17
USR0000NNWB,2014-06-22,TMIN,211
USC00315830,2014-07-28,TMAX,317
USW00013754,2015-03-27,TMIN,67
USW00093719,2008-03-05,TMIN,72
USC00316676,2005-09-06,TMIN,217
USW00093765,2010-08-27,TMIN,222
USW00093719,2008-03-05,TMAX,211
USC00316676,2005-09-06,TMAX,300
USW00093719,2015-07-27,TMAX,322
USC00314684,2013-09-14,TMIN,150
USR0000NNWB,2010-11-10,TMIN,50
USC00314684,2013-09-14,TMAX,311
USC00314684,2014-02-08,TMIN,-22
USR0000NNWB,2010-11-10,TMAX,194
USC00316676,2006-12-26,TMIN,106
USC00316676,2006-12-26,TMAX,217
USC00315830,2012-01-06,TMAX,172
USC00315830,2012-01-06,TMIN,0
USC00314684,2014-02-08,TMAX,94
USC00314689,2008-12-30,TMIN,39
USW00093765,2007-11-22,TMAX,217
USW00093765,2007-11-22,TMIN,178
USR0000NHOF,2006-11-16,TMAX,239
USC00316676,2014-01-01,TMAX,128
USR0000NCRN,2011-05-10,TMAX,261
USR0000NCRN,2009-06-28,TMIN,267
USW00093719,2008-10-30,TMIN,-6
USC00316096,2011-02-05,TMIN,56
USC00316096,2011-02-05,TMAX,172
USR0000NCRN,2011-06-06,TMIN,189
USC00310576,2010-10-05,TMAX,189
USR0000NCRN,2011-06-06,TMAX,300
USC00310576,2010-10-05,TMIN,83
USC00314689,2008-12-30,TMAX,178
USR0000NCRN,2009-06-28,TMAX,294
USW00093719,2013-05-06,TMIN,167
USW00093719,2013-05-06,TMAX,233
USW00093719,2008-10-30,TMAX,133
USW00093719,2008-12-02,TMIN,-22
USC00316096,2013-03-18,TMAX,189
USC00316096,2013-03-18,TMIN,83
USW00013754,2012-02-14,TMIN,-10
USW00093719,2008-12-02,TMAX,89
USC00315830,2008-02-08,TMIN,94
USC00314144,2006-11-05,TMIN,-28
USC00315830,2008-02-08,TMAX,167
USC00314689,2014-10-12,TMAX,311
USC00314684,2008-10-14,TMIN,94
USC00314684,2008-10-14,TMAX,267
USW00013754,2012-02-14,TMAX,133
USW00013754,2011-02-12,TMAX,133
USW00013754,2011-02-12,TMIN,-27
USC00314689,2014-10-12,TMIN,150
USC00317170,2010-01-26,TMAX,128
USC00314689,2012-02-16,TMIN,44
USC00314144,2006-11-05,TMAX,178
USW00093765,2012-07-22,TMAX,322
USW00093765,2012-07-22,TMIN,239
USW00093765,2010-08-27,TMAX,289
USC00316096,2013-08-23,TMIN,211
USR0000NNWB,2011-08-19,TMIN,206
USR0000NNWB,2011-08-19,TMAX,339
USC00314689,2012-02-16,TMAX,167
USC00316096,2013-08-23,TMAX,311
USW00093719,2015-07-27,TMIN,206
USR0000NNWB,2011-07-22,TMIN,239
USC00315830,2007-02-01,TMIN,-39
USC00315830,2007-02-01,TMAX,44
USC00317170,2015-02-10,TMAX,178
USC00317170,2015-02-10,TMIN,17
USR0000NNWB,2011-07-22,TMAX,389
USW00093765,2010-01-26,TMIN,67
USC00317170,2010-01-26,TMIN,44
USC00314689,2013-08-23,TMAX,317
USW00013754,2007-08-08,TMIN,278
USW00093765,2007-01-12,TMIN,50
USW00093765,2007-01-12,TMAX,206
USR0000NCRN,2007-11-28,TMAX,167
USC00317170,2012-10-29,TMIN,100
USC00316676,2006-08-26,TMAX,306
USR0000NNWB,2014-08-16,TMAX,328
USC00310576,2005-07-24,TMAX,300
USR0000NNWB,2014-08-16,TMIN,194
USR0000NNWB,2009-04-23,TMAX,267
USR0000NNWB,2009-04-23,TMIN,72
USC00314684,2010-08-09,TMAX,317
USC00314684,2010-08-09,TMIN,206
USR0000NHOF,2015-01-11,TMIN,-83
USC00315830,2009-07-27,TMAX,294
USC00317170,2009-05-02,TMAX,294
USC00315830,2009-07-27,TMIN,267
USC00315830,2014-07-28,TMIN,278
USC00316676,2007-12-02,TMIN,6
USC00315830,2015-05-09,TMAX,261
USC00316096,2010-03-11,TMIN,122
USC00316676,2007-12-02,TMAX,139
USC00316096,2010-03-11,TMAX,194
USC00310576,2013-10-11,TMIN,156
USW00013754,2007-08-08,TMAX,350
USC00315830,2015-05-09,TMIN,200
USW00093765,2015-02-10,TMIN,22
USC00317170,2009-05-02,TMIN,200
USC00310576,2011-03-12,TMAX,128
USC00314689,2006-08-11,TMIN,206
USC00314689,2006-08-11,TMAX,322
USR0000NHOF,2015-01-11,TMAX,156
USC00314684,2013-03-18,TMAX,183
USC00314684,2013-03-18,TMIN,56
USC00310576,2013-10-11,TMAX,183
USC00316096,2011-10-03,TMIN,44
USR0000NNWB,2015-03-27,TMIN,61
USR0000NHOF,2009-05-05,TMAX,239
USR0000NHOF,2009-05-05,TMIN,161
USR0000NCRN,2011-05-10,TMIN,100
USC00310576,2009-05-21,TMIN,128
USC00315830,2005-02-07,TMAX,144
USW00013754,2010-05-08,TMIN,211
USC00314684,2006-04-10,TMIN,0
USC00316676,2014-01-01,TMIN,17
USR0000NCRN,2008-10-21,TMAX,233
USC00314684,2006-04-10,TMAX,156
USC00314689,2013-08-23,TMIN,211
USR0000NHOF,2006-11-16,TMIN,100
USC00310576,2009-05-21,TMAX,244
USW00013754,2010-05-08,TMAX,300
USR0000NNWB,2015-03-27,TMAX,189
USC00315830,2005-02-07,TMIN,33
USR0000NHOF,2008-10-27,TMIN,22
USR0000NCRN,2007-11-28,TMIN,44
USC00317170,2012-10-29,TMAX,133
USW00093765,2008-02-18,TMAX,194
USR0000NCRN,2011-04-20,TMAX,250
USR0000NCRN,2011-04-20,TMIN,189
USR0000NCRN,2008-10-21,TMIN,39
USR0000NCRN,2014-03-14,TMIN,-61
USW00093765,2008-02-18,TMIN,139
USC00316676,2006-08-26,TMIN,178
USC00316096,2011-10-03,TMAX,206
USC00314144,2007-08-16,TMIN,244
USR0000NHOF,2008-10-27,TMAX,217
USC00314144,2007-08-16,TMAX,317
USR0000NCRN,2014-03-14,TMAX,128
USW00013754,2009-04-23,TMAX,261
USC00315830,2010-04-22,TMAX,189
USC00314684,2005-09-06,TMIN,183
USW00093743,2009-12-11,TMAX,61
USC00314689,2011-05-03,TMAX,283
USC00314689,2015-11-03,TMAX,183
USC00310576,2006-02-14,TMIN,-33
USC00314689,2011-05-03,TMIN,106
USC00310576,2006-02-14,TMAX,133
USR0000NNWB,2005-12-04,TMIN,89
USC00310576,2005-02-09,TMAX,200
USR0000NNWB,2005-12-04,TMAX,217
USC00316096,2013-12-13,TMAX,106
USC00316676,2006-07-19,TMAX,328
USC00316676,2006-07-19,TMIN,217
USR0000NNWB,2006-10-23,TMAX,156
USR0000NNWB,2006-10-23,TMIN,50
USR0000NHOF,2015-08-26,TMIN,200
USC00314689,2015-11-03,TMIN,167
USR0000NCRN,2013-06-26,TMIN,250
USC00314689,2011-08-12,TMAX,306
USC00317170,2014-03-14,TMIN,-44
USC00317170,2014-03-14,TMAX,156
USC00314689,2010-10-18,TMAX,267
USC00314689,2010-10-18,TMIN,111
USW00093719,2014-05-23,TMIN,189
USW00093743,2009-12-11,TMIN,-5
USW00093719,2007-05-14,TMIN,100
USW00013754,2012-11-21,TMIN,83
USW00093719,2007-05-14,TMAX,228
USC00315830,2013-05-07,TMIN,178
USC00315830,2013-05-07,TMAX,233
USW00013754,2012-11-21,TMAX,161
USR0000NCRN,2013-06-26,TMAX,283
USW00093719,2014-05-23,TMAX,306
USW00093765,2013-10-11,TMAX,189
USR0000NHOF,2015-08-26,TMAX,311
USC00316096,2015-01-06,TMAX,144
USC00317170,2015-10-04,TMIN,217
USC00314689,2009-04-14,TMIN,56
USW00093765,2014-03-14,TMAX,133
USW00093765,2014-03-14,TMIN,-32
USC00314689,2010-06-03,TMIN,206
USC00314689,2010-06-03,TMAX,306
USC00315830,2005-09-29,TMAX,294
USC00315830,2005-09-29,TMIN,194
USC00316676,2014-05-03,TMAX,211
USC00315830,2005-02-14,TMAX,172
USR0000NHOF,2006-05-25,TMAX,278
USC00315830,2005-02-14,TMIN,89
USR0000NHOF,2009-09-03,TMAX,256
USR0000NHOF,2006-05-25,TMIN,117
USC00314684,2009-10-06,TMIN,144
USC00314684,2009-10-06,TMAX,178
USC00316676,2014-05-03,TMIN,133
USC00310576,2005-02-09,TMIN,61
USR0000NHOF,2011-03-23,TMAX,239
USC00310576,2006-11-16,TMIN,183
USW00013754,2009-07-27,TMIN,250
USC00314684,2010-02-17,TMAX,72
USW00013754,2009-07-27,TMAX,289
USC00314689,2011-08-12,TMIN,228
USC00310576,2006-11-16,TMAX,244
USC00314684,2010-02-17,TMIN,-50
USR0000NHOF,2009-12-11,TMAX,28
USR0000NHOF,2009-12-11,TMIN,-33
USC00310356,2006-01-01,TMAX,144
USR0000NHOF,2011-03-23,TMIN,100
USC00310356,2006-01-01,TMIN,50
USC00316096,2013-12-13,TMIN,-50
USC00317170,2009-11-19,TMIN,178
USW00093719,2006-06-21,TMIN,200
USW00093719,2006-06-21,TMAX,328
USW00013754,2015-04-04,TMIN,94
USW00093765,2008-07-28,TMAX,306
USW00093765,2008-07-28,TMIN,239
USC00315830,2008-09-18,TMAX,311
USC00315830,2008-09-18,TMIN,172
USR0000NHOF,2010-11-29,TMIN,-11
USC00314684,2011-11-11,TMAX,222
USW00093719,2008-08-14,TMIN,167
USC00314684,2011-11-11,TMIN,39
USW00093719,2007-11-11,TMIN,6
USW00093765,2008-07-13,TMIN,211
USW00093719,2007-11-11,TMAX,139
USW00093765,2008-07-13,TMAX,278
USC00314689,2007-12-18,TMAX,83
USC00314684,2007-10-19,TMIN,150
USC00314689,2007-12-18,TMIN,-56
USC00314684,2007-10-19,TMAX,306
USW00013754,2005-09-06,TMAX,283
USC00315830,2008-07-11,TMAX,294
USW00093719,2012-08-16,TMIN,217
USC00314144,2009-05-26,TMAX,261
USW00093719,2012-08-16,TMAX,317
USW00093719,2010-05-08,TMAX,339
USW00093719,2008-08-14,TMAX,289
USW00013754,2005-09-06,TMIN,228
USC00314144,2009-05-26,TMIN,178
USC00316676,2010-11-25,TMIN,28
USC00317170,2013-10-11,TMIN,150
USC00317170,2013-10-11,TMAX,183
USW00093765,2010-07-25,TMAX,306
USW00093765,2010-07-25,TMIN,267
USW00093765,2013-11-30,TMAX,150
USC00314689,2006-12-26,TMAX,211
USW00093719,2015-10-23,TMIN,100
USC00314689,2012-11-08,TMAX,156
USC00310356,2008-12-17,TMAX,200
USC00314684,2009-05-02,TMAX,294
USC00310356,2008-12-17,TMIN,100
USW00013754,2015-04-04,TMAX,222
USR0000NNWB,2006-04-22,TMAX,256
USR0000NNWB,2006-04-22,TMIN,167
USR0000NCRN,2012-11-29,TMIN,-39
USC00314684,2007-02-01,TMIN,-39
USC00310576,2015-01-08,TMIN,-39
USC00310576,2015-01-08,TMAX,83
USW00093765,2013-10-11,TMIN,150
USC00310356,2009-12-11,TMAX,167
USC00310356,2009-12-11,TMIN,22
USC00317170,2009-11-19,TMAX,233
USC00314684,2007-02-01,TMAX,50
USC00310576,2008-01-30,TMAX,183
USC00310576,2008-10-03,TMAX,222
USW00093765,2015-03-21,TMAX,161
USR0000NHOF,2010-11-29,TMAX,161
USW00093719,2015-10-23,TMAX,272
USC00315830,2014-02-08,TMAX,83
USC00315830,2014-02-08,TMIN,28
USC00314684,2009-05-02,TMIN,172
USR0000NCRN,2012-11-29,TMAX,139
USC00310576,2008-10-03,TMIN,83
USC00314689,2012-11-08,TMIN,11
USW00093765,2006-11-25,TMIN,56
USW00093719,2010-09-29,TMAX,250
USW00093719,2010-09-29,TMIN,200
USW00093765,2006-11-25,TMAX,161
USW00093719,2015-12-24,TMIN,200
USW00093719,2015-12-24,TMAX,256
USW00093765,2015-03-21,TMIN,67
USW00093765,2013-11-30,TMIN,39
USC00310576,2008-01-30,TMIN,56
USC00310576,2013-08-24,TMIN,200
USW00013754,2015-10-14,TMAX,267
USW00013754,2015-03-02,TMIN,44
USW00093719,2011-01-07,TMAX,94
USW00093765,2015-10-04,TMIN,211
USC00317170,2009-09-25,TMAX,306
USR0000NNWB,2015-12-24,TMAX,261
USR0000NNWB,2015-12-24,TMIN,194
USC00314684,2012-05-31,TMIN,172
USC00314144,2008-11-20,TMIN,-17
USC00314144,2008-11-20,TMAX,139
USC00317170,2009-09-25,TMIN,222
USW00013754,2015-03-02,TMAX,178
USW00013754,2014-05-12,TMIN,206
USW00093719,2005-09-06,TMIN,211
USC00314684,2012-05-31,TMAX,239
USW00093719,2005-09-06,TMAX,300
USC00315830,2014-10-13,TMAX,272
USC00315830,2015-04-07,TMAX,222
USW00013754,2010-06-19,TMAX,294
USW00093765,2013-02-05,TMAX,150
USW00093765,2013-02-05,TMIN,56
USC00310576,2011-08-27,TMAX,289
USC00310576,2011-08-27,TMIN,228
USW00093765,2015-10-04,TMAX,256
USC00314144,2007-11-28,TMAX,150
USC00314144,2007-11-28,TMIN,-22
USC00310356,2015-08-26,TMIN,244
USC00314144,2008-05-25,TMAX,250
USC00314144,2008-05-25,TMIN,56
USC00310356,2015-08-26,TMAX,294
USC00315830,2014-10-13,TMIN,183
USW00013754,2014-05-12,TMAX,294
USW00013754,2010-06-19,TMIN,222
USW00013754,2015-10-14,TMIN,133
USC00317170,2010-07-25,TMAX,367
USR0000NCRN,2009-02-28,TMIN,83
USR0000NCRN,2009-02-28,TMAX,161
USW00093719,2013-10-11,TMAX,200
USW00093719,2013-10-11,TMIN,161
USC00316676,2010-08-09,TMAX,328
USC00314144,2008-09-08,TMIN,206
USC00316676,2010-08-09,TMIN,222
USC00314144,2008-09-08,TMAX,306
USR0000NNWB,2014-12-13,TMAX,144
USW00013754,2012-09-11,TMAX,261
USC00317170,2010-10-26,TMAX,283
USW00093765,2006-06-21,TMIN,228
USW00093765,2006-06-21,TMAX,283
USW00093719,2014-03-14,TMAX,161
USW00093719,2014-03-14,TMIN,-49
USR0000NNWB,2015-06-26,TMIN,222
USC00314689,2009-07-09,TMIN,217
USC00317170,2010-07-25,TMIN,261
USC00314684,2015-09-21,TMAX,306
USC00314684,2015-09-21,TMIN,178
USR0000NNWB,2012-04-15,TMAX,267
USR0000NNWB,2012-04-15,TMIN,161
USW00093743,2010-11-29,TMIN,44
USR0000NNWB,2014-12-13,TMIN,-22
USC00317170,2010-10-26,TMIN,189
USR0000NCRN,2010-07-13,TMAX,306
USR0000NNWB,2015-06-26,TMAX,361
USC00315830,2007-05-04,TMIN,167
USW00013754,2012-09-11,TMIN,139
USR0000NCRN,2010-07-13,TMIN,244
USC00314689,2009-07-09,TMAX,322
USC00315830,2007-05-04,TMAX,233
USC00316676,2015-08-06,TMAX,333
USW00013754,2012-04-15,TMIN,161
USW00013754,2012-04-15,TMAX,256
USR0000NNWB,2007-03-08,TMIN,17
USR0000NCRN,2008-06-25,TMIN,211
USR0000NCRN,2008-06-25,TMAX,317
USC00310356,2014-12-29,TMAX,178
USC00310356,2014-12-29,TMIN,111
USW00013754,2012-07-22,TMIN,222
USW00013754,2012-07-22,TMAX,322
USC00316096,2015-01-06,TMIN,-22
USW00093719,2012-07-28,TMAX,344
USC00317170,2015-01-19,TMIN,6
USW00093743,2008-12-17,TMIN,106
USC00314689,2011-10-01,TMAX,289
USC00314689,2011-10-01,TMIN,122
USC00317170,2015-01-19,TMAX,167
USW00093719,2012-07-28,TMIN,222
USW00093743,2008-12-17,TMAX,172
USW00093765,2005-12-17,TMAX,100
USC00316676,2007-11-06,TMAX,200
USC00316676,2007-11-06,TMIN,33
USC00317170,2015-10-04,TMAX,261
USC00310576,2013-08-24,TMAX,322
USC00314144,2008-06-21,TMIN,139
USC00314144,2008-06-21,TMAX,239
USR0000NNWB,2007-03-08,TMAX,128
USC00314684,2005-04-29,TMAX,217
USC00310356,2006-05-25,TMIN,183
USC00310356,2006-05-25,TMAX,233
USR0000NCRN,2014-11-10,TMAX,189
USR0000NHOF,2009-09-03,TMIN,183
USW00093765,2005-12-17,TMIN,6
USR0000NCRN,2014-11-10,TMIN,56
USC00314684,2005-04-29,TMIN,67
USW00093719,2014-07-16,TMIN,222
USW00093719,2014-07-16,TMAX,267
USW00093719,2014-12-18,TMAX,122
USC00316096,2012-08-07,TMIN,233
USW00093719,2014-12-18,TMIN,11
USR0000NNWB,2009-03-25,TMIN,33
USC00310356,2013-06-26,TMAX,278
USR0000NNWB,2009-03-25,TMAX,128
USC00310356,2013-06-26,TMIN,228
USC00316096,2011-05-07,TMAX,244
USW00093765,2007-08-13,TMAX,300
USC00316676,2011-07-08,TMAX,328
USC00316676,2015-08-06,TMIN,244
USW00093719,2011-01-07,TMIN,-39
USW00093765,2007-08-13,TMIN,194
USW00093743,2013-06-26,TMAX,289
USW00093743,2013-06-26,TMIN,256
USC00316676,2011-07-08,TMIN,228
USC00314689,2009-04-14,TMAX,194
USC00316096,2012-08-07,TMAX,283
USC00316676,2010-03-11,TMIN,78
USC00314144,2006-01-20,TMIN,-11
USW00013754,2015-06-26,TMAX,350
USW00013754,2015-06-26,TMIN,228
USC00315830,2015-12-02,TMIN,128
USC00315830,2015-12-02,TMAX,172
USC00316096,2009-07-09,TMAX,283
USC00316676,2010-03-11,TMAX,244
USC00316096,2009-07-09,TMIN,172
USC00317170,2011-08-19,TMIN,200
USC00317170,2011-08-19,TMAX,361
USR0000NNWB,2012-09-11,TMIN,122
USR0000NNWB,2012-09-11,TMAX,267
USC00315830,2008-05-12,TMIN,128
USC00315830,2008-05-12,TMAX,228
USC00314144,2006-01-20,TMAX,200
USC00310576,2011-02-24,TMAX,128
USC00316676,2010-11-25,TMAX,178
USW00093719,2013-02-05,TMIN,44
USR0000NCRN,2015-04-18,TMAX,244
USC00314144,2009-05-13,TMAX,233
USC00310576,2006-05-25,TMAX,283
USC00310576,2006-05-25,TMIN,150
USC00317170,2008-07-28,TMAX,333
USC00316096,2011-11-11,TMAX,122
USC00317170,2008-07-28,TMIN,233
USC00316096,2011-11-11,TMIN,-17
USC00310356,2011-05-10,TMAX,233
USC00310356,2011-05-10,TMIN,161
USW00093719,2009-03-25,TMAX,117
USC00310356,2005-10-19,TMAX,250
USW00093719,2009-03-25,TMIN,22
USC00310356,2005-10-19,TMIN,139
USC00316096,2012-11-08,TMIN,6
USC00314689,2014-03-14,TMAX,150
USC00314689,2014-03-14,TMIN,-39
USW00013754,2013-05-07,TMIN,106
USW00013754,2013-05-07,TMAX,228
USR0000NHOF,2011-03-05,TMIN,39
USC00317170,2013-11-30,TMIN,0
USC00314684,2013-10-11,TMAX,156
USW00013754,2011-06-18,TMIN,244
USC00310576,2014-01-11,TMAX,206
USW00013754,2011-06-18,TMAX,333
USW00093719,2014-10-13,TMAX,294
USR0000NNWB,2015-04-04,TMIN,83
USC00310356,2011-02-28,TMIN,106
USC00317170,2013-11-30,TMAX,139
USC00310356,2015-05-09,TMAX,278
USC00316096,2012-11-08,TMAX,139
USW00093719,2014-10-13,TMIN,167
USC00314684,2013-10-11,TMIN,139
USC00310576,2014-01-11,TMIN,56
USR0000NNWB,2015-04-04,TMAX,217
USC00314689,2007-02-01,TMIN,-33
USR0000NCRN,2010-01-27,TMIN,-11
USC00310576,2015-12-08,TMIN,83
USC00314689,2008-10-14,TMIN,111
USC00310576,2015-12-08,TMAX,117
USC00310576,2011-10-25,TMAX,217
USR0000NCRN,2009-08-11,TMAX,317
USR0000NCRN,2009-08-11,TMIN,272
USC00316676,2010-09-02,TMIN,183
USW00013754,2005-04-17,TMAX,178
USC00316676,2010-11-17,TMIN,156
USC00316096,2014-03-14,TMAX,128
USC00316676,2007-05-22,TMAX,300
USC00316676,2007-05-22,TMIN,133
USW00013754,2005-04-17,TMIN,44
USC00316096,2014-03-14,TMIN,-56
USC00316676,2010-11-17,TMAX,233
USC00310356,2011-01-09,TMIN,-44
USC00310356,2011-01-09,TMAX,89
USC00310576,2009-05-10,TMAX,317
USC00310356,2015-05-09,TMIN,200
USC00310576,2009-05-10,TMIN,183
USW00093765,2014-07-05,TMIN,189
USR0000NCRN,2015-04-18,TMIN,167
USW00093765,2014-07-05,TMAX,278
USW00093765,2010-12-02,TMIN,0
USR0000NNWB,2013-02-05,TMIN,39
USC00316676,2014-08-31,TMAX,311
USC00314689,2006-03-26,TMAX,111
USC00314689,2006-03-26,TMIN,11
USC00316676,2014-08-31,TMIN,211
USR0000NNWB,2013-02-05,TMAX,183
USC00314144,2010-07-13,TMIN,194
USC00314144,2010-07-13,TMAX,306
USW00093765,2009-11-19,TMIN,178
USC00315830,2007-04-09,TMIN,-11
USC00315830,2007-04-09,TMAX,156
USW00013754,2007-10-12,TMIN,94
USR0000NHOF,2005-10-19,TMAX,278
USR0000NHOF,2005-10-19,TMIN,94
USC00315830,2011-05-15,TMIN,200
USC00315830,2011-05-15,TMAX,261
USC00314689,2006-01-26,TMAX,122
USC00310356,2011-07-19,TMAX,300
USC00314689,2011-11-11,TMAX,211
USC00314689,2011-11-11,TMIN,50
USR0000NNWB,2011-11-26,TMIN,106
USR0000NHOF,2010-11-02,TMAX,161
USR0000NNWB,2007-10-16,TMIN,94
USR0000NHOF,2010-11-02,TMIN,61
USR0000NNWB,2011-11-26,TMAX,222
USC00314689,2014-04-09,TMIN,94
USR0000NHOF,2007-02-25,TMAX,178
USR0000NHOF,2014-05-30,TMIN,178
USC00310356,2005-03-25,TMIN,89
USC00310576,2010-01-01,TMAX,144
USC00310576,2010-01-01,TMIN,83
USC00310356,2011-07-19,TMIN,244
USR0000NHOF,2007-11-24,TMAX,111
USC00310576,2009-06-28,TMIN,189
USC00316676,2009-05-31,TMAX,278
USC00316676,2009-05-31,TMIN,172
USC00310576,2008-11-30,TMIN,94
USC00314689,2014-04-09,TMAX,233
USC00310576,2008-11-30,TMAX,117
USC00314144,2006-01-01,TMIN,0
USC00310576,2009-06-28,TMAX,322
USR0000NHOF,2007-11-24,TMIN,-44
USC00314689,2006-01-26,TMIN,-6
USC00316096,2011-08-12,TMAX,317
USR0000NNWB,2013-05-07,TMIN,122
USR0000NNWB,2013-05-07,TMAX,222
USW00093719,2012-11-21,TMAX,161
USC00314144,2006-02-20,TMIN,-22
USC00314144,2009-05-13,TMIN,72
USC00314144,2006-02-20,TMAX,94
USC00315830,2012-06-16,TMAX,256
USC00314684,2006-09-04,TMIN,200
USW00093765,2009-04-23,TMAX,222
USC00314684,2006-09-04,TMAX,317
USW00093765,2009-11-19,TMAX,233
USC00315830,2012-04-15,TMAX,239
USC00315830,2012-04-15,TMIN,178
USR0000NHOF,2011-03-05,TMAX,194
USW00093765,2009-04-23,TMIN,111
USC00314689,2007-02-01,TMAX,39
USC00315830,2012-06-16,TMIN,183
USW00093765,2010-02-17,TMIN,0
USW00093743,2011-05-10,TMIN,122
USW00013754,2013-02-05,TMAX,178
USW00093743,2011-05-10,TMAX,267
USW00013754,2013-02-05,TMIN,39
USW00093719,2012-11-21,TMIN,78
USC00317170,2009-10-06,TMAX,233
USC00310576,2011-02-09,TMAX,128
USC00316096,2011-08-12,TMIN,228
USC00316676,2013-06-25,TMIN,217
USC00310576,2011-02-09,TMIN,6
USC00317170,2009-10-06,TMIN,167
USR0000NNWB,2005-04-17,TMIN,17
USR0000NNWB,2005-04-17,TMAX,211
USW00093765,2010-02-17,TMAX,94
USC00316676,2013-06-25,TMAX,283
USR0000NCRN,2010-01-27,TMAX,94
USR0000NCRN,2008-09-25,TMAX,239
USR0000NCRN,2008-09-25,TMIN,172
USR0000NHOF,2014-12-29,TMIN,72
USW00093719,2011-04-27,TMAX,283
USC00310356,2010-11-02,TMAX,200
USC00310356,2010-11-02,TMIN,117
USC00316676,2012-10-29,TMAX,156
USW00093765,2009-11-27,TMAX,144
USW00013754,2010-06-15,TMAX,356
USW00093765,2009-11-27,TMIN,72
USC00314684,2005-08-22,TMAX,361
USW00013754,2008-03-05,TMIN,78
USW00093719,2011-04-27,TMIN,194
USC00310356,2007-09-28,TMAX,289
USW00013754,2008-03-05,TMAX,211
USC00310576,2007-03-17,TMIN,39
USC00314684,2014-08-16,TMAX,306
USR0000NNWB,2010-06-19,TMAX,311
USC00314684,2005-08-22,TMIN,206
USC00315830,2011-02-16,TMIN,-11
USW00013754,2010-04-17,TMAX,289
USC00314684,2012-08-07,TMIN,228
USC00314689,2006-11-28,TMIN,78
USC00315830,2012-10-02,TMAX,278
USW00093719,2006-08-19,TMAX,311
USR0000NHOF,2014-12-29,TMAX,156
USW00093719,2006-08-19,TMIN,222
USR0000NNWB,2010-06-19,TMIN,239
USC00315830,2012-10-02,TMIN,233
USC00315830,2011-02-16,TMAX,156
USC00314684,2014-08-16,TMIN,172
USR0000NNWB,2006-06-21,TMAX,339
USR0000NNWB,2006-06-21,TMIN,206
USC00316676,2012-10-29,TMIN,111
USW00093719,2011-11-26,TMAX,217
USW00093719,2011-11-26,TMIN,28
USW00093719,2014-12-13,TMIN,-16
USR0000NCRN,2006-01-20,TMAX,244
USC00315830,2015-02-10,TMIN,56
USC00316676,2007-10-31,TMIN,39
USC00316676,2007-10-31,TMAX,206
USC00315830,2008-07-11,TMIN,233
USR0000NCRN,2014-07-28,TMAX,317
USC00315830,2015-02-10,TMAX,172
USC00314144,2010-01-27,TMIN,22
USC00314144,2010-01-27,TMAX,94
USW00093719,2010-05-08,TMIN,206
USR0000NNWB,2012-11-21,TMIN,72
USC00310576,2011-02-24,TMIN,11
USR0000NNWB,2012-11-21,TMAX,167
USR0000NCRN,2014-07-28,TMIN,228
USW00093719,2013-02-05,TMAX,194
USW00093765,2009-02-03,TMIN,0
USW00093719,2012-09-11,TMAX,261
USC00316676,2006-09-10,TMIN,167
USW00013754,2015-09-07,TMIN,228
USW00013754,2010-06-15,TMIN,222
USC00316676,2014-06-12,TMIN,222
USC00316676,2014-06-12,TMAX,322
USW00093719,2014-12-13,TMAX,150
USW00013754,2015-09-07,TMAX,294
USW00093719,2012-09-11,TMIN,144
USW00093765,2012-01-01,TMIN,33
USC00310356,2007-09-28,TMIN,222
USC00316676,2006-09-10,TMAX,278
USR0000NCRN,2006-01-20,TMIN,-39
USC00316096,2010-06-03,TMAX,278
USR0000NNWB,2009-07-27,TMAX,322
USC00316096,2010-06-03,TMIN,217
USR0000NNWB,2009-07-27,TMIN,217
USC00310576,2009-05-15,TMAX,250
USW00013754,2010-04-17,TMIN,150
USC00317170,2007-12-01,TMIN,17
USW00093719,2006-10-23,TMIN,56
USW00013754,2014-10-13,TMAX,289
USW00013754,2014-10-13,TMIN,183
USR0000NCRN,2010-10-12,TMAX,278
USR0000NCRN,2010-10-12,TMIN,200
USC00310356,2007-02-25,TMAX,111
USC00310356,2011-02-28,TMAX,161
USW00093719,2008-10-28,TMIN,22
USW00093719,2008-10-28,TMAX,139
USC00316096,2010-10-18,TMIN,78
USC00316096,2010-10-18,TMAX,244
USR0000NNWB,2012-02-08,TMIN,0
USR0000NNWB,2012-02-08,TMAX,144
USC00315830,2013-11-05,TMAX,244
USW00013754,2012-02-19,TMAX,128
USR0000NHOF,2015-08-31,TMIN,211
USC00310576,2013-03-18,TMIN,83
USC00315830,2013-11-05,TMIN,117
USR0000NCRN,2011-05-23,TMIN,228
USR0000NCRN,2011-05-23,TMAX,278
USC00315830,2015-06-04,TMIN,194
USC00315830,2015-06-04,TMAX,256
USR0000NNWB,2014-10-13,TMIN,161
USC00314684,2007-04-25,TMIN,156
USR0000NNWB,2014-10-13,TMAX,300
USW00013754,2012-02-19,TMIN,61
USC00317170,2010-02-17,TMAX,83
USR0000NHOF,2015-08-31,TMAX,278
USC00317170,2010-02-17,TMIN,-6
USC00314689,2008-10-14,TMAX,283
USC00310576,2013-03-18,TMAX,172
USC00310576,2011-10-25,TMIN,78
USC00314684,2007-04-25,TMAX,283
USC00314689,2006-11-28,TMAX,217
USW00093719,2006-10-23,TMAX,161
USC00314684,2014-03-14,TMIN,-56
USC00314684,2014-03-14,TMAX,78
USC00315830,2007-06-22,TMAX,289
USW00093743,2010-11-02,TMIN,89
USC00314684,2006-12-09,TMAX,33
USC00315830,2007-06-22,TMIN,217
USW00093765,2009-02-03,TMAX,100
USC00310576,2006-02-27,TMAX,106
USW00093765,2012-01-01,TMAX,183
USC00310576,2006-02-27,TMIN,-78
USC00314684,2006-12-09,TMIN,-83
USC00317170,2007-12-01,TMAX,144
USW00013754,2011-07-29,TMAX,389
USC00314684,2012-08-07,TMAX,333
USW00093743,2010-11-02,TMAX,161
USC00310576,2007-03-17,TMAX,217
USW00093719,2009-02-11,TMIN,117
USW00013754,2011-07-29,TMIN,244
USW00013754,2005-12-04,TMAX,211
USW00013754,2005-12-04,TMIN,100
USC00315830,2015-07-19,TMIN,222
USR0000NHOF,2015-05-09,TMAX,278
USC00315830,2015-11-20,TMIN,139
USC00315830,2015-11-20,TMAX,217
USC00315830,2015-03-27,TMIN,161
USW00013754,2011-04-13,TMIN,117
USC00315830,2015-07-19,TMAX,306
USC00314144,2009-09-02,TMIN,161
USW00093719,2009-02-11,TMAX,233
USR0000NHOF,2015-05-09,TMIN,189
USC00315830,2015-03-27,TMAX,206
USC00314144,2009-09-02,TMAX,239
USW00013754,2011-04-13,TMAX,228
USC00316676,2012-12-14,TMIN,39
USC00316676,2012-12-14,TMAX,111
USR0000NNWB,2006-03-09,TMIN,39
USC00310356,2010-12-15,TMAX,11
USW00093719,2015-10-04,TMAX,267
USW00093719,2015-10-04,TMIN,211
USC00316096,2012-05-31,TMAX,311
USC00314689,2012-07-30,TMIN,217
USC00314684,2012-03-15,TMIN,106
USW00013754,2009-01-31,TMAX,83
USC00314684,2012-03-15,TMAX,283
USC00310356,2010-04-08,TMAX,200
USC00314144,2007-07-09,TMAX,294
USW00093719,2008-07-28,TMAX,328
USW00093719,2008-07-28,TMIN,239
USW00093765,2010-10-26,TMAX,267
USW00093765,2010-10-26,TMIN,222
USC00314144,2005-10-19,TMAX,294
USC00314144,2005-10-19,TMIN,128
USW00093765,2014-08-16,TMAX,289
USR0000NHOF,2015-08-13,TMIN,161
USW00013754,2011-01-23,TMAX,67
USW00013754,2011-01-23,TMIN,-127
USR0000NCRN,2014-09-01,TMAX,311
USR0000NCRN,2014-09-01,TMIN,261
USC00310356,2010-04-08,TMIN,156
USC00314684,2005-06-10,TMAX,294
USC00314684,2007-08-03,TMIN,183
USR0000NCRN,2011-07-19,TMIN,194
USW00093765,2015-06-26,TMAX,306
USW00093765,2015-06-26,TMIN,256
USR0000NCRN,2013-05-07,TMIN,111
USR0000NCRN,2013-05-07,TMAX,206
USR0000NCRN,2011-07-19,TMAX,311
USC00314684,2007-08-03,TMAX,322
USW00093719,2014-07-05,TMAX,294
USC00314684,2005-06-10,TMIN,211
USC00310356,2010-12-15,TMIN,-67
USC00310576,2010-05-25,TMAX,272
USR0000NCRN,2007-10-07,TMAX,306
USR0000NCRN,2007-10-07,TMIN,194
USW00093719,2008-09-29,TMAX,283
USW00093719,2008-09-29,TMIN,178
USC00310576,2010-05-25,TMIN,206
USR0000NNWB,2009-11-09,TMIN,72
USC00310576,2008-03-01,TMIN,-11
USC00310576,2008-03-01,TMAX,128
USW00013754,2007-01-12,TMIN,28
USW00013754,2007-01-12,TMAX,211
USC00314144,2005-02-20,TMIN,-11
USW00093765,2009-06-20,TMIN,256
USC00314144,2005-02-20,TMAX,161
USW00093765,2009-06-20,TMAX,311
USW00013754,2010-11-10,TMIN,44
USC00310356,2007-09-23,TMIN,217
USC00314689,2006-12-09,TMIN,-67
USC00316096,2012-05-31,TMIN,167
USC00310576,2012-06-16,TMIN,150
USC00310576,2012-06-16,TMAX,256
USW00093765,2010-04-10,TMAX,194
USW00013754,2009-01-31,TMIN,-38
USC00314689,2006-12-09,TMAX,78
USW00093765,2010-04-10,TMIN,94
USW00013754,2005-04-04,TMAX,244
USR0000NNWB,2009-11-09,TMAX,256
USC00316096,2013-02-05,TMAX,156
USW00013754,2010-11-10,TMAX,178
USC00316096,2013-02-05,TMIN,22
USW00013754,2005-04-04,TMIN,78
USC00314689,2005-11-16,TMIN,172
USR0000NHOF,2005-05-26,TMAX,261
USR0000NHOF,2005-05-26,TMIN,67
USW00013754,2013-11-30,TMAX,144
USR0000NNWB,2011-04-27,TMIN,194
USC00316676,2009-11-01,TMAX,267
USR0000NNWB,2015-10-23,TMAX,278
USW00093719,2012-10-02,TMIN,222
USC00316676,2009-11-01,TMIN,178
USW00093719,2012-10-02,TMAX,283
USC00310356,2011-09-06,TMAX,300
USR0000NNWB,2015-10-23,TMIN,111
USC00310356,2011-09-06,TMIN,250
USC00310356,2015-02-25,TMAX,-11
USC00310356,2015-02-25,TMIN,-39
USW00093719,2010-12-31,TMIN,-39
USW00093743,2011-09-06,TMAX,306
USC00310576,2007-08-21,TMIN,256
USC00314684,2005-06-17,TMIN,189
USW00093743,2011-09-06,TMIN,239
USC00310576,2006-01-01,TMIN,6
USR0000NHOF,2013-05-07,TMAX,172
USW00093719,2005-12-17,TMIN,-11
USW00093743,2013-05-07,TMIN,117
USW00093743,2013-05-07,TMAX,200
USC00310356,2013-05-07,TMIN,150
USC00310356,2013-05-07,TMAX,228
USR0000NNWB,2006-02-09,TMAX,83
USC00314689,2010-12-01,TMAX,217
USW00093719,2005-12-04,TMAX,217
USW00093719,2005-12-04,TMIN,89
USC00314684,2006-06-21,TMAX,328
USC00310576,2006-01-01,TMAX,150
USC00314684,2005-06-17,TMAX,322
USC00314684,2006-06-21,TMIN,217
USW00093719,2005-12-17,TMAX,94
USC00317170,2012-04-15,TMAX,278
USC00314689,2008-03-29,TMIN,78
USC00314689,2008-03-29,TMAX,267
USC00316676,2010-01-26,TMAX,194
USW00013754,2013-09-14,TMAX,267
USW00013754,2013-09-14,TMIN,183
USW00093765,2009-09-15,TMAX,278
USW00093765,2009-09-15,TMIN,172
USW00093765,2009-04-18,TMAX,200
USW00013754,2005-05-19,TMIN,139
USR0000NCRN,2013-08-24,TMIN,206
USW00093719,2014-07-05,TMIN,189
USC00315830,2005-07-02,TMIN,261
USC00315830,2005-07-02,TMAX,300
USW00093765,2009-04-18,TMIN,89
USW00093765,2014-08-16,TMIN,222
USW00013754,2013-11-30,TMIN,28
USR0000NCRN,2013-08-24,TMAX,283
USC00310356,2007-09-23,TMAX,278
USC00316676,2010-01-26,TMIN,17
USC00315830,2007-10-31,TMAX,233
USC00317170,2012-04-15,TMIN,144
USR0000NNWB,2011-04-27,TMAX,278
USW00093765,2006-04-22,TMAX,244
USC00315830,2013-06-26,TMAX,300
USW00013754,2014-02-08,TMAX,67
USW00013754,2014-02-08,TMIN,11
USC00315830,2007-10-31,TMIN,133
USR0000NNWB,2006-02-09,TMIN,-33
USW00093719,2011-06-26,TMAX,344
USW00093765,2006-04-22,TMIN,178
USW00093719,2011-06-26,TMIN,189
USC00314144,2007-07-09,TMIN,194
USR0000NHOF,2015-08-13,TMAX,322
USW00013754,2005-05-19,TMAX,233
USC00315830,2013-06-26,TMIN,239
USC00316676,2012-12-25,TMAX,178
USR0000NNWB,2007-05-14,TMIN,89
USC00314689,2005-11-16,TMAX,261
USC00310356,2015-06-04,TMAX,267
USC00310356,2015-06-04,TMIN,194
USC00317170,2010-12-29,TMAX,94
USW00093743,2008-05-25,TMIN,100
USW00013754,2015-10-23,TMAX,272
USW00093743,2008-05-25,TMAX,244
USR0000NHOF,2007-09-02,TMAX,289
USW00093743,2007-12-05,TMIN,22
USC00316096,2010-08-23,TMIN,233
USC00310576,2006-03-13,TMAX,250
USC00316676,2013-10-27,TMIN,22
USW00093743,2007-06-10,TMIN,178
USC00316676,2013-10-27,TMAX,178
USR0000NCRN,2007-11-05,TMAX,211
USR0000NHOF,2015-06-04,TMAX,289
USR0000NCRN,2007-11-05,TMIN,39
USW00013754,2011-07-22,TMIN,267
USC00315830,2006-02-04,TMIN,128
USW00093765,2012-10-02,TMAX,261
USC00315830,2014-07-10,TMAX,300
USW00093765,2012-10-02,TMIN,244
USW00093765,2008-11-25,TMIN,44
USC00315830,2006-02-04,TMAX,194
USW00093743,2007-12-05,TMAX,139
USR0000NHOF,2007-09-02,TMIN,150
USC00316096,2015-09-21,TMIN,200
USC00314684,2008-03-23,TMIN,44
USC00310356,2008-05-25,TMAX,267
USC00314684,2008-03-23,TMAX,239
USC00310356,2008-05-25,TMIN,144
USR0000NHOF,2015-06-04,TMIN,194
USW00093765,2008-11-25,TMAX,139
USR0000NNWB,2007-01-12,TMAX,206
USR0000NNWB,2007-01-12,TMIN,22
USW00093765,2007-04-25,TMIN,172
USC00317170,2008-04-24,TMIN,139
USC00316676,2006-03-26,TMAX,133
USC00317170,2008-04-24,TMAX,261
USC00316096,2010-09-26,TMAX,289
USC00315830,2014-11-28,TMAX,139
USC00316676,2006-03-26,TMIN,-11
USC00315830,2014-07-10,TMIN,267
USC00316096,2010-09-26,TMIN,217
USC00314144,2006-07-30,TMAX,333
USC00317170,2012-10-02,TMAX,272
USC00317170,2012-10-02,TMIN,217
USW00093719,2011-01-20,TMIN,11
USC00314144,2006-07-30,TMIN,217
USC00314684,2005-09-06,TMAX,294
USW00093765,2006-09-04,TMIN,228
USW00013754,2011-07-22,TMAX,356
USC00314689,2012-05-31,TMIN,172
USW00093765,2005-08-22,TMIN,261
USW00093765,2007-04-25,TMAX,228
USC00316096,2010-08-23,TMAX,294
USC00310576,2006-03-13,TMIN,161
USR0000NNWB,2012-08-16,TMIN,217
USW00013754,2012-08-23,TMAX,289
USC00315830,2006-09-24,TMAX,289
USW00093765,2005-08-22,TMAX,339
USW00013754,2012-08-23,TMIN,222
USR0000NNWB,2012-08-16,TMAX,322
USR0000NHOF,2008-05-25,TMAX,250
USR0000NHOF,2008-05-25,TMIN,56
USW00093743,2007-06-10,TMAX,294
USC00315830,2014-11-28,TMIN,6
USC00314689,2012-05-31,TMAX,322
USC00315830,2006-09-24,TMIN,250
USW00093765,2008-01-13,TMAX,133
USC00315830,2010-01-01,TMIN,72
USC00315830,2010-01-01,TMAX,144
USC00316676,2012-02-01,TMIN,0
USC00316676,2009-08-15,TMIN,211
USC00317170,2010-08-27,TMAX,317
USW00093719,2015-10-14,TMIN,122
USC00317170,2015-06-26,TMIN,250
USW00093719,2015-10-14,TMAX,256
USW00093765,2007-10-26,TMAX,256
USW00093765,2007-10-26,TMIN,217
USC00314684,2006-10-01,TMIN,89
USC00317170,2015-06-26,TMAX,350
USC00310356,2005-05-26,TMAX,189
USW00093765,2008-10-05,TMAX,261
USC00310356,2005-05-26,TMIN,133
USC00316676,2009-08-15,TMAX,261
USR0000NNWB,2011-01-31,TMAX,78
USR0000NNWB,2007-05-14,TMAX,244
USC00317170,2010-08-27,TMIN,206
USC00316676,2012-12-25,TMIN,56
USC00310576,2007-06-12,TMAX,278
USC00310576,2005-05-14,TMIN,117
USC00310576,2005-05-14,TMAX,256
USR0000NNWB,2014-02-08,TMAX,78
USR0000NNWB,2014-02-08,TMIN,-6
USC00316676,2012-02-01,TMAX,206
USC00310576,2007-06-12,TMIN,144
USC00314689,2006-06-21,TMIN,222
USC00314684,2005-01-29,TMIN,-67
USC00314684,2005-01-29,TMAX,11
USR0000NNWB,2011-01-31,TMIN,39
USR0000NNWB,2010-06-15,TMAX,356
USR0000NNWB,2010-06-15,TMIN,228
USC00314689,2006-06-21,TMAX,333
USC00314684,2006-10-01,TMAX,250
USW00093765,2008-10-05,TMIN,111
USC00317170,2012-01-01,TMAX,200
USC00310576,2007-02-22,TMIN,111
USR0000NHOF,2014-10-13,TMIN,144
USR0000NHOF,2014-10-13,TMAX,306
USC00316096,2015-09-21,TMAX,289
USW00013754,2008-10-17,TMAX,233
USW00093719,2011-11-11,TMIN,0
USR0000NNWB,2005-12-17,TMAX,94
USW00013754,2015-10-23,TMIN,106
USC00317170,2008-03-03,TMIN,39
USC00316676,2009-04-03,TMAX,200
USC00316676,2009-04-03,TMIN,150
USC00310356,2014-10-13,TMIN,183
USC00310356,2014-10-13,TMAX,239
USC00317170,2008-03-03,TMAX,228
USW00093719,2011-11-11,TMAX,122
USW00013754,2008-10-17,TMIN,139
USR0000NNWB,2005-12-17,TMIN,-6
USW00093719,2007-02-01,TMAX,39
USR0000NNWB,2008-08-30,TMAX,333
USR0000NNWB,2008-08-30,TMIN,228
USC00317170,2012-01-01,TMIN,17
USC00315830,2010-11-22,TMIN,89
USC00314689,2013-02-05,TMAX,178
USC00315830,2010-11-22,TMAX,189
USC00315830,2014-03-14,TMAX,117
USW00013754,2011-01-26,TMIN,67
USC00315830,2013-02-28,TMIN,83
USC00315830,2013-02-28,TMAX,156
USC00314689,2013-02-05,TMIN,39
USC00310576,2007-02-22,TMAX,167
USC00315830,2014-03-14,TMIN,-33
USW00093719,2007-02-01,TMIN,-33
USW00013754,2011-01-26,TMAX,167
USW00093719,2011-01-20,TMAX,117
USR0000NHOF,2013-05-07,TMIN,94
USC00317170,2009-02-03,TMIN,22
USC00316676,2008-08-11,TMAX,306
USW00093765,2006-08-23,TMIN,233
USW00013754,2012-03-02,TMIN,122
USC00315830,2011-07-13,TMAX,344
USW00093719,2007-03-26,TMAX,239
USR0000NHOF,2007-09-23,TMIN,172
USW00093719,2007-03-26,TMIN,67
USR0000NHOF,2010-04-08,TMAX,272
USC00310356,2014-01-27,TMAX,111
USC00316676,2006-11-04,TMIN,0
USC00316676,2006-11-04,TMAX,117
USR0000NHOF,2010-04-08,TMIN,167
USC00314689,2010-02-17,TMIN,-33
USC00314684,2005-07-29,TMAX,339
USR0000NNWB,2014-03-14,TMAX,161
USR0000NNWB,2014-03-14,TMIN,-39
USC00314684,2005-07-29,TMIN,206
USC00315830,2007-07-14,TMAX,300
USW00093743,2014-01-27,TMIN,61
USR0000NHOF,2015-04-18,TMAX,256
USR0000NHOF,2015-04-18,TMIN,156
USW00093743,2014-01-27,TMAX,139
USC00310356,2014-01-27,TMIN,28
USC00316676,2014-04-09,TMAX,222
USW00093719,2012-04-15,TMAX,278
USC00315830,2005-10-25,TMAX,194
USW00093719,2012-04-15,TMIN,139
USW00013754,2014-12-13,TMIN,-27
USC00314689,2010-02-17,TMAX,78
USW00013754,2014-12-13,TMAX,133
USC00315830,2005-10-25,TMIN,83
USC00316676,2007-09-09,TMAX,306
USC00314689,2007-04-16,TMIN,67
USC00316676,2014-04-09,TMIN,122
USC00315830,2011-07-13,TMIN,233
USR0000NNWB,2015-10-14,TMAX,256
USC00314689,2009-10-06,TMIN,156
USC00314689,2009-10-06,TMAX,217
USW00013754,2014-03-14,TMAX,128
USC00314684,2007-09-27,TMIN,144
USW00093719,2013-11-30,TMAX,144
USW00093719,2013-11-30,TMIN,22
USW00013754,2014-03-14,TMIN,-43
USC00314144,2008-08-25,TMIN,161
USC00316676,2006-08-11,TMAX,317
USC00310576,2013-06-26,TMIN,211
USC00310576,2013-06-26,TMAX,311
USW00013754,2009-03-25,TMAX,117
USW00013754,2009-03-25,TMIN,11
USC00316676,2006-08-11,TMIN,228
USW00093719,2012-02-14,TMAX,133
USW00093719,2012-02-14,TMIN,-6
USC00315830,2008-03-16,TMAX,183
USC00315830,2008-03-16,TMIN,111
USW00093765,2009-09-25,TMIN,211
USC00317170,2011-11-11,TMAX,167
USW00093765,2009-09-25,TMAX,300
USC00314684,2008-12-14,TMIN,-22
USC00317170,2011-11-11,TMIN,50
USC00314684,2008-12-14,TMAX,83
USC00310576,2013-05-07,TMIN,117
USC00310576,2013-05-07,TMAX,233
USC00316676,2008-08-11,TMIN,183
USR0000NHOF,2007-09-23,TMAX,322
USW00013754,2007-10-17,TMAX,272
USC00317170,2014-06-02,TMIN,100
USW00093765,2006-08-23,TMAX,283
USC00315830,2007-07-14,TMIN,217
USR0000NHOF,2014-07-28,TMIN,211
USR0000NHOF,2014-07-28,TMAX,339
USR0000NHOF,2008-12-17,TMAX,222
USR0000NCRN,2013-01-23,TMAX,56
USR0000NCRN,2013-01-23,TMIN,-44
USW00093765,2007-10-24,TMIN,233
USW00093765,2007-10-24,TMAX,283
USC00314144,2009-10-21,TMAX,228
USW00093719,2005-08-12,TMIN,228
USW00093719,2005-08-12,TMAX,339
USW00013754,2009-11-09,TMAX,233
USW00093765,2011-11-26,TMIN,56
USW00093765,2011-11-26,TMAX,189
USR0000NNWB,2014-05-23,TMAX,306
USC00314144,2008-02-16,TMAX,156
USC00314144,2008-02-16,TMIN,44
USC00316096,2010-02-17,TMIN,-44
USC00316096,2010-02-17,TMAX,78
USC00315830,2015-04-07,TMIN,117
USR0000NNWB,2014-05-23,TMIN,194
USC00316096,2009-10-06,TMAX,233
USR0000NNWB,2006-03-09,TMAX,228
USC00314689,2010-08-23,TMIN,233
USC00314689,2010-08-23,TMAX,311
USW00013754,2011-06-26,TMAX,339
USR0000NHOF,2008-12-17,TMIN,89
USW00013754,2011-06-26,TMIN,211
USW00093743,2010-11-29,TMAX,200
USC00316096,2009-10-06,TMIN,156
USR0000NCRN,2005-10-19,TMIN,133
USC00310576,2009-05-15,TMIN,178
USR0000NCRN,2005-10-19,TMAX,283
USC00314144,2009-10-21,TMIN,-6
USC00316096,2011-05-07,TMIN,100
USC00315830,2008-07-20,TMAX,283
USC00315830,2008-07-20,TMIN,233
USW00093719,2008-11-14,TMIN,167
USC00317170,2013-02-05,TMIN,33
USC00316676,2007-09-09,TMIN,178
USW00013754,2012-03-02,TMAX,206
USC00314684,2005-01-31,TMAX,61
USW00093719,2006-04-22,TMAX,256
USW00093719,2006-04-22,TMIN,161
USC00317170,2013-02-05,TMAX,178
USC00314684,2009-01-08,TMAX,217
USC00314684,2009-01-08,TMIN,39
USC00314689,2012-08-07,TMAX,322
USR0000NCRN,2006-05-25,TMIN,194
USR0000NCRN,2006-05-25,TMAX,267
USC00314684,2005-01-31,TMIN,-61
USC00314689,2012-08-07,TMIN,233
USC00315830,2015-03-13,TMIN,67
USC00314144,2008-08-25,TMAX,306
USC00315830,2015-03-13,TMAX,156
USC00314689,2007-02-27,TMAX,172
USC00310356,2014-07-28,TMAX,300
USC00310356,2014-07-28,TMIN,272
USW00093719,2008-11-14,TMAX,217
USC00314689,2007-02-27,TMIN,28
USW00013754,2009-11-09,TMIN,72
USR0000NHOF,2014-01-27,TMIN,56
USW00013754,2015-12-24,TMAX,261
USC00314144,2009-08-11,TMIN,239
USC00314689,2013-12-13,TMAX,122
USC00310356,2015-04-18,TMAX,244
USC00314144,2009-08-11,TMAX,350
USR0000NHOF,2014-01-27,TMAX,211
USC00310356,2015-04-18,TMIN,183
USC00314689,2013-12-13,TMIN,11
USW00013754,2015-12-24,TMIN,222
USW00093719,2015-06-26,TMAX,350
USW00093719,2015-06-26,TMIN,233
USR0000NNWB,2015-10-14,TMIN,139
USW00093719,2010-12-31,TMAX,167
USC00317170,2014-08-16,TMIN,183
USW00013754,2014-05-23,TMIN,200
USC00316096,2011-10-01,TMIN,106
USW00013754,2011-02-19,TMIN,122
USW00013754,2011-02-19,TMAX,217
USR0000NHOF,2007-06-10,TMAX,278
USR0000NHOF,2007-06-10,TMIN,139
USR0000NCRN,2010-06-24,TMIN,250
USC00315830,2014-01-11,TMIN,161
USW00093765,2005-11-12,TMIN,11
USW00093765,2005-11-12,TMAX,178
USC00315830,2014-01-11,TMAX,217
USR0000NHOF,2011-09-06,TMAX,311
USC00310356,2015-08-13,TMAX,283
USC00310356,2013-08-24,TMAX,289
USC00317170,2008-07-13,TMIN,150
USC00314144,2011-05-23,TMIN,183
USR0000NCRN,2010-06-24,TMAX,328
USR0000NHOF,2011-09-06,TMIN,250
USR0000NHOF,2014-11-10,TMAX,211
USW00093765,2011-03-09,TMAX,206
USR0000NHOF,2014-11-10,TMIN,22
USC00316096,2011-05-03,TMAX,256
USC00314144,2011-05-23,TMAX,289
USW00093743,2013-08-24,TMIN,217
USC00317170,2008-07-13,TMAX,322
USW00093743,2013-08-24,TMAX,294
USC00310356,2013-08-24,TMIN,206
USW00093765,2011-08-19,TMIN,211
USW00093765,2011-08-19,TMAX,311
USR0000NNWB,2015-03-02,TMIN,28
USW00093719,2012-02-08,TMAX,150
USW00093719,2012-02-08,TMIN,0
USC00316096,2011-10-01,TMAX,194
USC00314144,2009-01-21,TMAX,11
USR0000NHOF,2015-02-25,TMIN,-39
USC00310576,2014-10-13,TMIN,167
USR0000NHOF,2005-08-04,TMAX,328
USC00310576,2014-10-13,TMAX,244
USR0000NHOF,2015-02-25,TMAX,67
USC00314684,2013-02-05,TMIN,-44
USC00310576,2015-05-09,TMAX,272
USW00093765,2012-06-25,TMIN,239
USC00310576,2015-05-09,TMIN,183
USC00317170,2009-02-03,TMAX,106
USR0000NHOF,2005-08-04,TMIN,172
USC00314689,2010-12-01,TMIN,122
USC00310576,2007-08-21,TMAX,350
USW00093765,2012-06-25,TMAX,294
USC00316676,2010-07-08,TMAX,361
USC00314684,2013-02-05,TMAX,89
USR0000NNWB,2014-05-12,TMIN,194
USW00093719,2012-01-12,TMAX,167
USC00317170,2014-08-16,TMAX,328
USC00315830,2007-03-13,TMIN,61
USC00315830,2007-03-13,TMAX,200
USR0000NNWB,2014-05-12,TMAX,333
USW00013754,2014-05-23,TMAX,306
USC00310356,2015-08-13,TMIN,228
USC00315830,2012-05-19,TMIN,139
USC00314684,2008-01-24,TMAX,133
USW00093765,2012-04-15,TMAX,244
USW00093765,2012-04-15,TMIN,183
USC00315830,2012-05-19,TMAX,239
USW00093765,2011-03-09,TMIN,78
USC00314144,2009-01-21,TMIN,-111
USC00314684,2008-01-24,TMIN,28
USW00093765,2008-01-13,TMIN,83
USC00314144,2007-07-11,TMIN,217
USW00093765,2005-09-06,TMIN,222
USC00314689,2005-04-29,TMAX,244
USC00314144,2006-05-25,TMAX,300
USC00314144,2006-05-25,TMIN,133
USC00310576,2009-03-08,TMIN,128
USW00013754,2013-10-11,TMAX,189
USC00316676,2010-07-08,TMIN,233
USC00310576,2009-03-08,TMAX,261
USW00013754,2013-10-11,TMIN,150
USC00315830,2008-04-29,TMIN,144
USC00315830,2008-04-29,TMAX,222
USC00317170,2011-11-26,TMIN,22
USC00317170,2011-11-26,TMAX,211
USC00316096,2011-05-03,TMIN,150
USC00314684,2005-11-23,TMIN,-17
USC00310356,2010-11-29,TMIN,72
USC00317170,2007-12-07,TMAX,128
USC00314684,2005-11-23,TMAX,117
USC00310356,2005-08-04,TMAX,311
USC00310356,2005-08-04,TMIN,233
USC00317170,2007-12-07,TMIN,11
USC00310576,2015-06-04,TMIN,189
USC00310576,2015-06-04,TMAX,256
USC00317170,2014-06-02,TMAX,278
USC00314689,2005-04-29,TMIN,122
USW00013754,2012-10-02,TMAX,267
USC00315830,2014-06-22,TMAX,294
USC00315830,2014-06-22,TMIN,222
USC00314684,2007-09-27,TMAX,311
USR0000NCRN,2015-01-11,TMAX,139
USR0000NNWB,2011-06-26,TMAX,361
USR0000NNWB,2011-06-26,TMIN,200
USW00013754,2012-10-02,TMIN,228
USW00013754,2008-08-30,TMAX,311
USW00013754,2008-08-30,TMIN,217
USR0000NNWB,2012-07-22,TMAX,333
USW00013754,2007-10-17,TMIN,178
USR0000NNWB,2015-03-02,TMAX,178
USW00093765,2007-02-01,TMIN,-32
USW00093765,2007-02-01,TMAX,67
USC00315830,2013-03-18,TMAX,183
USC00315830,2013-03-18,TMIN,89
USC00314689,2012-07-30,TMAX,311
USC00310356,2014-11-10,TMAX,161
USR0000NCRN,2008-05-25,TMAX,267
USR0000NCRN,2008-05-25,TMIN,94
USW00093765,2011-11-11,TMIN,44
USW00093765,2011-11-11,TMAX,139
USW00093765,2005-09-06,TMAX,283
USW00093719,2012-01-12,TMIN,94
USC00310356,2014-11-10,TMIN,100
USC00314144,2007-07-11,TMAX,328
USR0000NHOF,2006-02-12,TMAX,67
USC00315830,2010-06-12,TMAX,300
USR0000NNWB,2012-07-22,TMIN,228
USR0000NHOF,2007-12-05,TMIN,-6
USC00314144,2010-10-12,TMIN,172
USC00314144,2010-10-12,TMAX,289
USC00316676,2009-08-25,TMIN,194
USR0000NCRN,2015-01-11,TMIN,-67
USC00310356,2010-11-29,TMAX,128
USR0000NHOF,2006-02-12,TMIN,-50
USC00316676,2009-08-25,TMAX,300
USR0000NNWB,2008-03-05,TMAX,206
USR0000NHOF,2007-12-05,TMAX,117
USR0000NNWB,2012-10-02,TMIN,228
USR0000NNWB,2008-03-05,TMIN,78
USC00315830,2010-06-12,TMIN,222
USR0000NNWB,2012-10-02,TMAX,283
USC00314689,2013-09-14,TMAX,306
USC00314689,2013-09-14,TMIN,161
USC00310356,2012-04-16,TMAX,222
USC00310576,2015-09-11,TMIN,217
USC00310576,2009-03-04,TMIN,-39
USC00310576,2009-03-04,TMAX,39
USR0000NHOF,2008-11-30,TMAX,194
USC00314684,2014-11-10,TMAX,172
USR0000NHOF,2008-11-30,TMIN,89
USC00310576,2015-09-11,TMAX,328
USC00310356,2007-11-28,TMIN,72
USC00314684,2013-10-10,TMAX,161
USC00317170,2010-08-31,TMAX,356
USC00314144,2006-05-24,TMAX,272
USC00314144,2006-05-24,TMIN,78
USC00314684,2013-10-10,TMIN,139
USC00314689,2006-10-07,TMIN,111
USC00314689,2006-10-07,TMAX,183
USC00317170,2010-08-31,TMIN,200
USC00310356,2007-11-28,TMAX,183
USR0000NCRN,2011-11-11,TMIN,-11
USR0000NCRN,2011-11-11,TMAX,122
USW00013754,2008-07-20,TMIN,233
USC00314689,2007-08-28,TMAX,328
USC00314689,2007-08-28,TMIN,228
USW00093765,2012-12-14,TMAX,150
USR0000NNWB,2006-06-22,TMAX,333
USC00314684,2014-09-01,TMAX,322
USW00093765,2012-04-16,TMIN,183
USC00314684,2007-05-04,TMAX,222
USR0000NCRN,2013-06-28,TMAX,289
USR0000NCRN,2013-06-28,TMIN,256
USC00314684,2007-05-04,TMIN,133
USC00314684,2014-09-01,TMIN,200
USW00093765,2012-04-16,TMAX,256
USW00093719,2011-10-25,TMIN,83
USC00314684,2014-11-10,TMIN,11
USC00314689,2009-06-20,TMAX,339
USW00093765,2005-01-29,TMAX,89
USC00316676,2012-09-10,TMAX,250
USC00314684,2011-12-11,TMIN,-11
USC00316676,2012-09-10,TMIN,150
USC00314689,2009-12-22,TMAX,89
USC00316676,2008-04-18,TMIN,67
USC00314689,2009-12-22,TMIN,-33
USC00316676,2008-04-18,TMAX,250
USW00093743,2010-01-26,TMAX,122
USR0000NCRN,2012-11-21,TMAX,150
USR0000NCRN,2012-11-21,TMIN,83
USW00093743,2010-01-26,TMIN,44
USR0000NNWB,2012-07-04,TMIN,250
USR0000NNWB,2012-07-04,TMAX,361
USR0000NHOF,2005-06-01,TMIN,144
USC00315830,2012-08-02,TMAX,306
USC00316096,2010-01-01,TMIN,22
USW00093719,2015-08-06,TMIN,228
USW00093719,2015-08-06,TMAX,344
USR0000NHOF,2010-01-26,TMIN,11
USR0000NHOF,2010-01-26,TMAX,111
USC00310576,2008-12-25,TMIN,72
USW00093765,2013-05-05,TMIN,139
USR0000NNWB,2006-06-22,TMIN,206
USW00093765,2005-01-29,TMIN,-33
USC00310356,2005-07-02,TMIN,256
USC00310356,2005-07-02,TMAX,289
USC00314689,2009-06-20,TMIN,239
USC00315830,2012-08-02,TMIN,211
USC00310576,2008-12-25,TMAX,217
USC00316096,2010-01-01,TMAX,133
USW00093765,2013-05-05,TMAX,217
USW00093719,2011-10-25,TMAX,211
USR0000NCRN,2010-09-12,TMIN,178
USR0000NCRN,2010-09-12,TMAX,283
USC00310356,2006-02-04,TMIN,-33
USW00093719,2007-06-07,TMIN,172
USC00314689,2005-08-12,TMIN,233
USC00315830,2012-10-29,TMAX,150
USC00315830,2012-10-29,TMIN,100
USR0000NHOF,2005-07-02,TMAX,317
USR0000NHOF,2005-07-02,TMIN,211
USC00315830,2015-04-04,TMAX,222
USC00314689,2005-08-12,TMAX,328
USW00093719,2007-06-07,TMAX,317
USC00315830,2015-04-04,TMIN,156
USC00310356,2013-10-28,TMAX,222
USC00314689,2011-12-28,TMIN,56
USC00314689,2011-12-28,TMAX,178
USC00310576,2006-07-30,TMIN,233
USC00317170,2014-04-10,TMIN,50
USC00310576,2006-07-30,TMAX,322
USW00093719,2006-09-24,TMAX,311
USC00314689,2014-07-28,TMIN,256
USW00013754,2015-04-18,TMAX,244
USW00093719,2006-09-24,TMIN,233
USW00013754,2015-04-18,TMIN,172
USW00013754,2010-12-10,TMAX,194
USW00093765,2012-07-14,TMIN,239
USC00310576,2005-02-20,TMAX,111
USC00314684,2014-05-12,TMAX,300
USC00310576,2005-02-20,TMIN,-6
USC00314684,2014-05-12,TMIN,167
USR0000NNWB,2008-01-30,TMAX,189
USR0000NNWB,2008-01-30,TMIN,28
USC00317170,2014-04-10,TMAX,244
USW00013754,2010-12-10,TMIN,-32
USC00310356,2013-10-28,TMIN,139
USW00093765,2012-07-14,TMAX,311
USR0000NNWB,2007-04-09,TMAX,139
USC00317170,2008-10-28,TMAX,144
USC00317170,2008-10-28,TMIN,44
USC00315830,2013-02-06,TMIN,56
USC00316676,2010-07-25,TMIN,256
USW00093719,2006-08-23,TMIN,217
USW00093719,2006-08-23,TMAX,294
USC00310576,2010-06-12,TMAX,333
USC00317170,2013-05-05,TMIN,122
USC00317170,2013-05-05,TMAX,206
USC00317170,2010-03-29,TMIN,150
USC00317170,2010-03-29,TMAX,194
USC00316096,2009-08-25,TMAX,294
USW00093743,2013-10-28,TMIN,78
USW00093765,2012-12-14,TMIN,33
USC00316096,2009-08-25,TMIN,194
USR0000NHOF,2015-03-17,TMAX,311
USC00310576,2010-06-12,TMIN,178
USR0000NNWB,2015-04-18,TMIN,178
USR0000NNWB,2007-04-09,TMIN,6
USW00093743,2013-10-28,TMAX,217
USC00310356,2006-02-04,TMAX,178
USR0000NNWB,2009-12-11,TMAX,33
USR0000NNWB,2009-12-11,TMIN,-22
USC00310576,2015-08-13,TMAX,300
USC00315830,2013-02-06,TMAX,189
USC00310576,2015-08-13,TMIN,161
USW00093719,2009-01-31,TMIN,-33
USC00315830,2006-09-04,TMIN,228
USW00013754,2008-07-20,TMAX,283
USC00316676,2010-07-25,TMAX,344
USR0000NNWB,2015-04-18,TMAX,250
USC00315830,2006-09-04,TMAX,300
USW00093719,2009-01-31,TMAX,83
USR0000NNWB,2008-05-25,TMIN,100
USC00310356,2010-01-26,TMIN,72
USC00315830,2007-04-25,TMIN,172
USC00317170,2013-10-10,TMAX,172
USC00310576,2015-12-02,TMIN,117
USC00314144,2007-08-07,TMAX,350
USC00316676,2015-08-25,TMAX,306
USW00013754,2012-02-24,TMIN,161
USC00316676,2015-02-10,TMIN,61
USC00317170,2013-10-10,TMIN,156
USC00310576,2013-12-28,TMAX,128
USC00314684,2005-04-04,TMIN,78
USC00316676,2011-10-18,TMAX,300
USC00316676,2015-02-10,TMAX,233
USC00316676,2011-10-18,TMIN,128
USC00314684,2005-04-04,TMAX,200
USC00317170,2008-03-29,TMAX,194
USW00093743,2010-08-19,TMIN,233
USW00093743,2010-08-19,TMAX,300
USW00093765,2010-03-29,TMAX,183
USC00316676,2015-04-10,TMAX,261
USR0000NCRN,2010-11-29,TMIN,33
USR0000NHOF,2006-04-23,TMAX,278
USR0000NHOF,2006-04-23,TMIN,156
USC00316676,2015-08-25,TMIN,206
USR0000NCRN,2010-11-29,TMAX,178
USC00314144,2007-08-07,TMIN,239
USR0000NHOF,2005-06-01,TMAX,211
USC00314144,2005-04-17,TMIN,-6
USC00314144,2005-04-17,TMAX,211
USR0000NCRN,2007-12-14,TMAX,256
USR0000NCRN,2007-12-14,TMIN,72
USC00317170,2008-03-29,TMIN,72
USW00093765,2010-03-29,TMIN,128
USC00314689,2012-02-08,TMIN,0
USC00316676,2013-11-29,TMAX,83
USC00310576,2013-03-19,TMAX,172
USW00093719,2013-05-05,TMIN,128
USR0000NHOF,2006-12-05,TMIN,-72
USW00013754,2012-02-24,TMAX,217
USW00093719,2015-12-08,TMAX,150
USR0000NNWB,2007-06-22,TMAX,333
USC00316096,2011-02-10,TMIN,-44
USW00013754,2012-01-12,TMAX,172
USW00013754,2012-01-12,TMIN,89
USC00314689,2012-03-11,TMAX,167
USW00093719,2009-05-02,TMAX,289
USC00314689,2012-03-11,TMIN,0
USR0000NHOF,2015-08-19,TMAX,289
USC00316676,2008-02-11,TMIN,-6
USC00314144,2008-10-21,TMIN,-11
USC00315830,2007-05-14,TMAX,233
USC00310356,2011-11-27,TMIN,83
USC00316676,2008-02-11,TMAX,194
USC00310356,2011-11-27,TMAX,183
USW00093719,2009-05-02,TMIN,194
USW00093719,2013-05-05,TMAX,217
USW00093719,2006-06-22,TMAX,322
USW00093719,2006-06-22,TMIN,194
USC00310576,2013-03-19,TMIN,89
USC00310576,2013-12-28,TMIN,0
USC00310576,2015-12-02,TMAX,156
USW00093719,2008-05-25,TMAX,261
USC00316096,2011-02-10,TMAX,39
USW00093719,2008-05-25,TMIN,94
USC00315830,2007-05-14,TMIN,117
USW00093719,2015-04-18,TMIN,172
USC00316096,2014-09-01,TMAX,311
USC00316096,2014-09-01,TMIN,244
USW00093719,2015-04-18,TMAX,250
USR0000NCRN,2015-11-25,TMIN,-6
USC00314684,2008-08-09,TMAX,311
USC00314689,2012-02-08,TMAX,144
USC00310356,2010-08-19,TMIN,244
USC00310356,2010-08-19,TMAX,317
USR0000NNWB,2011-04-01,TMAX,128
USW00013754,2009-09-07,TMIN,211
USC00310356,2015-08-19,TMAX,289
USC00315830,2015-01-02,TMIN,-22
USW00013754,2009-09-07,TMAX,228
USC00310576,2005-11-07,TMAX,239
USC00315830,2009-10-26,TMAX,200
USC00314684,2009-11-01,TMAX,261
USC00315830,2015-01-02,TMAX,111
USC00310576,2008-11-20,TMIN,0
USC00310576,2008-11-20,TMAX,72
USC00314689,2011-09-09,TMIN,183
USC00314689,2011-09-09,TMAX,306
USC00310576,2005-11-07,TMIN,139
USC00317170,2010-12-02,TMIN,11
USC00310356,2010-01-26,TMAX,167
USC00315830,2007-04-25,TMAX,233
USR0000NCRN,2006-12-27,TMIN,6
USC00310356,2012-03-07,TMAX,128
USC00310356,2012-03-07,TMIN,39
USW00093765,2006-02-27,TMAX,100
USR0000NNWB,2011-04-01,TMIN,44
USW00093765,2010-12-20,TMIN,-21
USR0000NHOF,2015-03-17,TMIN,94
USW00093765,2006-02-27,TMIN,-27
USC00314684,2011-12-11,TMAX,111
USC00317170,2012-04-16,TMAX,300
USC00317170,2012-04-16,TMIN,139
USC00314684,2009-11-01,TMIN,178
USW00093765,2010-12-20,TMAX,56
USC00315830,2012-12-26,TMAX,189
USC00315830,2012-12-26,TMIN,89
USC00315830,2006-07-19,TMIN,217
USC00310356,2013-06-28,TMAX,278
USC00316676,2015-04-10,TMIN,144
USC00310356,2013-06-28,TMIN,244
USC00310576,2011-04-20,TMIN,106
USW00093743,2013-06-28,TMAX,294
USW00093743,2013-06-28,TMIN,250
USW00093743,2012-03-07,TMIN,33
USC00316676,2010-05-24,TMAX,256
USC00316676,2013-11-29,TMIN,-6
USW00093743,2008-11-30,TMIN,100
USC00314689,2010-01-01,TMAX,100
USC00314689,2010-01-01,TMIN,72
USW00093743,2008-11-30,TMAX,178
USR0000NCRN,2015-11-25,TMAX,167
USC00314684,2008-08-09,TMIN,183
USR0000NCRN,2006-12-27,TMAX,117
USC00310356,2015-08-19,TMIN,239
USW00093743,2012-03-07,TMAX,183
USC00315830,2006-07-19,TMAX,322
USC00316096,2012-07-22,TMAX,311
USC00316676,2005-06-02,TMAX,217
USR0000NNWB,2012-03-02,TMIN,122
USC00316096,2012-07-22,TMIN,233
USC00314684,2010-06-26,TMIN,206
USC00316096,2010-04-10,TMIN,44
USC00314684,2010-06-26,TMAX,344
USC00310356,2006-04-23,TMAX,222
USC00316676,2010-05-24,TMIN,183
USC00310356,2006-04-23,TMIN,172
USC00310576,2011-04-20,TMAX,256
USC00315830,2009-10-26,TMIN,144
USC00316096,2010-04-10,TMAX,194
USC00316676,2005-06-02,TMIN,161
USR0000NNWB,2008-05-25,TMAX,272
USC00314689,2014-07-28,TMAX,322
USR0000NNWB,2011-02-12,TMIN,-33
USC00314684,2011-07-08,TMAX,344
USR0000NHOF,2009-10-07,TMIN,117
USR0000NHOF,2009-10-07,TMAX,283
USR0000NHOF,2009-05-21,TMAX,244
USR0000NHOF,2009-05-21,TMIN,128
USC00314684,2011-07-08,TMIN,217
USC00314144,2009-08-03,TMIN,222
USC00314144,2009-08-03,TMAX,294
USC00316676,2005-01-17,TMIN,-11
USC00314684,2009-02-03,TMIN,6
USC00317170,2014-11-10,TMIN,44
USW00093719,2008-04-24,TMAX,250
USC00317170,2014-11-10,TMAX,194
USC00316676,2006-09-19,TMIN,156
USW00093719,2008-04-24,TMIN,133
USR0000NNWB,2012-04-16,TMIN,161
USR0000NNWB,2012-04-16,TMAX,289
USC00314684,2007-08-13,TMIN,167
USC00317170,2014-09-01,TMIN,233
USC00314684,2015-01-29,TMIN,-72
USC00314689,2014-06-22,TMAX,317
USC00310576,2005-09-07,TMAX,283
USC00310576,2005-09-07,TMIN,211
USC00316676,2006-09-19,TMAX,283
USC00314684,2015-01-29,TMAX,67
USC00315830,2014-08-16,TMAX,289
USC00314689,2014-06-22,TMIN,206
USC00314144,2006-11-16,TMIN,172
USR0000NHOF,2006-05-24,TMIN,44
USR0000NHOF,2006-05-24,TMAX,256
USC00314144,2006-11-16,TMAX,250
USC00315830,2014-08-16,TMIN,178
USW00093719,2014-03-13,TMAX,100
USC00310356,2007-07-17,TMAX,294
USC00310356,2013-03-19,TMIN,94
USR0000NHOF,2013-03-19,TMAX,189
USC00314144,2008-09-18,TMAX,261
USC00314144,2008-09-18,TMIN,122
USC00314684,2010-11-08,TMAX,106
USC00315830,2008-11-14,TMAX,206
USC00315830,2009-06-10,TMAX,289
USW00013754,2010-10-29,TMIN,61
USC00315830,2008-11-14,TMIN,156
USR0000NNWB,2015-12-08,TMIN,44
USC00314684,2010-11-08,TMIN,-11
USW00093765,2015-05-09,TMIN,211
USR0000NNWB,2015-12-08,TMAX,161
USW00093765,2015-05-09,TMAX,267
USW00013754,2010-10-26,TMAX,272
USR0000NNWB,2007-08-08,TMAX,383
USR0000NNWB,2010-03-11,TMAX,206
USR0000NNWB,2006-08-11,TMAX,256
USC00316676,2008-08-21,TMAX,317
USC00316676,2008-08-21,TMIN,206
USC00310356,2007-07-17,TMIN,244
USW00093743,2013-03-19,TMAX,206
USW00093743,2013-03-19,TMIN,67
USC00317170,2012-07-14,TMIN,217
USC00310356,2013-03-19,TMAX,206
USC00317170,2012-07-14,TMAX,317
USR0000NCRN,2006-04-23,TMIN,172
USR0000NNWB,2006-08-11,TMIN,228
USW00013754,2010-10-26,TMIN,211
USC00310356,2006-05-24,TMIN,139
USC00310356,2006-05-24,TMAX,261
USR0000NNWB,2010-03-11,TMIN,139
USR0000NCRN,2006-04-23,TMAX,261
USR0000NCRN,2007-07-24,TMAX,306
USC00314689,2009-08-25,TMAX,311
USC00314689,2009-08-25,TMIN,194
USW00013754,2015-06-03,TMAX,261
USW00013754,2015-06-03,TMIN,200
USC00314689,2012-06-25,TMAX,328
USC00310356,2009-10-07,TMIN,194
USC00316676,2007-04-06,TMIN,33
USC00316096,2009-06-20,TMIN,228
USW00013754,2012-04-16,TMIN,144
USW00013754,2012-04-16,TMAX,278
USC00310356,2009-10-07,TMAX,261
USC00316096,2009-06-20,TMAX,339
USR0000NHOF,2011-11-11,TMAX,122
USR0000NHOF,2011-11-11,TMIN,-28
USC00314689,2005-01-31,TMIN,0
USC00316676,2006-12-15,TMAX,178
USC00314689,2005-01-31,TMAX,78
USC00316676,2013-06-27,TMIN,206
USC00316676,2013-06-27,TMAX,311
USC00314144,2006-10-23,TMIN,106
USC00310356,2015-03-17,TMIN,83
USC00314144,2006-10-23,TMAX,178
USC00310576,2010-01-26,TMIN,39
USC00310576,2010-01-26,TMAX,206
USW00093719,2007-12-28,TMIN,33
USW00013754,2010-10-29,TMAX,217
USC00316676,2007-09-24,TMAX,322
USC00314684,2010-01-01,TMIN,28
USW00013754,2007-04-09,TMAX,139
USW00013754,2007-04-09,TMIN,-5
USR0000NCRN,2015-03-09,TMIN,83
USC00316676,2006-12-15,TMIN,128
USR0000NCRN,2015-03-09,TMAX,161
USC00316676,2007-09-24,TMIN,200
USC00310356,2005-04-30,TMAX,200
USC00310356,2005-04-30,TMIN,161
USC00315830,2011-09-22,TMIN,222
USR0000NHOF,2014-10-12,TMAX,228
USW00093719,2014-03-13,TMIN,-16
USC00315830,2010-02-18,TMAX,106
USC00310356,2011-11-11,TMAX,233
USC00315830,2010-02-18,TMIN,-11
USC00317170,2010-12-20,TMIN,-6
USR0000NHOF,2014-10-12,TMIN,161
USC00317170,2010-12-20,TMAX,72
USC00310356,2014-10-12,TMAX,267
USC00316676,2015-09-21,TMIN,194
USC00314684,2007-08-13,TMAX,372
USR0000NCRN,2007-07-24,TMIN,172
USC00315830,2009-06-10,TMIN,189
USC00317170,2014-09-01,TMAX,356
USC00310356,2014-10-12,TMIN,178
USR0000NHOF,2013-03-19,TMIN,44
USC00310576,2008-09-25,TMIN,167
USC00310576,2008-09-25,TMAX,217
USC00314689,2006-01-19,TMIN,17
USC00315830,2011-09-22,TMAX,283
USC00314689,2012-06-25,TMIN,222
USC00314689,2006-01-19,TMAX,172
USC00316676,2015-09-21,TMAX,294
USW00093719,2010-12-24,TMAX,72
USC00310356,2011-11-11,TMIN,78
USC00314684,2009-02-03,TMAX,161
USW00093743,2009-10-07,TMAX,294
USW00093743,2009-10-07,TMIN,172
USC00316676,2007-04-06,TMAX,194
USW00093743,2011-11-11,TMIN,6
USW00093743,2011-11-11,TMAX,122
USW00093719,2010-12-24,TMIN,-39
USC00316676,2005-01-17,TMAX,56
USC00316676,2009-01-08,TMAX,222
USC00310576,2008-07-10,TMAX,300
USW00013754,2008-01-30,TMAX,267
USC00314689,2011-05-31,TMAX,361
USC00314684,2013-05-05,TMAX,200
USC00314684,2013-05-05,TMIN,106
USW00093719,2011-03-30,TMAX,133
USR0000NCRN,2005-04-17,TMAX,194
USW00093719,2011-03-30,TMIN,33
USC00310356,2011-10-06,TMAX,244
USR0000NCRN,2005-04-17,TMIN,39
USR0000NHOF,2006-02-04,TMIN,89
USC00315830,2005-08-22,TMAX,333
USC00315830,2005-08-22,TMIN,244
USR0000NHOF,2007-07-17,TMIN,239
USC00310356,2011-10-06,TMIN,133
USC00310576,2006-11-05,TMIN,-28
USC00310576,2006-11-05,TMAX,144
USW00013754,2009-12-11,TMIN,-5
USC00314144,2007-02-01,TMAX,33
USC00316096,2014-07-28,TMIN,211
USC00317170,2010-12-02,TMAX,133
USC00310576,2011-12-24,TMIN,67
USR0000NHOF,2007-07-17,TMAX,322
USC00317170,2015-07-27,TMAX,333
USC00317170,2015-07-27,TMIN,194
USC00310576,2011-08-10,TMIN,233
USR0000NCRN,2013-01-10,TMIN,78
USC00314689,2013-10-10,TMIN,139
USC00314689,2013-10-10,TMAX,156
USC00314689,2011-05-31,TMIN,217
USR0000NCRN,2013-01-10,TMAX,172
USW00013754,2009-12-11,TMAX,50
USC00314144,2007-02-01,TMIN,-61
USC00310576,2011-12-24,TMAX,211
USC00310576,2013-08-23,TMIN,206
USW00013754,2014-03-13,TMIN,-27
USC00310576,2013-08-23,TMAX,306
USC00310576,2015-06-27,TMAX,339
USC00310576,2015-06-27,TMIN,217
USC00314684,2006-03-17,TMIN,39
USC00314689,2005-10-18,TMIN,100
USC00314689,2005-10-18,TMAX,272
USC00316096,2012-02-08,TMIN,6
USC00316096,2013-10-10,TMAX,172
USR0000NCRN,2006-05-24,TMIN,106
USR0000NNWB,2012-03-02,TMAX,200
USW00093719,2006-04-10,TMIN,17
USC00314684,2006-03-17,TMAX,189
USW00093719,2006-04-10,TMAX,178
USC00317170,2015-05-09,TMAX,272
USC00317170,2015-05-09,TMIN,189
USR0000NCRN,2006-05-24,TMAX,244
USC00310576,2015-01-11,TMIN,-28
USW00013754,2009-06-14,TMIN,189
USC00314689,2005-11-12,TMIN,17
USC00310576,2011-08-10,TMAX,367
USW00013754,2014-03-13,TMAX,106
USR0000NHOF,2006-02-04,TMAX,200
USW00013754,2010-03-11,TMIN,128
USW00013754,2010-03-11,TMAX,189
USW00093765,2007-11-30,TMIN,50
USW00013754,2009-06-14,TMAX,300
USW00093765,2007-11-30,TMAX,139
USR0000NCRN,2013-12-14,TMIN,0
USC00314689,2005-11-12,TMAX,183
USC00316676,2011-06-26,TMAX,328
USC00316676,2011-06-26,TMIN,189
USC00316096,2012-02-08,TMAX,150
USC00316096,2013-10-10,TMIN,150
USR0000NCRN,2013-12-14,TMAX,189
USR0000NHOF,2006-12-05,TMAX,122
USC00310356,2009-05-21,TMAX,239
USW00093719,2011-08-27,TMIN,217
USW00013754,2011-04-01,TMIN,39
USR0000NCRN,2011-11-27,TMIN,56
USR0000NCRN,2011-11-27,TMAX,222
USW00013754,2011-04-01,TMAX,139
USC00317170,2012-12-14,TMAX,150
USW00093719,2011-12-17,TMIN,0
USW00093743,2013-12-24,TMAX,156
USW00093743,2013-12-24,TMIN,11
USW00093765,2007-12-07,TMAX,156
USC00314689,2013-05-05,TMAX,172
USW00093765,2007-12-07,TMIN,17
USC00314689,2013-05-05,TMIN,106
USW00093743,2009-05-21,TMAX,244
USC00314689,2010-09-26,TMIN,228
USC00317170,2009-01-03,TMAX,161
USC00317170,2009-01-03,TMIN,28
USC00317170,2014-06-12,TMAX,333
USW00013754,2008-01-30,TMIN,50
USR0000NNWB,2007-08-08,TMIN,272
USC00314689,2010-09-26,TMAX,339
USW00013754,2012-07-04,TMAX,339
USW00013754,2012-07-04,TMIN,256
USW00093743,2009-05-21,TMIN,156
USW00093765,2014-04-10,TMAX,206
USC00314689,2005-12-04,TMAX,189
USW00013754,2009-03-12,TMIN,78
USC00316676,2009-01-08,TMIN,44
USW00013754,2009-03-12,TMAX,156
USC00317170,2014-06-12,TMIN,217
USC00314689,2005-12-04,TMIN,67
USC00310576,2008-07-10,TMIN,228
USC00317170,2012-12-14,TMIN,17
USW00093765,2014-04-10,TMIN,89
USC00310576,2015-10-04,TMIN,217
USC00310576,2009-03-25,TMIN,22
USC00316096,2013-05-05,TMIN,128
USC00316096,2013-05-05,TMAX,217
USR0000NCRN,2014-10-12,TMIN,172
USC00316676,2007-04-16,TMAX,244
USR0000NCRN,2014-10-12,TMAX,233
USW00013754,2008-05-25,TMAX,250
USW00013754,2007-06-22,TMIN,189
USW00013754,2008-05-25,TMIN,100
USW00093765,2008-01-24,TMIN,22
USW00093765,2008-01-24,TMAX,133
USW00093765,2011-05-03,TMAX,261
USC00316676,2007-04-16,TMIN,67
USC00316096,2014-07-28,TMAX,311
USC00310576,2015-01-11,TMAX,78
USW00093719,2011-08-27,TMAX,261
USC00310356,2009-05-21,TMIN,150
USW00093765,2011-05-03,TMIN,200
USW00013754,2007-06-22,TMAX,322
USC00310576,2009-03-25,TMAX,133
USC00310576,2015-10-04,TMAX,289
USC00314689,2005-11-29,TMIN,161
USW00093719,2012-04-16,TMAX,294
USR0000NNWB,2014-03-13,TMIN,-22
USW00093719,2012-04-16,TMIN,150
USR0000NNWB,2011-02-12,TMAX,133
USR0000NNWB,2014-03-13,TMAX,89
USC00315830,2006-03-09,TMIN,61
USC00315830,2006-03-09,TMAX,189
USC00314689,2010-07-06,TMAX,339
USC00314689,2010-07-06,TMIN,200
USC00314689,2008-06-08,TMIN,239
USC00314689,2008-06-08,TMAX,372
USC00314689,2005-11-29,TMAX,233
USW00093719,2015-12-08,TMIN,33
USC00314144,2008-10-21,TMAX,222
USR0000NNWB,2007-06-22,TMIN,194
USC00316096,2015-05-09,TMIN,194
USC00310356,2006-12-27,TMIN,44
USC00310356,2006-12-27,TMAX,156
USC00310356,2015-10-04,TMAX,289
USC00316096,2015-05-09,TMAX,267
USC00316676,2015-12-23,TMIN,178
USC00310356,2015-10-04,TMIN,206
USC00316096,2012-01-01,TMIN,6
USR0000NNWB,2010-12-10,TMIN,-50
USC00314684,2012-06-15,TMAX,256
USC00314684,2012-06-15,TMIN,139
USC00316676,2010-07-04,TMAX,278
USC00316676,2010-07-04,TMIN,139
USR0000NHOF,2015-10-04,TMAX,256
USR0000NNWB,2010-12-10,TMAX,117
USC00316096,2012-01-01,TMAX,183
USR0000NHOF,2015-10-04,TMIN,206
USC00314689,2014-05-12,TMAX,311
USR0000NNWB,2011-01-07,TMAX,83
USC00314689,2014-05-12,TMIN,206
USC00317170,2009-04-26,TMIN,161
USR0000NHOF,2008-06-27,TMIN,233
USR0000NHOF,2008-06-27,TMAX,333
USC00316676,2015-12-23,TMAX,222
USR0000NHOF,2009-07-27,TMIN,189
USC00314144,2011-03-22,TMIN,122
USC00314689,2009-08-10,TMIN,233
USC00314689,2009-08-10,TMAX,356
USR0000NHOF,2009-07-27,TMAX,306
USR0000NHOF,2010-06-24,TMIN,250
USC00316676,2009-09-11,TMIN,178
USR0000NHOF,2010-06-24,TMAX,361
USC00316676,2009-02-16,TMAX,122
USW00013754,2011-06-04,TMAX,311
USW00013754,2011-06-04,TMIN,144
USC00316676,2007-01-31,TMIN,-6
USW00093719,2010-02-18,TMIN,-11
USW00093719,2010-02-18,TMAX,100
USW00093765,2015-01-29,TMAX,122
USW00093743,2009-07-27,TMAX,300
USW00093743,2009-07-27,TMIN,261
USC00316676,2009-09-11,TMAX,228
USC00316676,2009-06-27,TMAX,333
USW00093765,2015-01-29,TMIN,-27
USW00093743,2014-02-09,TMIN,-10
USC00314684,2007-11-11,TMIN,-17
USC00316676,2009-06-27,TMIN,206
USW00093743,2014-02-09,TMAX,106
USR0000NNWB,2015-01-05,TMIN,11
USW00093765,2012-02-01,TMAX,178
USR0000NNWB,2011-09-26,TMIN,217
USW00093765,2012-02-01,TMIN,111
USC00314144,2011-03-22,TMAX,217
USW00093765,2011-10-25,TMIN,89
USW00013754,2013-02-06,TMAX,189
USC00314689,2007-06-17,TMIN,189
USW00013754,2013-02-06,TMIN,17
USC00317170,2008-03-16,TMAX,161
USW00093765,2011-10-25,TMAX,211
USC00314684,2007-11-11,TMAX,144
USC00314684,2007-10-24,TMIN,183
USC00310576,2006-04-23,TMAX,272
USC00310576,2006-04-23,TMIN,167
USC00317170,2008-03-16,TMIN,83
USC00314689,2007-06-17,TMAX,300
USR0000NNWB,2011-09-26,TMAX,239
USC00314684,2007-10-24,TMAX,317
USC00315830,2013-05-05,TMAX,222
USC00315830,2013-05-05,TMIN,139
USC00317170,2009-04-26,TMAX,322
USR0000NNWB,2008-11-25,TMIN,-6
USC00310576,2011-06-11,TMAX,333
USR0000NCRN,2006-02-04,TMIN,100
USC00314689,2007-06-02,TMAX,294
USC00316676,2006-05-23,TMAX,239
USC00316676,2006-05-23,TMIN,117
USW00093743,2007-09-06,TMIN,217
USC00310576,2011-06-11,TMIN,194
USC00310576,2014-12-05,TMIN,83
USC00310576,2010-05-13,TMAX,294
USC00314684,2008-08-17,TMAX,289
USW00093743,2007-09-06,TMAX,300
USC00314689,2011-01-10,TMAX,28
USW00093719,2011-01-11,TMIN,-6
USC00317170,2008-10-14,TMAX,272
USC00317170,2008-10-14,TMIN,111
USC00315830,2011-08-19,TMAX,311
USC00315830,2015-06-27,TMAX,311
USC00315830,2015-06-27,TMIN,244
USC00316676,2008-02-15,TMIN,-11
USC00310576,2008-12-03,TMIN,-11
USC00316676,2008-02-15,TMAX,122
USW00093719,2006-10-01,TMAX,278
USC00314689,2011-01-01,TMAX,200
USC00310576,2009-10-07,TMAX,228
USC00315830,2011-08-19,TMIN,228
USC00310576,2010-11-22,TMIN,50
USW00013754,2015-08-06,TMIN,228
USW00013754,2015-08-06,TMAX,322
USW00093719,2011-01-11,TMAX,22
USW00093765,2005-07-29,TMIN,239
USC00310576,2009-10-07,TMIN,189
USC00315830,2013-06-28,TMAX,300
USC00315830,2013-06-28,TMIN,256
USC00314684,2008-08-17,TMIN,200
USC00310576,2010-11-22,TMAX,222
USC00316096,2012-03-11,TMIN,-11
USR0000NHOF,2007-07-29,TMAX,306
USC00316676,2006-01-01,TMAX,178
USR0000NHOF,2007-07-29,TMIN,172
USC00316676,2006-01-01,TMIN,6
USW00093719,2011-01-12,TMAX,44
USC00310576,2011-07-24,TMAX,356
USW00093765,2008-05-25,TMIN,106
USR0000NNWB,2011-01-07,TMIN,-22
USC00316676,2015-07-18,TMIN,200
USC00316676,2015-07-18,TMAX,311
USC00316096,2012-03-11,TMAX,172
USC00316676,2009-02-16,TMIN,33
USW00093765,2008-05-25,TMAX,250
USC00316676,2007-01-31,TMAX,117
USW00093719,2011-01-12,TMIN,-11
USC00316096,2012-05-18,TMAX,211
USR0000NNWB,2008-11-25,TMAX,128
USR0000NHOF,2011-02-24,TMIN,-22
USC00315830,2006-03-27,TMAX,144
USR0000NCRN,2013-12-24,TMIN,0
USR0000NHOF,2011-02-24,TMAX,172
USC00315830,2006-03-27,TMIN,0
USC00310356,2014-05-23,TMAX,267
USC00314689,2007-06-02,TMIN,167
USC00310576,2010-05-13,TMIN,189
USW00013754,2008-03-10,TMIN,-5
USW00093765,2005-07-29,TMAX,294
USC00316096,2012-05-18,TMIN,161
USW00013754,2008-03-10,TMAX,156
USC00310356,2014-05-23,TMIN,206
USC00314689,2011-01-01,TMIN,39
USR0000NHOF,2014-02-09,TMAX,150
USR0000NHOF,2014-02-09,TMIN,-22
USR0000NHOF,2007-09-06,TMAX,311
USW00093743,2011-02-24,TMAX,156
USC00314689,2005-04-04,TMAX,217
USW00093743,2011-02-24,TMIN,11
USW00093765,2015-04-18,TMIN,172
USC00315830,2009-05-10,TMIN,183
USW00093765,2015-04-18,TMAX,244
USC00310576,2011-04-13,TMAX,261
USC00310576,2011-04-13,TMIN,117
USC00317170,2008-04-29,TMIN,122
USC00317170,2008-04-29,TMAX,194
USC00315830,2009-05-10,TMAX,272
USC00315830,2015-03-15,TMAX,183
USC00310576,2005-10-08,TMIN,233
USW00013754,2009-05-08,TMIN,172
USC00310576,2005-10-08,TMAX,278
USC00315830,2015-03-15,TMIN,83
USW00093765,2008-03-29,TMAX,172
USC00316676,2006-10-22,TMIN,122
USC00316676,2006-10-22,TMAX,211
USC00314689,2015-04-29,TMAX,222
USC00316096,2009-08-10,TMAX,333
USW00093765,2008-03-29,TMIN,72
USW00013754,2013-10-10,TMAX,172
USC00314689,2005-04-04,TMIN,94
USC00316676,2015-09-16,TMAX,256
USR0000NNWB,2009-09-04,TMAX,267
USR0000NCRN,2009-05-21,TMIN,161
USR0000NCRN,2009-05-21,TMAX,250
USC00314144,2007-09-23,TMIN,172
USC00314144,2007-09-23,TMAX,322
USW00093765,2009-11-09,TMAX,239
USR0000NCRN,2013-01-16,TMIN,106
USC00310576,2014-03-13,TMIN,56
USC00310576,2014-03-13,TMAX,217
USC00310576,2009-09-25,TMIN,189
USW00013754,2013-06-28,TMAX,317
USW00013754,2013-06-28,TMIN,228
USW00093765,2009-11-09,TMIN,94
USW00093765,2009-12-11,TMAX,78
USW00093765,2009-12-11,TMIN,11
USC00316676,2005-02-02,TMAX,83
USW00013754,2012-10-03,TMIN,239
USC00316676,2005-02-02,TMIN,-6
USC00315830,2012-08-16,TMAX,306
USC00316096,2015-03-27,TMAX,200
USC00314684,2008-08-30,TMAX,317
USC00316096,2015-03-27,TMIN,61
USW00093719,2009-11-30,TMAX,211
USC00314684,2008-08-30,TMIN,211
USC00315830,2012-08-16,TMIN,222
USC00316096,2009-08-10,TMIN,233
USW00013754,2012-10-03,TMAX,306
USC00314684,2014-10-11,TMAX,283
USC00310576,2015-06-03,TMIN,189
USC00316676,2005-09-28,TMIN,156
USC00316676,2005-09-28,TMAX,272
USC00310576,2015-06-03,TMAX,306
USC00316676,2014-07-28,TMAX,311
USC00310576,2009-09-25,TMAX,317
USC00310356,2011-03-24,TMIN,139
USW00013754,2009-05-08,TMAX,283
USC00310576,2007-12-06,TMAX,128
USC00317170,2011-08-27,TMAX,256
USC00310576,2007-12-06,TMIN,33
USC00317170,2011-08-27,TMIN,211
USC00314684,2014-10-11,TMIN,122
USC00317170,2007-11-22,TMAX,250
USC00316676,2014-07-28,TMIN,244
USC00310576,2008-12-03,TMAX,89
USC00314684,2012-05-18,TMAX,256
USC00316676,2015-09-16,TMIN,117
USC00315830,2013-03-19,TMAX,194
USW00013754,2015-11-02,TMIN,183
USW00013754,2015-11-02,TMAX,206
USR0000NCRN,2010-06-04,TMIN,233
USR0000NCRN,2010-06-04,TMAX,300
USR0000NCRN,2005-07-02,TMAX,322
USR0000NCRN,2005-07-02,TMIN,222
USR0000NNWB,2013-02-06,TMIN,17
USR0000NNWB,2013-02-06,TMAX,194
USW00093765,2011-01-23,TMIN,-88
USC00316676,2010-09-25,TMIN,172
USR0000NHOF,2006-12-27,TMIN,-22
USR0000NHOF,2006-12-27,TMAX,111
USC00315830,2013-11-12,TMIN,56
USW00093719,2008-03-23,TMAX,150
USW00093719,2008-03-23,TMIN,56
USC00315830,2013-11-12,TMAX,206
USC00314689,2014-10-11,TMIN,178
USC00314689,2014-10-11,TMAX,311
USR0000NCRN,2012-08-08,TMAX,272
USC00316676,2007-01-12,TMAX,122
USC00316676,2007-01-12,TMIN,-17
USW00093719,2012-07-04,TMAX,350
USC00317170,2008-05-25,TMAX,267
USR0000NHOF,2007-09-06,TMIN,156
USC00310356,2005-06-01,TMIN,183
USC00316676,2007-02-13,TMAX,183
USC00316676,2007-02-13,TMIN,-11
USC00310356,2005-06-01,TMAX,256
USR0000NCRN,2012-08-08,TMIN,228
USW00093765,2011-01-23,TMAX,44
USW00093719,2012-07-04,TMIN,250
USC00317170,2008-05-25,TMIN,100
USW00093719,2005-03-21,TMIN,56
USW00093719,2010-08-27,TMIN,206
USC00316096,2014-10-11,TMIN,183
USC00316096,2014-10-11,TMAX,278
USC00314689,2015-04-29,TMIN,78
USC00316676,2011-03-18,TMAX,211
USC00316676,2010-09-25,TMAX,317
USR0000NNWB,2009-08-20,TMAX,333
USR0000NCRN,2005-12-17,TMIN,0
USC00314684,2006-06-22,TMAX,333
USC00314684,2006-06-22,TMIN,194
USC00314689,2015-05-09,TMAX,211
USR0000NNWB,2009-08-20,TMIN,244
USW00013754,2013-10-10,TMIN,156
USC00310356,2011-03-24,TMAX,194
USR0000NNWB,2009-09-04,TMIN,178
USR0000NCRN,2005-12-17,TMAX,100
USC00314684,2012-05-18,TMIN,144
USC00316676,2010-09-08,TMAX,300
USC00316676,2005-05-25,TMAX,256
USW00093719,2010-08-27,TMAX,311
USC00314684,2009-08-25,TMIN,183
USC00315830,2013-03-19,TMIN,122
USW00093719,2005-03-21,TMAX,178
USC00316676,2011-03-18,TMIN,44
USW00093765,2006-09-24,TMAX,283
USC00316676,2010-09-08,TMIN,161
USW00093765,2006-09-24,TMIN,244
USC00310356,2009-07-27,TMAX,306
USC00317170,2011-12-11,TMIN,6
USC00317170,2011-12-11,TMAX,111
USR0000NCRN,2013-01-16,TMAX,217
USC00314684,2009-08-25,TMAX,306
USC00316676,2005-05-25,TMIN,117
USC00310356,2009-07-27,TMIN,272
USC00314684,2010-01-01,TMAX,122
USC00310576,2014-12-05,TMAX,150
USW00093719,2006-10-01,TMIN,122
USW00013754,2011-09-26,TMIN,194
USW00093743,2010-06-24,TMIN,267
USC00315830,2011-07-29,TMIN,267
USW00093765,2013-10-10,TMAX,178
USW00093765,2013-10-10,TMIN,150
USW00013754,2011-09-26,TMAX,244
USW00093743,2010-06-24,TMAX,328
USW00093765,2005-01-05,TMIN,122
USC00310576,2005-06-07,TMAX,294
USC00310576,2005-06-07,TMIN,211
USC00310576,2010-09-22,TMAX,283
USC00310576,2010-09-22,TMIN,150
USC00316676,2014-10-11,TMAX,272
USC00310576,2014-12-13,TMIN,0
USW00013754,2009-08-20,TMIN,233
USW00093765,2005-01-05,TMAX,194
USW00013754,2009-08-20,TMAX,322
USC00315830,2015-10-23,TMAX,261
USW00013754,2013-05-05,TMIN,128
USW00013754,2013-05-05,TMAX,189
USC00314684,2011-02-05,TMIN,6
USC00314684,2011-02-05,TMAX,39
USC00315830,2015-08-16,TMAX,289
USC00315830,2012-10-03,TMAX,289
USR0000NCRN,2010-01-26,TMIN,44
USR0000NCRN,2010-01-26,TMAX,122
USR0000NHOF,2005-12-17,TMIN,50
USW00093719,2011-07-22,TMAX,378
USW00093719,2011-07-22,TMIN,250
USR0000NHOF,2005-12-17,TMAX,83
USC00316676,2014-10-11,TMIN,133
USC00314689,2012-06-15,TMAX,267
USC00314689,2012-06-15,TMIN,144
USC00316676,2005-01-21,TMAX,106
USC00310356,2005-12-17,TMIN,-39
USW00093765,2008-03-16,TMAX,161
USC00315830,2009-07-10,TMIN,200
USW00093765,2009-01-03,TMIN,22
USC00316096,2012-06-15,TMAX,261
USC00316096,2012-06-15,TMIN,167
USC00315830,2009-07-10,TMAX,278
USW00093719,2008-01-30,TMIN,17
USW00093719,2008-01-30,TMAX,194
USW00093765,2008-03-05,TMIN,89
USC00314684,2005-10-18,TMAX,206
USC00314689,2014-11-10,TMIN,22
USC00314689,2014-11-10,TMAX,183
USC00315830,2011-07-29,TMAX,322
USC00314684,2005-10-18,TMIN,72
USW00093765,2008-03-05,TMAX,200
USC00316096,2009-12-22,TMAX,94
USC00316096,2009-12-22,TMIN,-33
USC00310576,2014-12-13,TMAX,133
USR0000NHOF,2007-09-28,TMAX,306
USR0000NHOF,2007-09-28,TMIN,139
USC00310356,2005-12-17,TMAX,167
USC00310576,2013-06-28,TMAX,306
USC00310576,2013-06-28,TMIN,233
USC00315830,2012-10-03,TMIN,250
USW00093765,2010-09-20,TMAX,306
USC00317170,2012-02-01,TMIN,67
USC00317170,2015-03-02,TMAX,178
USC00317170,2012-02-01,TMAX,222
USC00314684,2015-03-27,TMIN,156
USC00314144,2011-02-28,TMIN,144
USC00317170,2015-03-02,TMIN,39
USC00314684,2015-03-27,TMAX,244
USC00310576,2007-10-18,TMIN,150
USC00310576,2007-10-18,TMAX,283
USC00315830,2015-10-23,TMIN,122
USC00314144,2010-06-04,TMAX,306
USR0000NNWB,2008-03-10,TMAX,172
USR0000NNWB,2008-03-10,TMIN,-11
USR0000NNWB,2009-04-14,TMAX,189
USR0000NCRN,2006-09-11,TMIN,172
USW00093765,2010-09-20,TMIN,178
USR0000NNWB,2009-04-14,TMIN,156
USC00316096,2012-01-14,TMIN,-33
USC00316676,2015-02-24,TMIN,-22
USR0000NCRN,2006-09-11,TMAX,256
USC00310356,2010-06-24,TMIN,244
USC00314684,2014-04-10,TMIN,39
USC00314684,2006-01-19,TMAX,133
USC00310356,2013-08-23,TMAX,283
USC00310576,2008-09-08,TMIN,222
USC00310576,2008-09-08,TMAX,328
USC00314684,2014-04-10,TMAX,211
USC00314684,2006-01-19,TMIN,-6
USW00093765,2014-06-12,TMIN,228
USC00310356,2010-06-24,TMAX,311
USW00093743,2013-08-23,TMIN,233
USC00310356,2008-11-30,TMIN,89
USC00310356,2008-11-30,TMAX,150
USC00314144,2010-06-04,TMIN,222
USC00315830,2010-06-19,TMIN,256
USW00093765,2014-06-12,TMAX,278
USW00093743,2013-08-23,TMAX,311
USC00310356,2013-08-23,TMIN,239
USR0000NCRN,2008-11-03,TMAX,183
USR0000NCRN,2008-11-03,TMIN,133
USR0000NHOF,2015-08-19,TMIN,206
USC00315830,2010-06-19,TMAX,306
USC00316676,2015-02-24,TMAX,83
USR0000NHOF,2011-11-27,TMAX,222
USR0000NHOF,2011-11-27,TMIN,56
USR0000NHOF,2010-08-19,TMAX,306
USR0000NHOF,2010-08-19,TMIN,222
USR0000NNWB,2013-05-05,TMAX,206
USC00315830,2010-08-09,TMIN,244
USR0000NCRN,2014-11-28,TMIN,-22
USC00315830,2010-08-09,TMAX,311
USR0000NNWB,2013-05-05,TMIN,122
USC00314689,2014-09-01,TMAX,344
USR0000NHOF,2012-03-07,TMAX,189
USR0000NHOF,2012-03-07,TMIN,-11
USC00315830,2015-06-03,TMIN,194
USR0000NCRN,2014-11-28,TMAX,78
USC00315830,2015-06-03,TMAX,283
USC00315830,2009-03-08,TMIN,122
USC00314689,2014-09-01,TMIN,228
USW00093765,2009-01-03,TMAX,156
USC00315830,2009-03-08,TMAX,183
USC00316676,2005-11-23,TMAX,117
USC00316096,2012-01-14,TMAX,83
USC00314144,2007-07-24,TMIN,128
USC00314144,2007-07-24,TMAX,294
USC00315830,2015-08-16,TMIN,189
USC00316676,2014-01-11,TMAX,211
USC00316676,2014-01-11,TMIN,83
USC00316676,2005-11-23,TMIN,-17
USC00316096,2014-11-10,TMAX,189
USC00314684,2012-04-16,TMAX,278
USC00314689,2008-04-11,TMIN,150
USW00093719,2009-12-11,TMIN,-22
USC00314684,2012-04-16,TMIN,33
USC00316096,2014-11-10,TMIN,50
USC00314689,2008-04-11,TMAX,267
USW00093719,2009-12-11,TMAX,39
USW00093765,2008-03-16,TMIN,67
USC00316096,2014-05-12,TMAX,283
USC00314144,2011-02-28,TMAX,244
USC00315830,2007-11-02,TMAX,250
USR0000NNWB,2010-02-18,TMIN,-11
USR0000NHOF,2014-05-23,TMAX,333
USC00314689,2011-01-10,TMIN,-28
USR0000NCRN,2010-09-21,TMAX,289
USC00315830,2007-11-02,TMIN,144
USR0000NNWB,2010-02-18,TMAX,111
USR0000NHOF,2014-05-23,TMIN,167
USR0000NCRN,2007-06-10,TMAX,283
USR0000NNWB,2010-10-29,TMAX,206
USR0000NCRN,2014-02-09,TMIN,-6
USC00310356,2013-12-14,TMIN,39
USR0000NCRN,2007-06-10,TMIN,167
USC00310356,2007-09-06,TMAX,306
USW00093719,2012-07-14,TMAX,322
USR0000NCRN,2014-02-09,TMAX,117
USW00093719,2012-07-14,TMIN,222
USC00314144,2008-02-28,TMAX,61
USR0000NNWB,2009-06-14,TMAX,311
USC00314689,2014-04-10,TMIN,56
USR0000NNWB,2009-06-14,TMIN,200
USC00310356,2013-12-14,TMAX,94
USC00315830,2014-03-13,TMIN,33
USR0000NCRN,2010-09-21,TMIN,172
USC00315830,2014-03-13,TMAX,178
USR0000NCRN,2010-04-08,TMIN,167
USW00093765,2008-10-17,TMAX,250
USW00093765,2008-10-17,TMIN,156
USR0000NCRN,2010-04-08,TMAX,222
USR0000NNWB,2008-07-20,TMAX,306
USR0000NNWB,2008-07-20,TMIN,228
USC00314144,2008-02-29,TMAX,122
USR0000NNWB,2010-10-29,TMIN,61
USW00013754,2009-04-14,TMIN,150
USW00013754,2009-04-14,TMAX,206
USC00314144,2007-08-25,TMAX,328
USW00093743,2013-12-14,TMAX,189
USW00093743,2013-12-14,TMIN,6
USC00310576,2010-04-17,TMIN,122
USC00310576,2010-04-17,TMAX,311
USC00314144,2007-08-25,TMIN,194
USC00314144,2010-10-19,TMIN,122
USW00093719,2013-10-10,TMIN,161
USW00093719,2013-10-10,TMAX,183
USW00093765,2005-05-19,TMAX,239
USW00093743,2014-05-23,TMAX,311
USC00316676,2008-05-11,TMIN,128
USC00316676,2008-05-11,TMAX,278
USW00093765,2005-05-19,TMIN,144
USC00316676,2011-05-22,TMAX,300
USC00310576,2011-07-24,TMIN,239
USW00093765,2008-04-29,TMIN,128
USC00314689,2012-05-18,TMAX,228
USC00314144,2008-02-28,TMIN,-72
USC00314144,2008-02-29,TMIN,-83
USC00310356,2007-09-06,TMIN,228
USC00310576,2012-11-29,TMAX,117
USC00310576,2012-11-29,TMIN,-11
USC00316676,2011-05-22,TMIN,156
USW00093765,2008-04-29,TMAX,206
USC00314689,2011-01-05,TMAX,117
USC00314689,2007-05-04,TMIN,128
USC00314684,2007-05-25,TMAX,267
USC00314689,2011-01-05,TMIN,-22
USW00093743,2014-05-23,TMIN,206
USC00314689,2012-05-18,TMIN,144
USC00314144,2010-10-19,TMAX,261
USC00314689,2007-05-04,TMAX,222
USC00314684,2007-05-25,TMIN,111
USC00310576,2005-04-30,TMIN,178
USR0000NCRN,2009-08-03,TMIN,222
USC00317170,2015-01-29,TMIN,-61
USW00093765,2006-06-22,TMIN,222
USW00093765,2006-06-22,TMAX,289
USC00316676,2011-07-18,TMAX,317
USC00316676,2011-07-18,TMIN,167
USR0000NCRN,2007-10-02,TMAX,294
USC00315830,2005-09-07,TMIN,222
USC00315830,2005-09-07,TMAX,289
USC00310576,2010-12-15,TMIN,-39
USC00310576,2010-12-15,TMAX,28
USC00317170,2011-10-01,TMIN,100
USC00314689,2010-04-10,TMIN,56
USC00310356,2006-12-05,TMAX,139
USC00310356,2007-07-29,TMIN,239
USC00314689,2010-04-10,TMAX,206
USW00093719,2005-06-24,TMIN,194
USC00314684,2015-05-09,TMIN,178
USC00316096,2012-04-16,TMAX,250
USC00316096,2012-04-16,TMIN,144
USC00310576,2009-04-04,TMAX,261
USC00310576,2009-04-04,TMIN,78
USC00316096,2014-05-12,TMIN,206
USR0000NNWB,2006-04-10,TMIN,17
USR0000NNWB,2009-09-07,TMAX,222
USR0000NCRN,2012-02-27,TMAX,178
USR0000NNWB,2006-04-10,TMAX,189
USC00314684,2015-05-09,TMAX,267
USC00316096,2014-04-10,TMIN,50
USC00310356,2006-12-05,TMIN,56
USW00093719,2005-06-24,TMAX,300
USC00310356,2007-07-29,TMAX,289
USC00316096,2014-04-10,TMAX,211
USR0000NNWB,2009-09-07,TMIN,211
USC00317170,2015-01-29,TMAX,89
USC00314689,2012-04-16,TMAX,283
USR0000NHOF,2007-11-28,TMAX,150
USC00314144,2010-05-03,TMAX,300
USC00315830,2005-03-25,TMIN,78
USR0000NHOF,2007-11-28,TMIN,-22
USC00317170,2011-10-01,TMAX,200
USC00314144,2010-05-03,TMIN,217
USC00316676,2015-10-26,TMIN,111
USC00314144,2010-01-26,TMIN,11
USC00314684,2007-05-22,TMIN,144
USC00314684,2007-05-22,TMAX,306
USC00314684,2010-12-01,TMIN,72
USC00314684,2010-12-01,TMAX,222
USC00310576,2005-04-30,TMAX,244
USR0000NCRN,2009-08-03,TMAX,278
USC00314144,2010-01-26,TMAX,111
USC00314689,2014-04-10,TMAX,233
USC00315830,2005-03-25,TMAX,189
USR0000NNWB,2015-08-06,TMIN,228
USC00314689,2012-04-16,TMIN,150
USR0000NCRN,2012-02-27,TMIN,-6
USC00314684,2009-04-18,TMAX,211
USR0000NCRN,2007-10-02,TMIN,194
USC00316676,2015-10-26,TMAX,244
USC00314684,2009-04-18,TMIN,17
USR0000NNWB,2015-08-06,TMAX,344
USC00314689,2012-07-22,TMAX,294
USW00093719,2007-12-18,TMAX,94
USW00013754,2010-02-18,TMAX,100
USR0000NCRN,2013-08-23,TMIN,217
USR0000NCRN,2013-08-23,TMAX,300
USW00013754,2010-02-18,TMIN,-16
USC00314689,2012-07-22,TMIN,228
USW00093719,2007-12-18,TMIN,-56
USC00316676,2013-09-14,TMIN,183
USC00316676,2013-09-14,TMAX,294
USC00315830,2014-07-05,TMAX,294
USC00310356,2011-04-20,TMAX,222
USC00315830,2005-01-14,TMIN,100
USC00314144,2005-09-07,TMIN,183
USC00314144,2005-09-07,TMAX,294
USR0000NHOF,2012-01-21,TMAX,189
USC00315830,2011-05-26,TMIN,217
USC00314684,2014-01-11,TMIN,61
USC00310576,2007-03-24,TMAX,272
USC00310576,2013-05-06,TMAX,211
USC00314684,2014-01-11,TMAX,194
USC00314689,2015-06-03,TMAX,244
USC00310576,2013-05-06,TMIN,139
USC00317170,2007-11-11,TMIN,28
USC00314689,2006-03-17,TMAX,211
USC00314689,2015-06-03,TMIN,194
USR0000NHOF,2008-09-18,TMAX,261
USR0000NHOF,2008-09-18,TMIN,122
USC00315830,2011-05-26,TMAX,278
USC00316676,2008-04-07,TMIN,100
USW00093765,2010-03-11,TMIN,133
USR0000NCRN,2015-08-19,TMAX,283
USC00314144,2010-11-02,TMAX,161
USW00093765,2010-03-11,TMAX,200
USC00310356,2011-04-20,TMIN,183
USC00315830,2015-04-18,TMAX,244
USC00315830,2015-04-18,TMIN,178
USR0000NCRN,2015-08-19,TMIN,211
USC00314689,2006-03-17,TMIN,67
USR0000NNWB,2012-10-29,TMAX,128
USC00317170,2007-11-11,TMAX,144
USR0000NNWB,2011-12-17,TMIN,0
USR0000NNWB,2012-10-29,TMIN,78
USC00314684,2015-10-14,TMIN,133
USC00316096,2010-06-26,TMIN,239
USR0000NCRN,2011-02-28,TMIN,144
USW00093719,2014-07-28,TMAX,333
USW00093743,2008-09-18,TMAX,267
USW00093743,2008-09-18,TMIN,156
USC00315830,2008-05-25,TMIN,106
USC00315830,2008-05-25,TMAX,250
USC00316676,2008-02-25,TMIN,6
USW00093743,2011-04-20,TMIN,189
USC00314144,2009-10-07,TMIN,117
USC00314144,2009-10-07,TMAX,283
USR0000NNWB,2008-03-16,TMIN,61
USC00316676,2008-02-25,TMAX,122
USW00093765,2008-03-03,TMAX,206
USC00316096,2015-06-03,TMAX,256
USW00093765,2008-03-03,TMIN,56
USC00316096,2015-06-03,TMIN,194
USW00093743,2011-04-20,TMAX,239
USR0000NNWB,2008-03-16,TMAX,156
USC00310356,2008-06-25,TMAX,283
USC00310356,2008-06-25,TMIN,189
USC00315830,2005-01-14,TMAX,211
USC00310576,2007-02-01,TMIN,-11
USC00310576,2007-02-01,TMAX,106
USW00013754,2013-08-23,TMIN,211
USC00316096,2010-06-26,TMAX,322
USW00013754,2013-08-23,TMAX,328
USR0000NCRN,2012-03-26,TMIN,133
USC00310576,2010-07-13,TMAX,317
USR0000NCRN,2012-03-26,TMAX,239
USC00310576,2010-07-13,TMIN,211
USW00013754,2011-01-20,TMIN,22
USW00013754,2011-01-20,TMAX,106
USR0000NCRN,2011-02-28,TMAX,183
USC00314684,2015-10-14,TMAX,267
USC00314144,2010-11-02,TMIN,61
USC00310576,2008-10-12,TMIN,189
USC00310576,2005-03-05,TMIN,-22
USC00314684,2015-08-06,TMAX,356
USW00013754,2007-11-17,TMAX,144
USC00314684,2015-08-06,TMIN,228
USW00013754,2007-11-17,TMIN,-21
USC00316676,2007-06-05,TMIN,194
USC00310356,2015-03-09,TMIN,61
USC00310576,2012-04-16,TMIN,156
USC00310576,2012-04-16,TMAX,267
USR0000NNWB,2015-11-07,TMAX,289
USC00316676,2009-10-20,TMAX,161
USW00093765,2014-06-22,TMIN,228
USR0000NCRN,2015-07-19,TMAX,311
USC00314684,2009-02-11,TMIN,89
USW00093765,2014-06-22,TMAX,311
USC00316676,2009-10-20,TMIN,11
USR0000NNWB,2014-07-28,TMIN,222
USC00317170,2007-12-18,TMAX,106
USW00093719,2010-06-15,TMAX,356
USW00093719,2005-05-19,TMAX,244
USR0000NCRN,2007-11-22,TMAX,239
USW00093719,2005-05-19,TMIN,128
USR0000NCRN,2011-03-22,TMAX,289
USW00013754,2008-04-29,TMAX,183
USW00093765,2005-04-04,TMAX,239
USW00093719,2010-06-15,TMIN,222
USC00314689,2011-10-03,TMIN,67
USR0000NNWB,2014-07-28,TMAX,328
USR0000NCRN,2015-07-19,TMIN,244
USC00314689,2012-07-14,TMIN,228
USC00314689,2012-07-14,TMAX,311
USW00093765,2005-04-04,TMIN,106
USC00310576,2005-03-05,TMAX,189
USC00310356,2008-04-15,TMIN,67
USW00013754,2008-04-29,TMIN,100
USC00310576,2007-09-17,TMIN,122
USC00310576,2008-11-08,TMAX,250
USR0000NNWB,2011-12-17,TMAX,100
USC00310576,2008-11-08,TMIN,117
USW00093765,2014-05-03,TMIN,150
USW00093765,2014-05-03,TMAX,211
USC00315830,2014-04-10,TMIN,72
USC00314684,2007-01-12,TMAX,122
USC00314684,2007-01-12,TMIN,-44
USR0000NNWB,2009-11-27,TMAX,133
USC00316676,2008-04-07,TMAX,178
USC00316676,2009-11-05,TMAX,200
USC00316676,2009-11-05,TMIN,72
USC00310576,2008-10-12,TMAX,228
USC00316096,2015-02-10,TMIN,17
USW00093765,2006-01-01,TMAX,156
USC00315830,2014-04-10,TMAX,206
USC00316096,2015-02-10,TMAX,111
USC00315830,2011-06-18,TMIN,250
USC00315830,2011-06-18,TMAX,294
USC00310356,2015-03-09,TMAX,122
USC00310356,2008-04-15,TMAX,161
USR0000NCRN,2007-07-29,TMAX,306
USR0000NCRN,2007-07-29,TMIN,211
USC00310576,2007-09-17,TMAX,250
USC00314684,2010-12-20,TMIN,-56
USC00315830,2013-06-27,TMIN,244
USC00310576,2006-02-04,TMIN,111
USR0000NNWB,2009-11-27,TMIN,39
USC00316676,2007-06-05,TMAX,322
USC00310576,2006-02-04,TMAX,200
USC00314684,2010-12-20,TMAX,56
USC00315830,2013-06-27,TMAX,300
USW00093719,2014-07-28,TMIN,217
USW00093765,2006-01-01,TMIN,44
USC00316096,2012-07-14,TMIN,217
USR0000NHOF,2013-05-06,TMIN,150
USW00093743,2010-05-13,TMIN,194
USW00093743,2009-07-10,TMAX,289
USW00093765,2006-08-11,TMAX,278
USC00316676,2007-03-03,TMIN,78
USW00093765,2006-08-11,TMIN,228
USR0000NCRN,2007-08-18,TMAX,328
USR0000NHOF,2015-12-24,TMAX,261
USR0000NHOF,2015-12-24,TMIN,211
USW00013754,2013-06-27,TMIN,217
USW00013754,2013-06-27,TMAX,311
USW00093743,2010-05-13,TMAX,250
USR0000NCRN,2011-09-14,TMAX,300
USW00013754,2012-10-29,TMAX,139
USW00013754,2012-10-29,TMIN,83
USC00310356,2006-10-23,TMAX,194
USC00310356,2006-10-23,TMIN,117
USC00316676,2006-02-19,TMAX,94
USC00317170,2014-05-12,TMIN,178
USC00314684,2015-06-03,TMIN,200
USC00314689,2008-02-23,TMIN,61
USC00314684,2015-06-03,TMAX,300
USC00314689,2008-02-23,TMAX,139
USR0000NHOF,2013-05-06,TMAX,194
USC00316676,2007-03-03,TMAX,244
USR0000NCRN,2009-04-04,TMAX,222
USC00310356,2009-07-10,TMAX,300
USR0000NCRN,2009-04-04,TMIN,83
USC00310356,2009-07-10,TMIN,206
USR0000NHOF,2006-11-05,TMAX,161
USR0000NHOF,2006-11-05,TMIN,-56
USR0000NCRN,2011-09-14,TMIN,161
USR0000NCRN,2012-09-11,TMIN,122
USR0000NCRN,2012-09-11,TMAX,256
USW00093719,2005-07-26,TMAX,350
USR0000NHOF,2009-07-10,TMAX,278
USR0000NHOF,2009-07-10,TMIN,128
USR0000NHOF,2006-03-27,TMAX,150
USW00093743,2012-01-21,TMIN,83
USW00093743,2012-01-21,TMAX,161
USR0000NHOF,2006-03-27,TMIN,-56
USR0000NNWB,2008-04-29,TMIN,89
USW00093719,2005-01-24,TMAX,39
USC00310356,2008-10-10,TMAX,267
USC00316096,2011-07-25,TMAX,311
USC00316676,2015-10-30,TMIN,144
USW00013754,2005-07-14,TMAX,289
USR0000NNWB,2015-05-09,TMAX,261
USR0000NHOF,2013-01-10,TMIN,67
USW00013754,2011-01-31,TMIN,44
USC00316676,2006-02-19,TMIN,-39
USC00310356,2013-05-06,TMAX,228
USW00093743,2013-05-06,TMAX,211
USW00093743,2009-07-10,TMIN,183
USR0000NCRN,2010-08-19,TMAX,311
USR0000NCRN,2010-08-19,TMIN,228
USW00093765,2008-08-30,TMAX,306
USW00093765,2008-08-30,TMIN,244
USC00314689,2014-03-13,TMIN,17
USC00310356,2013-05-06,TMIN,150
USC00314689,2014-03-13,TMAX,222
USR0000NNWB,2008-04-29,TMAX,178
USC00317170,2007-12-31,TMAX,167
USC00317170,2007-12-31,TMIN,61
USC00310356,2008-10-27,TMIN,128
USW00093719,2005-07-26,TMIN,244
USW00093743,2013-05-06,TMIN,161
USW00013754,2005-07-14,TMIN,222
USC00317170,2007-12-18,TMIN,-17
USC00315830,2005-10-31,TMIN,33
USC00315830,2005-10-31,TMAX,211
USC00317170,2014-06-22,TMAX,300
USC00310356,2013-02-06,TMIN,78
USC00310356,2013-02-06,TMAX,139
USW00093765,2007-04-04,TMAX,222
USC00310576,2015-08-31,TMIN,172
USW00093765,2007-04-04,TMIN,172
USC00310356,2010-05-13,TMIN,172
USC00310356,2010-05-13,TMAX,239
USW00093743,2007-07-07,TMAX,306
USC00310356,2006-11-05,TMIN,44
USC00310356,2006-11-05,TMAX,206
USC00310576,2015-08-31,TMAX,289
USR0000NNWB,2015-03-21,TMAX,189
USR0000NNWB,2015-03-21,TMIN,61
USC00310356,2013-11-30,TMAX,117
USC00310356,2013-11-30,TMIN,-6
USW00093743,2013-11-30,TMAX,150
USW00093765,2008-10-28,TMAX,144
USC00316096,2012-07-14,TMAX,300
USC00314689,2011-07-08,TMIN,222
USC00314689,2011-07-08,TMAX,328
USW00093743,2007-07-07,TMIN,228
USC00310576,2008-01-14,TMAX,133
USC00317170,2014-06-22,TMIN,206
USW00093765,2008-10-28,TMIN,39
USR0000NNWB,2006-07-19,TMIN,217
USW00093743,2013-11-30,TMIN,17
USR0000NNWB,2006-07-19,TMAX,344
USC00310356,2008-09-18,TMIN,178
USC00310356,2008-09-18,TMAX,306
USR0000NCRN,2007-08-18,TMIN,211
USC00310576,2008-01-14,TMIN,39
USW00093743,2013-02-06,TMAX,183
USW00093743,2013-02-06,TMIN,28
USR0000NCRN,2012-10-03,TMAX,283
USR0000NHOF,2011-04-20,TMAX,239
USR0000NHOF,2013-02-06,TMIN,28
USC00310356,2006-03-27,TMAX,117
USC00314684,2009-05-07,TMAX,283
USC00314689,2010-03-29,TMIN,139
USC00314689,2010-03-29,TMAX,200
USC00315830,2008-06-14,TMIN,189
USR0000NHOF,2011-04-20,TMIN,183
USW00013754,2015-05-09,TMIN,206
USC00314684,2009-05-07,TMIN,206
USC00315830,2006-05-24,TMIN,117
USC00315830,2006-05-24,TMAX,233
USW00093719,2010-08-09,TMIN,228
USW00093719,2010-08-09,TMAX,322
USW00013754,2015-05-09,TMAX,278
USC00317170,2014-05-12,TMAX,306
USC00315830,2008-06-14,TMAX,306
USC00314689,2012-02-01,TMAX,217
USR0000NCRN,2012-10-03,TMIN,250
USC00314144,2010-09-12,TMAX,289
USC00314144,2010-09-12,TMIN,172
USC00314684,2009-01-24,TMAX,161
USR0000NHOF,2007-07-24,TMIN,128
USC00310576,2006-06-22,TMAX,311
USC00314684,2009-01-24,TMIN,11
USC00310576,2006-06-22,TMIN,200
USR0000NHOF,2006-10-23,TMIN,28
USR0000NHOF,2006-10-23,TMAX,150
USR0000NCRN,2008-05-12,TMIN,106
USR0000NCRN,2008-05-12,TMAX,200
USC00314689,2012-02-01,TMIN,44
USR0000NHOF,2013-02-06,TMAX,172
USR0000NHOF,2007-07-24,TMAX,294
USC00316676,2015-10-30,TMAX,261
USC00314684,2009-02-11,TMAX,217
USR0000NNWB,2012-01-12,TMAX,167
USR0000NHOF,2006-07-30,TMIN,222
USC00317170,2008-12-14,TMIN,28
USC00315830,2005-06-15,TMAX,306
USC00316676,2005-10-18,TMAX,206
USC00310576,2013-06-27,TMIN,211
USC00310576,2013-06-27,TMAX,311
USR0000NHOF,2006-07-30,TMAX,300
USC00315830,2015-10-04,TMAX,261
USW00093743,2009-05-26,TMAX,261
USC00315830,2015-10-04,TMIN,189
USC00310356,2008-05-12,TMAX,217
USC00310356,2008-05-12,TMIN,133
USR0000NHOF,2007-07-07,TMAX,311
USR0000NHOF,2014-12-05,TMAX,161
USR0000NHOF,2007-07-07,TMIN,194
USC00316676,2005-10-18,TMIN,78
USC00316676,2007-02-19,TMAX,111
USR0000NHOF,2005-09-29,TMAX,306
USW00093743,2008-05-12,TMIN,106
USW00093743,2008-05-12,TMAX,200
USR0000NCRN,2007-01-05,TMIN,183
USR0000NCRN,2007-01-05,TMAX,228
USC00316676,2006-04-22,TMAX,278
USC00314684,2005-07-16,TMIN,233
USC00316676,2006-04-22,TMIN,156
USC00315830,2010-04-17,TMAX,222
USC00316676,2007-02-19,TMIN,-67
USC00315830,2005-06-15,TMIN,244
USC00316676,2014-03-13,TMAX,233
USC00310356,2006-06-22,TMAX,267
USC00310356,2006-06-22,TMIN,217
USC00315830,2010-04-17,TMIN,172
USW00093743,2009-02-28,TMIN,89
USW00093743,2009-05-26,TMIN,228
USW00093719,2012-10-29,TMIN,83
USW00093765,2014-05-12,TMIN,178
USW00093765,2010-09-29,TMAX,272
USW00093765,2014-05-12,TMAX,222
USC00315830,2008-07-17,TMIN,228
USC00310576,2008-08-26,TMAX,317
USC00316676,2011-04-06,TMIN,33
USC00317170,2012-08-23,TMIN,211
USW00093719,2008-10-17,TMIN,128
USW00093719,2008-10-17,TMAX,228
USC00317170,2012-08-23,TMAX,278
USC00316096,2011-01-01,TMIN,0
USW00093719,2007-05-04,TMIN,139
USW00093719,2007-05-04,TMAX,189
USR0000NHOF,2006-06-22,TMIN,172
USR0000NHOF,2006-06-22,TMAX,311
USW00013754,2010-01-26,TMAX,117
USW00013754,2010-01-26,TMIN,33
USC00317170,2008-12-14,TMAX,178
USC00315830,2005-03-14,TMAX,144
USW00093719,2012-10-29,TMAX,133
USR0000NCRN,2007-11-04,TMIN,33
USR0000NHOF,2015-09-11,TMAX,306
USR0000NHOF,2015-09-11,TMIN,206
USR0000NHOF,2014-12-05,TMIN,39
USW00093765,2014-12-18,TMIN,17
USW00093765,2010-08-09,TMIN,239
USW00093765,2010-08-09,TMAX,300
USC00316676,2011-04-06,TMAX,217
USC00316676,2007-03-05,TMIN,-17
USC00315830,2005-03-14,TMIN,61
USC00317170,2014-05-03,TMAX,272
USC00317170,2014-05-03,TMIN,189
USR0000NHOF,2005-09-29,TMIN,217
USW00093743,2009-02-28,TMAX,150
USC00317170,2012-07-22,TMIN,222
USR0000NHOF,2012-04-16,TMIN,144
USR0000NNWB,2008-09-29,TMAX,289
USC00310356,2009-05-26,TMIN,222
USR0000NHOF,2012-04-16,TMAX,272
USR0000NHOF,2008-05-12,TMIN,106
USW00093765,2006-10-07,TMAX,200
USC00310356,2009-05-26,TMAX,267
USW00093719,2010-10-26,TMAX,289
USW00093765,2009-05-02,TMAX,250
USW00093765,2009-05-02,TMIN,206
USC00316096,2010-07-06,TMIN,167
USC00316096,2010-07-06,TMAX,328
USC00310576,2011-03-15,TMIN,83
USR0000NNWB,2008-09-29,TMIN,172
USR0000NCRN,2006-11-05,TMIN,6
USR0000NCRN,2006-11-05,TMAX,161
USW00093743,2012-04-16,TMIN,150
USC00310356,2012-04-16,TMIN,178
USR0000NNWB,2007-03-26,TMAX,244
USW00093719,2010-10-26,TMIN,200
USC00314144,2005-05-26,TMIN,89
USC00314144,2005-05-26,TMAX,267
USW00013754,2005-08-22,TMAX,356
USW00093765,2014-12-18,TMAX,111
USC00310356,2014-12-05,TMAX,144
USW00093719,2006-02-09,TMIN,-33
USC00310356,2009-02-28,TMIN,78
USC00314689,2012-12-14,TMIN,6
USC00310576,2011-03-15,TMAX,150
USC00314689,2012-12-14,TMAX,139
USW00093743,2012-04-16,TMAX,250
USC00310356,2014-12-05,TMIN,83
USR0000NHOF,2008-05-12,TMAX,189
USC00314684,2009-01-03,TMIN,-44
USC00314684,2009-01-03,TMAX,139
USC00310576,2015-12-24,TMAX,239
USC00315830,2007-05-31,TMAX,289
USC00316096,2011-06-26,TMAX,322
USR0000NNWB,2010-01-26,TMIN,28
USR0000NNWB,2010-01-26,TMAX,122
USC00314684,2005-07-16,TMAX,317
USC00310576,2015-12-24,TMIN,200
USC00314684,2015-02-10,TMAX,217
USC00316096,2011-06-26,TMIN,239
USC00314684,2015-02-10,TMIN,28
USC00316676,2014-03-13,TMIN,56
USW00093719,2015-03-27,TMAX,211
USW00093719,2015-03-27,TMIN,61
USC00317170,2012-07-22,TMAX,306
USC00316096,2014-06-12,TMAX,278
USR0000NHOF,2008-04-15,TMIN,0
USC00315830,2013-05-06,TMAX,228
USR0000NCRN,2011-02-07,TMIN,11
USW00093765,2006-10-07,TMIN,117
USR0000NCRN,2012-05-19,TMIN,122
USR0000NCRN,2012-05-19,TMAX,244
USC00314684,2011-10-01,TMAX,294
USW00093765,2013-08-23,TMIN,217
USW00093765,2013-08-23,TMAX,300
USC00315830,2013-05-06,TMIN,167
USC00316096,2011-01-01,TMAX,189
USC00315830,2007-05-31,TMIN,161
USR0000NNWB,2006-05-24,TMIN,100
USC00314689,2008-08-09,TMIN,194
USC00314689,2008-08-09,TMAX,311
USR0000NNWB,2006-05-24,TMAX,278
USR0000NCRN,2011-02-07,TMAX,111
USC00316096,2014-06-12,TMIN,211
USC00310356,2010-02-18,TMAX,83
USC00310356,2010-02-18,TMIN,-11
USC00317170,2014-01-11,TMAX,211
USR0000NCRN,2013-02-06,TMAX,189
USR0000NHOF,2012-12-26,TMAX,183
USC00314684,2010-08-23,TMAX,322
USC00317170,2008-03-23,TMAX,167
USC00317170,2008-03-23,TMIN,56
USC00314144,2010-04-05,TMIN,161
USC00314144,2010-04-05,TMAX,294
USC00314684,2012-06-25,TMIN,211
USW00093719,2013-08-23,TMAX,328
USC00314689,2010-12-05,TMIN,0
USC00314144,2010-05-25,TMAX,244
USC00316676,2009-08-10,TMAX,328
USC00314144,2010-05-25,TMIN,194
USC00316676,2009-08-10,TMIN,217
USC00314144,2009-06-28,TMAX,306
USC00314684,2012-06-25,TMAX,322
USC00314684,2010-08-23,TMIN,211
USC00317170,2010-03-11,TMAX,183
USC00314684,2005-11-12,TMIN,-6
USC00315830,2009-12-11,TMIN,89
USW00093743,2012-12-26,TMAX,183
USW00093743,2012-12-26,TMIN,89
USW00093765,2011-06-01,TMAX,317
USW00013754,2014-10-12,TMIN,178
USC00314684,2006-12-01,TMIN,100
USR0000NNWB,2014-10-12,TMIN,167
USW00093719,2011-01-23,TMAX,78
USW00093719,2011-01-23,TMIN,-83
USR0000NNWB,2014-10-12,TMAX,228
USC00314689,2010-12-05,TMAX,50
USW00093719,2013-08-23,TMIN,222
USC00314144,2009-06-28,TMIN,161
USW00013754,2014-10-12,TMAX,244
USR0000NHOF,2012-09-11,TMIN,94
USR0000NHOF,2012-09-11,TMAX,256
USC00310576,2008-09-04,TMIN,150
USR0000NCRN,2011-03-22,TMIN,122
USR0000NHOF,2009-05-26,TMAX,261
USC00316676,2013-03-18,TMIN,89
USR0000NHOF,2009-05-26,TMIN,178
USC00310576,2008-09-04,TMAX,317
USR0000NHOF,2015-03-09,TMAX,200
USR0000NNWB,2012-01-12,TMIN,94
USW00093743,2008-10-27,TMAX,222
USW00093743,2008-04-15,TMIN,50
USC00310356,2012-09-11,TMIN,156
USW00093743,2008-04-15,TMAX,161
USC00314684,2009-06-20,TMIN,233
USC00310356,2012-09-11,TMAX,261
USW00093743,2008-10-27,TMIN,44
USC00314684,2006-12-01,TMAX,261
USC00316676,2013-03-18,TMAX,189
USC00314689,2011-10-03,TMAX,194
USR0000NHOF,2012-12-26,TMIN,78
USC00316676,2012-11-08,TMAX,106
USR0000NCRN,2013-02-06,TMIN,22
USW00093765,2011-06-01,TMIN,211
USR0000NHOF,2015-03-09,TMIN,78
USW00013754,2014-07-28,TMAX,322
USW00013754,2008-03-16,TMIN,50
USW00013754,2014-07-28,TMIN,222
USC00310576,2005-07-02,TMIN,228
USC00310576,2005-07-02,TMAX,306
USW00093743,2012-09-11,TMIN,144
USW00093743,2012-09-11,TMAX,256
USW00013754,2008-03-16,TMAX,156
USC00314684,2009-06-20,TMAX,322
USC00316676,2012-11-08,TMIN,28
USR0000NNWB,2015-11-07,TMIN,156
USC00314144,2009-04-04,TMIN,33
USC00315830,2009-12-11,TMAX,183
USR0000NHOF,2009-02-28,TMIN,72
USC00310576,2005-04-17,TMIN,17
USR0000NHOF,2009-02-28,TMAX,150
USC00316676,2005-07-08,TMIN,250
USC00315830,2014-12-13,TMIN,-11
USC00316676,2005-07-08,TMAX,333
USW00093719,2010-01-01,TMIN,33
USW00093719,2010-01-01,TMAX,133
USC00310356,2007-08-01,TMIN,222
USC00310576,2008-08-26,TMIN,194
USC00310576,2014-11-28,TMAX,150
USW00093719,2014-10-12,TMAX,239
USC00310576,2014-11-28,TMIN,22
USC00315830,2008-07-17,TMAX,300
USW00093719,2014-10-12,TMIN,178
USR0000NHOF,2008-04-15,TMAX,156
USC00316096,2012-12-14,TMAX,150
USC00316096,2012-12-14,TMIN,11
USW00093765,2010-09-29,TMIN,217
USW00093743,2010-02-18,TMAX,106
USW00093719,2006-07-19,TMIN,222
USC00317170,2014-01-11,TMIN,144
USW00093719,2006-07-19,TMAX,333
USR0000NHOF,2010-02-18,TMAX,100
USW00093743,2010-02-18,TMIN,-5
USC00314689,2011-06-26,TMIN,189
USW00093765,2009-04-14,TMIN,150
USC00316676,2011-11-26,TMAX,206
USC00315830,2014-12-23,TMAX,106
USC00316676,2011-11-26,TMIN,0
USC00315830,2014-12-23,TMIN,67
USC00314689,2011-06-26,TMAX,339
USR0000NHOF,2010-02-18,TMIN,-33
USW00093765,2009-04-14,TMAX,200
USC00310576,2005-04-17,TMAX,178
USC00314144,2009-12-04,TMAX,144
USR0000NCRN,2006-03-27,TMAX,167
USR0000NCRN,2006-03-27,TMIN,-11
USC00317170,2010-03-11,TMIN,139
USR0000NCRN,2013-10-11,TMIN,150
USR0000NCRN,2013-10-11,TMAX,183
USC00314144,2009-12-04,TMIN,39
USR0000NCRN,2009-07-10,TMAX,278
USW00093719,2006-01-01,TMAX,161
USW00093719,2006-01-01,TMIN,11
USC00316676,2007-03-05,TMAX,128
USC00310576,2012-11-21,TMIN,89
USC00310576,2012-11-21,TMAX,144
USC00314684,2005-11-12,TMAX,156
USR0000NCRN,2009-07-10,TMIN,200
USC00314144,2009-04-04,TMAX,233
USC00314689,2015-01-19,TMIN,28
USC00315830,2011-04-13,TMIN,133
USC00315830,2014-12-13,TMAX,133
USR0000NCRN,2007-11-04,TMAX,217
USC00314684,2009-09-15,TMAX,294
USW00093719,2009-03-05,TMIN,-56
USC00314684,2009-09-15,TMIN,144
USW00093719,2009-03-05,TMAX,144
USC00315830,2011-04-13,TMAX,222
USC00310356,2007-08-01,TMAX,317
USC00316676,2012-08-07,TMAX,300
USC00316676,2012-08-07,TMIN,228
USC00310356,2012-12-26,TMAX,161
USC00310356,2012-12-26,TMIN,94
USR0000NCRN,2007-09-02,TMIN,183
USR0000NCRN,2007-09-02,TMAX,300
USC00314689,2015-01-19,TMAX,161
USR0000NCRN,2010-09-04,TMAX,306
USR0000NNWB,2015-05-09,TMIN,200
USC00310356,2015-12-24,TMAX,211
USC00314684,2009-02-23,TMIN,-39
USW00093719,2006-08-11,TMAX,261
USW00093719,2006-08-11,TMIN,228
USC00316096,2012-02-22,TMAX,200
USR0000NNWB,2014-04-10,TMIN,61
USC00315830,2011-03-20,TMIN,83
USC00315830,2008-07-28,TMAX,311
USC00315830,2008-07-28,TMIN,239
USR0000NNWB,2014-04-10,TMAX,250
USC00315830,2014-06-05,TMIN,233
USC00315830,2011-03-20,TMAX,206
USC00314684,2011-06-06,TMIN,156
USC00315830,2006-06-22,TMIN,222
USC00315830,2006-06-22,TMAX,294
USC00315830,2014-06-05,TMAX,283
USC00310356,2007-07-11,TMIN,233
USC00310356,2007-07-11,TMAX,278
USC00315830,2014-07-16,TMIN,228
USC00315830,2014-07-16,TMAX,267
USC00314689,2009-01-26,TMIN,11
USW00013754,2011-10-25,TMAX,217
USW00093743,2009-04-04,TMAX,217
USC00315830,2009-02-21,TMAX,189
USW00093765,2015-08-06,TMIN,239
USC00314689,2015-10-14,TMIN,144
USC00314689,2009-01-26,TMAX,56
USW00093743,2009-04-04,TMIN,83
USC00316096,2012-06-25,TMIN,217
USR0000NHOF,2008-08-04,TMAX,339
USR0000NHOF,2008-08-04,TMIN,194
USW00013754,2011-10-25,TMIN,83
USC00316096,2015-01-29,TMAX,111
USC00310356,2015-06-27,TMIN,244
USC00317170,2008-02-18,TMAX,222
USC00310356,2005-04-17,TMIN,44
USR0000NHOF,2009-04-04,TMIN,33
USR0000NNWB,2014-05-03,TMIN,133
USW00093765,2015-07-27,TMAX,300
USC00314684,2006-10-07,TMIN,111
USC00314684,2006-10-07,TMAX,256
USR0000NHOF,2009-04-04,TMAX,233
USC00316096,2011-01-05,TMIN,-39
USC00316096,2011-01-05,TMAX,94
USR0000NNWB,2011-08-27,TMIN,217
USW00093719,2008-03-10,TMAX,156
USW00093719,2008-03-10,TMIN,-17
USR0000NNWB,2011-08-27,TMAX,250
USC00314144,2005-11-20,TMIN,33
USR0000NNWB,2012-02-24,TMAX,233
USC00316676,2013-05-05,TMAX,194
USC00316676,2013-05-05,TMIN,128
USC00314684,2010-03-29,TMAX,211
USW00093765,2015-08-06,TMAX,300
USW00093765,2014-03-13,TMIN,-16
USC00316096,2012-02-22,TMIN,94
USC00314144,2006-09-11,TMAX,278
USC00314144,2006-09-11,TMIN,161
USW00093743,2009-03-16,TMAX,128
USC00317170,2008-02-18,TMIN,139
USC00310356,2005-04-17,TMAX,133
USR0000NHOF,2015-06-27,TMIN,206
USW00093743,2009-03-16,TMIN,106
USC00314144,2007-09-02,TMIN,150
USC00314144,2007-09-02,TMAX,289
USC00314684,2010-03-29,TMIN,28
USW00093765,2014-03-13,TMAX,111
USR0000NHOF,2015-06-27,TMAX,317
USC00314689,2015-10-14,TMAX,256
USC00310356,2015-06-27,TMAX,294
USC00316096,2015-01-29,TMIN,-67
USC00315830,2013-08-23,TMIN,233
USC00314144,2005-09-29,TMIN,161
USC00314689,2013-06-27,TMIN,211
USC00314689,2007-11-04,TMAX,183
USC00314689,2013-06-27,TMAX,322
USC00314689,2007-11-04,TMIN,33
USW00013754,2014-04-10,TMAX,222
USR0000NHOF,2005-10-08,TMIN,217
USR0000NHOF,2005-10-08,TMAX,272
USC00314684,2011-06-06,TMAX,311
USC00317170,2007-05-04,TMIN,150
USC00315830,2009-08-18,TMAX,306
USW00013754,2015-11-07,TMAX,289
USC00310576,2007-08-20,TMAX,317
USC00314144,2007-02-25,TMAX,178
USR0000NCRN,2015-12-24,TMAX,244
USR0000NCRN,2015-12-24,TMIN,206
USC00316676,2013-10-10,TMIN,156
USW00093719,2014-11-10,TMAX,200
USW00093719,2014-11-10,TMIN,44
USC00316096,2013-06-27,TMAX,289
USC00316096,2013-06-27,TMIN,222
USC00314684,2012-02-08,TMIN,-11
USC00314144,2005-09-29,TMAX,317
USC00315830,2009-08-18,TMIN,233
USC00317170,2008-08-27,TMIN,228
USC00310576,2013-02-06,TMAX,189
USC00317170,2008-08-27,TMAX,278
USC00310576,2013-02-06,TMIN,17
USC00317170,2007-05-04,TMAX,194
USC00314144,2007-02-25,TMIN,11
USC00316676,2013-10-10,TMAX,172
USC00316676,2006-01-26,TMAX,128
USC00315830,2013-08-23,TMAX,306
USR0000NHOF,2007-02-01,TMIN,-61
USC00310356,2009-04-04,TMIN,117
USC00310576,2011-10-11,TMIN,172
USC00316676,2007-12-22,TMAX,111
USC00316676,2007-12-22,TMIN,72
USC00317170,2008-08-30,TMAX,328
USC00317170,2008-08-30,TMIN,222
USW00093719,2010-03-11,TMAX,189
USC00310356,2007-02-01,TMAX,44
USR0000NCRN,2006-10-23,TMAX,172
USR0000NCRN,2008-09-18,TMIN,156
USR0000NCRN,2008-09-18,TMAX,267
USW00093719,2008-03-16,TMAX,150
USW00093719,2008-03-16,TMIN,50
USC00316096,2012-06-25,TMAX,294
USR0000NCRN,2006-10-23,TMIN,56
USC00316096,2009-11-01,TMIN,133
USW00093719,2010-03-11,TMIN,133
USC00310576,2013-11-12,TMIN,22
USR0000NHOF,2007-02-01,TMAX,33
USC00316676,2006-01-26,TMIN,-11
USW00013754,2014-04-10,TMIN,50
USC00310576,2011-10-11,TMAX,239
USC00316096,2009-09-15,TMAX,283
USC00316096,2009-09-15,TMIN,150
USC00310576,2006-05-24,TMAX,261
USC00310356,2009-03-16,TMAX,139
USC00315830,2009-02-21,TMIN,-44
USR0000NNWB,2010-10-26,TMIN,200
USR0000NNWB,2010-10-26,TMAX,300
USC00310576,2013-11-12,TMAX,172
USC00310576,2006-05-24,TMIN,94
USC00310356,2009-04-04,TMAX,189
USC00310356,2009-03-16,TMIN,89
USC00317170,2015-03-27,TMAX,189
USC00316096,2011-12-11,TMIN,22
USW00093719,2015-06-03,TMIN,200
USW00093765,2014-09-01,TMIN,267
USC00310356,2008-01-10,TMAX,183
USC00310356,2008-01-10,TMIN,-6
USW00093765,2014-09-01,TMAX,306
USC00310356,2014-12-21,TMAX,67
USC00310356,2015-03-17,TMAX,217
USC00316096,2011-09-09,TMAX,289
USC00314684,2012-02-01,TMAX,189
USW00013754,2014-05-03,TMAX,244
USW00013754,2014-05-03,TMIN,144
USC00314684,2012-02-01,TMIN,17
USC00310356,2014-12-21,TMIN,39
USC00314684,2014-07-28,TMIN,239
USC00314684,2014-07-28,TMAX,306
USC00310356,2012-11-21,TMAX,144
USR0000NCRN,2013-02-28,TMAX,128
USC00310356,2014-11-28,TMAX,139
USW00093719,2014-04-10,TMAX,250
USC00317170,2008-10-05,TMIN,100
USC00317170,2011-02-19,TMIN,122
USW00093719,2014-04-10,TMIN,56
USR0000NCRN,2005-02-05,TMAX,128
USC00316096,2014-06-22,TMAX,300
USR0000NCRN,2010-04-05,TMAX,228
USC00316096,2014-06-22,TMIN,217
USC00316676,2009-11-13,TMIN,117
USR0000NCRN,2005-02-05,TMIN,33
USC00316676,2009-11-13,TMAX,150
USC00310356,2014-11-28,TMIN,11
USW00013754,2015-12-08,TMAX,161
USW00013754,2015-12-08,TMIN,28
USR0000NCRN,2013-02-28,TMIN,33
USR0000NHOF,2007-07-11,TMAX,328
USC00317170,2007-08-11,TMIN,228
USC00317170,2007-08-11,TMAX,272
USC00316676,2009-11-19,TMIN,144
USW00093765,2014-11-10,TMAX,189
USW00093765,2014-11-10,TMIN,72
USW00093719,2005-01-05,TMAX,233
USW00093719,2005-01-05,TMIN,122
USC00314689,2008-07-13,TMAX,322
USC00316676,2009-11-19,TMAX,189
USC00314689,2012-08-23,TMAX,283
USC00314689,2008-07-13,TMIN,172
USC00315830,2014-07-05,TMIN,222
USW00093719,2007-12-28,TMAX,194
USC00316676,2012-05-18,TMIN,150
USC00316676,2012-05-18,TMAX,239
USC00314689,2007-06-29,TMIN,228
USC00314689,2012-08-23,TMIN,211
USC00310356,2012-11-21,TMIN,89
USC00314689,2006-01-01,TMIN,28
USC00310576,2009-07-27,TMAX,328
USR0000NCRN,2010-04-05,TMIN,167
USR0000NHOF,2007-07-11,TMIN,217
USC00316096,2011-09-09,TMIN,156
USR0000NNWB,2015-06-03,TMIN,200
USR0000NNWB,2015-06-03,TMAX,267
USC00310576,2012-10-03,TMAX,261
USC00314689,2006-01-01,TMAX,156
USC00310576,2012-10-03,TMIN,228
USW00093719,2009-04-14,TMAX,200
USW00093719,2008-04-29,TMAX,189
USW00093719,2008-04-29,TMIN,89
USC00310576,2009-07-27,TMIN,250
USC00310576,2006-03-27,TMAX,156
USC00310576,2006-03-27,TMIN,-22
USW00093719,2009-04-14,TMIN,150
USC00310576,2013-11-05,TMAX,150
USC00316676,2005-01-26,TMIN,-28
USR0000NHOF,2011-10-06,TMIN,72
USC00314684,2012-07-22,TMIN,217
USC00314684,2012-07-22,TMAX,322
USC00314684,2006-08-19,TMAX,311
USC00310576,2005-02-14,TMIN,50
USC00314144,2007-11-16,TMIN,-44
USW00093743,2012-11-21,TMIN,72
USC00316096,2012-08-23,TMIN,211
USC00316096,2012-08-23,TMAX,278
USW00093719,2006-02-27,TMIN,-67
USW00093743,2008-01-10,TMAX,317
USW00093743,2008-01-10,TMIN,117
USR0000NCRN,2013-03-19,TMIN,72
USR0000NCRN,2013-03-19,TMAX,206
USC00314144,2007-11-16,TMAX,106
USW00093765,2015-07-27,TMIN,239
USR0000NHOF,2012-11-21,TMAX,150
USC00314689,2011-07-25,TMIN,239
USC00317170,2015-03-27,TMIN,67
USW00093719,2015-06-03,TMAX,267
USC00310576,2014-05-23,TMIN,183
USC00310576,2014-05-23,TMAX,322
USR0000NNWB,2014-05-03,TMAX,261
USC00314689,2011-07-25,TMAX,350
USC00314684,2006-08-19,TMIN,211
USC00316096,2011-12-11,TMAX,111
USC00310576,2014-10-12,TMAX,311
USC00310576,2005-12-17,TMIN,-11
USC00310576,2005-12-17,TMAX,94
USW00093719,2006-02-27,TMAX,106
USC00316096,2009-11-01,TMAX,267
USR0000NHOF,2012-11-21,TMIN,44
USC00310576,2014-10-12,TMIN,144
USC00314684,2009-02-23,TMAX,133
USC00310576,2005-02-14,TMAX,189
USC00316676,2007-02-26,TMAX,178
USC00310576,2009-07-10,TMAX,283
USC00310576,2009-07-10,TMIN,172
USR0000NHOF,2009-03-16,TMIN,94
USR0000NCRN,2006-12-21,TMIN,39
USR0000NCRN,2006-12-21,TMAX,194
USC00314689,2009-02-11,TMAX,233
USC00317170,2008-10-05,TMAX,272
USC00314689,2009-02-11,TMIN,128
USR0000NHOF,2008-10-10,TMAX,228
USR0000NNWB,2011-10-25,TMIN,94
USC00314689,2007-05-22,TMIN,161
USC00316676,2005-01-26,TMAX,100
USR0000NHOF,2008-10-10,TMIN,178
USC00316676,2007-02-26,TMIN,67
USC00317170,2011-02-19,TMAX,211
USR0000NHOF,2011-10-06,TMAX,250
USR0000NHOF,2009-03-16,TMAX,122
USC00314689,2009-09-15,TMIN,167
USW00093765,2015-03-02,TMAX,178
USW00093765,2015-03-02,TMIN,44
USC00314144,2005-05-14,TMIN,128
USC00314144,2005-05-14,TMAX,272
USR0000NCRN,2009-04-28,TMIN,117
USW00093743,2012-11-21,TMAX,156
USR0000NNWB,2011-10-25,TMAX,228
USC00316676,2014-01-26,TMIN,-72
USR0000NCRN,2009-04-28,TMAX,256
USC00314144,2006-04-23,TMAX,289
USR0000NHOF,2014-11-28,TMIN,-28
USR0000NHOF,2014-11-28,TMAX,100
USC00314144,2006-04-23,TMIN,156
USC00314689,2009-09-15,TMAX,306
USC00316676,2014-01-26,TMAX,89
USC00310356,2015-12-24,TMIN,161
USC00317170,2014-03-13,TMAX,172
USC00310576,2013-11-05,TMIN,67
USW00093765,2007-05-04,TMIN,161
USC00314684,2005-11-16,TMIN,161
USR0000NCRN,2013-05-06,TMAX,217
USR0000NCRN,2013-05-06,TMIN,156
USR0000NNWB,2008-12-11,TMIN,150
USC00316096,2011-07-08,TMAX,289
USC00316096,2011-07-08,TMIN,239
USC00315830,2014-10-12,TMAX,272
USC00315830,2014-10-12,TMIN,183
USR0000NNWB,2008-12-11,TMAX,217
USW00013754,2009-11-27,TMIN,50
USC00315830,2010-01-26,TMAX,200
USC00315830,2010-01-26,TMIN,139
USC00314144,2007-11-21,TMIN,67
USC00314144,2007-11-21,TMAX,244
USC00314684,2014-03-13,TMAX,228
USC00314684,2014-03-13,TMIN,22
USC00315830,2007-03-17,TMIN,22
USR0000NHOF,2015-09-04,TMAX,344
USW00093765,2014-06-02,TMAX,250
USW00093743,2013-01-10,TMIN,83
USR0000NCRN,2005-09-29,TMIN,189
USR0000NCRN,2005-09-29,TMAX,294
USW00013754,2005-01-05,TMAX,233
USC00314684,2012-12-14,TMIN,0
USC00317170,2010-09-29,TMAX,239
USC00317170,2010-09-29,TMIN,194
USW00013754,2005-06-24,TMAX,294
USW00013754,2005-06-24,TMIN,217
USW00093743,2013-01-10,TMAX,183
USW00093765,2007-05-04,TMAX,206
USC00314684,2012-12-14,TMAX,106
USW00013754,2014-09-01,TMIN,244
USW00013754,2005-01-05,TMIN,122
USW00093743,2013-02-28,TMAX,139
USR0000NCRN,2013-11-30,TMIN,22
USR0000NCRN,2006-11-16,TMAX,239
USR0000NCRN,2006-11-16,TMIN,117
USR0000NHOF,2012-10-03,TMIN,222
USR0000NHOF,2012-10-03,TMAX,278
USW00093743,2012-10-03,TMIN,244
USC00314684,2005-12-04,TMIN,6
USW00093743,2012-10-03,TMAX,278
USW00093765,2008-12-14,TMAX,172
USW00093765,2008-12-14,TMIN,39
USW00093765,2007-12-18,TMAX,94
USW00093765,2007-12-18,TMIN,-5
USC00314684,2005-12-04,TMAX,150
USR0000NNWB,2014-09-01,TMIN,239
USR0000NCRN,2009-10-07,TMAX,294
USC00310356,2012-10-03,TMIN,244
USR0000NNWB,2014-11-10,TMIN,44
USW00093765,2009-04-26,TMAX,233
USC00310356,2013-01-10,TMIN,111
USC00310356,2013-01-10,TMAX,211
USC00314144,2011-05-10,TMIN,78
USC00314144,2011-05-10,TMAX,244
USW00093765,2009-04-26,TMIN,167
USW00093743,2013-02-28,TMIN,33
USC00314684,2005-11-16,TMAX,250
USC00310356,2013-02-28,TMAX,128
USC00314689,2014-01-11,TMAX,228
USC00310356,2012-10-03,TMAX,256
USC00314689,2014-01-11,TMIN,150
USR0000NNWB,2014-11-10,TMAX,194
USR0000NNWB,2014-09-01,TMAX,350
USC00310356,2013-02-28,TMIN,78
USW00013754,2014-09-01,TMAX,333
USC00315830,2007-03-17,TMAX,183
USR0000NHOF,2015-09-04,TMIN,189
USC00314684,2014-06-12,TMIN,211
USC00314684,2010-04-10,TMIN,22
USR0000NCRN,2012-03-07,TMIN,17
USR0000NCRN,2012-03-07,TMAX,189
USW00093719,2005-01-24,TMIN,-72
USC00316096,2014-01-11,TMAX,217
USC00314689,2012-01-14,TMAX,72
USC00314144,2005-04-30,TMIN,161
USC00314144,2005-04-30,TMAX,256
USC00314689,2012-01-14,TMIN,-22
USC00314684,2005-08-12,TMIN,217
USC00310576,2005-05-30,TMIN,178
USC00316096,2014-03-13,TMAX,128
USC00314684,2010-04-10,TMAX,178
USW00013754,2011-01-31,TMAX,94
USC00316676,2008-12-04,TMAX,133
USC00316676,2008-12-04,TMIN,-28
USR0000NHOF,2013-01-10,TMAX,172
USC00316096,2011-07-25,TMIN,228
USC00310356,2008-10-10,TMIN,167
USC00310576,2005-05-30,TMAX,200
USR0000NHOF,2013-02-28,TMIN,6
USC00310576,2010-02-18,TMAX,94
USW00013754,2008-09-29,TMIN,189
USC00310576,2010-02-18,TMIN,0
USR0000NCRN,2005-09-07,TMAX,294
USR0000NCRN,2005-09-07,TMIN,211
USC00314684,2005-08-12,TMAX,328
USC00316096,2014-03-13,TMIN,-33
USC00316096,2012-02-01,TMIN,67
USC00316096,2012-02-01,TMAX,194
USC00310356,2008-10-27,TMAX,222
USW00013754,2008-09-29,TMAX,278
USR0000NHOF,2013-02-28,TMAX,117
USC00317170,2008-01-24,TMIN,28
USC00310356,2007-07-07,TMAX,289
USC00310576,2007-10-12,TMIN,100
USC00310576,2007-10-12,TMAX,250
USC00316096,2014-01-11,TMIN,133
USC00310576,2005-08-04,TMIN,200
USW00093765,2010-01-01,TMAX,144
USC00310576,2005-08-04,TMAX,306
USC00314144,2008-11-03,TMAX,167
USC00314144,2008-11-03,TMIN,139
USW00093765,2010-01-01,TMIN,56
USR0000NHOF,2010-05-13,TMAX,244
USR0000NHOF,2010-05-13,TMIN,183
USR0000NCRN,2005-05-14,TMIN,133
USR0000NCRN,2005-05-14,TMAX,250
USW00093765,2014-06-02,TMIN,150
USR0000NCRN,2015-06-27,TMAX,294
USC00310356,2007-07-07,TMIN,256
USC00310356,2007-07-24,TMAX,300
USC00317170,2008-01-24,TMAX,144
USC00314684,2014-06-12,TMAX,350
USW00093719,2013-06-27,TMAX,328
USW00093743,2008-06-25,TMAX,272
USW00093719,2013-06-27,TMIN,217
USC00310576,2011-11-11,TMIN,67
USC00316096,2010-03-29,TMAX,178
USW00093743,2008-06-25,TMIN,183
USC00310576,2011-11-11,TMAX,228
USC00310576,2014-05-30,TMIN,178
USC00310356,2007-07-24,TMIN,183
USC00316096,2010-03-29,TMIN,122
USW00013754,2014-11-10,TMAX,200
USW00013754,2014-11-10,TMIN,56
USC00310576,2014-05-30,TMAX,256
USW00013754,2009-11-27,TMAX,128
USW00093765,2011-02-19,TMAX,217
USR0000NCRN,2015-06-27,TMIN,228
USW00013754,2010-08-09,TMAX,306
USW00013754,2010-08-09,TMIN,228
USR0000NHOF,2005-09-07,TMIN,189
USR0000NHOF,2005-09-07,TMAX,272
USC00310356,2012-01-21,TMAX,156
USC00310356,2005-10-08,TMIN,222
USW00013754,2015-03-21,TMIN,72
USC00310576,2007-08-20,TMIN,194
USC00316096,2015-11-03,TMIN,172
USW00093719,2015-05-09,TMAX,278
USR0000NHOF,2014-12-21,TMAX,100
USR0000NCRN,2013-10-28,TMIN,50
USC00314689,2005-06-10,TMIN,217
USC00310356,2008-08-04,TMIN,256
USC00310356,2008-08-04,TMAX,311
USC00310356,2012-01-21,TMIN,83
USR0000NCRN,2007-09-06,TMIN,183
USC00316676,2014-02-08,TMIN,11
USC00317170,2010-01-01,TMAX,139
USW00093719,2014-09-01,TMAX,350
USW00093719,2014-09-01,TMIN,244
USC00317170,2010-01-01,TMIN,50
USC00310576,2011-01-17,TMAX,144
USW00093719,2015-05-09,TMIN,194
USR0000NNWB,2009-11-30,TMIN,94
USC00310356,2015-09-04,TMIN,233
USW00093765,2015-06-03,TMIN,200
USW00093765,2015-06-03,TMAX,261
USW00093765,2006-10-01,TMIN,139
USW00093765,2006-10-01,TMAX,261
USR0000NCRN,2007-09-06,TMAX,328
USC00310576,2011-01-17,TMIN,-6
USC00315830,2009-01-15,TMIN,0
USC00314144,2011-03-04,TMAX,161
USC00317170,2014-07-28,TMAX,322
USW00093719,2014-05-03,TMAX,267
USC00314689,2011-12-11,TMIN,6
USC00317170,2011-03-08,TMAX,161
USR0000NCRN,2005-04-30,TMIN,189
USC00316096,2015-11-03,TMAX,189
USC00316676,2012-06-15,TMIN,161
USC00316096,2011-12-28,TMIN,6
USW00013754,2015-11-07,TMIN,189
USC00314689,2011-12-11,TMAX,106
USR0000NNWB,2006-09-24,TMIN,228
USC00317170,2014-03-13,TMIN,33
USW00093743,2008-08-04,TMAX,239
USW00093743,2008-08-04,TMIN,167
USC00310356,2015-09-04,TMAX,289
USC00316676,2012-06-15,TMAX,250
USC00310356,2005-09-07,TMIN,222
USC00316096,2011-12-28,TMAX,117
USC00317170,2011-03-08,TMIN,22
USC00317170,2014-07-28,TMIN,228
USC00317170,2011-03-02,TMIN,17
USC00315830,2009-01-15,TMAX,111
USC00314684,2013-06-27,TMAX,317
USC00314684,2013-06-27,TMIN,206
USC00314689,2007-01-12,TMAX,194
USR0000NCRN,2005-04-30,TMAX,222
USC00314689,2007-01-12,TMIN,22
USW00013754,2015-03-21,TMAX,183
USW00093743,2008-10-10,TMAX,239
USW00093743,2008-10-10,TMIN,194
USR0000NNWB,2006-09-24,TMAX,317
USC00314684,2006-01-01,TMAX,172
USC00314684,2006-01-01,TMIN,0
USW00093719,2014-05-03,TMIN,133
USC00314684,2012-02-08,TMAX,144
USC00310356,2005-09-07,TMAX,283
USR0000NHOF,2014-12-21,TMIN,0
USC00317170,2014-12-18,TMAX,122
USC00310576,2007-05-18,TMIN,156
USC00317170,2011-05-03,TMAX,300
USW00093765,2015-03-27,TMIN,61
USW00093765,2015-03-27,TMAX,183
USC00317170,2011-05-03,TMIN,161
USC00316096,2015-10-14,TMIN,133
USC00316096,2015-10-14,TMAX,250
USR0000NNWB,2010-08-09,TMAX,339
USR0000NNWB,2010-08-09,TMIN,239
USC00310576,2007-05-18,TMAX,200
USC00316676,2012-05-31,TMIN,167
USC00317170,2015-06-03,TMAX,256
USC00317170,2015-06-03,TMIN,194
USR0000NNWB,2006-02-27,TMIN,-67
USC00316676,2012-05-31,TMAX,233
USR0000NNWB,2006-02-27,TMAX,106
USR0000NCRN,2013-11-30,TMAX,139
USW00093765,2013-06-27,TMAX,289
USW00093765,2013-06-27,TMIN,244
USC00316676,2010-10-11,TMIN,111
USC00316676,2010-10-11,TMAX,278
USW00093765,2014-07-28,TMAX,306
USR0000NNWB,2009-11-30,TMAX,211
USW00093765,2014-07-28,TMIN,222
USR0000NHOF,2008-06-25,TMAX,328
USW00093765,2006-04-10,TMIN,22
USR0000NHOF,2008-06-25,TMIN,172
USC00315830,2010-04-29,TMIN,50
USW00093765,2006-04-10,TMAX,183
USC00315830,2010-04-29,TMAX,211
USW00093765,2011-02-19,TMIN,83
USC00310576,2012-12-26,TMAX,161
USC00310576,2012-12-26,TMIN,50
USW00093719,2008-11-25,TMIN,-6
USC00314144,2008-05-12,TMAX,189
USW00093765,2008-03-23,TMAX,144
USC00317170,2015-08-06,TMIN,178
USC00314689,2009-11-01,TMIN,144
USC00314689,2009-11-01,TMAX,233
USC00317170,2015-08-06,TMAX,350
USC00314144,2008-05-12,TMIN,106
USC00314689,2005-06-10,TMAX,317
USC00317170,2011-03-02,TMAX,189
USR0000NNWB,2005-01-05,TMAX,233
USC00316676,2013-01-22,TMIN,17
USC00316676,2013-01-22,TMAX,183
USC00316676,2014-02-08,TMAX,100
USR0000NCRN,2013-10-28,TMAX,222
USC00314144,2011-03-04,TMIN,-33
USR0000NNWB,2005-01-05,TMIN,128
USR0000NNWB,2009-03-12,TMAX,167
USW00013754,2007-03-26,TMAX,222
USW00093719,2008-11-25,TMAX,128
USR0000NCRN,2007-09-23,TMIN,200
USR0000NCRN,2007-09-23,TMAX,333
USR0000NNWB,2009-03-12,TMIN,72
USC00310576,2005-02-27,TMIN,6
USC00317170,2014-12-18,TMIN,11
USW00093765,2008-03-23,TMIN,72
USC00314684,2012-08-23,TMAX,294
USC00315830,2012-04-16,TMAX,250
USC00315830,2012-04-16,TMIN,178
USW00013754,2007-03-26,TMIN,89
USC00317170,2013-06-27,TMAX,328
USC00317170,2013-06-27,TMIN,211
USC00310576,2005-02-27,TMAX,89
USC00314684,2012-08-23,TMIN,211
USR0000NNWB,2006-06-26,TMAX,300
USR0000NHOF,2006-11-25,TMAX,178
USC00316096,2013-09-15,TMIN,183
USR0000NNWB,2011-09-13,TMAX,322
USR0000NNWB,2011-09-13,TMIN,172
USC00310576,2013-03-22,TMIN,-11
USC00310576,2013-03-22,TMAX,117
USR0000NCRN,2007-01-14,TMIN,100
USC00315830,2015-05-31,TMAX,278
USC00315830,2015-05-31,TMIN,200
USC00314684,2011-08-28,TMAX,311
USW00093719,2005-09-27,TMAX,278
USR0000NCRN,2007-01-14,TMAX,233
USC00317170,2012-12-13,TMAX,111
USC00317170,2012-12-13,TMIN,61
USR0000NCRN,2012-12-28,TMIN,-17
USR0000NCRN,2008-07-09,TMAX,300
USR0000NCRN,2012-12-28,TMAX,89
USC00315830,2007-12-14,TMIN,133
USW00093719,2005-09-27,TMIN,194
USR0000NNWB,2015-12-09,TMIN,28
USR0000NNWB,2015-01-28,TMIN,-44
USR0000NNWB,2015-01-28,TMAX,78
USC00316676,2005-07-16,TMIN,233
USR0000NHOF,2009-03-24,TMIN,-22
USR0000NHOF,2009-03-24,TMAX,139
USC00314684,2014-07-15,TMIN,233
USC00315830,2010-11-26,TMIN,89
USC00314144,2006-07-31,TMIN,222
USW00093719,2013-08-19,TMIN,233
USW00093719,2013-08-19,TMAX,261
USC00315830,2007-12-14,TMAX,206
USC00316096,2012-05-16,TMIN,189
USC00316096,2012-05-16,TMAX,267
USC00314144,2006-07-31,TMAX,350
USW00093765,2010-07-04,TMAX,283
USC00314684,2014-07-15,TMAX,333
USC00317170,2013-02-26,TMIN,6
USC00316676,2013-04-29,TMAX,228
USC00316676,2013-04-29,TMIN,144
USC00315830,2010-08-23,TMAX,306
USC00317170,2013-09-16,TMIN,172
USC00317170,2013-09-16,TMAX,300
USR0000NNWB,2006-11-06,TMIN,50
USR0000NNWB,2006-11-06,TMAX,194
USR0000NNWB,2007-08-19,TMIN,217
USR0000NCRN,2011-03-27,TMAX,89
USC00314684,2013-07-04,TMIN,217
USC00314684,2013-07-04,TMAX,300
USR0000NHOF,2009-02-02,TMAX,167
USC00315830,2010-08-23,TMIN,244
USR0000NHOF,2009-02-02,TMIN,-17
USW00013754,2007-07-11,TMIN,228
USW00013754,2007-07-11,TMAX,333
USW00093719,2010-11-14,TMAX,194
USC00314684,2011-08-28,TMIN,211
USC00317170,2012-11-19,TMAX,144
USC00315830,2014-04-13,TMAX,233
USC00310576,2008-05-27,TMAX,278
USC00315830,2014-04-13,TMIN,128
USC00317170,2013-02-26,TMAX,178
USC00317170,2012-11-19,TMIN,111
USC00310576,2008-05-27,TMIN,117
USC00314144,2009-09-08,TMAX,261
USW00093743,2009-03-24,TMAX,133
USC00314689,2006-12-20,TMIN,11
USC00314689,2006-12-20,TMAX,178
USW00093765,2005-01-06,TMAX,178
USW00093765,2005-01-06,TMIN,128
USW00093743,2009-03-24,TMIN,28
USR0000NNWB,2015-12-09,TMAX,194
USC00316676,2005-07-16,TMAX,317
USC00310576,2014-10-07,TMAX,239
USW00093719,2009-08-03,TMAX,300
USC00314689,2014-12-23,TMIN,44
USW00093743,2009-11-06,TMAX,167
USC00310576,2005-11-13,TMAX,233
USW00093719,2010-07-19,TMIN,239
USR0000NHOF,2015-10-27,TMIN,133
USC00314689,2014-12-23,TMAX,78
USR0000NHOF,2015-10-27,TMAX,200
USC00314689,2012-05-16,TMAX,278
USC00314689,2012-05-16,TMIN,200
USW00093765,2006-09-11,TMIN,172
USC00316676,2009-08-09,TMAX,306
USW00093765,2006-09-11,TMAX,256
USC00316676,2009-08-09,TMIN,194
USC00314684,2014-03-09,TMAX,183
USC00314684,2014-03-09,TMIN,22
USW00013754,2006-12-18,TMIN,56
USR0000NCRN,2014-02-11,TMIN,-6
USC00314144,2007-11-12,TMAX,194
USC00317170,2012-11-29,TMIN,-22
USR0000NNWB,2007-08-19,TMAX,322
USC00310356,2007-06-17,TMIN,144
USC00310356,2007-06-17,TMAX,256
USW00093719,2009-08-03,TMIN,222
USC00314144,2007-11-12,TMIN,-44
USC00314689,2006-03-08,TMIN,-39
USC00310356,2006-10-01,TMIN,122
USC00310356,2006-10-01,TMAX,239
USW00013754,2013-01-16,TMIN,117
USC00316676,2014-07-30,TMAX,283
USC00316676,2014-07-30,TMIN,183
USC00316676,2015-09-11,TMIN,222
USW00093719,2010-07-19,TMAX,339
USC00314684,2010-08-07,TMIN,206
USC00310576,2005-11-13,TMIN,39
USC00314689,2014-11-12,TMIN,156
USC00315830,2014-06-02,TMAX,250
USW00093743,2009-11-06,TMIN,28
USW00093765,2010-07-04,TMIN,150
USC00315830,2010-11-26,TMAX,211
USR0000NNWB,2010-05-23,TMIN,178
USC00310576,2008-08-19,TMAX,294
USR0000NNWB,2010-05-23,TMAX,261
USC00316676,2010-10-19,TMIN,106
USC00310576,2012-01-10,TMAX,100
USC00310576,2014-10-07,TMIN,61
USW00013754,2010-09-12,TMAX,283
USW00013754,2010-09-12,TMIN,194
USC00310576,2012-01-10,TMIN,72
USC00316676,2010-10-19,TMAX,261
USC00314144,2009-09-08,TMIN,194
USC00314689,2014-11-12,TMAX,250
USR0000NCRN,2008-07-09,TMIN,228
USC00314684,2010-08-07,TMAX,311
USC00315830,2014-06-02,TMIN,133
USC00310576,2015-03-15,TMIN,144
USC00314144,2007-08-29,TMAX,311
USC00314144,2007-08-29,TMIN,167
USC00317170,2013-07-04,TMAX,317
USC00310576,2008-08-19,TMIN,178
USC00317170,2013-07-04,TMIN,217
USW00093765,2013-09-16,TMIN,183
USC00310356,2014-08-15,TMIN,194
USC00310576,2015-03-15,TMAX,194
USC00314689,2011-12-10,TMIN,72
USC00310356,2014-08-15,TMAX,294
USC00314689,2011-12-10,TMAX,139
USW00093765,2013-09-16,TMAX,289
USC00316676,2015-09-11,TMAX,317
USR0000NCRN,2011-03-27,TMIN,39
USW00093765,2007-03-30,TMIN,22
USC00315830,2006-05-20,TMAX,239
USC00315830,2006-05-20,TMIN,161
USC00310576,2005-08-21,TMAX,350
USC00314689,2014-06-11,TMAX,344
USC00314689,2006-10-08,TMIN,156
USC00314689,2006-10-08,TMAX,211
USC00310576,2005-08-21,TMIN,233
USC00317170,2008-11-13,TMAX,228
USR0000NHOF,2009-11-06,TMAX,156
USC00317170,2008-11-13,TMIN,111
USC00314689,2014-06-11,TMIN,233
USC00317170,2015-03-13,TMIN,22
USC00314689,2006-06-25,TMIN,217
USC00314689,2006-06-25,TMAX,283
USW00093765,2013-02-26,TMAX,200
USC00314144,2009-01-23,TMIN,-17
USW00093765,2013-02-26,TMIN,61
USC00314689,2013-07-04,TMAX,306
USC00317170,2008-11-05,TMAX,194
USC00314684,2011-06-17,TMAX,300
USC00310356,2007-10-09,TMIN,217
USC00314689,2013-07-04,TMIN,222
USC00314144,2009-01-23,TMAX,161
USR0000NHOF,2008-03-23,TMIN,17
USC00314144,2005-02-21,TMIN,72
USC00317170,2014-03-09,TMAX,217
USR0000NNWB,2011-04-30,TMIN,106
USW00013754,2013-08-19,TMIN,228
USC00314689,2012-09-08,TMIN,228
USC00314689,2012-09-08,TMAX,317
USW00013754,2013-08-19,TMAX,278
USC00317170,2014-03-09,TMIN,72
USC00310356,2007-10-09,TMAX,294
USW00093743,2013-01-09,TMIN,56
USC00316676,2005-09-09,TMAX,294
USC00315830,2007-04-24,TMAX,228
USC00315830,2007-04-24,TMIN,172
USR0000NNWB,2015-09-16,TMIN,133
USW00013754,2015-01-28,TMAX,78
USC00315830,2005-10-28,TMIN,106
USC00316676,2012-12-06,TMIN,89
USW00013754,2015-02-12,TMAX,178
USC00316676,2011-07-07,TMIN,233
USW00013754,2015-01-28,TMIN,-38
USC00316676,2012-12-06,TMAX,244
USC00310576,2010-01-23,TMAX,100
USC00310576,2010-01-23,TMIN,28
USW00093765,2014-03-09,TMAX,194
USC00315830,2009-11-13,TMAX,167
USC00315830,2009-11-13,TMIN,128
USW00093765,2014-03-09,TMIN,50
USC00315830,2005-03-21,TMIN,83
USW00093719,2007-02-14,TMAX,122
USC00316676,2005-09-09,TMIN,167
USW00093719,2007-02-14,TMIN,11
USW00093743,2013-01-09,TMAX,211
USR0000NHOF,2008-03-23,TMAX,156
USR0000NHOF,2010-03-10,TMIN,67
USW00093743,2008-12-29,TMIN,33
USC00314684,2012-01-31,TMIN,-17
USR0000NHOF,2010-03-10,TMAX,222
USC00314684,2012-01-31,TMAX,150
USR0000NHOF,2006-12-28,TMIN,-39
USW00093765,2008-01-19,TMAX,78
USW00093765,2008-01-19,TMIN,33
USW00093743,2008-12-29,TMAX,161
USR0000NHOF,2006-12-28,TMAX,167
USC00316676,2015-04-19,TMIN,178
USC00314689,2012-01-05,TMAX,139
USC00314684,2011-06-17,TMIN,206
USW00093765,2008-03-26,TMIN,111
USC00316676,2010-06-30,TMIN,217
USC00310356,2009-03-24,TMAX,178
USC00310356,2009-03-24,TMIN,56
USC00314144,2005-06-25,TMIN,172
USC00314144,2005-06-25,TMAX,272
USC00314689,2008-09-25,TMIN,156
USC00315830,2011-09-05,TMAX,294
USC00314689,2008-09-25,TMAX,217
USC00316676,2010-06-30,TMAX,344
USC00315830,2011-09-05,TMIN,250
USW00093765,2008-03-26,TMAX,178
USR0000NHOF,2013-01-09,TMAX,217
USW00013754,2007-09-01,TMAX,300
USW00013754,2007-09-01,TMIN,206
USW00093719,2010-11-14,TMIN,17
USC00317170,2011-10-26,TMIN,67
USC00314689,2015-08-31,TMAX,300
USC00316096,2011-12-10,TMAX,106
USW00093765,2007-03-30,TMAX,189
USC00314689,2015-08-31,TMIN,206
USW00093765,2006-04-09,TMIN,61
USR0000NHOF,2013-01-09,TMIN,33
USW00093743,2011-11-09,TMIN,117
USR0000NHOF,2011-11-09,TMIN,83
USW00093719,2008-04-19,TMAX,278
USR0000NHOF,2011-11-09,TMAX,239
USC00315830,2012-10-06,TMIN,161
USW00093719,2008-04-19,TMIN,106
USW00093765,2006-04-09,TMAX,150
USC00317170,2011-10-26,TMAX,244
USC00315830,2012-10-06,TMAX,278
USW00093743,2011-11-09,TMAX,239
USC00317170,2010-03-20,TMAX,261
USC00317170,2010-03-20,TMIN,56
USC00316676,2009-11-09,TMIN,44
USW00013754,2011-04-12,TMIN,150
USC00314144,2006-08-10,TMIN,189
USC00314144,2006-08-10,TMAX,322
USC00314689,2007-01-29,TMIN,-44
USR0000NNWB,2015-07-17,TMIN,222
USC00316676,2009-11-09,TMAX,233
USW00013754,2011-04-12,TMAX,261
USR0000NNWB,2015-07-17,TMAX,333
USC00315830,2010-01-03,TMAX,67
USC00315830,2010-01-03,TMIN,-61
USC00317170,2008-11-05,TMIN,167
USC00316676,2015-04-19,TMAX,250
USC00317170,2015-03-13,TMAX,178
USC00314144,2005-02-21,TMAX,194
USC00316096,2011-12-10,TMIN,39
USW00013754,2010-05-23,TMAX,278
USC00317170,2013-10-07,TMAX,294
USR0000NNWB,2011-04-30,TMAX,256
USC00315830,2006-09-03,TMIN,194
USC00315830,2006-09-03,TMAX,300
USC00310356,2006-12-28,TMAX,156
USC00310356,2006-12-28,TMIN,33
USW00013754,2009-02-28,TMAX,156
USW00013754,2010-05-23,TMIN,167
USC00316096,2013-07-04,TMAX,294
USW00013754,2009-02-28,TMIN,78
USC00316096,2013-07-04,TMIN,228
USC00310356,2011-11-09,TMIN,122
USC00314689,2012-01-05,TMIN,-6
USC00310356,2011-11-09,TMAX,211
USC00317170,2013-10-07,TMIN,206
USC00314689,2007-05-13,TMIN,178
USC00316676,2013-02-08,TMIN,72
USR0000NCRN,2014-02-11,TMAX,11
USC00310356,2009-11-06,TMIN,72
USR0000NHOF,2008-12-29,TMAX,161
USW00093765,2010-09-08,TMIN,256
USW00013754,2011-03-01,TMIN,39
USR0000NHOF,2006-10-01,TMIN,72
USW00013754,2008-05-10,TMAX,278
USW00013754,2008-05-10,TMIN,156
USR0000NHOF,2008-12-29,TMIN,0
USW00093765,2006-06-25,TMIN,228
USW00093765,2006-06-25,TMAX,283
USC00315830,2008-04-08,TMIN,94
USC00315830,2008-04-08,TMAX,150
USC00310576,2014-06-24,TMIN,200
USW00093765,2012-03-02,TMAX,200
USC00310576,2014-06-24,TMAX,294
USR0000NCRN,2008-02-26,TMIN,50
USR0000NCRN,2013-04-30,TMAX,244
USR0000NCRN,2013-04-30,TMIN,156
USR0000NHOF,2005-05-13,TMIN,128
USC00314689,2008-02-07,TMIN,122
USR0000NHOF,2005-05-13,TMAX,200
USC00314689,2006-11-20,TMAX,133
USC00314689,2006-11-20,TMIN,56
USC00316676,2015-11-25,TMAX,144
USR0000NHOF,2006-10-01,TMAX,272
USR0000NNWB,2006-05-20,TMIN,144
USR0000NCRN,2008-02-26,TMAX,211
USC00317170,2013-08-19,TMIN,217
USC00316096,2010-08-07,TMIN,228
USC00317170,2013-08-19,TMAX,250
USC00316676,2015-11-25,TMIN,6
USC00316096,2010-08-07,TMAX,306
USR0000NNWB,2006-05-20,TMAX,283
USW00013754,2011-03-01,TMAX,161
USC00316676,2006-01-03,TMAX,178
USR0000NCRN,2010-10-11,TMIN,156
USW00093765,2005-02-09,TMAX,156
USC00314689,2014-12-05,TMAX,139
USR0000NHOF,2006-08-20,TMIN,189
USR0000NHOF,2006-08-20,TMAX,317
USC00314689,2013-10-07,TMAX,283
USC00314689,2007-12-01,TMAX,133
USW00093765,2005-04-15,TMAX,117
USW00093765,2005-04-15,TMIN,72
USC00314689,2013-10-07,TMIN,211
USC00310356,2006-04-25,TMIN,194
USR0000NHOF,2007-06-17,TMAX,311
USC00310576,2005-07-01,TMAX,328
USR0000NHOF,2007-06-17,TMIN,189
USC00310576,2005-07-01,TMIN,228
USW00093765,2010-09-08,TMAX,300
USW00093765,2010-03-20,TMIN,72
USC00310356,2006-04-25,TMAX,222
USR0000NCRN,2010-10-11,TMAX,278
USC00315830,2005-02-05,TMAX,117
USC00315830,2005-08-13,TMAX,317
USC00315830,2005-08-13,TMIN,233
USC00315830,2005-02-05,TMIN,28
USC00314684,2010-12-02,TMAX,194
USW00093719,2005-11-24,TMAX,200
USC00314684,2014-11-12,TMAX,206
USC00316676,2006-01-03,TMIN,89
USW00093719,2005-11-24,TMIN,83
USC00310356,2005-05-13,TMIN,167
USC00314684,2010-12-02,TMIN,-39
USC00310356,2005-05-13,TMAX,239
USW00093765,2010-03-20,TMAX,189
USC00314684,2014-11-12,TMIN,128
USW00093719,2007-10-11,TMIN,117
USW00093765,2012-01-13,TMIN,39
USW00093719,2007-10-11,TMAX,244
USR0000NNWB,2010-04-16,TMAX,306
USC00314684,2005-05-01,TMIN,172
USC00314684,2005-05-01,TMAX,272
USC00316096,2012-01-31,TMAX,172
USC00316096,2012-01-31,TMIN,-11
USR0000NNWB,2010-04-16,TMIN,106
USR0000NHOF,2015-08-25,TMAX,311
USC00310576,2006-10-21,TMAX,222
USC00310576,2006-10-21,TMIN,106
USR0000NHOF,2015-08-25,TMIN,183
USC00315830,2014-10-07,TMAX,222
USC00315830,2014-10-07,TMIN,94
USR0000NCRN,2010-09-24,TMIN,200
USR0000NCRN,2010-09-24,TMAX,294
USC00314689,2010-08-07,TMAX,317
USC00314689,2010-08-07,TMIN,228
USW00093743,2013-03-22,TMIN,-27
USC00317170,2007-06-12,TMAX,300
USC00310356,2013-03-22,TMAX,111
USC00310356,2013-03-22,TMIN,-17
USC00314684,2011-06-04,TMAX,306
USC00317170,2011-06-13,TMAX,328
USC00314684,2011-06-04,TMIN,122
USC00317170,2011-02-12,TMAX,139
USC00317170,2011-06-13,TMIN,200
USR0000NNWB,2008-05-10,TMIN,139
USR0000NNWB,2008-05-10,TMAX,283
USW00093719,2015-01-28,TMIN,-32
USW00093719,2015-01-28,TMAX,78
USR0000NCRN,2005-06-13,TMAX,294
USW00093743,2013-03-22,TMAX,83
USC00317170,2007-06-12,TMIN,156
USC00317170,2011-02-12,TMIN,0
USC00310356,2006-08-20,TMAX,278
USR0000NHOF,2013-03-22,TMAX,111
USC00316096,2009-10-08,TMIN,122
USC00316096,2012-11-09,TMAX,156
USC00310576,2006-03-17,TMAX,206
USC00316676,2013-11-27,TMIN,78
USC00316676,2013-11-27,TMAX,211
USC00310356,2015-08-25,TMIN,233
USC00316096,2009-10-08,TMAX,222
USC00315830,2010-01-23,TMIN,17
USC00310356,2015-08-25,TMAX,300
USC00316096,2012-11-09,TMIN,-11
USC00314684,2005-01-24,TMAX,-17
USC00314684,2005-01-24,TMIN,-106
USC00316676,2008-09-16,TMIN,217
USC00316676,2008-09-16,TMAX,328
USC00315830,2010-01-23,TMAX,100
USW00013754,2013-07-04,TMAX,300
USC00314689,2010-10-29,TMIN,128
USC00310356,2005-03-11,TMAX,111
USR0000NHOF,2013-03-22,TMIN,-67
USW00093719,2010-05-23,TMIN,161
USW00093719,2010-05-23,TMAX,267
USC00310356,2006-08-20,TMIN,217
USW00093719,2005-10-17,TMIN,78
USW00093719,2005-10-17,TMAX,206
USC00316676,2009-06-14,TMIN,189
USR0000NCRN,2012-07-28,TMIN,217
USC00310576,2006-03-17,TMIN,50
USC00316676,2009-06-14,TMAX,322
USC00314689,2010-10-29,TMAX,256
USW00093765,2014-01-13,TMAX,183
USW00093765,2014-01-13,TMIN,28
USC00310356,2005-03-11,TMIN,33
USR0000NCRN,2012-07-28,TMAX,317
USW00013754,2013-07-04,TMIN,222
USC00314689,2014-12-05,TMIN,56
USC00314684,2006-07-17,TMIN,206
USR0000NCRN,2009-07-26,TMIN,272
USC00314684,2006-02-14,TMAX,72
USW00093765,2011-10-26,TMIN,78
USW00093765,2011-10-26,TMAX,228
USC00314689,2009-03-16,TMIN,83
USR0000NNWB,2007-10-04,TMIN,217
USW00093719,2005-12-05,TMIN,83
USC00314689,2009-03-16,TMAX,111
USR0000NNWB,2007-06-29,TMAX,333
USR0000NNWB,2007-06-29,TMIN,217
USW00093719,2005-12-05,TMAX,150
USC00317170,2011-08-18,TMAX,356
USW00093719,2015-07-17,TMAX,317
USW00093719,2015-07-17,TMIN,222
USC00314684,2005-12-15,TMAX,28
USC00315830,2008-04-30,TMIN,83
USC00314684,2005-12-15,TMIN,-50
USC00310576,2015-05-11,TMIN,206
USW00093743,2007-06-17,TMAX,300
USR0000NCRN,2008-06-20,TMIN,172
USR0000NCRN,2008-06-20,TMAX,311
USC00315830,2015-10-30,TMAX,244
USC00310576,2007-07-05,TMIN,150
USR0000NCRN,2009-07-26,TMAX,300
USW00013754,2010-04-16,TMIN,94
USC00316096,2012-12-02,TMAX,194
USW00013754,2010-04-16,TMAX,283
USC00317170,2011-08-18,TMIN,189
USC00314689,2011-05-26,TMAX,356
USC00314689,2011-05-26,TMIN,233
USC00315830,2008-04-30,TMAX,194
USW00093765,2009-12-03,TMIN,122
USW00093719,2009-06-04,TMIN,194
USC00317170,2014-01-13,TMAX,189
USC00317170,2014-01-13,TMIN,11
USC00317170,2012-11-29,TMAX,133
USC00314689,2012-11-09,TMAX,167
USC00316096,2014-11-12,TMAX,244
USC00314144,2011-04-21,TMIN,106
USC00314689,2005-05-01,TMAX,250
USC00316096,2014-11-12,TMIN,133
USW00093765,2013-07-04,TMIN,244
USC00310356,2009-11-06,TMAX,228
USC00314689,2012-11-09,TMIN,0
USW00013754,2010-03-28,TMIN,61
USW00013754,2010-03-28,TMAX,206
USW00093719,2008-01-31,TMAX,100
USW00093719,2008-01-31,TMIN,-6
USC00316676,2013-02-08,TMAX,167
USC00314689,2005-05-01,TMIN,150
USC00310576,2007-07-05,TMAX,289
USW00093765,2013-07-04,TMAX,294
USR0000NNWB,2011-04-12,TMAX,267
USC00314684,2006-02-14,TMIN,-22
USC00316676,2007-11-18,TMIN,6
USC00314684,2007-11-04,TMIN,6
USW00093719,2009-06-04,TMAX,294
USC00314144,2011-04-21,TMAX,250
USW00013754,2013-01-16,TMAX,244
USC00314684,2007-11-04,TMAX,183
USC00316676,2007-11-18,TMAX,156
USC00314684,2013-10-07,TMIN,167
USC00314689,2006-02-28,TMIN,56
USW00093765,2009-12-03,TMAX,222
USC00314684,2013-10-07,TMAX,278
USW00013754,2006-12-18,TMAX,228
USR0000NNWB,2011-04-12,TMIN,139
USC00314689,2006-02-28,TMAX,183
USC00310576,2007-09-19,TMAX,267
USW00093743,2007-06-17,TMIN,217
USW00093719,2013-07-04,TMIN,222
USW00093719,2014-07-04,TMAX,322
USW00093719,2014-07-04,TMIN,244
USW00093765,2005-07-09,TMAX,306
USC00316676,2010-04-07,TMIN,139
USW00093765,2013-08-19,TMAX,278
USW00093765,2013-08-19,TMIN,222
USR0000NCRN,2010-07-14,TMIN,228
USR0000NCRN,2010-07-14,TMAX,289
USC00314689,2006-12-04,TMIN,56
USW00093719,2015-03-28,TMIN,17
USC00310576,2011-05-03,TMAX,272
USR0000NNWB,2010-09-15,TMAX,317
USC00310576,2011-05-03,TMIN,94
USR0000NNWB,2010-09-15,TMIN,178
USR0000NNWB,2010-03-28,TMAX,222
USC00314689,2007-12-01,TMIN,-11
USW00093765,2009-09-11,TMAX,228
USR0000NCRN,2012-08-02,TMIN,189
USC00314684,2006-07-17,TMAX,350
USC00314684,2011-03-15,TMAX,161
USC00314684,2011-03-15,TMIN,44
USW00093719,2015-03-28,TMAX,100
USC00314689,2014-03-09,TMIN,67
USW00093765,2005-07-09,TMIN,228
USC00314689,2009-10-08,TMAX,289
USW00093765,2005-02-09,TMIN,83
USW00093765,2009-09-11,TMIN,178
USR0000NCRN,2009-06-27,TMIN,233
USR0000NCRN,2009-06-27,TMAX,328
USC00314689,2009-10-08,TMIN,78
USR0000NNWB,2010-03-28,TMIN,50
USC00314689,2014-03-09,TMAX,200
USC00316096,2013-10-07,TMIN,228
USC00316676,2010-04-07,TMAX,328
USC00316096,2013-10-07,TMAX,289
USW00013754,2015-12-09,TMIN,17
USC00316676,2011-03-11,TMIN,67
USR0000NNWB,2007-10-04,TMAX,294
USC00316676,2011-03-11,TMAX,200
USC00315830,2012-04-20,TMAX,233
USC00315830,2012-04-20,TMIN,139
USW00013754,2015-12-09,TMAX,200
USR0000NCRN,2011-09-27,TMAX,267
USR0000NCRN,2011-09-27,TMIN,206
USC00310576,2015-05-11,TMAX,250
USR0000NCRN,2006-08-10,TMAX,317
USR0000NCRN,2012-06-14,TMIN,167
USR0000NCRN,2012-06-14,TMAX,250
USW00093719,2013-07-04,TMAX,322
USR0000NCRN,2006-08-10,TMIN,211
USC00315830,2015-10-30,TMIN,167
USR0000NNWB,2007-09-01,TMAX,311
USC00316096,2014-03-09,TMAX,206
USC00315830,2008-10-14,TMIN,117
USC00315830,2008-10-14,TMAX,267
USR0000NHOF,2010-04-11,TMAX,228
USW00093765,2012-03-02,TMIN,128
USR0000NCRN,2012-08-02,TMAX,300
USR0000NHOF,2006-04-25,TMAX,306
USR0000NNWB,2007-09-01,TMIN,194
USR0000NHOF,2006-04-25,TMIN,172
USC00316096,2014-03-09,TMIN,50
USC00314684,2012-10-27,TMAX,244
USR0000NHOF,2010-04-11,TMIN,0
USC00316676,2010-02-20,TMAX,144
USC00316676,2010-02-20,TMIN,-28
USC00316096,2012-12-02,TMIN,17
USC00314684,2012-10-27,TMIN,156
USW00013754,2015-02-12,TMIN,-27
USC00315830,2005-03-21,TMAX,161
USR0000NHOF,2009-11-06,TMIN,-17
USW00013754,2012-10-06,TMAX,283
USR0000NHOF,2008-10-25,TMAX,250
USR0000NHOF,2007-10-09,TMAX,328
USR0000NCRN,2015-03-03,TMIN,28
USC00314684,2010-08-19,TMIN,217
USC00317170,2013-04-29,TMAX,211
USC00317170,2013-04-29,TMIN,150
USR0000NNWB,2005-04-15,TMAX,133
USR0000NNWB,2005-04-15,TMIN,56
USR0000NCRN,2015-12-22,TMAX,228
USW00013754,2011-09-13,TMAX,311
USC00314684,2010-08-19,TMAX,333
USR0000NCRN,2015-12-22,TMIN,172
USC00310356,2010-07-14,TMIN,272
USC00310356,2010-07-14,TMAX,306
USR0000NCRN,2007-09-21,TMIN,211
USC00314684,2011-01-27,TMIN,-6
USC00314144,2006-03-29,TMAX,217
USR0000NNWB,2006-01-18,TMIN,28
USW00093765,2012-04-20,TMAX,239
USR0000NNWB,2006-01-18,TMAX,211
USW00093765,2012-04-20,TMIN,144
USC00310576,2015-05-31,TMIN,178
USW00013754,2012-10-06,TMIN,150
USC00310576,2015-05-31,TMAX,289
USC00314144,2006-01-04,TMIN,44
USW00013754,2011-09-13,TMIN,172
USC00314144,2006-03-29,TMIN,28
USC00310576,2011-02-07,TMAX,150
USC00310576,2011-02-07,TMIN,33
USC00314684,2011-01-27,TMAX,128
USC00314144,2006-01-04,TMAX,156
USC00310356,2010-01-23,TMAX,106
USR0000NCRN,2013-10-29,TMAX,233
USR0000NCRN,2013-10-29,TMIN,83
USR0000NNWB,2012-10-06,TMAX,294
USC00315830,2014-06-24,TMIN,222
USC00315830,2014-06-24,TMAX,289
USC00314684,2011-10-26,TMIN,61
USC00317170,2012-04-20,TMIN,117
USC00317170,2012-04-20,TMAX,244
USW00013754,2011-05-30,TMIN,183
USW00013754,2011-05-30,TMAX,333
USW00013754,2013-10-07,TMAX,283
USW00013754,2013-10-07,TMIN,206
USC00314684,2011-10-26,TMAX,217
USW00013754,2014-07-04,TMAX,311
USW00013754,2014-07-04,TMIN,233
USR0000NHOF,2008-10-25,TMIN,139
USR0000NCRN,2007-07-08,TMIN,217
USW00093743,2010-07-14,TMIN,233
USW00093743,2010-07-14,TMAX,283
USC00314684,2005-06-06,TMIN,217
USR0000NCRN,2007-07-08,TMAX,300
USC00310576,2006-05-20,TMIN,133
USC00310576,2006-05-20,TMAX,278
USR0000NCRN,2006-10-21,TMIN,122
USC00314684,2012-03-24,TMIN,156
USR0000NHOF,2007-10-09,TMIN,194
USC00310576,2009-03-12,TMIN,122
USC00314684,2012-03-24,TMAX,283
USR0000NCRN,2006-10-21,TMAX,222
USC00314684,2005-06-06,TMAX,311
USW00093765,2005-12-05,TMAX,167
USW00093765,2005-12-05,TMIN,100
USC00310576,2009-03-12,TMAX,250
USC00314144,2007-11-22,TMAX,239
USC00310356,2010-01-23,TMIN,22
USR0000NCRN,2015-03-03,TMAX,144
USC00315830,2011-04-07,TMIN,133
USC00315830,2008-07-27,TMIN,256
USC00316676,2014-05-21,TMAX,256
USC00316676,2014-05-21,TMIN,106
USR0000NHOF,2007-06-26,TMAX,311
USC00316096,2013-11-27,TMAX,211
USC00316096,2013-11-27,TMIN,17
USR0000NHOF,2007-06-26,TMIN,183
USC00314684,2008-11-08,TMAX,261
USR0000NNWB,2015-04-10,TMIN,189
USC00314689,2010-09-18,TMAX,311
USC00314684,2015-10-02,TMAX,200
USC00314144,2005-05-20,TMAX,267
USC00314684,2015-10-02,TMIN,150
USC00315830,2011-10-18,TMAX,267
USC00315830,2011-10-18,TMIN,211
USC00316676,2008-09-03,TMAX,294
USC00316676,2008-09-03,TMIN,144
USC00314144,2008-06-20,TMAX,289
USR0000NCRN,2006-07-31,TMAX,356
USR0000NNWB,2007-07-11,TMIN,228
USR0000NCRN,2006-07-31,TMIN,233
USR0000NHOF,2011-06-03,TMIN,156
USR0000NHOF,2011-06-03,TMAX,311
USC00314684,2008-11-08,TMIN,111
USW00093743,2009-02-02,TMIN,17
USC00315830,2015-08-05,TMIN,250
USC00315830,2015-08-05,TMAX,294
USC00314689,2011-06-06,TMAX,294
USC00314689,2011-06-06,TMIN,189
USC00316676,2008-09-08,TMAX,333
USC00316676,2008-09-08,TMIN,222
USW00093743,2009-02-02,TMAX,150
USR0000NNWB,2015-04-10,TMAX,289
USC00314144,2005-05-20,TMIN,106
USW00093765,2011-01-14,TMAX,61
USR0000NHOF,2010-01-23,TMIN,-11
USR0000NHOF,2010-01-23,TMAX,106
USR0000NCRN,2007-09-21,TMAX,278
USC00316096,2010-10-05,TMAX,200
USC00316096,2010-10-05,TMIN,67
USW00093765,2005-12-15,TMIN,33
USW00013754,2015-09-16,TMAX,283
USW00093743,2010-01-23,TMIN,11
USC00317170,2010-08-25,TMAX,283
USW00093765,2005-12-15,TMAX,178
USW00013754,2010-09-06,TMAX,294
USW00013754,2010-09-06,TMIN,183
USC00317170,2010-08-25,TMIN,194
USC00315830,2011-04-07,TMAX,206
USW00093743,2010-01-23,TMAX,122
USR0000NNWB,2012-10-06,TMIN,156
USC00317170,2012-05-16,TMAX,278
USC00317170,2012-05-16,TMIN,189
USC00315830,2008-07-27,TMAX,294
USW00093719,2015-02-12,TMAX,194
USW00093719,2015-02-12,TMIN,-21
USW00093765,2011-01-14,TMIN,-43
USW00093765,2008-01-31,TMAX,122
USW00093765,2008-01-31,TMIN,39
USC00316096,2010-11-21,TMAX,211
USR0000NHOF,2007-01-14,TMAX,228
USC00315830,2013-03-22,TMAX,122
USC00315830,2013-03-22,TMIN,6
USC00315830,2013-08-19,TMIN,233
USC00316096,2010-11-21,TMIN,33
USC00315830,2013-08-19,TMAX,300
USW00013754,2015-09-16,TMIN,128
USR0000NHOF,2007-01-14,TMIN,61
USW00093765,2013-04-29,TMIN,167
USW00093765,2013-04-29,TMAX,194
USR0000NNWB,2015-01-20,TMAX,194
USW00093719,2012-10-06,TMIN,156
USC00314684,2006-03-08,TMAX,128
USR0000NCRN,2012-08-09,TMIN,206
USW00093719,2012-10-06,TMAX,294
USC00317170,2008-01-31,TMIN,17
USC00317170,2008-01-31,TMAX,111
USR0000NCRN,2012-08-09,TMAX,294
USC00314689,2014-01-13,TMIN,11
USC00314689,2014-01-13,TMAX,172
USC00314684,2014-05-30,TMIN,183
USC00314689,2013-09-16,TMIN,172
USC00314689,2013-09-16,TMAX,294
USR0000NCRN,2012-02-14,TMAX,122
USW00093719,2006-04-09,TMAX,144
USW00093719,2006-04-09,TMIN,56
USR0000NCRN,2012-02-14,TMIN,-11
USC00316676,2005-03-14,TMIN,50
USR0000NCRN,2013-07-05,TMAX,294
USR0000NCRN,2013-07-05,TMIN,250
USC00314684,2006-03-08,TMIN,-44
USW00093765,2007-07-17,TMAX,306
USC00316676,2010-07-26,TMAX,356
USC00316676,2010-07-26,TMIN,261
USW00093765,2013-11-04,TMIN,100
USC00316676,2005-03-14,TMAX,228
USC00314144,2005-05-13,TMAX,283
USW00093765,2007-07-17,TMIN,267
USC00317170,2015-03-28,TMAX,106
USC00314144,2005-03-26,TMAX,211
USC00317170,2015-03-28,TMIN,33
USC00314144,2005-03-26,TMIN,61
USC00314144,2005-05-13,TMIN,139
USR0000NCRN,2007-09-25,TMAX,300
USR0000NHOF,2015-08-16,TMIN,156
USR0000NCRN,2006-03-29,TMAX,228
USR0000NCRN,2006-10-01,TMIN,133
USC00316676,2009-10-19,TMIN,61
USC00314689,2008-12-11,TMAX,228
USW00093765,2007-01-29,TMIN,-27
USW00093765,2007-01-29,TMAX,39
USR0000NNWB,2006-12-18,TMAX,233
USW00093719,2012-10-27,TMAX,206
USR0000NCRN,2006-10-01,TMAX,289
USC00315830,2013-12-23,TMIN,178
USW00093719,2007-05-18,TMAX,194
USC00314689,2008-12-11,TMIN,178
USW00013754,2009-04-05,TMAX,244
USW00093719,2007-05-18,TMIN,128
USC00315830,2008-05-10,TMIN,178
USC00316676,2009-10-19,TMAX,94
USR0000NCRN,2012-06-30,TMAX,350
USC00310576,2008-08-31,TMIN,206
USC00314684,2006-12-10,TMAX,89
USR0000NCRN,2006-03-29,TMIN,56
USR0000NHOF,2015-08-16,TMAX,339
USW00093765,2013-11-04,TMAX,150
USW00093719,2013-04-29,TMIN,161
USW00093719,2013-04-29,TMAX,222
USR0000NCRN,2008-01-22,TMAX,167
USR0000NCRN,2010-01-23,TMAX,106
USR0000NCRN,2008-01-22,TMIN,-11
USC00316676,2008-11-20,TMAX,72
USC00316676,2008-11-20,TMIN,-11
USC00310576,2008-08-31,TMAX,322
USC00316676,2010-12-30,TMAX,89
USR0000NCRN,2010-01-23,TMIN,6
USW00093719,2012-10-27,TMIN,172
USC00316676,2010-12-30,TMIN,-44
USC00314144,2008-06-20,TMIN,117
USR0000NCRN,2012-06-30,TMIN,233
USC00314684,2014-05-30,TMAX,261
USW00093765,2012-05-16,TMAX,267
USW00013754,2007-06-29,TMAX,322
USR0000NHOF,2010-07-14,TMIN,228
USR0000NHOF,2010-07-14,TMAX,272
USR0000NCRN,2008-11-01,TMAX,217
USC00314684,2013-11-27,TMIN,28
USW00093765,2012-05-16,TMIN,206
USR0000NNWB,2015-01-20,TMIN,44
USC00316096,2011-03-15,TMIN,83
USC00316096,2011-03-15,TMAX,156
USC00316676,2006-06-25,TMIN,217
USC00316676,2006-06-25,TMAX,300
USR0000NCRN,2005-01-27,TMIN,-44
USW00013754,2014-04-13,TMIN,111
USR0000NCRN,2008-11-01,TMIN,11
USW00013754,2014-04-13,TMAX,256
USC00314144,2010-06-05,TMIN,233
USC00316676,2014-05-01,TMIN,194
USC00314689,2005-02-26,TMIN,-33
USC00316676,2014-05-01,TMAX,261
USR0000NCRN,2010-02-21,TMAX,161
USR0000NCRN,2010-02-21,TMIN,-17
USR0000NCRN,2010-03-10,TMIN,89
USC00316096,2013-09-16,TMAX,294
USR0000NCRN,2010-03-10,TMAX,211
USW00013754,2015-04-10,TMIN,189
USR0000NCRN,2005-01-27,TMAX,83
USW00013754,2015-04-10,TMAX,267
USC00314684,2008-02-07,TMIN,122
USC00314684,2008-02-07,TMAX,278
USC00314144,2010-06-05,TMAX,317
USW00013754,2007-06-29,TMIN,222
USW00013754,2005-04-15,TMIN,61
USW00013754,2005-04-15,TMAX,128
USW00093719,2006-07-17,TMIN,211
USR0000NCRN,2007-06-17,TMIN,194
USR0000NCRN,2007-06-17,TMAX,311
USC00314144,2011-02-16,TMAX,161
USC00317170,2012-09-08,TMIN,222
USC00317170,2012-09-08,TMAX,311
USR0000NHOF,2010-11-16,TMIN,128
USC00315830,2011-06-28,TMIN,261
USR0000NNWB,2014-04-13,TMAX,272
USR0000NNWB,2014-04-13,TMIN,122
USC00310356,2009-02-02,TMIN,17
USR0000NCRN,2006-01-04,TMAX,111
USR0000NCRN,2006-01-04,TMIN,-50
USC00310356,2009-02-02,TMAX,122
USC00315830,2015-05-11,TMAX,239
USR0000NHOF,2010-11-16,TMAX,228
USC00315830,2015-05-11,TMIN,200
USW00093743,2007-06-26,TMAX,294
USC00315830,2011-06-28,TMAX,300
USC00314684,2013-11-27,TMAX,206
USW00093719,2006-07-17,TMAX,333
USW00093719,2013-02-26,TMIN,39
USW00093719,2013-02-26,TMAX,211
USR0000NHOF,2007-10-28,TMIN,94
USC00316096,2013-09-16,TMIN,167
USR0000NCRN,2009-03-24,TMAX,128
USR0000NHOF,2007-10-28,TMAX,200
USC00314689,2008-06-07,TMIN,250
USC00314689,2008-06-07,TMAX,372
USC00314144,2011-02-16,TMIN,-50
USR0000NCRN,2009-03-24,TMIN,33
USC00316096,2014-01-13,TMIN,-11
USW00093743,2007-06-26,TMIN,222
USC00316096,2014-01-13,TMAX,178
USC00310356,2013-04-30,TMAX,228
USC00314144,2010-02-21,TMIN,-50
USC00314689,2011-08-28,TMIN,211
USC00310576,2014-12-28,TMIN,22
USC00315830,2009-07-12,TMIN,178
USC00315830,2009-07-12,TMAX,289
USR0000NHOF,2006-10-21,TMAX,211
USR0000NHOF,2006-10-21,TMIN,61
USR0000NCRN,2011-04-21,TMIN,139
USW00093743,2008-03-23,TMAX,161
USW00093743,2008-03-23,TMIN,61
USR0000NCRN,2011-04-21,TMAX,272
USC00314684,2010-06-11,TMAX,322
USR0000NCRN,2015-08-25,TMAX,300
USC00314684,2010-06-11,TMIN,183
USC00316676,2005-10-08,TMIN,211
USR0000NCRN,2015-08-25,TMIN,189
USC00316676,2005-10-08,TMAX,244
USC00317170,2007-08-23,TMAX,300
USW00093719,2009-06-02,TMIN,206
USR0000NHOF,2007-08-20,TMAX,339
USC00314684,2007-02-24,TMIN,-44
USC00314684,2007-02-24,TMAX,133
USW00093719,2005-04-15,TMIN,56
USC00315830,2012-07-13,TMIN,228
USC00315830,2012-07-13,TMAX,300
USC00314144,2009-07-26,TMIN,244
USW00093719,2007-09-06,TMAX,322
USC00310576,2007-09-19,TMIN,150
USW00093719,2005-04-15,TMAX,122
USW00093719,2007-09-06,TMIN,183
USR0000NNWB,2012-04-20,TMAX,256
USR0000NNWB,2012-04-20,TMIN,133
USC00317170,2007-08-23,TMIN,222
USW00093719,2015-08-19,TMIN,217
USR0000NNWB,2006-08-27,TMIN,211
USC00314144,2009-07-26,TMAX,317
USC00310576,2009-06-21,TMAX,344
USR0000NCRN,2011-01-20,TMIN,17
USR0000NCRN,2009-08-25,TMAX,300
USR0000NCRN,2009-08-25,TMIN,272
USC00310356,2006-10-21,TMAX,244
USC00310356,2006-10-21,TMIN,72
USR0000NNWB,2010-09-12,TMIN,194
USR0000NNWB,2010-09-12,TMAX,283
USW00093765,2006-07-17,TMAX,322
USC00317170,2013-11-04,TMAX,144
USW00093765,2006-07-17,TMIN,222
USC00317170,2013-11-04,TMIN,39
USC00316096,2014-06-11,TMAX,300
USC00316676,2009-12-12,TMIN,-28
USC00316676,2009-12-12,TMAX,39
USW00013754,2011-03-20,TMIN,89
USC00314144,2010-10-11,TMAX,283
USW00013754,2011-03-20,TMAX,150
USC00316676,2015-06-29,TMAX,289
USC00314144,2010-10-11,TMIN,150
USC00316096,2015-10-02,TMIN,183
USC00316096,2015-10-02,TMAX,233
USC00314684,2009-01-09,TMAX,133
USC00314684,2009-01-09,TMIN,-28
USC00310576,2014-12-28,TMAX,178
USC00310576,2009-06-21,TMIN,233
USC00317170,2010-08-07,TMAX,344
USC00316096,2014-06-11,TMIN,239
USC00316676,2015-06-29,TMIN,183
USC00316096,2012-03-24,TMIN,167
USW00093719,2009-06-02,TMAX,322
USC00316096,2012-03-24,TMAX,233
USC00317170,2010-08-07,TMIN,233
USR0000NNWB,2006-08-27,TMAX,311
USR0000NNWB,2015-09-16,TMAX,283
USW00093719,2015-08-19,TMAX,289
USW00093743,2010-03-10,TMAX,206
USW00013754,2005-04-05,TMIN,78
USC00316096,2012-09-08,TMAX,294
USC00316096,2012-09-08,TMIN,222
USW00013754,2005-04-05,TMAX,222
USR0000NNWB,2015-02-12,TMIN,-22
USR0000NNWB,2015-02-12,TMAX,172
USR0000NHOF,2014-10-07,TMAX,278
USR0000NHOF,2014-10-07,TMIN,94
USW00093743,2010-03-10,TMIN,-38
USC00316676,2011-07-07,TMAX,339
USC00314684,2009-05-15,TMAX,244
USR0000NHOF,2014-02-11,TMIN,-28
USC00310576,2008-12-14,TMAX,117
USC00310576,2008-12-14,TMIN,22
USC00315830,2005-10-28,TMAX,194
USR0000NHOF,2014-02-11,TMAX,6
USW00093719,2006-01-18,TMIN,22
USW00093719,2006-01-18,TMAX,211
USC00310356,2013-01-09,TMIN,67
USW00093765,2013-10-07,TMIN,233
USC00310356,2013-01-09,TMAX,161
USR0000NNWB,2012-03-16,TMAX,261
USC00314684,2009-05-15,TMIN,172
USR0000NNWB,2012-03-16,TMIN,133
USC00316676,2014-06-05,TMAX,328
USC00316676,2014-06-05,TMIN,217
USC00314689,2012-03-24,TMIN,172
USC00314689,2012-03-24,TMAX,278
USR0000NHOF,2015-12-22,TMIN,128
USR0000NHOF,2015-12-22,TMAX,239
USW00093765,2013-10-07,TMAX,278
USW00093765,2011-08-18,TMIN,206
USW00093765,2011-08-18,TMAX,306
USC00310356,2014-10-07,TMIN,133
USC00310356,2010-03-10,TMIN,44
USC00317170,2012-10-27,TMAX,200
USC00310356,2010-03-10,TMAX,156
USC00314144,2007-12-18,TMIN,-100
USC00310356,2015-12-22,TMIN,33
USC00314144,2007-12-18,TMAX,100
USW00013754,2015-07-17,TMAX,317
USC00315830,2009-02-12,TMAX,222
USC00310356,2015-12-22,TMAX,183
USR0000NHOF,2007-08-20,TMIN,239
USR0000NNWB,2010-12-01,TMAX,200
USC00314144,2009-06-27,TMIN,206
USC00314144,2009-06-27,TMAX,322
USC00315830,2009-02-12,TMIN,122
USR0000NNWB,2010-12-01,TMIN,33
USC00314689,2010-11-21,TMIN,50
USW00013754,2015-07-17,TMIN,217
USC00314689,2015-10-02,TMIN,150
USC00310356,2014-10-07,TMAX,222
USC00314689,2007-04-06,TMIN,11
USW00093765,2005-02-13,TMIN,22
USW00093765,2005-02-13,TMAX,172
USC00315830,2014-09-04,TMAX,306
USC00314684,2012-05-16,TMIN,194
USC00314689,2015-10-02,TMAX,194
USC00314684,2012-05-16,TMAX,289
USC00317170,2012-10-27,TMIN,178
USW00013754,2012-04-20,TMAX,244
USW00013754,2012-04-20,TMIN,139
USC00314689,2007-04-06,TMAX,150
USW00013754,2005-10-17,TMIN,83
USW00013754,2005-10-17,TMAX,200
USC00315830,2014-09-04,TMIN,244
USW00093743,2007-10-09,TMAX,311
USW00093743,2007-10-09,TMIN,222
USR0000NCRN,2011-01-20,TMAX,139
USW00093719,2013-10-07,TMIN,200
USR0000NNWB,2014-03-09,TMAX,217
USR0000NNWB,2014-03-09,TMIN,61
USC00314684,2010-05-03,TMAX,339
USC00316676,2006-02-09,TMAX,117
USC00316676,2011-11-28,TMAX,233
USR0000NCRN,2014-08-15,TMIN,156
USW00013754,2015-01-20,TMIN,67
USC00314684,2015-09-22,TMAX,289
USC00314689,2007-11-25,TMAX,106
USW00093719,2010-09-27,TMAX,244
USR0000NCRN,2011-06-11,TMAX,294
USR0000NNWB,2014-07-04,TMIN,233
USR0000NCRN,2011-06-11,TMIN,206
USC00314684,2011-12-10,TMAX,161
USW00093719,2010-09-27,TMIN,206
USC00314684,2014-01-13,TMIN,6
USC00314684,2012-09-08,TMAX,300
USW00013754,2005-09-27,TMIN,194
USR0000NNWB,2010-09-02,TMAX,283
USC00315830,2005-11-06,TMIN,156
USW00013754,2005-09-27,TMAX,272
USR0000NCRN,2011-11-09,TMIN,117
USC00316676,2011-11-28,TMIN,83
USR0000NCRN,2011-11-09,TMAX,239
USW00093743,2009-09-24,TMIN,206
USW00093743,2009-09-24,TMAX,294
USC00314684,2011-12-10,TMIN,33
USC00314689,2007-11-25,TMIN,56
USR0000NNWB,2005-04-05,TMAX,250
USR0000NNWB,2005-04-05,TMIN,72
USC00315830,2005-11-06,TMAX,244
USW00093719,2013-10-07,TMAX,300
USR0000NCRN,2014-08-15,TMAX,300
USR0000NNWB,2007-07-11,TMAX,344
USC00316676,2007-05-05,TMAX,189
USC00316676,2007-05-05,TMIN,133
USC00314689,2010-09-18,TMIN,194
USW00013754,2010-09-15,TMIN,178
USW00013754,2014-03-09,TMIN,50
USC00316096,2011-03-02,TMIN,-11
USR0000NNWB,2009-02-28,TMIN,67
USW00093765,2015-03-28,TMIN,22
USW00013754,2010-09-15,TMAX,300
USW00093765,2008-11-13,TMIN,122
USC00314684,2013-04-29,TMIN,117
USC00314684,2013-04-29,TMAX,228
USW00093765,2008-11-13,TMAX,211
USC00314689,2011-08-28,TMAX,317
USW00013754,2014-03-09,TMAX,206
USR0000NNWB,2010-09-02,TMIN,189
USC00310356,2006-02-03,TMAX,178
USC00314684,2013-09-16,TMIN,139
USR0000NNWB,2013-01-16,TMAX,244
USR0000NNWB,2014-07-04,TMAX,311
USW00093765,2015-03-28,TMAX,106
USW00093765,2010-08-07,TMIN,244
USW00093765,2010-08-07,TMAX,300
USC00314684,2010-05-03,TMIN,194
USC00316096,2011-03-02,TMAX,167
USC00316676,2006-02-09,TMIN,-33
USC00310356,2009-09-24,TMIN,194
USC00310356,2009-09-24,TMAX,311
USC00314684,2013-09-16,TMAX,278
USR0000NNWB,2009-02-28,TMAX,156
USC00314684,2015-09-22,TMIN,194
USR0000NNWB,2013-01-16,TMIN,111
USC00310356,2006-02-03,TMIN,-33
USC00314144,2010-02-21,TMAX,183
USR0000NCRN,2013-01-22,TMAX,100
USC00316096,2013-04-29,TMAX,189
USC00316676,2014-11-26,TMIN,156
USC00316096,2011-08-28,TMAX,311
USR0000NHOF,2009-09-24,TMAX,300
USW00093765,2012-11-19,TMAX,139
USR0000NCRN,2005-05-13,TMIN,144
USR0000NHOF,2009-09-24,TMIN,172
USW00093765,2012-11-19,TMIN,100
USR0000NCRN,2010-05-08,TMIN,206
USC00310356,2008-03-23,TMAX,178
USC00310576,2007-11-09,TMAX,144
USW00093765,2012-12-13,TMAX,117
USW00093765,2012-12-13,TMIN,78
USR0000NHOF,2006-02-03,TMAX,194
USW00093743,2012-12-28,TMIN,-16
USR0000NHOF,2006-02-03,TMIN,94
USW00093743,2012-12-28,TMAX,83
USC00310356,2008-03-23,TMIN,78
USC00310576,2006-04-25,TMAX,300
USC00314689,2010-11-21,TMAX,217
USC00310576,2006-04-25,TMIN,156
USW00093719,2014-03-09,TMIN,61
USW00093719,2014-03-09,TMAX,217
USC00310576,2007-07-23,TMIN,172
USC00315830,2008-06-25,TMAX,300
USC00310576,2007-07-23,TMAX,278
USR0000NCRN,2014-10-07,TMAX,250
USC00314684,2007-01-29,TMIN,-50
USC00314684,2007-01-29,TMAX,156
USC00310356,2012-12-28,TMAX,183
USC00310356,2012-12-28,TMIN,11
USC00310576,2007-11-09,TMIN,33
USR0000NCRN,2014-10-07,TMIN,144
USC00316096,2011-08-28,TMIN,217
USC00310356,2008-12-29,TMIN,139
USW00093719,2015-12-09,TMAX,183
USW00093765,2012-10-27,TMAX,211
USC00316096,2012-01-05,TMIN,-11
USC00315830,2008-02-23,TMIN,89
USC00315830,2008-02-23,TMAX,183
USC00314689,2005-01-13,TMIN,50
USC00314684,2014-01-13,TMAX,144
USW00093765,2012-10-27,TMIN,167
USC00314689,2005-01-13,TMAX,256
USW00093719,2006-11-06,TMAX,183
USW00093719,2006-11-06,TMIN,56
USC00314684,2012-09-08,TMIN,217
USC00316096,2012-01-05,TMAX,128
USC00314689,2013-11-27,TMIN,72
USC00316096,2013-04-29,TMIN,161
USR0000NCRN,2013-01-22,TMIN,-44
USC00314689,2013-11-27,TMAX,200
USC00314689,2013-04-29,TMAX,217
USC00314689,2013-04-29,TMIN,156
USC00316676,2014-11-26,TMAX,189
USC00314684,2009-05-26,TMAX,300
USR0000NCRN,2005-05-13,TMAX,194
USW00093719,2015-12-09,TMIN,17
USC00315830,2008-06-25,TMIN,222
USR0000NCRN,2010-05-08,TMAX,267
USW00013754,2015-01-20,TMAX,194
USC00314684,2009-05-26,TMIN,200
USR0000NHOF,2012-12-28,TMIN,-33
USC00310356,2008-12-29,TMAX,172
USW00093719,2012-04-20,TMAX,239
USW00093719,2012-04-20,TMIN,133
USC00316676,2013-07-04,TMAX,294
USC00316676,2013-07-04,TMIN,211
USR0000NHOF,2012-12-28,TMAX,78
USC00315830,2008-05-10,TMAX,278
USC00310356,2013-04-30,TMIN,122
USW00093743,2013-04-30,TMAX,233
USC00314144,2007-06-28,TMAX,317
USW00093765,2007-06-12,TMIN,172
USW00093765,2007-06-12,TMAX,272
USR0000NCRN,2014-04-13,TMIN,111
USC00310576,2015-07-28,TMIN,183
USR0000NCRN,2014-04-13,TMAX,244
USC00310356,2012-02-14,TMAX,89
USC00310356,2012-02-14,TMIN,0
USC00310356,2012-02-19,TMAX,178
USW00013754,2013-04-30,TMAX,250
USW00013754,2013-04-30,TMIN,167
USC00310576,2015-07-28,TMAX,306
USC00314684,2009-03-16,TMIN,67
USW00013754,2015-01-15,TMAX,83
USR0000NNWB,2008-04-11,TMAX,294
USR0000NNWB,2008-04-11,TMIN,144
USC00314689,2007-10-13,TMIN,78
USC00314684,2014-10-07,TMIN,56
USC00310576,2014-08-15,TMAX,300
USC00314684,2014-10-07,TMAX,233
USW00013754,2013-12-23,TMIN,150
USC00314689,2012-12-13,TMAX,83
USC00314684,2009-03-16,TMAX,106
USR0000NNWB,2015-08-05,TMIN,233
USC00310356,2009-01-18,TMIN,-33
USC00316096,2009-12-12,TMIN,-17
USC00310576,2012-06-14,TMIN,167
USC00310576,2012-06-14,TMAX,294
USC00316096,2015-01-02,TMIN,44
USR0000NCRN,2014-09-04,TMAX,311
USR0000NCRN,2014-09-04,TMIN,233
USC00316096,2009-12-12,TMAX,89
USC00314684,2014-07-30,TMIN,156
USR0000NCRN,2008-01-06,TMAX,222
USW00013754,2009-01-26,TMIN,22
USR0000NHOF,2010-10-11,TMAX,283
USW00093765,2010-03-28,TMAX,206
USW00093765,2010-03-28,TMIN,72
USC00314144,2007-06-28,TMIN,161
USR0000NHOF,2010-10-11,TMIN,150
USW00093743,2011-02-20,TMIN,6
USR0000NHOF,2009-06-27,TMAX,322
USR0000NHOF,2009-06-27,TMIN,194
USW00093743,2011-02-20,TMAX,156
USW00093743,2009-07-12,TMIN,239
USW00093743,2009-07-12,TMAX,300
USC00310356,2015-05-11,TMIN,194
USC00310356,2015-05-11,TMAX,228
USW00093719,2005-07-09,TMIN,211
USW00093765,2009-06-17,TMAX,267
USW00093719,2005-07-09,TMAX,311
USW00093765,2009-06-17,TMIN,211
USW00013754,2013-12-23,TMAX,239
USW00093765,2010-05-03,TMAX,256
USC00315830,2006-06-25,TMAX,289
USR0000NNWB,2015-08-05,TMAX,367
USC00315830,2006-06-25,TMIN,250
USW00013754,2015-08-19,TMAX,294
USR0000NCRN,2008-01-06,TMIN,-78
USC00310356,2009-07-12,TMAX,278
USW00093765,2010-05-03,TMIN,200
USC00317170,2009-01-20,TMIN,0
USW00093765,2005-09-09,TMAX,294
USW00093765,2005-09-09,TMIN,194
USW00013754,2009-01-26,TMAX,67
USW00013754,2015-08-19,TMIN,206
USC00310356,2009-07-12,TMIN,200
USC00314684,2014-07-30,TMAX,283
USC00310356,2009-01-18,TMAX,94
USC00317170,2008-11-08,TMIN,122
USW00013754,2005-01-06,TMIN,139
USW00013754,2005-01-06,TMAX,217
USW00093719,2006-03-13,TMIN,161
USW00093719,2006-03-13,TMAX,267
USW00093743,2012-02-14,TMAX,117
USW00093743,2012-02-14,TMIN,-5
USR0000NCRN,2008-10-09,TMAX,261
USC00314144,2009-06-01,TMIN,150
USC00317170,2011-11-28,TMIN,144
USC00317170,2010-11-01,TMAX,200
USC00317170,2011-11-28,TMAX,250
USC00317170,2010-11-01,TMIN,100
USC00314144,2009-06-01,TMAX,294
USC00314684,2005-09-27,TMAX,294
USC00314684,2005-09-27,TMIN,211
USC00310576,2010-11-18,TMIN,28
USC00314689,2005-04-15,TMAX,161
USW00013754,2008-07-27,TMIN,222
USW00013754,2008-07-27,TMAX,294
USC00316676,2013-08-19,TMIN,228
USC00316676,2013-08-19,TMAX,294
USW00013754,2007-10-04,TMIN,217
USC00314689,2010-07-26,TMAX,356
USW00093719,2006-09-11,TMAX,256
USC00314689,2010-07-26,TMIN,261
USR0000NCRN,2012-03-01,TMIN,167
USR0000NCRN,2012-03-01,TMAX,250
USR0000NCRN,2014-03-10,TMIN,11
USC00314689,2005-04-15,TMIN,67
USC00310576,2010-11-18,TMAX,200
USR0000NCRN,2014-03-10,TMAX,228
USW00013754,2010-12-03,TMIN,-10
USC00316096,2011-07-22,TMAX,322
USC00316096,2011-07-22,TMIN,267
USC00316676,2010-06-04,TMAX,300
USC00310356,2011-02-20,TMIN,50
USC00310576,2013-01-09,TMAX,167
USC00316676,2014-02-10,TMIN,17
USC00310356,2008-10-25,TMIN,156
USC00310576,2014-08-15,TMIN,178
USR0000NCRN,2008-10-09,TMIN,178
USR0000NNWB,2009-05-20,TMAX,244
USC00317170,2008-11-08,TMAX,239
USC00316096,2015-01-02,TMAX,150
USC00316096,2015-04-19,TMIN,161
USC00314689,2012-12-13,TMIN,39
USR0000NNWB,2013-04-30,TMIN,156
USC00315830,2015-03-08,TMAX,106
USR0000NNWB,2013-04-30,TMAX,250
USC00316096,2015-04-19,TMAX,250
USW00093719,2014-11-12,TMAX,261
USW00013754,2015-01-15,TMIN,17
USC00310356,2011-02-20,TMAX,211
USC00316676,2010-06-04,TMIN,217
USC00310576,2008-11-25,TMIN,0
USC00310576,2008-11-25,TMAX,161
USC00316676,2014-02-10,TMAX,122
USC00310356,2012-02-19,TMIN,156
USC00317170,2013-02-08,TMAX,128
USR0000NNWB,2009-05-20,TMIN,100
USC00317170,2013-02-08,TMIN,78
USC00314684,2015-05-31,TMAX,317
USC00310576,2007-04-02,TMAX,261
USW00093719,2006-09-11,TMIN,167
USC00310576,2007-04-02,TMIN,156
USC00310576,2013-01-09,TMIN,22
USC00315830,2015-03-08,TMIN,-6
USC00314684,2015-05-31,TMIN,161
USW00093719,2015-06-29,TMIN,189
USW00093719,2014-11-12,TMIN,139
USC00314689,2015-04-19,TMIN,167
USR0000NHOF,2011-02-20,TMAX,156
USW00013754,2015-08-05,TMAX,350
USC00310356,2014-06-24,TMAX,300
USW00013754,2007-09-06,TMIN,194
USW00013754,2015-08-05,TMIN,233
USC00310356,2011-01-20,TMIN,44
USC00316676,2008-01-09,TMAX,244
USW00093765,2007-08-08,TMAX,306
USR0000NCRN,2011-02-16,TMAX,156
USC00314689,2006-05-20,TMAX,278
USW00093765,2010-08-19,TMIN,244
USW00093765,2010-08-19,TMAX,311
USC00314689,2006-05-20,TMIN,150
USR0000NCRN,2011-02-16,TMIN,-28
USC00316676,2008-01-09,TMIN,72
USW00013754,2007-09-06,TMAX,317
USW00093719,2011-03-08,TMAX,156
USW00093743,2009-06-27,TMAX,333
USR0000NCRN,2013-07-04,TMIN,244
USW00093743,2010-10-11,TMAX,261
USC00317170,2009-09-11,TMIN,172
USC00317170,2009-09-11,TMAX,250
USW00093765,2015-09-22,TMAX,278
USW00093743,2009-01-18,TMAX,100
USW00093765,2015-09-22,TMIN,228
USR0000NHOF,2007-11-16,TMIN,-44
USC00317170,2010-05-23,TMIN,161
USR0000NHOF,2008-06-20,TMIN,117
USC00317170,2010-05-23,TMAX,261
USR0000NHOF,2008-06-20,TMAX,289
USC00315830,2014-05-13,TMAX,272
USR0000NHOF,2007-11-16,TMAX,106
USC00314684,2008-09-25,TMIN,144
USC00310356,2014-06-24,TMIN,217
USC00314689,2007-05-05,TMIN,128
USC00314684,2013-02-08,TMAX,144
USC00310356,2009-06-27,TMIN,222
USC00310576,2009-03-24,TMAX,167
USC00310576,2009-03-24,TMIN,22
USW00093765,2015-06-29,TMIN,211
USW00093765,2015-06-29,TMAX,283
USW00093743,2008-06-20,TMAX,267
USW00093743,2008-06-20,TMIN,161
USC00315830,2015-02-12,TMIN,-17
USC00315830,2015-02-12,TMAX,61
USC00314689,2012-01-17,TMIN,78
USC00310356,2010-10-11,TMAX,256
USC00310356,2010-10-11,TMIN,150
USC00314689,2012-01-17,TMAX,183
USC00316096,2014-07-30,TMIN,189
USC00316096,2014-07-30,TMAX,289
USC00310356,2011-01-20,TMAX,94
USC00316676,2015-11-15,TMIN,22
USW00093765,2007-08-08,TMIN,278
USR0000NHOF,2011-02-20,TMIN,-39
USC00316676,2015-11-15,TMAX,161
USC00315830,2014-05-13,TMIN,217
USR0000NNWB,2014-01-13,TMAX,194
USC00314689,2007-05-05,TMAX,228
USW00093743,2009-01-18,TMIN,-27
USR0000NNWB,2014-01-13,TMIN,6
USC00317170,2010-09-08,TMAX,344
USC00315830,2008-11-03,TMAX,228
USC00315830,2008-11-03,TMIN,67
USC00314144,2009-02-23,TMIN,-72
USC00316096,2009-11-07,TMIN,0
USC00317170,2010-09-08,TMIN,211
USC00314684,2008-09-25,TMAX,217
USW00093743,2009-06-27,TMIN,228
USR0000NCRN,2013-07-04,TMAX,289
USR0000NNWB,2009-08-03,TMIN,228
USC00310356,2009-02-19,TMIN,94
USC00316096,2010-10-29,TMAX,217
USC00314684,2011-03-18,TMIN,33
USW00093765,2011-06-13,TMIN,233
USC00316676,2012-08-15,TMAX,311
USW00013754,2005-11-24,TMIN,100
USW00013754,2005-11-24,TMAX,194
USC00317170,2009-01-20,TMAX,78
USR0000NHOF,2015-05-11,TMAX,294
USW00093765,2008-05-10,TMAX,289
USW00093765,2008-05-10,TMIN,150
USC00316676,2012-08-15,TMIN,222
USR0000NNWB,2012-07-13,TMAX,294
USR0000NNWB,2012-07-13,TMIN,222
USC00310356,2009-02-19,TMAX,150
USR0000NNWB,2009-08-03,TMAX,283
USW00093719,2010-01-23,TMIN,6
USW00093719,2010-01-23,TMAX,94
USC00317170,2015-01-28,TMIN,-28
USC00317170,2015-01-28,TMAX,78
USC00314684,2010-02-20,TMAX,122
USC00314684,2010-02-20,TMIN,-28
USC00314689,2006-01-03,TMAX,172
USR0000NNWB,2006-12-15,TMIN,67
USR0000NHOF,2009-07-12,TMAX,328
USR0000NHOF,2009-07-12,TMIN,217
USW00093765,2010-08-25,TMIN,211
USR0000NNWB,2006-12-15,TMAX,200
USW00093719,2011-03-08,TMIN,28
USW00093765,2011-06-13,TMAX,306
USW00093765,2010-08-25,TMAX,283
USC00316676,2012-12-27,TMAX,194
USC00316676,2012-12-27,TMIN,56
USR0000NCRN,2012-10-06,TMAX,278
USC00310576,2006-02-03,TMAX,206
USR0000NNWB,2005-01-06,TMAX,233
USR0000NCRN,2012-04-20,TMAX,233
USR0000NCRN,2012-04-20,TMIN,133
USR0000NNWB,2005-01-06,TMIN,133
USW00093719,2007-09-01,TMIN,189
USC00310576,2006-02-03,TMIN,133
USC00317170,2009-05-26,TMAX,283
USC00314684,2006-04-09,TMIN,50
USC00317170,2009-05-26,TMIN,194
USC00314684,2006-04-09,TMAX,289
USW00093719,2007-09-01,TMAX,306
USC00317170,2014-10-07,TMAX,250
USW00093743,2010-10-11,TMIN,172
USC00317170,2014-10-07,TMIN,111
USC00314689,2015-04-19,TMAX,256
USW00013754,2005-03-30,TMAX,222
USW00013754,2014-01-13,TMIN,0
USR0000NCRN,2012-10-06,TMIN,144
USW00093765,2009-10-08,TMAX,222
USW00093765,2009-10-08,TMIN,133
USW00093743,2011-01-20,TMIN,28
USW00093743,2011-01-20,TMAX,128
USC00314689,2009-12-12,TMAX,56
USW00013754,2005-03-30,TMIN,78
USC00314689,2009-12-12,TMIN,-17
USR0000NHOF,2015-05-11,TMIN,200
USC00314144,2010-12-20,TMIN,-50
USC00314144,2010-12-20,TMAX,50
USC00314684,2011-03-18,TMAX,200
USC00316096,2010-10-29,TMIN,50
USW00013754,2014-01-13,TMAX,183
USC00314144,2009-02-23,TMAX,72
USR0000NCRN,2008-12-09,TMIN,-6
USW00093719,2015-06-29,TMAX,306
USR0000NCRN,2009-12-22,TMAX,100
USC00314684,2015-08-31,TMAX,306
USW00093743,2008-08-31,TMAX,233
USC00314689,2015-05-31,TMAX,228
USC00314144,2009-11-27,TMIN,6
USC00310576,2009-01-03,TMAX,161
USC00310576,2009-01-03,TMIN,-11
USC00315830,2008-08-09,TMAX,300
USC00314684,2010-05-23,TMAX,278
USC00315830,2008-08-09,TMIN,211
USC00316096,2011-08-18,TMAX,306
USC00316096,2011-08-18,TMIN,189
USC00314684,2010-05-23,TMIN,156
USC00310356,2015-02-24,TMIN,-28
USR0000NCRN,2008-08-12,TMAX,306
USC00317170,2010-01-23,TMAX,106
USC00317170,2010-01-23,TMIN,22
USW00093765,2011-04-12,TMAX,233
USR0000NCRN,2014-05-22,TMAX,317
USW00013754,2007-02-19,TMIN,-38
USW00013754,2007-02-19,TMAX,83
USC00317170,2014-07-30,TMAX,289
USC00310356,2014-03-10,TMIN,11
USC00310356,2014-03-10,TMAX,183
USR0000NCRN,2008-08-12,TMIN,172
USC00310576,2009-05-02,TMIN,183
USC00314684,2015-10-15,TMAX,244
USC00314684,2015-10-15,TMIN,94
USW00093765,2011-04-12,TMIN,161
USW00093765,2010-02-20,TMAX,106
USW00093765,2010-02-20,TMIN,-10
USC00310576,2009-05-02,TMAX,272
USC00317170,2014-07-30,TMIN,178
USW00013754,2011-10-26,TMIN,61
USC00314144,2007-08-17,TMIN,256
USC00317170,2014-07-04,TMIN,228
USR0000NCRN,2011-02-26,TMAX,150
USW00093765,2011-11-28,TMIN,178
USW00093765,2011-11-28,TMAX,244
USC00314684,2015-08-31,TMIN,172
USW00093743,2013-12-15,TMAX,167
USW00013754,2014-11-12,TMIN,144
USW00013754,2014-11-12,TMAX,250
USC00314684,2014-12-05,TMAX,133
USR0000NCRN,2009-06-04,TMAX,278
USR0000NNWB,2005-03-30,TMAX,244
USW00093719,2005-05-01,TMIN,89
USW00093719,2005-05-01,TMAX,206
USC00310576,2008-04-24,TMAX,244
USC00310576,2008-04-24,TMIN,139
USR0000NNWB,2005-03-30,TMIN,83
USC00316676,2011-10-05,TMAX,217
USC00316676,2011-10-05,TMIN,83
USC00316676,2008-11-29,TMIN,-17
USC00316676,2011-01-23,TMAX,-6
USC00317170,2014-07-04,TMAX,306
USC00316096,2013-11-04,TMIN,61
USC00316096,2013-11-04,TMAX,144
USC00316676,2011-01-23,TMIN,-83
USW00093743,2008-08-31,TMIN,139
USW00093765,2013-04-30,TMIN,150
USC00314144,2009-11-27,TMAX,122
USC00316676,2008-11-29,TMAX,200
USR0000NNWB,2015-06-29,TMAX,311
USR0000NCRN,2009-07-12,TMAX,300
USR0000NCRN,2009-07-12,TMIN,261
USR0000NNWB,2015-06-29,TMIN,194
USW00093765,2013-04-30,TMAX,244
USC00317170,2015-04-07,TMAX,261
USC00317170,2013-04-30,TMAX,250
USC00317170,2013-04-30,TMIN,144
USW00093719,2011-08-28,TMAX,328
USR0000NCRN,2014-06-24,TMAX,289
USC00315830,2007-11-01,TMAX,261
USC00314144,2008-01-08,TMIN,61
USC00314144,2008-01-08,TMAX,233
USC00314689,2008-08-04,TMIN,200
USC00316676,2006-05-20,TMAX,233
USC00316676,2006-05-20,TMIN,122
USC00314689,2008-08-04,TMAX,328
USW00093719,2009-10-08,TMIN,117
USC00316676,2008-03-05,TMIN,100
USW00093719,2009-10-08,TMAX,228
USC00314689,2006-04-09,TMAX,206
USC00314689,2006-04-09,TMIN,56
USC00316676,2008-03-05,TMAX,233
USW00093765,2009-02-16,TMAX,94
USR0000NHOF,2010-05-08,TMIN,178
USC00314684,2015-04-19,TMIN,161
USC00314689,2006-03-28,TMAX,172
USC00314689,2006-03-28,TMIN,44
USC00315830,2007-03-24,TMIN,156
USC00316676,2012-08-08,TMIN,228
USW00093765,2009-02-16,TMIN,6
USW00013754,2009-08-03,TMAX,289
USW00093765,2009-05-26,TMIN,217
USR0000NNWB,2011-12-23,TMAX,211
USC00310576,2012-06-26,TMAX,317
USC00310576,2012-06-26,TMIN,183
USR0000NCRN,2015-11-20,TMIN,89
USR0000NCRN,2015-11-20,TMAX,194
USW00093743,2011-05-19,TMIN,133
USR0000NNWB,2011-12-23,TMIN,117
USR0000NCRN,2014-06-24,TMIN,211
USW00093719,2011-08-28,TMIN,222
USW00013754,2009-08-03,TMIN,222
USR0000NHOF,2012-06-30,TMAX,361
USR0000NHOF,2014-03-10,TMIN,17
USR0000NHOF,2014-03-10,TMAX,256
USW00013754,2011-10-26,TMAX,244
USW00093765,2012-01-14,TMIN,11
USC00310356,2007-10-11,TMAX,256
USC00314684,2007-05-05,TMIN,111
USC00310356,2008-08-31,TMAX,311
USW00013754,2015-06-29,TMAX,300
USW00013754,2015-06-29,TMIN,183
USW00093765,2012-01-14,TMAX,83
USC00310356,2008-08-31,TMIN,250
USR0000NCRN,2014-05-22,TMIN,206
USR0000NHOF,2015-02-24,TMAX,-6
USR0000NHOF,2010-05-08,TMAX,322
USC00310356,2011-06-28,TMAX,306
USC00310356,2007-10-11,TMIN,189
USW00093719,2012-07-13,TMAX,294
USC00315830,2007-11-01,TMIN,161
USC00314144,2010-08-29,TMAX,300
USC00314144,2010-08-29,TMIN,150
USR0000NHOF,2015-02-24,TMIN,-28
USC00310356,2011-02-02,TMIN,33
USR0000NNWB,2008-07-27,TMIN,228
USC00314684,2007-05-05,TMAX,172
USR0000NHOF,2012-06-30,TMIN,217
USW00013754,2007-04-24,TMIN,150
USW00013754,2005-11-06,TMAX,256
USW00013754,2007-04-24,TMAX,261
USR0000NNWB,2008-07-27,TMAX,317
USW00093719,2012-07-13,TMIN,222
USC00310356,2011-02-02,TMAX,144
USW00013754,2005-11-06,TMIN,144
USW00093719,2015-08-05,TMIN,233
USC00314684,2014-12-05,TMIN,56
USC00310356,2011-06-28,TMIN,261
USC00314684,2015-07-17,TMAX,322
USC00314684,2015-07-17,TMIN,206
USW00093765,2007-08-04,TMAX,283
USW00093765,2006-10-08,TMIN,189
USW00093765,2006-10-08,TMAX,261
USC00314689,2014-10-07,TMAX,244
USC00314689,2014-10-07,TMIN,128
USC00316676,2006-11-24,TMAX,94
USR0000NHOF,2014-05-02,TMAX,222
USC00314144,2011-03-27,TMIN,22
USR0000NNWB,2011-10-26,TMAX,250
USC00315830,2015-12-22,TMAX,206
USR0000NHOF,2014-05-02,TMIN,133
USC00315830,2007-11-19,TMIN,78
USC00310356,2010-05-08,TMIN,211
USC00315830,2015-12-22,TMIN,117
USC00316676,2006-11-24,TMIN,67
USC00316676,2015-10-22,TMIN,83
USC00314144,2011-03-27,TMAX,56
USC00315830,2006-11-06,TMAX,189
USC00315830,2006-11-06,TMIN,28
USC00314684,2005-07-21,TMAX,333
USC00314684,2006-01-03,TMAX,172
USW00093765,2007-08-04,TMIN,228
USC00314684,2006-01-03,TMIN,72
USC00316096,2012-01-17,TMIN,50
USC00317170,2010-03-28,TMAX,228
USR0000NHOF,2011-01-20,TMIN,-17
USW00093743,2011-07-24,TMIN,256
USW00093743,2011-07-24,TMAX,322
USR0000NHOF,2011-01-20,TMAX,128
USC00317170,2010-03-28,TMIN,50
USW00093719,2013-04-30,TMIN,150
USR0000NCRN,2011-10-12,TMAX,278
USR0000NCRN,2011-10-12,TMIN,211
USC00316096,2014-10-07,TMIN,139
USC00316096,2014-10-07,TMAX,250
USC00314144,2008-05-27,TMAX,272
USC00314144,2008-05-27,TMIN,117
USC00316096,2015-01-11,TMAX,128
USW00013754,2010-12-03,TMAX,89
USC00316676,2012-03-24,TMAX,294
USW00013754,2007-10-04,TMAX,272
USC00315830,2006-10-21,TMAX,283
USC00316676,2008-06-07,TMIN,228
USR0000NCRN,2009-12-22,TMIN,28
USC00316676,2008-06-07,TMAX,367
USC00316096,2015-01-11,TMIN,-61
USC00316676,2015-10-22,TMAX,256
USC00315830,2006-10-21,TMIN,133
USC00316676,2015-09-03,TMAX,317
USC00316676,2012-03-24,TMIN,139
USW00093743,2012-02-19,TMIN,50
USW00093719,2013-04-30,TMAX,256
USW00013754,2011-12-23,TMIN,111
USW00013754,2011-12-23,TMAX,222
USC00314144,2010-06-22,TMIN,239
USR0000NNWB,2011-10-26,TMIN,150
USC00310356,2010-05-08,TMAX,278
USW00093743,2012-02-19,TMAX,144
USW00093765,2014-05-30,TMIN,189
USC00317170,2008-05-10,TMAX,289
USC00310356,2008-10-25,TMAX,217
USC00314684,2006-01-18,TMIN,89
USC00310356,2012-06-30,TMIN,250
USC00310356,2012-06-30,TMAX,289
USC00314684,2006-01-18,TMAX,211
USC00317170,2008-05-10,TMIN,172
USW00093765,2014-10-07,TMIN,183
USC00315830,2007-11-19,TMAX,200
USC00316676,2015-09-03,TMIN,206
USC00316676,2010-08-07,TMAX,322
USC00310356,2008-07-17,TMIN,233
USC00316676,2010-08-07,TMIN,228
USW00093743,2012-06-30,TMIN,239
USC00317170,2015-04-07,TMIN,111
USW00093743,2010-05-08,TMAX,267
USW00093719,2005-09-09,TMAX,294
USW00093743,2010-05-08,TMIN,206
USR0000NHOF,2012-02-14,TMIN,-17
USC00314144,2009-10-20,TMAX,200
USC00317170,2010-02-20,TMIN,-6
USC00317170,2010-02-20,TMAX,150
USC00310576,2006-08-10,TMAX,300
USC00310576,2006-08-10,TMIN,200
USC00315830,2005-08-21,TMAX,333
USR0000NCRN,2011-02-26,TMIN,50
USC00314144,2009-10-20,TMIN,-17
USC00314689,2007-02-24,TMIN,-33
USC00314689,2007-02-24,TMAX,117
USW00093719,2015-08-05,TMAX,356
USW00093719,2010-03-20,TMAX,256
USW00093719,2010-03-20,TMIN,33
USW00093743,2008-07-17,TMIN,172
USW00093719,2005-09-09,TMIN,167
USW00093743,2011-06-28,TMAX,300
USC00316676,2013-07-03,TMIN,228
USW00093743,2011-06-28,TMIN,256
USC00316096,2010-07-26,TMAX,322
USC00316096,2010-07-26,TMIN,239
USW00093743,2008-07-17,TMAX,250
USC00315830,2005-08-21,TMIN,250
USC00316676,2013-07-03,TMAX,300
USC00316676,2013-03-21,TMAX,144
USC00316096,2015-05-31,TMIN,178
USW00093719,2007-10-16,TMAX,261
USW00093765,2013-02-08,TMIN,89
USR0000NHOF,2008-08-31,TMAX,306
USR0000NHOF,2008-08-31,TMIN,194
USR0000NCRN,2013-11-28,TMIN,-17
USR0000NCRN,2013-11-28,TMAX,67
USC00315830,2011-11-09,TMIN,128
USW00093765,2013-02-08,TMAX,167
USC00315830,2011-11-09,TMAX,239
USC00314689,2007-10-13,TMAX,222
USW00093765,2006-02-28,TMIN,83
USR0000NHOF,2011-05-19,TMAX,244
USR0000NHOF,2011-05-19,TMIN,89
USR0000NNWB,2014-11-12,TMAX,256
USC00314684,2005-07-21,TMIN,233
USW00093765,2006-02-28,TMAX,150
USR0000NNWB,2014-11-12,TMIN,144
USW00093743,2013-12-15,TMIN,44
USR0000NHOF,2011-06-28,TMAX,322
USC00310356,2008-07-17,TMAX,328
USC00316676,2013-03-21,TMIN,17
USW00093743,2012-06-30,TMAX,350
USC00316096,2015-05-31,TMAX,289
USW00093765,2010-01-23,TMIN,28
USW00093765,2010-01-23,TMAX,117
USR0000NHOF,2011-06-28,TMIN,233
USR0000NHOF,2012-02-14,TMAX,128
USR0000NCRN,2009-06-04,TMIN,228
USC00314144,2010-06-22,TMAX,339
USC00316096,2012-01-17,TMAX,194
USW00093719,2007-10-16,TMIN,83
USW00093719,2006-12-10,TMAX,144
USW00093719,2006-12-10,TMIN,-56
USW00093765,2014-05-30,TMAX,244
USW00093765,2014-10-07,TMAX,256
USC00314684,2013-02-08,TMIN,28
USC00314689,2013-02-26,TMIN,28
USR0000NHOF,2012-06-14,TMAX,244
USR0000NHOF,2012-06-14,TMIN,133
USR0000NNWB,2007-05-18,TMAX,194
USC00310576,2005-05-25,TMAX,183
USW00093765,2015-07-17,TMAX,311
USW00093719,2011-04-12,TMAX,278
USC00316096,2011-06-17,TMIN,189
USC00315830,2012-02-09,TMIN,6
USW00093719,2011-04-12,TMIN,139
USC00310576,2005-05-25,TMIN,117
USC00316676,2009-04-13,TMIN,39
USW00093765,2015-07-17,TMIN,228
USR0000NCRN,2006-04-25,TMIN,183
USR0000NHOF,2009-02-19,TMIN,33
USW00093719,2009-04-29,TMIN,139
USR0000NCRN,2006-04-25,TMAX,267
USW00093743,2008-05-27,TMIN,206
USW00093719,2010-12-15,TMIN,-78
USC00314144,2009-12-22,TMAX,94
USC00310576,2007-12-08,TMAX,133
USC00315830,2007-12-06,TMAX,144
USC00314689,2012-10-27,TMIN,183
USC00315830,2007-12-06,TMIN,28
USR0000NHOF,2009-08-25,TMIN,172
USC00310576,2007-12-08,TMIN,33
USC00316676,2012-06-01,TMAX,317
USC00310576,2012-04-20,TMAX,172
USC00310576,2012-04-20,TMIN,117
USC00315830,2012-02-09,TMAX,133
USC00316676,2012-06-01,TMIN,194
USW00093743,2008-05-27,TMAX,250
USC00314689,2012-10-27,TMAX,228
USC00310356,2008-05-27,TMIN,144
USR0000NHOF,2009-08-25,TMAX,300
USR0000NHOF,2008-02-12,TMAX,200
USW00093765,2012-01-13,TMAX,178
USC00317170,2010-08-19,TMIN,239
USC00317170,2010-08-19,TMAX,317
USC00310576,2009-09-24,TMIN,189
USC00316676,2015-11-11,TMIN,106
USC00316676,2015-11-11,TMAX,244
USR0000NHOF,2008-05-27,TMIN,117
USC00317170,2014-11-12,TMIN,122
USR0000NHOF,2008-05-27,TMAX,272
USC00314684,2009-10-08,TMIN,72
USC00310576,2014-04-13,TMIN,94
USC00317170,2014-11-12,TMAX,239
USW00093743,2012-06-14,TMAX,267
USC00310576,2014-04-13,TMAX,267
USW00093743,2012-06-14,TMIN,172
USW00093765,2006-05-20,TMAX,244
USC00317170,2009-01-09,TMIN,6
USC00316676,2009-04-13,TMAX,189
USW00093743,2008-10-25,TMIN,172
USR0000NHOF,2008-02-12,TMIN,-56
USC00310356,2005-06-21,TMIN,156
USC00317170,2011-08-28,TMAX,339
USC00310356,2006-08-10,TMIN,222
USC00316096,2011-06-17,TMAX,300
USC00317170,2011-08-28,TMIN,206
USR0000NNWB,2007-05-18,TMIN,117
USC00317170,2009-01-09,TMAX,94
USC00314689,2006-07-17,TMIN,244
USC00314689,2006-07-17,TMAX,344
USW00093765,2006-05-20,TMIN,167
USC00314684,2009-10-08,TMAX,300
USC00310356,2006-08-10,TMAX,294
USC00310356,2008-05-27,TMAX,267
USC00310576,2013-04-30,TMAX,211
USC00310576,2013-04-30,TMIN,150
USW00093719,2005-01-06,TMIN,139
USC00317170,2015-09-22,TMIN,211
USW00013754,2008-01-31,TMIN,28
USW00013754,2008-01-31,TMAX,128
USW00093719,2005-01-06,TMAX,233
USC00314684,2015-06-29,TMIN,167
USC00314684,2015-06-29,TMAX,294
USR0000NNWB,2007-09-06,TMIN,194
USW00093743,2008-10-25,TMAX,250
USC00314684,2012-12-13,TMAX,72
USR0000NNWB,2007-09-06,TMAX,328
USC00315830,2006-11-15,TMAX,239
USC00315830,2006-11-15,TMIN,106
USW00093719,2007-07-17,TMIN,222
USC00314684,2012-12-13,TMIN,44
USC00310576,2008-12-10,TMAX,194
USC00317170,2009-12-03,TMAX,222
USC00314689,2013-08-19,TMAX,306
USC00316676,2014-03-09,TMIN,33
USC00316676,2014-03-09,TMAX,194
USW00013754,2006-12-15,TMIN,83
USC00314689,2012-12-02,TMAX,200
USW00093719,2007-07-17,TMAX,339
USC00310576,2007-05-22,TMIN,156
USC00317170,2009-12-03,TMIN,150
USW00013754,2006-12-15,TMAX,200
USC00310576,2010-03-10,TMIN,28
USR0000NHOF,2010-12-08,TMAX,33
USC00310576,2010-03-10,TMAX,228
USR0000NHOF,2010-12-08,TMIN,-89
USC00310576,2008-12-10,TMIN,17
USC00314684,2010-11-10,TMIN,22
USC00310576,2007-05-22,TMAX,306
USW00093719,2015-05-31,TMIN,183
USW00093719,2015-05-31,TMAX,311
USR0000NNWB,2006-06-25,TMIN,222
USC00316676,2012-09-08,TMIN,222
USC00316676,2012-09-08,TMAX,289
USR0000NCRN,2013-03-22,TMAX,94
USC00315830,2012-07-23,TMIN,228
USR0000NCRN,2009-02-21,TMAX,222
USR0000NNWB,2006-06-25,TMAX,289
USR0000NCRN,2013-03-22,TMIN,-50
USC00316096,2011-11-28,TMAX,239
USC00316096,2011-11-28,TMIN,150
USC00316676,2007-01-29,TMIN,-22
USC00316676,2007-01-29,TMAX,161
USC00316096,2010-06-11,TMAX,317
USW00093719,2010-12-15,TMAX,33
USC00316096,2010-06-11,TMIN,194
USC00310576,2009-09-24,TMAX,294
USW00093719,2009-04-29,TMAX,283
USC00314144,2009-12-22,TMIN,-56
USW00013754,2007-02-14,TMAX,172
USW00013754,2007-02-14,TMIN,17
USC00316096,2013-08-19,TMIN,222
USC00316096,2013-08-19,TMAX,278
USC00316096,2014-07-15,TMIN,228
USR0000NCRN,2009-02-21,TMIN,-67
USC00316096,2014-07-15,TMAX,294
USR0000NHOF,2009-02-19,TMAX,178
USC00316676,2012-08-24,TMIN,211
USC00316676,2014-01-25,TMIN,-111
USR0000NHOF,2006-08-10,TMIN,178
USR0000NHOF,2006-08-10,TMAX,306
USC00316676,2014-01-25,TMAX,-22
USC00315830,2012-07-23,TMAX,328
USC00316676,2012-08-24,TMAX,278
USC00310356,2005-06-21,TMAX,250
USC00310356,2012-06-14,TMIN,194
USC00310356,2012-06-14,TMAX,306
USC00316676,2007-03-12,TMIN,28
USC00310356,2009-08-25,TMIN,233
USC00310576,2014-09-04,TMIN,239
USC00310576,2012-10-06,TMIN,144
USC00310576,2012-10-06,TMAX,261
USC00314684,2007-10-06,TMAX,300
USC00314684,2007-10-06,TMIN,211
USC00310576,2014-09-04,TMAX,333
USW00093765,2006-01-18,TMAX,189
USC00316676,2006-03-28,TMIN,-17
USC00316676,2006-03-28,TMAX,167
USW00093765,2006-01-18,TMIN,67
USC00316676,2010-04-22,TMIN,117
USC00314689,2011-07-22,TMIN,267
USW00013754,2015-05-31,TMAX,300
USC00310356,2015-10-27,TMIN,156
USC00314689,2005-12-15,TMIN,6
USC00310576,2011-06-28,TMAX,333
USC00310576,2011-06-28,TMIN,211
USR0000NCRN,2007-08-10,TMIN,228
USC00310356,2005-07-14,TMAX,294
USC00310356,2013-01-22,TMIN,39
USC00316096,2012-10-27,TMAX,211
USC00310356,2009-08-25,TMAX,289
USC00310356,2013-01-22,TMAX,150
USC00310356,2015-10-27,TMAX,178
USW00013754,2015-05-31,TMIN,183
USC00316676,2010-04-22,TMAX,167
USC00314689,2011-07-22,TMAX,378
USC00316096,2015-06-29,TMAX,289
USC00316096,2015-06-29,TMIN,189
USR0000NHOF,2011-10-12,TMIN,200
USC00316676,2007-03-12,TMAX,206
USC00310576,2015-12-22,TMIN,89
USC00310576,2015-12-22,TMAX,200
USC00310356,2010-04-11,TMIN,106
USC00315830,2007-12-23,TMAX,217
USC00315830,2007-12-23,TMIN,106
USC00314684,2006-10-08,TMIN,122
USC00314689,2015-06-29,TMAX,306
USC00314689,2015-06-29,TMIN,217
USC00316096,2015-08-31,TMIN,217
USC00314684,2011-12-30,TMAX,139
USW00093719,2006-05-20,TMIN,133
USR0000NHOF,2013-04-30,TMAX,211
USW00093719,2006-05-20,TMAX,278
USC00314144,2011-05-29,TMIN,183
USC00314144,2011-05-29,TMAX,289
USW00093743,2013-04-30,TMIN,156
USR0000NHOF,2013-04-30,TMIN,156
USC00315830,2013-07-04,TMIN,256
USC00310356,2010-04-11,TMAX,206
USC00316096,2015-08-31,TMAX,278
USC00314684,2012-11-19,TMIN,100
USC00314684,2012-11-19,TMAX,150
USC00314144,2005-06-11,TMAX,294
USC00314144,2005-06-11,TMIN,156
USC00310576,2007-03-26,TMIN,78
USR0000NCRN,2008-07-07,TMAX,289
USC00314684,2006-10-08,TMAX,206
USC00310576,2007-03-26,TMAX,222
USR0000NNWB,2007-02-14,TMAX,150
USR0000NNWB,2007-02-14,TMIN,-6
USC00315830,2009-04-05,TMAX,217
USC00314689,2005-06-06,TMIN,222
USC00315830,2009-04-05,TMIN,89
USC00314684,2011-12-30,TMIN,-33
USR0000NCRN,2008-07-07,TMIN,211
USC00314689,2013-08-19,TMIN,206
USW00093719,2006-06-25,TMIN,228
USC00315830,2013-07-04,TMAX,300
USR0000NNWB,2015-05-31,TMIN,183
USR0000NNWB,2008-04-19,TMAX,283
USR0000NHOF,2013-01-22,TMAX,72
USC00314684,2010-10-05,TMIN,56
USR0000NCRN,2006-12-28,TMIN,-11
USC00310576,2013-12-15,TMIN,50
USR0000NCRN,2006-12-28,TMAX,167
USR0000NHOF,2013-01-22,TMIN,-61
USC00316096,2011-05-26,TMIN,222
USC00310576,2013-12-15,TMAX,189
USR0000NCRN,2007-12-18,TMIN,0
USC00314689,2011-11-28,TMIN,156
USW00093765,2007-02-28,TMIN,44
USC00314689,2011-11-28,TMAX,239
USW00093765,2007-02-28,TMAX,139
USC00316096,2011-05-26,TMAX,278
USC00314684,2006-02-28,TMIN,-33
USW00093719,2013-09-16,TMAX,300
USW00093719,2013-09-16,TMIN,183
USW00093719,2010-03-28,TMIN,44
USW00093719,2010-03-28,TMAX,222
USW00093765,2005-09-27,TMIN,211
USW00093719,2008-03-01,TMAX,194
USR0000NNWB,2015-05-31,TMAX,322
USW00093719,2008-03-01,TMIN,61
USC00314684,2006-02-28,TMAX,106
USC00314684,2010-10-05,TMAX,189
USC00315830,2013-11-13,TMAX,167
USW00093765,2009-01-20,TMIN,-43
USW00093765,2009-01-20,TMAX,78
USC00315830,2013-11-13,TMIN,17
USW00093765,2005-09-27,TMAX,278
USR0000NNWB,2008-04-19,TMIN,117
USW00013754,2008-04-11,TMIN,122
USW00013754,2008-04-11,TMAX,261
USW00093743,2009-08-25,TMAX,289
USC00314689,2009-02-25,TMAX,122
USW00093719,2015-04-10,TMAX,294
USC00314684,2013-08-19,TMAX,306
USR0000NNWB,2008-01-31,TMAX,106
USR0000NNWB,2008-01-31,TMIN,-11
USR0000NHOF,2011-10-12,TMAX,272
USW00093719,2011-08-07,TMAX,350
USC00314689,2005-09-09,TMAX,300
USC00314689,2005-09-09,TMIN,161
USW00093765,2006-12-10,TMAX,117
USW00093765,2006-12-10,TMIN,-38
USC00310576,2009-07-12,TMAX,294
USC00310576,2009-07-12,TMIN,156
USW00093719,2011-08-07,TMIN,250
USW00093719,2006-06-25,TMAX,283
USC00310576,2011-11-09,TMAX,206
USW00093743,2009-08-25,TMIN,217
USC00314684,2013-02-26,TMIN,11
USC00314684,2013-02-26,TMAX,67
USW00093719,2015-04-10,TMIN,189
USW00093743,2013-01-22,TMIN,-27
USR0000NCRN,2007-08-10,TMAX,328
USC00316096,2014-12-05,TMAX,167
USC00310576,2011-11-09,TMIN,72
USW00093743,2013-01-22,TMAX,117
USC00316096,2014-12-05,TMIN,72
USC00310356,2005-07-14,TMIN,217
USC00314684,2013-08-19,TMIN,206
USC00314689,2012-01-31,TMIN,44
USC00314689,2012-01-31,TMAX,189
USC00314689,2009-02-25,TMIN,-44
USC00316096,2012-10-27,TMIN,167
USR0000NCRN,2005-06-13,TMIN,244
USR0000NCRN,2015-02-24,TMIN,-33
USW00093719,2008-05-10,TMAX,283
USW00093765,2015-05-31,TMIN,194
USW00093743,2012-04-20,TMIN,139
USW00093743,2012-04-20,TMAX,228
USC00314684,2005-04-15,TMAX,167
USC00314684,2005-04-15,TMIN,56
USC00314684,2011-11-28,TMIN,72
USC00314684,2011-11-28,TMAX,228
USW00093719,2015-08-13,TMIN,189
USW00093719,2015-08-13,TMAX,311
USR0000NHOF,2014-09-04,TMIN,211
USW00013754,2007-08-03,TMIN,211
USC00314684,2012-11-09,TMAX,156
USC00316676,2009-02-06,TMAX,22
USC00316676,2009-02-06,TMIN,-89
USR0000NHOF,2014-09-04,TMAX,328
USC00310356,2012-04-20,TMIN,144
USC00310356,2012-04-20,TMAX,189
USC00317170,2015-06-29,TMAX,300
USC00314684,2011-08-18,TMIN,178
USC00310356,2011-07-24,TMIN,272
USC00314684,2011-08-18,TMAX,328
USC00310356,2014-09-04,TMIN,233
USC00316676,2015-04-03,TMAX,228
USW00093765,2015-05-31,TMAX,278
USC00317170,2015-06-29,TMIN,172
USC00316676,2010-05-13,TMIN,178
USC00314689,2014-07-15,TMIN,244
USC00314689,2014-07-15,TMAX,339
USC00315830,2013-04-30,TMIN,206
USC00315830,2013-04-30,TMAX,256
USC00310356,2011-07-24,TMAX,311
USC00316676,2010-05-13,TMAX,283
USC00314689,2014-07-30,TMIN,172
USC00314684,2012-11-09,TMIN,-28
USC00316676,2012-05-16,TMIN,206
USR0000NCRN,2014-05-02,TMAX,217
USW00013754,2011-02-05,TMIN,56
USR0000NHOF,2005-06-21,TMIN,72
USW00093743,2009-02-19,TMIN,50
USW00093719,2011-10-26,TMIN,67
USW00093719,2010-04-16,TMAX,300
USW00093719,2010-04-16,TMIN,94
USW00093719,2011-10-26,TMAX,244
USR0000NCRN,2014-05-02,TMIN,156
USC00310576,2009-08-16,TMIN,211
USC00310576,2009-08-16,TMAX,300
USW00093765,2012-11-29,TMIN,-21
USR0000NNWB,2015-08-19,TMIN,217
USR0000NNWB,2015-08-19,TMAX,283
USC00310356,2012-07-05,TMIN,267
USW00093765,2012-11-29,TMAX,133
USW00093765,2005-10-17,TMAX,194
USC00316676,2012-05-16,TMAX,289
USW00013754,2007-08-03,TMAX,294
USC00316096,2011-03-28,TMAX,83
USW00093743,2009-02-19,TMAX,200
USC00316676,2013-10-07,TMIN,167
USR0000NHOF,2012-04-20,TMAX,239
USC00316096,2011-03-28,TMIN,6
USR0000NHOF,2012-04-20,TMIN,133
USR0000NCRN,2015-04-29,TMIN,67
USC00314684,2006-05-20,TMIN,128
USC00314684,2006-05-20,TMAX,233
USW00093765,2005-10-17,TMIN,106
USC00310356,2012-07-05,TMAX,300
USR0000NCRN,2015-04-29,TMAX,189
USC00316676,2013-10-07,TMAX,289
USR0000NHOF,2014-06-24,TMIN,178
USC00310576,2008-08-22,TMIN,172
USW00013754,2009-05-20,TMAX,233
USC00317170,2015-05-31,TMAX,311
USR0000NHOF,2014-06-24,TMAX,322
USC00310356,2009-06-27,TMAX,322
USC00310356,2008-06-20,TMIN,200
USC00316096,2009-11-07,TMAX,167
USC00317170,2015-05-31,TMIN,172
USC00316096,2012-12-13,TMAX,111
USC00316096,2012-12-13,TMIN,61
USC00317170,2009-05-10,TMIN,200
USW00013754,2005-12-05,TMIN,94
USC00314689,2005-08-04,TMIN,206
USC00314689,2005-08-04,TMAX,344
USW00013754,2005-12-05,TMAX,167
USC00316096,2010-02-20,TMIN,-44
USC00316676,2015-10-02,TMAX,217
USC00316676,2015-10-02,TMIN,178
USC00316096,2010-02-20,TMAX,111
USC00314689,2013-02-26,TMAX,139
USC00310576,2010-01-03,TMAX,50
USR0000NCRN,2008-05-27,TMAX,267
USR0000NCRN,2008-05-27,TMIN,200
USC00310576,2010-01-03,TMIN,-17
USC00317170,2009-05-10,TMAX,278
USC00310356,2008-06-20,TMAX,294
USR0000NNWB,2010-01-23,TMIN,0
USW00093743,2014-06-24,TMAX,294
USW00093743,2014-06-24,TMIN,217
USC00315830,2005-11-29,TMIN,167
USC00315830,2005-11-29,TMAX,228
USC00310356,2014-04-13,TMAX,206
USC00310356,2014-04-13,TMIN,150
USR0000NNWB,2010-01-23,TMAX,106
USC00314689,2015-01-11,TMAX,83
USC00310356,2013-07-04,TMAX,294
USC00310356,2013-07-04,TMIN,233
USC00314689,2010-06-11,TMIN,217
USC00314689,2010-06-11,TMAX,328
USW00093719,2011-09-13,TMAX,306
USW00013754,2010-01-23,TMIN,11
USW00013754,2010-01-23,TMAX,100
USC00314689,2014-07-30,TMAX,289
USC00314689,2015-01-11,TMIN,-83
USC00316676,2015-04-03,TMIN,50
USW00013754,2009-05-20,TMIN,117
USW00013754,2012-07-13,TMIN,217
USW00013754,2012-07-13,TMAX,289
USC00314689,2010-02-20,TMAX,133
USC00310576,2008-08-22,TMAX,289
USC00314689,2010-02-20,TMIN,-28
USC00310356,2014-09-04,TMAX,294
USC00315830,2007-03-29,TMAX,256
USW00093765,2015-01-28,TMAX,72
USR0000NHOF,2014-04-13,TMAX,272
USW00093765,2005-05-01,TMAX,194
USW00093765,2005-05-01,TMIN,111
USC00314689,2012-11-19,TMIN,106
USW00093719,2011-09-13,TMIN,167
USC00317170,2009-10-08,TMAX,228
USW00093743,2013-07-04,TMAX,294
USR0000NHOF,2014-04-13,TMIN,100
USW00093743,2013-07-04,TMIN,256
USC00314689,2012-11-19,TMAX,144
USC00317170,2009-10-08,TMIN,100
USC00316096,2015-10-15,TMAX,244
USC00316096,2015-10-15,TMIN,100
USW00013754,2013-09-16,TMIN,178
USW00093765,2015-01-28,TMIN,-5
USW00013754,2013-09-16,TMAX,300
USC00316676,2010-11-28,TMIN,-6
USW00013754,2011-02-05,TMAX,189
USW00093765,2010-05-23,TMIN,172
USC00317170,2011-09-19,TMIN,172
USC00315830,2009-05-05,TMAX,250
USW00093765,2010-11-01,TMIN,94
USC00317170,2011-09-19,TMAX,261
USW00093719,2015-09-16,TMAX,278
USW00093743,2009-07-26,TMAX,306
USW00093743,2009-07-26,TMIN,267
USC00314689,2015-10-15,TMIN,100
USC00314689,2015-10-15,TMAX,250
USC00310576,2013-07-04,TMIN,200
USC00310576,2013-07-04,TMAX,300
USW00013754,2011-04-30,TMAX,244
USC00314689,2009-11-20,TMIN,150
USC00315830,2014-12-12,TMAX,94
USC00314689,2009-11-20,TMAX,217
USW00093743,2008-02-12,TMIN,22
USW00093743,2008-02-12,TMAX,267
USC00315830,2014-12-12,TMIN,-11
USC00314144,2006-04-25,TMIN,167
USC00315830,2008-03-17,TMAX,144
USC00315830,2008-03-17,TMIN,44
USC00317170,2014-05-30,TMAX,233
USC00314144,2010-07-14,TMAX,272
USC00315830,2009-05-05,TMIN,200
USC00316096,2014-12-23,TMIN,61
USC00317170,2014-05-30,TMIN,172
USC00310576,2005-06-18,TMIN,161
USC00317170,2015-07-17,TMIN,206
USC00317170,2015-07-17,TMAX,322
USR0000NNWB,2015-03-28,TMAX,94
USR0000NNWB,2015-03-28,TMIN,11
USC00314144,2010-07-14,TMIN,228
USW00013754,2013-12-28,TMIN,-10
USW00093719,2011-08-01,TMAX,322
USC00310356,2009-07-26,TMIN,267
USC00315830,2006-09-25,TMAX,283
USC00315830,2006-09-25,TMIN,206
USC00314689,2015-01-02,TMAX,133
USC00314684,2010-11-10,TMAX,194
USW00093765,2011-03-06,TMIN,106
USC00314689,2015-01-02,TMIN,39
USC00316676,2009-04-22,TMAX,256
USR0000NNWB,2007-12-07,TMIN,-6
USR0000NNWB,2007-12-07,TMAX,117
USW00013754,2014-10-07,TMIN,133
USR0000NHOF,2009-01-18,TMIN,-33
USW00013754,2014-10-07,TMAX,256
USW00093765,2011-03-06,TMAX,189
USW00093719,2008-05-10,TMIN,139
USC00314689,2012-12-02,TMIN,28
USC00314144,2006-04-25,TMAX,311
USW00093765,2014-11-12,TMIN,139
USC00316676,2009-04-22,TMIN,128
USC00310576,2009-06-06,TMIN,194
USR0000NNWB,2014-10-07,TMIN,117
USR0000NNWB,2014-10-07,TMAX,267
USC00314684,2008-11-13,TMIN,39
USC00314684,2008-11-13,TMAX,167
USC00314689,2011-06-17,TMIN,217
USW00093765,2014-11-12,TMAX,239
USC00314689,2011-06-17,TMAX,311
USW00013754,2011-04-30,TMIN,133
USC00314684,2005-09-09,TMAX,300
USC00314684,2005-09-09,TMIN,150
USR0000NHOF,2009-01-18,TMAX,72
USW00093765,2010-11-01,TMAX,194
USC00310576,2009-06-06,TMAX,289
USC00310356,2009-07-26,TMAX,300
USW00093719,2011-08-01,TMIN,228
USW00013754,2013-12-28,TMAX,161
USC00314689,2013-02-08,TMIN,72
USC00310356,2008-02-12,TMIN,11
USC00316676,2007-10-24,TMIN,200
USC00310356,2008-02-12,TMAX,128
USC00314689,2011-02-02,TMAX,244
USC00316676,2007-10-24,TMAX,306
USW00093719,2014-01-13,TMAX,194
USW00093765,2012-03-07,TMIN,56
USW00093765,2012-03-07,TMAX,200
USW00093719,2014-10-07,TMAX,267
USW00093719,2014-10-07,TMIN,122
USR0000NNWB,2005-11-24,TMAX,200
USC00315830,2007-03-29,TMIN,117
USW00013754,2015-03-28,TMIN,33
USW00093743,2012-10-06,TMIN,156
USW00093743,2012-10-06,TMAX,267
USW00013754,2015-03-28,TMAX,111
USC00316096,2009-11-20,TMIN,128
USC00310576,2006-02-19,TMIN,-39
USC00316676,2010-11-28,TMAX,122
USW00093765,2010-05-23,TMAX,267
USC00310576,2006-02-19,TMAX,28
USR0000NHOF,2005-06-21,TMAX,278
USC00310356,2012-10-06,TMAX,278
USC00316096,2013-02-26,TMIN,44
USC00310356,2012-10-06,TMIN,194
USW00093743,2012-07-05,TMAX,317
USW00093743,2012-07-05,TMIN,250
USC00316096,2012-11-19,TMAX,144
USC00316096,2013-02-08,TMAX,167
USC00316096,2013-02-08,TMIN,72
USC00316096,2009-11-20,TMAX,183
USC00316096,2012-11-19,TMIN,106
USC00314144,2010-10-26,TMIN,200
USW00093765,2009-01-09,TMAX,83
USC00314144,2010-10-26,TMAX,278
USR0000NHOF,2012-10-06,TMIN,122
USR0000NNWB,2005-12-05,TMAX,150
USW00093719,2015-09-16,TMIN,139
USR0000NHOF,2009-07-26,TMIN,244
USR0000NHOF,2009-07-26,TMAX,317
USC00310356,2005-01-18,TMAX,33
USW00013754,2008-04-19,TMIN,106
USR0000NHOF,2012-07-05,TMIN,244
USC00316096,2014-12-23,TMAX,122
USC00317170,2010-05-03,TMAX,328
USC00317170,2010-05-03,TMIN,222
USC00314684,2008-12-04,TMIN,-39
USC00314684,2008-12-04,TMAX,122
USC00314689,2013-02-08,TMAX,133
USC00310356,2005-01-18,TMIN,-67
USC00310576,2005-06-18,TMAX,267
USC00314684,2013-11-04,TMAX,172
USC00314684,2013-11-04,TMIN,17
USW00093765,2009-01-09,TMIN,0
USR0000NHOF,2008-12-22,TMIN,-94
USC00317170,2010-07-04,TMIN,144
USC00317170,2010-07-04,TMAX,311
USR0000NNWB,2007-05-28,TMAX,311
USR0000NNWB,2007-05-28,TMIN,172
USR0000NHOF,2012-10-06,TMAX,278
USC00316096,2013-02-26,TMAX,194
USW00093719,2014-01-13,TMIN,6
USR0000NHOF,2005-07-14,TMIN,206
USC00314689,2011-02-02,TMIN,100
USR0000NHOF,2005-07-14,TMAX,300
USR0000NHOF,2012-07-05,TMAX,350
USW00013754,2008-04-19,TMAX,250
USR0000NNWB,2005-11-24,TMIN,89
USW00013754,2009-04-05,TMIN,83
USC00314144,2008-07-21,TMAX,361
USC00314144,2008-07-21,TMIN,200
USC00314684,2012-06-13,TMAX,289
USW00013754,2008-11-13,TMAX,217
USC00314684,2012-06-13,TMIN,211
USR0000NHOF,2010-09-24,TMIN,172
USR0000NCRN,2009-06-01,TMIN,172
USC00316676,2010-06-15,TMIN,222
USR0000NHOF,2010-09-24,TMAX,300
USC00310356,2011-03-27,TMIN,83
USW00093719,2007-04-17,TMIN,100
USC00315830,2006-01-04,TMIN,33
USW00093719,2007-04-17,TMAX,200
USC00315830,2006-01-04,TMAX,178
USC00310356,2011-03-27,TMAX,167
USW00013754,2008-11-13,TMIN,133
USR0000NCRN,2009-06-01,TMAX,294
USC00314684,2009-08-09,TMAX,311
USC00314684,2009-08-09,TMIN,200
USC00314684,2007-02-14,TMIN,33
USC00316676,2014-04-13,TMAX,278
USC00316676,2014-04-13,TMIN,111
USR0000NHOF,2007-09-16,TMAX,244
USC00314684,2010-01-03,TMAX,11
USC00314684,2010-01-03,TMIN,-72
USC00310356,2009-12-13,TMAX,150
USC00314689,2005-12-05,TMIN,72
USC00314144,2008-07-09,TMIN,211
USC00316676,2010-06-15,TMAX,344
USC00314144,2008-07-09,TMAX,294
USC00315830,2014-07-31,TMIN,206
USW00093719,2011-06-28,TMAX,339
USW00093719,2011-06-28,TMIN,233
USC00315830,2014-07-31,TMAX,294
USC00310576,2010-05-23,TMAX,300
USC00314684,2010-01-22,TMIN,28
USC00315830,2005-09-10,TMAX,289
USR0000NHOF,2009-12-13,TMAX,183
USR0000NCRN,2011-09-10,TMIN,172
USR0000NCRN,2011-09-10,TMAX,300
USC00314689,2009-10-19,TMAX,161
USC00314689,2009-10-19,TMIN,50
USC00316676,2007-05-25,TMIN,128
USC00316676,2007-05-25,TMAX,261
USC00316676,2009-06-26,TMAX,322
USC00316676,2009-06-26,TMIN,211
USC00317170,2015-08-19,TMIN,200
USC00317170,2015-08-19,TMAX,317
USC00310356,2008-07-21,TMIN,233
USC00310576,2015-07-17,TMAX,306
USC00310576,2015-07-17,TMIN,211
USC00310356,2008-07-21,TMAX,328
USC00316096,2010-11-10,TMAX,172
USC00314689,2009-04-22,TMAX,244
USC00315830,2005-09-10,TMIN,233
USC00314684,2010-01-22,TMAX,78
USW00093743,2009-12-13,TMAX,200
USW00093743,2009-12-13,TMIN,100
USW00093743,2011-02-09,TMIN,-10
USW00093743,2011-02-09,TMAX,89
USC00310356,2009-12-13,TMIN,22
USC00317170,2008-12-04,TMIN,0
USC00314689,2015-03-28,TMAX,94
USC00310576,2011-09-05,TMAX,300
USC00316096,2015-12-09,TMAX,200
USC00316096,2015-12-09,TMIN,11
USC00314689,2009-04-22,TMIN,122
USC00317170,2008-12-04,TMAX,178
USC00310576,2011-09-05,TMIN,150
USC00310576,2010-05-23,TMIN,139
USC00314684,2007-02-14,TMAX,200
USC00314684,2005-02-09,TMIN,22
USW00093719,2014-02-11,TMIN,-21
USC00314684,2012-12-02,TMAX,189
USC00314684,2005-11-24,TMIN,-11
USR0000NCRN,2008-10-18,TMAX,144
USC00314684,2005-11-24,TMAX,100
USW00093719,2014-02-11,TMAX,22
USR0000NCRN,2011-12-18,TMIN,-33
USC00314684,2010-12-29,TMIN,-78
USC00316096,2015-03-28,TMIN,11
USC00314684,2009-07-12,TMIN,167
USC00314684,2009-07-12,TMAX,300
USC00314684,2010-12-29,TMAX,56
USW00013754,2009-02-16,TMIN,17
USC00316096,2015-03-28,TMAX,106
USR0000NCRN,2010-09-30,TMIN,206
USC00310576,2008-07-27,TMAX,317
USR0000NCRN,2010-09-30,TMAX,267
USR0000NCRN,2013-10-07,TMIN,211
USR0000NCRN,2013-10-07,TMAX,278
USC00310356,2007-11-21,TMAX,144
USC00316096,2010-01-22,TMIN,44
USR0000NNWB,2005-02-13,TMAX,206
USC00310356,2007-11-21,TMIN,100
USC00316676,2009-11-26,TMIN,72
USR0000NNWB,2012-07-23,TMAX,350
USR0000NNWB,2012-07-23,TMIN,222
USC00317170,2008-09-16,TMIN,217
USC00317170,2008-09-16,TMAX,278
USC00310576,2008-07-27,TMIN,200
USW00093719,2014-07-15,TMIN,233
USW00093719,2014-07-15,TMAX,328
USC00316096,2010-01-22,TMAX,117
USC00310356,2014-12-28,TMIN,39
USC00310356,2014-12-28,TMAX,144
USW00013754,2012-03-24,TMIN,172
USC00314684,2006-05-19,TMIN,122
USC00314684,2006-05-19,TMAX,267
USC00314684,2005-02-09,TMAX,211
USR0000NCRN,2015-11-26,TMAX,222
USR0000NCRN,2015-11-26,TMIN,122
USW00013754,2012-01-31,TMIN,-5
USC00310576,2011-08-03,TMAX,344
USW00013754,2012-01-31,TMAX,194
USW00093743,2009-09-08,TMAX,278
USW00093743,2009-09-08,TMIN,211
USC00316676,2005-08-04,TMAX,328
USC00316676,2005-08-04,TMIN,200
USC00310356,2008-01-17,TMAX,67
USC00310356,2008-01-17,TMIN,-6
USR0000NHOF,2007-09-16,TMIN,117
USC00310356,2007-07-02,TMAX,311
USC00310576,2011-08-03,TMIN,211
USC00315830,2013-02-26,TMIN,61
USW00013754,2012-03-24,TMAX,250
USW00013754,2009-02-16,TMAX,94
USC00316676,2009-11-26,TMAX,139
USR0000NCRN,2008-10-18,TMIN,117
USR0000NCRN,2007-10-16,TMIN,106
USR0000NCRN,2007-10-16,TMAX,272
USC00315830,2013-02-26,TMAX,189
USC00316676,2014-03-08,TMIN,28
USW00093743,2008-08-12,TMAX,200
USW00093743,2008-08-12,TMIN,111
USC00317170,2013-11-13,TMAX,100
USC00317170,2014-01-25,TMIN,-94
USC00317170,2014-01-25,TMAX,78
USC00317170,2013-11-13,TMIN,0
USC00316676,2014-03-08,TMAX,128
USR0000NCRN,2009-10-09,TMIN,261
USC00310356,2007-07-02,TMIN,211
USR0000NCRN,2009-01-03,TMIN,17
USW00093719,2008-10-04,TMIN,100
USC00310356,2012-01-25,TMIN,83
USC00314689,2010-12-26,TMIN,-11
USC00310356,2012-01-25,TMAX,156
USW00093719,2008-10-04,TMAX,250
USC00314684,2011-03-28,TMAX,44
USC00315830,2006-06-26,TMIN,222
USC00315830,2006-06-26,TMAX,278
USR0000NHOF,2012-06-02,TMIN,128
USC00316096,2010-01-03,TMIN,-67
USC00315830,2011-10-12,TMIN,189
USC00316096,2010-01-03,TMAX,0
USR0000NHOF,2012-06-02,TMAX,267
USC00314144,2008-01-04,TMIN,-100
USR0000NCRN,2012-01-02,TMIN,-11
USR0000NCRN,2012-01-02,TMAX,144
USW00013754,2005-02-13,TMAX,183
USC00315830,2015-06-30,TMIN,239
USC00310576,2005-02-21,TMAX,183
USC00310576,2005-02-21,TMIN,72
USC00314684,2014-11-26,TMIN,122
USC00314684,2014-11-26,TMAX,172
USC00314684,2011-03-28,TMIN,-11
USC00314689,2013-04-28,TMIN,111
USR0000NCRN,2013-07-06,TMAX,289
USW00013754,2005-02-13,TMIN,-6
USC00314689,2011-11-08,TMIN,61
USR0000NCRN,2005-05-02,TMAX,239
USC00314144,2008-01-04,TMAX,67
USR0000NCRN,2005-05-02,TMIN,72
USC00314689,2011-11-08,TMAX,217
USR0000NCRN,2013-07-06,TMIN,244
USC00310356,2007-08-07,TMAX,289
USC00314689,2013-04-28,TMAX,228
USC00314689,2015-12-09,TMAX,194
USC00316096,2013-04-28,TMAX,222
USC00316096,2013-04-28,TMIN,89
USR0000NNWB,2008-04-04,TMIN,156
USC00314689,2009-07-12,TMIN,217
USC00314689,2009-07-12,TMAX,339
USC00314689,2012-08-15,TMIN,233
USW00013754,2005-08-13,TMAX,317
USC00315830,2005-12-15,TMAX,167
USC00315830,2011-04-12,TMAX,222
USC00310356,2008-12-09,TMIN,22
USC00315830,2005-12-15,TMIN,33
USC00310356,2008-12-09,TMAX,94
USR0000NNWB,2007-09-09,TMAX,283
USR0000NNWB,2007-09-09,TMIN,217
USC00315830,2011-04-12,TMIN,189
USC00317170,2007-12-26,TMAX,100
USC00317170,2007-12-26,TMIN,67
USR0000NHOF,2011-05-03,TMAX,261
USC00310576,2014-10-06,TMIN,61
USC00310576,2014-10-06,TMAX,211
USC00314689,2015-12-09,TMIN,22
USC00310356,2007-08-07,TMIN,228
USC00314144,2010-07-27,TMAX,283
USC00310356,2008-12-22,TMIN,-6
USC00314144,2010-07-27,TMIN,211
USW00093743,2008-01-17,TMIN,39
USC00317170,2014-05-01,TMAX,267
USC00310356,2008-12-22,TMAX,156
USC00314689,2010-12-26,TMAX,89
USW00093765,2007-10-06,TMIN,222
USW00093765,2007-10-06,TMAX,261
USC00317170,2014-05-01,TMIN,194
USC00315830,2015-06-30,TMAX,283
USC00317170,2007-09-06,TMIN,189
USR0000NHOF,2008-12-25,TMAX,194
USC00310576,2011-04-21,TMAX,306
USR0000NNWB,2009-09-16,TMAX,306
USC00316096,2013-08-18,TMAX,300
USC00314689,2006-08-09,TMAX,356
USC00314689,2006-08-09,TMIN,233
USW00093719,2009-09-11,TMAX,256
USW00093743,2007-12-12,TMAX,222
USC00316096,2013-08-18,TMIN,217
USC00310576,2011-10-01,TMAX,289
USW00093743,2007-12-12,TMIN,139
USW00093765,2015-05-11,TMIN,206
USW00093719,2009-09-11,TMIN,172
USC00310356,2012-06-02,TMIN,217
USC00310356,2012-06-02,TMAX,283
USW00093765,2015-05-11,TMAX,244
USC00315830,2011-01-13,TMAX,50
USR0000NNWB,2009-01-20,TMAX,61
USR0000NCRN,2009-01-03,TMAX,161
USC00316676,2013-03-22,TMAX,117
USC00316676,2013-03-22,TMIN,-17
USW00093719,2008-05-27,TMAX,289
USW00093719,2008-05-27,TMIN,144
USW00093719,2008-04-30,TMAX,189
USR0000NNWB,2009-09-16,TMIN,189
USC00316096,2010-11-10,TMIN,33
USW00093765,2006-04-25,TMAX,239
USW00093765,2006-04-25,TMIN,200
USC00314689,2013-08-18,TMIN,222
USC00314689,2013-08-18,TMAX,306
USC00310576,2011-10-01,TMIN,122
USR0000NNWB,2009-01-20,TMIN,-50
USW00093719,2008-04-30,TMIN,72
USC00310576,2011-04-21,TMIN,178
USC00314689,2015-04-03,TMIN,144
USR0000NHOF,2009-09-08,TMAX,261
USC00314684,2006-11-24,TMIN,50
USC00314684,2006-11-24,TMAX,94
USC00316676,2015-01-11,TMAX,78
USR0000NHOF,2008-12-25,TMIN,72
USR0000NHOF,2007-03-10,TMAX,200
USW00013754,2015-03-17,TMAX,294
USW00093765,2008-09-16,TMAX,294
USR0000NHOF,2007-03-10,TMIN,6
USR0000NHOF,2011-05-03,TMIN,117
USC00315830,2011-10-12,TMAX,278
USW00093743,2012-06-02,TMAX,267
USC00317170,2007-09-06,TMAX,328
USC00316676,2015-01-11,TMIN,-39
USW00093743,2012-06-02,TMIN,178
USW00013754,2015-03-17,TMIN,94
USR0000NHOF,2009-12-13,TMIN,72
USW00093765,2008-09-16,TMIN,211
USW00093743,2008-07-21,TMIN,172
USR0000NHOF,2009-09-08,TMIN,194
USR0000NNWB,2010-07-08,TMIN,233
USC00310576,2005-11-06,TMIN,139
USW00013754,2011-12-10,TMIN,56
USW00013754,2011-12-10,TMAX,117
USR0000NCRN,2007-05-06,TMAX,194
USC00314689,2015-04-03,TMAX,278
USR0000NCRN,2007-05-06,TMIN,100
USC00310576,2005-11-06,TMAX,250
USC00310576,2012-04-21,TMAX,239
USC00310576,2012-04-21,TMIN,128
USC00316096,2009-07-12,TMIN,228
USW00093743,2008-07-21,TMAX,294
USR0000NNWB,2010-07-08,TMAX,328
USC00316096,2009-07-12,TMAX,300
USR0000NCRN,2009-10-09,TMAX,283
USW00093765,2008-02-07,TMAX,183
USC00314144,2005-05-02,TMIN,83
USC00315830,2012-12-28,TMIN,0
USC00315830,2012-12-28,TMAX,106
USR0000NCRN,2005-03-11,TMAX,144
USR0000NCRN,2005-03-11,TMIN,67
USC00316096,2015-10-22,TMAX,261
USC00314684,2011-09-19,TMIN,156
USC00315830,2005-03-09,TMAX,122
USC00316676,2012-10-06,TMIN,144
USC00316096,2015-10-22,TMIN,100
USC00315830,2010-02-21,TMIN,6
USC00315830,2010-02-21,TMAX,150
USC00316676,2012-10-06,TMAX,267
USR0000NHOF,2008-07-07,TMIN,189
USC00316676,2010-12-24,TMIN,-39
USC00316676,2010-12-24,TMAX,83
USC00316676,2015-05-30,TMAX,294
USC00314684,2011-09-19,TMAX,211
USR0000NHOF,2014-12-28,TMIN,61
USW00093765,2013-11-13,TMIN,6
USC00315830,2010-04-16,TMAX,217
USW00093719,2006-01-27,TMIN,-33
USC00310356,2010-04-29,TMIN,111
USC00310356,2008-08-12,TMAX,283
USW00093719,2015-05-11,TMAX,289
USC00316676,2015-05-30,TMIN,167
USC00310356,2010-04-29,TMAX,206
USW00093719,2006-09-25,TMIN,150
USR0000NHOF,2014-12-28,TMAX,250
USC00314689,2014-05-21,TMIN,94
USC00314689,2014-05-21,TMAX,250
USC00310356,2008-08-12,TMIN,194
USW00093719,2006-09-25,TMAX,244
USC00310576,2005-01-29,TMAX,78
USC00310356,2009-05-02,TMIN,178
USC00310356,2009-05-02,TMAX,239
USR0000NNWB,2008-11-13,TMIN,117
USW00093719,2014-06-24,TMIN,222
USC00310576,2013-10-29,TMIN,61
USC00317170,2009-04-05,TMIN,89
USC00317170,2009-04-05,TMAX,272
USC00317170,2011-03-18,TMIN,89
USC00310356,2013-10-07,TMAX,283
USC00310356,2013-10-07,TMIN,200
USW00093719,2014-06-24,TMAX,317
USC00314689,2012-06-13,TMAX,289
USR0000NHOF,2007-12-12,TMAX,256
USC00314689,2012-06-13,TMIN,200
USW00093765,2006-03-08,TMIN,-10
USW00013754,2008-05-27,TMIN,161
USC00315830,2007-01-29,TMAX,128
USW00093719,2011-04-30,TMIN,111
USW00013754,2008-05-27,TMAX,272
USC00316096,2011-05-09,TMAX,250
USC00314144,2005-08-21,TMIN,233
USW00093719,2010-09-08,TMIN,211
USC00315830,2005-03-09,TMIN,-28
USC00314144,2005-08-21,TMAX,372
USW00093719,2010-09-08,TMAX,333
USW00093719,2015-05-11,TMIN,206
USR0000NNWB,2014-02-11,TMIN,-33
USW00093743,2013-10-07,TMIN,222
USC00310576,2013-10-29,TMAX,222
USW00093719,2011-04-30,TMAX,250
USW00093765,2006-08-27,TMAX,294
USW00093743,2013-10-07,TMAX,289
USC00315830,2007-01-29,TMIN,-33
USR0000NHOF,2007-12-12,TMIN,106
USC00310576,2005-01-29,TMIN,-56
USW00093765,2013-11-13,TMAX,72
USC00315830,2010-04-16,TMIN,78
USC00317170,2015-11-03,TMAX,194
USR0000NNWB,2008-04-30,TMAX,194
USC00316676,2008-10-02,TMIN,94
USC00310576,2006-08-20,TMIN,228
USC00310576,2006-08-20,TMAX,322
USR0000NCRN,2010-05-14,TMIN,189
USR0000NCRN,2010-05-14,TMAX,261
USC00314689,2009-04-13,TMAX,167
USC00314689,2014-11-26,TMAX,172
USC00314689,2009-04-13,TMIN,56
USC00310576,2010-07-14,TMIN,244
USC00314684,2015-12-09,TMIN,17
USC00317170,2010-01-03,TMIN,-22
USC00310576,2008-01-12,TMIN,156
USC00310576,2010-07-14,TMAX,328
USC00314684,2015-12-09,TMAX,144
USC00310576,2008-01-12,TMAX,211
USW00013754,2012-07-23,TMIN,222
USC00314689,2010-03-20,TMIN,50
USR0000NHOF,2008-11-25,TMIN,-39
USW00093743,2009-05-02,TMAX,244
USC00316096,2011-05-09,TMIN,89
USC00310356,2010-09-24,TMAX,289
USR0000NNWB,2008-04-30,TMIN,61
USC00310356,2010-09-24,TMIN,244
USW00093765,2007-09-06,TMAX,317
USC00314144,2005-07-01,TMIN,228
USW00093765,2007-09-06,TMIN,211
USC00314144,2005-07-01,TMAX,344
USC00317170,2010-01-03,TMAX,28
USC00314689,2014-11-26,TMIN,72
USR0000NHOF,2008-11-25,TMAX,128
USC00316676,2008-10-02,TMAX,272
USC00317170,2010-12-15,TMAX,44
USC00316676,2013-08-18,TMIN,211
USC00317170,2010-12-15,TMIN,-33
USR0000NHOF,2008-07-07,TMAX,278
USW00093719,2011-12-10,TMAX,111
USW00093719,2006-01-27,TMAX,106
USC00314144,2009-10-09,TMAX,289
USC00310576,2008-05-10,TMIN,167
USW00093719,2011-12-10,TMIN,39
USC00314144,2009-04-19,TMAX,233
USW00013754,2014-02-11,TMAX,17
USW00013754,2014-02-11,TMIN,-21
USC00310576,2006-06-26,TMAX,283
USC00310576,2006-06-26,TMIN,228
USC00314144,2009-04-19,TMIN,94
USC00314144,2009-10-09,TMIN,89
USC00310576,2008-05-10,TMAX,294
USR0000NNWB,2008-11-13,TMAX,144
USR0000NNWB,2011-06-28,TMIN,233
USC00310356,2014-12-12,TMAX,89
USR0000NCRN,2006-02-19,TMIN,-28
USR0000NCRN,2012-04-21,TMAX,250
USR0000NCRN,2012-04-21,TMIN,128
USC00316676,2013-08-18,TMAX,261
USC00310576,2005-06-03,TMAX,267
USW00013754,2015-10-02,TMIN,189
USR0000NNWB,2011-06-28,TMAX,350
USR0000NCRN,2006-02-19,TMAX,56
USC00316096,2011-01-28,TMAX,122
USC00315830,2012-05-16,TMIN,189
USC00315830,2012-05-16,TMAX,256
USW00013754,2015-10-02,TMAX,239
USC00310576,2005-06-03,TMIN,206
USC00310356,2014-12-12,TMIN,0
USC00316096,2011-01-28,TMIN,-33
USW00093765,2006-03-08,TMAX,128
USC00314144,2010-10-20,TMAX,239
USC00314144,2010-10-20,TMIN,83
USC00314689,2014-05-30,TMAX,339
USC00316676,2007-06-09,TMAX,339
USC00314684,2012-12-02,TMIN,-6
USC00314689,2009-09-01,TMAX,244
USC00316676,2007-06-09,TMIN,228
USC00310576,2007-11-02,TMAX,267
USC00315830,2012-11-19,TMAX,144
USC00316676,2008-12-21,TMIN,111
USW00013754,2009-09-16,TMIN,183
USW00013754,2009-09-16,TMAX,300
USC00316676,2008-12-21,TMAX,228
USW00093719,2009-06-17,TMAX,261
USC00317170,2011-03-18,TMAX,300
USC00310356,2008-11-25,TMAX,178
USC00315830,2012-11-19,TMIN,128
USW00093719,2009-06-17,TMIN,206
USC00310356,2008-11-25,TMIN,67
USR0000NNWB,2008-05-27,TMAX,300
USC00310356,2014-11-13,TMAX,239
USC00316676,2010-03-09,TMIN,0
USR0000NNWB,2008-05-27,TMIN,161
USC00316676,2010-03-09,TMAX,194
USC00310356,2014-11-13,TMIN,128
USW00013754,2010-11-01,TMIN,94
USC00310576,2007-11-02,TMIN,144
USW00093765,2008-06-07,TMAX,333
USR0000NHOF,2012-04-21,TMAX,267
USR0000NHOF,2012-04-21,TMIN,128
USR0000NCRN,2007-04-10,TMIN,-11
USR0000NHOF,2015-03-03,TMAX,83
USR0000NHOF,2015-03-03,TMIN,22
USW00093765,2008-06-07,TMIN,244
USC00314689,2010-01-22,TMIN,56
USC00314689,2010-01-22,TMAX,83
USR0000NNWB,2009-12-03,TMIN,100
USR0000NHOF,2014-11-13,TMIN,67
USR0000NHOF,2015-04-20,TMAX,278
USR0000NHOF,2015-04-20,TMIN,189
USC00310356,2009-09-08,TMIN,211
USW00093719,2010-07-04,TMIN,150
USW00093719,2010-07-04,TMAX,300
USC00316096,2012-11-29,TMIN,-33
USC00314144,2005-05-02,TMAX,244
USC00316676,2013-04-28,TMAX,228
USR0000NCRN,2011-12-18,TMAX,89
USR0000NNWB,2005-02-13,TMIN,-11
USC00314144,2008-03-23,TMIN,17
USC00314144,2008-03-23,TMAX,156
USW00093765,2008-02-07,TMIN,106
USC00316676,2013-04-28,TMIN,111
USW00093719,2006-04-25,TMIN,150
USC00316096,2012-11-29,TMAX,139
USC00315830,2012-09-08,TMIN,233
USW00013754,2010-11-01,TMAX,189
USR0000NHOF,2014-11-13,TMAX,206
USC00314144,2005-05-25,TMIN,100
USC00314144,2005-05-25,TMAX,222
USC00316676,2013-07-05,TMAX,306
USW00093719,2013-11-04,TMIN,61
USC00315830,2012-09-08,TMAX,300
USC00316676,2013-07-05,TMIN,217
USC00314689,2014-05-30,TMIN,183
USC00315830,2011-01-13,TMIN,-44
USR0000NNWB,2009-12-03,TMAX,217
USR0000NNWB,2012-03-24,TMIN,167
USR0000NNWB,2012-03-24,TMAX,256
USC00310356,2009-09-08,TMAX,228
USW00093719,2013-11-04,TMAX,150
USW00093765,2006-05-19,TMIN,156
USC00310356,2015-04-20,TMIN,183
USR0000NNWB,2012-02-09,TMIN,0
USC00314689,2005-07-09,TMIN,206
USC00314689,2005-07-09,TMAX,311
USC00316676,2007-03-04,TMIN,61
USC00316096,2014-11-26,TMAX,211
USC00314684,2014-05-01,TMAX,272
USC00314684,2014-05-01,TMIN,189
USC00316096,2014-11-26,TMIN,61
USC00314144,2005-07-14,TMAX,317
USC00315830,2010-08-07,TMAX,311
USR0000NNWB,2009-06-02,TMAX,333
USR0000NNWB,2012-01-31,TMAX,194
USC00315830,2013-02-09,TMIN,39
USC00315830,2010-08-07,TMIN,239
USR0000NNWB,2012-01-31,TMIN,6
USW00093743,2010-09-24,TMIN,206
USW00093743,2010-09-24,TMAX,283
USC00315830,2013-02-09,TMAX,117
USC00314689,2006-11-06,TMAX,178
USC00314689,2006-11-06,TMIN,28
USR0000NNWB,2009-06-02,TMIN,217
USC00317170,2011-08-07,TMAX,350
USW00093743,2008-11-25,TMIN,6
USW00093743,2008-11-25,TMAX,139
USC00314144,2007-05-06,TMAX,189
USW00093765,2006-08-27,TMIN,228
USC00310356,2011-11-29,TMAX,222
USC00310356,2011-11-29,TMIN,117
USC00315830,2011-08-13,TMAX,328
USC00315830,2011-08-13,TMIN,261
USC00314144,2005-07-14,TMIN,211
USC00317170,2011-08-07,TMIN,244
USC00316676,2007-10-12,TMIN,72
USC00315830,2014-10-06,TMIN,89
USC00315830,2014-10-06,TMAX,189
USC00314144,2007-05-06,TMIN,89
USC00316096,2012-06-13,TMIN,211
USC00310356,2012-04-21,TMAX,250
USC00310356,2012-04-21,TMIN,150
USC00316676,2014-08-14,TMAX,300
USR0000NHOF,2011-11-29,TMAX,206
USR0000NHOF,2011-11-29,TMIN,56
USC00310356,2007-03-10,TMAX,233
USC00316096,2012-06-13,TMAX,289
USC00310356,2015-04-20,TMAX,244
USC00314689,2006-05-19,TMIN,122
USR0000NCRN,2007-04-10,TMAX,172
USW00093743,2012-04-21,TMAX,256
USW00093743,2012-04-21,TMIN,133
USR0000NNWB,2012-02-09,TMAX,100
USW00093765,2007-05-13,TMAX,228
USW00093719,2006-04-25,TMAX,294
USC00316676,2014-08-14,TMIN,172
USW00093765,2007-05-13,TMIN,128
USC00316096,2014-05-21,TMIN,183
USC00316096,2014-05-21,TMAX,256
USC00310356,2005-03-26,TMAX,211
USW00093765,2015-01-20,TMAX,150
USC00310576,2010-04-11,TMAX,222
USC00310576,2010-04-11,TMIN,56
USW00093765,2015-01-20,TMIN,89
USC00310356,2005-03-26,TMIN,100
USC00314689,2009-09-01,TMIN,178
USW00093765,2011-08-01,TMAX,317
USC00310576,2008-01-24,TMIN,50
USW00093765,2011-08-01,TMIN,250
USC00310576,2008-01-24,TMAX,144
USC00316676,2007-10-12,TMAX,239
USC00316676,2007-03-04,TMAX,217
USR0000NCRN,2007-07-23,TMIN,172
USW00093765,2006-05-19,TMAX,233
USW00013754,2005-08-13,TMIN,222
USC00314684,2014-03-08,TMAX,100
USC00314684,2014-03-08,TMIN,-11
USW00093765,2005-01-13,TMIN,139
USR0000NNWB,2014-07-15,TMAX,317
USR0000NNWB,2014-07-15,TMIN,228
USC00310356,2012-10-07,TMIN,194
USC00310356,2012-10-07,TMAX,267
USC00316676,2010-09-01,TMIN,183
USR0000NCRN,2013-09-17,TMIN,161
USC00314144,2007-08-14,TMIN,178
USR0000NHOF,2010-05-14,TMAX,300
USC00314684,2007-07-17,TMIN,228
USR0000NCRN,2013-09-17,TMAX,244
USC00315830,2006-09-15,TMAX,256
USC00315830,2006-09-15,TMIN,200
USC00314144,2007-08-14,TMAX,328
USC00310576,2012-09-08,TMAX,289
USC00310576,2006-07-17,TMAX,317
USW00093743,2007-09-16,TMAX,250
USC00310576,2015-01-28,TMIN,17
USR0000NHOF,2007-03-18,TMAX,100
USR0000NHOF,2007-03-18,TMIN,-56
USC00310356,2007-05-06,TMAX,228
USW00093765,2005-01-13,TMAX,228
USC00310356,2007-05-06,TMIN,161
USC00310576,2010-06-05,TMAX,339
USC00310576,2010-06-05,TMIN,239
USC00310576,2015-01-28,TMAX,50
USW00093765,2012-06-13,TMAX,300
USC00310576,2012-09-08,TMIN,211
USC00316676,2010-09-01,TMAX,333
USW00093765,2012-06-13,TMIN,228
USR0000NHOF,2014-01-01,TMIN,-17
USW00093743,2012-10-07,TMAX,261
USW00093719,2013-04-28,TMAX,239
USC00317170,2008-05-27,TMAX,294
USC00310576,2005-04-15,TMAX,111
USC00310576,2005-04-15,TMIN,67
USR0000NHOF,2007-05-06,TMIN,89
USR0000NHOF,2007-05-06,TMAX,189
USC00315830,2015-10-02,TMIN,189
USR0000NHOF,2008-12-14,TMAX,178
USW00093743,2014-01-01,TMAX,128
USR0000NHOF,2008-12-14,TMIN,-11
USW00093719,2010-02-21,TMIN,-28
USW00093765,2013-08-18,TMAX,283
USC00316676,2006-02-11,TMAX,117
USW00093719,2010-02-21,TMAX,178
USR0000NHOF,2012-10-07,TMIN,128
USC00315830,2006-04-09,TMAX,228
USR0000NHOF,2012-10-07,TMAX,261
USW00093743,2014-01-01,TMIN,0
USR0000NHOF,2010-05-14,TMIN,144
USW00093719,2010-01-22,TMIN,56
USW00093719,2010-01-22,TMAX,111
USC00314684,2005-04-05,TMAX,239
USW00093743,2012-10-07,TMIN,139
USC00314684,2005-04-05,TMIN,61
USW00093719,2013-04-28,TMIN,111
USC00316676,2006-02-11,TMIN,-39
USW00013754,2009-01-20,TMIN,-66
USW00093765,2013-08-18,TMIN,222
USC00317170,2008-03-17,TMAX,139
USC00317170,2008-03-17,TMIN,39
USW00013754,2009-01-20,TMAX,72
USC00315830,2006-04-09,TMIN,67
USR0000NHOF,2014-01-01,TMAX,122
USC00310576,2006-07-17,TMIN,194
USC00314684,2015-05-30,TMAX,311
USC00314684,2015-05-30,TMIN,178
USR0000NHOF,2008-12-09,TMIN,-28
USR0000NHOF,2008-12-09,TMAX,194
USW00093719,2011-06-17,TMIN,211
USC00316676,2013-01-21,TMIN,17
USC00316676,2013-10-06,TMAX,306
USC00316676,2013-10-06,TMIN,161
USC00316096,2011-07-07,TMAX,311
USC00316096,2012-08-15,TMIN,217
USC00316676,2011-02-09,TMAX,111
USW00093765,2011-06-28,TMIN,272
USW00093765,2011-06-28,TMAX,317
USW00093765,2006-09-25,TMIN,167
USW00093765,2006-09-25,TMAX,261
USR0000NCRN,2014-01-14,TMIN,61
USC00314684,2013-11-13,TMIN,-11
USC00314684,2013-11-13,TMAX,194
USC00314689,2007-06-12,TMAX,300
USW00093765,2008-05-27,TMIN,206
USC00314684,2009-02-25,TMAX,72
USC00316676,2009-03-16,TMAX,122
USC00310356,2007-03-18,TMIN,0
USC00316676,2009-03-16,TMIN,83
USC00310356,2011-07-18,TMAX,306
USC00316096,2012-08-15,TMAX,306
USW00093743,2011-05-03,TMIN,189
USW00093743,2011-05-03,TMAX,256
USC00316096,2014-03-08,TMIN,11
USC00316096,2011-07-07,TMIN,250
USC00316096,2014-03-08,TMAX,172
USC00317170,2011-03-23,TMIN,106
USR0000NCRN,2014-01-14,TMAX,178
USW00093743,2007-09-16,TMIN,156
USR0000NCRN,2014-10-06,TMIN,56
USR0000NCRN,2014-10-06,TMAX,222
USR0000NNWB,2011-05-30,TMAX,356
USC00314689,2006-09-11,TMIN,167
USR0000NHOF,2007-11-12,TMAX,194
USR0000NHOF,2007-11-12,TMIN,-44
USC00314144,2005-10-09,TMIN,183
USR0000NNWB,2006-05-19,TMIN,133
USR0000NNWB,2006-05-19,TMAX,244
USW00093719,2013-02-09,TMIN,-6
USW00013754,2008-12-17,TMAX,217
USR0000NHOF,2005-05-02,TMAX,228
USW00013754,2008-12-17,TMIN,100
USC00317170,2014-02-11,TMAX,33
USC00317170,2014-02-11,TMIN,-28
USC00310356,2011-05-03,TMAX,239
USR0000NHOF,2005-05-02,TMIN,67
USC00310356,2011-05-03,TMIN,172
USC00317170,2008-05-27,TMIN,167
USW00093719,2013-02-09,TMAX,122
USC00314684,2007-07-17,TMAX,311
USW00093719,2011-06-17,TMAX,317
USW00013754,2009-02-12,TMAX,211
USW00013754,2009-02-12,TMIN,111
USC00314689,2007-06-12,TMIN,161
USC00317170,2013-08-18,TMIN,189
USC00317170,2013-08-18,TMAX,317
USC00314144,2005-10-09,TMAX,239
USC00316676,2013-01-21,TMAX,194
USC00314689,2006-09-11,TMAX,294
USC00316676,2015-02-12,TMIN,6
USC00315830,2012-04-21,TMAX,256
USC00315830,2012-04-21,TMIN,144
USC00314684,2015-10-22,TMIN,50
USC00314684,2015-10-22,TMAX,250
USC00316676,2015-02-12,TMAX,78
USC00310356,2011-02-26,TMAX,167
USC00316096,2009-09-01,TMIN,194
USC00310356,2011-02-26,TMIN,61
USC00316096,2013-11-13,TMAX,72
USC00314689,2009-04-05,TMIN,78
USC00314689,2009-04-05,TMAX,278
USC00314144,2007-09-27,TMAX,294
USR0000NCRN,2014-04-14,TMAX,244
USW00093765,2007-05-18,TMIN,133
USC00310356,2006-09-03,TMAX,272
USW00093719,2006-03-08,TMAX,161
USW00093719,2006-03-08,TMIN,-44
USC00317170,2011-11-08,TMIN,61
USC00314144,2007-07-23,TMAX,283
USC00310356,2008-02-26,TMIN,39
USC00310356,2006-09-03,TMIN,161
USC00314144,2007-07-23,TMIN,139
USW00013754,2012-12-28,TMIN,-5
USC00310356,2008-02-26,TMAX,117
USW00013754,2012-12-28,TMAX,83
USW00013754,2009-06-02,TMIN,200
USR0000NHOF,2010-05-23,TMIN,150
USR0000NHOF,2010-05-23,TMAX,250
USC00314684,2006-10-20,TMAX,278
USC00314689,2008-10-05,TMAX,256
USC00314689,2008-10-05,TMIN,111
USC00317170,2011-11-08,TMAX,206
USW00013754,2009-06-02,TMAX,306
USR0000NNWB,2010-01-22,TMAX,111
USC00310576,2010-08-07,TMIN,233
USC00310576,2010-08-07,TMAX,339
USW00093765,2007-05-18,TMAX,183
USW00013754,2007-12-23,TMAX,233
USW00013754,2007-12-23,TMIN,106
USR0000NNWB,2010-01-22,TMIN,50
USW00013754,2014-07-31,TMAX,294
USR0000NCRN,2014-04-14,TMIN,167
USC00317170,2015-05-30,TMIN,167
USC00310356,2007-12-30,TMAX,172
USC00317170,2014-03-08,TMIN,11
USC00317170,2014-03-08,TMAX,183
USC00314144,2006-03-01,TMIN,83
USR0000NHOF,2005-06-11,TMAX,278
USR0000NCRN,2007-06-26,TMAX,294
USC00310356,2007-12-30,TMIN,139
USW00013754,2010-01-22,TMIN,50
USW00093743,2008-12-14,TMIN,33
USW00093743,2008-12-14,TMAX,172
USR0000NCRN,2015-11-07,TMAX,261
USC00316676,2015-01-06,TMAX,139
USR0000NHOF,2015-11-26,TMAX,228
USC00316676,2015-08-24,TMIN,194
USW00013754,2010-01-22,TMAX,117
USC00317170,2011-06-28,TMIN,161
USC00314144,2007-09-27,TMIN,172
USC00314144,2006-03-01,TMAX,256
USC00317170,2015-05-30,TMAX,294
USC00316096,2013-11-13,TMIN,-44
USW00013754,2014-07-31,TMIN,206
USC00314684,2009-04-13,TMIN,39
USC00314684,2009-04-13,TMAX,183
USC00314689,2009-05-10,TMAX,317
USR0000NCRN,2011-05-14,TMAX,267
USC00314689,2009-05-10,TMIN,194
USC00314689,2008-04-19,TMIN,133
USW00013754,2014-07-15,TMIN,233
USW00093743,2010-05-23,TMIN,178
USW00093743,2010-05-23,TMAX,261
USR0000NCRN,2007-06-26,TMIN,222
USW00013754,2014-07-15,TMAX,294
USC00314689,2008-04-19,TMAX,289
USC00310576,2007-01-29,TMAX,150
USC00317170,2011-06-28,TMAX,339
USR0000NCRN,2011-05-14,TMIN,183
USR0000NHOF,2006-09-03,TMAX,306
USR0000NHOF,2006-09-03,TMIN,156
USW00093765,2010-11-21,TMIN,56
USC00314684,2015-12-21,TMAX,128
USC00314684,2015-12-21,TMIN,-28
USC00316676,2015-09-22,TMIN,211
USC00316676,2015-09-22,TMAX,283
USR0000NNWB,2013-04-28,TMAX,233
USR0000NNWB,2013-04-28,TMIN,128
USC00310356,2005-05-20,TMIN,194
USW00093719,2008-06-07,TMAX,367
USW00093719,2008-06-07,TMIN,233
USC00310356,2005-05-20,TMAX,239
USR0000NHOF,2011-03-27,TMIN,22
USR0000NNWB,2011-05-30,TMIN,206
USC00314684,2007-11-25,TMAX,83
USC00310576,2011-05-19,TMIN,94
USW00093765,2013-01-16,TMAX,211
USC00315830,2015-10-02,TMAX,228
USC00314689,2007-09-22,TMIN,211
USC00316096,2009-09-01,TMAX,250
USC00310576,2011-05-19,TMAX,267
USC00316676,2009-10-26,TMAX,200
USW00093765,2010-11-21,TMAX,211
USC00316676,2009-10-26,TMIN,128
USW00093743,2007-12-30,TMIN,139
USR0000NHOF,2011-03-27,TMAX,56
USC00316096,2015-04-03,TMIN,156
USC00316096,2015-04-03,TMAX,233
USW00093743,2007-12-30,TMAX,311
USC00314684,2007-11-25,TMIN,-11
USW00093765,2013-01-16,TMIN,122
USC00316676,2013-01-08,TMIN,22
USC00316676,2013-01-08,TMAX,128
USC00310356,2015-11-26,TMAX,156
USC00315830,2013-07-06,TMAX,300
USC00314684,2006-04-25,TMAX,278
USC00315830,2013-07-06,TMIN,256
USC00314684,2010-09-18,TMIN,183
USC00314684,2006-04-25,TMIN,161
USC00314684,2010-09-18,TMAX,306
USC00317170,2009-08-09,TMAX,339
USC00310576,2015-04-20,TMAX,222
USC00314689,2009-10-31,TMIN,167
USC00314689,2009-10-31,TMAX,233
USW00093719,2008-09-16,TMIN,200
USW00093719,2008-09-16,TMAX,261
USR0000NHOF,2007-04-24,TMIN,156
USR0000NHOF,2007-04-24,TMAX,267
USC00310576,2015-04-20,TMIN,178
USC00314684,2006-10-20,TMIN,194
USC00317170,2009-08-09,TMIN,233
USC00316676,2005-01-06,TMIN,128
USW00093743,2007-11-20,TMIN,94
USW00013754,2013-04-28,TMIN,100
USW00093743,2007-11-20,TMAX,161
USW00013754,2013-04-28,TMAX,228
USC00316676,2009-09-23,TMIN,228
USC00310356,2015-11-26,TMIN,61
USR0000NCRN,2010-07-27,TMIN,222
USW00013754,2005-09-10,TMAX,278
USC00317170,2011-03-23,TMAX,306
USW00013754,2005-09-10,TMIN,222
USR0000NNWB,2010-11-06,TMAX,139
USC00316676,2009-09-23,TMAX,267
USR0000NNWB,2010-11-06,TMIN,50
USC00316676,2005-01-06,TMAX,239
USR0000NCRN,2010-07-27,TMAX,294
USW00013754,2012-07-23,TMAX,333
USC00310576,2007-01-29,TMIN,0
USC00310576,2012-05-16,TMIN,189
USR0000NHOF,2009-10-09,TMAX,289
USR0000NHOF,2011-07-18,TMAX,311
USC00314689,2011-06-04,TMAX,306
USW00093765,2008-03-17,TMIN,44
USW00093765,2008-03-17,TMAX,128
USC00317170,2015-01-20,TMIN,39
USC00314689,2011-07-07,TMAX,333
USW00093765,2010-01-22,TMAX,139
USW00093765,2010-01-22,TMIN,56
USC00314689,2011-07-07,TMIN,222
USW00093743,2011-03-27,TMIN,33
USR0000NHOF,2011-07-18,TMIN,144
USC00314689,2010-01-03,TMIN,-56
USC00314689,2010-01-03,TMAX,6
USC00310576,2006-07-31,TMIN,228
USW00013754,2009-06-08,TMIN,178
USC00315830,2012-03-11,TMIN,28
USW00013754,2005-05-30,TMIN,183
USC00314689,2015-12-21,TMAX,206
USW00013754,2013-02-09,TMAX,122
USW00013754,2013-02-09,TMIN,-5
USC00314684,2014-05-21,TMIN,122
USC00314684,2014-05-21,TMAX,256
USC00316676,2005-07-18,TMIN,244
USC00310356,2015-08-05,TMIN,256
USW00093719,2007-10-04,TMIN,206
USC00316676,2010-10-10,TMIN,106
USC00316676,2010-10-10,TMAX,267
USC00310576,2006-07-31,TMAX,333
USC00310356,2015-08-05,TMAX,289
USW00013754,2009-06-08,TMAX,294
USC00317170,2015-01-20,TMAX,194
USC00314689,2015-12-21,TMIN,39
USR0000NHOF,2009-10-09,TMIN,89
USC00316676,2005-07-18,TMAX,322
USC00315830,2006-12-28,TMAX,167
USC00316676,2008-06-19,TMAX,306
USC00310356,2007-11-12,TMAX,217
USC00316676,2008-06-19,TMIN,133
USC00315830,2013-11-27,TMAX,211
USC00315830,2013-11-27,TMIN,39
USW00093765,2009-04-29,TMIN,167
USC00316676,2011-10-26,TMIN,61
USC00316676,2011-10-26,TMAX,211
USW00093765,2014-02-11,TMIN,-10
USW00013754,2010-02-21,TMIN,-32
USW00093719,2007-07-29,TMIN,206
USW00013754,2010-02-21,TMAX,172
USC00317170,2008-03-01,TMIN,72
USC00317170,2008-03-01,TMAX,200
USR0000NHOF,2007-11-20,TMAX,217
USW00093719,2007-07-29,TMAX,306
USR0000NCRN,2006-03-17,TMAX,233
USW00013754,2010-04-05,TMAX,261
USR0000NHOF,2011-02-08,TMAX,117
USC00310576,2010-03-28,TMIN,56
USC00314689,2011-06-04,TMIN,139
USC00310576,2010-03-28,TMAX,161
USR0000NCRN,2006-03-17,TMIN,56
USW00013754,2010-04-05,TMIN,161
USR0000NHOF,2008-07-21,TMIN,200
USC00316676,2009-08-20,TMAX,322
USR0000NHOF,2007-11-20,TMIN,44
USC00316676,2009-08-20,TMIN,222
USC00315830,2012-03-11,TMAX,172
USW00093765,2014-02-11,TMAX,17
USR0000NHOF,2008-07-21,TMAX,361
USW00013754,2005-05-30,TMAX,200
USC00314689,2012-11-29,TMIN,-28
USC00315830,2007-02-19,TMAX,94
USC00315830,2011-01-31,TMAX,172
USW00093743,2011-03-27,TMAX,94
USC00315830,2011-01-31,TMIN,-17
USW00013754,2013-12-15,TMIN,44
USW00013754,2013-12-15,TMAX,178
USC00314144,2005-07-27,TMAX,356
USR0000NNWB,2012-02-27,TMIN,6
USR0000NNWB,2012-02-27,TMAX,167
USC00316096,2011-11-08,TMAX,206
USC00316096,2011-11-08,TMIN,67
USR0000NCRN,2010-10-20,TMIN,100
USR0000NCRN,2010-10-20,TMAX,244
USC00317170,2015-05-11,TMIN,200
USC00317170,2015-05-11,TMAX,272
USR0000NHOF,2011-02-08,TMIN,-22
USC00316676,2015-04-28,TMAX,217
USW00093765,2014-06-24,TMIN,239
USR0000NCRN,2007-07-23,TMAX,289
USR0000NNWB,2008-04-04,TMAX,239
USW00013754,2011-01-17,TMAX,83
USC00314689,2012-11-29,TMAX,133
USW00013754,2011-01-17,TMIN,11
USC00314684,2013-08-18,TMIN,183
USC00314144,2006-02-19,TMIN,-33
USC00317170,2010-11-21,TMIN,72
USC00314689,2012-08-15,TMAX,322
USC00317170,2010-11-21,TMAX,217
USW00093765,2007-10-22,TMIN,172
USW00093765,2007-10-22,TMAX,267
USC00316676,2015-04-28,TMIN,83
USW00093765,2014-06-24,TMAX,294
USC00314684,2013-08-18,TMAX,272
USC00316676,2014-09-04,TMAX,328
USC00310576,2012-08-09,TMAX,283
USC00314144,2005-07-27,TMIN,222
USW00093743,2013-07-06,TMIN,250
USW00093743,2008-12-09,TMAX,178
USW00093743,2009-10-09,TMAX,283
USC00314684,2013-04-28,TMIN,89
USC00314684,2013-04-28,TMAX,239
USW00093743,2008-12-09,TMIN,0
USW00093743,2013-07-06,TMAX,294
USW00093743,2009-10-09,TMIN,133
USC00310576,2012-08-25,TMIN,206
USC00314684,2009-04-05,TMAX,228
USC00314684,2009-04-05,TMIN,61
USW00093765,2009-04-29,TMAX,239
USC00315830,2007-02-19,TMIN,-44
USW00093719,2007-10-04,TMAX,294
USC00310356,2007-12-12,TMAX,200
USC00310356,2007-11-12,TMIN,39
USC00310356,2013-07-06,TMIN,256
USC00314144,2006-02-19,TMAX,56
USC00310576,2012-08-09,TMIN,206
USC00316676,2014-09-04,TMIN,222
USC00310356,2009-10-09,TMAX,233
USC00310356,2007-12-12,TMIN,44
USC00310356,2009-10-09,TMIN,150
USR0000NHOF,2015-08-05,TMIN,228
USC00310356,2013-07-06,TMAX,294
USR0000NHOF,2015-03-08,TMIN,33
USC00317170,2010-01-22,TMIN,72
USC00317170,2010-01-22,TMAX,122
USR0000NCRN,2007-05-22,TMIN,161
USR0000NCRN,2007-05-22,TMAX,272
USR0000NHOF,2015-08-05,TMAX,356
USC00310576,2012-08-25,TMAX,256
USR0000NHOF,2015-03-08,TMAX,228
USC00315830,2006-12-28,TMIN,-6
USW00013754,2009-12-03,TMIN,89
USW00093719,2014-05-13,TMAX,333
USC00310576,2014-11-13,TMIN,122
USC00310576,2013-07-06,TMAX,306
USC00310576,2014-11-13,TMAX,250
USC00316676,2009-03-23,TMAX,167
USC00316676,2009-03-23,TMIN,0
USC00314684,2015-12-01,TMAX,122
USC00310356,2008-05-10,TMAX,233
USC00310356,2008-05-10,TMIN,172
USC00310356,2015-03-08,TMAX,89
USW00093719,2014-06-11,TMAX,333
USW00093719,2012-02-09,TMIN,0
USW00093719,2012-02-09,TMAX,100
USC00314689,2006-10-20,TMAX,278
USW00093719,2012-07-23,TMIN,222
USC00310356,2012-07-13,TMAX,294
USW00093765,2010-09-12,TMIN,194
USC00314689,2006-10-20,TMIN,200
USC00314684,2011-11-08,TMIN,50
USC00310356,2011-02-09,TMAX,128
USC00314684,2011-11-08,TMAX,222
USC00310356,2012-07-13,TMIN,239
USW00093743,2011-07-18,TMAX,300
USW00093765,2014-01-25,TMAX,94
USC00310576,2012-10-27,TMIN,167
USC00315830,2006-03-29,TMAX,200
USC00310356,2015-03-08,TMIN,-44
USC00314684,2015-12-01,TMIN,94
USR0000NHOF,2012-01-25,TMIN,17
USW00093765,2010-09-12,TMAX,283
USW00093743,2008-05-10,TMIN,150
USW00093743,2008-05-10,TMAX,289
USC00315830,2006-03-29,TMIN,28
USW00093743,2010-05-14,TMAX,267
USC00314689,2014-03-08,TMIN,6
USC00314689,2014-03-08,TMAX,167
USC00310356,2005-05-02,TMIN,122
USR0000NCRN,2008-12-31,TMAX,167
USR0000NCRN,2008-12-31,TMIN,6
USC00310356,2005-06-11,TMIN,228
USC00314684,2009-02-25,TMIN,-61
USW00093765,2014-05-01,TMIN,194
USC00310356,2005-05-02,TMAX,194
USC00314684,2006-08-09,TMIN,222
USC00310356,2007-03-18,TMAX,78
USC00310576,2011-11-29,TMAX,250
USW00093765,2014-05-01,TMAX,228
USW00093765,2008-05-27,TMAX,256
USC00310576,2011-11-29,TMIN,117
USC00310356,2011-07-18,TMIN,222
USC00314684,2006-08-09,TMAX,350
USC00310356,2011-02-09,TMIN,17
USC00310576,2011-12-23,TMAX,261
USR0000NHOF,2007-12-30,TMAX,200
USC00310576,2012-10-27,TMAX,244
USC00310576,2013-07-06,TMIN,194
USW00093743,2010-05-14,TMIN,189
USC00314684,2015-11-02,TMIN,139
USC00310576,2011-12-23,TMIN,150
USW00093765,2013-04-28,TMIN,106
USW00093765,2007-02-24,TMAX,122
USC00310576,2005-09-27,TMIN,217
USC00310576,2005-09-27,TMAX,294
USC00314684,2015-03-13,TMAX,178
USC00314684,2015-03-13,TMIN,33
USR0000NHOF,2007-12-30,TMIN,139
USC00310356,2005-06-11,TMAX,283
USW00093765,2007-02-24,TMIN,0
USW00093765,2013-04-28,TMAX,217
USC00310576,2012-05-16,TMAX,283
USR0000NNWB,2010-02-21,TMIN,-22
USW00093719,2006-05-19,TMAX,233
USC00317170,2014-06-24,TMAX,311
USC00317170,2012-06-13,TMAX,300
USW00093743,2012-07-13,TMIN,228
USR0000NHOF,2008-05-10,TMAX,283
USR0000NHOF,2008-05-10,TMIN,139
USC00316096,2015-05-30,TMAX,283
USW00093719,2012-01-14,TMIN,-17
USC00316096,2015-05-30,TMIN,172
USC00317170,2012-06-13,TMIN,217
USC00316676,2005-05-12,TMAX,278
USC00316676,2005-05-12,TMIN,150
USW00093743,2007-07-02,TMIN,194
USW00093765,2005-06-06,TMIN,222
USC00316096,2009-10-19,TMAX,156
USR0000NCRN,2014-12-12,TMAX,133
USC00316096,2009-10-19,TMIN,33
USR0000NHOF,2012-07-13,TMAX,289
USW00093719,2014-05-13,TMIN,206
USW00013754,2009-12-03,TMAX,217
USC00310576,2005-10-17,TMIN,94
USC00310576,2005-10-17,TMAX,200
USC00315830,2007-01-14,TMAX,211
USC00315830,2007-01-14,TMIN,106
USR0000NHOF,2014-10-06,TMIN,33
USR0000NCRN,2014-12-12,TMIN,-17
USR0000NNWB,2013-02-09,TMIN,-17
USC00317170,2012-01-05,TMIN,0
USC00317170,2012-01-05,TMAX,133
USR0000NCRN,2005-07-21,TMAX,317
USW00093743,2007-07-02,TMAX,261
USR0000NHOF,2012-07-13,TMIN,200
USR0000NNWB,2013-02-09,TMAX,128
USR0000NHOF,2012-01-25,TMAX,194
USC00315830,2014-07-04,TMIN,233
USR0000NHOF,2014-10-06,TMAX,250
USC00314684,2015-11-02,TMAX,244
USW00093743,2007-11-12,TMAX,167
USW00093743,2007-11-12,TMIN,0
USR0000NCRN,2005-07-21,TMIN,228
USR0000NCRN,2007-06-23,TMIN,206
USW00093719,2014-06-11,TMIN,233
USW00093765,2005-06-06,TMAX,278
USC00310576,2011-09-27,TMAX,250
USC00314689,2010-09-25,TMIN,189
USC00310576,2011-09-27,TMIN,194
USR0000NHOF,2008-08-12,TMIN,122
USC00314689,2010-09-25,TMAX,339
USW00093719,2012-07-23,TMAX,344
USW00093719,2006-05-19,TMIN,133
USR0000NHOF,2008-08-12,TMAX,294
USR0000NNWB,2010-02-21,TMAX,189
USC00310356,2014-10-06,TMAX,183
USR0000NCRN,2007-06-23,TMAX,300
USW00093765,2014-01-25,TMIN,-88
USC00315830,2014-07-04,TMAX,300
USW00093719,2012-01-14,TMAX,83
USC00316096,2015-12-21,TMIN,50
USC00317170,2013-04-28,TMIN,83
USC00310356,2010-05-14,TMAX,228
USW00093743,2011-07-18,TMIN,194
USC00316096,2015-12-21,TMAX,206
USW00093743,2012-07-13,TMAX,294
USC00310356,2010-05-14,TMIN,194
USR0000NCRN,2012-10-07,TMAX,267
USC00317170,2014-06-24,TMIN,200
USR0000NCRN,2012-10-07,TMIN,150
USC00310356,2014-10-06,TMIN,106
USC00317170,2013-04-28,TMAX,233
USC00315830,2006-07-17,TMAX,328
USC00315830,2006-07-17,TMIN,211
USC00314144,2005-06-13,TMAX,317
USC00314144,2008-10-18,TMAX,128
USC00316676,2007-07-31,TMAX,267
USC00315830,2013-10-07,TMIN,250
USW00093765,2006-03-13,TMIN,156
USC00314689,2011-10-26,TMAX,244
USC00310576,2010-09-03,TMIN,189
USC00315830,2010-05-23,TMAX,250
USC00315830,2010-05-23,TMIN,156
USW00093719,2012-09-08,TMAX,311
USW00093719,2012-09-08,TMIN,222
USW00013754,2009-07-12,TMIN,211
USW00013754,2009-07-12,TMAX,322
USR0000NCRN,2015-05-31,TMAX,283
USR0000NCRN,2015-05-31,TMIN,183
USR0000NHOF,2005-08-21,TMAX,356
USR0000NHOF,2005-08-21,TMIN,222
USR0000NCRN,2007-11-12,TMIN,-6
USR0000NNWB,2006-01-27,TMAX,111
USC00310356,2006-03-29,TMAX,150
USR0000NNWB,2006-01-27,TMIN,-39
USC00310356,2006-03-29,TMIN,-28
USC00314689,2011-03-02,TMAX,267
USC00314144,2010-05-08,TMIN,178
USC00314144,2008-10-18,TMIN,94
USC00310356,2015-08-16,TMIN,217
USW00013754,2008-03-17,TMAX,122
USW00013754,2008-03-17,TMIN,33
USC00316676,2012-06-13,TMIN,217
USC00316676,2012-06-13,TMAX,278
USC00310356,2015-08-16,TMAX,306
USR0000NCRN,2007-11-12,TMAX,194
USC00314144,2010-05-08,TMAX,267
USC00314684,2010-03-20,TMIN,11
USC00315830,2013-04-29,TMIN,161
USC00315830,2013-10-07,TMAX,289
USW00093765,2013-11-27,TMIN,28
USW00093765,2014-04-13,TMIN,128
USW00093765,2014-04-13,TMAX,244
USW00093719,2012-12-13,TMAX,111
USC00314689,2011-05-09,TMAX,256
USC00314689,2014-10-06,TMAX,233
USC00315830,2007-01-04,TMAX,194
USC00314689,2014-10-06,TMIN,67
USC00314689,2008-09-16,TMAX,300
USC00314689,2008-09-16,TMIN,217
USR0000NHOF,2006-03-29,TMIN,-6
USR0000NNWB,2010-01-03,TMIN,-61
USR0000NNWB,2010-01-03,TMAX,11
USC00315830,2007-01-04,TMIN,83
USC00314689,2010-05-03,TMAX,311
USC00315830,2015-07-28,TMAX,300
USR0000NCRN,2015-06-30,TMIN,222
USC00315830,2013-04-29,TMAX,211
USR0000NCRN,2007-08-29,TMAX,317
USC00314144,2006-05-20,TMIN,111
USC00310576,2010-09-03,TMAX,289
USC00314144,2006-05-20,TMAX,289
USR0000NCRN,2007-08-29,TMIN,200
USC00314689,2011-10-26,TMIN,83
USC00314689,2011-05-09,TMIN,111
USR0000NNWB,2012-05-16,TMIN,200
USR0000NCRN,2015-06-30,TMAX,306
USR0000NNWB,2012-05-16,TMAX,278
USC00316676,2007-06-07,TMAX,294
USC00310356,2013-10-29,TMAX,244
USR0000NHOF,2006-03-29,TMAX,200
USW00093719,2012-12-13,TMIN,61
USC00314684,2010-03-20,TMAX,222
USC00314144,2010-09-30,TMIN,206
USR0000NHOF,2015-11-07,TMAX,294
USW00093719,2010-07-08,TMAX,322
USC00310576,2015-09-07,TMIN,211
USW00093719,2010-07-08,TMIN,222
USR0000NCRN,2008-07-17,TMAX,317
USW00093743,2013-02-09,TMIN,-10
USC00314684,2009-05-10,TMIN,189
USC00314684,2009-05-10,TMAX,317
USR0000NHOF,2006-02-19,TMIN,-33
USR0000NCRN,2008-07-17,TMIN,217
USR0000NCRN,2005-06-11,TMIN,167
USW00093743,2013-02-09,TMAX,128
USC00314689,2009-01-09,TMIN,0
USR0000NCRN,2005-06-11,TMAX,283
USC00314689,2015-09-22,TMIN,194
USR0000NNWB,2013-03-22,TMIN,-44
USR0000NNWB,2013-03-22,TMAX,117
USW00093765,2012-01-31,TMAX,167
USC00315830,2006-04-25,TMIN,200
USC00314689,2015-09-22,TMAX,283
USW00093765,2008-04-19,TMAX,228
USW00093765,2015-12-09,TMAX,200
USW00093765,2015-12-09,TMIN,39
USW00093719,2011-08-18,TMIN,200
USC00310356,2010-11-16,TMIN,100
USC00314689,2009-01-09,TMAX,117
USC00314144,2009-02-21,TMIN,-94
USC00314144,2009-02-21,TMAX,111
USW00093719,2011-08-18,TMAX,322
USW00093765,2012-01-31,TMIN,22
USW00093743,2009-01-03,TMIN,22
USW00093743,2009-01-03,TMAX,144
USW00093765,2008-04-19,TMIN,156
USW00093765,2009-08-03,TMAX,289
USC00317170,2013-11-27,TMIN,50
USC00317170,2013-11-27,TMAX,206
USR0000NNWB,2006-04-09,TMAX,150
USC00310576,2008-07-14,TMAX,311
USW00013754,2013-02-26,TMIN,56
USC00310576,2008-07-14,TMIN,172
USR0000NCRN,2012-08-25,TMAX,261
USW00013754,2010-08-07,TMIN,228
USC00316676,2007-07-31,TMIN,228
USW00013754,2010-08-07,TMAX,311
USC00314144,2010-09-30,TMAX,244
USW00013754,2013-02-26,TMAX,206
USR0000NCRN,2010-06-05,TMAX,294
USC00310356,2009-01-03,TMIN,0
USR0000NCRN,2010-06-05,TMIN,244
USC00310356,2009-01-03,TMAX,150
USR0000NCRN,2012-08-25,TMIN,200
USW00093765,2013-11-27,TMAX,211
USW00093719,2014-09-04,TMIN,233
USR0000NCRN,2005-07-14,TMAX,294
USR0000NHOF,2013-02-09,TMAX,111
USR0000NHOF,2013-02-09,TMIN,-33
USW00013754,2012-11-19,TMIN,111
USW00013754,2012-11-19,TMAX,150
USW00093765,2006-03-13,TMAX,217
USW00093765,2009-08-03,TMIN,228
USW00093719,2014-09-04,TMAX,333
USC00314684,2011-05-15,TMAX,300
USC00310356,2010-11-16,TMAX,194
USC00314689,2007-11-22,TMIN,161
USC00314684,2011-05-15,TMIN,178
USR0000NCRN,2005-07-14,TMIN,228
USR0000NNWB,2006-04-09,TMIN,56
USR0000NHOF,2006-02-19,TMAX,44
USC00314689,2007-11-22,TMAX,239
USC00314689,2010-05-03,TMIN,217
USW00013754,2007-12-10,TMAX,250
USW00013754,2007-12-10,TMIN,111
USC00310576,2008-06-29,TMAX,350
USW00093765,2012-03-24,TMAX,233
USW00093765,2012-03-24,TMIN,189
USC00310356,2015-11-07,TMIN,200
USW00093743,2011-06-03,TMIN,206
USC00316676,2009-11-20,TMIN,156
USC00310576,2010-09-04,TMAX,344
USC00315830,2013-12-15,TMIN,111
USC00315830,2013-12-15,TMAX,183
USC00316676,2009-11-20,TMAX,233
USR0000NCRN,2005-03-26,TMIN,94
USC00315830,2005-01-21,TMAX,89
USC00315830,2005-01-21,TMIN,22
USC00310356,2007-04-13,TMIN,111
USC00315830,2015-07-17,TMAX,306
USW00093765,2011-08-07,TMIN,283
USW00093765,2011-08-07,TMAX,333
USR0000NNWB,2009-07-12,TMIN,217
USW00013754,2012-05-16,TMAX,272
USC00310576,2015-09-07,TMAX,289
USR0000NCRN,2011-09-17,TMAX,206
USC00310356,2007-10-28,TMIN,150
USR0000NCRN,2011-09-17,TMIN,178
USC00310576,2008-06-29,TMIN,244
USC00314684,2010-11-21,TMIN,6
USR0000NNWB,2007-01-29,TMIN,-39
USR0000NNWB,2007-01-29,TMAX,28
USR0000NCRN,2005-03-26,TMAX,206
USR0000NHOF,2012-08-09,TMAX,306
USR0000NHOF,2012-08-09,TMIN,206
USC00315830,2015-07-17,TMIN,233
USC00314684,2010-11-21,TMAX,189
USW00093765,2011-12-10,TMIN,61
USW00093765,2011-12-10,TMAX,122
USC00317170,2007-07-17,TMAX,339
USW00093719,2009-01-20,TMAX,67
USR0000NNWB,2012-09-08,TMAX,317
USW00093719,2007-05-28,TMAX,306
USC00314144,2006-02-03,TMIN,122
USR0000NHOF,2011-02-09,TMIN,-50
USR0000NHOF,2011-02-09,TMAX,89
USC00314684,2014-10-06,TMAX,189
USR0000NNWB,2008-03-17,TMAX,144
USC00316096,2010-08-19,TMAX,311
USC00316096,2010-08-19,TMIN,228
USC00310356,2015-11-07,TMAX,233
USR0000NNWB,2011-03-20,TMAX,172
USR0000NNWB,2008-03-17,TMIN,39
USC00315830,2014-02-11,TMAX,67
USW00093719,2007-05-28,TMIN,172
USW00093743,2012-08-09,TMIN,217
USC00314684,2014-10-06,TMIN,39
USW00093719,2009-01-20,TMIN,-50
USW00013754,2010-07-19,TMIN,239
USW00013754,2010-07-19,TMAX,311
USC00310576,2011-06-09,TMAX,350
USC00310576,2011-06-09,TMIN,228
USC00310356,2007-10-28,TMAX,244
USC00314684,2006-12-04,TMIN,44
USR0000NNWB,2012-09-08,TMIN,217
USC00317170,2007-07-17,TMIN,228
USC00315830,2010-09-17,TMIN,250
USC00314684,2006-12-04,TMAX,128
USW00013754,2007-12-07,TMIN,11
USC00317170,2015-12-09,TMAX,183
USW00013754,2007-12-07,TMAX,122
USC00317170,2015-12-09,TMIN,22
USC00310356,2007-04-13,TMAX,222
USR0000NCRN,2007-10-10,TMAX,289
USR0000NNWB,2009-07-12,TMAX,344
USR0000NHOF,2005-09-10,TMIN,200
USC00310576,2014-03-09,TMAX,189
USC00310356,2012-08-09,TMAX,272
USW00093719,2007-11-14,TMAX,256
USC00310576,2014-03-09,TMIN,33
USW00093719,2011-05-31,TMAX,367
USW00093719,2007-11-14,TMIN,89
USW00093719,2013-03-22,TMIN,-33
USW00093719,2011-05-31,TMIN,217
USW00093719,2013-03-22,TMAX,117
USW00093719,2009-04-05,TMIN,67
USW00093719,2010-09-12,TMIN,189
USW00093719,2010-09-12,TMAX,278
USC00315830,2013-07-05,TMIN,244
USC00315830,2013-07-05,TMAX,300
USC00316676,2007-06-07,TMIN,183
USW00093719,2009-04-05,TMAX,256
USW00093719,2015-01-20,TMIN,78
USC00317170,2011-05-13,TMAX,300
USC00315830,2015-07-28,TMIN,217
USC00316676,2015-10-15,TMAX,250
USC00316676,2015-10-15,TMIN,111
USC00316676,2008-08-04,TMAX,328
USC00310356,2006-02-19,TMIN,-6
USC00316676,2011-07-28,TMAX,339
USC00310356,2006-02-19,TMAX,106
USC00316676,2009-03-02,TMIN,22
USW00093719,2015-01-20,TMAX,200
USC00316676,2009-03-02,TMAX,67
USC00310356,2013-10-29,TMIN,150
USC00317170,2014-07-15,TMIN,222
USC00316676,2011-07-28,TMIN,239
USC00316676,2008-08-04,TMIN,211
USC00310356,2012-08-09,TMIN,239
USC00310356,2013-08-19,TMIN,206
USC00310356,2013-08-19,TMAX,278
USC00317170,2011-06-17,TMIN,228
USC00314684,2012-10-06,TMIN,128
USR0000NHOF,2008-08-14,TMAX,278
USW00093743,2013-10-29,TMIN,100
USC00317170,2014-04-13,TMAX,300
USC00317170,2014-04-13,TMIN,111
USC00314144,2006-06-26,TMIN,200
USC00315830,2010-09-17,TMAX,294
USC00314144,2007-06-17,TMIN,189
USW00013754,2012-05-16,TMIN,194
USR0000NHOF,2014-07-31,TMIN,172
USW00093743,2012-08-09,TMAX,289
USC00317170,2011-06-17,TMAX,311
USR0000NHOF,2005-09-10,TMAX,256
USR0000NHOF,2014-07-31,TMAX,317
USC00314144,2007-06-17,TMAX,311
USC00314144,2006-06-26,TMAX,300
USR0000NHOF,2008-08-14,TMIN,139
USC00316096,2014-10-06,TMIN,56
USC00316096,2014-10-06,TMAX,222
USC00310356,2005-09-10,TMAX,306
USC00310356,2005-09-10,TMIN,222
USC00310356,2014-07-31,TMAX,306
USC00310356,2014-07-31,TMIN,222
USC00316676,2007-07-08,TMAX,322
USC00310356,2006-07-31,TMAX,261
USW00093743,2013-10-29,TMAX,228
USC00310356,2006-07-31,TMIN,222
USC00310356,2005-08-21,TMIN,250
USC00310356,2005-08-21,TMAX,339
USC00316676,2007-07-08,TMIN,211
USC00314684,2012-10-06,TMAX,278
USC00317170,2014-07-15,TMAX,322
USC00315830,2014-02-11,TMIN,-17
USC00315830,2006-04-25,TMAX,250
USW00013754,2013-11-13,TMIN,-16
USC00314689,2011-03-15,TMAX,156
USW00093743,2010-02-21,TMIN,-5
USW00093743,2010-02-21,TMAX,156
USC00317170,2008-03-26,TMIN,67
USW00093719,2014-04-13,TMIN,106
USC00317170,2008-03-26,TMAX,228
USW00093719,2014-04-13,TMAX,283
USC00315830,2007-03-08,TMAX,178
USC00315830,2007-03-08,TMIN,33
USC00316676,2009-10-08,TMIN,117
USC00316676,2009-10-08,TMAX,289
USC00310356,2010-02-21,TMIN,22
USC00310356,2010-02-21,TMAX,206
USR0000NHOF,2006-05-20,TMAX,272
USR0000NHOF,2006-05-20,TMIN,78
USR0000NNWB,2014-09-04,TMIN,239
USR0000NNWB,2014-09-04,TMAX,339
USR0000NHOF,2011-09-27,TMAX,283
USR0000NHOF,2011-09-27,TMIN,200
USC00315830,2014-03-09,TMIN,72
USC00315830,2014-03-09,TMAX,194
USW00093719,2013-12-28,TMIN,-21
USR0000NNWB,2006-07-17,TMIN,211
USR0000NHOF,2005-07-01,TMIN,228
USR0000NNWB,2006-07-17,TMAX,339
USC00314144,2005-09-10,TMAX,283
USC00314144,2005-09-10,TMIN,200
USC00314144,2010-03-10,TMIN,67
USC00314144,2010-03-10,TMAX,222
USW00093719,2012-03-16,TMAX,267
USW00093719,2012-03-16,TMIN,139
USC00310356,2007-06-26,TMAX,306
USC00310356,2007-06-26,TMIN,222
USR0000NHOF,2005-07-01,TMAX,322
USC00314689,2011-03-15,TMIN,50
USR0000NNWB,2010-07-19,TMIN,244
USC00310576,2013-08-19,TMAX,317
USC00310576,2013-08-19,TMIN,211
USW00093765,2015-08-13,TMIN,206
USR0000NCRN,2005-06-25,TMAX,294
USR0000NCRN,2012-02-19,TMAX,128
USC00316676,2010-06-18,TMAX,328
USC00316676,2010-06-18,TMIN,211
USW00093765,2015-08-13,TMAX,283
USR0000NCRN,2012-02-19,TMIN,61
USC00316096,2012-04-20,TMIN,133
USC00316096,2012-04-20,TMAX,239
USR0000NHOF,2010-02-21,TMIN,-50
USR0000NHOF,2010-02-21,TMAX,183
USC00316676,2011-04-26,TMAX,283
USC00316676,2011-04-26,TMIN,178
USW00093719,2005-04-05,TMIN,67
USC00310576,2014-01-01,TMIN,17
USC00314144,2010-01-23,TMAX,106
USR0000NNWB,2009-04-05,TMAX,267
USR0000NNWB,2009-04-05,TMIN,72
USC00310576,2014-01-01,TMAX,128
USW00093719,2008-01-18,TMIN,28
USC00314144,2010-01-23,TMIN,-11
USC00310356,2006-05-20,TMIN,150
USR0000NCRN,2009-09-08,TMAX,272
USC00310356,2006-05-20,TMAX,228
USC00314689,2014-01-25,TMIN,-100
USC00314689,2014-01-25,TMAX,44
USR0000NCRN,2009-09-08,TMIN,244
USW00093719,2005-04-05,TMAX,228
USW00093719,2008-01-18,TMAX,94
USW00093765,2012-09-08,TMAX,294
USC00317170,2015-10-02,TMAX,217
USC00317170,2015-10-02,TMIN,178
USW00093743,2013-07-05,TMAX,294
USR0000NCRN,2013-01-09,TMAX,217
USR0000NNWB,2013-04-29,TMAX,233
USC00310356,2013-07-05,TMIN,250
USR0000NNWB,2013-04-29,TMIN,156
USW00093765,2005-11-24,TMAX,178
USR0000NCRN,2007-09-25,TMIN,150
USC00310356,2013-07-05,TMAX,300
USC00310576,2009-06-10,TMAX,317
USC00310576,2011-10-12,TMAX,217
USC00310576,2014-02-11,TMIN,17
USW00093765,2015-02-12,TMIN,-21
USC00316676,2014-10-06,TMAX,194
USC00310576,2008-03-29,TMAX,261
USW00013754,2014-09-04,TMIN,233
USW00013754,2014-09-04,TMAX,322
USC00310576,2008-03-29,TMIN,111
USC00317170,2012-01-31,TMIN,11
USC00314684,2012-04-20,TMAX,167
USC00314684,2012-04-20,TMIN,117
USC00310576,2009-06-10,TMIN,183
USC00317170,2012-01-31,TMAX,200
USW00093765,2015-02-12,TMAX,156
USW00093743,2013-07-05,TMIN,256
USC00310356,2011-09-27,TMAX,272
USR0000NNWB,2006-12-18,TMIN,61
USW00093719,2010-08-07,TMIN,228
USW00093719,2010-08-07,TMAX,317
USC00310576,2014-02-11,TMAX,94
USC00316676,2014-10-06,TMIN,67
USR0000NCRN,2013-01-09,TMIN,50
USC00310356,2011-09-27,TMIN,211
USC00315830,2013-12-23,TMAX,228
USW00093765,2005-11-24,TMIN,117
USC00314689,2010-10-05,TMAX,206
USC00315830,2011-12-23,TMAX,194
USC00314684,2012-03-07,TMAX,117
USC00314684,2007-05-13,TMAX,283
USW00013754,2013-04-29,TMIN,167
USC00314684,2012-03-07,TMIN,-6
USC00315830,2008-10-31,TMIN,11
USC00315830,2008-10-31,TMAX,167
USW00013754,2013-04-29,TMAX,200
USR0000NHOF,2005-05-25,TMIN,106
USC00310576,2011-02-20,TMAX,244
USC00316676,2009-10-31,TMAX,217
USR0000NHOF,2005-05-25,TMAX,183
USW00093765,2012-09-08,TMIN,233
USC00310576,2011-02-20,TMIN,22
USC00316676,2009-10-31,TMIN,139
USR0000NNWB,2010-07-19,TMAX,344
USC00314684,2008-12-27,TMIN,50
USC00315830,2011-12-23,TMIN,172
USC00314689,2010-10-05,TMIN,72
USC00310576,2011-10-12,TMIN,183
USW00093719,2009-02-16,TMIN,0
USC00316676,2014-11-12,TMAX,222
USC00316676,2014-11-12,TMIN,161
USW00093719,2009-02-16,TMAX,83
USC00314684,2008-12-27,TMAX,133
USC00314684,2014-06-11,TMIN,217
USW00093719,2012-11-19,TMIN,106
USW00093719,2013-12-28,TMAX,161
USW00093719,2012-11-19,TMAX,144
USC00314684,2014-06-11,TMAX,356
USR0000NCRN,2013-02-09,TMAX,117
USR0000NCRN,2013-02-09,TMIN,-22
USC00314684,2007-05-13,TMIN,172
USW00093719,2006-08-27,TMAX,311
USW00093719,2006-08-27,TMIN,200
USC00314689,2008-07-02,TMIN,150
USW00093765,2007-02-14,TMIN,17
USC00317170,2012-10-06,TMAX,289
USC00310356,2005-02-21,TMAX,144
USW00013754,2013-03-22,TMAX,117
USC00310576,2014-12-12,TMAX,100
USC00310576,2014-12-12,TMIN,-6
USW00093765,2007-02-14,TMAX,167
USC00310576,2005-06-15,TMAX,339
USR0000NCRN,2009-09-24,TMAX,294
USW00093719,2007-09-09,TMAX,283
USR0000NCRN,2005-09-10,TMIN,211
USR0000NCRN,2005-09-10,TMAX,272
USC00316096,2015-09-22,TMIN,217
USR0000NCRN,2009-09-24,TMIN,278
USC00310576,2005-06-15,TMIN,244
USC00316096,2015-09-22,TMAX,283
USW00093719,2008-04-04,TMAX,239
USC00310356,2007-03-07,TMIN,61
USW00093743,2011-04-21,TMIN,144
USC00315830,2010-06-26,TMIN,256
USC00315830,2010-06-26,TMAX,311
USW00093765,2015-10-02,TMIN,189
USR0000NNWB,2012-11-19,TMIN,106
USW00013754,2013-03-22,TMIN,-21
USC00315830,2009-01-30,TMAX,100
USW00093765,2015-10-02,TMAX,256
USC00310576,2011-04-04,TMIN,28
USW00093719,2008-04-04,TMIN,161
USW00093743,2010-11-16,TMIN,178
USC00310576,2015-03-08,TMIN,-11
USW00093719,2007-09-09,TMIN,217
USR0000NNWB,2012-11-19,TMAX,144
USC00317170,2012-10-06,TMIN,156
USR0000NHOF,2007-03-02,TMIN,100
USR0000NNWB,2010-08-07,TMIN,233
USR0000NCRN,2007-10-10,TMIN,228
USC00316096,2014-01-25,TMIN,-122
USC00316676,2008-04-14,TMIN,33
USC00316096,2014-01-25,TMAX,78
USR0000NCRN,2006-05-20,TMIN,156
USR0000NCRN,2006-05-20,TMAX,261
USC00310576,2015-03-08,TMAX,139
USC00316676,2008-04-14,TMAX,233
USW00093719,2007-01-29,TMIN,-39
USW00093719,2007-01-29,TMAX,28
USW00013754,2010-01-03,TMIN,-66
USR0000NHOF,2007-03-02,TMAX,228
USW00013754,2013-11-13,TMAX,83
USC00314144,2009-03-24,TMIN,-22
USW00013754,2010-01-03,TMAX,6
USC00310356,2007-03-07,TMAX,144
USC00315830,2008-05-27,TMIN,206
USW00093719,2005-12-15,TMAX,172
USR0000NNWB,2010-08-07,TMAX,322
USW00093743,2007-10-28,TMIN,122
USW00093743,2007-10-28,TMAX,206
USW00013754,2012-10-27,TMIN,178
USW00013754,2012-10-27,TMAX,217
USC00310576,2011-04-04,TMAX,211
USC00315830,2008-05-27,TMAX,256
USW00093743,2010-11-16,TMAX,222
USR0000NHOF,2011-04-21,TMAX,250
USC00310356,2013-02-09,TMAX,133
USC00310356,2013-02-09,TMIN,33
USR0000NHOF,2011-04-21,TMIN,106
USC00314144,2008-12-31,TMIN,-6
USW00093719,2005-12-15,TMIN,17
USC00314144,2008-12-31,TMAX,161
USC00314144,2009-03-24,TMAX,139
USW00093743,2011-04-21,TMAX,256
USC00310356,2015-05-31,TMAX,283
USW00093765,2012-10-06,TMAX,267
USW00093765,2006-11-06,TMIN,83
USC00314689,2012-04-20,TMIN,133
USC00314689,2012-04-20,TMAX,239
USC00314144,2009-08-25,TMIN,172
USW00093765,2006-11-06,TMAX,189
USC00317170,2015-02-12,TMIN,-33
USC00317170,2015-02-12,TMAX,194
USW00093719,2010-11-01,TMAX,189
USC00316096,2010-05-03,TMIN,200
USW00093719,2010-11-01,TMIN,89
USC00310356,2005-05-25,TMIN,128
USR0000NHOF,2015-05-31,TMAX,311
USR0000NHOF,2015-05-31,TMIN,156
USC00316096,2011-10-26,TMIN,50
USC00316096,2011-10-26,TMAX,228
USC00316096,2010-05-03,TMAX,261
USC00310356,2011-04-21,TMAX,228
USC00310576,2012-07-05,TMAX,350
USC00314689,2006-02-14,TMAX,133
USR0000NCRN,2005-06-25,TMIN,206
USC00314689,2006-02-14,TMIN,-11
USC00310576,2012-07-05,TMIN,250
USW00093765,2012-10-06,TMIN,156
USC00314689,2008-07-02,TMAX,322
USR0000NCRN,2014-07-31,TMAX,300
USR0000NCRN,2014-07-31,TMIN,194
USR0000NCRN,2006-02-03,TMIN,0
USR0000NCRN,2006-02-03,TMAX,272
USR0000NHOF,2009-01-03,TMIN,33
USR0000NHOF,2009-01-03,TMAX,161
USC00310356,2011-04-21,TMIN,183
USC00314684,2005-01-06,TMAX,228
USC00310356,2005-07-01,TMIN,239
USC00310356,2005-07-01,TMAX,283
USW00093719,2012-05-16,TMIN,194
USW00093719,2012-05-16,TMAX,278
USR0000NCRN,2007-07-14,TMAX,300
USR0000NHOF,2007-04-13,TMAX,206
USC00316096,2010-09-18,TMAX,289
USC00315830,2009-01-30,TMIN,17
USC00316096,2010-09-18,TMIN,189
USC00310356,2006-01-04,TMAX,172
USW00013754,2007-07-29,TMIN,206
USC00310356,2006-01-04,TMIN,-94
USC00310576,2012-12-28,TMAX,111
USC00310576,2013-07-05,TMAX,300
USC00310576,2013-07-05,TMIN,206
USC00310356,2015-05-31,TMIN,211
USW00013754,2007-07-29,TMAX,300
USC00310576,2012-12-28,TMIN,6
USR0000NCRN,2007-07-14,TMIN,211
USC00316676,2005-05-01,TMAX,256
USC00314144,2009-08-25,TMAX,300
USC00310356,2005-05-25,TMAX,228
USC00310576,2011-07-18,TMIN,156
USC00310576,2011-07-18,TMAX,311
USC00317170,2011-12-10,TMIN,22
USC00317170,2011-12-10,TMAX,156
USC00316676,2005-05-01,TMIN,172
USR0000NHOF,2007-04-13,TMIN,17
USR0000NNWB,2012-10-27,TMIN,161
USR0000NNWB,2012-10-27,TMAX,194
USR0000NNWB,2013-02-26,TMIN,33
USR0000NNWB,2013-02-26,TMAX,200
USC00314689,2011-01-28,TMIN,-17
USC00314689,2011-01-28,TMAX,117
USC00314684,2005-01-06,TMIN,122
USC00315830,2007-03-24,TMAX,217
USC00314144,2006-02-03,TMAX,200
USW00013754,2007-01-29,TMIN,-43
USC00314684,2011-06-13,TMAX,339
USW00013754,2014-10-06,TMAX,228
USC00316676,2014-07-10,TMIN,239
USR0000NCRN,2005-05-25,TMAX,183
USW00013754,2014-10-06,TMIN,78
USR0000NCRN,2005-05-25,TMIN,122
USC00317170,2011-01-14,TMIN,-28
USC00316676,2014-07-10,TMAX,339
USC00314689,2009-08-09,TMAX,339
USC00314689,2009-08-09,TMIN,222
USC00310356,2013-04-29,TMAX,228
USC00317170,2011-01-14,TMAX,78
USC00310576,2013-10-07,TMAX,294
USC00310356,2013-04-29,TMIN,122
USW00093765,2011-06-17,TMAX,306
USW00093765,2011-06-17,TMIN,244
USC00316676,2012-11-09,TMIN,11
USR0000NNWB,2014-10-06,TMAX,244
USR0000NNWB,2009-02-16,TMIN,-17
USR0000NHOF,2013-04-29,TMIN,156
USC00314684,2006-12-20,TMIN,-11
USC00314684,2006-12-20,TMAX,194
USR0000NHOF,2013-04-29,TMAX,206
USC00310356,2005-06-25,TMAX,306
USR0000NNWB,2009-02-16,TMAX,89
USW00093743,2013-04-29,TMIN,167
USC00310356,2007-07-23,TMAX,300
USW00093743,2013-04-29,TMAX,189
USC00316676,2008-10-28,TMAX,222
USC00316676,2012-11-09,TMAX,156
USC00310576,2013-10-07,TMIN,156
USC00310356,2007-07-23,TMIN,183
USR0000NNWB,2014-10-06,TMIN,72
USC00316676,2009-12-21,TMIN,-33
USC00314684,2013-03-22,TMAX,94
USC00316676,2015-03-20,TMAX,150
USC00316676,2006-10-20,TMIN,200
USW00013754,2008-04-30,TMAX,194
USR0000NNWB,2014-06-24,TMIN,211
USR0000NNWB,2014-06-24,TMAX,306
USC00316676,2008-10-28,TMIN,28
USC00317170,2007-10-06,TMAX,289
USC00317170,2007-10-06,TMIN,222
USC00316676,2015-03-20,TMIN,72
USR0000NNWB,2007-12-10,TMIN,117
USR0000NNWB,2015-05-11,TMIN,206
USR0000NNWB,2007-12-10,TMAX,261
USC00316676,2010-12-19,TMAX,44
USC00316676,2010-12-19,TMIN,28
USR0000NNWB,2015-05-11,TMAX,289
USR0000NHOF,2010-04-29,TMAX,222
USR0000NHOF,2010-04-29,TMIN,-11
USC00314684,2013-03-22,TMIN,-61
USC00317170,2007-08-08,TMAX,378
USC00310356,2005-06-25,TMIN,228
USC00317170,2007-08-08,TMIN,278
USW00093765,2015-08-19,TMAX,283
USW00093765,2015-08-19,TMIN,228
USC00316676,2009-12-21,TMAX,89
USC00314684,2015-04-07,TMIN,67
USR0000NCRN,2005-08-21,TMAX,356
USC00314684,2011-06-13,TMIN,206
USW00013754,2010-11-06,TMAX,150
USW00013754,2010-11-06,TMIN,67
USC00314689,2008-11-08,TMAX,256
USC00314689,2008-11-08,TMIN,144
USR0000NCRN,2005-08-21,TMIN,244
USC00314689,2014-04-13,TMIN,122
USC00317170,2013-07-05,TMIN,217
USC00317170,2013-07-05,TMAX,317
USC00316096,2014-04-13,TMIN,106
USC00310576,2005-09-10,TMAX,278
USC00310356,2010-06-05,TMIN,239
USC00310356,2010-06-05,TMAX,283
USC00316096,2014-04-13,TMAX,244
USW00093765,2013-07-05,TMIN,250
USW00093765,2013-07-05,TMAX,294
USC00316676,2006-05-19,TMAX,272
USW00013754,2014-06-24,TMIN,228
USC00316676,2006-05-19,TMIN,128
USW00013754,2014-06-24,TMAX,306
USC00310576,2006-11-15,TMIN,89
USC00310576,2012-07-13,TMAX,283
USC00310576,2012-07-13,TMIN,206
USC00314684,2005-12-05,TMIN,72
USC00316676,2013-09-16,TMIN,172
USC00316676,2013-09-16,TMAX,272
USW00093719,2014-10-06,TMAX,250
USW00093719,2008-10-22,TMAX,156
USC00315830,2005-11-16,TMIN,183
USC00315830,2005-11-16,TMAX,250
USW00093719,2008-10-22,TMIN,61
USR0000NHOF,2012-08-25,TMAX,256
USC00310576,2005-09-10,TMIN,211
USR0000NHOF,2012-08-25,TMIN,167
USW00093765,2005-04-05,TMAX,217
USW00093765,2005-04-05,TMIN,94
USC00314684,2008-09-16,TMIN,211
USC00314684,2006-11-06,TMIN,-17
USC00314684,2008-09-16,TMAX,317
USC00314684,2005-12-05,TMAX,211
USC00314684,2006-11-06,TMAX,156
USC00310576,2006-11-15,TMAX,222
USW00093719,2012-01-31,TMIN,6
USW00093719,2012-01-31,TMAX,200
USW00093743,2010-06-05,TMAX,294
USW00093743,2010-06-05,TMIN,244
USC00317170,2008-01-19,TMIN,50
USC00310356,2007-05-22,TMIN,183
USC00316096,2011-06-04,TMAX,278
USR0000NCRN,2012-06-02,TMAX,272
USC00317170,2008-01-19,TMAX,78
USC00310356,2007-05-22,TMAX,244
USC00314689,2005-03-04,TMIN,-50
USR0000NCRN,2012-06-02,TMIN,161
USC00314689,2014-04-13,TMAX,278
USC00314689,2015-10-22,TMIN,89
USC00314689,2005-03-04,TMAX,144
USC00314689,2015-10-22,TMAX,261
USC00316096,2011-06-04,TMIN,122
USC00310576,2006-09-03,TMIN,178
USC00314684,2015-04-07,TMAX,239
USC00314684,2014-09-04,TMIN,217
USC00314689,2009-05-26,TMAX,283
USC00314689,2009-05-26,TMIN,206
USC00316096,2010-03-20,TMAX,211
USC00317170,2010-12-31,TMAX,167
USC00314144,2009-12-13,TMAX,183
USC00314144,2009-12-13,TMIN,72
USC00316096,2010-03-20,TMIN,28
USC00316676,2006-10-08,TMAX,200
USR0000NCRN,2014-03-09,TMAX,206
USC00317170,2010-12-31,TMIN,0
USR0000NCRN,2007-07-03,TMIN,156
USR0000NCRN,2007-07-03,TMAX,283
USC00314684,2014-09-04,TMAX,339
USC00316676,2006-10-08,TMIN,117
USR0000NCRN,2014-03-09,TMIN,39
USW00013754,2008-04-30,TMIN,89
USR0000NHOF,2010-06-05,TMAX,317
USC00310576,2006-09-03,TMAX,317
USW00093765,2011-03-07,TMAX,133
USC00316096,2015-12-01,TMAX,161
USC00316096,2015-12-01,TMIN,122
USW00013754,2012-02-27,TMAX,189
USC00316096,2013-07-05,TMIN,233
USW00013754,2012-02-09,TMIN,0
USC00316096,2013-07-05,TMAX,294
USW00093719,2012-03-24,TMAX,250
USC00315830,2006-01-18,TMAX,206
USC00315830,2006-01-18,TMIN,111
USW00013754,2012-02-09,TMAX,100
USW00013754,2011-08-18,TMAX,306
USW00013754,2011-08-18,TMIN,211
USC00310576,2015-06-30,TMIN,178
USW00093719,2012-03-24,TMIN,167
USC00315830,2010-11-08,TMIN,28
USC00310576,2015-06-30,TMAX,289
USC00316096,2009-08-09,TMIN,233
USC00310356,2015-03-03,TMAX,178
USR0000NCRN,2013-04-29,TMAX,189
USC00310356,2015-03-03,TMIN,33
USC00316096,2009-08-09,TMAX,317
USR0000NNWB,2011-03-01,TMIN,22
USW00093765,2011-03-07,TMIN,50
USC00316676,2006-09-17,TMIN,161
USC00314144,2007-06-23,TMAX,289
USC00314144,2008-10-05,TMIN,61
USC00314689,2014-09-04,TMAX,333
USC00314144,2007-06-23,TMIN,178
USC00314689,2014-09-04,TMIN,228
USW00093719,2005-07-22,TMIN,233
USC00314144,2005-06-13,TMIN,200
USC00316676,2005-10-25,TMAX,178
USR0000NNWB,2015-10-02,TMIN,172
USC00314689,2013-03-22,TMAX,100
USR0000NCRN,2014-11-13,TMAX,217
USC00316676,2009-07-25,TMIN,189
USC00316676,2009-07-25,TMAX,300
USR0000NCRN,2014-11-13,TMIN,83
USC00314144,2008-10-05,TMAX,261
USC00314689,2010-03-20,TMAX,250
USW00093765,2014-06-11,TMAX,289
USC00317170,2009-07-12,TMAX,344
USR0000NNWB,2006-04-25,TMAX,306
USR0000NNWB,2006-04-25,TMIN,167
USC00310576,2007-04-24,TMIN,89
USC00310576,2007-04-24,TMAX,272
USW00093743,2009-05-02,TMIN,200
USW00013754,2012-02-27,TMIN,-5
USC00317170,2009-07-12,TMIN,222
USR0000NCRN,2013-04-29,TMIN,167
USW00093765,2012-03-16,TMIN,156
USW00093743,2010-04-29,TMAX,217
USC00315830,2010-11-08,TMAX,172
USC00316676,2005-10-25,TMIN,72
USR0000NNWB,2015-10-02,TMAX,217
USC00314689,2013-03-22,TMIN,-50
USW00093743,2008-07-07,TMAX,250
USC00317170,2008-06-07,TMIN,244
USW00093765,2012-03-16,TMAX,233
USW00093743,2008-07-07,TMIN,172
USR0000NHOF,2014-12-12,TMIN,-33
USC00314689,2013-07-05,TMAX,311
USC00314689,2013-07-05,TMIN,217
USW00093743,2010-04-29,TMIN,67
USR0000NHOF,2014-12-12,TMAX,139
USW00093765,2014-06-11,TMIN,250
USC00317170,2008-06-07,TMAX,372
USW00093719,2014-10-06,TMIN,78
USC00316676,2006-09-17,TMAX,256
USC00310576,2006-03-29,TMAX,194
USR0000NHOF,2009-05-02,TMIN,194
USC00317170,2008-02-07,TMIN,144
USR0000NNWB,2010-11-01,TMAX,194
USW00093719,2005-07-22,TMAX,333
USR0000NHOF,2005-06-25,TMAX,256
USW00093765,2010-06-11,TMAX,328
USW00093765,2010-06-11,TMIN,217
USW00093765,2010-01-03,TMIN,-43
USW00093765,2010-01-03,TMAX,22
USR0000NNWB,2010-11-01,TMIN,94
USW00093719,2007-11-21,TMAX,250
USW00093719,2007-11-21,TMIN,72
USC00314689,2012-03-07,TMIN,0
USR0000NNWB,2010-12-03,TMIN,-6
USR0000NNWB,2010-12-03,TMAX,100
USC00314684,2006-09-11,TMIN,156
USR0000NCRN,2011-11-29,TMIN,72
USC00310356,2008-07-07,TMAX,289
USC00317170,2007-05-13,TMIN,161
USR0000NHOF,2010-06-05,TMIN,233
USC00316676,2006-10-20,TMAX,256
USC00317170,2007-05-13,TMAX,211
USC00317170,2015-11-03,TMIN,172
USW00093765,2009-07-12,TMAX,289
USC00310576,2015-08-05,TMIN,217
USC00314689,2012-03-07,TMAX,200
USW00093765,2008-03-01,TMAX,172
USW00093765,2008-03-01,TMIN,83
USC00310356,2008-07-07,TMIN,211
USR0000NCRN,2011-11-29,TMAX,206
USC00314684,2006-09-11,TMAX,300
USC00310576,2015-08-05,TMAX,300
USW00093765,2009-07-12,TMIN,244
USC00317170,2008-02-07,TMAX,217
USR0000NHOF,2009-05-02,TMAX,272
USC00316096,2013-03-22,TMIN,-44
USW00093719,2008-03-17,TMAX,122
USW00093719,2008-03-17,TMIN,33
USW00013754,2011-06-28,TMAX,328
USW00093765,2009-04-05,TMAX,217
USR0000NCRN,2015-04-20,TMAX,233
USW00013754,2013-11-27,TMAX,222
USW00093765,2009-04-05,TMIN,106
USR0000NCRN,2015-04-20,TMIN,194
USR0000NNWB,2011-03-01,TMAX,156
USC00314689,2007-09-12,TMIN,239
USC00314689,2007-09-12,TMAX,350
USC00316096,2014-05-30,TMAX,239
USC00316096,2014-05-30,TMIN,178
USW00013754,2011-06-28,TMIN,239
USC00310576,2006-03-29,TMIN,56
USW00013754,2013-11-27,TMIN,17
USR0000NCRN,2007-06-28,TMAX,311
USC00316096,2014-09-04,TMAX,311
USC00316096,2014-09-04,TMIN,228
USC00315830,2012-10-27,TMIN,156
USC00315830,2005-04-15,TMIN,89
USC00315830,2012-10-27,TMAX,244
USC00316096,2014-05-01,TMIN,200
USR0000NCRN,2007-06-28,TMIN,222
USC00316096,2014-05-01,TMAX,244
USC00316676,2015-12-21,TMIN,11
USC00315830,2005-04-15,TMAX,167
USC00314684,2013-07-05,TMAX,306
USC00314684,2013-07-05,TMIN,211
USC00316676,2015-12-21,TMAX,144
USC00316096,2013-03-22,TMAX,89
USR0000NHOF,2005-06-25,TMIN,144
USR0000NNWB,2011-03-20,TMIN,72
USC00315830,2009-03-05,TMAX,117
USR0000NHOF,2007-07-23,TMAX,283
USR0000NCRN,2008-07-21,TMAX,361
USC00316676,2011-04-01,TMIN,78
USR0000NCRN,2010-09-22,TMAX,283
USC00316676,2008-03-09,TMAX,211
USC00316676,2011-04-01,TMAX,111
USC00317170,2014-09-04,TMIN,228
USC00316676,2008-03-09,TMIN,0
USC00317170,2014-09-04,TMAX,328
USC00314689,2012-10-06,TMIN,150
USR0000NHOF,2008-04-24,TMAX,250
USR0000NCRN,2010-09-22,TMIN,172
USC00314689,2012-10-06,TMAX,289
USC00310356,2007-03-02,TMAX,183
USR0000NHOF,2008-04-24,TMIN,106
USR0000NCRN,2008-01-08,TMAX,233
USC00314684,2005-02-26,TMAX,83
USC00317170,2007-10-22,TMAX,272
USC00317170,2007-10-22,TMIN,150
USC00316676,2006-08-09,TMAX,344
USC00310356,2007-03-02,TMIN,111
USC00314684,2005-02-26,TMIN,-50
USC00316676,2012-04-20,TMAX,172
USC00316676,2012-04-20,TMIN,133
USC00315830,2009-01-29,TMIN,44
USC00314684,2005-01-25,TMAX,44
USC00314144,2011-01-20,TMAX,128
USW00093743,2008-08-14,TMIN,100
USW00093765,2013-03-22,TMAX,94
USW00093765,2013-03-22,TMIN,-5
USW00093765,2010-12-15,TMAX,39
USW00093765,2010-12-15,TMIN,-55
USC00314144,2011-01-20,TMIN,-17
USC00316676,2006-08-09,TMIN,233
USC00310356,2015-06-30,TMAX,289
USC00315830,2012-06-26,TMIN,206
USC00310576,2013-02-09,TMAX,128
USC00314689,2006-11-24,TMIN,61
USW00093719,2015-10-02,TMAX,222
USW00013754,2013-07-05,TMIN,222
USW00013754,2013-07-05,TMAX,306
USR0000NHOF,2015-06-30,TMIN,206
USR0000NHOF,2015-06-30,TMAX,339
USW00093719,2015-10-02,TMIN,178
USC00317170,2014-10-06,TMAX,233
USW00093719,2013-11-27,TMIN,22
USC00317170,2014-10-06,TMIN,61
USC00310576,2007-10-02,TMIN,167
USR0000NCRN,2005-06-21,TMIN,133
USW00093765,2014-07-15,TMIN,256
USR0000NNWB,2010-09-06,TMIN,172
USW00093719,2009-02-28,TMIN,67
USR0000NNWB,2007-07-29,TMIN,217
USW00093719,2009-02-28,TMAX,156
USC00310356,2015-06-30,TMIN,228
USR0000NCRN,2008-07-21,TMIN,222
USR0000NCRN,2008-01-08,TMIN,0
USW00093719,2009-07-12,TMAX,339
USW00093719,2009-07-12,TMIN,211
USC00315830,2012-06-26,TMAX,278
USW00093719,2009-12-03,TMIN,100
USC00316676,2008-06-14,TMAX,322
USC00316676,2008-06-14,TMIN,150
USC00315830,2005-10-17,TMIN,89
USW00093719,2009-12-03,TMAX,217
USC00315830,2005-10-17,TMAX,261
USR0000NNWB,2007-07-29,TMAX,300
USR0000NNWB,2010-09-06,TMAX,311
USC00314684,2005-01-25,TMIN,-89
USW00013754,2010-12-01,TMAX,206
USC00317170,2008-04-19,TMIN,117
USC00316676,2006-02-28,TMIN,-6
USR0000NNWB,2007-11-18,TMIN,33
USC00314684,2014-01-25,TMAX,-28
USC00314684,2007-06-12,TMIN,150
USC00314684,2007-06-12,TMAX,272
USR0000NCRN,2008-03-23,TMAX,161
USC00314684,2014-01-25,TMIN,-106
USR0000NCRN,2008-03-23,TMIN,-50
USR0000NNWB,2007-11-18,TMAX,200
USC00316676,2006-02-28,TMAX,111
USR0000NNWB,2005-12-15,TMAX,167
USR0000NNWB,2005-12-15,TMIN,22
USR0000NCRN,2013-08-19,TMAX,294
USC00310576,2010-02-21,TMIN,0
USR0000NCRN,2013-08-19,TMIN,222
USC00310576,2010-02-21,TMAX,161
USW00013754,2007-04-17,TMIN,100
USW00093765,2006-09-19,TMIN,222
USW00013754,2007-01-29,TMAX,33
USC00314684,2015-02-12,TMAX,78
USC00314684,2015-02-12,TMIN,-17
USW00093743,2011-06-03,TMAX,317
USW00093765,2006-09-19,TMAX,272
USC00317170,2011-05-13,TMIN,183
USW00093719,2008-11-13,TMIN,111
USR0000NHOF,2006-07-31,TMAX,339
USW00013754,2007-04-17,TMAX,200
USC00310576,2010-09-04,TMIN,228
USR0000NHOF,2006-07-31,TMIN,206
USC00316676,2009-03-08,TMAX,278
USC00316676,2009-03-08,TMIN,111
USW00093719,2008-11-13,TMAX,233
USC00315830,2009-05-20,TMIN,133
USC00315830,2009-05-20,TMAX,228
USW00013754,2014-05-13,TMAX,306
USW00013754,2014-05-13,TMIN,200
USW00013754,2012-09-08,TMIN,222
USW00013754,2012-09-08,TMAX,306
USC00316676,2010-07-06,TMAX,317
USC00316096,2012-10-06,TMAX,272
USC00316096,2012-10-06,TMIN,139
USW00093765,2014-09-04,TMIN,250
USC00310576,2007-10-02,TMAX,278
USC00317170,2010-06-11,TMAX,339
USW00013754,2010-12-01,TMIN,50
USC00316676,2010-07-06,TMIN,178
USR0000NHOF,2007-03-07,TMAX,206
USR0000NHOF,2007-03-07,TMIN,-6
USC00317170,2008-04-19,TMAX,283
USC00317170,2010-06-11,TMIN,211
USW00093719,2013-11-27,TMAX,222
USW00093765,2014-09-04,TMAX,306
USC00314144,2009-09-24,TMAX,300
USR0000NCRN,2006-06-26,TMAX,272
USR0000NCRN,2006-06-26,TMIN,233
USW00093719,2013-01-16,TMAX,261
USW00093719,2010-01-03,TMAX,11
USC00314684,2008-01-31,TMAX,189
USC00314684,2008-01-31,TMIN,-33
USC00315830,2010-03-28,TMAX,200
USC00316676,2008-12-01,TMAX,183
USC00316676,2008-12-01,TMIN,72
USW00093719,2010-01-03,TMIN,-61
USW00093719,2013-01-16,TMIN,111
USC00314684,2005-01-13,TMIN,67
USC00314684,2005-01-13,TMAX,222
USC00315830,2010-03-28,TMIN,78
USC00314144,2009-09-24,TMIN,172
USC00310576,2013-02-09,TMIN,44
USC00310576,2006-11-30,TMIN,83
USW00013754,2005-12-15,TMIN,22
USC00314684,2012-11-29,TMIN,-50
USC00310356,2006-03-17,TMAX,150
USC00310356,2006-03-17,TMIN,111
USC00314684,2012-11-29,TMAX,106
USC00314689,2010-08-19,TMIN,228
USC00314689,2010-08-19,TMAX,333
USC00310356,2007-08-20,TMIN,244
USR0000NNWB,2014-05-13,TMIN,206
USR0000NCRN,2005-08-01,TMAX,306
USC00315830,2005-09-27,TMAX,283
USC00315830,2005-09-27,TMIN,217
USR0000NNWB,2014-05-13,TMAX,333
USC00310576,2005-03-02,TMIN,-11
USC00310576,2005-03-02,TMAX,89
USC00315830,2007-11-05,TMAX,200
USC00315830,2007-11-05,TMIN,56
USR0000NNWB,2011-08-18,TMAX,322
USC00314689,2009-05-15,TMIN,178
USC00317170,2009-08-03,TMAX,300
USR0000NNWB,2006-09-25,TMAX,239
USC00315830,2009-08-30,TMAX,306
USC00317170,2009-08-03,TMIN,233
USR0000NNWB,2006-09-25,TMIN,156
USC00316676,2010-04-25,TMIN,161
USR0000NNWB,2011-08-18,TMIN,211
USC00316676,2005-10-31,TMAX,206
USW00093719,2013-07-05,TMAX,328
USW00093719,2013-07-05,TMIN,228
USW00093743,2008-04-24,TMAX,244
USC00315830,2009-08-30,TMIN,233
USC00316676,2005-10-31,TMIN,11
USW00093743,2008-04-24,TMIN,144
USC00316676,2010-04-25,TMAX,239
USC00317170,2014-06-11,TMIN,222
USC00315830,2015-01-28,TMIN,-28
USR0000NNWB,2007-04-17,TMAX,211
USR0000NNWB,2007-04-17,TMIN,100
USC00316676,2014-01-13,TMIN,17
USC00310576,2014-07-31,TMAX,289
USC00316676,2015-02-23,TMIN,83
USC00316676,2015-02-23,TMAX,194
USC00310356,2008-04-24,TMAX,194
USW00013754,2015-05-11,TMAX,278
USW00013754,2015-05-11,TMIN,200
USR0000NHOF,2006-06-26,TMAX,278
USR0000NHOF,2006-06-26,TMIN,206
USC00315830,2009-03-05,TMIN,-28
USR0000NCRN,2005-05-20,TMAX,261
USR0000NHOF,2007-07-23,TMIN,139
USC00310576,2014-07-31,TMIN,172
USC00310356,2012-08-25,TMIN,211
USW00013754,2012-12-13,TMAX,117
USC00310356,2006-06-26,TMIN,167
USC00317170,2014-06-11,TMAX,333
USC00310356,2007-08-20,TMAX,317
USC00315830,2015-01-28,TMAX,33
USC00316096,2015-02-12,TMAX,156
USW00093743,2012-08-25,TMAX,250
USC00316096,2015-02-12,TMIN,-39
USC00310356,2008-04-24,TMIN,122
USW00093743,2012-08-25,TMIN,200
USW00093765,2008-11-05,TMIN,161
USW00013754,2012-12-13,TMIN,67
USC00315830,2011-05-22,TMAX,278
USC00316676,2014-01-13,TMAX,156
USW00093765,2008-11-05,TMAX,194
USC00310356,2006-06-26,TMAX,272
USC00315830,2011-05-22,TMIN,161
USR0000NCRN,2005-05-20,TMIN,133
USC00310356,2012-08-25,TMAX,267
USR0000NCRN,2005-08-01,TMIN,222
USR0000NCRN,2005-07-01,TMIN,239
USW00093719,2013-11-13,TMIN,-21
USW00093719,2007-07-11,TMAX,339
USR0000NNWB,2012-12-13,TMIN,56
USR0000NCRN,2010-06-22,TMAX,322
USW00093743,2008-12-22,TMIN,-49
USW00093719,2005-02-13,TMAX,183
USW00093719,2005-02-13,TMIN,-11
USC00314689,2005-01-06,TMIN,150
USC00314689,2005-01-06,TMAX,233
USW00093719,2013-11-13,TMAX,83
USR0000NHOF,2006-03-17,TMAX,217
USC00314144,2008-12-21,TMAX,189
USC00316676,2011-11-08,TMAX,222
USR0000NHOF,2006-03-17,TMIN,6
USC00314144,2010-05-14,TMIN,144
USC00310576,2006-11-30,TMAX,239
USR0000NCRN,2005-06-21,TMAX,272
USC00314689,2006-11-24,TMAX,172
USW00013754,2005-12-15,TMAX,178
USW00093765,2014-07-15,TMAX,294
USC00314684,2014-04-13,TMAX,278
USC00314684,2014-04-13,TMIN,100
USR0000NHOF,2014-03-09,TMIN,39
USC00314689,2006-12-10,TMAX,139
USC00317170,2015-08-13,TMAX,311
USC00317170,2015-08-13,TMIN,178
USC00310576,2013-04-29,TMIN,100
USC00310576,2013-04-29,TMAX,222
USC00314144,2010-05-14,TMAX,300
USC00316676,2011-11-08,TMIN,67
USC00314689,2006-12-10,TMIN,-33
USC00315830,2009-01-29,TMAX,183
USC00314144,2006-10-01,TMIN,94
USR0000NCRN,2010-06-22,TMIN,256
USR0000NCRN,2012-01-25,TMIN,50
USC00314684,2015-03-28,TMAX,178
USC00314689,2015-12-01,TMAX,133
USR0000NHOF,2007-05-22,TMIN,122
USW00093743,2008-12-22,TMAX,61
USR0000NHOF,2007-05-22,TMAX,256
USC00315830,2008-02-15,TMAX,167
USC00316676,2009-01-14,TMAX,83
USC00310356,2008-08-14,TMIN,183
USC00310356,2008-08-14,TMAX,294
USC00316676,2010-01-22,TMIN,56
USC00316676,2010-01-22,TMAX,111
USC00316096,2012-03-07,TMAX,189
USC00316096,2012-03-07,TMIN,11
USC00314684,2015-03-28,TMIN,28
USC00314689,2009-05-15,TMAX,278
USC00315830,2008-02-15,TMIN,17
USC00316676,2009-01-14,TMIN,-11
USW00093765,2014-10-06,TMIN,83
USW00093765,2014-10-06,TMAX,217
USW00093719,2007-07-11,TMIN,228
USR0000NHOF,2014-03-09,TMAX,228
USR0000NCRN,2005-07-01,TMAX,322
USR0000NNWB,2012-12-13,TMAX,111
USC00314689,2015-12-01,TMIN,94
USC00314144,2006-10-01,TMAX,283
USC00317170,2013-03-22,TMIN,-33
USC00310576,2006-01-04,TMAX,89
USC00310576,2006-01-04,TMIN,50
USC00310356,2014-03-09,TMIN,17
USC00310356,2014-03-09,TMAX,156
USR0000NCRN,2012-01-25,TMAX,194
USC00317170,2013-03-22,TMAX,122
USW00093765,2015-02-11,TMIN,-16
USR0000NNWB,2006-09-03,TMAX,333
USW00093765,2009-05-26,TMAX,261
USC00310356,2012-10-05,TMIN,200
USW00013754,2005-02-09,TMIN,78
USR0000NHOF,2012-02-09,TMIN,-28
USC00310356,2012-10-05,TMAX,289
USC00310576,2009-11-01,TMAX,278
USC00316676,2012-07-13,TMAX,300
USC00316676,2012-07-13,TMIN,211
USC00317170,2010-11-10,TMIN,67
USC00315830,2009-02-28,TMIN,50
USR0000NCRN,2010-05-24,TMAX,272
USR0000NCRN,2010-05-24,TMIN,194
USR0000NHOF,2012-02-09,TMAX,100
USC00317170,2011-05-22,TMAX,328
USR0000NHOF,2012-07-23,TMIN,217
USC00316096,2011-04-20,TMIN,189
USC00316096,2011-04-20,TMAX,250
USR0000NHOF,2012-07-23,TMAX,339
USC00310576,2009-11-01,TMIN,178
USC00316096,2012-06-14,TMIN,167
USR0000NHOF,2007-04-02,TMIN,111
USC00316096,2012-06-14,TMAX,250
USW00093765,2006-11-15,TMIN,94
USR0000NHOF,2014-05-13,TMAX,333
USC00310356,2005-05-01,TMAX,206
USW00093765,2006-11-15,TMAX,233
USC00310356,2014-10-09,TMIN,178
USC00310356,2014-10-09,TMAX,261
USW00013754,2005-02-09,TMAX,194
USR0000NHOF,2014-05-13,TMIN,194
USC00317170,2011-05-22,TMIN,161
USC00317170,2007-12-28,TMIN,61
USC00317170,2007-12-28,TMAX,189
USC00317170,2012-09-09,TMAX,250
USW00093743,2012-10-05,TMAX,278
USC00310356,2005-05-01,TMIN,161
USC00315830,2010-08-08,TMIN,250
USW00093765,2009-09-24,TMIN,194
USC00314684,2013-11-28,TMIN,-39
USR0000NHOF,2005-05-01,TMIN,61
USR0000NHOF,2005-05-01,TMAX,194
USC00316676,2008-01-14,TMIN,17
USC00314144,2006-01-19,TMAX,200
USW00093765,2006-11-20,TMIN,33
USW00093719,2014-12-05,TMAX,167
USC00314689,2010-01-02,TMIN,-22
USC00314689,2010-01-02,TMAX,72
USC00314144,2006-01-19,TMIN,11
USR0000NCRN,2013-07-02,TMIN,228
USR0000NCRN,2013-07-02,TMAX,289
USW00013754,2009-07-11,TMIN,150
USW00013754,2009-07-11,TMAX,289
USW00093765,2006-11-20,TMAX,139
USR0000NCRN,2014-07-30,TMAX,289
USR0000NHOF,2012-10-05,TMAX,267
USR0000NHOF,2012-10-05,TMIN,150
USC00314684,2014-12-12,TMAX,94
USR0000NCRN,2014-07-30,TMIN,189
USW00093719,2008-05-26,TMAX,272
USW00093743,2012-10-05,TMIN,178
USW00093719,2008-05-26,TMIN,106
USW00093719,2008-08-04,TMAX,333
USW00093719,2008-08-04,TMIN,217
USC00317170,2011-05-31,TMAX,372
USC00310356,2009-09-16,TMAX,300
USC00310576,2010-05-08,TMIN,178
USC00310356,2009-09-16,TMIN,200
USC00317170,2011-05-31,TMIN,250
USC00317170,2012-09-09,TMIN,194
USC00310576,2014-03-11,TMAX,228
USR0000NCRN,2005-06-18,TMIN,183
USC00316096,2011-09-13,TMAX,289
USW00093743,2012-07-23,TMAX,333
USC00315830,2008-06-20,TMAX,294
USC00315830,2008-06-20,TMIN,206
USC00316096,2011-09-13,TMIN,161
USC00314689,2007-03-17,TMIN,22
USC00316096,2010-12-24,TMIN,-50
USC00316096,2010-12-24,TMAX,67
USC00314689,2012-06-14,TMAX,283
USC00316096,2010-04-22,TMIN,100
USC00316096,2010-01-02,TMIN,-33
USC00316676,2012-04-18,TMIN,156
USC00316676,2012-04-18,TMAX,306
USC00314689,2012-06-14,TMIN,161
USC00316096,2010-04-22,TMAX,233
USC00316096,2010-01-02,TMAX,33
USW00013754,2007-06-12,TMIN,161
USC00314684,2011-07-13,TMIN,244
USC00310576,2013-05-02,TMAX,228
USC00317170,2010-05-13,TMAX,228
USC00316676,2006-05-21,TMIN,150
USC00316676,2006-05-21,TMAX,278
USC00317170,2013-10-28,TMIN,61
USC00316096,2011-06-27,TMAX,306
USC00315830,2006-04-24,TMIN,200
USC00317170,2010-05-13,TMIN,189
USC00314689,2011-12-23,TMIN,172
USW00093743,2012-02-09,TMAX,100
USC00314689,2011-12-23,TMAX,233
USW00093743,2012-02-09,TMIN,0
USW00013754,2007-06-12,TMAX,294
USC00315830,2007-09-06,TMIN,206
USC00314684,2005-08-21,TMIN,239
USC00314684,2005-08-21,TMAX,356
USW00093743,2012-07-23,TMIN,222
USC00314144,2007-09-20,TMAX,233
USR0000NHOF,2011-11-28,TMAX,233
USR0000NHOF,2011-11-28,TMIN,139
USR0000NNWB,2014-05-30,TMAX,239
USR0000NNWB,2014-05-30,TMIN,189
USC00314684,2014-12-12,TMIN,-28
USC00317170,2015-09-11,TMIN,222
USR0000NCRN,2005-06-18,TMAX,289
USR0000NHOF,2014-10-09,TMIN,117
USR0000NHOF,2014-10-09,TMAX,272
USC00310576,2014-03-11,TMIN,28
USW00093743,2011-05-29,TMAX,289
USC00315830,2009-02-28,TMAX,194
USR0000NHOF,2007-04-02,TMAX,272
USC00317170,2010-11-10,TMAX,183
USC00315830,2010-08-08,TMAX,322
USR0000NCRN,2006-01-03,TMIN,83
USR0000NHOF,2015-12-09,TMIN,0
USR0000NCRN,2009-04-23,TMIN,106
USR0000NCRN,2009-04-23,TMAX,256
USC00315830,2015-08-19,TMAX,300
USC00316096,2011-06-27,TMIN,244
USC00310356,2011-11-28,TMAX,222
USC00310356,2011-11-28,TMIN,172
USC00314684,2013-12-23,TMAX,278
USC00314144,2007-09-20,TMIN,200
USC00316676,2013-10-08,TMAX,289
USW00093743,2011-05-29,TMIN,233
USC00315830,2015-08-19,TMIN,228
USC00314684,2013-12-23,TMIN,183
USR0000NHOF,2015-12-09,TMAX,194
USC00317170,2015-09-11,TMAX,311
USC00316676,2013-10-08,TMIN,161
USC00310576,2013-05-02,TMIN,156
USW00093765,2009-09-24,TMAX,283
USC00310576,2010-05-08,TMAX,306
USW00093743,2009-10-08,TMIN,133
USW00093765,2010-06-04,TMIN,244
USC00316676,2015-12-22,TMAX,206
USW00093743,2009-10-08,TMAX,222
USW00093765,2010-06-04,TMAX,289
USC00316096,2011-12-23,TMIN,106
USW00013754,2010-06-26,TMAX,328
USW00013754,2010-06-26,TMIN,233
USC00316676,2015-12-22,TMIN,89
USC00315830,2015-02-24,TMIN,-17
USC00315830,2008-02-27,TMAX,161
USC00314144,2008-05-11,TMAX,233
USC00314144,2008-05-11,TMIN,83
USR0000NCRN,2008-04-30,TMIN,61
USR0000NHOF,2007-07-05,TMAX,294
USR0000NCRN,2008-04-30,TMAX,222
USC00316096,2010-07-04,TMAX,289
USR0000NHOF,2013-05-02,TMAX,167
USC00310576,2007-04-17,TMIN,83
USC00316096,2010-07-04,TMIN,122
USC00314689,2005-03-25,TMAX,189
USW00093743,2013-05-02,TMIN,144
USW00093743,2013-05-02,TMAX,217
USC00316096,2011-12-23,TMAX,206
USC00314689,2005-03-25,TMIN,78
USC00316096,2010-09-08,TMAX,306
USC00310356,2013-05-02,TMAX,233
USW00093765,2008-02-15,TMIN,28
USW00093765,2008-02-15,TMAX,133
USC00310356,2009-10-08,TMAX,267
USC00310356,2009-10-08,TMIN,150
USC00310356,2013-05-02,TMIN,161
USW00093765,2006-08-10,TMAX,300
USC00315830,2015-02-24,TMAX,67
USW00093719,2007-07-23,TMIN,178
USR0000NHOF,2012-03-01,TMIN,178
USC00315830,2008-12-14,TMAX,156
USC00310576,2012-03-25,TMIN,144
USC00315830,2008-12-14,TMIN,17
USC00315830,2012-12-27,TMIN,44
USR0000NNWB,2009-03-16,TMIN,94
USC00315830,2012-12-27,TMAX,194
USR0000NNWB,2009-03-16,TMAX,117
USC00310576,2010-12-20,TMAX,83
USC00310576,2010-12-20,TMIN,-6
USR0000NNWB,2015-06-01,TMAX,322
USW00093719,2014-08-15,TMAX,328
USC00316676,2008-10-23,TMAX,156
USW00093719,2014-08-15,TMIN,172
USR0000NNWB,2015-06-01,TMIN,200
USC00314684,2007-02-27,TMAX,178
USR0000NHOF,2007-07-05,TMIN,150
USW00093719,2007-07-23,TMAX,289
USC00310356,2007-03-22,TMAX,222
USR0000NCRN,2015-07-18,TMIN,189
USR0000NCRN,2015-07-18,TMAX,322
USC00316676,2013-08-20,TMIN,222
USC00316676,2013-08-20,TMAX,250
USC00310356,2007-03-22,TMIN,61
USC00310576,2010-06-24,TMAX,367
USC00310576,2009-08-10,TMAX,328
USC00314684,2005-10-25,TMIN,67
USC00310576,2010-06-24,TMIN,244
USC00316676,2008-10-23,TMIN,39
USC00315830,2014-11-27,TMIN,28
USC00315830,2014-11-27,TMAX,211
USC00310576,2009-08-10,TMIN,200
USW00013754,2011-06-13,TMIN,211
USW00093765,2006-08-10,TMIN,228
USR0000NHOF,2013-05-02,TMIN,122
USC00314689,2009-01-20,TMIN,-44
USC00315830,2007-08-21,TMAX,317
USW00093765,2011-05-26,TMIN,244
USC00315830,2010-10-11,TMAX,267
USC00315830,2010-10-11,TMIN,206
USC00310576,2011-10-26,TMIN,56
USC00317170,2012-08-08,TMIN,222
USC00317170,2012-08-08,TMAX,283
USC00310576,2011-10-26,TMAX,211
USC00316676,2006-10-21,TMAX,289
USC00316676,2006-10-21,TMIN,122
USW00093765,2011-05-26,TMAX,283
USW00093719,2012-05-17,TMAX,250
USW00093719,2012-05-17,TMIN,172
USC00314144,2008-02-12,TMIN,-56
USC00314684,2010-12-10,TMIN,-78
USC00314144,2008-02-12,TMAX,200
USC00314684,2013-11-28,TMAX,189
USW00093719,2015-06-01,TMIN,178
USC00316676,2013-02-07,TMIN,33
USW00093719,2014-12-05,TMIN,72
USW00093719,2015-06-01,TMAX,322
USR0000NNWB,2008-11-08,TMAX,228
USC00315830,2007-08-21,TMIN,272
USR0000NNWB,2008-11-08,TMIN,106
USW00013754,2009-07-26,TMAX,306
USC00314689,2011-06-27,TMAX,344
USC00314689,2011-06-27,TMIN,228
USW00093719,2009-03-24,TMIN,22
USW00093719,2009-03-24,TMAX,122
USC00314684,2010-12-10,TMAX,39
USW00013754,2009-07-26,TMIN,244
USC00315830,2015-09-22,TMAX,289
USC00314689,2009-01-20,TMAX,106
USC00310576,2011-08-28,TMAX,278
USW00093765,2005-10-08,TMAX,272
USC00314684,2007-02-27,TMIN,28
USR0000NNWB,2014-12-28,TMAX,228
USC00315830,2008-02-27,TMIN,56
USR0000NCRN,2013-03-21,TMIN,-17
USC00315830,2005-07-09,TMIN,222
USW00093765,2012-09-09,TMAX,256
USC00316096,2010-09-08,TMIN,217
USC00310356,2013-07-02,TMIN,217
USW00093743,2013-07-02,TMAX,294
USW00093743,2013-07-02,TMIN,228
USW00093765,2005-10-08,TMIN,239
USC00310576,2007-04-17,TMAX,161
USW00013754,2011-06-13,TMAX,333
USC00310356,2013-07-02,TMAX,283
USC00316676,2013-02-07,TMAX,200
USR0000NNWB,2014-12-28,TMIN,78
USC00316676,2011-11-09,TMIN,83
USC00314689,2011-04-20,TMAX,294
USC00315830,2015-09-22,TMIN,217
USW00013754,2008-02-23,TMIN,83
USC00314689,2011-04-20,TMIN,178
USC00310576,2011-08-28,TMIN,228
USW00013754,2008-02-23,TMAX,189
USC00316676,2011-11-09,TMAX,206
USC00316676,2008-01-14,TMAX,128
USR0000NNWB,2009-07-11,TMIN,156
USR0000NCRN,2013-03-21,TMAX,106
USW00093765,2012-09-09,TMIN,194
USC00315830,2005-07-09,TMAX,311
USR0000NCRN,2014-10-09,TMIN,128
USR0000NCRN,2014-10-09,TMAX,256
USR0000NNWB,2009-07-11,TMAX,322
USC00315830,2007-09-06,TMAX,311
USC00315830,2006-04-24,TMAX,250
USR0000NHOF,2005-08-13,TMIN,194
USC00310356,2008-01-31,TMAX,178
USC00316676,2007-11-11,TMIN,6
USC00316676,2007-11-11,TMAX,122
USC00316676,2013-07-01,TMIN,222
USC00316676,2013-07-01,TMAX,272
USC00310576,2012-11-20,TMAX,150
USC00310576,2012-11-20,TMIN,111
USW00013754,2007-10-26,TMIN,217
USW00093765,2005-07-01,TMIN,256
USC00314684,2005-02-20,TMIN,-33
USR0000NNWB,2007-11-30,TMAX,139
USR0000NNWB,2007-11-30,TMIN,11
USR0000NCRN,2006-01-19,TMAX,183
USC00316676,2012-03-03,TMIN,128
USC00314684,2005-02-20,TMAX,122
USC00314144,2009-11-06,TMIN,-17
USC00310576,2014-01-26,TMAX,83
USW00093765,2010-05-13,TMIN,189
USW00013754,2008-05-26,TMIN,117
USC00315830,2006-07-18,TMIN,211
USC00315830,2006-07-18,TMAX,322
USC00314144,2009-11-06,TMAX,156
USR0000NCRN,2006-01-19,TMIN,6
USC00310356,2008-01-31,TMIN,44
USR0000NNWB,2008-09-25,TMAX,228
USC00314689,2009-06-14,TMAX,317
USC00314689,2009-06-14,TMIN,206
USC00310356,2007-07-05,TMAX,283
USC00310356,2007-07-05,TMIN,211
USC00315830,2015-10-03,TMIN,194
USC00315830,2015-10-03,TMAX,272
USR0000NNWB,2008-09-25,TMIN,167
USW00013754,2008-05-26,TMAX,267
USW00093765,2005-07-01,TMAX,294
USW00093765,2005-01-21,TMIN,-22
USC00314689,2013-11-28,TMIN,-33
USR0000NNWB,2010-10-19,TMAX,278
USW00093719,2015-01-11,TMAX,133
USW00093765,2014-05-02,TMAX,200
USW00093765,2014-05-02,TMIN,156
USR0000NCRN,2005-07-19,TMAX,328
USR0000NCRN,2005-07-19,TMIN,250
USW00093719,2005-08-04,TMAX,328
USC00315830,2009-08-25,TMAX,289
USC00315830,2009-08-25,TMIN,222
USW00093765,2011-06-04,TMIN,150
USC00317170,2015-06-01,TMAX,361
USW00093743,2008-01-31,TMIN,39
USW00093743,2008-01-31,TMAX,139
USC00317170,2015-06-01,TMIN,183
USC00314689,2007-10-22,TMAX,283
USC00314689,2007-10-22,TMIN,133
USC00310576,2005-03-11,TMIN,22
USC00310576,2005-03-11,TMAX,161
USW00013754,2007-10-26,TMAX,272
USC00316676,2011-07-25,TMAX,350
USW00093765,2005-01-21,TMAX,56
USC00314689,2010-09-08,TMIN,161
USC00316676,2012-03-03,TMAX,211
USC00314689,2010-09-08,TMAX,333
USC00316676,2011-07-25,TMIN,228
USW00093765,2012-05-17,TMIN,200
USW00093719,2007-08-03,TMAX,306
USC00315830,2015-10-15,TMAX,256
USC00315830,2015-10-15,TMIN,128
USW00093765,2012-05-17,TMAX,261
USW00093719,2007-08-03,TMIN,206
USW00093765,2010-05-13,TMAX,239
USW00093765,2011-06-04,TMAX,289
USR0000NHOF,2010-11-18,TMIN,-11
USC00314689,2005-09-08,TMIN,178
USC00315830,2009-08-03,TMAX,289
USC00314689,2005-09-08,TMAX,289
USR0000NHOF,2011-05-29,TMAX,289
USR0000NHOF,2011-05-29,TMIN,178
USC00314684,2006-07-30,TMAX,322
USR0000NNWB,2010-11-08,TMIN,6
USW00013754,2012-06-01,TMIN,206
USC00314144,2008-12-23,TMAX,89
USC00314689,2011-09-13,TMIN,161
USC00310356,2011-04-27,TMAX,250
USC00310576,2011-07-08,TMAX,328
USW00013754,2010-01-24,TMAX,194
USW00013754,2010-01-24,TMIN,50
USC00310576,2011-07-08,TMIN,228
USW00013754,2012-06-01,TMAX,289
USR0000NCRN,2005-05-01,TMIN,100
USC00310576,2006-03-28,TMAX,178
USC00310576,2006-03-28,TMIN,6
USC00310576,2013-02-27,TMAX,211
USC00317170,2014-05-02,TMIN,167
USC00317170,2008-02-15,TMIN,22
USC00317170,2008-02-15,TMAX,167
USC00310356,2009-04-14,TMIN,128
USC00317170,2014-05-02,TMAX,211
USC00316676,2013-11-04,TMAX,172
USC00314689,2007-01-30,TMIN,-33
USC00314689,2007-01-30,TMAX,94
USR0000NNWB,2008-02-23,TMAX,167
USR0000NNWB,2008-02-23,TMIN,78
USC00314144,2008-12-23,TMIN,-100
USR0000NCRN,2005-05-01,TMAX,194
USW00093765,2013-10-28,TMAX,222
USR0000NNWB,2010-11-08,TMAX,178
USC00315830,2009-08-03,TMIN,233
USR0000NCRN,2012-08-16,TMAX,300
USR0000NCRN,2009-02-19,TMAX,189
USR0000NCRN,2009-02-19,TMIN,44
USC00314689,2015-06-28,TMAX,350
USC00315830,2009-01-03,TMIN,33
USC00314684,2011-06-27,TMAX,350
USW00013754,2005-05-25,TMAX,189
USC00310356,2015-07-18,TMAX,328
USC00317170,2014-06-23,TMAX,289
USC00317170,2014-06-23,TMIN,194
USC00314689,2015-06-28,TMIN,211
USC00314684,2011-06-27,TMIN,228
USR0000NHOF,2010-11-18,TMAX,172
USC00310576,2014-01-26,TMIN,-28
USC00315830,2009-01-03,TMAX,150
USW00093719,2005-08-04,TMIN,206
USC00314689,2011-09-13,TMAX,311
USC00314684,2012-09-09,TMAX,317
USW00093765,2013-10-28,TMIN,78
USC00314684,2006-07-30,TMIN,228
USC00314684,2010-01-02,TMAX,72
USC00315830,2013-05-02,TMIN,172
USC00315830,2013-05-02,TMAX,233
USC00314684,2010-01-02,TMIN,-44
USW00013754,2005-05-25,TMIN,122
USC00310356,2009-04-14,TMAX,183
USR0000NCRN,2012-08-16,TMIN,217
USW00013754,2008-03-03,TMIN,22
USW00013754,2008-03-03,TMAX,206
USW00013754,2008-11-08,TMIN,106
USC00310356,2015-07-18,TMIN,239
USC00314684,2012-09-09,TMIN,194
USW00013754,2008-11-08,TMAX,233
USW00093719,2015-01-11,TMIN,-82
USR0000NCRN,2006-09-25,TMAX,256
USC00310576,2014-10-09,TMIN,144
USC00310576,2014-04-12,TMAX,261
USW00093765,2010-09-15,TMIN,211
USW00093765,2014-12-23,TMIN,67
USC00310356,2012-02-09,TMAX,161
USC00310356,2005-08-13,TMIN,256
USC00315830,2011-02-14,TMIN,56
USC00310356,2005-08-13,TMAX,317
USW00093765,2014-12-23,TMAX,172
USC00314144,2008-01-06,TMIN,39
USC00314144,2008-01-06,TMAX,206
USR0000NCRN,2008-06-29,TMIN,250
USC00315830,2011-02-14,TMAX,139
USR0000NCRN,2008-06-29,TMAX,317
USW00013754,2009-03-16,TMIN,100
USW00013754,2009-03-16,TMAX,122
USC00314689,2009-05-20,TMAX,250
USC00314689,2005-11-06,TMAX,233
USR0000NCRN,2008-05-11,TMIN,128
USR0000NCRN,2008-05-11,TMAX,233
USC00317170,2009-10-26,TMAX,178
USC00310356,2011-12-11,TMIN,67
USC00310356,2011-12-11,TMAX,111
USC00314684,2006-12-27,TMAX,150
USC00310356,2012-02-09,TMIN,22
USC00314684,2006-12-27,TMIN,39
USC00314144,2008-10-27,TMAX,217
USC00314689,2007-06-07,TMAX,328
USC00314689,2007-06-07,TMIN,178
USC00317170,2009-10-26,TMIN,122
USC00314689,2009-05-20,TMIN,78
USC00314689,2005-11-06,TMIN,133
USC00314144,2008-10-27,TMIN,22
USC00310576,2014-04-12,TMIN,117
USW00093765,2007-02-19,TMIN,-32
USW00093765,2007-02-19,TMAX,78
USC00314684,2010-03-10,TMAX,222
USC00315830,2012-10-28,TMIN,150
USC00315830,2012-10-28,TMAX,244
USC00310356,2015-12-09,TMAX,150
USC00310356,2015-12-09,TMIN,67
USW00093743,2014-05-13,TMAX,278
USC00314684,2010-03-10,TMIN,22
USW00093743,2014-05-13,TMIN,206
USW00093719,2007-01-13,TMIN,67
USC00314684,2011-07-13,TMAX,389
USW00013754,2007-08-11,TMIN,222
USC00317170,2013-10-28,TMAX,211
USW00013754,2007-08-11,TMAX,289
USR0000NHOF,2005-08-13,TMAX,311
USW00093719,2007-01-13,TMAX,228
USC00316096,2013-11-28,TMAX,67
USW00093765,2011-09-05,TMAX,294
USC00314689,2010-06-15,TMAX,356
USC00310356,2012-07-23,TMAX,306
USW00093765,2010-09-15,TMAX,300
USC00310356,2012-07-23,TMIN,244
USC00314684,2015-11-11,TMAX,217
USR0000NNWB,2009-07-26,TMIN,239
USC00314684,2015-11-11,TMIN,83
USC00314689,2010-06-15,TMIN,222
USW00093719,2006-02-14,TMAX,133
USR0000NHOF,2007-03-22,TMIN,61
USR0000NHOF,2007-03-22,TMAX,228
USC00317170,2009-09-24,TMIN,194
USW00093719,2006-02-14,TMIN,-22
USC00317170,2009-09-24,TMAX,322
USW00093765,2011-09-05,TMIN,250
USR0000NNWB,2009-07-26,TMAX,339
USR0000NNWB,2011-07-18,TMIN,183
USC00316096,2013-11-28,TMIN,-22
USC00314684,2007-01-30,TMIN,-44
USC00316676,2010-02-19,TMAX,117
USR0000NHOF,2009-08-16,TMIN,200
USC00310576,2005-12-05,TMAX,150
USW00093765,2005-03-30,TMIN,83
USC00314144,2006-01-03,TMAX,200
USR0000NCRN,2008-03-17,TMIN,28
USR0000NCRN,2008-03-17,TMAX,133
USW00093719,2015-10-30,TMAX,228
USW00093719,2015-10-30,TMIN,122
USR0000NHOF,2009-08-16,TMAX,306
USR0000NCRN,2009-10-08,TMIN,178
USW00093719,2015-08-31,TMAX,272
USR0000NNWB,2006-02-03,TMAX,200
USR0000NNWB,2008-05-26,TMIN,111
USC00316676,2015-08-05,TMAX,294
USC00316676,2015-08-05,TMIN,233
USR0000NNWB,2008-05-26,TMAX,289
USR0000NNWB,2010-10-19,TMIN,133
USC00310576,2014-10-09,TMAX,300
USR0000NCRN,2006-09-25,TMIN,167
USC00310576,2014-09-03,TMAX,344
USC00310576,2014-09-03,TMIN,239
USR0000NHOF,2011-12-11,TMIN,-11
USC00316676,2010-02-19,TMIN,-6
USC00314689,2010-04-27,TMAX,272
USR0000NHOF,2011-12-11,TMAX,111
USC00314684,2009-08-20,TMAX,333
USR0000NNWB,2006-02-03,TMIN,122
USC00314684,2009-08-20,TMIN,222
USR0000NNWB,2012-06-01,TMAX,317
USR0000NNWB,2012-06-01,TMIN,217
USC00314689,2013-11-28,TMAX,72
USW00093765,2005-03-30,TMAX,200
USC00310576,2005-12-05,TMIN,83
USC00314689,2010-04-27,TMIN,144
USC00314684,2009-01-31,TMAX,122
USC00314689,2005-01-25,TMAX,111
USC00315830,2007-05-05,TMIN,161
USC00314684,2009-01-31,TMIN,-39
USC00314684,2015-04-10,TMIN,150
USW00093765,2012-08-08,TMAX,278
USW00013754,2013-01-09,TMAX,211
USC00315830,2006-06-24,TMAX,294
USW00093765,2012-08-08,TMIN,244
USW00093765,2015-06-01,TMIN,206
USW00093765,2015-06-01,TMAX,272
USC00310576,2014-02-10,TMAX,122
USC00310576,2014-02-10,TMIN,11
USC00314684,2015-04-10,TMAX,272
USC00315830,2006-06-24,TMIN,244
USC00314684,2007-01-30,TMAX,33
USC00315830,2007-05-05,TMAX,244
USC00316676,2014-11-11,TMAX,189
USC00317170,2015-05-10,TMAX,244
USC00317170,2015-05-10,TMIN,206
USC00315830,2010-03-20,TMAX,222
USC00315830,2010-03-20,TMIN,67
USC00314689,2010-07-19,TMIN,239
USC00314144,2006-01-03,TMIN,78
USC00316676,2014-11-11,TMIN,56
USC00314689,2010-07-19,TMAX,339
USR0000NCRN,2012-10-05,TMAX,272
USC00314689,2005-01-25,TMIN,-83
USR0000NCRN,2012-10-05,TMIN,167
USW00093743,2007-07-05,TMIN,244
USW00013754,2013-01-09,TMIN,50
USW00093719,2015-08-31,TMIN,222
USW00093743,2007-07-05,TMAX,294
USC00314144,2011-03-02,TMIN,-28
USR0000NHOF,2009-10-08,TMAX,228
USR0000NHOF,2009-10-08,TMIN,61
USC00316676,2010-09-29,TMAX,261
USR0000NCRN,2009-01-15,TMIN,-11
USR0000NCRN,2014-01-13,TMAX,178
USW00093765,2013-11-28,TMAX,67
USC00310356,2005-03-02,TMIN,6
USC00310356,2005-03-02,TMAX,117
USW00093765,2013-11-28,TMIN,-5
USC00315830,2013-07-02,TMIN,244
USW00093719,2008-09-25,TMIN,167
USC00310576,2007-03-02,TMAX,217
USC00315830,2013-07-02,TMAX,300
USR0000NCRN,2009-01-18,TMIN,-17
USR0000NCRN,2009-01-18,TMAX,200
USC00317170,2008-05-26,TMIN,117
USC00317170,2008-05-26,TMAX,283
USC00314684,2013-10-28,TMAX,206
USC00315830,2013-01-22,TMAX,172
USC00310356,2012-01-10,TMAX,106
USW00013754,2005-07-29,TMAX,300
USC00310576,2007-03-02,TMIN,50
USC00315830,2013-01-22,TMIN,11
USC00314144,2005-06-01,TMIN,94
USC00315830,2007-05-22,TMIN,178
USC00316676,2010-09-29,TMIN,189
USC00315830,2007-05-22,TMAX,261
USC00314684,2010-06-30,TMAX,333
USC00314684,2010-06-30,TMIN,211
USR0000NCRN,2005-06-03,TMIN,211
USW00093719,2006-06-24,TMAX,311
USW00093719,2006-06-24,TMIN,206
USW00093719,2008-09-25,TMAX,228
USR0000NCRN,2005-06-03,TMAX,267
USC00310576,2008-10-10,TMIN,150
USR0000NCRN,2009-01-15,TMAX,111
USC00310576,2005-04-05,TMAX,239
USW00093765,2007-09-27,TMIN,228
USR0000NCRN,2015-07-28,TMAX,306
USC00314144,2008-12-09,TMIN,-28
USC00314144,2008-12-09,TMAX,178
USC00315830,2009-06-27,TMIN,217
USR0000NNWB,2005-02-09,TMAX,200
USW00093719,2011-10-18,TMAX,283
USW00013754,2014-05-02,TMAX,217
USC00314689,2014-06-23,TMIN,189
USC00310576,2010-04-29,TMIN,44
USW00013754,2014-05-02,TMIN,156
USW00013754,2008-10-22,TMAX,156
USC00314689,2014-06-23,TMAX,294
USC00314684,2005-11-06,TMAX,239
USC00314684,2005-11-06,TMIN,111
USC00310356,2012-01-10,TMIN,78
USR0000NHOF,2011-08-13,TMIN,194
USC00310576,2005-04-05,TMIN,56
USR0000NCRN,2014-01-13,TMIN,-6
USC00314684,2006-05-21,TMIN,150
USW00013754,2009-03-24,TMIN,22
USR0000NNWB,2012-09-09,TMIN,161
USR0000NNWB,2012-09-09,TMAX,272
USR0000NHOF,2011-08-13,TMAX,294
USC00314684,2006-05-21,TMAX,278
USW00013754,2009-03-24,TMAX,111
USC00316096,2011-04-01,TMIN,22
USC00314684,2013-10-28,TMIN,22
USW00093719,2011-10-18,TMIN,156
USC00314689,2013-08-20,TMIN,222
USC00314689,2013-08-20,TMAX,283
USC00316096,2011-04-01,TMAX,139
USC00316676,2014-10-08,TMAX,256
USC00314144,2010-02-20,TMIN,-61
USC00314144,2010-02-20,TMAX,144
USC00317170,2008-09-08,TMAX,317
USC00314684,2008-10-05,TMIN,94
USR0000NCRN,2009-04-14,TMIN,156
USW00013754,2010-07-26,TMIN,233
USW00013754,2010-07-26,TMAX,317
USW00093719,2006-08-10,TMAX,322
USW00093719,2006-08-10,TMIN,206
USC00315830,2006-03-28,TMIN,28
USC00315830,2006-03-28,TMAX,161
USC00314684,2008-10-05,TMAX,267
USW00093743,2008-08-22,TMIN,139
USW00093743,2008-08-22,TMAX,211
USW00093719,2009-11-13,TMAX,150
USR0000NHOF,2008-03-17,TMIN,-17
USR0000NHOF,2008-03-17,TMAX,133
USC00314689,2013-10-08,TMAX,239
USC00315830,2007-11-03,TMIN,111
USR0000NNWB,2011-06-13,TMIN,206
USR0000NNWB,2008-08-27,TMIN,233
USR0000NCRN,2010-06-19,TMIN,228
USR0000NNWB,2008-08-27,TMAX,267
USW00093765,2010-03-10,TMIN,89
USW00093765,2010-03-10,TMAX,200
USC00317170,2008-09-08,TMIN,222
USC00316096,2014-06-23,TMIN,211
USR0000NCRN,2010-06-19,TMAX,306
USC00310356,2012-11-20,TMIN,106
USC00310356,2012-11-20,TMAX,144
USC00314689,2013-10-08,TMIN,150
USC00315830,2007-11-03,TMAX,250
USW00093719,2009-11-13,TMIN,117
USR0000NNWB,2014-05-02,TMAX,217
USC00310356,2012-03-01,TMIN,156
USR0000NNWB,2014-08-15,TMIN,172
USC00315830,2006-10-08,TMAX,272
USW00013754,2005-07-29,TMIN,228
USC00310356,2012-03-01,TMAX,194
USR0000NHOF,2006-09-25,TMAX,239
USR0000NNWB,2005-02-03,TMAX,67
USC00310576,2008-10-10,TMAX,267
USC00316096,2013-10-08,TMIN,167
USC00314689,2007-04-24,TMAX,278
USC00316096,2013-10-08,TMAX,228
USR0000NHOF,2011-06-11,TMIN,183
USR0000NHOF,2006-09-25,TMIN,117
USR0000NHOF,2011-06-11,TMAX,311
USC00314689,2015-05-10,TMAX,250
USC00314684,2009-02-16,TMAX,111
USC00316676,2014-10-08,TMIN,117
USC00314684,2009-02-16,TMIN,11
USC00314144,2005-06-01,TMAX,228
USR0000NNWB,2005-02-03,TMIN,6
USR0000NCRN,2009-04-14,TMAX,194
USC00315830,2006-10-08,TMIN,111
USW00013754,2009-05-26,TMAX,267
USR0000NCRN,2012-04-19,TMAX,183
USR0000NCRN,2012-04-19,TMIN,144
USW00013754,2009-05-26,TMIN,189
USC00310576,2008-12-20,TMAX,211
USC00314689,2007-04-24,TMIN,172
USC00314684,2005-03-14,TMAX,239
USR0000NNWB,2014-08-15,TMAX,322
USR0000NHOF,2011-02-02,TMIN,111
USW00093719,2007-01-30,TMIN,-39
USW00093719,2007-01-30,TMAX,100
USR0000NHOF,2011-02-02,TMAX,222
USC00310576,2008-12-20,TMIN,128
USC00314684,2005-03-14,TMIN,39
USW00093765,2007-09-27,TMAX,272
USC00315830,2009-06-27,TMAX,317
USR0000NCRN,2015-07-28,TMIN,200
USC00314684,2013-08-20,TMAX,250
USC00314684,2013-08-20,TMIN,211
USR0000NHOF,2008-07-09,TMIN,211
USR0000NHOF,2005-06-13,TMIN,206
USW00093765,2011-05-22,TMIN,189
USW00093765,2012-01-17,TMIN,89
USW00093765,2012-01-17,TMAX,178
USC00316676,2008-03-31,TMIN,78
USW00093719,2011-02-05,TMAX,183
USC00310576,2011-11-28,TMIN,61
USC00310576,2011-11-28,TMAX,222
USW00093719,2011-02-05,TMIN,44
USR0000NHOF,2012-04-19,TMIN,133
USR0000NHOF,2012-04-19,TMAX,178
USC00314689,2006-09-03,TMAX,294
USW00093743,2012-04-19,TMIN,144
USW00093743,2012-04-19,TMAX,194
USW00013754,2012-09-09,TMIN,178
USW00013754,2012-09-09,TMAX,261
USC00314144,2008-08-12,TMIN,122
USC00314689,2008-02-18,TMIN,161
USC00316676,2011-08-18,TMAX,317
USC00310356,2012-04-19,TMAX,272
USR0000NNWB,2007-01-30,TMIN,-28
USC00310356,2012-04-19,TMIN,156
USR0000NNWB,2010-07-26,TMAX,328
USR0000NNWB,2010-07-26,TMIN,256
USC00316676,2008-03-31,TMAX,122
USC00314689,2006-09-03,TMIN,178
USW00093765,2006-12-15,TMIN,94
USW00093765,2006-12-15,TMAX,161
USR0000NCRN,2009-05-30,TMAX,289
USR0000NNWB,2007-01-30,TMAX,100
USC00316096,2015-11-11,TMAX,194
USW00093765,2011-05-22,TMAX,278
USR0000NHOF,2014-01-26,TMAX,133
USC00317170,2009-06-02,TMIN,217
USC00317170,2009-06-02,TMAX,333
USC00317170,2015-11-25,TMIN,-6
USC00310356,2010-09-20,TMIN,189
USW00093719,2009-03-16,TMAX,117
USR0000NCRN,2011-04-27,TMAX,261
USW00093719,2009-03-16,TMIN,94
USW00093743,2011-02-04,TMAX,67
USC00314684,2010-05-13,TMAX,278
USC00314684,2010-05-13,TMIN,172
USC00314684,2011-09-13,TMIN,156
USC00310356,2012-06-26,TMIN,189
USC00315830,2010-09-12,TMAX,256
USC00310356,2012-06-26,TMAX,256
USC00314689,2008-02-18,TMAX,211
USC00317170,2015-11-25,TMAX,161
USC00310576,2005-05-01,TMIN,133
USC00314684,2009-05-20,TMIN,83
USR0000NCRN,2010-02-20,TMAX,122
USR0000NHOF,2008-07-09,TMAX,294
USC00314684,2009-05-20,TMAX,189
USR0000NCRN,2010-02-20,TMIN,-33
USC00316096,2015-11-11,TMIN,83
USR0000NCRN,2011-04-27,TMIN,194
USC00310356,2010-09-20,TMAX,294
USR0000NNWB,2006-04-24,TMAX,289
USC00314144,2009-04-23,TMIN,17
USC00314144,2009-04-23,TMAX,261
USR0000NNWB,2006-04-24,TMIN,172
USR0000NHOF,2005-06-13,TMAX,289
USC00310576,2005-05-01,TMAX,211
USR0000NHOF,2014-01-26,TMIN,-39
USC00316096,2014-06-23,TMAX,289
USR0000NNWB,2007-07-23,TMAX,294
USR0000NCRN,2009-05-30,TMIN,183
USC00316096,2011-12-30,TMIN,-6
USC00316096,2013-08-20,TMAX,283
USC00316096,2013-08-20,TMIN,222
USR0000NNWB,2010-10-02,TMAX,233
USR0000NCRN,2006-11-06,TMIN,72
USR0000NCRN,2006-11-06,TMAX,194
USW00093765,2009-07-11,TMIN,161
USW00093765,2009-07-11,TMAX,267
USC00317170,2014-12-12,TMIN,-28
USC00316676,2010-03-28,TMAX,156
USW00013754,2014-08-15,TMAX,306
USW00013754,2014-08-15,TMIN,172
USR0000NNWB,2010-10-02,TMIN,139
USC00316676,2010-03-28,TMIN,50
USC00316676,2008-11-13,TMAX,178
USC00316676,2008-11-13,TMIN,94
USW00093719,2009-09-24,TMAX,311
USW00013754,2008-10-22,TMIN,67
USC00314144,2005-09-28,TMIN,139
USC00310576,2010-04-29,TMAX,211
USC00317170,2015-09-16,TMIN,122
USC00314144,2005-09-28,TMAX,278
USC00317170,2015-09-16,TMAX,306
USC00316096,2011-12-30,TMAX,161
USC00310576,2013-03-21,TMAX,144
USC00314689,2008-07-27,TMIN,228
USR0000NNWB,2005-02-09,TMIN,94
USC00314689,2008-07-27,TMAX,322
USW00013754,2012-11-09,TMAX,161
USW00013754,2012-11-09,TMIN,0
USW00093719,2009-09-24,TMIN,189
USC00310576,2013-03-21,TMIN,11
USW00093719,2005-08-08,TMIN,217
USC00317170,2012-06-14,TMIN,150
USW00093719,2005-08-08,TMAX,272
USW00093719,2011-09-05,TMAX,311
USC00310576,2009-10-20,TMIN,28
USC00310576,2009-10-20,TMAX,167
USC00314684,2013-10-08,TMIN,150
USC00314144,2007-11-04,TMIN,-22
USC00314144,2007-11-04,TMAX,194
USW00093719,2011-09-05,TMIN,206
USC00314144,2008-08-12,TMAX,294
USR0000NHOF,2008-08-22,TMAX,289
USR0000NNWB,2007-07-23,TMIN,172
USR0000NHOF,2008-08-22,TMIN,167
USR0000NCRN,2013-09-16,TMAX,294
USR0000NCRN,2013-09-16,TMIN,167
USC00314144,2010-06-23,TMAX,361
USC00314684,2013-10-08,TMAX,289
USC00316676,2011-08-18,TMIN,178
USC00317170,2014-12-23,TMIN,56
USC00317170,2014-12-23,TMAX,117
USC00317170,2012-06-14,TMAX,256
USC00314684,2011-12-23,TMIN,150
USR0000NHOF,2015-03-21,TMIN,61
USW00013754,2005-11-16,TMIN,167
USR0000NHOF,2015-03-21,TMAX,206
USC00314684,2011-12-23,TMAX,244
USR0000NHOF,2015-11-20,TMAX,200
USC00317170,2014-12-12,TMAX,117
USC00314144,2010-06-23,TMIN,250
USW00013754,2005-11-16,TMAX,256
USR0000NHOF,2015-11-20,TMIN,50
USC00316676,2013-05-01,TMIN,156
USC00310576,2006-07-18,TMAX,317
USC00316676,2013-05-01,TMAX,244
USC00310576,2006-07-18,TMIN,200
USC00310576,2013-02-27,TMIN,78
USR0000NNWB,2014-05-02,TMIN,144
USW00093743,2012-11-20,TMAX,144
USR0000NHOF,2013-03-21,TMIN,-39
USR0000NHOF,2013-03-21,TMAX,106
USC00314689,2006-07-30,TMAX,317
USC00316676,2012-07-30,TMIN,211
USC00314689,2010-04-22,TMIN,106
USC00316676,2012-07-30,TMAX,317
USW00093765,2008-11-20,TMIN,33
USW00093765,2008-11-20,TMAX,139
USW00093719,2009-07-11,TMIN,150
USW00093719,2009-07-11,TMAX,294
USW00093719,2010-10-05,TMAX,211
USR0000NHOF,2014-03-11,TMIN,61
USR0000NHOF,2007-10-13,TMIN,17
USC00310576,2012-02-14,TMIN,-28
USW00093743,2013-03-21,TMIN,-5
USW00093743,2013-03-21,TMAX,117
USW00093743,2008-06-08,TMAX,311
USC00314144,2010-05-24,TMIN,172
USC00314144,2010-05-24,TMAX,261
USW00093719,2012-03-11,TMAX,172
USC00310576,2010-11-26,TMIN,33
USC00316676,2005-09-08,TMAX,289
USC00316676,2005-09-08,TMIN,200
USW00013754,2012-05-17,TMIN,178
USR0000NCRN,2012-02-01,TMAX,189
USC00316676,2005-11-19,TMIN,-17
USW00093743,2008-06-08,TMIN,222
USC00310356,2013-03-21,TMAX,156
USR0000NHOF,2007-10-13,TMAX,233
USW00093765,2015-01-02,TMIN,94
USC00310356,2013-03-21,TMIN,50
USR0000NCRN,2011-05-19,TMIN,122
USW00093719,2012-03-11,TMIN,11
USW00013754,2012-05-17,TMAX,244
USW00093743,2012-03-01,TMAX,222
USC00315830,2006-12-10,TMIN,-33
USC00315830,2006-12-10,TMAX,128
USC00310576,2011-01-20,TMAX,139
USC00310576,2011-01-20,TMIN,22
USC00314684,2014-07-10,TMIN,222
USC00314684,2014-07-10,TMAX,339
USC00316676,2012-02-16,TMAX,183
USC00315830,2009-12-12,TMIN,-6
USC00315830,2009-12-12,TMAX,172
USC00314144,2006-11-06,TMIN,22
USC00314144,2006-11-06,TMAX,200
USC00314689,2005-02-20,TMIN,17
USC00314689,2005-02-20,TMAX,139
USC00314689,2006-12-27,TMIN,50
USC00314689,2006-12-27,TMAX,128
USC00310356,2014-03-11,TMAX,161
USC00310356,2014-03-11,TMIN,67
USW00093719,2010-10-05,TMIN,83
USC00310576,2013-07-02,TMAX,261
USC00310576,2013-07-02,TMIN,222
USC00314689,2006-07-30,TMIN,233
USC00310356,2008-06-08,TMIN,233
USC00310576,2015-08-16,TMIN,156
USR0000NHOF,2014-03-11,TMAX,267
USC00310576,2015-08-16,TMAX,300
USC00310356,2008-06-08,TMAX,294
USC00314684,2007-09-01,TMAX,317
USR0000NNWB,2008-01-13,TMIN,78
USC00316676,2005-11-19,TMAX,117
USR0000NNWB,2008-01-13,TMAX,128
USC00310576,2012-02-14,TMAX,111
USC00314684,2007-09-01,TMIN,167
USR0000NCRN,2011-05-19,TMAX,239
USR0000NCRN,2007-07-02,TMAX,278
USC00314144,2006-11-25,TMAX,189
USC00314684,2014-06-05,TMAX,344
USC00314684,2012-06-14,TMAX,294
USC00316676,2012-01-01,TMAX,194
USC00314684,2012-06-14,TMIN,144
USC00315830,2015-04-19,TMIN,178
USC00315830,2015-04-19,TMAX,244
USC00310356,2009-02-12,TMIN,111
USC00310356,2009-02-12,TMAX,156
USC00316096,2010-07-19,TMAX,300
USC00316096,2010-07-19,TMIN,250
USW00093765,2008-09-08,TMIN,244
USC00314684,2015-05-10,TMIN,189
USW00093765,2008-09-08,TMAX,306
USC00315830,2007-07-11,TMIN,228
USC00315830,2007-07-11,TMAX,311
USC00314684,2015-05-10,TMAX,261
USR0000NNWB,2007-06-12,TMIN,161
USR0000NHOF,2009-09-16,TMAX,294
USC00314684,2014-06-23,TMAX,289
USC00314684,2014-06-23,TMIN,189
USR0000NHOF,2009-09-16,TMIN,156
USC00310356,2011-05-29,TMIN,228
USR0000NNWB,2011-07-18,TMAX,344
USC00316096,2009-09-11,TMIN,167
USC00310356,2011-05-29,TMAX,283
USC00315830,2010-01-24,TMIN,56
USC00315830,2010-01-24,TMAX,172
USC00310576,2012-03-25,TMAX,239
USW00093719,2010-10-19,TMAX,272
USW00093719,2010-10-19,TMIN,122
USR0000NNWB,2007-06-12,TMAX,278
USR0000NHOF,2012-03-01,TMAX,267
USC00316096,2009-09-11,TMAX,233
USW00093719,2012-06-01,TMAX,306
USW00093719,2012-06-01,TMIN,217
USR0000NCRN,2013-05-02,TMAX,211
USW00093719,2014-05-02,TMAX,222
USR0000NNWB,2010-08-31,TMAX,356
USW00093743,2009-02-12,TMAX,222
USW00093743,2009-02-12,TMIN,117
USC00314689,2010-04-22,TMAX,239
USW00093765,2015-01-02,TMAX,150
USC00314144,2005-11-13,TMAX,250
USW00093743,2012-03-01,TMIN,144
USC00315830,2009-01-09,TMAX,144
USC00315830,2009-01-09,TMIN,0
USC00310576,2010-11-26,TMAX,211
USR0000NCRN,2012-02-01,TMIN,111
USC00314144,2006-11-25,TMIN,-6
USC00314144,2005-11-13,TMIN,33
USC00316676,2006-12-04,TMIN,72
USW00093719,2014-05-02,TMIN,150
USC00314684,2014-06-05,TMIN,217
USR0000NNWB,2012-05-17,TMIN,167
USW00093765,2007-01-30,TMIN,0
USC00316676,2012-01-01,TMIN,6
USW00093719,2005-07-01,TMIN,228
USW00093719,2005-07-01,TMAX,339
USW00013754,2015-06-01,TMIN,178
USR0000NCRN,2013-05-02,TMIN,144
USR0000NNWB,2012-05-17,TMAX,233
USW00013754,2015-06-01,TMAX,306
USR0000NNWB,2010-08-31,TMIN,200
USR0000NHOF,2008-06-08,TMIN,211
USC00310356,2006-01-03,TMAX,172
USR0000NHOF,2008-06-08,TMAX,361
USC00310356,2006-01-03,TMIN,83
USW00093765,2007-01-30,TMAX,89
USC00316676,2006-12-04,TMAX,150
USC00317170,2010-03-10,TMIN,28
USR0000NHOF,2009-02-12,TMAX,206
USW00093765,2015-11-25,TMAX,161
USW00093765,2008-05-26,TMIN,133
USW00093765,2008-05-26,TMAX,250
USW00093719,2015-03-08,TMIN,33
USC00310576,2015-03-28,TMIN,50
USC00314689,2006-05-21,TMAX,278
USC00314689,2006-05-21,TMIN,167
USC00315830,2014-02-10,TMIN,50
USC00310576,2005-12-16,TMAX,172
USC00310576,2005-12-16,TMIN,17
USR0000NCRN,2014-06-12,TMAX,278
USR0000NCRN,2014-06-12,TMIN,217
USC00314144,2008-07-14,TMIN,206
USC00314144,2008-07-14,TMAX,311
USC00310576,2015-03-28,TMAX,178
USW00093743,2013-02-27,TMAX,150
USC00315830,2014-02-10,TMAX,111
USR0000NHOF,2013-02-27,TMAX,144
USC00314144,2011-03-02,TMAX,189
USR0000NNWB,2006-06-24,TMAX,317
USR0000NNWB,2006-06-24,TMIN,217
USR0000NNWB,2015-10-30,TMIN,117
USW00093743,2013-02-27,TMIN,94
USR0000NNWB,2009-03-24,TMIN,33
USC00310576,2015-01-20,TMAX,167
USC00315830,2014-04-12,TMAX,233
USR0000NNWB,2015-10-30,TMAX,233
USW00093743,2011-08-13,TMAX,317
USC00315830,2014-04-12,TMIN,150
USW00093719,2011-03-15,TMIN,67
USW00093743,2011-08-13,TMIN,272
USW00093719,2011-03-15,TMAX,144
USC00314689,2010-12-24,TMAX,78
USR0000NNWB,2009-03-24,TMAX,133
USC00310356,2008-03-17,TMAX,139
USW00093719,2008-01-19,TMAX,67
USW00093719,2008-01-19,TMIN,17
USR0000NCRN,2014-03-11,TMIN,67
USC00316096,2015-05-10,TMAX,250
USW00093719,2015-03-13,TMIN,50
USR0000NCRN,2014-03-11,TMAX,211
USW00093719,2015-03-08,TMAX,222
USC00316096,2015-05-10,TMIN,200
USC00317170,2013-11-28,TMIN,-17
USC00317170,2013-11-28,TMAX,72
USR0000NNWB,2011-06-13,TMAX,322
USW00093743,2008-03-17,TMIN,33
USC00310356,2008-08-22,TMAX,311
USC00315830,2005-05-30,TMIN,183
USW00093743,2008-03-17,TMAX,133
USR0000NHOF,2013-02-27,TMIN,72
USC00315830,2014-05-22,TMAX,311
USW00093719,2012-09-09,TMIN,172
USC00310356,2008-03-17,TMIN,44
USC00314689,2010-12-24,TMIN,-28
USW00093765,2015-11-25,TMIN,39
USC00310576,2015-01-20,TMIN,28
USW00093743,2012-11-20,TMIN,100
USC00310576,2007-10-01,TMAX,272
USW00093719,2012-09-09,TMAX,261
USC00310356,2013-02-27,TMIN,106
USC00310356,2013-02-27,TMAX,200
USR0000NNWB,2012-08-24,TMIN,211
USC00314684,2011-03-29,TMAX,89
USC00315830,2014-05-22,TMIN,206
USC00314684,2011-03-29,TMIN,-22
USC00316676,2010-12-05,TMIN,6
USR0000NNWB,2012-08-24,TMAX,244
USC00310356,2008-08-22,TMIN,233
USW00013754,2011-07-18,TMAX,322
USC00315830,2011-02-03,TMAX,172
USR0000NHOF,2014-07-30,TMAX,322
USC00314684,2007-11-22,TMIN,6
USC00310576,2012-10-05,TMIN,178
USC00310576,2012-10-05,TMAX,289
USC00314684,2007-11-22,TMAX,244
USC00315830,2011-05-03,TMAX,256
USR0000NCRN,2005-09-28,TMAX,278
USR0000NCRN,2005-09-28,TMIN,161
USW00013754,2010-11-08,TMAX,167
USW00013754,2014-12-28,TMAX,233
USW00013754,2014-12-28,TMIN,67
USW00013754,2010-11-08,TMIN,17
USC00316676,2015-02-11,TMAX,61
USC00315830,2011-05-03,TMIN,106
USC00310356,2011-08-13,TMIN,272
USC00310356,2011-08-13,TMAX,322
USC00315830,2011-02-03,TMIN,56
USC00310356,2014-07-30,TMAX,300
USW00013754,2012-08-24,TMAX,261
USW00013754,2012-08-24,TMIN,211
USC00317170,2010-03-10,TMAX,250
USC00310356,2014-07-30,TMIN,222
USC00314144,2009-06-21,TMAX,322
USC00316676,2015-02-11,TMIN,39
USC00316676,2012-02-16,TMIN,28
USR0000NHOF,2009-02-12,TMIN,56
USC00315830,2014-09-03,TMAX,306
USW00093719,2015-03-13,TMAX,189
USC00315830,2014-09-03,TMIN,261
USC00310356,2005-04-16,TMIN,67
USC00310356,2005-04-16,TMAX,106
USC00314144,2009-06-21,TMIN,194
USR0000NHOF,2014-07-30,TMIN,161
USC00316676,2015-06-28,TMAX,311
USC00315830,2005-05-30,TMAX,256
USR0000NHOF,2012-11-20,TMIN,72
USC00316676,2010-12-05,TMAX,67
USR0000NHOF,2012-11-20,TMAX,128
USW00093765,2007-01-13,TMAX,211
USW00093765,2007-01-13,TMIN,89
USC00314684,2009-11-30,TMAX,211
USC00314689,2010-11-01,TMAX,256
USC00310356,2006-09-25,TMAX,278
USC00310356,2006-09-25,TMIN,172
USW00013754,2007-11-30,TMAX,133
USC00310576,2005-01-06,TMIN,128
USC00315830,2007-06-17,TMIN,222
USC00315830,2007-06-17,TMAX,283
USC00314684,2009-11-30,TMIN,39
USC00310576,2005-01-06,TMAX,222
USW00013754,2011-07-18,TMIN,183
USW00013754,2007-11-30,TMIN,50
USC00314689,2010-11-01,TMIN,94
USC00316676,2015-06-28,TMIN,222
USC00316676,2010-06-11,TMIN,206
USC00316676,2010-06-11,TMAX,322
USC00310356,2011-02-04,TMAX,67
USR0000NCRN,2007-07-02,TMIN,167
USC00317170,2010-06-04,TMAX,339
USR0000NCRN,2011-12-11,TMAX,111
USW00093719,2009-05-15,TMAX,261
USW00093719,2009-05-15,TMIN,178
USC00310576,2007-10-01,TMIN,139
USC00317170,2010-06-04,TMIN,222
USR0000NCRN,2011-12-11,TMIN,39
USC00310356,2008-01-12,TMAX,172
USC00310356,2008-01-12,TMIN,133
USC00310356,2011-02-04,TMIN,22
USC00315830,2015-06-01,TMIN,200
USW00013754,2014-05-30,TMIN,194
USR0000NCRN,2011-11-28,TMIN,167
USC00316676,2006-09-03,TMIN,172
USR0000NCRN,2008-08-22,TMIN,206
USR0000NCRN,2008-08-22,TMAX,306
USC00316676,2011-05-11,TMIN,128
USC00317170,2013-02-07,TMAX,161
USW00013754,2015-01-11,TMAX,117
USC00310356,2011-10-26,TMIN,139
USC00310356,2011-10-26,TMAX,211
USC00314684,2007-03-17,TMIN,6
USC00314684,2007-03-17,TMAX,183
USC00314689,2006-02-09,TMIN,-11
USC00316096,2011-10-11,TMIN,172
USC00316096,2011-10-11,TMAX,228
USC00310356,2007-10-13,TMAX,256
USC00310576,2006-10-08,TMIN,167
USC00315830,2007-06-04,TMAX,272
USC00310576,2006-10-08,TMAX,244
USW00013754,2010-06-04,TMAX,317
USC00316676,2007-01-30,TMIN,-39
USC00316676,2007-01-30,TMAX,50
USW00013754,2010-06-04,TMIN,217
USC00317170,2014-06-05,TMIN,217
USC00310576,2010-09-05,TMIN,133
USC00317170,2013-02-07,TMIN,39
USW00013754,2015-08-31,TMIN,222
USC00317170,2011-10-18,TMIN,167
USC00317170,2011-10-18,TMAX,289
USC00310576,2010-09-05,TMAX,306
USC00315830,2007-06-04,TMIN,217
USC00316676,2006-11-05,TMAX,117
USC00316676,2006-11-05,TMIN,0
USR0000NCRN,2011-01-04,TMAX,122
USR0000NCRN,2006-10-22,TMAX,211
USC00316676,2006-09-03,TMAX,267
USC00314689,2007-06-22,TMIN,189
USR0000NNWB,2012-10-28,TMAX,167
USR0000NNWB,2012-10-28,TMIN,128
USC00310576,2009-11-27,TMAX,189
USC00310576,2009-11-27,TMIN,72
USC00310356,2007-10-13,TMIN,100
USW00093719,2015-06-28,TMIN,206
USC00316096,2009-09-24,TMAX,289
USC00314684,2007-09-09,TMAX,317
USW00093719,2015-06-28,TMAX,300
USC00314684,2010-01-24,TMAX,94
USC00314684,2010-01-24,TMIN,-11
USC00316096,2009-09-24,TMIN,200
USC00310356,2006-03-28,TMIN,-28
USR0000NCRN,2015-12-23,TMAX,233
USR0000NCRN,2015-12-23,TMIN,194
USC00314684,2007-09-09,TMIN,172
USW00013754,2015-08-25,TMAX,311
USR0000NHOF,2015-01-20,TMAX,206
USR0000NNWB,2014-06-23,TMAX,294
USR0000NNWB,2014-06-23,TMIN,206
USR0000NHOF,2015-01-20,TMIN,67
USR0000NNWB,2014-12-05,TMAX,167
USR0000NNWB,2015-05-10,TMAX,250
USC00314689,2007-06-22,TMAX,317
USR0000NNWB,2015-05-10,TMIN,206
USW00013754,2014-11-27,TMAX,144
USW00013754,2015-01-11,TMIN,-49
USC00316676,2006-01-02,TMAX,167
USC00316676,2006-01-02,TMIN,17
USC00310356,2006-03-28,TMAX,133
USW00013754,2015-08-25,TMIN,194
USW00013754,2014-11-27,TMIN,22
USC00317170,2014-06-05,TMAX,333
USR0000NCRN,2011-01-04,TMIN,-56
USC00310356,2005-10-18,TMAX,211
USR0000NCRN,2006-06-24,TMIN,222
USR0000NCRN,2006-06-24,TMAX,289
USC00314689,2009-02-16,TMAX,100
USC00314144,2008-10-03,TMIN,39
USR0000NHOF,2005-10-18,TMAX,261
USC00314689,2009-09-24,TMIN,217
USW00093765,2008-06-14,TMIN,183
USR0000NHOF,2008-11-01,TMAX,222
USC00314689,2009-02-16,TMIN,11
USW00093765,2008-06-14,TMAX,283
USC00314144,2008-07-03,TMAX,306
USW00093719,2005-09-08,TMIN,194
USW00093719,2005-09-08,TMAX,300
USC00314144,2008-07-03,TMIN,128
USW00093765,2005-10-31,TMAX,211
USR0000NHOF,2005-10-18,TMIN,33
USR0000NNWB,2011-01-12,TMIN,-17
USC00310356,2015-01-20,TMAX,150
USR0000NNWB,2014-01-01,TMAX,122
USC00316096,2014-05-02,TMIN,150
USC00316676,2010-04-16,TMAX,228
USC00316096,2014-05-02,TMAX,217
USC00310356,2015-01-20,TMIN,83
USC00314144,2008-10-03,TMAX,239
USC00317170,2009-07-26,TMIN,256
USR0000NNWB,2014-11-27,TMIN,28
USR0000NNWB,2014-11-27,TMAX,128
USW00013754,2014-06-23,TMAX,289
USW00093765,2012-12-06,TMAX,128
USW00013754,2014-06-23,TMIN,222
USW00093719,2015-01-02,TMAX,161
USC00317170,2009-07-26,TMAX,333
USW00093719,2015-01-02,TMIN,72
USC00314689,2009-09-24,TMAX,311
USC00317170,2010-10-29,TMAX,250
USW00093743,2009-06-05,TMAX,278
USC00316096,2015-04-10,TMAX,250
USC00315830,2012-03-25,TMIN,167
USW00013754,2015-08-31,TMAX,278
USC00316676,2011-05-11,TMAX,256
USR0000NNWB,2011-01-12,TMAX,33
USR0000NNWB,2011-03-07,TMIN,22
USW00093743,2009-06-05,TMIN,222
USR0000NCRN,2006-10-22,TMIN,133
USC00315830,2012-03-25,TMAX,233
USC00314684,2011-04-01,TMIN,61
USC00310576,2006-05-22,TMIN,183
USC00310576,2006-05-22,TMAX,239
USC00310356,2005-10-18,TMIN,139
USC00314684,2011-04-01,TMAX,94
USW00093765,2011-02-11,TMAX,44
USR0000NNWB,2011-03-07,TMAX,133
USC00310356,2009-05-30,TMAX,278
USC00317170,2010-10-29,TMIN,94
USC00310356,2009-05-30,TMIN,211
USW00093765,2013-02-07,TMAX,161
USW00093765,2013-02-07,TMIN,72
USW00093765,2012-12-06,TMIN,89
USW00093765,2014-10-09,TMIN,139
USR0000NCRN,2008-02-21,TMIN,0
USW00093765,2014-10-09,TMAX,250
USC00316096,2015-04-10,TMIN,189
USW00093765,2005-10-31,TMIN,33
USR0000NCRN,2010-03-29,TMAX,189
USR0000NNWB,2012-04-18,TMAX,267
USR0000NNWB,2012-04-18,TMIN,139
USR0000NCRN,2008-02-21,TMAX,117
USR0000NCRN,2010-03-29,TMIN,128
USW00013754,2010-10-05,TMIN,100
USW00013754,2008-08-09,TMIN,200
USC00314689,2013-05-02,TMIN,139
USC00314689,2012-05-17,TMAX,256
USC00314689,2012-05-17,TMIN,189
USW00093765,2006-12-27,TMIN,11
USW00093765,2006-12-27,TMAX,111
USC00310356,2011-08-28,TMIN,222
USR0000NCRN,2006-04-10,TMAX,189
USR0000NCRN,2014-02-10,TMAX,83
USC00310356,2011-08-28,TMAX,317
USW00013754,2009-05-15,TMIN,194
USC00314144,2005-06-18,TMIN,144
USC00316676,2012-10-04,TMIN,206
USC00316676,2012-10-04,TMAX,294
USC00314684,2007-03-30,TMIN,-11
USW00093765,2010-06-30,TMIN,244
USW00093765,2010-06-30,TMAX,294
USC00316676,2013-11-28,TMAX,206
USC00316676,2013-11-28,TMIN,6
USW00013754,2013-07-01,TMIN,233
USW00013754,2005-05-13,TMIN,144
USC00314144,2005-06-18,TMAX,294
USW00013754,2005-05-13,TMAX,183
USR0000NNWB,2010-08-08,TMIN,244
USC00316676,2012-06-14,TMIN,156
USC00314684,2013-05-02,TMIN,139
USC00316676,2012-06-14,TMAX,289
USC00314684,2010-04-22,TMAX,150
USW00013754,2009-05-15,TMAX,256
USR0000NHOF,2006-06-24,TMAX,283
USR0000NHOF,2006-06-24,TMIN,183
USC00314684,2010-04-22,TMIN,94
USR0000NCRN,2006-04-10,TMIN,6
USR0000NNWB,2010-08-08,TMAX,328
USW00013754,2013-07-01,TMAX,267
USC00314684,2013-05-02,TMAX,211
USR0000NCRN,2011-11-10,TMIN,122
USC00310576,2006-01-27,TMAX,94
USW00093719,2014-06-23,TMAX,306
USC00310356,2012-12-14,TMAX,111
USR0000NCRN,2012-07-23,TMAX,328
USC00310356,2012-12-14,TMIN,56
USR0000NHOF,2011-08-10,TMAX,350
USW00093765,2010-01-02,TMIN,-16
USW00093765,2010-01-02,TMAX,56
USC00314144,2006-10-22,TMAX,211
USC00314144,2006-10-22,TMIN,89
USR0000NHOF,2009-01-15,TMAX,106
USC00315830,2009-11-20,TMIN,156
USC00315830,2009-11-20,TMAX,233
USR0000NHOF,2009-01-15,TMIN,-28
USW00013754,2012-10-28,TMAX,178
USR0000NNWB,2014-03-11,TMAX,272
USW00013754,2012-10-28,TMIN,133
USC00310356,2005-04-05,TMAX,244
USW00013754,2009-05-10,TMAX,272
USR0000NCRN,2011-11-10,TMAX,233
USW00013754,2009-05-10,TMIN,161
USC00314684,2015-09-16,TMAX,261
USW00093743,2012-12-14,TMIN,22
USR0000NCRN,2014-02-10,TMIN,11
USW00093743,2012-12-14,TMAX,150
USR0000NNWB,2014-03-11,TMIN,78
USR0000NCRN,2015-01-29,TMIN,-72
USC00310356,2005-04-05,TMIN,117
USR0000NCRN,2015-01-29,TMAX,117
USC00314689,2014-11-11,TMAX,194
USC00314689,2014-11-11,TMIN,106
USR0000NHOF,2011-08-10,TMIN,211
USC00315830,2011-01-26,TMAX,144
USW00093719,2005-05-25,TMAX,189
USR0000NCRN,2012-02-09,TMIN,-11
USC00314144,2007-05-14,TMIN,72
USR0000NNWB,2005-11-29,TMIN,183
USC00316096,2013-05-02,TMIN,150
USC00314144,2006-03-09,TMIN,28
USC00310576,2008-04-19,TMIN,117
USC00314689,2012-01-24,TMIN,139
USC00316096,2014-11-11,TMIN,139
USC00316096,2014-11-11,TMAX,206
USC00310576,2008-04-19,TMAX,300
USW00093719,2014-03-11,TMAX,272
USR0000NCRN,2011-06-09,TMIN,233
USR0000NCRN,2011-06-09,TMAX,294
USW00013754,2015-11-25,TMIN,0
USC00315830,2009-10-20,TMIN,44
USW00013754,2015-11-25,TMAX,167
USR0000NCRN,2014-05-13,TMIN,206
USW00093719,2012-04-18,TMIN,150
USC00314689,2013-05-02,TMAX,228
USC00315830,2009-12-22,TMIN,-11
USR0000NNWB,2014-12-05,TMIN,67
USR0000NHOF,2011-10-26,TMAX,233
USR0000NHOF,2011-10-26,TMIN,33
USC00315830,2009-12-22,TMAX,94
USC00310576,2013-08-21,TMIN,200
USC00317170,2008-12-11,TMAX,228
USC00315830,2007-12-10,TMAX,228
USR0000NCRN,2014-05-13,TMAX,278
USC00315830,2007-12-10,TMIN,89
USW00093719,2014-03-11,TMIN,100
USW00093719,2012-04-18,TMAX,256
USC00314689,2012-01-24,TMAX,183
USC00317170,2008-12-11,TMIN,189
USC00310576,2013-08-21,TMAX,294
USC00314144,2007-05-14,TMAX,244
USC00316096,2013-05-02,TMAX,217
USR0000NHOF,2006-03-28,TMIN,-22
USW00093719,2013-10-28,TMAX,222
USW00093719,2013-10-28,TMIN,67
USR0000NCRN,2012-02-09,TMAX,100
USC00310356,2006-06-24,TMAX,294
USC00310356,2006-06-24,TMIN,217
USW00093765,2009-07-26,TMAX,300
USC00314689,2013-12-23,TMIN,-28
USR0000NHOF,2012-12-14,TMAX,144
USR0000NNWB,2010-06-04,TMAX,317
USR0000NNWB,2010-06-04,TMIN,228
USC00314689,2013-12-23,TMAX,89
USC00315830,2011-01-26,TMIN,78
USW00093765,2011-06-27,TMIN,272
USW00093765,2011-06-27,TMAX,317
USW00013754,2008-08-09,TMAX,294
USR0000NHOF,2006-03-28,TMAX,178
USW00093719,2014-10-09,TMAX,261
USC00315830,2009-10-20,TMAX,200
USR0000NNWB,2005-11-29,TMAX,239
USC00314144,2006-03-09,TMAX,222
USW00093765,2011-02-11,TMIN,-21
USC00310576,2008-06-08,TMIN,239
USC00310576,2008-06-08,TMAX,367
USW00093719,2005-05-25,TMIN,117
USC00310576,2006-04-24,TMAX,256
USC00314684,2015-09-16,TMIN,100
USW00093719,2005-10-08,TMAX,283
USR0000NHOF,2012-12-14,TMIN,-17
USW00093719,2005-10-08,TMIN,228
USW00093765,2009-07-26,TMIN,261
USW00093719,2014-10-09,TMIN,139
USC00310576,2006-04-24,TMIN,172
USC00316676,2010-04-16,TMIN,39
USW00093765,2006-02-03,TMAX,172
USW00093765,2014-03-11,TMAX,194
USC00310576,2007-12-14,TMAX,244
USW00013754,2015-02-24,TMAX,-5
USW00013754,2015-02-24,TMIN,-27
USW00013754,2012-08-08,TMIN,228
USW00093719,2010-08-25,TMIN,200
USW00013754,2012-08-08,TMAX,278
USC00310356,2015-12-23,TMAX,200
USR0000NHOF,2006-02-28,TMIN,50
USR0000NHOF,2006-02-28,TMAX,200
USC00310356,2015-12-23,TMIN,161
USC00314689,2013-09-15,TMIN,139
USC00314689,2013-09-15,TMAX,267
USC00310356,2007-10-10,TMAX,272
USC00316676,2012-09-09,TMAX,306
USW00093765,2006-07-30,TMIN,239
USC00316676,2012-09-09,TMIN,211
USW00093765,2006-07-30,TMAX,278
USR0000NCRN,2007-11-21,TMAX,244
USR0000NNWB,2015-10-03,TMAX,283
USC00310576,2005-06-21,TMIN,117
USC00310576,2005-06-21,TMAX,256
USC00315830,2013-02-27,TMIN,106
USR0000NHOF,2015-12-23,TMIN,194
USC00310576,2007-12-14,TMIN,111
USC00314689,2007-04-09,TMIN,22
USC00315830,2013-02-27,TMAX,156
USR0000NHOF,2015-12-23,TMAX,244
USC00314684,2013-03-20,TMAX,206
USC00314684,2013-03-20,TMIN,33
USC00310356,2007-10-10,TMIN,233
USC00314689,2008-10-08,TMAX,256
USR0000NCRN,2007-11-21,TMIN,83
USC00314689,2007-04-09,TMAX,133
USR0000NNWB,2006-07-18,TMIN,222
USR0000NNWB,2008-03-03,TMIN,22
USC00310356,2006-11-25,TMAX,178
USC00316676,2013-05-02,TMAX,228
USC00316676,2013-05-02,TMIN,156
USW00093765,2005-02-20,TMIN,11
USR0000NNWB,2010-08-23,TMAX,317
USC00310356,2006-11-25,TMIN,39
USW00093765,2005-02-20,TMAX,150
USC00314689,2008-10-28,TMIN,22
USR0000NNWB,2008-09-08,TMIN,228
USR0000NNWB,2008-09-08,TMAX,328
USW00093719,2011-09-19,TMIN,178
USW00013754,2005-08-04,TMIN,206
USW00013754,2005-08-04,TMAX,328
USW00093765,2015-10-30,TMAX,228
USC00314689,2008-10-28,TMAX,156
USW00093765,2015-10-30,TMIN,122
USW00093765,2013-01-09,TMAX,217
USC00310356,2008-12-07,TMIN,33
USW00093765,2006-09-15,TMIN,189
USR0000NNWB,2008-03-03,TMAX,228
USW00093765,2010-02-19,TMAX,128
USW00093765,2010-02-19,TMIN,17
USC00314684,2014-10-09,TMIN,111
USR0000NNWB,2006-07-18,TMAX,344
USC00314684,2014-10-09,TMAX,289
USC00310356,2008-12-07,TMAX,156
USW00093743,2012-08-16,TMIN,222
USW00093743,2012-08-16,TMAX,289
USW00093719,2011-09-19,TMAX,261
USW00093765,2013-01-09,TMIN,61
USR0000NNWB,2010-08-23,TMIN,233
USW00093765,2006-09-15,TMAX,244
USC00310576,2013-07-01,TMIN,222
USC00310576,2013-07-01,TMAX,278
USR0000NNWB,2015-10-03,TMIN,194
USR0000NHOF,2006-10-22,TMAX,194
USR0000NHOF,2006-10-22,TMIN,67
USC00316676,2005-03-19,TMAX,144
USW00093719,2011-06-27,TMIN,222
USW00093719,2011-06-27,TMAX,333
USW00093719,2014-11-27,TMAX,139
USW00093719,2014-11-27,TMIN,28
USC00316096,2014-08-15,TMAX,300
USC00314689,2014-01-12,TMAX,233
USC00315830,2013-08-21,TMAX,306
USC00314684,2011-05-22,TMAX,300
USC00315830,2013-08-21,TMIN,228
USR0000NCRN,2006-03-28,TMIN,11
USC00310356,2006-02-28,TMIN,-44
USC00310356,2006-02-28,TMAX,94
USC00314689,2014-10-09,TMAX,289
USC00314689,2014-10-09,TMIN,128
USC00316096,2014-08-15,TMIN,156
USW00013754,2011-03-30,TMIN,67
USR0000NHOF,2011-04-07,TMAX,250
USR0000NNWB,2006-02-14,TMAX,139
USR0000NHOF,2011-04-07,TMIN,72
USR0000NNWB,2006-02-14,TMIN,-11
USC00316676,2005-03-19,TMIN,61
USC00315830,2007-10-29,TMAX,194
USC00310576,2007-11-24,TMIN,11
USW00013754,2011-03-30,TMAX,156
USW00093719,2013-02-07,TMAX,167
USW00093719,2013-02-07,TMIN,39
USC00314684,2011-05-22,TMIN,139
USR0000NCRN,2006-03-28,TMAX,172
USC00315830,2007-10-29,TMIN,100
USR0000NHOF,2007-12-23,TMAX,233
USR0000NHOF,2007-12-23,TMIN,111
USC00315830,2012-11-09,TMAX,156
USW00093765,2011-07-18,TMIN,200
USW00093765,2011-07-18,TMAX,300
USC00314684,2011-09-05,TMAX,322
USW00013754,2005-09-08,TMAX,294
USW00013754,2005-09-08,TMIN,211
USC00316676,2011-09-09,TMIN,167
USC00316676,2008-08-24,TMAX,306
USC00310356,2007-11-06,TMAX,194
USC00310356,2006-10-22,TMIN,128
USR0000NHOF,2009-08-30,TMIN,228
USR0000NNWB,2012-01-17,TMAX,200
USW00093719,2010-08-25,TMAX,283
USC00310356,2006-10-22,TMAX,194
USR0000NNWB,2012-01-17,TMIN,67
USC00315830,2012-11-09,TMIN,39
USW00013754,2007-09-30,TMIN,167
USC00310356,2006-04-10,TMAX,222
USC00314684,2014-03-11,TMIN,11
USC00314689,2014-01-12,TMIN,72
USC00316096,2014-10-09,TMIN,133
USC00316096,2014-10-09,TMAX,244
USC00314689,2008-10-08,TMIN,100
USC00310356,2007-11-06,TMIN,100
USC00316676,2011-09-09,TMAX,311
USC00314684,2014-03-11,TMAX,228
USC00310356,2006-04-10,TMIN,44
USW00093765,2010-11-10,TMIN,61
USC00316676,2008-08-24,TMIN,194
USC00314684,2011-09-05,TMIN,172
USR0000NHOF,2009-08-30,TMAX,306
USC00314144,2009-02-12,TMAX,206
USC00314144,2009-02-12,TMIN,56
USW00093765,2010-11-10,TMAX,178
USW00093719,2010-01-02,TMAX,33
USW00093719,2010-01-02,TMIN,-33
USR0000NNWB,2015-08-25,TMIN,217
USW00093719,2010-10-02,TMAX,239
USC00314689,2007-09-29,TMIN,122
USC00315830,2010-07-26,TMIN,267
USC00315830,2010-07-26,TMAX,311
USW00093719,2010-10-02,TMIN,139
USC00314684,2014-08-15,TMIN,150
USR0000NNWB,2012-08-08,TMIN,233
USR0000NNWB,2015-06-28,TMIN,211
USR0000NNWB,2012-08-08,TMAX,300
USC00315830,2008-05-26,TMIN,133
USC00315830,2008-05-26,TMAX,250
USR0000NNWB,2015-06-28,TMAX,306
USW00093719,2014-05-22,TMAX,328
USC00310576,2010-05-24,TMAX,283
USW00093719,2014-05-22,TMIN,211
USC00314689,2010-01-24,TMAX,194
USC00314689,2010-01-24,TMIN,39
USC00310576,2005-11-24,TMAX,189
USC00315830,2008-03-23,TMAX,189
USW00093743,2011-11-10,TMIN,117
USC00314684,2006-11-15,TMIN,94
USW00093743,2011-11-10,TMAX,228
USW00013754,2009-06-27,TMIN,217
USC00314684,2010-07-13,TMAX,300
USW00013754,2009-06-27,TMAX,317
USC00310356,2011-11-10,TMIN,150
USC00314684,2014-11-11,TMAX,189
USC00314684,2014-11-11,TMIN,22
USC00310356,2011-11-10,TMAX,161
USC00310576,2005-11-24,TMIN,61
USC00310576,2010-05-24,TMIN,194
USC00314684,2006-11-15,TMAX,233
USC00316676,2011-05-09,TMIN,106
USC00314684,2010-07-13,TMIN,211
USC00316676,2011-05-09,TMAX,233
USW00093765,2006-02-03,TMIN,128
USC00316676,2015-06-01,TMIN,183
USC00316676,2015-06-01,TMAX,294
USW00093719,2010-05-13,TMIN,178
USC00310576,2007-12-12,TMIN,100
USC00310576,2007-12-12,TMAX,250
USC00316676,2008-07-27,TMAX,306
USW00013754,2015-05-10,TMAX,228
USR0000NHOF,2008-11-01,TMIN,-28
USR0000NNWB,2014-01-01,TMIN,6
USW00013754,2010-10-05,TMAX,206
USW00093765,2014-03-11,TMIN,94
USW00013754,2012-04-18,TMAX,250
USW00013754,2012-04-18,TMIN,156
USW00013754,2015-05-10,TMIN,200
USC00314689,2013-03-20,TMIN,61
USW00093719,2010-05-13,TMAX,228
USC00316676,2008-07-27,TMIN,211
USC00314684,2014-08-15,TMAX,283
USC00317170,2014-10-09,TMIN,128
USC00317170,2014-10-09,TMAX,256
USC00310576,2008-05-11,TMIN,117
USC00310576,2008-05-11,TMAX,283
USC00314144,2008-01-31,TMAX,117
USW00093719,2010-08-08,TMAX,328
USC00314144,2008-01-31,TMIN,6
USC00314689,2011-03-09,TMIN,28
USC00316096,2010-01-24,TMIN,50
USC00316096,2010-01-24,TMAX,189
USC00315830,2013-07-01,TMAX,278
USC00315830,2013-07-01,TMIN,239
USW00093719,2010-08-08,TMIN,239
USC00314689,2011-03-09,TMAX,178
USR0000NCRN,2012-07-23,TMIN,217
USW00093765,2014-12-28,TMAX,194
USC00315830,2008-03-23,TMIN,67
USC00310576,2008-11-03,TMIN,33
USR0000NNWB,2008-11-20,TMAX,144
USC00315830,2008-04-24,TMAX,244
USC00315830,2008-04-24,TMIN,161
USC00317170,2015-11-11,TMAX,194
USC00310576,2008-11-03,TMAX,239
USC00314144,2008-09-04,TMAX,272
USC00314144,2008-09-04,TMIN,139
USC00316096,2013-03-20,TMIN,28
USC00316096,2013-03-20,TMAX,133
USC00315830,2013-12-28,TMIN,22
USW00013754,2008-10-14,TMAX,261
USC00317170,2011-04-20,TMIN,189
USC00315830,2013-12-28,TMAX,156
USW00093719,2012-10-28,TMAX,172
USC00310576,2015-07-18,TMAX,311
USC00317170,2011-04-20,TMAX,333
USC00310356,2012-08-16,TMIN,222
USR0000NNWB,2015-08-25,TMAX,328
USC00310356,2012-08-16,TMAX,306
USW00013754,2014-12-05,TMAX,178
USC00310576,2015-07-18,TMIN,222
USW00013754,2007-09-30,TMAX,261
USR0000NNWB,2008-11-20,TMIN,11
USW00093743,2009-05-30,TMIN,183
USW00093743,2009-05-30,TMAX,272
USW00013754,2014-12-05,TMIN,78
USW00013754,2015-10-03,TMIN,211
USW00013754,2015-10-03,TMAX,300
USW00013754,2008-10-14,TMIN,122
USW00093719,2012-10-28,TMIN,133
USR0000NNWB,2007-04-04,TMIN,178
USC00317170,2010-02-19,TMAX,133
USC00317170,2010-02-19,TMIN,6
USR0000NNWB,2008-12-02,TMIN,-22
USC00314144,2006-06-24,TMAX,306
USC00314144,2006-06-24,TMIN,194
USR0000NNWB,2008-12-02,TMAX,83
USC00317170,2014-03-11,TMAX,261
USC00316096,2012-01-24,TMIN,78
USC00314689,2008-04-02,TMIN,156
USC00316096,2012-01-24,TMAX,217
USR0000NHOF,2011-11-10,TMIN,83
USC00316676,2007-04-24,TMIN,122
USW00013754,2008-10-04,TMIN,94
USC00310576,2013-10-09,TMIN,161
USC00314689,2013-03-20,TMAX,200
USC00310576,2013-10-09,TMAX,178
USC00316676,2007-04-24,TMAX,278
USR0000NHOF,2011-11-10,TMAX,222
USW00093765,2014-12-28,TMIN,72
USR0000NNWB,2007-04-04,TMAX,294
USC00317170,2015-02-11,TMIN,11
USC00314684,2005-07-01,TMIN,228
USC00317170,2015-11-11,TMIN,94
USC00314684,2005-07-01,TMAX,322
USW00013754,2015-06-28,TMAX,311
USW00013754,2015-06-28,TMIN,228
USW00013754,2008-10-04,TMAX,244
USC00317170,2014-03-11,TMIN,72
USW00093719,2015-09-11,TMAX,306
USC00314689,2008-04-02,TMAX,250
USC00314684,2009-03-24,TMIN,11
USC00314684,2009-03-24,TMAX,178
USC00315830,2012-11-20,TMIN,106
USC00315830,2012-11-20,TMAX,144
USC00317170,2015-02-11,TMAX,44
USW00093719,2015-09-11,TMIN,222
USC00310576,2012-12-27,TMAX,200
USC00310576,2012-12-27,TMIN,67
USC00310576,2006-01-27,TMIN,-56
USC00310576,2007-09-16,TMIN,150
USC00316676,2006-12-20,TMIN,28
USC00314144,2006-04-10,TMAX,194
USC00316096,2013-12-14,TMAX,189
USC00315830,2014-10-09,TMAX,272
USC00315830,2014-10-09,TMIN,172
USC00316676,2011-05-05,TMAX,228
USC00314144,2006-04-10,TMIN,-11
USC00314684,2005-09-08,TMIN,178
USC00314684,2005-09-08,TMAX,283
USR0000NHOF,2012-02-01,TMAX,222
USR0000NHOF,2012-02-01,TMIN,72
USC00317170,2010-06-30,TMIN,228
USC00317170,2010-06-30,TMAX,300
USW00013754,2007-01-13,TMIN,67
USC00314689,2013-07-01,TMIN,211
USW00013754,2007-01-13,TMAX,222
USW00093743,2007-10-13,TMIN,89
USC00314144,2011-01-09,TMAX,33
USC00316676,2009-05-06,TMAX,294
USC00310576,2008-01-18,TMAX,150
USC00310576,2008-01-18,TMIN,50
USC00314144,2006-09-25,TMAX,289
USC00316676,2006-12-20,TMAX,194
USR0000NHOF,2014-04-12,TMAX,283
USR0000NHOF,2014-04-12,TMIN,122
USW00093765,2007-07-23,TMIN,194
USC00310356,2010-11-18,TMAX,200
USC00310356,2010-11-18,TMIN,89
USC00314689,2013-07-01,TMAX,322
USW00093765,2007-07-23,TMAX,283
USC00314144,2006-09-25,TMIN,189
USC00316096,2013-12-23,TMAX,228
USW00093719,2010-01-24,TMIN,39
USC00316096,2013-12-14,TMIN,-6
USC00314684,2011-04-20,TMAX,300
USR0000NHOF,2009-04-14,TMAX,189
USR0000NHOF,2009-04-14,TMIN,150
USR0000NHOF,2010-05-24,TMAX,261
USW00093765,2009-03-24,TMAX,111
USR0000NHOF,2010-05-24,TMIN,172
USC00315830,2011-01-17,TMIN,28
USW00093765,2009-03-24,TMIN,39
USC00314144,2006-05-22,TMAX,261
USC00314144,2006-05-22,TMIN,144
USC00315830,2011-01-17,TMAX,111
USC00316676,2015-03-02,TMIN,6
USC00314689,2005-08-21,TMAX,356
USC00314689,2005-08-21,TMIN,244
USC00316096,2012-04-18,TMIN,139
USC00316096,2012-04-18,TMAX,256
USC00314144,2009-10-08,TMIN,61
USW00093719,2014-12-28,TMIN,78
USW00093719,2014-12-28,TMAX,244
USC00317170,2011-09-05,TMIN,200
USC00317170,2011-09-05,TMAX,311
USC00316676,2015-03-02,TMAX,106
USW00093743,2012-02-01,TMIN,83
USW00093719,2010-01-24,TMAX,200
USW00093743,2012-02-01,TMAX,178
USC00310576,2007-09-16,TMAX,294
USR0000NHOF,2008-05-11,TMAX,233
USC00316096,2012-09-09,TMIN,172
USC00316096,2012-09-09,TMAX,261
USC00314144,2009-10-08,TMAX,228
USC00316676,2011-05-05,TMIN,72
USR0000NHOF,2008-05-11,TMIN,83
USC00314689,2010-03-10,TMAX,228
USC00315830,2008-02-28,TMAX,106
USC00315830,2008-02-29,TMAX,111
USC00314689,2013-02-07,TMIN,39
USR0000NNWB,2013-05-02,TMAX,228
USR0000NNWB,2013-05-02,TMIN,133
USC00314689,2013-02-07,TMAX,178
USC00314689,2011-12-30,TMIN,39
USR0000NHOF,2014-02-10,TMIN,11
USC00310356,2011-08-10,TMIN,272
USR0000NHOF,2014-09-03,TMIN,233
USR0000NCRN,2006-05-22,TMAX,256
USR0000NCRN,2006-05-22,TMIN,161
USR0000NHOF,2014-02-10,TMAX,117
USW00093765,2015-01-15,TMAX,89
USR0000NHOF,2014-09-03,TMAX,350
USW00013754,2008-09-25,TMIN,172
USW00013754,2008-09-25,TMAX,233
USC00314684,2012-04-18,TMIN,161
USC00314684,2012-04-18,TMAX,306
USR0000NCRN,2015-12-09,TMIN,11
USC00317170,2015-03-08,TMIN,17
USC00310356,2014-06-12,TMAX,283
USR0000NCRN,2013-10-09,TMIN,161
USR0000NCRN,2013-10-09,TMAX,189
USC00317170,2015-03-08,TMAX,222
USC00310356,2011-08-10,TMAX,322
USR0000NHOF,2011-04-27,TMIN,183
USC00316096,2009-06-14,TMAX,306
USC00314684,2013-07-01,TMAX,289
USC00316096,2009-06-14,TMIN,194
USW00093765,2015-01-15,TMIN,17
USC00314684,2013-07-01,TMIN,217
USC00316676,2014-07-04,TMAX,317
USR0000NCRN,2015-10-23,TMAX,272
USW00093743,2007-10-13,TMAX,228
USC00316676,2009-05-06,TMIN,172
USC00316676,2008-01-02,TMIN,-6
USC00316096,2015-06-01,TMAX,283
USC00314144,2011-05-19,TMIN,106
USC00316096,2013-12-23,TMIN,156
USC00314689,2010-03-10,TMIN,111
USC00310356,2014-04-12,TMIN,150
USR0000NNWB,2008-08-04,TMAX,333
USC00316096,2015-06-01,TMIN,189
USC00314689,2010-07-13,TMAX,333
USC00314144,2011-01-09,TMIN,-72
USR0000NNWB,2008-08-04,TMIN,222
USW00093719,2010-06-04,TMAX,333
USC00316096,2013-07-01,TMAX,278
USC00316096,2013-07-01,TMIN,228
USW00093719,2010-06-04,TMIN,217
USC00314689,2010-07-13,TMIN,228
USC00316676,2009-04-04,TMAX,278
USW00013754,2013-05-02,TMAX,217
USW00013754,2013-05-02,TMIN,139
USW00093743,2011-07-29,TMIN,256
USW00093743,2011-07-29,TMAX,339
USC00310356,2010-06-19,TMIN,261
USC00316676,2008-01-02,TMAX,189
USC00314144,2011-05-19,TMAX,256
USC00310356,2010-06-19,TMAX,328
USC00314689,2012-09-09,TMAX,317
USC00314689,2011-12-30,TMAX,167
USC00314144,2005-05-01,TMAX,222
USC00314144,2005-05-01,TMIN,133
USC00315830,2008-02-29,TMIN,-22
USC00310356,2014-04-12,TMAX,194
USC00315830,2008-02-28,TMIN,-33
USC00314689,2012-09-09,TMIN,194
USR0000NHOF,2011-04-27,TMAX,261
USC00316676,2009-04-04,TMIN,89
USC00314684,2011-04-20,TMIN,128
USC00310356,2012-02-01,TMIN,100
USW00093719,2009-07-26,TMIN,239
USR0000NNWB,2010-06-26,TMAX,350
USR0000NCRN,2012-12-14,TMAX,150
USR0000NCRN,2012-12-14,TMIN,6
USC00310576,2012-03-16,TMIN,106
USW00093765,2015-05-10,TMIN,200
USW00093743,2009-04-14,TMAX,194
USC00317170,2009-03-08,TMIN,128
USR0000NHOF,2015-07-18,TMAX,339
USC00310576,2012-03-16,TMAX,272
USR0000NHOF,2015-07-18,TMIN,189
USW00093743,2009-04-14,TMIN,161
USC00314689,2009-09-11,TMAX,244
USC00317170,2009-03-08,TMAX,283
USR0000NNWB,2013-01-09,TMAX,244
USR0000NNWB,2013-01-09,TMIN,39
USC00314689,2010-07-04,TMAX,306
USC00315830,2008-09-17,TMAX,311
USC00314689,2006-09-19,TMIN,200
USR0000NNWB,2010-06-26,TMIN,233
USC00316096,2010-03-10,TMIN,50
USC00316096,2010-03-10,TMAX,206
USC00314689,2006-09-19,TMAX,294
USC00317170,2012-05-17,TMIN,172
USR0000NNWB,2007-01-13,TMAX,228
USC00310356,2011-04-27,TMIN,200
USW00093765,2015-05-10,TMAX,239
USC00314689,2009-09-11,TMIN,172
USR0000NNWB,2011-03-15,TMAX,144
USC00315830,2006-09-11,TMIN,233
USC00314689,2010-07-04,TMIN,156
USR0000NNWB,2007-01-13,TMIN,72
USC00317170,2012-05-17,TMAX,244
USW00093765,2015-03-08,TMIN,67
USW00013754,2010-10-19,TMAX,272
USR0000NCRN,2006-11-25,TMAX,178
USW00093743,2009-08-16,TMAX,306
USW00093765,2015-09-11,TMAX,278
USC00310356,2007-04-02,TMAX,233
USC00316676,2013-11-04,TMIN,61
USW00093765,2015-09-11,TMIN,233
USC00310576,2005-04-16,TMAX,133
USC00316096,2015-06-28,TMAX,300
USW00093743,2009-08-16,TMIN,222
USW00093765,2011-01-11,TMAX,61
USW00093765,2011-01-11,TMIN,0
USR0000NCRN,2012-06-26,TMAX,250
USC00310356,2007-04-02,TMIN,56
USR0000NCRN,2011-11-28,TMAX,239
USC00316096,2015-06-28,TMIN,228
USW00093719,2007-12-07,TMAX,117
USC00310576,2005-04-16,TMIN,56
USC00314144,2005-10-18,TMAX,272
USW00013754,2010-10-19,TMIN,144
USW00013754,2014-05-30,TMAX,239
USW00093719,2011-07-18,TMIN,178
USW00093719,2011-07-18,TMAX,328
USR0000NNWB,2010-01-24,TMIN,50
USR0000NNWB,2010-01-24,TMAX,206
USR0000NCRN,2006-11-25,TMIN,33
USW00093719,2009-07-26,TMAX,328
USW00093719,2015-11-25,TMAX,172
USC00310356,2007-05-31,TMIN,167
USR0000NNWB,2011-03-15,TMIN,72
USC00310356,2007-05-31,TMAX,294
USW00093719,2015-11-25,TMIN,0
USC00314144,2005-10-18,TMIN,61
USW00093765,2015-03-08,TMAX,144
USC00310356,2014-09-03,TMIN,261
USC00316096,2014-12-12,TMAX,122
USC00315830,2008-09-17,TMIN,206
USW00093743,2010-11-18,TMAX,183
USC00310576,2006-02-28,TMIN,39
USW00093765,2014-06-23,TMIN,222
USW00093765,2014-06-23,TMAX,294
USC00316676,2014-01-12,TMIN,94
USC00316676,2014-01-12,TMAX,222
USC00310356,2011-07-29,TMAX,306
USW00093765,2007-06-29,TMAX,294
USC00310356,2008-11-01,TMIN,50
USC00314684,2006-08-10,TMAX,306
USR0000NNWB,2009-05-15,TMIN,194
USC00310576,2012-02-19,TMAX,167
USC00314684,2006-08-10,TMIN,189
USC00310356,2008-05-11,TMAX,278
USC00310356,2008-05-11,TMIN,144
USC00310356,2011-07-29,TMIN,267
USR0000NNWB,2009-05-15,TMAX,267
USW00093765,2014-08-15,TMIN,183
USC00310356,2012-02-01,TMAX,156
USW00093765,2014-08-15,TMAX,289
USW00093743,2008-05-11,TMIN,139
USW00093743,2008-05-11,TMAX,233
USC00310576,2012-02-19,TMIN,50
USC00310356,2008-11-01,TMAX,178
USC00310576,2012-06-30,TMIN,222
USR0000NHOF,2007-05-31,TMAX,272
USW00093719,2006-02-03,TMIN,117
USW00093765,2007-06-29,TMIN,244
USW00093719,2006-02-03,TMAX,200
USC00310576,2006-02-28,TMAX,206
USC00310576,2012-06-30,TMAX,372
USR0000NHOF,2007-05-31,TMIN,94
USW00093743,2010-11-18,TMIN,44
USC00314689,2012-04-18,TMAX,306
USC00314689,2012-04-18,TMIN,167
USR0000NCRN,2015-04-04,TMAX,200
USC00316676,2013-09-15,TMIN,172
USR0000NNWB,2009-05-10,TMAX,278
USC00314144,2009-02-07,TMIN,-39
USR0000NCRN,2013-08-21,TMAX,300
USC00314144,2009-02-07,TMAX,161
USR0000NCRN,2013-08-21,TMIN,211
USC00314684,2011-02-01,TMIN,0
USC00314684,2011-02-01,TMAX,67
USC00314684,2015-06-01,TMIN,178
USC00314684,2015-06-01,TMAX,322
USC00310576,2011-05-17,TMAX,267
USW00093719,2007-12-07,TMIN,-11
USC00314144,2008-04-30,TMAX,194
USR0000NNWB,2009-05-10,TMIN,172
USC00314144,2008-04-30,TMIN,11
USC00316096,2014-12-12,TMIN,-33
USW00093743,2011-04-27,TMIN,200
USC00315830,2014-03-11,TMIN,89
USC00314684,2015-06-28,TMAX,322
USC00314684,2015-06-28,TMIN,222
USC00315830,2014-03-11,TMAX,200
USW00093743,2010-05-24,TMIN,194
USW00093743,2010-05-24,TMAX,267
USW00093743,2011-04-27,TMAX,261
USC00314689,2013-12-14,TMAX,178
USC00314689,2013-12-14,TMIN,83
USC00310356,2009-08-16,TMIN,233
USC00310356,2010-05-24,TMIN,206
USC00310356,2010-05-24,TMAX,256
USR0000NCRN,2015-04-04,TMIN,89
USC00316676,2013-09-15,TMAX,256
USC00310356,2009-08-16,TMAX,306
USR0000NCRN,2012-06-26,TMIN,139
USR0000NCRN,2015-12-09,TMAX,200
USW00013754,2007-04-04,TMAX,294
USW00093743,2009-04-23,TMIN,106
USW00093765,2011-10-18,TMIN,211
USW00093743,2009-01-15,TMIN,-10
USR0000NHOF,2015-03-28,TMIN,-28
USW00093765,2008-04-11,TMAX,244
USR0000NHOF,2015-03-28,TMAX,111
USW00093765,2008-04-11,TMIN,133
USR0000NNWB,2015-03-13,TMIN,50
USR0000NCRN,2011-08-13,TMAX,300
USR0000NNWB,2015-03-13,TMAX,183
USW00093743,2008-11-01,TMAX,200
USC00314684,2014-05-02,TMIN,150
USR0000NHOF,2006-05-22,TMAX,244
USR0000NHOF,2006-05-22,TMIN,106
USW00093743,2008-11-01,TMIN,-16
USC00310576,2011-05-17,TMIN,139
USR0000NCRN,2009-09-16,TMIN,267
USW00013754,2008-08-04,TMAX,317
USC00317170,2013-05-02,TMIN,156
USC00317170,2013-05-02,TMAX,222
USW00093765,2012-04-18,TMAX,261
USW00093765,2012-04-18,TMIN,156
USR0000NHOF,2009-06-05,TMAX,267
USW00093743,2009-01-15,TMAX,117
USR0000NHOF,2009-06-05,TMIN,200
USC00317170,2010-01-24,TMIN,22
USC00317170,2010-01-24,TMAX,206
USW00013754,2008-08-04,TMIN,222
USR0000NNWB,2015-11-25,TMAX,172
USR0000NNWB,2015-11-25,TMIN,0
USR0000NHOF,2006-01-19,TMIN,-50
USR0000NCRN,2009-09-16,TMAX,306
USC00314689,2010-02-19,TMIN,0
USR0000NCRN,2009-02-12,TMAX,217
USR0000NCRN,2009-02-12,TMIN,122
USW00013754,2010-08-23,TMAX,300
USW00093765,2013-05-02,TMIN,156
USR0000NCRN,2005-07-24,TMIN,206
USC00317170,2011-06-27,TMIN,167
USC00310576,2005-09-28,TMAX,261
USC00310576,2005-09-28,TMIN,150
USR0000NCRN,2014-04-12,TMIN,144
USR0000NCRN,2014-04-12,TMAX,239
USW00093765,2015-06-28,TMIN,250
USW00093765,2015-06-28,TMAX,294
USW00013754,2011-03-15,TMAX,133
USR0000NCRN,2008-01-31,TMIN,22
USR0000NCRN,2008-01-31,TMAX,111
USC00310356,2006-05-22,TMAX,244
USW00093743,2011-08-10,TMIN,261
USC00310356,2006-05-22,TMIN,194
USW00013754,2010-08-23,TMIN,233
USC00314684,2014-05-02,TMAX,244
USW00093765,2011-10-18,TMAX,261
USR0000NNWB,2008-03-26,TMIN,56
USW00013754,2014-01-01,TMIN,0
USW00093743,2009-04-23,TMAX,256
USR0000NNWB,2007-08-11,TMAX,283
USR0000NNWB,2008-03-26,TMAX,222
USR0000NCRN,2011-08-13,TMIN,228
USC00317170,2011-06-27,TMAX,344
USC00310576,2010-10-26,TMIN,139
USC00314689,2006-08-10,TMIN,206
USC00314689,2006-08-10,TMAX,322
USC00310356,2005-03-18,TMIN,28
USC00310576,2010-10-26,TMAX,256
USR0000NHOF,2006-01-19,TMAX,161
USC00314689,2010-02-19,TMAX,122
USC00314684,2015-02-11,TMIN,6
USW00093765,2009-03-08,TMIN,122
USW00013754,2014-03-11,TMIN,67
USW00013754,2010-08-08,TMAX,322
USW00013754,2010-08-08,TMIN,239
USW00093765,2009-11-13,TMAX,172
USC00310356,2015-03-28,TMAX,161
USC00316676,2011-04-12,TMAX,283
USC00316676,2011-04-12,TMIN,178
USW00093765,2005-09-08,TMIN,222
USW00093765,2005-09-08,TMAX,300
USR0000NHOF,2011-08-28,TMIN,194
USR0000NHOF,2011-08-28,TMAX,322
USC00314684,2007-03-30,TMAX,156
USR0000NNWB,2015-01-11,TMAX,144
USC00316096,2010-02-19,TMIN,-22
USC00316096,2010-02-19,TMAX,133
USR0000NNWB,2014-10-09,TMAX,267
USR0000NNWB,2014-10-09,TMIN,139
USW00093765,2009-11-13,TMIN,128
USW00093719,2014-06-23,TMIN,217
USC00314689,2011-10-11,TMAX,272
USC00314689,2011-10-11,TMIN,178
USC00316676,2014-07-29,TMAX,311
USC00316676,2014-07-29,TMIN,183
USW00093719,2013-07-01,TMAX,272
USC00310356,2011-05-14,TMIN,194
USC00317170,2007-07-23,TMIN,178
USC00314144,2010-04-26,TMAX,278
USC00317170,2010-09-15,TMIN,172
USC00314684,2011-01-09,TMAX,61
USC00317170,2010-09-15,TMAX,317
USC00317170,2007-07-23,TMAX,289
USC00314144,2010-04-26,TMIN,172
USW00093719,2013-07-01,TMIN,233
USW00013754,2014-03-11,TMAX,250
USC00315830,2009-03-12,TMIN,117
USR0000NCRN,2014-09-03,TMAX,300
USR0000NCRN,2014-09-03,TMIN,244
USC00315830,2007-07-17,TMAX,306
USC00315830,2007-07-17,TMIN,233
USR0000NNWB,2011-01-14,TMAX,72
USW00093719,2015-05-10,TMAX,250
USR0000NCRN,2005-08-13,TMIN,222
USR0000NNWB,2011-01-14,TMIN,-72
USR0000NNWB,2007-08-11,TMIN,222
USR0000NHOF,2009-04-23,TMAX,261
USW00093765,2009-03-08,TMAX,183
USC00314684,2015-02-11,TMAX,28
USC00315830,2015-04-29,TMAX,200
USW00093719,2015-05-10,TMIN,211
USR0000NHOF,2009-04-23,TMIN,17
USW00093765,2013-05-02,TMAX,222
USC00315830,2015-04-29,TMIN,94
USC00315830,2010-05-03,TMIN,183
USR0000NNWB,2015-01-11,TMIN,-78
USC00316096,2012-05-17,TMIN,183
USC00315830,2009-03-12,TMAX,211
USC00316096,2012-05-17,TMAX,250
USC00310356,2015-03-28,TMIN,39
USW00013754,2014-10-09,TMIN,144
USC00315830,2012-08-24,TMIN,217
USW00013754,2014-10-09,TMAX,256
USR0000NNWB,2014-05-22,TMIN,211
USR0000NNWB,2014-05-22,TMAX,328
USC00315830,2010-05-03,TMAX,244
USR0000NCRN,2005-08-13,TMAX,322
USC00315830,2009-05-02,TMIN,167
USC00315830,2009-05-02,TMAX,250
USC00315830,2012-08-24,TMAX,239
USW00013754,2014-01-01,TMAX,122
USC00317170,2012-04-18,TMAX,256
USC00317170,2012-04-18,TMIN,150
USW00093719,2013-05-02,TMIN,133
USC00317170,2008-06-14,TMAX,339
USC00316096,2015-02-11,TMIN,-33
USC00314144,2005-06-03,TMIN,183
USC00314144,2005-06-03,TMAX,283
USC00310576,2012-07-28,TMIN,228
USR0000NHOF,2014-06-12,TMAX,300
USC00314689,2007-09-01,TMAX,317
USC00314689,2007-09-01,TMIN,183
USR0000NHOF,2011-07-29,TMAX,367
USC00316096,2015-02-11,TMAX,50
USC00317170,2009-03-24,TMAX,139
USC00317170,2009-03-24,TMIN,22
USR0000NHOF,2011-07-29,TMIN,239
USW00093765,2009-10-26,TMIN,144
USC00310576,2015-04-19,TMIN,167
USC00310576,2015-04-19,TMAX,250
USC00315830,2005-12-16,TMAX,178
USW00093765,2011-01-30,TMIN,50
USC00310356,2013-08-21,TMIN,228
USC00310356,2013-08-21,TMAX,306
USC00314684,2009-06-17,TMIN,194
USR0000NCRN,2005-10-18,TMIN,89
USC00314684,2009-06-17,TMAX,222
USC00314684,2007-01-04,TMIN,-6
USC00317170,2015-06-28,TMAX,306
USC00310576,2008-03-10,TMIN,11
USC00310576,2008-03-10,TMAX,133
USC00317170,2015-06-28,TMIN,217
USR0000NHOF,2014-06-12,TMIN,194
USR0000NCRN,2005-10-18,TMAX,278
USC00314684,2007-01-04,TMAX,189
USC00317170,2008-06-14,TMIN,161
USC00314684,2005-03-25,TMAX,189
USW00093719,2013-05-02,TMAX,228
USW00093719,2008-11-20,TMIN,-6
USW00013754,2007-04-04,TMIN,172
USC00314689,2014-12-12,TMAX,128
USC00316096,2010-06-15,TMAX,344
USC00316096,2010-06-15,TMIN,217
USC00310576,2006-06-24,TMAX,294
USW00093719,2008-11-20,TMAX,139
USC00310576,2006-06-24,TMIN,211
USC00316096,2013-02-07,TMAX,156
USW00093743,2010-06-19,TMAX,311
USC00316676,2005-02-13,TMIN,-17
USC00316096,2013-02-07,TMIN,56
USC00316676,2005-02-13,TMAX,156
USC00310356,2014-06-12,TMIN,222
USC00310356,2014-09-03,TMAX,300
USC00315830,2005-12-16,TMIN,67
USW00093743,2010-06-19,TMIN,239
USR0000NCRN,2015-10-23,TMIN,100
USC00314684,2005-03-25,TMIN,67
USC00314684,2010-07-08,TMIN,206
USC00314689,2015-06-01,TMIN,194
USW00093719,2007-02-28,TMAX,144
USC00314684,2010-07-08,TMAX,367
USW00093719,2007-02-28,TMIN,39
USC00314684,2009-09-24,TMAX,306
USC00316676,2013-03-20,TMAX,211
USC00310576,2012-07-28,TMAX,356
USC00316676,2013-03-20,TMIN,72
USW00093719,2012-01-17,TMAX,211
USC00314689,2014-12-12,TMIN,-17
USW00093719,2012-01-17,TMIN,67
USC00314684,2009-09-24,TMIN,194
USC00314689,2015-06-01,TMAX,322
USC00316676,2014-07-04,TMIN,228
USC00314684,2012-05-17,TMAX,283
USC00317170,2014-08-15,TMAX,317
USW00093765,2010-01-24,TMAX,194
USW00093719,2013-01-09,TMIN,33
USC00314684,2013-12-14,TMIN,-50
USW00093765,2010-01-24,TMIN,72
USC00317170,2010-01-02,TMIN,6
USC00314684,2013-12-14,TMAX,111
USC00317170,2010-01-02,TMAX,56
USR0000NNWB,2015-08-31,TMAX,272
USC00310356,2005-01-06,TMIN,122
USW00013754,2005-11-29,TMAX,239
USC00310356,2005-01-06,TMAX,161
USC00314684,2011-03-02,TMAX,133
USW00013754,2014-05-22,TMAX,322
USW00013754,2014-05-22,TMIN,200
USW00013754,2005-11-29,TMIN,189
USC00310356,2011-05-14,TMAX,244
USC00314684,2013-02-07,TMIN,6
USW00093765,2013-07-01,TMAX,267
USC00314684,2011-01-09,TMIN,-78
USC00314684,2013-02-07,TMAX,178
USC00310356,2005-03-18,TMAX,56
USW00013754,2011-03-15,TMIN,89
USW00093765,2013-07-01,TMIN,239
USC00310356,2009-04-23,TMIN,144
USW00093743,2011-08-10,TMAX,350
USW00093765,2011-05-13,TMAX,250
USW00093765,2011-05-13,TMIN,194
USR0000NCRN,2005-07-24,TMAX,317
USC00314144,2008-03-17,TMAX,133
USC00314144,2008-03-17,TMIN,-17
USW00093719,2012-08-08,TMIN,233
USW00093719,2012-08-08,TMAX,289
USR0000NNWB,2015-08-31,TMIN,228
USC00310356,2009-04-23,TMAX,194
USR0000NNWB,2010-10-05,TMAX,206
USC00310576,2009-12-12,TMIN,-6
USR0000NHOF,2010-06-19,TMIN,211
USC00317170,2012-12-06,TMAX,122
USR0000NHOF,2010-06-19,TMAX,289
USC00317170,2012-12-06,TMIN,78
USC00310576,2007-02-14,TMAX,222
USC00310576,2009-12-12,TMAX,50
USC00310576,2007-02-14,TMIN,56
USC00316096,2010-07-13,TMAX,306
USC00316096,2010-07-13,TMIN,239
USW00093765,2011-01-30,TMAX,167
USC00310356,2009-01-15,TMIN,22
USC00310356,2009-01-15,TMAX,83
USC00317170,2014-08-15,TMIN,161
USW00093765,2009-10-26,TMAX,189
USC00314684,2012-05-17,TMIN,183
USC00317170,2013-07-01,TMIN,228
USC00310356,2006-01-19,TMAX,172
USR0000NNWB,2010-10-05,TMIN,78
USC00315830,2009-07-11,TMAX,278
USC00315830,2009-07-11,TMIN,172
USW00093719,2013-01-09,TMAX,228
USC00314684,2011-03-02,TMIN,-28
USC00310356,2006-01-19,TMIN,-6
USC00316676,2013-11-12,TMIN,28
USC00316676,2013-11-12,TMAX,167
USC00314144,2010-03-29,TMAX,194
USR0000NCRN,2015-01-08,TMIN,-89
USR0000NCRN,2015-01-08,TMAX,-11
USW00093719,2008-09-08,TMAX,311
USW00093719,2008-09-08,TMIN,217
USC00317170,2013-07-01,TMAX,272
USC00314144,2010-03-29,TMIN,100
USC00315830,2015-06-01,TMAX,278
USC00314684,2011-09-13,TMAX,311
USC00310576,2010-01-24,TMIN,28
USR0000NNWB,2011-08-01,TMIN,222
USC00314684,2014-02-10,TMIN,-17
USC00314684,2014-02-10,TMAX,128
USR0000NHOF,2007-07-14,TMAX,294
USR0000NNWB,2011-08-01,TMAX,250
USC00316096,2015-01-28,TMAX,67
USC00316096,2015-01-28,TMIN,-44
USC00317170,2008-09-25,TMIN,172
USR0000NNWB,2011-11-09,TMAX,250
USR0000NNWB,2011-11-09,TMIN,167
USC00317170,2008-09-25,TMAX,233
USC00314689,2012-10-05,TMIN,178
USC00314689,2012-10-05,TMAX,272
USC00314144,2010-01-03,TMIN,-67
USW00093765,2011-02-12,TMIN,-5
USW00093743,2011-02-02,TMAX,167
USW00093743,2011-02-02,TMIN,117
USW00093719,2010-08-19,TMAX,311
USW00093719,2010-08-19,TMIN,233
USR0000NCRN,2011-02-20,TMAX,150
USR0000NCRN,2011-02-20,TMIN,-11
USC00310576,2008-04-30,TMAX,189
USC00315830,2013-07-03,TMAX,300
USC00314689,2015-11-25,TMAX,167
USC00310576,2008-04-30,TMIN,72
USC00315830,2012-03-16,TMIN,194
USR0000NNWB,2007-08-03,TMAX,317
USR0000NNWB,2006-02-28,TMAX,206
USR0000NNWB,2006-02-28,TMIN,67
USC00315830,2013-07-03,TMIN,239
USC00314144,2010-01-03,TMAX,6
USC00315830,2012-03-16,TMAX,222
USC00310356,2010-09-22,TMAX,283
USC00314689,2015-11-25,TMIN,-6
USR0000NHOF,2006-05-21,TMAX,294
USC00317170,2013-03-21,TMIN,0
USC00310356,2009-06-21,TMIN,256
USR0000NHOF,2011-03-25,TMAX,133
USC00316676,2005-01-31,TMIN,11
USC00314144,2007-05-31,TMAX,272
USC00316676,2012-01-31,TMAX,156
USR0000NHOF,2011-03-25,TMIN,56
USC00316676,2005-01-31,TMAX,61
USC00316676,2012-01-24,TMAX,183
USC00310356,2009-06-21,TMAX,300
USC00310576,2013-10-08,TMAX,300
USC00310576,2013-10-08,TMIN,178
USC00317170,2013-03-21,TMAX,122
USC00316676,2012-01-31,TMIN,-11
USW00093765,2015-10-15,TMIN,128
USW00093765,2015-10-15,TMAX,239
USW00013754,2005-07-09,TMIN,222
USW00093765,2015-04-19,TMAX,244
USC00314144,2005-07-21,TMAX,344
USW00093765,2015-04-19,TMIN,183
USC00310356,2006-05-21,TMIN,167
USC00310356,2006-05-21,TMAX,233
USC00314144,2007-05-31,TMIN,50
USR0000NHOF,2006-05-21,TMIN,178
USW00013754,2010-03-20,TMAX,239
USC00317170,2008-12-27,TMAX,222
USR0000NNWB,2015-12-22,TMAX,228
USC00316096,2010-03-28,TMIN,50
USC00317170,2008-12-27,TMIN,111
USC00316096,2010-03-28,TMAX,200
USW00013754,2005-07-09,TMAX,306
USR0000NNWB,2015-12-22,TMIN,139
USW00093765,2007-05-05,TMIN,167
USW00093765,2007-05-05,TMAX,239
USC00317170,2009-03-16,TMIN,100
USC00317170,2008-04-04,TMIN,172
USW00093765,2013-03-21,TMAX,128
USC00310576,2008-07-11,TMIN,228
USW00093743,2012-08-02,TMAX,294
USC00310576,2014-10-08,TMAX,261
USC00310576,2014-10-08,TMIN,117
USR0000NNWB,2015-09-22,TMIN,211
USR0000NNWB,2008-10-22,TMAX,167
USC00314689,2005-10-08,TMIN,228
USW00013754,2009-01-09,TMIN,-10
USC00317170,2009-02-16,TMAX,106
USC00316676,2005-04-15,TMAX,161
USW00013754,2009-01-09,TMAX,83
USC00316676,2005-04-15,TMIN,67
USC00317170,2009-02-16,TMIN,33
USC00317170,2012-04-19,TMIN,133
USC00314684,2008-12-11,TMIN,167
USC00310356,2005-08-01,TMAX,294
USC00314144,2010-08-08,TMIN,211
USC00314144,2010-08-08,TMAX,317
USC00314689,2010-03-28,TMIN,39
USW00013754,2014-12-12,TMAX,133
USC00314689,2010-03-28,TMAX,211
USW00093765,2013-03-21,TMIN,17
USC00314689,2009-03-08,TMAX,267
USR0000NNWB,2015-09-22,TMAX,278
USC00316676,2009-07-11,TMAX,289
USC00316676,2009-07-11,TMIN,150
USC00314689,2005-10-08,TMAX,267
USC00314684,2008-12-11,TMAX,228
USC00317170,2012-04-19,TMAX,200
USC00314689,2009-03-08,TMIN,133
USC00317170,2008-04-04,TMAX,250
USR0000NNWB,2008-10-22,TMIN,50
USC00310356,2010-12-08,TMAX,22
USC00316676,2006-07-30,TMAX,322
USC00317170,2009-03-16,TMAX,128
USC00316096,2012-10-05,TMAX,278
USC00316676,2006-07-30,TMIN,233
USC00316096,2012-10-05,TMIN,172
USC00314684,2008-08-04,TMAX,328
USR0000NHOF,2007-07-14,TMIN,172
USC00314684,2008-08-04,TMIN,200
USC00314689,2007-04-05,TMIN,89
USC00310576,2007-01-30,TMIN,-11
USC00310576,2007-01-30,TMAX,50
USC00317170,2015-08-05,TMAX,361
USC00310576,2008-07-11,TMAX,311
USW00093765,2011-02-12,TMAX,122
USC00317170,2015-08-05,TMIN,228
USW00013754,2010-03-20,TMIN,33
USC00314689,2007-04-05,TMAX,289
USW00093765,2009-05-15,TMIN,194
USC00316676,2011-10-03,TMAX,183
USC00310356,2010-12-08,TMIN,-50
USC00316676,2011-10-03,TMIN,39
USC00310356,2007-11-08,TMAX,217
USC00310356,2007-11-08,TMIN,56
USC00316676,2008-05-26,TMAX,256
USC00310356,2010-09-22,TMIN,211
USC00316676,2008-05-26,TMIN,100
USC00314144,2006-06-25,TMAX,289
USC00314144,2006-06-25,TMIN,206
USR0000NCRN,2013-05-01,TMIN,156
USW00093765,2009-05-15,TMAX,233
USR0000NNWB,2007-08-03,TMIN,206
USR0000NCRN,2013-05-01,TMAX,217
USR0000NCRN,2008-12-21,TMAX,172
USW00013754,2014-12-12,TMIN,-21
USC00314689,2012-06-01,TMAX,322
USC00317170,2010-10-05,TMAX,206
USC00315830,2005-09-09,TMAX,294
USC00310356,2012-08-02,TMIN,233
USW00013754,2006-12-10,TMAX,144
USC00310356,2012-05-17,TMAX,261
USC00310356,2012-05-17,TMIN,194
USC00310576,2015-11-07,TMAX,267
USC00314144,2011-07-08,TMAX,328
USC00310576,2015-11-07,TMIN,194
USC00314144,2011-07-08,TMIN,233
USC00310356,2014-10-08,TMAX,250
USW00093743,2012-05-17,TMAX,244
USW00093719,2006-12-15,TMAX,200
USW00093719,2006-12-15,TMIN,56
USW00093743,2009-06-21,TMIN,228
USR0000NHOF,2012-05-17,TMAX,239
USR0000NHOF,2012-05-17,TMIN,172
USC00310356,2014-10-08,TMIN,194
USC00316676,2007-06-22,TMIN,172
USC00315830,2007-09-11,TMIN,261
USR0000NHOF,2014-10-08,TMIN,200
USR0000NHOF,2014-10-08,TMAX,317
USR0000NCRN,2011-05-29,TMAX,278
USW00093719,2010-05-03,TMAX,322
USW00013754,2006-12-10,TMIN,-55
USC00315830,2012-06-14,TMIN,189
USC00315830,2015-01-20,TMIN,56
USC00310576,2009-08-25,TMIN,200
USC00315830,2012-06-14,TMAX,289
USC00310576,2009-08-25,TMAX,306
USW00093719,2010-05-03,TMIN,217
USW00093765,2012-11-09,TMIN,22
USC00315830,2015-01-20,TMAX,167
USC00316096,2012-12-27,TMIN,17
USC00315830,2005-09-09,TMIN,200
USC00314689,2012-08-24,TMAX,272
USR0000NHOF,2008-02-21,TMIN,6
USR0000NHOF,2008-02-21,TMAX,106
USW00093719,2007-06-29,TMIN,217
USC00314684,2009-12-03,TMIN,83
USR0000NHOF,2005-11-13,TMIN,6
USW00093765,2011-09-13,TMAX,289
USC00316096,2009-10-26,TMIN,133
USR0000NCRN,2006-05-21,TMAX,283
USC00316096,2009-10-26,TMAX,183
USW00013754,2011-11-28,TMIN,156
USC00315830,2006-01-27,TMIN,-28
USR0000NCRN,2006-05-21,TMIN,189
USW00013754,2011-11-28,TMAX,250
USC00314684,2007-10-22,TMAX,278
USW00093765,2011-09-13,TMIN,183
USC00316676,2005-02-20,TMIN,-44
USW00013754,2010-12-15,TMIN,-66
USC00310356,2012-08-02,TMAX,278
USC00316676,2005-07-26,TMAX,317
USC00316676,2005-07-26,TMIN,189
USC00314689,2012-08-24,TMIN,206
USC00314689,2007-10-06,TMIN,211
USR0000NHOF,2014-11-27,TMAX,139
USR0000NHOF,2014-11-27,TMIN,6
USC00315830,2014-11-12,TMAX,194
USC00316676,2005-02-20,TMAX,128
USC00314684,2007-10-22,TMIN,67
USC00317170,2009-11-20,TMAX,200
USC00317170,2009-11-20,TMIN,144
USR0000NHOF,2005-11-13,TMAX,233
USC00315830,2006-01-27,TMAX,100
USC00315830,2014-11-12,TMIN,106
USC00316096,2012-12-27,TMAX,106
USW00013754,2015-12-22,TMAX,244
USC00317170,2009-06-17,TMAX,272
USC00310576,2013-11-28,TMIN,11
USR0000NCRN,2009-11-27,TMAX,133
USR0000NCRN,2009-11-27,TMIN,83
USC00315830,2015-01-05,TMIN,83
USC00314684,2015-01-02,TMIN,-39
USR0000NNWB,2008-02-15,TMIN,0
USC00316676,2007-06-02,TMIN,139
USR0000NNWB,2008-02-15,TMAX,161
USC00316096,2010-10-19,TMIN,144
USC00316096,2010-10-19,TMAX,261
USC00316676,2007-06-02,TMAX,294
USC00310576,2008-03-23,TMAX,244
USC00310576,2013-08-20,TMAX,256
USC00310576,2013-08-20,TMIN,211
USR0000NNWB,2006-01-03,TMIN,0
USC00310576,2008-03-23,TMIN,67
USC00317170,2012-07-13,TMAX,300
USC00310356,2005-11-13,TMAX,183
USR0000NCRN,2006-06-25,TMAX,289
USR0000NCRN,2006-06-25,TMIN,222
USC00317170,2010-10-05,TMIN,83
USC00314689,2012-06-01,TMIN,217
USC00316676,2013-02-26,TMIN,44
USC00310576,2013-11-28,TMAX,211
USW00013754,2011-11-09,TMIN,122
USW00013754,2011-11-09,TMAX,244
USC00310356,2005-11-13,TMIN,56
USC00315830,2007-09-11,TMAX,294
USC00314684,2015-01-02,TMAX,111
USR0000NNWB,2006-01-03,TMAX,161
USC00317170,2012-07-13,TMIN,211
USC00316676,2013-02-26,TMAX,83
USC00316096,2012-08-24,TMAX,261
USW00093765,2009-12-12,TMAX,144
USC00316096,2012-08-24,TMIN,211
USR0000NNWB,2006-10-21,TMAX,206
USC00310576,2008-12-26,TMIN,61
USC00310576,2008-12-26,TMAX,194
USW00013754,2015-12-22,TMIN,117
USC00317170,2009-06-17,TMIN,206
USC00316676,2007-06-22,TMAX,300
USR0000NNWB,2006-10-21,TMIN,117
USR0000NCRN,2008-09-17,TMIN,183
USC00315830,2008-01-31,TMIN,44
USR0000NNWB,2009-01-09,TMAX,89
USR0000NCRN,2008-09-17,TMAX,239
USR0000NNWB,2009-01-09,TMIN,-11
USW00093765,2012-11-09,TMAX,156
USW00093743,2009-06-21,TMAX,339
USC00315830,2008-01-31,TMAX,183
USC00316676,2012-01-24,TMIN,72
USR0000NCRN,2011-05-29,TMIN,217
USC00314684,2014-07-04,TMAX,317
USC00315830,2015-01-05,TMAX,206
USC00314684,2014-07-04,TMIN,217
USC00316676,2015-12-01,TMIN,122
USW00093765,2009-12-12,TMIN,11
USC00310576,2009-06-27,TMIN,211
USC00314684,2012-04-19,TMAX,261
USW00093719,2005-11-06,TMAX,256
USC00314684,2012-04-19,TMIN,117
USC00314689,2010-12-10,TMAX,106
USC00314689,2008-09-08,TMAX,328
USC00314689,2008-09-08,TMIN,211
USC00314689,2010-12-10,TMIN,-44
USC00316676,2015-12-01,TMAX,150
USW00093719,2005-11-06,TMIN,133
USC00310576,2009-06-27,TMAX,328
USW00093765,2006-02-14,TMIN,33
USC00310356,2005-08-01,TMIN,228
USC00314684,2012-12-27,TMIN,33
USC00310576,2008-06-20,TMAX,311
USC00310576,2008-06-20,TMIN,172
USR0000NNWB,2009-04-29,TMAX,294
USC00315830,2015-03-28,TMAX,178
USC00316676,2007-05-13,TMAX,278
USR0000NCRN,2011-07-08,TMAX,278
USW00093719,2012-04-19,TMIN,133
USC00316676,2007-05-13,TMIN,178
USC00317170,2015-08-31,TMIN,217
USW00093719,2012-04-19,TMAX,178
USC00314689,2014-04-12,TMIN,144
USC00314689,2014-04-12,TMAX,278
USW00093719,2014-03-10,TMAX,239
USW00093719,2014-03-10,TMIN,22
USC00314684,2011-04-12,TMAX,294
USC00314684,2011-04-12,TMIN,156
USC00314689,2005-10-31,TMIN,33
USW00093765,2009-05-20,TMAX,228
USW00093765,2010-10-05,TMIN,94
USC00317170,2015-08-31,TMAX,278
USW00093765,2006-09-03,TMIN,189
USW00013754,2012-03-11,TMIN,6
USR0000NCRN,2011-08-05,TMIN,233
USC00314144,2010-04-11,TMAX,228
USC00316676,2007-04-09,TMAX,133
USC00316096,2011-02-02,TMAX,172
USW00093765,2006-09-03,TMAX,294
USW00013754,2012-03-11,TMAX,167
USC00314689,2005-10-31,TMAX,233
USC00316096,2014-09-03,TMAX,311
USC00316096,2014-09-03,TMIN,239
USC00316676,2007-04-09,TMIN,6
USW00093765,2009-03-16,TMIN,100
USC00316676,2005-01-13,TMIN,67
USC00315830,2013-02-08,TMAX,167
USR0000NCRN,2015-10-03,TMAX,294
USW00093719,2013-03-21,TMAX,111
USC00310576,2006-05-21,TMIN,189
USR0000NCRN,2015-10-03,TMIN,217
USW00093719,2007-01-04,TMAX,222
USW00093719,2007-01-04,TMIN,56
USC00317170,2014-02-10,TMAX,78
USR0000NNWB,2014-03-10,TMAX,233
USR0000NNWB,2014-03-10,TMIN,28
USC00310356,2010-12-20,TMAX,72
USW00093743,2009-10-20,TMAX,189
USW00093743,2009-10-20,TMIN,22
USC00314144,2006-08-20,TMAX,333
USR0000NNWB,2009-04-29,TMIN,150
USW00013754,2007-08-19,TMIN,206
USC00316096,2011-06-06,TMAX,289
USC00314144,2009-05-30,TMAX,278
USC00315830,2013-02-08,TMIN,83
USC00310576,2006-11-06,TMAX,172
USC00310576,2006-11-06,TMIN,33
USC00314144,2009-05-30,TMIN,161
USR0000NCRN,2011-08-05,TMAX,333
USC00315830,2014-08-15,TMIN,178
USC00316676,2005-01-13,TMAX,228
USC00314144,2010-04-11,TMIN,0
USR0000NCRN,2009-08-10,TMIN,289
USW00013754,2007-08-19,TMAX,306
USR0000NCRN,2009-08-10,TMAX,333
USC00315830,2010-02-20,TMAX,128
USC00315830,2010-02-20,TMIN,-11
USC00310356,2010-12-20,TMIN,-22
USC00315830,2014-08-15,TMAX,289
USW00093765,2009-05-20,TMIN,133
USW00093765,2010-10-05,TMAX,206
USC00317170,2012-10-05,TMIN,178
USC00315830,2013-08-20,TMIN,228
USW00013754,2008-03-01,TMAX,194
USC00310576,2012-05-17,TMAX,278
USC00316676,2006-12-27,TMIN,39
USC00316676,2006-12-27,TMAX,161
USC00315830,2006-08-10,TMAX,300
USC00317170,2010-07-08,TMIN,244
USC00315830,2006-08-10,TMIN,217
USC00310576,2012-05-17,TMIN,172
USC00317170,2014-12-05,TMAX,161
USR0000NNWB,2013-03-21,TMIN,0
USR0000NNWB,2013-03-21,TMAX,106
USW00013754,2011-10-18,TMAX,289
USC00310576,2006-10-01,TMAX,267
USW00013754,2011-10-18,TMIN,150
USC00317170,2011-09-13,TMAX,306
USW00013754,2005-08-21,TMAX,367
USR0000NHOF,2010-12-20,TMIN,-50
USR0000NHOF,2010-12-20,TMAX,50
USR0000NHOF,2008-09-17,TMIN,156
USR0000NHOF,2008-09-17,TMAX,228
USW00093743,2013-07-03,TMAX,294
USW00093743,2013-07-03,TMIN,239
USR0000NNWB,2014-12-12,TMIN,-33
USW00093719,2015-10-15,TMAX,244
USW00093765,2012-10-05,TMIN,178
USC00317170,2011-09-13,TMIN,167
USC00310576,2006-10-01,TMIN,128
USC00310576,2012-07-23,TMAX,311
USC00310576,2012-07-23,TMIN,228
USW00013754,2005-08-21,TMIN,239
USW00093719,2015-10-15,TMIN,100
USW00093743,2010-09-22,TMIN,189
USC00315830,2013-08-20,TMAX,300
USR0000NCRN,2014-01-26,TMIN,-28
USR0000NHOF,2009-10-20,TMIN,-17
USR0000NHOF,2009-10-20,TMAX,200
USC00317170,2007-09-09,TMAX,289
USC00310356,2008-09-17,TMIN,211
USC00310356,2008-09-17,TMAX,306
USR0000NCRN,2009-11-06,TMAX,161
USC00317170,2007-09-09,TMIN,222
USW00093743,2008-06-29,TMAX,256
USR0000NCRN,2009-11-06,TMIN,106
USR0000NCRN,2010-08-08,TMIN,228
USR0000NCRN,2010-08-08,TMAX,311
USR0000NHOF,2010-09-20,TMIN,122
USW00093765,2009-03-16,TMAX,122
USC00317170,2012-10-05,TMAX,267
USW00093743,2008-06-29,TMIN,217
USW00093719,2013-03-21,TMIN,0
USW00093765,2010-07-26,TMIN,256
USC00317170,2010-07-08,TMAX,328
USW00093743,2010-09-22,TMAX,278
USC00316676,2005-09-27,TMIN,206
USR0000NNWB,2014-12-12,TMAX,128
USC00316096,2014-04-12,TMAX,244
USW00093743,2008-09-17,TMIN,178
USW00093743,2008-09-17,TMAX,239
USC00314689,2015-09-05,TMIN,211
USW00013754,2008-03-01,TMIN,67
USC00310576,2013-05-01,TMIN,150
USC00310576,2013-05-01,TMAX,250
USC00316676,2005-09-27,TMAX,294
USC00317170,2014-12-05,TMIN,61
USR0000NCRN,2014-01-26,TMAX,94
USW00093765,2010-07-26,TMAX,311
USC00316096,2014-04-12,TMIN,122
USC00310576,2006-05-21,TMAX,283
USC00314144,2006-08-20,TMIN,206
USC00314144,2006-07-18,TMIN,200
USW00093765,2012-04-19,TMAX,200
USC00314689,2012-12-06,TMAX,172
USC00314689,2007-10-30,TMIN,22
USR0000NHOF,2015-02-12,TMIN,-28
USR0000NHOF,2015-02-12,TMAX,200
USR0000NCRN,2009-11-01,TMAX,272
USW00093719,2015-12-22,TMAX,233
USC00310576,2008-08-14,TMAX,222
USW00093719,2015-12-22,TMIN,122
USC00316096,2011-03-18,TMAX,222
USC00314684,2012-10-05,TMIN,156
USR0000NCRN,2008-08-31,TMIN,217
USC00314684,2012-10-05,TMAX,272
USC00310576,2008-08-14,TMIN,156
USR0000NCRN,2009-11-01,TMIN,200
USR0000NCRN,2008-08-31,TMAX,322
USC00310576,2009-09-03,TMIN,183
USW00093719,2011-05-22,TMAX,306
USC00316676,2011-01-05,TMAX,133
USC00316676,2011-01-05,TMIN,-22
USR0000NCRN,2015-03-21,TMAX,156
USC00314689,2009-11-07,TMIN,6
USC00316096,2011-03-18,TMIN,61
USW00093765,2012-04-19,TMIN,161
USC00310576,2012-09-09,TMIN,206
USC00314689,2009-11-07,TMAX,183
USC00314684,2012-08-24,TMIN,206
USC00310576,2009-09-03,TMAX,250
USR0000NHOF,2008-06-29,TMIN,228
USC00310576,2012-09-09,TMAX,300
USR0000NHOF,2010-09-21,TMIN,144
USC00314684,2012-08-24,TMAX,294
USC00314689,2012-12-06,TMIN,56
USC00316676,2011-04-20,TMAX,278
USC00316676,2008-07-02,TMIN,133
USR0000NCRN,2008-03-10,TMIN,-6
USR0000NCRN,2008-03-10,TMAX,167
USC00314689,2005-02-13,TMAX,200
USC00317170,2010-07-26,TMAX,328
USC00317170,2010-07-26,TMIN,267
USC00316096,2012-06-01,TMAX,283
USW00013754,2007-11-18,TMAX,194
USC00316096,2012-06-01,TMIN,206
USW00093765,2006-02-14,TMAX,100
USW00093743,2008-02-21,TMAX,128
USR0000NNWB,2006-10-08,TMAX,244
USR0000NNWB,2006-10-08,TMIN,172
USW00093743,2008-02-21,TMIN,22
USC00314684,2012-12-27,TMAX,189
USW00013754,2007-11-18,TMIN,33
USC00310356,2015-02-12,TMIN,6
USC00316676,2008-07-02,TMAX,300
USC00310356,2013-05-01,TMIN,133
USR0000NNWB,2005-01-21,TMIN,-28
USC00314689,2007-10-30,TMAX,189
USR0000NHOF,2013-05-01,TMIN,167
USC00314689,2005-02-13,TMIN,6
USR0000NHOF,2013-05-01,TMAX,167
USW00093719,2006-10-21,TMIN,111
USC00310356,2013-05-01,TMAX,244
USC00315830,2008-10-12,TMAX,250
USC00315830,2008-10-12,TMIN,194
USW00093743,2013-05-01,TMIN,150
USW00093743,2013-05-01,TMAX,228
USW00093743,2012-08-02,TMIN,211
USC00316676,2011-04-20,TMIN,133
USW00093719,2006-10-21,TMAX,206
USR0000NNWB,2005-01-21,TMAX,50
USW00093719,2007-06-29,TMAX,339
USC00310356,2015-02-12,TMAX,128
USC00316096,2009-11-30,TMIN,106
USW00093765,2006-03-28,TMAX,161
USW00013754,2010-11-14,TMIN,28
USW00093765,2008-07-27,TMAX,289
USW00093765,2008-07-27,TMIN,261
USR0000NHOF,2010-09-21,TMAX,289
USC00316676,2010-12-12,TMAX,150
USC00316096,2011-06-06,TMIN,183
USC00315830,2009-03-24,TMAX,139
USC00315830,2014-01-01,TMIN,11
USC00315830,2009-03-24,TMIN,50
USC00316676,2010-12-12,TMIN,50
USW00013754,2015-09-22,TMIN,222
USW00013754,2015-09-22,TMAX,289
USC00310356,2008-02-21,TMIN,22
USC00310356,2008-02-21,TMAX,133
USC00315830,2012-02-27,TMIN,83
USC00315830,2012-02-27,TMAX,178
USC00314144,2006-07-18,TMAX,344
USC00314689,2014-09-03,TMAX,344
USC00314689,2014-09-03,TMIN,244
USC00316096,2015-11-25,TMAX,161
USC00317170,2014-02-10,TMIN,33
USC00316096,2011-02-02,TMIN,128
USW00093765,2006-03-28,TMIN,28
USC00315830,2015-03-28,TMIN,33
USW00013754,2010-11-14,TMAX,183
USC00310576,2013-07-03,TMAX,294
USC00310576,2005-02-07,TMIN,11
USC00310576,2005-02-07,TMAX,106
USC00310356,2009-10-20,TMAX,167
USC00310576,2013-07-03,TMIN,222
USC00316096,2015-11-25,TMIN,0
USC00314689,2008-06-14,TMAX,328
USW00013754,2014-03-10,TMIN,33
USC00314689,2008-06-14,TMIN,172
USW00093765,2010-12-31,TMIN,-21
USW00093719,2005-02-09,TMIN,100
USC00310576,2010-10-11,TMIN,111
USC00310576,2010-10-11,TMAX,289
USR0000NHOF,2007-07-03,TMIN,117
USW00093765,2007-09-01,TMIN,206
USW00093719,2005-02-09,TMAX,200
USR0000NHOF,2007-07-03,TMAX,261
USC00316676,2010-01-23,TMIN,6
USC00316676,2010-01-23,TMAX,83
USC00314144,2008-02-26,TMAX,178
USC00314144,2008-02-26,TMIN,6
USW00093719,2011-05-22,TMIN,150
USR0000NCRN,2015-03-21,TMIN,72
USW00093765,2007-09-01,TMAX,306
USR0000NHOF,2008-06-29,TMAX,328
USW00093765,2015-04-10,TMAX,233
USC00310576,2009-02-12,TMIN,139
USW00013754,2014-03-10,TMAX,228
USW00093765,2011-03-15,TMAX,178
USW00093719,2011-11-09,TMIN,106
USW00093765,2011-03-15,TMIN,94
USW00093719,2011-11-09,TMAX,244
USC00316096,2009-11-30,TMAX,189
USW00093765,2010-12-31,TMAX,128
USC00315830,2014-01-01,TMAX,117
USR0000NHOF,2012-08-02,TMIN,189
USC00314689,2006-04-24,TMAX,272
USC00314689,2006-04-24,TMIN,172
USR0000NHOF,2012-08-02,TMAX,322
USC00310576,2009-02-12,TMAX,228
USW00093765,2015-04-10,TMIN,172
USC00314144,2007-09-21,TMAX,233
USC00316096,2014-02-10,TMAX,89
USC00316096,2014-02-10,TMIN,11
USC00314684,2009-12-03,TMAX,206
USC00314144,2008-01-22,TMAX,189
USW00093765,2009-05-10,TMIN,167
USW00093765,2009-05-10,TMAX,267
USW00093765,2010-07-08,TMAX,317
USC00314684,2008-05-10,TMAX,289
USC00314684,2008-05-10,TMIN,150
USR0000NCRN,2012-09-09,TMAX,256
USW00093765,2010-07-08,TMIN,228
USR0000NCRN,2012-09-09,TMIN,167
USC00310356,2008-07-14,TMIN,217
USC00310356,2008-07-14,TMAX,294
USW00093743,2007-12-18,TMAX,78
USW00093743,2007-12-18,TMIN,-43
USC00310576,2014-03-10,TMAX,211
USR0000NNWB,2009-10-08,TMIN,100
USC00310576,2014-03-10,TMIN,28
USR0000NNWB,2009-10-08,TMAX,244
USW00093765,2010-04-16,TMIN,139
USC00314144,2005-03-18,TMIN,6
USC00314684,2013-07-03,TMAX,300
USC00314684,2013-07-03,TMIN,222
USC00314144,2009-11-01,TMAX,322
USC00314144,2005-03-18,TMAX,156
USC00314144,2008-01-22,TMIN,-17
USC00316676,2014-12-18,TMAX,172
USC00316676,2014-06-11,TMIN,217
USC00316676,2014-06-11,TMAX,333
USR0000NNWB,2015-08-13,TMAX,322
USR0000NNWB,2015-08-13,TMIN,183
USW00093719,2009-05-20,TMIN,106
USW00093719,2009-05-20,TMAX,239
USW00093765,2010-04-16,TMAX,217
USC00316096,2010-05-23,TMAX,272
USC00310576,2015-08-25,TMIN,183
USC00314689,2009-10-26,TMAX,183
USW00093743,2010-01-03,TMAX,17
USR0000NCRN,2008-10-26,TMAX,233
USW00093765,2007-09-09,TMIN,233
USC00310356,2010-01-03,TMIN,-56
USW00093743,2008-07-14,TMIN,189
USW00013754,2011-05-22,TMIN,161
USC00310356,2010-01-03,TMAX,22
USC00315830,2014-12-28,TMAX,156
USC00314684,2010-01-23,TMAX,50
USC00314684,2010-01-23,TMIN,-17
USW00093743,2008-07-14,TMAX,239
USC00315830,2014-12-28,TMIN,28
USC00314144,2008-03-10,TMAX,161
USC00314144,2008-03-10,TMIN,-44
USW00093765,2011-09-19,TMIN,183
USC00316096,2013-07-03,TMIN,233
USC00316096,2013-07-03,TMAX,294
USC00314689,2009-10-26,TMIN,94
USW00093719,2013-12-23,TMIN,144
USW00093719,2013-12-23,TMAX,261
USW00093719,2010-02-20,TMAX,144
USW00093719,2010-02-20,TMIN,-39
USW00093765,2011-09-19,TMAX,267
USC00310576,2015-08-25,TMAX,306
USR0000NNWB,2010-11-14,TMAX,211
USR0000NNWB,2010-11-14,TMIN,17
USC00316676,2006-04-24,TMIN,150
USR0000NNWB,2005-05-01,TMAX,206
USR0000NNWB,2005-05-01,TMIN,106
USC00310576,2006-06-25,TMAX,283
USC00310576,2006-06-25,TMIN,239
USC00316676,2006-04-24,TMAX,278
USC00316096,2010-05-23,TMIN,144
USR0000NCRN,2013-12-15,TMIN,44
USR0000NCRN,2013-12-15,TMAX,167
USR0000NNWB,2007-02-19,TMIN,-50
USR0000NCRN,2013-08-20,TMAX,283
USC00314689,2013-11-04,TMAX,172
USC00310576,2015-02-12,TMIN,-6
USR0000NCRN,2011-06-28,TMAX,300
USC00310576,2015-02-12,TMAX,61
USW00013754,2009-10-08,TMIN,122
USR0000NCRN,2013-08-20,TMIN,222
USC00310356,2011-03-25,TMAX,228
USR0000NNWB,2006-09-11,TMIN,167
USW00013754,2009-10-08,TMAX,217
USC00310356,2014-05-22,TMIN,206
USC00315830,2007-07-23,TMAX,283
USR0000NNWB,2006-09-11,TMAX,250
USC00315830,2007-07-23,TMIN,189
USC00310356,2011-03-25,TMIN,78
USW00013754,2005-05-01,TMIN,94
USC00310356,2013-10-08,TMIN,167
USW00093719,2014-07-30,TMAX,300
USW00093719,2014-07-30,TMIN,206
USC00314684,2006-11-20,TMAX,150
USR0000NNWB,2011-05-22,TMIN,167
USR0000NNWB,2011-05-22,TMAX,317
USC00310576,2005-05-13,TMIN,150
USC00314684,2006-11-20,TMIN,11
USC00317170,2011-05-15,TMIN,178
USW00013754,2005-05-01,TMAX,200
USW00093765,2008-11-08,TMAX,217
USW00093765,2008-11-08,TMIN,156
USR0000NNWB,2007-01-04,TMIN,61
USR0000NNWB,2007-01-04,TMAX,222
USC00310356,2013-10-08,TMAX,278
USC00310576,2005-05-13,TMAX,189
USC00316676,2009-02-03,TMAX,178
USR0000NCRN,2011-06-28,TMIN,256
USC00314684,2014-12-23,TMIN,44
USR0000NNWB,2011-08-28,TMIN,217
USW00093765,2006-01-03,TMAX,183
USW00093765,2006-01-03,TMIN,89
USC00314684,2010-07-26,TMAX,350
USC00314684,2010-07-26,TMIN,239
USR0000NNWB,2011-08-28,TMAX,339
USC00310356,2007-11-16,TMAX,200
USC00316676,2012-10-05,TMAX,283
USC00316676,2012-10-05,TMIN,178
USR0000NNWB,2013-02-08,TMAX,122
USC00315830,2013-09-16,TMIN,194
USR0000NNWB,2013-02-08,TMIN,67
USC00310356,2007-11-16,TMIN,28
USC00315830,2013-09-16,TMAX,294
USW00093743,2010-01-03,TMIN,-55
USC00314684,2014-12-23,TMAX,72
USR0000NCRN,2010-10-26,TMAX,267
USR0000NCRN,2010-04-11,TMAX,206
USC00310356,2014-05-22,TMAX,233
USC00310576,2013-01-22,TMAX,183
USR0000NNWB,2007-02-19,TMAX,83
USR0000NCRN,2010-04-11,TMIN,28
USC00314689,2011-03-28,TMAX,67
USC00317170,2011-04-12,TMAX,278
USC00314144,2008-07-07,TMAX,278
USC00314144,2008-07-07,TMIN,189
USW00093719,2011-11-28,TMAX,256
USR0000NCRN,2010-10-26,TMIN,217
USC00316676,2009-02-03,TMIN,6
USW00093719,2011-11-28,TMIN,150
USC00317170,2011-04-12,TMIN,217
USC00315830,2010-04-05,TMIN,172
USR0000NCRN,2008-10-26,TMIN,106
USC00317170,2009-05-15,TMAX,267
USR0000NCRN,2010-12-20,TMIN,-33
USW00013754,2005-08-08,TMIN,222
USW00093743,2007-11-16,TMAX,111
USC00310356,2011-05-19,TMIN,172
USW00013754,2007-01-04,TMAX,211
USW00013754,2007-01-04,TMIN,72
USR0000NCRN,2014-11-27,TMAX,144
USC00316676,2013-10-28,TMAX,206
USR0000NCRN,2007-01-30,TMAX,100
USC00310356,2011-05-19,TMAX,244
USC00314144,2010-12-03,TMIN,-50
USW00093719,2013-02-08,TMIN,83
USC00310356,2013-11-28,TMAX,167
USC00310356,2013-11-28,TMIN,-11
USR0000NCRN,2015-05-11,TMIN,206
USW00093743,2013-11-28,TMAX,78
USR0000NCRN,2015-05-11,TMAX,250
USR0000NCRN,2011-09-22,TMAX,294
USC00316676,2006-07-17,TMIN,206
USC00316676,2006-07-17,TMAX,311
USC00315830,2007-04-17,TMAX,200
USC00315830,2007-04-17,TMIN,100
USC00314684,2005-10-17,TMAX,228
USR0000NCRN,2014-11-27,TMIN,17
USR0000NHOF,2011-07-24,TMIN,217
USR0000NNWB,2011-08-07,TMAX,356
USR0000NCRN,2013-10-08,TMIN,167
USR0000NCRN,2013-10-08,TMAX,211
USW00093743,2013-11-28,TMIN,-16
USR0000NCRN,2011-09-22,TMIN,228
USW00093719,2013-02-08,TMAX,133
USC00317170,2015-11-02,TMIN,172
USR0000NNWB,2011-08-07,TMIN,250
USW00093743,2007-11-16,TMIN,0
USC00314684,2013-04-30,TMIN,150
USC00314684,2013-04-30,TMAX,222
USC00310576,2007-10-03,TMIN,200
USC00316676,2011-02-23,TMAX,89
USC00314144,2007-08-17,TMAX,317
USW00093765,2014-07-30,TMAX,289
USC00314689,2005-09-27,TMIN,217
USW00093765,2014-07-30,TMIN,211
USR0000NNWB,2007-07-17,TMAX,344
USC00310576,2007-10-03,TMAX,289
USC00314689,2007-12-02,TMAX,128
USC00314689,2005-09-27,TMAX,289
USC00314684,2015-04-19,TMAX,244
USR0000NNWB,2007-07-17,TMIN,222
USW00093743,2011-05-19,TMAX,244
USC00316676,2012-08-08,TMAX,300
USC00314689,2007-12-02,TMIN,11
USR0000NNWB,2015-01-15,TMAX,72
USR0000NHOF,2008-07-14,TMIN,206
USC00316676,2013-10-28,TMIN,50
USC00316676,2012-10-27,TMIN,167
USC00316676,2012-10-27,TMAX,244
USW00013754,2005-09-09,TMAX,283
USW00013754,2005-09-09,TMIN,189
USR0000NHOF,2011-07-24,TMAX,344
USC00316096,2015-07-17,TMIN,217
USR0000NHOF,2008-07-14,TMAX,311
USC00316096,2015-07-17,TMAX,317
USC00310356,2015-04-29,TMAX,222
USC00314689,2008-11-13,TMIN,11
USC00314689,2008-11-13,TMAX,222
USW00013754,2005-08-08,TMAX,278
USC00314144,2010-12-03,TMAX,89
USC00316676,2011-02-23,TMIN,11
USC00310356,2015-04-29,TMIN,111
USC00315830,2015-12-09,TMIN,39
USC00316676,2005-12-15,TMAX,56
USR0000NNWB,2015-01-15,TMIN,17
USW00093765,2007-09-09,TMAX,278
USR0000NNWB,2007-04-24,TMAX,283
USC00314689,2015-07-17,TMIN,206
USR0000NNWB,2007-04-24,TMIN,167
USW00013754,2005-02-03,TMAX,78
USC00316676,2007-01-13,TMIN,28
USC00316676,2007-01-13,TMAX,222
USC00314689,2011-08-18,TMAX,317
USC00314689,2011-08-18,TMIN,183
USW00013754,2005-02-03,TMIN,11
USR0000NHOF,2010-01-03,TMIN,-67
USW00013754,2011-05-22,TMAX,300
USR0000NHOF,2010-01-03,TMAX,6
USW00093765,2008-04-04,TMAX,200
USC00317170,2009-05-15,TMIN,183
USW00093765,2008-04-04,TMIN,167
USC00314689,2006-01-18,TMAX,211
USR0000NCRN,2010-12-20,TMAX,50
USC00316676,2014-12-18,TMIN,28
USC00316676,2012-01-20,TMIN,0
USC00316676,2012-01-20,TMAX,117
USC00314689,2013-07-03,TMAX,294
USW00093719,2009-01-09,TMAX,89
USC00314689,2015-07-17,TMAX,328
USC00314689,2013-07-03,TMIN,228
USC00314689,2013-04-30,TMIN,144
USC00314689,2013-04-30,TMAX,228
USC00310356,2007-12-18,TMIN,-6
USC00310356,2007-12-18,TMAX,67
USW00093719,2015-09-22,TMAX,283
USC00314689,2006-01-18,TMIN,89
USW00093719,2009-01-09,TMIN,-17
USW00093719,2015-09-22,TMIN,211
USC00316096,2013-04-30,TMIN,161
USC00316096,2013-04-30,TMAX,250
USR0000NHOF,2007-11-08,TMIN,-50
USR0000NHOF,2008-07-17,TMIN,167
USW00093765,2010-07-19,TMIN,267
USW00093765,2010-07-19,TMAX,294
USC00314684,2005-10-17,TMIN,89
USC00314684,2005-02-13,TMIN,-17
USC00314689,2009-11-30,TMIN,100
USC00314144,2009-07-12,TMAX,328
USC00314684,2005-02-13,TMAX,156
USR0000NHOF,2008-07-17,TMAX,306
USR0000NHOF,2015-04-29,TMIN,56
USC00316676,2012-04-19,TMAX,250
USC00316676,2012-04-19,TMIN,139
USR0000NHOF,2015-04-29,TMAX,206
USC00314144,2009-07-12,TMIN,50
USC00316676,2005-12-15,TMIN,-22
USR0000NHOF,2007-11-08,TMAX,133
USC00310576,2009-07-26,TMAX,317
USR0000NNWB,2010-12-15,TMAX,39
USR0000NNWB,2010-12-15,TMIN,-83
USC00316676,2014-10-07,TMIN,72
USC00316676,2014-10-07,TMAX,233
USC00317170,2015-11-02,TMAX,206
USR0000NCRN,2006-08-20,TMAX,328
USC00314689,2009-11-30,TMAX,211
USR0000NCRN,2006-08-20,TMIN,233
USC00310576,2015-11-18,TMAX,211
USC00310576,2015-11-18,TMIN,39
USC00315830,2011-07-18,TMIN,194
USC00315830,2011-07-18,TMAX,300
USR0000NHOF,2012-02-19,TMAX,117
USC00310576,2009-07-26,TMIN,206
USR0000NHOF,2012-02-19,TMIN,28
USW00093765,2012-10-05,TMAX,267
USC00314689,2011-03-28,TMIN,0
USC00315830,2015-12-09,TMAX,156
USW00093719,2006-01-03,TMAX,167
USC00314689,2014-02-10,TMIN,28
USC00314689,2014-02-10,TMAX,128
USC00314144,2006-05-21,TMAX,306
USC00314144,2006-05-21,TMIN,189
USR0000NNWB,2011-11-28,TMIN,222
USR0000NNWB,2011-11-28,TMAX,256
USC00310576,2013-11-13,TMAX,194
USC00314684,2013-03-21,TMIN,-17
USC00317170,2015-10-15,TMIN,100
USC00314684,2013-03-21,TMAX,128
USC00315830,2014-01-13,TMIN,128
USC00316676,2011-03-21,TMAX,172
USC00310356,2005-06-03,TMIN,189
USC00310356,2005-06-03,TMAX,272
USR0000NHOF,2006-06-25,TMIN,183
USR0000NHOF,2006-06-25,TMAX,250
USW00013754,2015-08-13,TMIN,183
USC00317170,2015-10-15,TMAX,244
USW00093743,2007-07-03,TMAX,267
USW00013754,2011-08-07,TMAX,350
USC00317170,2009-12-12,TMAX,78
USC00314144,2010-09-24,TMIN,172
USW00093719,2006-01-03,TMIN,78
USC00315830,2014-01-13,TMAX,172
USC00317170,2010-07-19,TMAX,339
USW00013754,2007-08-22,TMAX,311
USR0000NNWB,2014-07-30,TMIN,189
USC00317170,2009-12-12,TMIN,0
USC00314144,2009-08-10,TMAX,344
USW00013754,2011-08-07,TMIN,256
USR0000NNWB,2014-07-30,TMAX,306
USC00310576,2014-05-02,TMAX,267
USR0000NNWB,2008-03-01,TMAX,200
USC00310576,2008-01-05,TMIN,-44
USC00316676,2011-12-10,TMAX,194
USC00314689,2008-04-01,TMAX,233
USW00093719,2010-12-01,TMIN,44
USC00316676,2011-12-10,TMIN,50
USW00093743,2009-12-22,TMAX,89
USW00093743,2009-12-22,TMIN,-5
USC00314689,2005-10-17,TMIN,78
USR0000NNWB,2009-01-26,TMAX,67
USR0000NCRN,2011-08-10,TMIN,233
USW00093743,2011-03-25,TMAX,122
USC00316676,2005-03-25,TMIN,78
USC00316676,2005-03-25,TMAX,200
USR0000NHOF,2012-07-28,TMIN,206
USC00310576,2008-01-05,TMAX,78
USW00093719,2010-09-15,TMAX,306
USR0000NNWB,2009-01-26,TMIN,17
USW00093765,2015-08-05,TMAX,306
USC00310576,2007-12-30,TMIN,156
USW00013754,2005-01-21,TMIN,28
USC00314689,2008-04-01,TMIN,167
USW00013754,2005-01-21,TMAX,50
USW00093765,2015-08-05,TMIN,256
USW00093719,2013-07-03,TMAX,317
USR0000NNWB,2008-03-01,TMIN,67
USW00093719,2013-07-03,TMIN,233
USC00310576,2013-11-13,TMIN,22
USC00316676,2014-04-12,TMAX,272
USC00316676,2014-04-12,TMIN,89
USW00093719,2010-09-15,TMIN,161
USC00310576,2007-12-30,TMAX,256
USW00093743,2011-03-25,TMIN,61
USC00315830,2012-01-12,TMIN,106
USC00317170,2010-07-19,TMIN,244
USW00013754,2015-08-13,TMAX,306
USC00310576,2014-05-02,TMIN,172
USW00013754,2013-07-03,TMIN,233
USC00315830,2014-03-10,TMAX,211
USW00013754,2013-07-03,TMAX,300
USC00315830,2014-03-10,TMIN,39
USC00317170,2007-05-05,TMAX,256
USC00316676,2011-05-07,TMIN,67
USC00317170,2015-04-19,TMIN,172
USC00315830,2015-03-17,TMAX,133
USC00317170,2015-04-19,TMAX,228
USC00314689,2012-12-27,TMAX,189
USC00314689,2008-05-10,TMIN,156
USC00316676,2011-05-07,TMAX,239
USW00013754,2014-07-30,TMIN,200
USW00013754,2014-07-30,TMAX,283
USR0000NNWB,2006-09-15,TMAX,278
USR0000NNWB,2006-09-15,TMIN,172
USC00317170,2011-01-30,TMIN,39
USW00093719,2012-03-07,TMAX,183
USC00316676,2012-11-19,TMIN,128
USC00316676,2012-11-19,TMAX,156
USW00093719,2012-03-07,TMIN,6
USW00093719,2012-11-29,TMAX,133
USC00314144,2005-07-21,TMIN,233
USC00314689,2008-11-20,TMAX,144
USC00310356,2014-11-27,TMIN,44
USC00310356,2014-11-27,TMAX,194
USC00315830,2011-10-01,TMIN,100
USC00315830,2015-06-29,TMAX,294
USC00315830,2015-06-29,TMIN,211
USC00315830,2011-10-01,TMAX,278
USC00317170,2011-01-30,TMAX,206
USW00093719,2012-11-29,TMIN,-39
USC00316676,2015-05-31,TMIN,178
USC00316096,2012-04-19,TMAX,178
USC00316096,2012-04-19,TMIN,144
USC00316676,2011-03-21,TMIN,72
USC00317170,2010-04-16,TMIN,100
USC00317170,2010-04-16,TMAX,311
USC00314684,2011-01-10,TMIN,-83
USC00315830,2010-08-27,TMAX,294
USR0000NCRN,2014-10-08,TMIN,211
USC00314144,2010-09-24,TMAX,300
USR0000NCRN,2014-10-08,TMAX,272
USC00310356,2006-06-25,TMAX,272
USC00310356,2006-06-25,TMIN,228
USW00093765,2012-07-13,TMIN,239
USW00093765,2012-07-13,TMAX,306
USC00314689,2012-04-19,TMAX,228
USC00314689,2012-04-19,TMIN,117
USW00093743,2007-07-03,TMIN,178
USC00314689,2007-12-26,TMIN,56
USW00093719,2007-04-24,TMAX,278
USC00314689,2010-10-19,TMIN,128
USR0000NHOF,2009-12-22,TMIN,-56
USC00314689,2012-12-27,TMIN,50
USC00315830,2015-03-17,TMIN,50
USC00314689,2008-11-20,TMIN,6
USC00316676,2015-05-31,TMAX,300
USC00317170,2007-05-05,TMIN,133
USW00093719,2007-04-24,TMIN,156
USR0000NHOF,2009-06-21,TMAX,322
USW00093743,2007-11-08,TMIN,22
USR0000NHOF,2009-06-21,TMIN,194
USC00315830,2010-08-27,TMIN,228
USW00013754,2007-08-22,TMIN,222
USR0000NHOF,2009-12-22,TMAX,94
USC00314689,2010-10-19,TMAX,272
USW00093743,2007-11-08,TMAX,133
USR0000NCRN,2011-08-10,TMAX,344
USR0000NNWB,2010-03-20,TMAX,267
USC00316676,2013-04-30,TMIN,156
USW00013754,2013-02-08,TMAX,150
USR0000NHOF,2014-05-22,TMAX,344
USC00310356,2007-07-14,TMIN,222
USC00317170,2011-05-15,TMAX,283
USR0000NHOF,2014-05-22,TMIN,189
USC00315830,2005-04-05,TMIN,72
USC00314684,2010-03-28,TMAX,139
USC00314684,2010-03-28,TMIN,17
USC00315830,2005-04-05,TMAX,244
USC00316096,2010-01-23,TMAX,100
USC00316096,2010-01-23,TMIN,6
USC00314684,2005-08-04,TMIN,189
USR0000NCRN,2009-10-20,TMAX,189
USC00314684,2005-08-04,TMAX,333
USC00314684,2011-05-26,TMAX,361
USR0000NHOF,2007-12-18,TMAX,100
USR0000NHOF,2007-12-18,TMIN,-100
USW00093743,2007-10-11,TMAX,250
USC00314689,2013-03-21,TMAX,133
USC00314689,2009-01-31,TMAX,111
USC00314689,2009-01-31,TMIN,-22
USC00316676,2007-03-17,TMAX,200
USC00316676,2007-03-17,TMIN,28
USC00310356,2007-07-14,TMAX,294
USW00093719,2006-02-28,TMAX,200
USW00093719,2006-02-28,TMIN,39
USC00315830,2010-03-10,TMIN,94
USC00315830,2010-03-10,TMAX,194
USC00317170,2013-07-03,TMAX,344
USC00317170,2013-07-03,TMIN,228
USW00093743,2010-12-08,TMIN,-60
USC00314689,2013-03-21,TMIN,0
USW00093765,2007-11-14,TMIN,133
USR0000NCRN,2012-07-05,TMAX,322
USW00013754,2013-02-08,TMIN,83
USC00314144,2008-09-17,TMAX,228
USW00013754,2008-02-15,TMAX,156
USC00314689,2013-11-04,TMIN,33
USC00314689,2010-05-23,TMIN,194
USC00314684,2015-01-28,TMAX,39
USR0000NCRN,2012-05-17,TMIN,183
USW00013754,2008-02-15,TMIN,-5
USC00314689,2010-05-23,TMAX,278
USC00314144,2007-09-25,TMAX,289
USC00314684,2011-05-26,TMIN,211
USW00013754,2011-08-28,TMIN,206
USC00310576,2007-06-17,TMIN,150
USR0000NCRN,2012-05-17,TMAX,256
USC00310576,2007-06-17,TMAX,267
USW00013754,2011-08-28,TMAX,333
USC00314684,2006-03-28,TMIN,11
USC00314144,2008-09-17,TMIN,156
USC00317170,2012-11-09,TMAX,156
USC00315830,2010-04-05,TMAX,228
USC00310576,2013-01-22,TMIN,11
USW00093719,2008-07-27,TMIN,228
USW00093743,2014-05-22,TMIN,211
USW00093719,2008-07-27,TMAX,311
USW00093743,2014-05-22,TMAX,322
USC00317170,2012-11-09,TMIN,0
USC00315830,2007-11-28,TMAX,189
USR0000NCRN,2012-07-05,TMIN,256
USC00314684,2015-01-28,TMIN,-44
USR0000NHOF,2007-01-30,TMIN,-78
USR0000NHOF,2007-01-30,TMAX,100
USC00310356,2012-07-28,TMIN,261
USC00310356,2012-07-28,TMAX,306
USC00315830,2007-11-28,TMIN,56
USC00314144,2007-09-25,TMIN,100
USC00314684,2006-03-28,TMAX,156
USR0000NNWB,2010-02-20,TMAX,150
USW00093765,2013-07-03,TMAX,294
USC00310356,2009-12-22,TMAX,89
USC00310576,2011-08-13,TMAX,317
USC00315830,2012-01-12,TMAX,172
USW00013754,2007-07-17,TMIN,233
USR0000NNWB,2011-02-05,TMIN,44
USC00316676,2011-03-03,TMAX,194
USW00093719,2006-09-03,TMAX,306
USW00093719,2006-09-03,TMIN,178
USW00013754,2007-07-17,TMAX,322
USW00093719,2010-12-01,TMAX,200
USW00013754,2010-02-20,TMIN,-32
USW00013754,2010-02-20,TMAX,144
USW00093743,2012-09-09,TMAX,256
USC00316676,2007-10-29,TMAX,222
USW00093743,2012-09-09,TMIN,178
USW00093719,2006-10-08,TMAX,250
USC00316676,2013-04-30,TMAX,211
USR0000NHOF,2012-07-28,TMAX,328
USR0000NNWB,2010-03-20,TMIN,44
USR0000NHOF,2012-09-09,TMIN,139
USC00314684,2012-01-17,TMAX,106
USC00314684,2012-01-17,TMIN,-50
USW00093765,2013-07-03,TMIN,239
USR0000NHOF,2012-09-09,TMAX,250
USC00310356,2013-08-20,TMAX,294
USC00316676,2011-03-03,TMIN,28
USC00315830,2005-07-01,TMIN,256
USC00316676,2007-10-29,TMIN,94
USC00315830,2005-07-01,TMAX,300
USC00310356,2009-12-22,TMIN,11
USC00310356,2013-08-20,TMIN,228
USR0000NNWB,2006-12-10,TMAX,144
USW00093719,2006-10-08,TMIN,178
USC00314684,2015-01-11,TMAX,44
USR0000NCRN,2009-10-20,TMIN,144
USC00315830,2007-12-04,TMAX,167
USC00315830,2007-12-04,TMIN,22
USC00316676,2014-09-03,TMAX,339
USC00316676,2014-09-03,TMIN,233
USC00310576,2007-08-25,TMIN,206
USC00310576,2009-04-05,TMIN,72
USC00310576,2009-08-18,TMIN,217
USC00317170,2011-03-15,TMAX,144
USW00093743,2010-12-08,TMAX,33
USC00317170,2011-03-15,TMIN,78
USW00093719,2011-12-23,TMAX,217
USW00093743,2007-10-11,TMIN,122
USR0000NHOF,2005-06-03,TMIN,189
USC00310576,2009-08-18,TMAX,317
USR0000NNWB,2010-02-20,TMIN,-33
USC00310576,2009-04-05,TMAX,233
USC00314689,2010-01-23,TMAX,100
USR0000NNWB,2006-12-10,TMIN,-44
USC00310356,2012-09-09,TMIN,228
USC00310356,2012-09-09,TMAX,300
USC00314684,2015-01-11,TMIN,-94
USC00314684,2011-01-10,TMAX,22
USC00316096,2013-03-21,TMAX,111
USW00093719,2011-12-23,TMIN,111
USC00310576,2007-08-25,TMAX,328
USC00310576,2011-08-13,TMIN,211
USC00310356,2007-07-03,TMIN,200
USR0000NNWB,2011-02-05,TMAX,178
USR0000NHOF,2005-06-03,TMAX,261
USC00310356,2007-07-03,TMAX,311
USC00314689,2010-01-23,TMIN,11
USC00316096,2013-03-21,TMIN,-17
USC00310576,2006-09-25,TMIN,172
USC00310356,2013-07-03,TMIN,233
USC00310576,2006-09-25,TMAX,244
USC00310356,2009-11-27,TMIN,72
USR0000NHOF,2010-01-24,TMAX,194
USR0000NHOF,2010-01-24,TMIN,44
USW00093719,2012-06-14,TMIN,178
USR0000NNWB,2015-03-08,TMAX,228
USC00314144,2009-04-14,TMAX,189
USC00314144,2009-04-14,TMIN,150
USR0000NCRN,2011-07-29,TMAX,339
USR0000NCRN,2011-07-29,TMIN,250
USR0000NNWB,2006-05-21,TMAX,294
USR0000NNWB,2006-05-21,TMIN,194
USR0000NNWB,2015-03-08,TMIN,44
USC00314689,2014-06-05,TMIN,228
USC00315830,2006-08-23,TMIN,228
USC00314689,2014-06-05,TMAX,339
USC00317170,2012-06-01,TMIN,211
USW00093719,2009-01-26,TMAX,67
USC00310356,2015-11-20,TMAX,211
USR0000NHOF,2014-01-13,TMAX,200
USR0000NHOF,2014-01-13,TMIN,-11
USC00317170,2012-06-01,TMAX,372
USC00315830,2010-11-30,TMIN,111
USC00314689,2006-10-21,TMIN,94
USC00314684,2007-01-13,TMAX,211
USC00314144,2005-07-24,TMIN,200
USW00013754,2009-09-24,TMAX,306
USC00310356,2006-11-06,TMAX,206
USC00310356,2006-11-06,TMIN,44
USR0000NCRN,2005-09-09,TMAX,294
USW00093719,2009-01-26,TMIN,17
USR0000NCRN,2005-09-09,TMIN,178
USW00013754,2009-09-24,TMIN,183
USC00316676,2011-06-17,TMAX,306
USC00314684,2007-01-13,TMIN,61
USC00316676,2005-02-26,TMIN,-44
USC00315830,2006-08-23,TMAX,289
USC00310576,2011-04-07,TMAX,183
USW00093719,2014-09-03,TMIN,244
USC00310356,2010-01-24,TMAX,156
USC00310356,2010-01-24,TMIN,56
USW00093719,2014-09-03,TMAX,344
USC00316096,2012-08-08,TMIN,222
USC00316676,2010-01-02,TMIN,-17
USC00316096,2012-08-08,TMAX,267
USC00316676,2010-01-02,TMAX,89
USC00316676,2005-10-17,TMAX,233
USC00314684,2013-07-02,TMIN,211
USC00314684,2013-07-02,TMAX,272
USW00093719,2010-07-26,TMIN,256
USW00093719,2010-07-26,TMAX,322
USC00316676,2005-10-17,TMIN,61
USW00093743,2010-01-24,TMAX,189
USC00314689,2010-04-16,TMAX,294
USR0000NHOF,2008-03-10,TMIN,-44
USR0000NHOF,2008-03-10,TMAX,161
USC00310356,2009-11-27,TMAX,189
USW00093719,2012-06-14,TMAX,261
USC00310356,2008-07-09,TMIN,239
USC00314689,2010-04-16,TMIN,106
USC00317170,2013-05-01,TMIN,150
USC00317170,2013-05-01,TMAX,233
USW00093719,2013-10-08,TMIN,167
USC00310356,2005-12-16,TMIN,-33
USC00310356,2005-12-16,TMAX,161
USW00093719,2013-10-08,TMAX,233
USW00093743,2010-01-24,TMIN,67
USC00316676,2005-02-26,TMAX,39
USW00093743,2012-03-25,TMAX,233
USW00093743,2012-03-25,TMIN,144
USW00093743,2014-01-13,TMIN,6
USW00093719,2008-11-08,TMIN,117
USC00316096,2009-08-20,TMAX,311
USC00316096,2011-11-09,TMAX,239
USC00316096,2011-11-09,TMIN,111
USC00310356,2011-07-08,TMAX,306
USC00314684,2009-07-11,TMIN,144
USC00314684,2009-07-11,TMAX,322
USC00316096,2015-12-22,TMAX,228
USC00316096,2015-12-22,TMIN,133
USC00316676,2013-12-14,TMAX,133
USC00310356,2011-07-08,TMIN,239
USW00093719,2008-11-08,TMAX,239
USC00314684,2013-05-01,TMAX,239
USW00093719,2006-09-15,TMIN,178
USC00314684,2010-06-04,TMIN,206
USC00314684,2013-05-01,TMIN,144
USC00314144,2007-08-10,TMAX,356
USC00310356,2013-09-16,TMIN,189
USC00314689,2008-12-04,TMIN,-11
USC00310576,2007-04-13,TMAX,261
USC00314689,2009-04-26,TMIN,172
USW00093743,2013-02-08,TMAX,156
USW00093743,2011-07-08,TMIN,233
USC00316096,2009-08-20,TMIN,228
USW00093743,2013-02-08,TMIN,83
USW00093743,2011-07-08,TMAX,283
USR0000NNWB,2014-04-12,TMAX,283
USR0000NNWB,2014-04-12,TMIN,128
USC00316676,2014-03-10,TMIN,33
USC00316676,2014-03-10,TMAX,217
USC00314684,2010-06-04,TMAX,289
USC00314689,2008-12-04,TMAX,161
USW00093719,2006-09-15,TMAX,272
USC00310356,2014-01-13,TMAX,183
USC00317170,2011-06-04,TMIN,128
USC00314684,2009-03-08,TMAX,261
USC00315830,2012-05-17,TMAX,256
USC00314684,2009-03-08,TMIN,117
USC00314689,2011-04-01,TMAX,122
USC00314689,2011-04-01,TMIN,78
USW00093743,2013-09-16,TMAX,306
USR0000NHOF,2012-03-25,TMAX,211
USW00093743,2013-09-16,TMIN,194
USC00314684,2008-11-05,TMAX,183
USW00013754,2012-11-29,TMIN,-21
USW00093743,2014-01-13,TMAX,178
USC00316676,2011-06-17,TMIN,206
USR0000NNWB,2009-11-20,TMAX,183
USR0000NNWB,2009-11-20,TMIN,117
USC00314684,2008-11-05,TMIN,156
USC00310356,2008-07-09,TMAX,289
USC00314684,2014-10-08,TMAX,250
USR0000NHOF,2012-03-25,TMIN,128
USW00013754,2012-12-27,TMAX,106
USW00013754,2012-12-27,TMIN,44
USC00310356,2015-11-20,TMIN,144
USR0000NHOF,2013-02-08,TMAX,117
USC00315830,2010-11-30,TMAX,206
USC00317170,2013-07-02,TMAX,328
USC00314684,2014-10-08,TMIN,117
USC00317170,2013-07-02,TMIN,222
USC00310356,2014-01-13,TMIN,67
USC00314144,2005-04-16,TMIN,28
USC00314144,2005-04-16,TMAX,172
USC00316676,2013-12-14,TMIN,-17
USC00314144,2007-08-10,TMIN,217
USC00315830,2012-05-17,TMIN,183
USR0000NHOF,2013-02-08,TMIN,61
USW00093743,2010-09-20,TMAX,300
USW00093765,2008-12-27,TMAX,189
USC00310356,2011-02-16,TMIN,28
USW00093765,2015-04-07,TMAX,217
USC00310576,2015-06-01,TMAX,289
USC00310576,2015-06-01,TMIN,178
USR0000NCRN,2015-06-29,TMIN,194
USR0000NCRN,2015-06-29,TMAX,283
USR0000NHOF,2014-11-12,TMIN,117
USR0000NHOF,2014-11-12,TMAX,272
USC00316096,2009-07-11,TMIN,128
USC00316096,2009-07-11,TMAX,278
USW00093719,2007-06-12,TMIN,156
USW00093719,2007-06-12,TMAX,289
USC00310356,2008-03-10,TMAX,122
USC00310356,2005-06-18,TMIN,217
USC00316096,2010-06-30,TMIN,228
USC00314689,2011-03-18,TMAX,283
USC00310356,2005-06-18,TMAX,294
USW00093765,2014-10-08,TMAX,267
USW00013754,2008-08-27,TMAX,289
USC00314689,2013-07-02,TMAX,322
USC00314689,2011-03-18,TMIN,89
USC00314689,2013-07-02,TMIN,222
USW00013754,2015-03-08,TMIN,22
USW00013754,2015-03-08,TMAX,217
USW00093765,2015-04-07,TMIN,133
USW00093719,2005-01-21,TMIN,-28
USC00316676,2006-04-09,TMIN,56
USW00093765,2014-10-08,TMIN,228
USC00315830,2006-02-19,TMAX,61
USC00316096,2010-06-30,TMAX,294
USC00316676,2006-04-09,TMAX,283
USC00310356,2008-03-10,TMIN,11
USW00093719,2005-01-21,TMAX,39
USC00314689,2015-08-05,TMIN,222
USC00316096,2010-04-16,TMIN,72
USC00316096,2010-04-16,TMAX,239
USC00317170,2012-01-17,TMIN,39
USC00314684,2015-12-22,TMIN,50
USC00314144,2008-08-31,TMAX,272
USC00316676,2009-09-07,TMAX,261
USC00314684,2015-12-22,TMAX,200
USC00316676,2009-09-07,TMIN,206
USC00315830,2007-07-29,TMIN,228
USC00314689,2012-08-08,TMAX,311
USC00314144,2008-08-31,TMIN,194
USW00013754,2010-08-19,TMIN,228
USC00316096,2014-07-10,TMAX,300
USC00316096,2014-07-10,TMIN,217
USW00013754,2015-04-19,TMAX,239
USW00093719,2013-05-01,TMIN,161
USC00314689,2012-08-08,TMIN,228
USW00013754,2013-10-08,TMAX,217
USC00315830,2007-07-29,TMAX,300
USW00093765,2006-04-24,TMIN,194
USR0000NCRN,2008-01-17,TMAX,161
USC00314684,2011-07-22,TMAX,383
USR0000NCRN,2008-01-17,TMIN,6
USC00314684,2011-07-22,TMIN,244
USW00093765,2012-08-24,TMAX,267
USW00093765,2012-08-24,TMIN,211
USW00013754,2011-01-12,TMIN,-16
USC00317170,2012-01-17,TMAX,200
USC00314689,2008-05-26,TMIN,117
USW00093765,2006-04-24,TMAX,244
USC00316676,2008-02-07,TMIN,144
USC00316676,2008-02-07,TMAX,278
USC00314689,2015-08-05,TMAX,361
USW00013754,2010-08-19,TMAX,311
USC00314689,2008-05-26,TMAX,283
USR0000NHOF,2011-09-22,TMAX,294
USW00013754,2013-10-08,TMIN,161
USR0000NCRN,2007-05-31,TMAX,272
USC00317170,2014-10-08,TMIN,189
USC00316096,2010-05-13,TMAX,233
USR0000NCRN,2009-06-21,TMIN,256
USC00314144,2005-07-19,TMAX,361
USC00310356,2011-06-11,TMIN,239
USR0000NHOF,2006-11-06,TMIN,-6
USC00314144,2005-07-19,TMIN,256
USR0000NHOF,2006-11-06,TMAX,189
USW00093765,2015-08-31,TMAX,267
USW00093765,2013-05-01,TMAX,233
USW00093765,2013-05-01,TMIN,150
USW00013754,2009-04-29,TMAX,278
USR0000NCRN,2009-06-21,TMAX,328
USR0000NNWB,2012-12-27,TMIN,22
USC00310576,2005-07-14,TMAX,283
USC00317170,2013-12-23,TMAX,244
USC00310576,2005-07-14,TMIN,211
USC00310356,2011-02-16,TMAX,128
USW00093765,2008-12-27,TMIN,94
USW00093719,2014-04-12,TMAX,289
USC00316096,2009-12-03,TMIN,89
USC00310576,2011-04-07,TMIN,28
USC00316096,2009-12-03,TMAX,211
USC00317170,2014-10-08,TMAX,294
USC00314684,2006-09-03,TMIN,172
USC00314684,2006-09-03,TMAX,283
USC00317170,2013-12-23,TMIN,194
USW00013754,2014-02-10,TMAX,89
USW00013754,2014-02-10,TMIN,17
USC00314144,2005-07-24,TMAX,317
USR0000NNWB,2012-12-27,TMAX,106
USW00093719,2014-04-12,TMIN,133
USC00316096,2010-05-13,TMIN,183
USC00310356,2014-11-12,TMAX,222
USW00093719,2013-08-20,TMIN,228
USC00314689,2011-04-12,TMIN,183
USC00317170,2015-04-10,TMAX,283
USC00316096,2013-07-02,TMAX,294
USC00314689,2011-04-12,TMAX,289
USC00316096,2013-07-02,TMIN,217
USC00317170,2010-10-19,TMAX,272
USC00317170,2015-04-10,TMIN,183
USW00093765,2011-05-15,TMIN,211
USC00317170,2010-10-19,TMIN,150
USR0000NCRN,2005-11-13,TMIN,50
USR0000NNWB,2009-11-13,TMIN,117
USW00013754,2008-08-27,TMIN,239
USR0000NNWB,2009-11-13,TMAX,144
USR0000NCRN,2007-05-31,TMIN,139
USR0000NCRN,2005-11-13,TMAX,239
USC00315830,2006-02-19,TMIN,-22
USR0000NNWB,2014-02-10,TMAX,83
USC00310356,2011-06-11,TMAX,289
USW00093719,2013-08-20,TMAX,294
USC00315830,2013-03-21,TMAX,139
USC00315830,2013-03-21,TMIN,39
USW00093765,2015-08-31,TMIN,228
USC00315830,2005-11-24,TMAX,183
USC00315830,2005-11-24,TMIN,6
USW00093765,2011-05-15,TMAX,261
USW00013754,2009-04-29,TMIN,133
USC00314684,2008-07-27,TMIN,211
USC00310356,2011-09-22,TMIN,222
USC00314684,2008-07-27,TMAX,317
USC00310356,2011-09-22,TMAX,272
USW00093743,2010-09-20,TMIN,144
USC00310356,2014-11-12,TMIN,139
USC00314689,2006-06-24,TMIN,217
USW00093719,2013-05-01,TMAX,239
USC00314684,2007-04-24,TMAX,278
USR0000NHOF,2011-09-22,TMIN,206
USC00310576,2015-10-03,TMAX,228
USW00013754,2005-07-01,TMIN,233
USC00314684,2012-12-06,TMIN,61
USC00315830,2008-03-29,TMAX,211
USW00093765,2006-05-21,TMAX,261
USC00314684,2012-12-06,TMAX,222
USW00093765,2006-05-21,TMIN,211
USC00316676,2011-10-11,TMIN,178
USC00315830,2005-05-13,TMAX,250
USC00315830,2005-05-13,TMIN,161
USC00315830,2008-03-29,TMIN,106
USC00310576,2015-10-03,TMIN,189
USC00316676,2015-01-28,TMAX,56
USC00316676,2015-01-28,TMIN,0
USC00310356,2014-01-26,TMIN,-28
USC00310576,2006-01-03,TMIN,89
USC00310576,2006-01-03,TMAX,161
USR0000NNWB,2009-05-26,TMIN,211
USW00093765,2010-08-29,TMIN,194
USW00093719,2013-11-28,TMIN,-10
USC00310356,2008-12-24,TMAX,144
USW00093743,2012-06-26,TMIN,161
USC00316096,2013-10-28,TMIN,56
USR0000NHOF,2011-02-16,TMIN,-50
USR0000NNWB,2012-11-09,TMIN,-6
USC00315830,2015-08-25,TMAX,294
USC00310576,2008-01-31,TMAX,200
USC00310576,2008-01-31,TMIN,6
USW00013754,2013-07-02,TMAX,294
USW00013754,2013-07-02,TMIN,222
USW00093719,2013-11-28,TMAX,78
USC00315830,2015-08-25,TMIN,217
USW00093743,2014-01-26,TMAX,100
USW00013754,2007-07-23,TMIN,189
USC00310356,2008-12-24,TMIN,11
USC00316096,2011-07-13,TMIN,239
USR0000NHOF,2009-11-27,TMAX,122
USC00316096,2011-07-13,TMAX,361
USR0000NHOF,2009-11-27,TMIN,6
USC00314144,2011-02-26,TMIN,28
USC00316096,2015-09-05,TMAX,311
USW00093765,2014-12-12,TMAX,128
USW00093765,2014-12-12,TMIN,6
USC00317170,2013-10-08,TMAX,228
USC00317170,2013-10-08,TMIN,156
USC00317170,2011-05-26,TMAX,361
USW00013754,2015-10-30,TMIN,111
USW00093765,2010-08-29,TMAX,294
USC00314144,2011-02-26,TMAX,144
USC00310356,2010-09-21,TMIN,200
USC00310576,2009-10-08,TMIN,100
USR0000NHOF,2008-04-30,TMIN,11
USW00013754,2005-07-01,TMAX,322
USC00310356,2014-01-26,TMAX,106
USC00316096,2014-06-05,TMAX,278
USC00316096,2014-06-05,TMIN,200
USC00310356,2010-09-21,TMAX,306
USC00315830,2013-01-16,TMAX,217
USW00013754,2007-07-23,TMAX,283
USR0000NHOF,2011-02-16,TMAX,161
USC00310576,2009-10-08,TMAX,289
USW00093765,2007-01-04,TMIN,89
USC00316676,2011-09-26,TMAX,228
USW00093765,2007-01-04,TMAX,200
USR0000NHOF,2008-04-30,TMAX,194
USC00316676,2011-09-26,TMIN,189
USC00315830,2013-01-16,TMIN,111
USC00314684,2005-10-31,TMIN,11
USR0000NNWB,2009-05-26,TMAX,283
USC00316676,2011-10-11,TMAX,233
USW00093765,2012-06-01,TMAX,289
USW00093743,2008-04-30,TMAX,200
USR0000NNWB,2012-11-09,TMAX,172
USW00093719,2012-08-24,TMIN,211
USW00093719,2012-08-24,TMAX,250
USW00093765,2006-06-24,TMIN,244
USR0000NNWB,2006-08-10,TMAX,322
USC00317170,2009-07-11,TMIN,144
USC00317170,2009-07-11,TMAX,306
USW00093765,2006-06-24,TMAX,289
USR0000NNWB,2006-08-10,TMIN,217
USC00314684,2015-09-11,TMIN,211
USC00315830,2012-02-24,TMIN,139
USC00314684,2015-09-11,TMAX,328
USC00310576,2007-12-23,TMIN,106
USC00310576,2007-12-23,TMAX,183
USC00310576,2007-12-18,TMAX,83
USC00310576,2010-01-24,TMAX,122
USC00310356,2008-04-30,TMAX,256
USC00310356,2008-04-30,TMIN,83
USC00315830,2008-10-09,TMIN,133
USC00316096,2010-11-01,TMIN,67
USC00315830,2010-09-12,TMIN,228
USW00093743,2008-04-30,TMIN,72
USW00093765,2012-06-14,TMIN,194
USC00316096,2010-11-01,TMAX,183
USC00316676,2011-12-28,TMAX,189
USC00310576,2008-12-19,TMIN,122
USC00310576,2008-12-19,TMAX,156
USC00316676,2011-12-28,TMIN,67
USC00310576,2007-12-18,TMIN,-17
USW00093765,2012-06-14,TMAX,267
USW00093765,2005-08-21,TMIN,272
USW00093765,2005-08-21,TMAX,333
USC00314684,2012-08-08,TMAX,306
USW00093743,2012-01-10,TMIN,61
USR0000NCRN,2007-10-09,TMAX,339
USR0000NCRN,2007-10-09,TMIN,200
USC00310576,2012-10-28,TMIN,156
USC00310576,2012-10-28,TMAX,200
USW00093719,2006-11-15,TMIN,78
USC00316096,2013-10-28,TMAX,217
USW00093719,2006-11-15,TMAX,239
USW00093743,2014-01-26,TMIN,-21
USC00314684,2005-10-31,TMAX,206
USC00310576,2008-04-08,TMIN,106
USC00314689,2009-12-03,TMIN,150
USC00314689,2009-12-03,TMAX,217
USW00093743,2012-06-26,TMAX,256
USC00310576,2008-04-08,TMAX,128
USR0000NCRN,2014-11-12,TMAX,244
USC00316676,2014-07-15,TMAX,328
USC00316676,2011-02-27,TMAX,222
USC00314684,2012-08-08,TMIN,222
USW00013754,2007-01-30,TMIN,-49
USW00013754,2007-01-30,TMAX,94
USC00316676,2011-02-27,TMIN,44
USC00315830,2012-02-24,TMAX,183
USR0000NCRN,2005-04-16,TMIN,56
USC00316676,2014-07-15,TMIN,233
USR0000NCRN,2005-04-16,TMAX,150
USC00310356,2015-03-21,TMIN,61
USW00093743,2011-02-04,TMIN,17
USC00310356,2015-03-21,TMAX,200
USR0000NCRN,2013-02-08,TMAX,167
USR0000NCRN,2013-02-08,TMIN,78
USW00093743,2012-01-10,TMAX,139
USW00093765,2012-06-01,TMIN,244
USC00315830,2008-10-09,TMAX,261
USC00317170,2011-05-26,TMIN,172
USC00315830,2006-03-17,TMIN,61
USW00093743,2009-11-27,TMAX,133
USR0000NHOF,2011-07-08,TMAX,272
USR0000NHOF,2011-07-08,TMIN,222
USC00314689,2015-12-22,TMAX,206
USC00314689,2015-12-22,TMIN,133
USW00093743,2011-06-11,TMAX,300
USW00093719,2010-03-10,TMAX,233
USW00013754,2012-11-29,TMAX,139
USW00093719,2010-03-10,TMIN,100
USW00093765,2013-08-20,TMAX,283
USC00316096,2014-10-08,TMAX,278
USW00093743,2010-02-20,TMIN,-27
USW00093743,2010-02-20,TMAX,111
USC00316096,2014-10-08,TMIN,217
USW00093765,2013-08-20,TMIN,222
USW00093743,2009-11-27,TMIN,44
USW00093765,2015-01-11,TMIN,-27
USR0000NNWB,2008-10-04,TMAX,272
USR0000NNWB,2009-09-24,TMIN,200
USR0000NNWB,2008-10-04,TMIN,100
USC00310576,2012-04-19,TMAX,250
USC00310576,2012-04-19,TMIN,144
USR0000NNWB,2014-09-03,TMAX,344
USC00310576,2009-12-22,TMIN,0
USC00314689,2011-11-09,TMIN,78
USC00310576,2010-08-08,TMIN,228
USC00310576,2010-08-08,TMAX,322
USC00314144,2005-09-09,TMIN,161
USC00314689,2011-11-09,TMAX,233
USR0000NNWB,2009-09-24,TMAX,328
USR0000NNWB,2014-09-03,TMIN,244
USC00314144,2005-09-09,TMAX,306
USW00093743,2011-02-16,TMIN,-21
USC00316096,2013-05-01,TMIN,150
USC00316096,2013-05-01,TMAX,228
USW00093719,2006-05-21,TMAX,289
USC00314684,2010-07-19,TMIN,211
USW00093743,2008-12-24,TMAX,194
USW00093743,2008-12-24,TMIN,56
USC00314684,2010-07-19,TMAX,311
USC00314689,2013-10-28,TMIN,61
USW00093743,2008-07-09,TMAX,250
USC00310576,2007-04-13,TMIN,72
USC00310356,2013-02-08,TMAX,161
USW00093765,2013-07-02,TMAX,294
USW00093765,2013-07-02,TMIN,228
USC00310356,2013-02-08,TMIN,78
USC00317170,2011-06-04,TMAX,306
USC00314689,2009-04-26,TMAX,317
USC00310356,2013-09-16,TMAX,289
USW00093765,2015-01-11,TMAX,133
USW00093719,2006-05-21,TMIN,183
USW00013754,2013-11-28,TMIN,-10
USC00310576,2009-12-22,TMAX,106
USR0000NCRN,2012-11-20,TMIN,106
USR0000NCRN,2012-11-20,TMAX,144
USR0000NHOF,2010-02-20,TMAX,144
USW00093743,2011-02-16,TMAX,139
USR0000NHOF,2010-02-20,TMIN,-61
USW00013754,2013-11-28,TMAX,72
USW00093719,2011-01-14,TMAX,61
USC00314144,2009-04-05,TMAX,244
USC00314144,2009-04-05,TMIN,39
USW00093719,2011-01-14,TMIN,-78
USC00314689,2013-10-28,TMAX,206
USW00093743,2008-07-09,TMIN,194
USC00316676,2005-06-06,TMAX,306
USC00316676,2005-06-06,TMIN,206
USC00314684,2007-04-24,TMIN,122
USC00310356,2010-02-20,TMIN,17
USC00314689,2013-05-01,TMAX,228
USC00315830,2008-12-17,TMIN,17
USC00315830,2008-12-17,TMAX,206
USC00314689,2014-10-08,TMAX,283
USC00314689,2014-10-08,TMIN,189
USC00315830,2012-10-05,TMIN,189
USC00316676,2009-04-18,TMAX,217
USC00314684,2008-01-20,TMIN,-6
USC00315830,2012-10-05,TMAX,300
USW00013754,2014-09-03,TMIN,244
USW00013754,2014-09-03,TMAX,333
USC00314689,2009-05-07,TMAX,294
USC00317170,2015-01-02,TMIN,28
USW00093719,2013-07-02,TMIN,233
USC00317170,2015-01-02,TMAX,144
USW00093719,2013-07-02,TMAX,317
USR0000NHOF,2012-06-26,TMIN,117
USC00314689,2015-11-11,TMIN,89
USR0000NCRN,2014-11-12,TMIN,133
USC00317170,2013-08-20,TMIN,222
USR0000NCRN,2008-06-08,TMIN,217
USR0000NCRN,2008-06-08,TMAX,356
USC00310576,2014-07-30,TMAX,289
USC00314689,2015-11-11,TMAX,200
USW00093765,2010-10-19,TMAX,250
USC00310576,2014-07-30,TMIN,172
USW00093719,2009-05-10,TMAX,267
USR0000NHOF,2012-06-26,TMAX,244
USC00310576,2007-06-26,TMIN,200
USW00093719,2009-05-10,TMIN,156
USC00310576,2007-06-26,TMAX,311
USW00013754,2015-10-30,TMAX,233
USC00317170,2013-08-20,TMAX,300
USW00093765,2010-10-19,TMIN,194
USR0000NNWB,2007-08-22,TMIN,217
USR0000NNWB,2007-08-22,TMAX,317
USW00093743,2011-06-11,TMIN,217
USW00093719,2006-04-24,TMAX,261
USC00310576,2008-09-17,TMIN,194
USC00310576,2008-09-17,TMAX,267
USC00316676,2007-09-22,TMAX,267
USW00093719,2006-04-24,TMIN,167
USR0000NCRN,2013-11-13,TMIN,-33
USC00316096,2015-09-05,TMIN,228
USW00013754,2014-04-12,TMAX,261
USC00310576,2015-12-09,TMIN,28
USW00013754,2014-04-12,TMIN,133
USC00314689,2013-05-01,TMIN,144
USW00093765,2013-10-08,TMIN,167
USW00093765,2013-10-08,TMAX,233
USC00310576,2015-12-09,TMAX,156
USC00310356,2010-02-20,TMAX,133
USW00093765,2005-08-04,TMIN,222
USW00013754,2009-11-20,TMAX,183
USC00315830,2006-02-28,TMAX,156
USC00315830,2006-03-17,TMAX,211
USC00316676,2009-04-18,TMIN,6
USW00093765,2008-01-04,TMIN,-60
USR0000NHOF,2012-01-10,TMAX,150
USC00314684,2008-01-20,TMAX,61
USW00013754,2009-11-20,TMIN,133
USW00093765,2008-01-04,TMAX,61
USW00093765,2008-08-04,TMAX,300
USW00093765,2008-08-04,TMIN,222
USC00314689,2009-05-07,TMIN,206
USR0000NHOF,2012-01-10,TMIN,44
USR0000NCRN,2013-11-13,TMAX,67
USW00093765,2005-08-04,TMAX,317
USC00316676,2007-09-22,TMIN,217
USR0000NNWB,2006-09-03,TMIN,183
USW00013754,2015-04-19,TMIN,178
USR0000NHOF,2008-12-24,TMIN,6
USW00093743,2009-02-21,TMIN,-49
USR0000NCRN,2015-10-27,TMAX,222
USC00315830,2013-01-09,TMAX,211
USW00013754,2008-01-13,TMIN,78
USC00316676,2007-08-26,TMAX,344
USC00315830,2013-01-09,TMIN,50
USC00315830,2013-05-01,TMAX,256
USC00315830,2013-05-01,TMIN,161
USW00093719,2009-05-26,TMIN,200
USR0000NHOF,2015-07-28,TMIN,189
USW00093719,2006-03-28,TMIN,33
USR0000NHOF,2015-07-28,TMAX,333
USC00314684,2014-03-10,TMAX,200
USC00314689,2010-06-04,TMIN,228
USW00093719,2006-03-28,TMAX,189
USC00314689,2010-06-04,TMAX,322
USC00316676,2012-01-05,TMAX,67
USC00314684,2015-08-05,TMAX,311
USW00093765,2009-06-02,TMAX,272
USC00314689,2015-09-11,TMAX,328
USC00316676,2012-01-05,TMIN,-78
USC00314689,2015-09-11,TMIN,217
USR0000NHOF,2015-10-03,TMIN,194
USW00093743,2009-02-21,TMAX,106
USR0000NHOF,2015-10-03,TMAX,300
USC00315830,2013-11-28,TMIN,39
USC00316676,2006-03-08,TMIN,-44
USC00314684,2014-03-10,TMIN,11
USC00315830,2013-11-28,TMAX,100
USC00316676,2014-06-23,TMAX,289
USC00316676,2014-06-23,TMIN,206
USW00093719,2009-05-26,TMAX,278
USC00316676,2008-07-20,TMIN,222
USW00013754,2011-08-01,TMAX,328
USC00314684,2010-11-01,TMIN,67
USW00093719,2011-06-13,TMIN,200
USC00315830,2014-07-30,TMIN,206
USC00315830,2014-07-30,TMAX,283
USW00093719,2015-04-19,TMIN,178
USW00093719,2011-06-13,TMAX,317
USW00093719,2015-04-19,TMAX,239
USC00316676,2006-06-24,TMIN,217
USW00093765,2007-09-14,TMAX,283
USW00093765,2007-09-14,TMIN,233
USC00314684,2010-04-16,TMAX,217
USC00316096,2010-12-10,TMIN,-61
USC00316676,2006-06-24,TMAX,311
USR0000NCRN,2008-02-12,TMIN,-11
USR0000NCRN,2008-02-12,TMAX,217
USC00316096,2010-12-10,TMAX,111
USC00314684,2010-04-16,TMIN,11
USW00093719,2005-03-30,TMAX,228
USW00013754,2008-01-13,TMAX,128
USC00310356,2015-10-03,TMIN,206
USW00093719,2005-03-30,TMIN,72
USC00310356,2015-10-03,TMAX,256
USC00316096,2014-07-04,TMIN,228
USW00013754,2011-08-01,TMIN,228
USC00316676,2006-03-08,TMAX,122
USC00314684,2010-10-29,TMAX,250
USW00093765,2011-12-23,TMIN,106
USW00093765,2011-12-23,TMAX,194
USC00314684,2010-10-29,TMIN,106
USW00093719,2012-10-05,TMAX,272
USR0000NCRN,2015-10-27,TMIN,167
USW00093719,2012-10-05,TMIN,178
USC00316096,2014-07-04,TMAX,306
USW00093765,2005-11-06,TMAX,244
USW00093765,2005-11-06,TMIN,133
USC00316676,2008-07-20,TMAX,333
USC00315830,2007-02-14,TMIN,72
USC00315830,2007-02-14,TMAX,194
USC00314689,2005-03-14,TMIN,44
USC00314689,2005-03-14,TMAX,222
USW00093719,2007-02-19,TMIN,-44
USR0000NCRN,2005-12-16,TMAX,178
USC00310356,2015-06-01,TMAX,283
USC00315830,2008-01-24,TMAX,139
USC00315830,2008-01-24,TMIN,44
USR0000NCRN,2005-12-16,TMIN,17
USC00310356,2015-06-01,TMIN,233
USC00310356,2010-08-08,TMAX,328
USC00310356,2010-08-08,TMIN,256
USC00314684,2009-09-11,TMIN,167
USW00093719,2007-09-28,TMAX,306
USC00317170,2012-01-14,TMIN,-17
USC00314684,2005-10-08,TMAX,239
USC00310576,2015-04-29,TMIN,67
USW00093719,2014-12-12,TMIN,-10
USC00316676,2010-07-13,TMAX,317
USC00316676,2010-07-13,TMIN,211
USW00013754,2009-11-13,TMAX,161
USR0000NCRN,2005-03-18,TMIN,28
USR0000NHOF,2011-06-09,TMAX,339
USR0000NCRN,2005-03-18,TMAX,133
USC00316676,2015-07-17,TMIN,228
USC00310576,2012-02-09,TMAX,144
USC00310576,2012-02-09,TMIN,22
USC00316676,2015-07-17,TMAX,311
USC00310356,2010-10-26,TMIN,117
USC00310356,2010-10-26,TMAX,250
USW00093719,2014-12-12,TMAX,133
USC00317170,2012-01-14,TMAX,78
USC00314684,2009-01-20,TMIN,-11
USR0000NHOF,2011-06-09,TMIN,222
USC00315830,2011-10-26,TMAX,228
USR0000NHOF,2007-10-11,TMIN,67
USC00315830,2011-10-26,TMIN,83
USC00314689,2009-08-20,TMAX,339
USR0000NHOF,2007-10-11,TMAX,233
USC00314689,2009-08-20,TMIN,228
USC00310576,2015-04-29,TMAX,206
USC00316676,2010-05-23,TMIN,161
USC00317170,2015-12-22,TMIN,122
USC00317170,2015-12-22,TMAX,233
USC00316676,2010-05-23,TMAX,278
USW00093765,2009-06-02,TMIN,233
USC00314684,2009-09-11,TMAX,222
USW00093765,2012-12-27,TMIN,50
USW00093765,2012-12-27,TMAX,106
USC00314684,2010-11-01,TMAX,222
USC00314684,2015-08-05,TMIN,217
USC00310576,2014-01-13,TMIN,17
USC00317170,2011-11-09,TMIN,100
USC00310576,2009-09-16,TMAX,300
USC00314684,2009-01-20,TMAX,117
USC00310576,2014-01-13,TMAX,150
USC00314144,2011-02-20,TMAX,156
USW00093719,2007-02-19,TMAX,89
USW00093719,2007-09-28,TMIN,189
USC00310576,2009-09-16,TMIN,156
USC00314144,2011-02-20,TMIN,-39
USC00315830,2014-05-02,TMAX,239
USC00315830,2006-01-03,TMAX,178
USC00317170,2011-11-09,TMAX,244
USC00314684,2005-10-08,TMIN,211
USC00315830,2006-01-03,TMIN,33
USC00315830,2014-05-02,TMIN,172
USW00093719,2007-05-05,TMAX,250
USW00093719,2007-05-05,TMIN,133
USC00314144,2011-01-04,TMIN,-67
USW00093765,2006-10-21,TMIN,128
USC00315830,2014-10-08,TMIN,178
USC00310356,2008-06-29,TMIN,261
USC00314684,2012-06-01,TMAX,328
USR0000NCRN,2005-01-18,TMIN,-89
USR0000NCRN,2005-01-18,TMAX,-6
USC00310356,2008-06-29,TMAX,294
USC00314684,2006-04-24,TMIN,94
USC00314684,2006-09-19,TMIN,172
USC00314684,2006-04-24,TMAX,300
USC00314144,2005-12-16,TMAX,178
USC00314144,2005-12-16,TMIN,17
USW00093765,2014-03-10,TMAX,217
USW00093765,2014-03-10,TMIN,39
USR0000NCRN,2008-10-08,TMIN,94
USW00013754,2012-04-19,TMIN,144
USW00013754,2012-04-19,TMAX,183
USR0000NCRN,2015-02-12,TMAX,156
USR0000NCRN,2015-02-12,TMIN,-33
USR0000NHOF,2009-04-05,TMIN,39
USR0000NCRN,2013-07-03,TMAX,294
USR0000NCRN,2013-07-03,TMIN,239
USR0000NCRN,2006-07-18,TMAX,339
USC00315830,2009-10-08,TMAX,278
USC00310356,2009-02-21,TMIN,-11
USR0000NCRN,2012-10-28,TMAX,172
USC00310576,2014-05-22,TMIN,178
USC00310576,2014-05-22,TMAX,306
USC00316676,2005-03-04,TMIN,-67
USC00316676,2005-03-04,TMAX,106
USC00310576,2015-02-24,TMIN,6
USC00310356,2009-02-21,TMAX,78
USC00315830,2009-10-08,TMIN,139
USC00315830,2014-10-08,TMAX,250
USC00314684,2012-06-01,TMIN,206
USC00317170,2008-07-27,TMIN,233
USC00317170,2008-07-27,TMAX,322
USC00310576,2009-08-30,TMIN,239
USW00013754,2013-03-21,TMIN,0
USC00310576,2013-09-16,TMIN,150
USW00093765,2008-09-25,TMAX,261
USR0000NHOF,2010-09-20,TMAX,317
USW00093765,2008-09-25,TMIN,178
USW00093765,2007-04-24,TMAX,217
USC00310356,2013-07-03,TMAX,289
USC00314684,2010-10-19,TMAX,256
USC00314684,2010-10-19,TMIN,72
USR0000NNWB,2012-04-19,TMAX,167
USR0000NNWB,2012-04-19,TMIN,133
USW00093765,2007-04-24,TMIN,167
USR0000NCRN,2006-07-18,TMIN,206
USW00013754,2013-03-21,TMAX,111
USR0000NCRN,2011-07-08,TMIN,244
USW00093765,2014-02-10,TMAX,94
USW00093765,2006-10-21,TMAX,211
USC00314684,2006-09-19,TMAX,300
USW00093765,2014-02-10,TMIN,17
USC00310576,2008-03-17,TMAX,161
USC00310576,2008-03-17,TMIN,50
USC00310576,2009-08-30,TMAX,317
USC00315830,2005-01-06,TMAX,178
USC00314684,2012-07-13,TMIN,217
USC00316676,2006-12-01,TMIN,100
USC00314684,2012-07-13,TMAX,300
USC00314689,2015-09-05,TMAX,328
USC00310576,2013-09-16,TMAX,272
USC00310576,2015-02-24,TMAX,83
USC00315830,2005-01-06,TMIN,128
USC00316676,2007-08-26,TMIN,222
USC00316676,2015-05-10,TMIN,206
USW00093719,2009-12-12,TMIN,-28
USC00315830,2006-02-03,TMAX,183
USC00315830,2005-05-01,TMAX,217
USC00310356,2009-04-05,TMIN,117
USR0000NHOF,2005-08-01,TMIN,189
USC00310356,2009-04-05,TMAX,194
USC00315830,2006-02-03,TMIN,144
USC00314689,2014-07-10,TMIN,217
USR0000NNWB,2006-03-13,TMIN,172
USC00314684,2014-09-03,TMIN,228
USC00314684,2014-09-03,TMAX,344
USR0000NNWB,2006-03-13,TMAX,267
USR0000NNWB,2012-03-07,TMIN,11
USR0000NNWB,2012-03-07,TMAX,194
USC00315830,2005-12-05,TMIN,56
USC00315830,2005-12-05,TMAX,194
USW00013754,2008-12-02,TMIN,-10
USW00093765,2011-11-09,TMAX,239
USC00314144,2011-01-04,TMAX,122
USC00315830,2013-10-08,TMIN,178
USC00315830,2013-10-08,TMAX,300
USC00314684,2008-11-20,TMAX,61
USC00317170,2009-05-20,TMIN,111
USC00314684,2008-11-20,TMIN,-28
USC00310576,2014-11-12,TMAX,228
USC00317170,2009-05-20,TMAX,244
USC00317170,2012-12-27,TMAX,167
USC00317170,2012-12-27,TMIN,28
USW00093765,2013-12-23,TMAX,217
USC00316096,2012-12-06,TMAX,117
USC00314689,2014-07-10,TMAX,339
USW00093765,2011-11-09,TMIN,128
USW00093765,2013-12-23,TMIN,161
USC00310576,2014-11-12,TMIN,150
USC00315830,2005-05-01,TMIN,161
USC00316096,2012-12-06,TMIN,83
USC00314684,2014-04-12,TMAX,261
USW00093719,2008-04-11,TMAX,283
USC00316676,2006-12-01,TMAX,261
USC00315830,2007-08-02,TMIN,217
USC00314684,2014-04-12,TMIN,111
USC00314144,2009-01-15,TMIN,-28
USC00314144,2011-04-27,TMIN,183
USC00314144,2011-04-27,TMAX,261
USW00013754,2008-12-02,TMAX,78
USW00093719,2009-12-12,TMAX,78
USR0000NCRN,2015-06-01,TMIN,194
USR0000NCRN,2008-10-08,TMAX,261
USR0000NCRN,2015-06-01,TMAX,278
USR0000NHOF,2009-04-05,TMAX,244
USC00314144,2009-01-15,TMAX,106
USC00316676,2015-05-10,TMAX,278
USC00315830,2007-08-02,TMAX,306
USC00317170,2014-03-10,TMIN,22
USW00013754,2011-09-05,TMIN,211
USW00013754,2011-09-05,TMAX,311
USW00093719,2008-04-11,TMIN,122
USW00093743,2009-04-05,TMAX,200
USC00310576,2005-09-09,TMAX,289
USC00310576,2005-09-09,TMIN,150
USC00317170,2014-03-10,TMAX,233
USW00093743,2009-04-05,TMIN,78
USR0000NNWB,2010-05-03,TMIN,222
USC00316676,2012-12-13,TMIN,72
USR0000NHOF,2005-08-01,TMAX,283
USC00316676,2012-12-13,TMAX,100
USW00093765,2015-12-22,TMIN,172
USW00093765,2015-12-22,TMAX,228
USR0000NNWB,2010-05-03,TMAX,317
USR0000NHOF,2008-12-24,TMAX,200
USW00013754,2009-11-13,TMIN,122
USC00316096,2012-07-13,TMIN,211
USC00315830,2009-07-26,TMIN,261
USC00310576,2010-02-20,TMIN,-11
USC00314144,2007-12-05,TMIN,-6
USC00310576,2010-02-20,TMAX,150
USC00310576,2011-03-05,TMIN,28
USR0000NNWB,2012-03-11,TMAX,189
USW00093743,2009-11-01,TMAX,261
USW00093743,2012-10-28,TMAX,172
USW00093743,2009-11-01,TMIN,139
USW00013754,2012-03-07,TMIN,28
USW00093743,2010-09-21,TMIN,194
USR0000NHOF,2010-09-22,TMAX,300
USR0000NHOF,2010-09-22,TMIN,133
USR0000NHOF,2005-09-09,TMIN,139
USC00316676,2008-05-10,TMAX,294
USR0000NHOF,2005-09-09,TMAX,283
USC00316676,2008-05-10,TMIN,161
USW00013754,2010-08-31,TMAX,344
USC00315830,2012-04-19,TMAX,256
USC00315830,2012-04-19,TMIN,150
USC00310576,2013-02-08,TMAX,161
USC00310576,2013-02-08,TMIN,44
USW00093719,2008-03-26,TMIN,44
USC00315830,2009-07-26,TMAX,300
USW00093743,2009-08-10,TMIN,250
USW00093743,2009-08-10,TMAX,322
USR0000NCRN,2010-01-24,TMIN,61
USR0000NNWB,2012-03-11,TMIN,17
USW00093743,2010-09-21,TMAX,267
USR0000NCRN,2010-01-24,TMAX,194
USW00093743,2012-10-28,TMIN,128
USR0000NNWB,2015-04-19,TMIN,183
USC00310356,2006-07-18,TMAX,344
USR0000NHOF,2011-02-04,TMAX,44
USW00013754,2013-05-01,TMIN,156
USW00093765,2014-04-12,TMAX,233
USW00093719,2005-08-21,TMAX,372
USW00093719,2005-08-21,TMIN,239
USC00316096,2011-04-12,TMAX,228
USC00316096,2011-04-12,TMIN,144
USW00093743,2011-06-09,TMIN,239
USW00093743,2011-06-09,TMAX,300
USW00093765,2014-09-03,TMIN,267
USW00093765,2014-09-03,TMAX,306
USW00093765,2015-11-02,TMIN,183
USC00314689,2014-07-04,TMAX,294
USC00314689,2014-07-04,TMIN,217
USC00316096,2015-09-11,TMAX,289
USC00314684,2010-09-08,TMAX,311
USC00314684,2010-09-08,TMIN,139
USW00093719,2014-02-10,TMIN,22
USR0000NHOF,2011-02-04,TMIN,11
USW00013754,2013-05-01,TMAX,228
USC00310356,2012-10-28,TMAX,200
USC00314689,2011-07-13,TMIN,261
USC00314144,2008-06-08,TMIN,244
USW00093765,2015-11-02,TMAX,222
USC00314144,2008-06-08,TMAX,356
USC00310356,2012-10-28,TMIN,156
USC00310576,2014-11-27,TMIN,33
USW00093719,2014-10-08,TMAX,306
USC00310576,2014-11-27,TMAX,222
USC00314144,2007-12-05,TMAX,117
USC00314144,2010-06-19,TMIN,211
USC00314144,2010-06-19,TMAX,289
USW00093719,2014-02-10,TMAX,89
USW00093719,2014-10-08,TMIN,200
USR0000NNWB,2015-04-19,TMAX,239
USC00310356,2006-07-18,TMIN,217
USW00013754,2010-08-31,TMIN,189
USW00093719,2012-12-27,TMIN,33
USW00093719,2012-12-27,TMAX,111
USW00013754,2013-08-20,TMAX,289
USW00013754,2013-08-20,TMIN,222
USR0000NNWB,2011-09-05,TMIN,217
USR0000NHOF,2009-11-01,TMAX,267
USR0000NHOF,2009-11-01,TMIN,117
USC00315830,2009-06-08,TMAX,278
USR0000NNWB,2012-06-14,TMAX,256
USR0000NNWB,2012-06-14,TMIN,161
USC00314689,2010-05-13,TMIN,206
USC00314689,2010-05-13,TMAX,283
USC00317170,2008-08-04,TMIN,211
USC00317170,2008-08-04,TMAX,350
USR0000NHOF,2009-08-10,TMAX,344
USC00315830,2008-04-19,TMIN,156
USR0000NHOF,2009-08-10,TMIN,222
USC00316676,2011-06-27,TMAX,339
USC00316676,2011-06-27,TMIN,194
USC00314684,2011-11-09,TMIN,67
USC00314684,2011-11-09,TMAX,206
USC00310356,2011-06-09,TMAX,289
USC00317170,2011-01-11,TMAX,44
USC00314689,2009-07-11,TMAX,306
USC00317170,2011-01-11,TMIN,17
USR0000NCRN,2009-04-05,TMAX,228
USR0000NCRN,2009-04-05,TMIN,72
USC00310356,2011-06-09,TMIN,244
USW00013754,2011-01-12,TMAX,39
USW00093765,2014-12-05,TMIN,89
USC00315830,2008-04-19,TMAX,228
USW00093765,2014-12-05,TMAX,172
USC00315830,2009-06-08,TMIN,206
USC00316676,2006-01-18,TMIN,100
USC00314689,2009-07-11,TMIN,150
USR0000NHOF,2010-10-26,TMIN,200
USR0000NNWB,2013-05-01,TMIN,150
USR0000NNWB,2013-05-01,TMAX,233
USR0000NHOF,2010-10-26,TMAX,278
USW00093719,2008-03-26,TMAX,217
USR0000NNWB,2007-05-05,TMAX,256
USR0000NNWB,2006-11-15,TMAX,239
USR0000NNWB,2007-05-05,TMIN,128
USW00013754,2012-03-07,TMAX,189
USC00314689,2011-07-13,TMAX,367
USC00317170,2007-11-14,TMIN,100
USC00317170,2007-11-14,TMAX,222
USC00310576,2011-03-05,TMAX,167
USC00317170,2011-12-23,TMAX,211
USC00317170,2011-12-23,TMIN,106
USC00310356,2009-08-10,TMIN,256
USR0000NNWB,2006-11-15,TMIN,100
USC00315830,2006-08-27,TMAX,306
USR0000NHOF,2006-07-18,TMIN,189
USC00316676,2006-01-18,TMAX,211
USR0000NNWB,2010-03-10,TMIN,100
USR0000NNWB,2010-03-10,TMAX,239
USW00013754,2015-10-15,TMAX,250
USC00316096,2015-08-05,TMIN,228
USC00315830,2006-08-27,TMIN,228
USR0000NHOF,2006-07-18,TMAX,328
USW00013754,2015-10-15,TMIN,106
USC00314684,2006-10-21,TMIN,94
USR0000NNWB,2011-09-05,TMAX,311
USC00314684,2006-10-21,TMAX,289
USC00310356,2005-09-09,TMAX,311
USC00310356,2005-09-09,TMIN,217
USC00316096,2015-08-05,TMAX,339
USC00310356,2009-08-10,TMAX,300
USW00093765,2014-04-12,TMIN,156
USC00310356,2015-07-28,TMAX,306
USR0000NNWB,2009-12-12,TMIN,-28
USC00315830,2011-11-28,TMIN,178
USC00315830,2011-11-28,TMAX,244
USW00013754,2010-05-03,TMAX,300
USC00317170,2015-01-11,TMIN,-72
USC00310576,2005-08-13,TMAX,317
USW00013754,2005-07-22,TMAX,317
USR0000NNWB,2010-08-19,TMIN,233
USC00315830,2011-08-28,TMAX,267
USR0000NNWB,2010-08-19,TMAX,322
USR0000NCRN,2012-03-25,TMAX,239
USR0000NCRN,2012-03-25,TMIN,156
USC00317170,2015-01-11,TMAX,122
USW00093719,2015-01-15,TMIN,22
USR0000NNWB,2015-10-15,TMIN,111
USC00314144,2010-01-24,TMAX,194
USC00314144,2010-01-24,TMIN,44
USW00093743,2010-10-26,TMAX,261
USC00314684,2010-07-04,TMIN,122
USR0000NNWB,2012-11-29,TMAX,144
USR0000NNWB,2015-10-15,TMAX,250
USW00013754,2014-10-08,TMIN,206
USW00013754,2014-10-08,TMAX,300
USW00013754,2005-07-22,TMIN,244
USC00314684,2008-09-08,TMAX,328
USC00314684,2008-09-08,TMIN,200
USC00314684,2009-10-26,TMIN,94
USR0000NHOF,2005-06-18,TMAX,272
USR0000NHOF,2005-06-18,TMIN,122
USW00013754,2012-10-05,TMAX,278
USW00013754,2012-10-05,TMIN,178
USC00314684,2010-07-04,TMAX,267
USC00310576,2005-08-13,TMIN,211
USC00315830,2011-08-28,TMIN,211
USW00013754,2010-05-03,TMIN,211
USC00314689,2007-01-13,TMIN,106
USW00093743,2013-11-13,TMIN,-21
USW00093719,2011-03-07,TMIN,28
USC00316676,2008-10-20,TMAX,161
USR0000NNWB,2012-10-05,TMAX,294
USR0000NNWB,2012-10-05,TMIN,178
USR0000NNWB,2012-11-29,TMIN,-28
USC00316676,2008-10-17,TMAX,294
USC00315830,2006-05-21,TMIN,206
USC00315830,2006-05-21,TMAX,261
USW00093743,2010-08-08,TMIN,239
USW00093743,2010-08-08,TMAX,306
USR0000NHOF,2015-06-01,TMIN,167
USR0000NHOF,2015-06-01,TMAX,322
USC00316676,2008-10-17,TMIN,133
USC00310356,2015-06-29,TMIN,222
USC00314689,2007-01-13,TMAX,206
USC00316676,2008-10-20,TMIN,28
USR0000NHOF,2015-06-29,TMAX,322
USR0000NHOF,2015-06-29,TMIN,172
USR0000NHOF,2010-08-08,TMIN,211
USC00316096,2014-03-10,TMIN,17
USC00316096,2014-03-10,TMAX,222
USR0000NHOF,2010-08-08,TMAX,317
USW00093743,2013-11-13,TMAX,78
USR0000NHOF,2009-02-21,TMIN,-94
USC00317170,2007-09-01,TMAX,311
USR0000NCRN,2008-07-14,TMAX,306
USR0000NCRN,2008-07-14,TMIN,222
USC00317170,2014-04-12,TMAX,317
USC00317170,2014-04-12,TMIN,128
USR0000NHOF,2009-02-21,TMAX,111
USC00317170,2007-09-01,TMIN,200
USC00316096,2012-07-13,TMAX,294
USC00310356,2015-06-29,TMAX,283
USC00314684,2009-10-26,TMAX,206
USC00310576,2014-05-13,TMIN,183
USC00310576,2014-05-13,TMAX,300
USC00310356,2005-06-13,TMIN,244
USC00316096,2010-06-04,TMIN,222
USC00316096,2010-06-04,TMAX,294
USW00093719,2014-05-30,TMAX,250
USW00013754,2009-12-12,TMIN,-16
USW00013754,2009-12-12,TMAX,100
USR0000NNWB,2006-03-28,TMIN,22
USC00315830,2005-01-29,TMIN,-39
USR0000NNWB,2006-03-28,TMAX,189
USW00093719,2012-11-09,TMIN,-6
USW00093719,2008-02-15,TMAX,161
USC00314689,2010-06-30,TMIN,217
USW00093719,2008-02-15,TMIN,-11
USW00013754,2010-10-02,TMAX,228
USC00314689,2010-06-30,TMAX,350
USC00310356,2015-07-28,TMIN,222
USC00315830,2007-11-17,TMIN,-6
USW00013754,2012-06-14,TMIN,189
USC00314144,2008-06-27,TMIN,233
USC00314144,2008-06-27,TMAX,333
USC00314689,2012-07-13,TMIN,228
USW00013754,2010-03-10,TMIN,61
USC00315830,2007-11-17,TMAX,144
USC00316096,2015-09-11,TMIN,217
USC00314689,2012-07-13,TMAX,294
USW00093719,2009-11-20,TMAX,178
USW00093719,2009-11-20,TMIN,117
USW00013754,2010-10-02,TMIN,156
USW00093719,2012-11-09,TMAX,167
USW00013754,2012-06-14,TMAX,261
USW00013754,2010-03-10,TMAX,222
USW00093719,2014-05-30,TMIN,189
USC00310356,2009-11-01,TMIN,189
USC00316676,2010-11-21,TMIN,11
USC00315830,2007-01-30,TMIN,-33
USC00315830,2007-01-30,TMAX,100
USC00314684,2015-11-25,TMIN,-22
USC00310356,2009-11-01,TMAX,250
USC00316676,2010-11-21,TMAX,206
USC00314684,2015-11-25,TMAX,133
USW00093765,2011-05-31,TMIN,244
USC00314689,2014-03-10,TMIN,22
USC00314689,2014-03-10,TMAX,217
USC00314689,2005-10-25,TMIN,67
USW00093765,2011-05-31,TMAX,372
USC00316676,2013-07-02,TMAX,261
USC00316676,2013-07-02,TMIN,222
USC00314689,2005-10-25,TMAX,161
USW00093743,2010-10-26,TMIN,222
USC00317170,2012-08-24,TMIN,206
USW00093765,2015-09-16,TMAX,278
USC00315830,2005-01-29,TMAX,89
USC00315830,2012-09-09,TMIN,233
USC00315830,2012-09-09,TMAX,289
USC00316676,2011-12-17,TMAX,239
USR0000NNWB,2011-10-18,TMIN,206
USC00316676,2011-12-17,TMIN,78
USC00317170,2012-08-24,TMAX,250
USC00310356,2005-06-13,TMAX,283
USR0000NNWB,2014-10-08,TMIN,189
USR0000NNWB,2011-10-18,TMAX,289
USR0000NNWB,2014-10-08,TMAX,300
USC00317170,2014-09-03,TMAX,344
USW00093719,2011-03-07,TMAX,133
USC00317170,2014-09-03,TMIN,233
USW00093765,2015-09-16,TMIN,172
USW00093719,2015-01-15,TMAX,83
USC00310356,2009-08-24,TMIN,239
USW00013754,2007-08-07,TMIN,244
USC00314689,2008-10-01,TMIN,172
USC00314684,2009-04-11,TMIN,133
USC00314689,2008-05-05,TMIN,178
USC00314684,2015-11-28,TMAX,228
USC00314684,2015-11-28,TMIN,67
USC00310576,2012-01-19,TMAX,150
USC00310576,2012-01-19,TMIN,17
USC00314689,2008-10-01,TMAX,267
USR0000NNWB,2010-08-26,TMAX,322
USR0000NHOF,2009-02-20,TMAX,67
USC00317170,2014-06-01,TMIN,100
USC00314144,2008-03-08,TMIN,39
USC00314144,2008-03-08,TMAX,206
USR0000NHOF,2006-08-31,TMIN,222
USR0000NHOF,2006-08-31,TMAX,250
USC00314684,2009-04-11,TMAX,278
USR0000NHOF,2009-02-20,TMIN,-78
USC00317170,2014-06-01,TMAX,250
USC00310356,2015-10-19,TMAX,139
USW00093743,2011-01-18,TMAX,89
USC00316096,2010-03-05,TMIN,-33
USW00013754,2009-09-20,TMIN,183
USC00316096,2010-03-05,TMAX,94
USW00013754,2009-09-20,TMAX,261
USC00314684,2007-11-03,TMIN,94
USC00314144,2008-12-13,TMIN,-28
USR0000NNWB,2010-08-26,TMIN,211
USW00093743,2011-01-18,TMIN,39
USC00314144,2008-12-13,TMAX,78
USR0000NNWB,2010-10-08,TMIN,117
USC00314689,2009-11-11,TMIN,128
USR0000NNWB,2010-10-08,TMAX,261
USW00093765,2009-03-20,TMIN,56
USW00093765,2009-03-20,TMAX,144
USW00093719,2006-05-08,TMIN,117
USW00093719,2006-05-08,TMAX,161
USC00314684,2011-08-14,TMIN,211
USR0000NCRN,2010-09-18,TMAX,289
USC00317170,2008-01-22,TMAX,178
USR0000NCRN,2006-07-06,TMAX,317
USC00310356,2014-08-07,TMIN,228
USR0000NHOF,2012-08-14,TMAX,322
USC00314684,2013-09-27,TMIN,133
USC00317170,2008-01-22,TMIN,-33
USC00314684,2013-09-27,TMAX,250
USW00093719,2009-06-11,TMAX,306
USW00093765,2006-04-06,TMIN,106
USC00310356,2014-08-07,TMAX,289
USR0000NCRN,2012-08-01,TMIN,211
USC00314684,2007-03-29,TMAX,300
USC00314689,2011-11-02,TMIN,33
USC00314689,2011-11-02,TMAX,172
USW00093743,2010-08-02,TMIN,211
USW00093743,2010-08-02,TMAX,300
USR0000NCRN,2012-08-01,TMAX,283
USC00315830,2012-10-16,TMAX,256
USW00093765,2010-09-07,TMIN,200
USC00314144,2009-04-21,TMIN,156
USR0000NCRN,2006-11-13,TMAX,156
USR0000NCRN,2006-11-13,TMIN,94
USR0000NCRN,2006-07-06,TMIN,200
USR0000NHOF,2012-08-14,TMIN,222
USR0000NHOF,2010-08-02,TMIN,194
USR0000NHOF,2010-08-02,TMAX,311
USC00314144,2009-04-21,TMAX,250
USC00310576,2005-09-18,TMAX,322
USC00310576,2005-09-18,TMIN,228
USC00310356,2015-10-19,TMIN,78
USC00314144,2006-07-12,TMIN,200
USC00315830,2007-01-22,TMIN,-33
USC00315830,2007-01-22,TMAX,172
USC00310356,2005-11-19,TMIN,28
USC00310356,2005-11-19,TMAX,228
USC00315830,2013-12-21,TMAX,206
USC00314684,2014-09-12,TMAX,306
USC00314684,2014-09-12,TMIN,194
USC00314144,2006-07-12,TMAX,328
USC00315830,2012-10-16,TMIN,133
USR0000NCRN,2010-09-18,TMIN,189
USC00314684,2014-09-21,TMIN,167
USC00316096,2014-09-21,TMIN,211
USC00316096,2014-09-21,TMAX,278
USC00317170,2007-10-25,TMAX,256
USC00316096,2013-04-11,TMIN,161
USC00316096,2013-04-11,TMAX,244
USC00310356,2012-10-22,TMIN,122
USC00310356,2012-10-22,TMAX,233
USC00314144,2009-10-17,TMAX,144
USC00314689,2014-01-22,TMIN,-50
USW00013754,2015-08-15,TMAX,300
USC00314689,2014-01-22,TMAX,172
USW00013754,2015-01-14,TMIN,17
USW00013754,2015-01-14,TMAX,44
USW00093719,2007-03-11,TMIN,50
USC00310356,2013-04-01,TMAX,161
USC00316676,2015-05-21,TMIN,200
USC00317170,2007-10-25,TMIN,217
USC00310356,2013-04-01,TMIN,122
USW00093719,2007-05-09,TMIN,150
USC00314144,2006-07-06,TMAX,322
USW00093719,2005-03-03,TMIN,-22
USW00093719,2005-03-03,TMAX,94
USW00093743,2012-10-22,TMAX,222
USW00013754,2015-08-15,TMIN,183
USC00315830,2005-03-29,TMIN,106
USC00315830,2005-03-29,TMAX,228
USC00316676,2008-02-13,TMIN,28
USC00314144,2006-07-06,TMIN,161
USC00316676,2008-02-13,TMAX,206
USC00316676,2011-06-06,TMIN,178
USC00314144,2009-10-17,TMIN,67
USC00316096,2015-04-26,TMIN,106
USC00314144,2010-03-01,TMAX,128
USC00314144,2010-03-01,TMIN,-44
USW00093719,2007-05-09,TMAX,267
USC00316096,2015-04-26,TMAX,167
USW00093743,2010-04-28,TMIN,78
USC00314684,2014-09-21,TMAX,250
USC00316676,2015-05-21,TMAX,294
USC00310576,2013-07-26,TMIN,183
USR0000NHOF,2005-11-19,TMAX,139
USC00316096,2013-09-27,TMIN,161
USC00316096,2013-09-27,TMAX,233
USC00316676,2014-12-24,TMAX,206
USC00316676,2014-12-24,TMIN,72
USC00316676,2010-01-13,TMIN,-50
USC00316676,2010-01-13,TMAX,72
USR0000NHOF,2013-04-01,TMIN,83
USC00315830,2013-12-21,TMIN,128
USW00093765,2012-02-11,TMAX,122
USW00093765,2012-02-11,TMIN,-10
USC00314684,2006-05-01,TMIN,56
USC00314684,2013-04-11,TMIN,150
USC00314684,2013-04-11,TMAX,306
USC00314684,2011-08-14,TMAX,322
USC00314684,2007-11-03,TMAX,189
USC00314684,2006-05-01,TMAX,206
USC00310576,2013-07-26,TMAX,306
USR0000NHOF,2013-04-01,TMAX,172
USC00316676,2008-09-10,TMAX,311
USC00316676,2009-08-06,TMIN,211
USW00093719,2007-03-11,TMAX,189
USW00093743,2013-04-01,TMAX,189
USC00316676,2009-08-06,TMAX,322
USW00093743,2013-04-01,TMIN,100
USC00310356,2012-06-29,TMIN,228
USR0000NHOF,2005-11-19,TMIN,0
USC00316676,2008-09-10,TMIN,206
USC00310356,2012-06-29,TMAX,289
USW00093719,2006-12-31,TMAX,194
USW00093719,2006-12-31,TMIN,106
USC00314689,2013-09-27,TMIN,133
USC00310356,2015-11-06,TMAX,244
USC00317170,2011-04-03,TMIN,44
USC00317170,2011-04-03,TMAX,222
USC00314689,2013-09-27,TMAX,244
USC00310356,2015-11-06,TMIN,178
USR0000NCRN,2010-03-01,TMAX,117
USR0000NCRN,2010-03-01,TMIN,-6
USW00093765,2010-09-07,TMAX,294
USW00013754,2010-10-08,TMAX,250
USR0000NHOF,2005-10-11,TMAX,261
USW00093765,2009-03-18,TMIN,56
USR0000NCRN,2009-08-23,TMIN,261
USC00310356,2006-07-06,TMAX,300
USC00310356,2006-07-06,TMIN,183
USR0000NNWB,2007-09-21,TMAX,278
USW00013754,2010-10-08,TMIN,122
USR0000NHOF,2005-10-11,TMIN,194
USR0000NCRN,2009-08-23,TMAX,283
USW00093719,2015-03-31,TMIN,22
USC00310576,2015-07-08,TMAX,322
USC00310356,2012-08-14,TMAX,300
USC00316096,2012-01-26,TMIN,39
USC00310576,2015-07-08,TMIN,228
USR0000NNWB,2007-09-21,TMIN,211
USC00310356,2012-08-14,TMIN,250
USC00314689,2008-06-01,TMAX,328
USC00316676,2010-07-29,TMIN,217
USC00316676,2010-07-29,TMAX,322
USC00314689,2011-07-26,TMAX,328
USC00314689,2013-08-07,TMAX,311
USW00093719,2015-03-31,TMAX,233
USC00316676,2010-12-17,TMIN,-6
USC00315830,2009-03-11,TMIN,100
USC00315830,2009-03-11,TMAX,211
USC00316676,2010-12-17,TMAX,139
USW00093743,2013-12-19,TMIN,-16
USC00314144,2009-10-14,TMAX,144
USW00093743,2013-12-19,TMAX,144
USR0000NNWB,2012-07-09,TMIN,250
USR0000NNWB,2012-07-09,TMAX,372
USW00093719,2011-09-17,TMIN,167
USC00315830,2011-08-02,TMAX,328
USW00093765,2012-12-08,TMAX,178
USW00093765,2009-03-18,TMAX,178
USC00314144,2009-10-14,TMIN,111
USC00310356,2005-07-28,TMIN,272
USC00314689,2008-06-01,TMIN,217
USC00316676,2010-09-24,TMAX,333
USC00314689,2005-07-11,TMAX,322
USC00316096,2013-08-07,TMAX,311
USW00013754,2005-02-01,TMIN,11
USW00093719,2013-04-11,TMIN,167
USW00093719,2013-04-11,TMAX,294
USC00316676,2005-12-10,TMIN,-39
USC00316676,2005-12-10,TMAX,111
USW00013754,2007-08-17,TMIN,256
USW00093719,2008-08-18,TMAX,300
USC00310576,2005-01-28,TMIN,-67
USC00310576,2005-01-28,TMAX,6
USC00316096,2014-09-12,TMAX,306
USC00316096,2014-09-12,TMIN,228
USR0000NHOF,2014-04-27,TMIN,128
USR0000NHOF,2014-04-27,TMAX,311
USC00314689,2005-02-23,TMAX,178
USW00013754,2007-08-17,TMAX,317
USW00093765,2012-12-08,TMIN,128
USW00093719,2008-08-18,TMIN,200
USC00314689,2008-10-31,TMIN,-11
USC00316676,2010-09-24,TMIN,189
USR0000NCRN,2010-10-07,TMAX,267
USR0000NCRN,2010-10-07,TMIN,100
USR0000NHOF,2006-07-06,TMAX,311
USR0000NHOF,2006-07-06,TMIN,194
USC00314684,2011-06-14,TMAX,294
USR0000NCRN,2010-11-20,TMIN,0
USW00013754,2005-02-01,TMAX,94
USR0000NCRN,2010-11-20,TMAX,189
USC00310576,2014-08-11,TMIN,211
USC00310576,2014-08-11,TMAX,278
USC00314144,2008-09-13,TMIN,194
USC00314144,2008-09-13,TMAX,322
USC00310356,2005-05-07,TMAX,133
USC00310356,2005-05-07,TMIN,78
USC00316096,2013-08-07,TMIN,200
USC00314684,2011-06-14,TMIN,172
USC00314689,2013-08-07,TMIN,189
USC00316676,2011-05-20,TMAX,256
USC00316676,2011-05-20,TMIN,139
USR0000NHOF,2014-02-25,TMAX,211
USC00310356,2005-10-11,TMIN,244
USC00317170,2010-07-02,TMAX,283
USR0000NNWB,2006-05-08,TMIN,117
USR0000NNWB,2006-05-08,TMAX,144
USR0000NHOF,2015-10-19,TMIN,6
USC00317170,2010-07-02,TMIN,167
USW00093765,2007-02-23,TMAX,117
USC00310576,2007-04-19,TMAX,167
USC00315830,2009-11-25,TMAX,194
USC00314689,2008-04-03,TMIN,78
USW00093765,2013-04-11,TMIN,167
USW00093765,2013-04-11,TMAX,239
USW00093743,2008-08-24,TMIN,128
USW00093743,2008-08-24,TMAX,206
USC00314689,2008-02-21,TMAX,183
USC00310576,2007-04-19,TMIN,61
USC00316096,2011-11-02,TMIN,28
USW00093765,2007-02-23,TMIN,28
USC00317170,2014-09-21,TMAX,272
USC00314684,2009-05-11,TMAX,261
USC00317170,2013-04-11,TMIN,150
USC00317170,2013-04-11,TMAX,317
USC00314684,2009-05-11,TMIN,167
USW00093765,2006-04-06,TMAX,194
USR0000NHOF,2014-08-07,TMAX,317
USR0000NHOF,2015-10-19,TMAX,167
USC00315830,2009-11-25,TMIN,117
USR0000NHOF,2014-08-07,TMIN,200
USC00310356,2010-08-02,TMAX,317
USC00316096,2014-01-22,TMIN,-78
USC00316096,2014-01-22,TMAX,-6
USC00314684,2007-03-29,TMIN,122
USR0000NHOF,2014-02-25,TMIN,-6
USC00310356,2005-10-11,TMAX,261
USC00317170,2014-09-21,TMIN,206
USC00310356,2010-08-02,TMIN,206
USC00316096,2011-11-02,TMAX,172
USR0000NNWB,2012-01-28,TMIN,17
USC00316096,2012-01-26,TMAX,200
USW00093765,2014-09-21,TMIN,222
USW00093765,2014-09-21,TMAX,283
USC00315830,2013-07-26,TMAX,289
USC00310356,2006-08-31,TMIN,239
USC00314689,2008-04-03,TMAX,189
USC00315830,2013-07-26,TMIN,211
USW00093719,2009-06-11,TMIN,189
USC00314684,2011-08-04,TMIN,233
USC00316096,2015-01-24,TMIN,33
USR0000NCRN,2007-04-21,TMIN,17
USR0000NCRN,2007-04-21,TMAX,244
USC00310356,2006-08-31,TMAX,272
USC00310356,2013-12-19,TMAX,211
USW00093719,2011-09-17,TMAX,200
USC00310356,2013-12-19,TMIN,106
USC00310356,2005-07-28,TMAX,317
USC00316096,2015-01-24,TMAX,183
USW00093743,2012-08-14,TMAX,306
USW00093743,2012-08-14,TMIN,239
USR0000NCRN,2011-04-10,TMAX,228
USC00314689,2008-02-21,TMIN,0
USR0000NNWB,2012-01-28,TMAX,194
USW00093719,2015-09-06,TMIN,228
USW00093719,2015-09-06,TMAX,283
USC00315830,2008-09-27,TMAX,278
USC00316676,2011-05-08,TMIN,106
USC00310356,2015-09-14,TMAX,261
USC00315830,2008-09-27,TMIN,200
USC00316676,2011-05-08,TMAX,239
USC00310356,2015-09-14,TMIN,156
USW00093743,2009-02-20,TMIN,-32
USW00093743,2009-02-20,TMAX,78
USC00314144,2011-01-25,TMAX,111
USC00314144,2011-01-25,TMIN,0
USC00316096,2009-11-23,TMAX,194
USR0000NCRN,2011-04-10,TMIN,133
USC00316096,2009-11-23,TMIN,128
USC00314689,2010-03-05,TMAX,111
USW00093765,2006-08-02,TMAX,311
USC00314689,2010-03-05,TMIN,-11
USC00316676,2014-05-17,TMIN,117
USC00314684,2009-11-23,TMIN,39
USW00093743,2009-12-17,TMAX,100
USC00316676,2005-04-10,TMIN,56
USC00316676,2005-04-10,TMAX,189
USW00093743,2009-12-17,TMIN,0
USW00013754,2012-12-10,TMIN,167
USR0000NCRN,2011-06-10,TMAX,283
USR0000NNWB,2008-04-01,TMAX,228
USW00093719,2012-01-28,TMAX,194
USR0000NHOF,2008-08-24,TMIN,161
USW00093719,2012-07-25,TMIN,233
USC00316676,2006-11-22,TMIN,56
USC00316676,2006-11-22,TMAX,139
USC00314684,2009-01-01,TMIN,-56
USR0000NHOF,2008-08-24,TMAX,300
USC00314144,2005-09-23,TMIN,178
USW00093765,2007-07-30,TMIN,222
USC00314684,2009-01-01,TMAX,167
USW00093765,2007-07-30,TMAX,283
USW00093719,2012-07-25,TMAX,311
USW00093765,2010-07-02,TMIN,178
USR0000NHOF,2008-06-30,TMAX,306
USR0000NHOF,2008-06-30,TMIN,239
USC00310356,2010-06-08,TMAX,294
USC00310356,2010-06-08,TMIN,217
USW00093743,2013-11-17,TMAX,244
USW00093743,2013-11-17,TMIN,133
USW00093719,2012-01-28,TMIN,17
USC00316096,2013-01-02,TMAX,122
USC00310356,2008-07-01,TMIN,233
USC00310356,2008-07-01,TMAX,278
USC00314684,2009-11-23,TMAX,150
USC00315830,2009-04-09,TMAX,217
USR0000NCRN,2013-04-01,TMAX,200
USR0000NCRN,2013-04-01,TMIN,111
USC00315830,2009-04-09,TMIN,122
USC00316096,2013-01-02,TMIN,44
USW00093719,2015-01-22,TMIN,6
USC00310356,2015-04-24,TMAX,200
USW00013754,2012-12-10,TMAX,233
USW00013754,2009-10-29,TMIN,128
USR0000NHOF,2009-12-17,TMAX,89
USR0000NHOF,2009-12-17,TMIN,-56
USC00310356,2011-08-16,TMAX,300
USW00093743,2013-07-26,TMAX,289
USW00013754,2009-10-29,TMAX,194
USW00093743,2013-07-26,TMIN,206
USW00093765,2005-01-27,TMIN,-39
USC00310576,2015-04-02,TMAX,167
USC00314689,2009-07-18,TMIN,217
USR0000NCRN,2008-11-05,TMIN,161
USC00316676,2011-12-20,TMIN,-33
USC00316676,2011-12-20,TMAX,156
USR0000NCRN,2008-11-05,TMAX,194
USC00310356,2015-07-08,TMAX,294
USC00316096,2012-05-02,TMAX,267
USC00314689,2009-07-18,TMAX,328
USC00315830,2007-11-29,TMAX,189
USC00310356,2011-08-16,TMIN,211
USW00093743,2010-06-08,TMIN,194
USC00315830,2007-11-29,TMIN,89
USC00316676,2011-09-11,TMIN,172
USC00310356,2015-04-24,TMIN,106
USC00315830,2012-06-08,TMIN,150
USC00314144,2005-09-23,TMAX,322
USC00314684,2009-12-19,TMIN,-11
USC00314684,2009-12-19,TMAX,72
USC00315830,2012-06-08,TMAX,267
USC00310576,2015-04-02,TMIN,22
USW00093765,2005-01-27,TMAX,100
USW00093743,2010-06-08,TMAX,289
USC00314689,2010-05-05,TMAX,300
USC00314689,2010-05-05,TMIN,183
USC00310356,2013-07-26,TMAX,294
USR0000NCRN,2011-06-10,TMIN,217
USC00310356,2013-07-26,TMIN,217
USC00316676,2011-09-11,TMAX,311
USC00316096,2012-05-02,TMIN,189
USW00093719,2015-01-22,TMAX,167
USC00314684,2009-09-10,TMAX,278
USC00315830,2011-07-23,TMAX,317
USC00314684,2012-05-02,TMAX,306
USC00314684,2012-05-02,TMIN,189
USC00315830,2011-07-23,TMIN,261
USW00093765,2013-12-30,TMAX,156
USC00310356,2010-04-28,TMIN,111
USC00315830,2011-12-04,TMAX,189
USW00093765,2013-12-30,TMIN,83
USC00315830,2011-12-04,TMIN,17
USC00317170,2007-10-21,TMIN,89
USR0000NCRN,2006-02-17,TMIN,106
USC00317170,2010-03-22,TMAX,206
USC00314689,2011-08-08,TMAX,350
USR0000NCRN,2015-07-13,TMIN,211
USR0000NCRN,2015-07-13,TMAX,261
USC00314689,2010-12-25,TMAX,89
USC00310356,2005-11-28,TMIN,106
USR0000NCRN,2011-10-30,TMAX,139
USC00315830,2015-03-04,TMAX,144
USC00315830,2006-08-05,TMIN,256
USC00317170,2015-08-01,TMAX,333
USC00315830,2006-10-15,TMAX,206
USR0000NHOF,2012-06-29,TMAX,367
USW00093765,2006-11-10,TMAX,244
USW00093765,2006-11-10,TMIN,111
USC00310356,2010-04-28,TMAX,233
USC00314689,2005-02-11,TMIN,-6
USC00315830,2006-08-05,TMAX,322
USC00315830,2014-11-19,TMAX,78
USC00314144,2010-05-19,TMAX,233
USC00315830,2014-11-19,TMIN,-33
USW00093719,2006-11-29,TMAX,244
USC00310356,2013-11-17,TMAX,244
USC00310356,2013-11-17,TMIN,144
USC00317170,2007-10-21,TMAX,267
USW00093719,2006-11-29,TMIN,94
USC00314144,2010-05-19,TMIN,139
USR0000NNWB,2008-04-01,TMIN,172
USC00317170,2010-07-16,TMAX,333
USC00316096,2009-07-18,TMAX,294
USW00093765,2014-09-12,TMIN,233
USC00314144,2005-05-07,TMIN,39
USC00316676,2012-03-20,TMIN,122
USC00310356,2005-11-28,TMAX,200
USW00093765,2012-03-18,TMAX,228
USW00093765,2012-03-18,TMIN,150
USR0000NHOF,2009-01-12,TMAX,89
USC00314144,2005-05-07,TMAX,233
USR0000NHOF,2009-01-12,TMIN,-28
USC00315830,2015-03-04,TMIN,44
USC00314689,2010-12-25,TMIN,-17
USC00314689,2012-08-28,TMAX,311
USC00314689,2012-08-28,TMIN,222
USC00310356,2009-12-17,TMIN,17
USW00093765,2010-07-02,TMAX,278
USC00314684,2009-09-10,TMIN,167
USC00310356,2009-12-17,TMAX,94
USC00317170,2010-07-16,TMIN,250
USW00093743,2008-07-01,TMAX,244
USW00093765,2014-09-12,TMAX,311
USW00093765,2005-06-19,TMAX,272
USR0000NCRN,2011-10-30,TMIN,22
USC00316096,2009-07-18,TMIN,211
USC00310356,2007-04-21,TMIN,78
USC00310356,2007-04-21,TMAX,200
USC00314689,2011-08-08,TMIN,239
USW00093743,2011-08-16,TMIN,200
USW00093743,2008-07-01,TMIN,172
USW00093743,2011-08-16,TMAX,311
USW00093765,2005-06-19,TMIN,200
USC00315830,2015-05-16,TMAX,228
USC00315830,2015-05-16,TMIN,133
USC00316676,2013-08-07,TMIN,183
USC00316676,2013-08-07,TMAX,283
USR0000NCRN,2013-07-26,TMAX,289
USR0000NCRN,2013-07-26,TMIN,200
USC00317170,2010-03-22,TMIN,144
USC00310356,2015-07-08,TMIN,244
USC00314689,2015-04-26,TMIN,89
USC00314689,2015-04-26,TMAX,156
USR0000NNWB,2009-09-20,TMIN,183
USR0000NCRN,2013-11-21,TMIN,106
USR0000NCRN,2013-11-21,TMAX,178
USW00093719,2011-07-27,TMIN,239
USR0000NNWB,2009-09-20,TMAX,272
USC00314689,2009-09-09,TMAX,267
USR0000NCRN,2008-09-13,TMIN,217
USW00093765,2014-05-15,TMIN,228
USR0000NCRN,2008-09-13,TMAX,339
USC00314689,2009-09-09,TMIN,172
USC00316676,2014-05-31,TMIN,156
USC00314689,2013-01-02,TMAX,128
USC00314689,2013-01-02,TMIN,61
USC00316096,2011-05-12,TMIN,111
USW00093743,2012-06-29,TMIN,172
USW00093719,2011-07-27,TMAX,339
USW00013754,2010-11-11,TMAX,172
USW00093743,2012-06-29,TMAX,311
USW00093719,2008-07-15,TMIN,228
USC00310576,2014-12-09,TMAX,144
USC00315830,2008-12-12,TMAX,194
USC00315830,2008-12-12,TMIN,106
USC00317170,2009-03-20,TMAX,161
USR0000NNWB,2015-03-31,TMAX,233
USW00093765,2008-08-26,TMIN,244
USC00315830,2005-06-28,TMIN,250
USC00314684,2006-12-19,TMIN,61
USW00093719,2008-07-15,TMAX,317
USC00314684,2006-12-19,TMAX,233
USR0000NCRN,2012-06-28,TMIN,150
USC00314684,2010-12-16,TMAX,22
USC00314684,2010-12-16,TMIN,-106
USR0000NNWB,2015-03-31,TMIN,28
USC00310576,2014-12-09,TMIN,67
USC00310576,2009-05-18,TMIN,106
USC00310576,2009-05-18,TMAX,283
USC00315830,2005-06-28,TMAX,294
USC00317170,2009-03-20,TMIN,89
USW00093719,2007-07-20,TMIN,217
USC00310356,2014-04-22,TMAX,211
USR0000NHOF,2014-04-22,TMAX,283
USC00315830,2015-07-30,TMIN,244
USW00093743,2010-04-28,TMAX,211
USC00314684,2009-04-27,TMAX,317
USC00314689,2013-04-11,TMIN,161
USC00314689,2013-04-11,TMAX,306
USR0000NHOF,2014-04-22,TMIN,61
USC00314689,2014-09-21,TMAX,283
USR0000NCRN,2005-05-07,TMAX,233
USW00093765,2010-06-16,TMAX,317
USR0000NNWB,2008-01-08,TMAX,239
USW00093765,2010-06-16,TMIN,239
USR0000NHOF,2015-11-03,TMAX,194
USR0000NHOF,2015-11-03,TMIN,161
USR0000NNWB,2008-01-08,TMIN,72
USW00093743,2012-10-22,TMIN,72
USR0000NCRN,2005-05-07,TMIN,61
USW00093719,2007-07-20,TMAX,328
USC00314689,2014-09-21,TMIN,200
USR0000NHOF,2012-10-22,TMIN,28
USR0000NCRN,2011-10-15,TMAX,256
USW00093719,2009-07-22,TMIN,200
USC00310356,2014-04-22,TMIN,106
USR0000NCRN,2011-10-15,TMIN,100
USR0000NCRN,2014-06-29,TMAX,278
USW00093719,2012-07-09,TMIN,250
USW00093719,2012-07-09,TMAX,361
USC00315830,2015-07-30,TMAX,306
USR0000NCRN,2014-06-29,TMIN,172
USC00316096,2011-05-12,TMAX,239
USC00314689,2008-04-21,TMIN,111
USC00316676,2007-08-30,TMIN,178
USC00314684,2009-04-27,TMIN,122
USW00093765,2008-06-17,TMIN,233
USC00316676,2007-08-30,TMAX,306
USW00093765,2008-06-17,TMAX,300
USW00093719,2009-07-22,TMAX,300
USR0000NCRN,2012-06-28,TMAX,317
USC00315830,2014-01-19,TMIN,-28
USW00013754,2007-12-08,TMAX,211
USR0000NHOF,2013-02-22,TMIN,22
USR0000NHOF,2013-02-22,TMAX,83
USR0000NHOF,2015-07-08,TMAX,339
USC00316676,2005-01-19,TMIN,-117
USR0000NCRN,2013-12-19,TMAX,150
USC00316676,2005-01-19,TMAX,-6
USR0000NHOF,2015-07-08,TMIN,239
USC00310576,2013-02-17,TMIN,11
USR0000NNWB,2007-07-08,TMAX,311
USC00316676,2011-06-06,TMAX,289
USR0000NCRN,2013-12-19,TMIN,-28
USW00093765,2015-08-01,TMIN,244
USR0000NCRN,2006-09-28,TMAX,261
USC00310576,2014-02-25,TMIN,22
USR0000NCRN,2006-09-28,TMIN,128
USC00310576,2014-02-25,TMAX,178
USC00314684,2010-11-30,TMIN,6
USR0000NHOF,2010-06-08,TMAX,306
USR0000NNWB,2007-07-08,TMIN,211
USW00013754,2010-11-07,TMAX,128
USC00314684,2007-05-11,TMIN,89
USR0000NHOF,2015-04-24,TMAX,217
USC00314684,2007-05-11,TMAX,278
USR0000NCRN,2008-03-20,TMAX,189
USR0000NHOF,2015-04-24,TMIN,33
USR0000NCRN,2008-03-20,TMIN,61
USW00013754,2015-03-31,TMAX,217
USC00310576,2013-02-17,TMAX,111
USR0000NCRN,2007-01-18,TMAX,78
USR0000NCRN,2007-01-18,TMIN,67
USW00013754,2015-03-31,TMIN,28
USC00310576,2008-04-14,TMIN,56
USC00310576,2008-04-14,TMAX,222
USC00316676,2008-11-22,TMAX,78
USC00316676,2008-11-22,TMIN,-50
USW00013754,2010-11-07,TMIN,33
USC00314684,2010-11-30,TMAX,139
USR0000NHOF,2010-06-08,TMIN,144
USC00316676,2015-02-17,TMAX,11
USC00316676,2015-02-17,TMIN,-44
USC00310576,2009-05-28,TMIN,178
USC00314144,2005-04-08,TMAX,256
USC00314144,2005-04-08,TMIN,144
USC00310356,2011-01-18,TMAX,128
USC00315830,2014-01-19,TMAX,122
USW00093765,2015-08-01,TMAX,289
USC00310356,2011-01-18,TMIN,28
USC00310576,2009-05-28,TMAX,267
USW00093765,2006-05-08,TMIN,133
USW00093765,2014-05-15,TMAX,283
USC00310356,2013-02-22,TMIN,33
USC00310356,2013-02-22,TMAX,111
USC00315830,2011-09-03,TMAX,294
USR0000NCRN,2006-07-12,TMIN,228
USR0000NCRN,2006-07-12,TMAX,317
USW00013754,2007-12-08,TMIN,39
USW00093765,2006-05-08,TMAX,200
USW00093765,2008-08-26,TMAX,300
USC00315830,2011-09-03,TMIN,189
USW00013754,2010-11-11,TMIN,72
USC00314689,2012-05-02,TMAX,328
USC00314689,2012-05-02,TMIN,194
USC00316676,2009-03-04,TMIN,-89
USR0000NCRN,2014-08-07,TMAX,311
USR0000NCRN,2014-08-07,TMIN,206
USW00093743,2013-02-22,TMIN,33
USC00310576,2015-12-16,TMIN,67
USC00310576,2015-12-16,TMAX,233
USW00093743,2013-02-22,TMAX,111
USC00316676,2009-03-04,TMAX,28
USR0000NCRN,2006-12-19,TMAX,194
USC00317170,2014-09-12,TMAX,306
USC00317170,2014-09-12,TMIN,233
USC00316676,2014-05-31,TMAX,233
USC00314684,2005-03-20,TMIN,61
USC00314684,2005-03-20,TMAX,156
USR0000NCRN,2006-12-19,TMIN,61
USC00316676,2014-05-17,TMAX,244
USC00315830,2011-08-02,TMIN,233
USW00013754,2012-01-28,TMIN,28
USR0000NNWB,2009-07-22,TMIN,211
USW00093719,2005-06-14,TMIN,239
USC00314689,2015-11-28,TMIN,78
USC00310576,2010-03-01,TMAX,128
USC00310576,2010-03-01,TMIN,11
USW00093765,2006-09-29,TMIN,139
USW00093765,2006-09-29,TMAX,239
USR0000NCRN,2014-04-27,TMIN,144
USC00317170,2011-11-02,TMAX,178
USR0000NCRN,2014-04-27,TMAX,250
USR0000NCRN,2008-01-02,TMAX,33
USR0000NCRN,2008-01-02,TMIN,-17
USC00314689,2009-06-22,TMAX,306
USC00315830,2015-07-08,TMAX,300
USR0000NCRN,2014-02-18,TMAX,200
USC00317170,2007-05-09,TMIN,178
USC00315830,2015-07-08,TMIN,261
USC00317170,2007-05-09,TMAX,256
USC00314689,2009-06-22,TMIN,189
USC00317170,2008-08-12,TMIN,150
USC00316676,2011-03-17,TMIN,50
USR0000NCRN,2013-09-22,TMIN,200
USC00314684,2013-07-26,TMAX,300
USC00314684,2013-07-26,TMIN,178
USW00093765,2015-01-22,TMAX,161
USW00093765,2015-01-22,TMIN,28
USC00310576,2006-08-05,TMIN,244
USC00310576,2006-08-05,TMAX,300
USC00316676,2011-03-17,TMAX,206
USC00314689,2015-11-28,TMAX,228
USC00314684,2015-05-21,TMAX,322
USC00317170,2008-08-12,TMAX,306
USW00093719,2005-06-14,TMAX,328
USR0000NCRN,2012-12-01,TMIN,-6
USC00317170,2011-11-02,TMIN,28
USW00093765,2010-04-06,TMAX,211
USW00093765,2010-04-06,TMIN,167
USC00314684,2015-05-21,TMIN,189
USR0000NCRN,2013-09-22,TMAX,261
USC00314689,2015-03-05,TMAX,267
USC00314689,2005-04-10,TMAX,206
USR0000NCRN,2006-08-31,TMIN,233
USR0000NCRN,2006-08-31,TMAX,267
USC00316676,2007-08-07,TMIN,228
USC00314689,2005-05-22,TMIN,122
USC00316676,2011-03-10,TMIN,67
USW00093719,2010-01-08,TMAX,61
USW00093719,2010-01-08,TMIN,-28
USC00316096,2010-09-14,TMIN,139
USC00316096,2010-09-14,TMAX,317
USC00317170,2008-05-05,TMAX,244
USC00314689,2005-05-22,TMAX,250
USW00093743,2009-10-14,TMAX,167
USW00093743,2009-10-14,TMIN,128
USC00316676,2007-08-07,TMAX,322
USW00093743,2009-09-01,TMIN,206
USC00314144,2008-02-04,TMAX,211
USC00317170,2008-05-05,TMIN,167
USC00314689,2005-04-10,TMIN,67
USC00315830,2009-04-27,TMIN,150
USC00310356,2009-10-14,TMAX,256
USW00093719,2006-03-04,TMAX,117
USW00093719,2006-03-04,TMIN,-6
USR0000NCRN,2014-02-18,TMIN,28
USC00315830,2014-09-21,TMIN,211
USC00315830,2014-09-21,TMAX,244
USR0000NHOF,2008-08-08,TMIN,178
USC00317170,2007-10-05,TMIN,222
USC00310356,2009-10-14,TMIN,156
USC00317170,2007-10-05,TMAX,294
USC00314684,2010-01-13,TMIN,-72
USC00316096,2013-07-26,TMAX,294
USC00314684,2010-01-13,TMAX,50
USC00316096,2013-07-26,TMIN,194
USC00315830,2009-04-27,TMAX,244
USC00310576,2012-02-23,TMAX,211
USC00310576,2012-02-23,TMIN,111
USR0000NHOF,2008-08-08,TMAX,317
USC00314144,2008-02-04,TMIN,67
USR0000NNWB,2015-08-01,TMAX,350
USW00013754,2013-12-29,TMIN,100
USC00317170,2009-03-18,TMIN,56
USC00316096,2010-01-13,TMIN,-61
USC00316096,2010-01-13,TMAX,72
USW00093765,2012-07-25,TMAX,311
USC00316676,2005-11-26,TMAX,72
USW00093765,2012-07-25,TMIN,244
USW00093719,2013-09-27,TMIN,167
USC00317170,2009-03-18,TMAX,200
USC00310576,2006-10-15,TMIN,17
USC00316676,2005-11-26,TMIN,-17
USC00310576,2006-10-15,TMAX,194
USC00314684,2010-09-04,TMAX,333
USC00314684,2010-09-04,TMIN,183
USC00314684,2014-01-22,TMAX,172
USC00315830,2013-04-11,TMIN,167
USC00315830,2013-04-11,TMAX,250
USW00093719,2013-09-27,TMAX,250
USC00316096,2009-06-05,TMIN,211
USR0000NHOF,2008-03-20,TMIN,-6
USC00317170,2013-07-26,TMAX,294
USC00316676,2009-07-18,TMAX,322
USC00316676,2009-07-18,TMIN,217
USR0000NNWB,2014-01-19,TMIN,-39
USC00316096,2011-03-05,TMAX,200
USW00013754,2012-10-16,TMAX,200
USW00013754,2012-10-16,TMIN,94
USC00310356,2010-07-18,TMIN,233
USC00317170,2013-07-26,TMIN,189
USC00310356,2010-07-18,TMAX,294
USC00315830,2009-02-14,TMAX,200
USW00013754,2007-07-20,TMIN,217
USW00013754,2007-07-20,TMAX,311
USC00315830,2009-02-14,TMIN,78
USR0000NHOF,2008-03-20,TMAX,189
USC00310576,2015-04-24,TMAX,206
USC00310576,2015-04-24,TMIN,78
USC00316096,2010-12-03,TMAX,83
USR0000NNWB,2015-08-01,TMIN,233
USW00013754,2011-02-04,TMAX,61
USC00314144,2008-07-08,TMAX,294
USC00314144,2010-08-02,TMIN,194
USC00314144,2010-08-02,TMAX,311
USC00314144,2011-03-08,TMAX,167
USC00314144,2011-03-08,TMIN,-22
USC00314684,2010-03-22,TMIN,50
USW00013754,2010-08-26,TMAX,311
USW00093765,2013-08-07,TMIN,211
USW00013754,2010-08-26,TMIN,200
USW00093765,2013-08-07,TMAX,289
USC00314144,2006-11-13,TMIN,72
USC00314144,2006-11-13,TMAX,167
USC00315830,2005-09-18,TMAX,300
USC00315830,2005-09-18,TMIN,261
USW00093719,2008-06-17,TMAX,333
USW00093719,2006-04-03,TMAX,272
USW00093719,2006-04-03,TMIN,128
USW00093719,2008-06-17,TMIN,228
USC00316096,2010-03-24,TMIN,56
USC00316096,2010-12-03,TMIN,-39
USC00316676,2011-07-02,TMIN,200
USC00314144,2008-07-08,TMIN,189
USC00316096,2010-03-24,TMAX,228
USC00314684,2012-09-01,TMIN,194
USC00314684,2012-09-01,TMAX,322
USC00316676,2012-11-14,TMIN,83
USC00316676,2012-11-14,TMAX,200
USW00093719,2014-11-19,TMAX,83
USC00314684,2010-03-22,TMAX,211
USW00093719,2014-11-19,TMIN,-55
USC00316676,2007-02-16,TMIN,-28
USW00013754,2011-02-04,TMIN,22
USC00316096,2009-06-05,TMAX,267
USW00013754,2013-12-29,TMAX,206
USR0000NNWB,2012-10-16,TMAX,217
USR0000NNWB,2012-10-16,TMIN,100
USC00316676,2011-07-02,TMAX,317
USC00316676,2007-02-16,TMAX,78
USC00314689,2013-07-26,TMAX,306
USC00314689,2013-07-26,TMIN,189
USW00093719,2011-12-04,TMAX,206
USW00093765,2011-12-07,TMIN,122
USW00093765,2011-12-07,TMAX,222
USC00310356,2005-05-10,TMAX,267
USC00310356,2014-12-09,TMAX,133
USC00316096,2010-07-16,TMAX,306
USC00310356,2007-09-30,TMIN,172
USC00314684,2008-07-22,TMIN,211
USC00310576,2009-12-02,TMIN,39
USR0000NNWB,2015-05-16,TMAX,294
USC00310576,2009-12-02,TMAX,139
USW00093765,2006-03-06,TMIN,50
USR0000NNWB,2015-05-16,TMIN,133
USC00314144,2005-10-27,TMAX,183
USC00315830,2013-04-01,TMAX,178
USC00315830,2013-04-01,TMIN,133
USC00314684,2009-02-04,TMAX,78
USC00316096,2010-07-16,TMIN,261
USC00314684,2009-02-04,TMIN,-17
USC00310356,2005-05-10,TMIN,144
USC00314684,2008-07-22,TMAX,372
USC00310576,2013-11-17,TMIN,117
USR0000NNWB,2007-07-06,TMIN,222
USC00314144,2005-06-12,TMIN,194
USR0000NNWB,2007-07-06,TMAX,328
USC00315830,2011-09-01,TMAX,294
USC00314689,2010-11-15,TMAX,211
USC00310576,2013-04-11,TMIN,161
USC00310356,2014-12-09,TMIN,50
USW00093743,2009-10-28,TMAX,261
USC00310576,2013-04-11,TMAX,294
USC00310576,2005-05-07,TMAX,222
USC00310576,2005-05-07,TMIN,61
USR0000NNWB,2009-03-20,TMIN,44
USW00093743,2009-10-28,TMIN,161
USR0000NNWB,2009-03-20,TMAX,156
USW00093743,2012-01-14,TMIN,-10
USC00315830,2011-09-01,TMIN,172
USC00310576,2013-11-17,TMAX,222
USW00093765,2006-03-06,TMAX,144
USW00093765,2008-03-21,TMIN,44
USW00013754,2013-08-07,TMIN,200
USC00315830,2005-08-17,TMIN,233
USC00315830,2005-08-17,TMAX,333
USW00013754,2013-08-07,TMAX,300
USW00013754,2012-02-17,TMAX,178
USC00316096,2015-03-05,TMIN,11
USC00316096,2015-03-05,TMAX,206
USW00093765,2014-11-19,TMIN,-32
USW00093765,2010-03-05,TMIN,11
USW00093765,2010-03-05,TMAX,94
USC00316676,2008-04-09,TMAX,167
USC00316676,2008-04-09,TMIN,100
USR0000NCRN,2005-01-10,TMAX,161
USR0000NCRN,2005-01-10,TMIN,67
USW00013754,2012-02-17,TMIN,67
USC00314684,2009-01-25,TMIN,-6
USC00315830,2014-04-22,TMIN,78
USW00013754,2007-04-11,TMAX,183
USC00315830,2014-04-22,TMAX,211
USW00013754,2007-04-11,TMIN,94
USW00093765,2008-03-21,TMAX,172
USC00315830,2012-02-28,TMAX,183
USC00317170,2015-05-21,TMIN,178
USW00093743,2008-08-08,TMIN,144
USC00317170,2015-05-21,TMAX,294
USW00093743,2008-08-08,TMAX,228
USW00093765,2008-05-05,TMIN,178
USW00093765,2014-11-19,TMAX,83
USC00314144,2007-11-25,TMIN,67
USC00317170,2007-05-11,TMIN,156
USC00317170,2007-05-11,TMAX,311
USC00314144,2005-10-27,TMIN,17
USC00310576,2010-06-08,TMAX,300
USC00310576,2010-06-08,TMIN,150
USC00317170,2012-09-01,TMIN,244
USC00317170,2012-09-01,TMAX,361
USW00093765,2008-05-05,TMAX,244
USC00314689,2010-11-15,TMIN,44
USC00310576,2007-11-23,TMAX,250
USC00314144,2005-06-12,TMAX,300
USC00310576,2007-01-22,TMAX,161
USW00093719,2014-01-19,TMIN,-32
USC00316676,2014-02-24,TMIN,44
USC00316676,2014-02-24,TMAX,206
USR0000NHOF,2009-10-14,TMAX,144
USW00093719,2013-08-07,TMIN,206
USW00093719,2013-08-07,TMAX,311
USC00310576,2007-01-22,TMIN,22
USW00013754,2015-05-16,TMAX,267
USC00314689,2007-10-31,TMIN,28
USW00093719,2012-10-16,TMAX,206
USW00093719,2012-10-16,TMIN,94
USR0000NHOF,2009-10-14,TMIN,111
USR0000NHOF,2005-06-04,TMAX,267
USR0000NHOF,2005-06-04,TMIN,194
USC00316676,2011-09-20,TMIN,167
USW00013754,2015-05-16,TMIN,122
USC00317170,2012-12-08,TMIN,122
USW00093719,2014-01-19,TMAX,133
USW00093765,2009-12-19,TMAX,178
USW00093719,2011-12-04,TMIN,28
USR0000NCRN,2008-07-01,TMIN,189
USR0000NCRN,2008-07-01,TMAX,306
USC00316676,2011-03-10,TMAX,189
USW00013754,2013-09-27,TMIN,167
USC00316676,2013-11-20,TMIN,67
USW00013754,2013-09-27,TMAX,244
USC00314144,2007-07-19,TMIN,244
USW00093743,2009-09-01,TMAX,272
USC00316676,2013-11-20,TMAX,150
USC00314689,2005-11-14,TMIN,122
USC00317170,2012-12-08,TMAX,194
USC00314144,2007-07-19,TMAX,339
USW00093765,2009-12-19,TMIN,11
USW00013754,2015-08-01,TMIN,233
USW00013754,2015-08-01,TMAX,306
USC00314689,2005-11-14,TMAX,256
USC00314689,2006-11-10,TMAX,250
USC00314689,2006-11-10,TMIN,111
USC00316676,2011-09-20,TMAX,256
USR0000NHOF,2005-05-10,TMAX,244
USR0000NCRN,2015-12-16,TMAX,206
USC00316676,2013-01-02,TMAX,139
USR0000NHOF,2014-12-09,TMAX,72
USC00316676,2013-01-02,TMIN,100
USC00315830,2005-08-15,TMAX,328
USC00316676,2011-04-23,TMAX,217
USR0000NHOF,2014-12-09,TMIN,39
USR0000NCRN,2012-05-03,TMAX,289
USC00315830,2005-08-15,TMIN,250
USC00316676,2011-04-23,TMIN,122
USW00013754,2007-06-24,TMAX,294
USC00310356,2009-10-28,TMAX,233
USW00013754,2007-06-24,TMIN,194
USC00310356,2009-10-28,TMIN,161
USC00310576,2007-11-23,TMIN,106
USR0000NCRN,2012-05-03,TMIN,194
USC00310356,2007-09-30,TMAX,300
USR0000NCRN,2015-12-16,TMIN,67
USC00314689,2005-06-26,TMIN,233
USW00093719,2006-04-06,TMIN,44
USC00314684,2007-10-15,TMAX,256
USC00314684,2007-10-15,TMIN,50
USW00093719,2006-04-06,TMAX,228
USC00316676,2015-09-27,TMIN,211
USC00316676,2015-09-27,TMAX,228
USC00314144,2009-08-23,TMIN,206
USC00314144,2009-08-23,TMAX,294
USW00093765,2011-11-02,TMIN,50
USW00093765,2011-11-02,TMAX,178
USC00317170,2010-03-05,TMIN,17
USC00314144,2011-05-31,TMIN,206
USC00317170,2010-03-05,TMAX,106
USC00314689,2007-10-31,TMAX,250
USC00314689,2005-06-26,TMAX,289
USR0000NHOF,2005-05-10,TMIN,44
USC00314144,2011-05-31,TMAX,356
USC00310356,2011-07-16,TMAX,300
USC00310356,2011-07-16,TMIN,239
USR0000NNWB,2014-01-19,TMAX,122
USC00317170,2011-12-07,TMAX,244
USC00317170,2013-09-27,TMAX,250
USR0000NCRN,2005-04-08,TMAX,217
USC00310576,2012-01-11,TMAX,156
USR0000NCRN,2005-04-08,TMIN,156
USC00314684,2011-11-02,TMIN,11
USC00310356,2011-10-30,TMAX,167
USC00314684,2011-11-02,TMAX,161
USR0000NHOF,2005-07-28,TMIN,211
USC00310356,2011-10-30,TMIN,44
USC00317170,2008-03-21,TMIN,28
USC00314689,2012-09-01,TMIN,233
USC00314689,2012-09-01,TMAX,333
USC00310576,2012-01-11,TMIN,56
USC00317170,2008-03-21,TMAX,200
USW00093719,2005-08-06,TMAX,322
USR0000NNWB,2007-07-20,TMIN,217
USR0000NCRN,2007-10-05,TMIN,228
USR0000NNWB,2007-07-20,TMAX,333
USR0000NHOF,2005-07-28,TMAX,344
USC00317170,2012-02-11,TMIN,-11
USR0000NHOF,2009-09-01,TMAX,244
USC00316096,2009-11-11,TMAX,178
USR0000NHOF,2010-04-28,TMAX,194
USR0000NHOF,2014-06-29,TMAX,317
USR0000NHOF,2014-06-29,TMIN,167
USR0000NCRN,2011-09-29,TMAX,272
USC00310576,2013-04-01,TMAX,228
USC00317170,2013-09-27,TMIN,156
USC00310576,2013-04-01,TMIN,94
USR0000NCRN,2007-10-05,TMAX,300
USR0000NCRN,2011-09-29,TMIN,206
USC00314684,2010-03-05,TMAX,100
USW00013754,2011-01-03,TMIN,-27
USC00314689,2007-07-12,TMIN,228
USC00317170,2012-02-11,TMAX,111
USC00316676,2012-02-12,TMAX,111
USC00314684,2010-03-05,TMIN,-44
USW00013754,2013-04-11,TMAX,272
USW00093719,2005-08-06,TMIN,217
USC00317170,2007-10-31,TMIN,100
USW00093719,2010-11-27,TMAX,144
USW00013754,2011-01-15,TMIN,-55
USW00013754,2010-01-08,TMAX,67
USW00013754,2011-01-15,TMAX,106
USW00093719,2010-11-27,TMIN,-22
USC00317170,2010-07-03,TMAX,283
USC00316676,2014-07-01,TMIN,183
USC00317170,2008-12-24,TMAX,211
USW00013754,2010-01-08,TMIN,-21
USC00316676,2014-07-01,TMAX,300
USC00317170,2008-12-24,TMIN,39
USC00314684,2015-04-26,TMAX,167
USW00013754,2011-01-03,TMAX,100
USR0000NHOF,2011-10-30,TMAX,139
USR0000NHOF,2011-01-18,TMAX,67
USR0000NHOF,2011-01-18,TMIN,28
USC00314684,2015-04-26,TMIN,94
USC00317170,2007-10-31,TMAX,239
USR0000NNWB,2006-03-04,TMIN,-11
USR0000NNWB,2014-09-21,TMIN,206
USC00315830,2013-02-17,TMAX,117
USC00316676,2006-01-10,TMAX,217
USC00315830,2013-02-17,TMIN,-6
USC00314684,2013-08-07,TMIN,178
USC00316676,2006-01-10,TMIN,56
USR0000NNWB,2006-03-04,TMAX,122
USC00314684,2013-08-07,TMAX,294
USR0000NNWB,2014-09-21,TMAX,294
USC00316096,2009-06-22,TMAX,289
USC00314684,2010-07-16,TMIN,228
USC00316096,2009-06-22,TMIN,172
USW00013754,2013-07-26,TMAX,306
USW00013754,2013-07-26,TMIN,211
USC00317170,2010-07-03,TMIN,144
USC00315830,2008-12-28,TMAX,200
USC00315830,2008-12-28,TMIN,150
USC00314684,2010-07-16,TMAX,317
USW00013754,2013-04-11,TMIN,167
USC00316096,2009-11-11,TMIN,161
USC00310356,2014-04-27,TMAX,244
USC00310356,2014-06-29,TMIN,217
USC00310356,2009-02-20,TMAX,178
USR0000NNWB,2010-06-22,TMAX,361
USR0000NHOF,2015-09-14,TMAX,272
USR0000NHOF,2015-09-14,TMIN,83
USR0000NCRN,2014-02-25,TMAX,178
USR0000NNWB,2010-06-22,TMIN,244
USC00310356,2014-06-29,TMAX,300
USC00310356,2010-03-01,TMAX,117
USC00314689,2006-05-01,TMAX,200
USC00310576,2014-04-22,TMAX,217
USC00314689,2006-05-01,TMIN,56
USR0000NHOF,2007-01-18,TMAX,56
USC00316676,2012-05-02,TMAX,289
USC00316676,2012-05-02,TMIN,172
USR0000NHOF,2007-01-18,TMIN,0
USC00310356,2010-03-01,TMIN,11
USC00310576,2014-04-22,TMIN,61
USR0000NCRN,2014-02-25,TMIN,6
USR0000NHOF,2005-05-07,TMIN,50
USR0000NNWB,2009-07-22,TMAX,311
USW00013754,2012-01-28,TMAX,194
USC00314689,2005-02-23,TMIN,78
USC00315830,2008-07-24,TMIN,228
USR0000NHOF,2009-09-01,TMIN,167
USC00314689,2008-10-31,TMAX,183
USW00093765,2006-08-02,TMIN,272
USC00310356,2009-02-20,TMIN,-6
USC00315830,2008-07-24,TMAX,294
USC00314684,2011-08-04,TMAX,378
USC00315830,2005-05-21,TMIN,128
USC00314689,2010-09-14,TMIN,161
USC00314689,2010-09-14,TMAX,339
USC00314689,2011-07-26,TMIN,228
USC00314689,2005-07-11,TMIN,222
USR0000NHOF,2005-05-07,TMAX,228
USC00315830,2005-05-21,TMAX,244
USC00310356,2008-08-24,TMIN,228
USR0000NCRN,2013-02-22,TMIN,33
USR0000NCRN,2013-02-22,TMAX,89
USW00093719,2014-09-21,TMAX,300
USC00314689,2009-11-23,TMAX,167
USC00316676,2012-05-09,TMIN,133
USC00316676,2012-05-09,TMAX,267
USC00314689,2009-11-23,TMIN,128
USC00316676,2012-02-12,TMIN,-33
USR0000NCRN,2012-10-22,TMIN,39
USW00093719,2014-09-21,TMIN,217
USR0000NNWB,2010-04-28,TMIN,72
USR0000NCRN,2012-10-22,TMAX,222
USC00310356,2014-04-27,TMIN,117
USC00314689,2014-09-12,TMAX,311
USR0000NNWB,2010-04-28,TMAX,206
USC00314689,2014-09-12,TMIN,239
USW00013754,2007-06-05,TMIN,217
USW00013754,2007-06-05,TMAX,328
USC00314144,2006-02-17,TMAX,239
USC00314144,2006-02-17,TMIN,44
USW00093765,2005-05-31,TMAX,244
USW00013754,2012-07-09,TMAX,356
USC00314144,2005-06-05,TMIN,194
USC00310356,2008-08-24,TMAX,322
USR0000NHOF,2014-12-26,TMIN,-6
USW00093743,2010-03-01,TMAX,128
USW00093743,2010-03-01,TMIN,0
USW00093743,2014-06-29,TMAX,289
USC00314684,2007-09-15,TMIN,206
USC00314684,2007-09-15,TMAX,306
USW00093743,2014-06-29,TMIN,200
USR0000NHOF,2014-12-26,TMAX,178
USR0000NNWB,2013-04-11,TMIN,172
USR0000NNWB,2013-04-11,TMAX,289
USC00314144,2005-06-05,TMAX,322
USW00093765,2005-05-31,TMIN,183
USW00013754,2012-07-09,TMIN,267
USR0000NHOF,2010-03-01,TMAX,128
USR0000NHOF,2010-03-01,TMIN,-44
USR0000NHOF,2011-10-30,TMIN,-17
USC00317170,2015-08-01,TMIN,228
USC00317170,2011-01-06,TMAX,78
USC00314684,2006-11-10,TMAX,233
USR0000NHOF,2011-10-15,TMIN,83
USC00310576,2014-08-07,TMAX,328
USC00310576,2014-08-07,TMIN,194
USC00314684,2006-01-14,TMIN,72
USC00316096,2015-11-28,TMAX,222
USR0000NCRN,2011-08-16,TMIN,183
USC00316096,2015-11-28,TMIN,89
USR0000NHOF,2011-10-15,TMAX,256
USW00013754,2014-01-19,TMAX,122
USC00314684,2006-01-14,TMAX,206
USC00310576,2009-12-17,TMAX,106
USC00310576,2009-12-17,TMIN,0
USW00093719,2007-01-02,TMIN,17
USW00093719,2009-03-20,TMIN,33
USW00093719,2009-03-20,TMAX,144
USW00093743,2011-07-16,TMIN,206
USW00013754,2014-01-19,TMIN,-38
USC00314689,2005-11-03,TMIN,33
USR0000NNWB,2010-01-08,TMIN,-28
USC00314684,2015-01-24,TMAX,183
USW00093765,2012-02-23,TMIN,122
USR0000NHOF,2011-07-16,TMIN,133
USR0000NHOF,2011-07-16,TMAX,294
USR0000NHOF,2010-04-28,TMIN,17
USC00310356,2012-06-28,TMAX,311
USC00310356,2012-06-28,TMIN,206
USC00314689,2012-01-26,TMAX,206
USR0000NNWB,2010-01-08,TMAX,61
USC00314689,2015-05-21,TMAX,178
USC00314144,2011-02-11,TMAX,22
USW00093719,2013-12-30,TMAX,161
USC00314144,2011-02-11,TMIN,-72
USC00314689,2010-03-24,TMIN,50
USC00314689,2012-01-26,TMIN,39
USC00314684,2015-01-24,TMIN,33
USC00314689,2010-03-24,TMAX,233
USW00093765,2012-02-23,TMAX,172
USC00310356,2008-03-20,TMIN,150
USW00093719,2007-01-02,TMAX,133
USC00314684,2007-10-02,TMIN,133
USR0000NHOF,2012-06-28,TMAX,322
USR0000NHOF,2012-06-28,TMIN,122
USC00310576,2005-12-08,TMAX,61
USW00093743,2010-07-18,TMAX,311
USC00310576,2005-12-08,TMIN,-6
USC00317170,2013-08-07,TMIN,189
USC00317170,2013-08-07,TMAX,306
USW00093743,2010-07-18,TMIN,228
USC00314684,2014-01-22,TMIN,-56
USC00315830,2005-10-13,TMIN,156
USC00316096,2015-05-21,TMIN,156
USC00315830,2005-10-13,TMAX,217
USC00316096,2015-05-21,TMAX,272
USW00093719,2015-01-13,TMAX,156
USR0000NCRN,2012-12-01,TMAX,189
USW00093719,2015-01-13,TMIN,28
USC00317170,2011-12-07,TMIN,139
USC00314684,2007-10-02,TMAX,278
USC00310576,2012-06-08,TMAX,267
USW00093765,2013-07-26,TMIN,206
USW00093743,2008-03-20,TMAX,194
USW00093743,2008-03-20,TMIN,61
USC00314689,2005-11-03,TMAX,211
USR0000NCRN,2011-08-16,TMAX,306
USC00315830,2006-05-08,TMIN,122
USC00314684,2005-02-11,TMIN,-22
USC00314684,2005-02-11,TMAX,144
USC00310576,2012-06-08,TMIN,122
USC00315830,2006-05-08,TMAX,211
USC00314689,2010-01-13,TMIN,-56
USC00314689,2010-01-13,TMAX,67
USC00310576,2006-07-06,TMAX,300
USW00013754,2012-07-31,TMAX,294
USC00310576,2006-07-06,TMIN,206
USW00013754,2012-07-31,TMIN,211
USW00093765,2013-07-26,TMAX,283
USW00093743,2011-07-16,TMAX,294
USC00310356,2008-03-20,TMAX,189
USW00013754,2011-12-04,TMIN,67
USW00013754,2011-12-04,TMAX,194
USW00093765,2013-09-27,TMAX,233
USR0000NCRN,2010-08-02,TMIN,211
USR0000NCRN,2010-08-02,TMAX,306
USC00316676,2008-11-28,TMIN,-17
USC00316676,2008-11-28,TMAX,172
USC00315830,2007-08-15,TMIN,222
USW00093719,2015-08-01,TMIN,228
USW00093765,2013-09-27,TMIN,172
USW00093719,2015-08-01,TMAX,339
USR0000NCRN,2012-06-05,TMAX,228
USR0000NCRN,2012-06-05,TMIN,122
USC00316096,2011-03-05,TMIN,61
USC00310576,2011-05-01,TMAX,250
USC00310356,2005-06-04,TMAX,233
USC00310356,2005-06-04,TMIN,211
USC00317170,2008-12-09,TMIN,22
USW00013754,2007-07-08,TMAX,306
USC00316676,2008-02-05,TMIN,61
USW00013754,2009-07-22,TMAX,294
USW00013754,2009-07-22,TMIN,206
USC00314684,2006-11-10,TMIN,89
USC00310356,2006-09-28,TMIN,156
USC00317170,2008-12-09,TMAX,194
USW00013754,2007-07-08,TMIN,217
USC00310576,2013-11-01,TMAX,244
USC00317170,2009-12-19,TMIN,33
USW00013754,2014-09-21,TMIN,217
USC00310356,2014-12-26,TMAX,150
USW00013754,2014-09-21,TMAX,283
USC00310356,2014-12-26,TMIN,50
USC00317170,2011-01-06,TMIN,17
USC00310576,2008-01-23,TMIN,28
USC00310576,2008-01-23,TMAX,172
USW00013754,2014-11-19,TMAX,72
USC00317170,2009-12-19,TMAX,133
USW00013754,2014-11-19,TMIN,-21
USC00310576,2013-11-01,TMIN,106
USC00317170,2007-07-30,TMAX,294
USC00316676,2008-02-05,TMAX,228
USW00093719,2013-07-26,TMAX,317
USC00317170,2014-05-15,TMIN,183
USC00310356,2011-10-15,TMAX,256
USC00310356,2011-10-15,TMIN,167
USR0000NCRN,2008-11-24,TMIN,-33
USC00314144,2011-04-10,TMAX,228
USR0000NCRN,2008-11-24,TMAX,150
USC00310356,2015-12-16,TMIN,111
USC00317170,2014-05-15,TMAX,294
USC00310356,2015-12-16,TMAX,200
USW00093719,2013-12-30,TMIN,50
USW00093719,2010-04-12,TMIN,67
USC00310576,2011-05-01,TMIN,89
USR0000NHOF,2012-01-14,TMIN,-33
USW00093765,2006-12-31,TMAX,194
USW00093765,2006-12-31,TMIN,111
USR0000NHOF,2012-01-14,TMAX,78
USW00093719,2010-04-12,TMAX,250
USC00314144,2011-04-10,TMIN,122
USR0000NNWB,2014-11-19,TMIN,-67
USR0000NHOF,2006-09-28,TMIN,89
USR0000NHOF,2010-07-18,TMIN,222
USW00093719,2013-07-26,TMIN,206
USR0000NHOF,2010-07-18,TMAX,300
USC00315830,2007-08-15,TMAX,328
USC00317170,2007-07-30,TMIN,222
USW00093765,2009-01-23,TMIN,56
USC00316096,2012-09-01,TMIN,228
USR0000NHOF,2015-12-16,TMIN,50
USR0000NHOF,2015-12-16,TMAX,217
USC00316096,2012-09-01,TMAX,328
USW00093765,2009-01-23,TMAX,122
USR0000NNWB,2006-04-03,TMAX,283
USR0000NNWB,2006-04-03,TMIN,139
USC00310576,2010-10-31,TMIN,50
USC00310576,2010-10-31,TMAX,183
USR0000NNWB,2014-11-19,TMAX,72
USR0000NHOF,2006-09-28,TMAX,250
USC00310356,2006-09-28,TMAX,278
USW00093743,2012-01-14,TMAX,78
USW00093743,2013-11-01,TMIN,200
USW00093743,2013-11-01,TMAX,239
USR0000NNWB,2012-06-08,TMAX,306
USW00093719,2013-07-25,TMAX,306
USW00093719,2013-07-25,TMIN,228
USW00013754,2010-06-17,TMIN,222
USC00310356,2010-11-19,TMAX,183
USR0000NCRN,2012-01-20,TMIN,0
USW00093743,2009-08-17,TMAX,306
USC00315830,2008-02-22,TMAX,156
USW00013754,2010-06-17,TMAX,344
USR0000NNWB,2006-08-02,TMAX,361
USC00314684,2009-09-09,TMIN,172
USR0000NNWB,2008-06-01,TMAX,344
USW00093743,2009-08-17,TMIN,228
USR0000NNWB,2008-06-01,TMIN,206
USC00314684,2008-10-10,TMAX,272
USW00093719,2007-06-03,TMAX,267
USC00314684,2009-09-09,TMAX,272
USC00316676,2014-04-21,TMAX,133
USC00314144,2007-10-29,TMAX,172
USW00093765,2008-06-26,TMAX,289
USC00316096,2009-08-17,TMIN,206
USC00310576,2013-08-08,TMIN,178
USC00310576,2013-08-08,TMAX,306
USC00316096,2009-08-17,TMAX,300
USR0000NCRN,2005-12-11,TMAX,156
USC00314144,2008-04-23,TMIN,117
USC00315830,2012-05-02,TMAX,261
USC00314144,2007-10-29,TMIN,6
USC00315830,2012-05-02,TMIN,200
USW00013754,2009-02-05,TMAX,11
USR0000NCRN,2007-06-15,TMIN,122
USR0000NCRN,2007-06-15,TMAX,256
USC00314144,2008-04-23,TMAX,233
USW00093765,2008-06-26,TMIN,261
USR0000NNWB,2012-06-08,TMIN,144
USC00315830,2008-02-22,TMIN,33
USW00013754,2009-02-05,TMIN,-77
USR0000NCRN,2013-11-03,TMAX,172
USW00093719,2007-06-03,TMIN,194
USR0000NCRN,2005-06-04,TMAX,256
USC00317170,2009-01-13,TMAX,94
USW00093719,2014-02-25,TMIN,11
USR0000NCRN,2015-10-21,TMIN,78
USW00093719,2014-02-25,TMAX,206
USW00093719,2011-07-05,TMAX,339
USC00316676,2005-01-09,TMAX,244
USC00316676,2005-01-09,TMIN,72
USC00310576,2011-09-20,TMIN,139
USC00310356,2010-11-19,TMIN,78
USW00093765,2008-01-22,TMAX,161
USW00093765,2008-01-22,TMIN,6
USC00316676,2007-10-13,TMAX,228
USC00310576,2014-11-19,TMIN,-33
USC00316676,2007-10-13,TMIN,67
USR0000NCRN,2015-10-21,TMAX,256
USR0000NCRN,2015-09-03,TMIN,206
USC00310576,2014-11-19,TMAX,94
USC00316676,2014-04-21,TMIN,111
USC00317170,2009-01-13,TMIN,33
USW00093765,2011-06-10,TMAX,306
USR0000NNWB,2013-01-19,TMIN,-22
USR0000NNWB,2013-01-19,TMAX,167
USW00093765,2007-10-25,TMAX,267
USR0000NCRN,2005-06-04,TMIN,211
USW00093765,2007-10-25,TMIN,228
USR0000NCRN,2012-01-20,TMAX,172
USR0000NNWB,2006-08-02,TMIN,256
USC00310576,2011-09-20,TMAX,256
USC00314684,2008-10-10,TMIN,167
USC00314144,2005-10-11,TMAX,267
USC00314144,2005-10-11,TMIN,200
USR0000NCRN,2011-05-31,TMIN,211
USR0000NCRN,2011-05-31,TMAX,361
USW00093765,2011-06-10,TMIN,256
USR0000NHOF,2009-02-25,TMAX,117
USW00093719,2011-07-05,TMIN,239
USR0000NHOF,2009-02-25,TMIN,-89
USR0000NCRN,2015-09-03,TMAX,300
USC00315830,2006-03-04,TMIN,6
USC00314144,2010-06-08,TMIN,144
USW00093765,2014-02-25,TMIN,44
USW00093765,2014-02-25,TMAX,183
USC00310356,2013-01-06,TMAX,117
USR0000NNWB,2012-12-08,TMAX,200
USC00315830,2011-05-16,TMIN,200
USR0000NNWB,2012-12-08,TMIN,117
USC00310576,2006-08-29,TMAX,333
USC00316096,2015-08-01,TMAX,300
USC00310576,2006-08-29,TMIN,244
USW00013754,2012-07-25,TMIN,228
USC00316096,2010-11-12,TMIN,61
USC00316096,2010-11-12,TMAX,156
USC00315830,2007-05-26,TMAX,250
USC00314684,2006-07-05,TMAX,317
USC00314684,2006-07-05,TMIN,211
USC00317170,2009-09-20,TMIN,178
USW00013754,2012-07-25,TMAX,306
USC00317170,2009-09-20,TMAX,278
USC00316096,2015-08-01,TMIN,228
USC00310356,2009-08-17,TMIN,233
USR0000NCRN,2013-09-28,TMAX,244
USW00093743,2013-01-06,TMAX,89
USC00315830,2011-05-16,TMAX,250
USC00310356,2009-08-17,TMAX,311
USC00316676,2010-03-05,TMIN,-28
USW00093765,2009-03-01,TMAX,89
USR0000NCRN,2008-01-16,TMIN,-28
USC00310356,2013-01-06,TMIN,6
USW00013754,2013-07-25,TMAX,311
USC00316676,2010-03-05,TMAX,122
USW00093765,2009-03-01,TMIN,56
USR0000NCRN,2008-01-16,TMAX,83
USW00013754,2008-06-01,TMAX,322
USW00013754,2008-06-01,TMIN,194
USC00314684,2006-09-29,TMIN,122
USC00314684,2006-09-29,TMAX,267
USW00013754,2013-07-25,TMIN,228
USC00315830,2006-03-04,TMAX,122
USW00093719,2006-01-10,TMAX,194
USR0000NCRN,2013-11-01,TMAX,239
USW00093719,2008-10-29,TMIN,11
USW00013754,2010-11-27,TMAX,150
USW00013754,2010-11-27,TMIN,0
USC00316096,2015-02-17,TMIN,-22
USC00310356,2008-10-20,TMIN,83
USC00316676,2015-10-28,TMAX,211
USR0000NNWB,2014-07-13,TMIN,206
USW00093719,2008-10-29,TMAX,150
USC00314144,2007-10-12,TMIN,11
USC00310356,2008-10-20,TMAX,167
USW00093765,2005-02-10,TMAX,161
USC00317170,2008-01-17,TMAX,150
USR0000NCRN,2013-11-03,TMIN,89
USC00314144,2010-06-08,TMAX,306
USW00093765,2005-02-10,TMIN,39
USR0000NNWB,2014-07-13,TMAX,328
USR0000NCRN,2005-12-11,TMIN,11
USW00093719,2006-01-10,TMIN,56
USR0000NNWB,2006-10-15,TMAX,206
USC00317170,2008-01-17,TMIN,39
USC00310576,2014-09-22,TMIN,200
USC00310576,2014-09-22,TMAX,283
USC00316676,2015-03-05,TMIN,178
USW00093719,2009-07-18,TMAX,306
USW00093719,2009-07-18,TMIN,211
USC00316676,2009-05-16,TMAX,272
USC00316676,2015-03-05,TMAX,278
USR0000NNWB,2006-10-15,TMIN,22
USW00013754,2011-04-25,TMIN,183
USC00315830,2007-05-26,TMIN,156
USW00013754,2011-04-25,TMAX,278
USC00316096,2015-02-17,TMAX,6
USC00316676,2015-10-28,TMIN,156
USC00316676,2009-05-16,TMIN,200
USW00093719,2012-03-18,TMAX,228
USW00093719,2012-03-18,TMIN,128
USR0000NCRN,2013-11-01,TMIN,194
USC00317170,2012-01-28,TMIN,17
USC00317170,2012-01-28,TMAX,200
USC00316676,2015-11-14,TMIN,50
USC00310356,2008-11-24,TMIN,39
USC00316676,2010-09-13,TMAX,272
USC00310356,2008-11-24,TMAX,133
USC00317170,2009-11-23,TMAX,200
USW00093743,2012-11-15,TMIN,61
USC00317170,2009-11-23,TMIN,128
USC00316676,2010-03-24,TMIN,61
USR0000NNWB,2014-02-25,TMAX,189
USR0000NHOF,2010-05-19,TMIN,139
USC00316676,2010-09-13,TMIN,194
USC00314689,2005-10-27,TMIN,44
USR0000NHOF,2010-11-20,TMIN,-17
USC00316676,2010-03-24,TMAX,189
USW00093743,2012-11-15,TMAX,133
USW00013754,2009-02-15,TMIN,33
USC00314689,2005-10-27,TMAX,183
USR0000NHOF,2010-05-19,TMAX,233
USC00314144,2011-01-12,TMAX,28
USW00013754,2015-01-22,TMIN,28
USW00013754,2015-01-22,TMAX,161
USC00310576,2006-08-31,TMAX,261
USC00317170,2013-12-30,TMAX,183
USW00093719,2010-04-06,TMAX,322
USR0000NCRN,2012-10-16,TMAX,200
USC00310576,2014-01-19,TMAX,78
USC00310576,2014-01-19,TMIN,-11
USR0000NCRN,2012-10-16,TMIN,72
USR0000NNWB,2014-02-25,TMIN,17
USC00310576,2007-08-22,TMIN,222
USC00310356,2014-09-22,TMAX,278
USW00093719,2010-04-06,TMIN,167
USC00310576,2013-04-12,TMIN,172
USW00093765,2013-01-02,TMIN,50
USC00310576,2013-04-12,TMAX,283
USW00093719,2010-04-28,TMIN,56
USW00093719,2010-04-28,TMAX,200
USC00310356,2014-09-22,TMIN,211
USC00310576,2005-02-06,TMIN,-28
USR0000NNWB,2011-01-03,TMIN,-33
USC00314684,2010-10-22,TMAX,239
USC00310356,2010-10-01,TMIN,211
USC00310576,2007-08-22,TMAX,378
USW00093765,2015-11-28,TMAX,222
USC00314144,2009-12-17,TMAX,89
USW00093765,2015-11-28,TMIN,100
USW00093719,2014-05-15,TMAX,294
USC00314144,2009-12-17,TMIN,-56
USC00310356,2010-10-01,TMAX,278
USC00316676,2006-05-08,TMIN,117
USC00316676,2006-05-08,TMAX,228
USC00310576,2011-03-21,TMAX,156
USR0000NHOF,2010-01-14,TMIN,-72
USR0000NHOF,2010-01-14,TMAX,122
USW00013754,2014-02-25,TMIN,11
USW00093743,2010-05-19,TMIN,156
USC00314684,2007-03-07,TMIN,-17
USW00093719,2014-05-15,TMIN,194
USC00314684,2007-03-07,TMAX,117
USC00310356,2009-08-05,TMIN,261
USC00316096,2015-11-13,TMAX,206
USC00314144,2011-01-12,TMIN,-22
USC00314684,2010-10-22,TMIN,56
USW00013754,2009-02-15,TMAX,111
USC00315830,2007-12-16,TMIN,106
USC00315830,2007-12-16,TMAX,200
USW00093743,2010-11-19,TMAX,156
USR0000NHOF,2010-11-20,TMAX,200
USC00316096,2015-11-13,TMIN,67
USW00093765,2006-01-10,TMAX,183
USC00315830,2015-12-16,TMIN,83
USC00315830,2015-12-16,TMAX,228
USR0000NHOF,2015-09-28,TMIN,217
USR0000NHOF,2015-09-28,TMAX,256
USR0000NNWB,2011-01-03,TMAX,89
USW00093743,2010-11-19,TMIN,39
USC00310356,2009-08-05,TMAX,294
USW00093765,2006-01-10,TMIN,72
USC00310576,2005-02-06,TMAX,161
USC00310576,2006-08-31,TMIN,228
USR0000NHOF,2014-09-22,TMAX,294
USC00314689,2010-12-11,TMAX,106
USC00314689,2010-12-11,TMIN,-11
USC00316676,2008-05-02,TMAX,239
USC00316676,2008-05-02,TMIN,72
USW00093743,2008-11-24,TMAX,144
USC00314689,2006-07-05,TMAX,322
USC00314689,2006-07-05,TMIN,239
USC00314144,2008-01-09,TMAX,239
USC00317170,2012-02-23,TMIN,100
USC00310356,2015-05-22,TMAX,267
USW00013754,2012-06-08,TMIN,133
USW00013754,2012-06-08,TMAX,294
USW00093765,2007-01-22,TMIN,56
USW00093765,2007-01-22,TMAX,172
USC00310576,2012-07-07,TMAX,361
USW00093719,2012-12-10,TMIN,167
USC00310356,2015-05-22,TMIN,150
USC00316676,2008-08-06,TMAX,361
USC00314144,2008-01-09,TMIN,117
USR0000NNWB,2008-07-15,TMAX,311
USC00316676,2015-11-14,TMAX,217
USC00310576,2013-11-21,TMIN,78
USR0000NCRN,2007-11-25,TMIN,78
USC00310576,2013-11-21,TMAX,156
USC00316676,2009-08-21,TMAX,322
USC00314144,2007-10-12,TMAX,217
USR0000NHOF,2015-05-22,TMIN,100
USR0000NNWB,2008-07-15,TMIN,228
USC00310576,2005-11-02,TMAX,172
USR0000NNWB,2006-11-10,TMAX,244
USR0000NNWB,2006-11-10,TMIN,100
USC00310576,2005-11-02,TMIN,61
USW00093765,2013-07-25,TMAX,300
USW00093743,2008-11-24,TMIN,-16
USC00316676,2009-08-21,TMIN,233
USW00093765,2013-07-25,TMIN,222
USR0000NHOF,2015-05-22,TMAX,261
USC00316676,2008-08-06,TMIN,233
USW00093719,2012-12-10,TMAX,233
USW00093765,2009-09-20,TMIN,194
USR0000NNWB,2012-07-25,TMIN,222
USC00316676,2008-05-05,TMIN,178
USC00316676,2008-05-05,TMAX,272
USC00317170,2013-07-25,TMAX,294
USC00317170,2013-07-25,TMIN,211
USC00316676,2007-04-03,TMIN,133
USR0000NHOF,2012-11-15,TMIN,50
USW00013754,2010-04-12,TMIN,83
USC00316676,2007-04-03,TMAX,289
USR0000NCRN,2008-12-13,TMIN,0
USR0000NCRN,2008-12-13,TMAX,94
USW00093765,2013-01-02,TMAX,133
USC00317170,2007-07-20,TMIN,228
USC00317170,2007-07-20,TMAX,328
USR0000NHOF,2012-11-15,TMAX,106
USR0000NHOF,2014-09-22,TMIN,172
USC00317170,2012-02-23,TMAX,250
USC00310576,2015-05-16,TMIN,100
USC00310576,2015-05-16,TMAX,239
USW00013754,2010-04-12,TMAX,244
USC00315830,2006-09-13,TMAX,267
USC00310576,2012-07-07,TMIN,244
USW00093765,2009-09-20,TMAX,272
USR0000NCRN,2009-01-12,TMAX,89
USC00317170,2013-12-30,TMIN,44
USR0000NCRN,2009-01-12,TMIN,22
USC00315830,2006-09-13,TMIN,161
USW00013754,2012-03-10,TMIN,22
USR0000NNWB,2012-07-25,TMAX,322
USW00013754,2012-03-10,TMAX,133
USC00314684,2010-05-05,TMAX,228
USC00314684,2010-05-05,TMIN,161
USC00310576,2011-03-21,TMIN,56
USC00314684,2007-10-05,TMIN,206
USC00314684,2007-10-05,TMAX,300
USW00093765,2008-07-22,TMAX,311
USW00093765,2008-07-22,TMIN,244
USR0000NCRN,2013-09-28,TMIN,161
USC00315830,2014-12-07,TMAX,194
USC00310576,2011-12-04,TMIN,28
USW00093743,2013-01-06,TMIN,28
USC00314684,2013-03-31,TMAX,189
USC00314689,2009-01-25,TMIN,0
USW00093765,2009-02-19,TMIN,50
USW00093743,2013-09-28,TMIN,172
USC00314684,2013-03-31,TMIN,56
USC00315830,2015-11-30,TMIN,139
USW00013754,2012-12-08,TMAX,200
USC00310576,2015-11-19,TMIN,111
USW00093719,2015-08-22,TMIN,222
USW00093719,2015-08-22,TMAX,311
USW00013754,2012-12-08,TMIN,133
USC00310356,2009-06-16,TMAX,294
USC00310356,2009-06-16,TMIN,228
USC00314689,2013-09-21,TMAX,256
USW00093743,2013-09-28,TMAX,261
USC00317170,2015-12-12,TMIN,106
USC00317170,2015-12-12,TMAX,244
USC00310356,2013-09-28,TMIN,167
USR0000NHOF,2006-01-31,TMAX,122
USR0000NHOF,2006-01-31,TMIN,-11
USR0000NHOF,2008-10-20,TMIN,-6
USR0000NCRN,2007-10-26,TMIN,217
USW00093765,2009-02-19,TMAX,172
USR0000NCRN,2007-10-26,TMAX,233
USW00093719,2007-10-09,TMIN,206
USR0000NNWB,2012-02-11,TMAX,106
USW00093765,2006-07-05,TMAX,294
USR0000NNWB,2006-08-05,TMAX,306
USW00093765,2006-07-05,TMIN,250
USR0000NHOF,2008-10-20,TMAX,178
USR0000NNWB,2006-08-05,TMIN,244
USR0000NNWB,2006-01-10,TMAX,194
USC00315830,2013-07-25,TMAX,306
USR0000NNWB,2006-01-10,TMIN,67
USC00315830,2013-07-25,TMIN,233
USR0000NHOF,2006-02-17,TMAX,228
USR0000NNWB,2012-02-11,TMIN,-22
USR0000NHOF,2006-02-17,TMIN,61
USC00314144,2005-04-11,TMIN,11
USC00316096,2010-02-28,TMAX,106
USC00310576,2015-11-19,TMAX,244
USC00310356,2008-06-16,TMAX,283
USC00310356,2008-06-16,TMIN,222
USC00314684,2012-07-09,TMAX,372
USW00093719,2010-07-16,TMAX,333
USC00315830,2015-11-30,TMAX,222
USW00093765,2005-10-13,TMIN,156
USC00316676,2014-01-22,TMAX,200
USC00310576,2007-04-21,TMIN,44
USW00093719,2010-07-16,TMIN,244
USC00314684,2007-01-22,TMIN,0
USC00314684,2007-01-22,TMAX,50
USW00013754,2009-07-18,TMAX,300
USW00093765,2005-10-13,TMAX,189
USW00093743,2009-06-16,TMAX,261
USW00013754,2009-07-18,TMIN,211
USC00310576,2007-04-21,TMAX,206
USC00314144,2005-04-11,TMAX,267
USC00314144,2010-08-26,TMIN,172
USC00314684,2012-07-09,TMIN,250
USC00316096,2010-02-28,TMIN,-22
USC00310356,2013-09-28,TMAX,239
USC00314144,2006-05-09,TMIN,100
USC00314689,2013-09-21,TMIN,172
USC00314144,2006-05-09,TMAX,211
USC00316096,2014-02-17,TMAX,67
USW00093719,2006-10-15,TMIN,22
USC00314144,2010-08-26,TMAX,311
USC00316676,2014-01-22,TMIN,-44
USW00093765,2011-07-02,TMAX,311
USW00093719,2006-10-15,TMAX,206
USR0000NCRN,2007-08-19,TMAX,300
USW00093765,2011-07-02,TMIN,222
USC00310576,2008-09-13,TMIN,211
USW00093765,2008-12-24,TMAX,194
USC00310576,2008-09-13,TMAX,306
USC00316096,2014-02-17,TMIN,-6
USW00093743,2009-06-16,TMIN,211
USW00093719,2007-10-09,TMAX,339
USR0000NNWB,2010-06-17,TMAX,344
USC00316096,2013-09-21,TMAX,261
USC00316096,2013-09-21,TMIN,167
USR0000NHOF,2011-09-01,TMIN,111
USW00093765,2005-03-03,TMAX,100
USW00093743,2012-08-12,TMAX,278
USW00093743,2009-04-21,TMIN,139
USC00310356,2014-06-09,TMIN,183
USC00310576,2006-04-03,TMIN,117
USW00093743,2009-04-21,TMAX,211
USW00013754,2013-04-12,TMAX,256
USC00310356,2014-06-09,TMAX,294
USC00316096,2010-12-11,TMAX,150
USW00093719,2010-07-02,TMAX,267
USW00093719,2010-03-22,TMAX,194
USW00093743,2012-08-12,TMIN,222
USW00093719,2010-03-22,TMIN,100
USW00013754,2013-04-12,TMIN,194
USC00316096,2010-12-11,TMIN,11
USC00310576,2006-04-03,TMAX,261
USW00093765,2005-03-03,TMIN,0
USC00317170,2010-10-08,TMIN,133
USC00310576,2015-07-13,TMIN,217
USC00316676,2011-02-04,TMIN,22
USC00310576,2015-07-13,TMAX,300
USR0000NNWB,2013-04-12,TMIN,200
USC00316676,2011-02-04,TMAX,100
USC00310356,2009-05-08,TMAX,233
USR0000NHOF,2011-09-01,TMAX,289
USR0000NNWB,2013-04-12,TMAX,278
USC00317170,2010-10-08,TMAX,250
USC00316676,2012-06-04,TMIN,133
USC00310576,2012-05-02,TMAX,272
USC00310576,2012-05-02,TMIN,194
USC00314689,2011-03-05,TMAX,206
USC00310356,2012-08-12,TMAX,278
USC00310356,2012-08-12,TMIN,233
USC00316676,2012-06-04,TMAX,267
USC00314144,2011-01-07,TMAX,78
USC00310576,2009-04-09,TMAX,161
USC00310576,2009-04-09,TMIN,39
USC00316676,2006-01-14,TMIN,72
USC00316676,2006-01-14,TMAX,217
USC00314689,2010-07-29,TMAX,339
USC00314684,2014-02-25,TMIN,-11
USC00315830,2014-04-27,TMAX,228
USW00013754,2008-07-15,TMIN,222
USW00093719,2011-03-05,TMAX,211
USC00310356,2009-04-21,TMAX,200
USC00314684,2014-02-25,TMAX,167
USR0000NHOF,2012-08-12,TMIN,200
USC00314689,2010-07-29,TMIN,244
USR0000NNWB,2015-11-05,TMAX,261
USR0000NNWB,2015-11-05,TMIN,194
USR0000NNWB,2009-02-05,TMIN,-78
USR0000NNWB,2009-02-05,TMAX,6
USR0000NNWB,2010-06-17,TMIN,228
USR0000NHOF,2012-08-12,TMAX,294
USC00310356,2008-03-08,TMAX,200
USC00310356,2009-04-21,TMIN,161
USW00013754,2008-07-15,TMAX,306
USW00093719,2010-07-02,TMIN,178
USC00310576,2005-09-23,TMIN,189
USC00310576,2005-09-23,TMAX,306
USR0000NNWB,2011-04-25,TMIN,178
USR0000NNWB,2011-04-25,TMAX,300
USC00310356,2015-09-02,TMAX,283
USC00314144,2007-10-22,TMIN,117
USC00315830,2014-04-27,TMIN,161
USC00314144,2007-10-22,TMAX,261
USC00315830,2014-09-22,TMAX,283
USC00314144,2011-01-07,TMIN,-39
USC00310356,2015-09-02,TMIN,233
USR0000NCRN,2006-05-09,TMIN,100
USR0000NCRN,2006-05-09,TMAX,206
USC00314689,2007-02-16,TMAX,44
USC00314689,2007-02-16,TMIN,-28
USC00315830,2014-09-22,TMIN,217
USC00316096,2011-04-23,TMAX,256
USC00316096,2011-04-23,TMIN,178
USR0000NNWB,2007-06-05,TMIN,217
USC00314684,2009-07-22,TMIN,189
USC00314689,2011-04-23,TMIN,156
USW00093719,2008-10-08,TMIN,100
USC00314684,2009-07-22,TMAX,294
USW00093765,2010-10-08,TMIN,128
USW00093765,2010-10-08,TMAX,244
USR0000NNWB,2006-09-14,TMAX,250
USC00314144,2008-03-28,TMAX,267
USC00316676,2011-01-18,TMIN,11
USC00310576,2014-12-26,TMAX,172
USW00093743,2008-10-20,TMIN,50
USW00093719,2008-10-08,TMAX,250
USC00316676,2011-01-18,TMAX,106
USC00314689,2009-01-01,TMIN,-39
USC00314689,2009-01-01,TMAX,111
USC00316676,2007-12-24,TMAX,228
USC00310576,2014-12-26,TMIN,22
USC00310356,2006-02-17,TMIN,0
USC00314144,2008-03-28,TMIN,150
USR0000NNWB,2006-09-14,TMIN,200
USC00310576,2012-05-10,TMIN,150
USW00093765,2005-08-17,TMAX,317
USC00310576,2012-05-10,TMAX,283
USC00314144,2007-11-23,TMIN,-39
USR0000NHOF,2009-06-16,TMAX,228
USC00314684,2015-02-17,TMAX,-11
USW00013754,2008-01-08,TMIN,67
USC00314689,2011-04-23,TMAX,272
USC00314684,2015-02-17,TMIN,-67
USC00316676,2015-07-07,TMAX,306
USC00316676,2015-07-07,TMIN,222
USR0000NCRN,2007-10-19,TMAX,289
USC00317170,2014-02-25,TMIN,11
USC00310576,2010-01-14,TMIN,-22
USC00310576,2010-01-14,TMAX,94
USC00317170,2014-02-25,TMAX,178
USR0000NHOF,2009-06-16,TMIN,183
USW00013754,2008-01-08,TMAX,228
USC00316676,2007-12-24,TMIN,56
USC00316676,2005-09-17,TMIN,222
USR0000NHOF,2008-06-16,TMAX,306
USR0000NHOF,2008-06-16,TMIN,178
USC00310356,2009-10-17,TMIN,100
USC00310356,2009-10-17,TMAX,150
USC00315830,2007-04-12,TMIN,161
USC00315830,2007-04-12,TMAX,261
USC00314689,2006-04-06,TMIN,28
USR0000NNWB,2011-01-15,TMAX,100
USC00317170,2012-08-28,TMAX,278
USC00317170,2012-08-28,TMIN,228
USC00315830,2014-09-12,TMIN,217
USR0000NHOF,2008-11-24,TMIN,-72
USR0000NHOF,2008-11-24,TMAX,144
USR0000NHOF,2013-01-06,TMIN,28
USR0000NHOF,2013-01-06,TMAX,78
USC00314689,2006-04-06,TMAX,233
USC00315830,2014-09-12,TMAX,289
USC00316676,2005-09-17,TMAX,311
USR0000NNWB,2011-01-15,TMIN,-50
USC00314144,2011-03-17,TMAX,206
USC00316676,2007-12-25,TMIN,17
USC00316676,2007-12-25,TMAX,156
USC00315830,2013-04-12,TMIN,183
USC00315830,2013-04-12,TMAX,244
USW00093743,2008-10-20,TMAX,183
USC00314689,2013-03-31,TMAX,217
USC00314689,2013-03-31,TMIN,89
USC00314144,2011-03-17,TMIN,28
USW00093743,2009-10-17,TMIN,83
USC00317170,2011-08-14,TMAX,333
USC00310356,2006-02-17,TMAX,183
USW00093743,2009-10-17,TMAX,161
USC00314689,2006-03-06,TMAX,133
USC00317170,2011-08-14,TMIN,222
USW00093765,2009-11-23,TMAX,200
USW00093765,2009-11-23,TMIN,144
USC00314689,2006-03-06,TMIN,44
USW00093765,2005-08-17,TMIN,239
USC00310356,2006-01-31,TMAX,150
USC00310356,2006-01-31,TMIN,83
USC00316096,2009-09-10,TMAX,228
USR0000NNWB,2009-02-15,TMIN,33
USR0000NNWB,2009-02-15,TMAX,111
USW00093743,2008-06-16,TMAX,272
USW00093743,2008-06-16,TMIN,200
USW00093719,2008-02-19,TMIN,6
USW00093719,2008-02-19,TMAX,139
USC00316676,2005-05-06,TMIN,106
USC00314689,2005-02-06,TMAX,161
USC00314689,2010-02-28,TMIN,6
USR0000NHOF,2015-09-02,TMAX,367
USC00314689,2011-05-13,TMAX,244
USR0000NCRN,2005-03-28,TMAX,211
USR0000NCRN,2005-03-28,TMIN,117
USC00315830,2010-08-02,TMIN,222
USC00315830,2010-08-02,TMAX,300
USC00314689,2010-02-28,TMAX,106
USC00315830,2015-03-19,TMIN,61
USC00316096,2009-09-10,TMIN,172
USW00093719,2012-06-08,TMAX,294
USW00093765,2012-08-28,TMAX,283
USW00093765,2012-08-28,TMIN,239
USC00310576,2015-05-22,TMIN,144
USC00310576,2015-05-22,TMAX,278
USR0000NNWB,2007-06-05,TMAX,322
USC00316676,2007-08-04,TMIN,206
USC00314689,2005-02-06,TMIN,17
USC00316676,2005-05-06,TMAX,200
USC00316676,2005-05-22,TMAX,289
USW00093765,2008-12-24,TMIN,39
USW00093719,2010-08-26,TMIN,200
USW00093719,2010-08-26,TMAX,317
USW00093719,2012-06-08,TMIN,144
USW00093719,2011-03-05,TMIN,50
USC00314689,2007-11-08,TMAX,122
USC00316676,2007-08-04,TMAX,306
USC00314689,2007-11-08,TMIN,6
USR0000NHOF,2015-09-02,TMIN,206
USC00315830,2015-03-19,TMAX,133
USC00314689,2014-02-17,TMAX,111
USW00093765,2005-02-23,TMIN,50
USC00314144,2009-10-28,TMAX,267
USC00314689,2015-08-01,TMAX,339
USC00315830,2012-03-09,TMAX,200
USW00093719,2007-09-17,TMIN,139
USR0000NCRN,2007-10-19,TMIN,233
USR0000NNWB,2009-07-18,TMAX,306
USC00314689,2011-05-13,TMIN,167
USR0000NNWB,2009-07-18,TMIN,217
USC00316096,2013-03-31,TMAX,178
USC00314144,2009-10-28,TMIN,117
USR0000NCRN,2012-09-02,TMIN,233
USC00316096,2013-03-31,TMIN,50
USC00314689,2009-03-20,TMAX,222
USR0000NCRN,2012-09-02,TMAX,328
USC00315830,2012-03-09,TMIN,106
USC00314689,2009-03-20,TMIN,67
USC00314689,2015-08-01,TMIN,217
USW00093765,2005-02-23,TMAX,133
USR0000NCRN,2010-04-14,TMAX,161
USR0000NNWB,2012-03-10,TMIN,11
USC00314689,2014-02-17,TMIN,-11
USR0000NCRN,2005-07-28,TMAX,361
USR0000NNWB,2012-03-10,TMAX,144
USR0000NCRN,2005-07-28,TMIN,256
USC00314689,2015-08-14,TMAX,317
USW00093719,2013-01-02,TMAX,117
USW00013754,2008-07-24,TMIN,217
USW00013754,2008-07-24,TMAX,283
USW00093719,2013-01-02,TMIN,50
USR0000NHOF,2009-10-17,TMIN,67
USR0000NHOF,2009-10-17,TMAX,144
USW00093719,2007-09-17,TMAX,261
USC00314689,2015-08-14,TMIN,194
USC00316676,2015-01-24,TMIN,67
USC00316676,2015-01-24,TMAX,189
USR0000NCRN,2010-04-14,TMIN,78
USC00310576,2011-12-04,TMAX,161
USW00093743,2010-05-19,TMAX,228
USC00310356,2012-11-15,TMIN,78
USC00314689,2009-12-19,TMIN,17
USW00093743,2013-02-17,TMAX,33
USC00315830,2014-02-25,TMIN,33
USC00315830,2014-02-25,TMAX,178
USR0000NCRN,2010-05-19,TMAX,222
USW00093743,2013-02-17,TMIN,-32
USW00093765,2010-03-22,TMAX,189
USW00093765,2010-03-22,TMIN,111
USC00315830,2010-05-16,TMAX,256
USC00315830,2010-01-08,TMAX,78
USC00314689,2009-11-10,TMIN,139
USW00093765,2008-06-01,TMAX,278
USW00093765,2008-06-01,TMIN,206
USC00316676,2013-09-27,TMIN,161
USC00315830,2010-05-16,TMIN,206
USW00093765,2007-01-02,TMIN,33
USC00316676,2013-09-27,TMAX,244
USC00315830,2010-01-08,TMIN,33
USW00093765,2007-01-02,TMAX,133
USC00314689,2009-11-10,TMAX,244
USR0000NCRN,2010-05-19,TMIN,139
USW00013754,2007-01-22,TMAX,167
USC00314684,2006-01-10,TMIN,44
USC00310356,2013-02-17,TMAX,117
USC00316676,2011-09-17,TMIN,161
USW00093765,2010-07-16,TMAX,306
USC00316676,2011-09-17,TMAX,194
USC00310356,2013-02-17,TMIN,-6
USC00314689,2011-07-02,TMIN,206
USC00310356,2007-09-12,TMAX,294
USC00315830,2007-03-25,TMIN,156
USR0000NNWB,2015-01-13,TMAX,144
USC00310576,2011-09-01,TMAX,283
USW00013754,2005-10-13,TMIN,161
USC00310576,2011-09-01,TMIN,139
USW00013754,2005-10-13,TMAX,183
USC00314689,2011-07-02,TMAX,328
USW00093765,2010-07-16,TMIN,267
USW00013754,2007-01-22,TMIN,44
USC00317170,2010-09-07,TMIN,161
USC00314684,2011-01-25,TMIN,-33
USC00314689,2011-12-07,TMAX,244
USC00316676,2008-06-04,TMIN,139
USW00093719,2006-08-02,TMIN,250
USC00316676,2008-06-04,TMAX,289
USR0000NHOF,2008-06-26,TMAX,322
USC00310576,2010-08-02,TMIN,200
USC00310576,2010-08-02,TMAX,306
USC00314689,2011-12-07,TMIN,144
USC00317170,2008-07-22,TMAX,367
USC00317170,2008-07-22,TMIN,222
USR0000NCRN,2015-04-24,TMAX,200
USR0000NCRN,2015-04-24,TMIN,89
USR0000NHOF,2008-06-26,TMIN,239
USC00314684,2009-07-18,TMAX,322
USC00314684,2009-07-18,TMIN,211
USC00314684,2005-06-26,TMAX,278
USC00314689,2009-06-05,TMAX,311
USC00317170,2010-09-07,TMAX,322
USW00093719,2006-08-02,TMAX,356
USC00315830,2006-04-03,TMIN,144
USR0000NNWB,2015-01-13,TMIN,17
USC00314684,2009-06-22,TMAX,317
USC00314144,2007-06-15,TMIN,94
USC00314144,2007-06-15,TMAX,239
USC00314684,2009-06-22,TMIN,189
USC00316096,2011-07-26,TMAX,278
USC00310356,2008-06-30,TMAX,289
USC00314689,2006-05-08,TMIN,106
USC00316096,2011-07-26,TMIN,239
USR0000NCRN,2005-09-18,TMIN,250
USR0000NHOF,2013-02-17,TMAX,28
USR0000NHOF,2013-02-17,TMIN,-50
USC00310356,2008-06-30,TMIN,256
USC00314684,2011-01-25,TMAX,61
USC00315830,2007-03-25,TMAX,222
USC00315830,2006-04-03,TMAX,233
USR0000NCRN,2005-09-18,TMAX,311
USC00314684,2005-06-26,TMIN,211
USR0000NCRN,2005-10-11,TMIN,206
USR0000NCRN,2005-10-11,TMAX,278
USC00314689,2009-04-11,TMIN,156
USC00317170,2007-08-05,TMIN,222
USC00310576,2014-04-27,TMIN,139
USW00093765,2009-01-13,TMIN,33
USC00310576,2014-04-27,TMAX,250
USC00314689,2009-04-11,TMAX,267
USC00314144,2007-07-06,TMAX,328
USW00093743,2007-09-12,TMAX,283
USC00316676,2011-02-21,TMAX,172
USW00093743,2008-09-13,TMIN,239
USW00093743,2008-09-13,TMAX,311
USC00316676,2011-02-21,TMIN,11
USC00310356,2009-02-25,TMAX,83
USC00317170,2009-03-01,TMAX,89
USC00314689,2007-12-11,TMIN,128
USC00317170,2009-03-01,TMIN,61
USW00093765,2009-01-13,TMAX,111
USR0000NNWB,2014-09-12,TMAX,306
USW00093743,2007-09-12,TMIN,228
USR0000NCRN,2005-02-03,TMIN,11
USC00310356,2009-02-25,TMIN,-22
USC00316676,2007-03-19,TMIN,-28
USR0000NHOF,2010-10-01,TMAX,200
USC00314684,2015-11-18,TMAX,194
USC00314144,2010-10-07,TMAX,256
USC00314144,2010-10-07,TMIN,67
USR0000NHOF,2010-10-01,TMIN,167
USC00317170,2007-08-05,TMAX,356
USR0000NCRN,2005-02-03,TMAX,78
USC00317170,2015-11-28,TMIN,89
USR0000NNWB,2007-01-22,TMIN,28
USR0000NNWB,2007-01-22,TMAX,78
USC00314684,2015-11-18,TMIN,39
USW00013754,2014-09-12,TMIN,233
USR0000NNWB,2015-08-15,TMIN,183
USC00310576,2011-09-30,TMIN,161
USW00013754,2014-09-12,TMAX,328
USR0000NCRN,2012-11-15,TMAX,139
USR0000NNWB,2014-09-12,TMIN,222
USR0000NHOF,2015-07-13,TMAX,267
USC00314144,2010-01-14,TMIN,-72
USC00314144,2010-01-14,TMAX,122
USC00310356,2005-03-28,TMAX,172
USC00316676,2011-09-10,TMIN,167
USC00310356,2005-03-28,TMIN,144
USR0000NCRN,2009-10-17,TMIN,117
USC00310356,2015-07-13,TMIN,222
USR0000NCRN,2012-05-10,TMAX,244
USC00310356,2007-09-12,TMIN,244
USC00314684,2006-01-10,TMAX,206
USC00316676,2006-07-05,TMAX,311
USC00316676,2006-07-05,TMIN,211
USR0000NCRN,2009-10-17,TMAX,139
USC00310576,2015-09-25,TMAX,244
USR0000NCRN,2012-11-15,TMIN,72
USC00310576,2015-09-25,TMIN,206
USC00310356,2015-07-13,TMAX,306
USR0000NHOF,2015-07-13,TMIN,200
USC00316676,2011-09-10,TMAX,294
USR0000NNWB,2015-08-15,TMAX,317
USR0000NNWB,2008-01-15,TMAX,83
USW00093719,2006-05-01,TMAX,178
USW00093719,2006-05-01,TMIN,61
USR0000NNWB,2011-07-05,TMIN,239
USR0000NNWB,2008-01-15,TMIN,-33
USR0000NNWB,2011-07-05,TMAX,339
USC00316676,2013-07-25,TMAX,322
USC00310356,2008-09-13,TMAX,328
USC00316676,2013-07-25,TMIN,217
USC00314689,2007-12-11,TMAX,250
USC00310576,2011-09-30,TMAX,283
USC00314144,2007-07-06,TMIN,183
USC00314689,2009-06-05,TMIN,211
USC00310356,2008-09-13,TMIN,233
USC00316096,2011-08-08,TMIN,244
USR0000NCRN,2012-05-10,TMIN,106
USC00316096,2011-08-08,TMAX,361
USC00310576,2007-12-07,TMIN,11
USC00316676,2013-09-21,TMAX,261
USC00316676,2013-09-21,TMIN,156
USC00317170,2011-04-08,TMAX,272
USC00317170,2011-04-08,TMIN,111
USC00316676,2013-01-17,TMAX,256
USR0000NNWB,2009-10-29,TMIN,122
USR0000NNWB,2009-10-29,TMAX,189
USW00093765,2006-05-01,TMAX,178
USR0000NHOF,2015-11-06,TMAX,283
USW00093719,2005-08-07,TMAX,306
USC00316676,2009-01-28,TMAX,133
USC00316676,2013-01-17,TMIN,106
USR0000NNWB,2011-02-26,TMAX,161
USC00310576,2012-08-12,TMAX,283
USC00310356,2009-01-12,TMAX,139
USR0000NNWB,2011-02-26,TMIN,44
USC00316676,2013-04-11,TMIN,156
USC00316676,2013-04-11,TMAX,306
USW00093765,2006-05-01,TMIN,100
USC00310356,2006-07-12,TMIN,217
USW00093719,2005-08-07,TMIN,217
USC00314684,2006-05-08,TMIN,106
USR0000NCRN,2015-07-08,TMAX,300
USR0000NCRN,2015-07-08,TMIN,256
USC00314684,2005-11-14,TMIN,33
USC00317170,2007-07-02,TMIN,167
USC00317170,2007-07-02,TMAX,272
USC00310576,2005-05-10,TMIN,89
USR0000NNWB,2007-05-09,TMAX,267
USC00314684,2006-05-08,TMAX,222
USR0000NNWB,2007-05-09,TMIN,172
USC00316096,2012-08-28,TMAX,278
USC00316096,2012-08-28,TMIN,228
USC00314144,2007-10-14,TMIN,28
USR0000NHOF,2015-11-06,TMIN,183
USR0000NHOF,2006-07-12,TMAX,306
USC00314144,2007-10-14,TMAX,256
USC00310576,2005-05-10,TMAX,217
USR0000NHOF,2006-07-12,TMIN,183
USC00314684,2005-11-14,TMAX,239
USC00310576,2012-08-12,TMIN,211
USR0000NCRN,2012-02-18,TMIN,44
USC00314689,2006-01-10,TMAX,194
USC00314689,2006-01-10,TMIN,67
USC00310356,2015-11-03,TMIN,178
USR0000NHOF,2011-08-16,TMIN,161
USC00314689,2015-12-12,TMAX,244
USC00314144,2006-01-31,TMIN,33
USW00093743,2009-01-12,TMAX,94
USR0000NNWB,2006-12-31,TMIN,111
USC00314689,2015-12-12,TMIN,117
USR0000NHOF,2008-07-01,TMIN,133
USR0000NHOF,2008-07-01,TMAX,283
USW00093765,2006-08-21,TMAX,300
USC00314144,2006-01-31,TMAX,139
USW00093743,2009-01-12,TMIN,28
USR0000NHOF,2011-08-16,TMAX,306
USW00093765,2006-08-21,TMIN,250
USR0000NHOF,2012-06-29,TMIN,222
USC00310356,2009-01-12,TMIN,39
USR0000NNWB,2006-12-31,TMAX,194
USR0000NCRN,2014-04-22,TMIN,61
USC00310356,2006-07-12,TMAX,272
USC00310356,2015-11-03,TMAX,250
USC00310356,2013-11-01,TMAX,228
USC00317170,2008-06-17,TMIN,233
USC00317170,2008-06-17,TMAX,333
USC00314144,2008-12-04,TMIN,-50
USW00013754,2005-08-17,TMIN,233
USC00310356,2013-11-01,TMIN,183
USW00013754,2005-08-17,TMAX,311
USC00316676,2009-01-28,TMIN,44
USR0000NCRN,2014-04-22,TMAX,228
USR0000NHOF,2007-04-21,TMIN,-6
USC00314689,2010-10-22,TMAX,250
USC00314689,2010-10-22,TMIN,83
USC00314144,2008-12-04,TMAX,172
USR0000NHOF,2007-04-21,TMAX,244
USR0000NCRN,2012-02-18,TMAX,183
USC00314144,2010-09-07,TMIN,139
USR0000NCRN,2015-09-14,TMIN,106
USC00317170,2008-06-01,TMIN,222
USW00013754,2006-12-31,TMIN,100
USC00314684,2013-01-02,TMAX,128
USC00317170,2009-02-19,TMAX,194
USC00317170,2009-02-19,TMIN,72
USR0000NCRN,2015-10-19,TMAX,156
USR0000NCRN,2015-10-19,TMIN,28
USW00093743,2008-06-30,TMIN,217
USC00310576,2012-10-16,TMIN,117
USC00314684,2013-01-02,TMIN,83
USW00093743,2009-05-29,TMAX,278
USC00316676,2012-09-01,TMIN,200
USC00316676,2012-09-01,TMAX,311
USC00316096,2009-09-09,TMAX,261
USW00093719,2014-09-12,TMAX,322
USC00316096,2009-09-09,TMIN,178
USC00316096,2015-12-12,TMIN,111
USC00316096,2015-12-12,TMAX,233
USC00314684,2005-07-11,TMAX,322
USC00310576,2012-10-16,TMAX,267
USC00315830,2014-11-23,TMAX,144
USR0000NCRN,2009-10-28,TMAX,272
USW00093743,2009-05-29,TMIN,200
USR0000NNWB,2012-12-10,TMIN,167
USC00310576,2007-12-07,TMAX,78
USC00315830,2008-07-16,TMIN,228
USR0000NNWB,2012-12-10,TMAX,233
USW00093743,2008-06-30,TMAX,250
USW00013754,2006-12-31,TMAX,194
USC00315830,2014-11-23,TMIN,44
USW00093719,2009-09-20,TMIN,178
USC00316096,2010-10-22,TMIN,61
USW00013754,2010-06-22,TMAX,339
USC00315830,2008-07-16,TMAX,311
USW00093719,2009-09-20,TMAX,267
USW00093765,2012-05-02,TMAX,261
USW00093765,2012-05-02,TMIN,211
USC00316096,2010-10-22,TMAX,200
USW00093719,2014-09-12,TMIN,233
USW00013754,2010-06-22,TMIN,239
USC00316096,2010-05-05,TMAX,267
USC00317170,2012-05-02,TMAX,322
USC00317170,2012-05-02,TMIN,183
USC00316676,2014-09-21,TMIN,200
USC00316676,2014-09-21,TMAX,250
USC00314684,2005-02-23,TMAX,167
USR0000NCRN,2005-06-05,TMIN,211
USC00314684,2005-02-23,TMIN,72
USC00316096,2011-12-07,TMAX,222
USC00316096,2010-05-05,TMIN,172
USC00310356,2009-05-29,TMAX,261
USC00314144,2010-09-07,TMAX,317
USW00093743,2013-11-21,TMAX,200
USR0000NCRN,2005-06-05,TMAX,306
USR0000NCRN,2009-04-21,TMAX,217
USC00317170,2008-06-01,TMAX,344
USR0000NCRN,2015-09-14,TMAX,256
USC00315830,2015-04-08,TMIN,139
USC00316096,2011-12-07,TMIN,111
USC00310356,2009-05-29,TMIN,211
USR0000NCRN,2009-04-21,TMIN,150
USR0000NHOF,2005-11-28,TMIN,167
USC00314684,2005-07-11,TMIN,194
USR0000NHOF,2005-11-28,TMAX,222
USR0000NCRN,2005-09-23,TMIN,200
USW00093719,2010-10-08,TMIN,111
USR0000NCRN,2005-09-23,TMAX,322
USW00093719,2010-10-08,TMAX,250
USC00314689,2007-09-11,TMAX,350
USC00314689,2007-09-11,TMIN,233
USC00316676,2014-02-17,TMAX,133
USW00093743,2013-11-21,TMIN,106
USC00310576,2007-11-13,TMAX,194
USC00310576,2007-11-13,TMIN,17
USW00013754,2011-07-05,TMIN,244
USW00013754,2011-07-05,TMAX,328
USC00315830,2015-04-08,TMAX,217
USC00316676,2014-02-17,TMIN,17
USC00314689,2015-11-13,TMIN,100
USW00093719,2012-05-02,TMIN,189
USW00093719,2012-05-02,TMAX,328
USR0000NCRN,2015-09-28,TMAX,261
USC00316096,2013-07-25,TMIN,222
USC00316676,2014-08-06,TMAX,289
USC00316676,2014-08-06,TMIN,200
USC00314684,2011-03-24,TMIN,89
USW00093743,2013-08-08,TMIN,283
USC00310356,2012-10-16,TMAX,256
USC00310356,2012-10-16,TMIN,133
USC00316096,2013-07-25,TMAX,294
USW00093743,2013-08-08,TMAX,328
USC00316676,2008-02-03,TMIN,6
USW00093743,2012-05-10,TMIN,117
USC00314144,2009-05-06,TMAX,267
USC00314684,2011-03-24,TMAX,311
USC00314144,2010-04-14,TMIN,17
USC00310356,2013-08-08,TMIN,244
USC00314144,2010-04-14,TMAX,161
USC00316676,2008-02-03,TMAX,178
USC00310576,2008-10-23,TMAX,161
USC00310576,2013-02-22,TMIN,-6
USW00093765,2011-04-08,TMIN,128
USC00314684,2011-07-02,TMAX,328
USR0000NCRN,2014-09-22,TMIN,194
USR0000NCRN,2014-09-22,TMAX,267
USR0000NNWB,2007-05-20,TMIN,111
USR0000NNWB,2007-05-20,TMAX,278
USC00315830,2014-06-07,TMIN,206
USC00314684,2011-07-02,TMIN,194
USC00310576,2010-11-28,TMAX,122
USR0000NHOF,2012-05-10,TMIN,83
USW00093765,2011-04-08,TMAX,233
USC00317170,2010-12-30,TMIN,-11
USC00317170,2010-12-30,TMAX,100
USC00316676,2009-10-13,TMIN,139
USC00310576,2008-10-23,TMIN,39
USR0000NHOF,2012-05-10,TMAX,244
USC00310576,2010-11-28,TMIN,6
USC00316676,2009-10-13,TMAX,183
USR0000NCRN,2015-02-21,TMAX,139
USW00093743,2012-10-16,TMAX,206
USC00314144,2009-05-06,TMIN,206
USR0000NNWB,2008-07-10,TMAX,322
USR0000NCRN,2015-05-22,TMIN,111
USC00310356,2012-05-10,TMIN,161
USR0000NCRN,2015-05-22,TMAX,233
USC00310356,2012-05-10,TMAX,261
USR0000NHOF,2011-04-10,TMIN,122
USW00013754,2013-01-19,TMIN,11
USC00314689,2013-07-25,TMIN,211
USR0000NHOF,2011-04-10,TMAX,228
USW00013754,2013-01-19,TMAX,161
USR0000NHOF,2009-08-05,TMAX,311
USR0000NHOF,2009-08-05,TMIN,211
USC00310576,2012-10-22,TMAX,211
USC00314684,2015-12-12,TMAX,228
USW00013754,2014-07-13,TMIN,211
USW00013754,2014-07-13,TMAX,306
USC00310576,2012-10-22,TMIN,50
USC00310576,2007-02-18,TMIN,-17
USC00314689,2013-07-25,TMAX,328
USR0000NHOF,2012-10-16,TMIN,61
USC00310356,2013-08-08,TMAX,300
USC00310576,2007-02-18,TMAX,117
USW00093743,2012-10-16,TMIN,94
USC00317170,2009-07-22,TMIN,200
USC00315830,2009-06-24,TMIN,217
USC00315830,2009-06-24,TMAX,283
USW00093743,2012-05-10,TMAX,244
USC00310356,2010-11-20,TMIN,78
USC00317170,2007-09-25,TMAX,294
USC00314684,2008-04-21,TMIN,111
USC00310576,2013-02-22,TMAX,133
USC00317170,2009-07-22,TMAX,311
USC00314684,2007-07-12,TMAX,339
USR0000NHOF,2012-10-16,TMAX,200
USC00316676,2006-12-12,TMAX,189
USC00316676,2006-12-12,TMIN,-11
USC00314684,2008-04-21,TMAX,250
USC00310576,2006-07-12,TMAX,311
USC00310576,2006-07-12,TMIN,222
USR0000NCRN,2015-02-21,TMIN,-89
USR0000NCRN,2014-06-09,TMIN,228
USW00093719,2012-02-11,TMAX,106
USW00093765,2008-08-12,TMIN,183
USC00310356,2015-09-28,TMIN,217
USR0000NCRN,2014-06-09,TMAX,267
USC00317170,2012-07-09,TMIN,256
USC00310576,2012-11-12,TMIN,44
USC00310356,2005-12-08,TMAX,83
USC00310356,2015-09-28,TMAX,272
USC00310576,2011-07-16,TMIN,156
USC00310576,2011-07-16,TMAX,283
USC00315830,2008-11-11,TMIN,50
USW00093719,2007-11-04,TMIN,22
USC00317170,2012-07-09,TMAX,367
USC00315830,2008-11-11,TMAX,161
USW00093743,2010-01-14,TMIN,-43
USW00093719,2012-02-11,TMIN,-17
USW00093743,2010-01-14,TMAX,100
USW00093765,2005-11-15,TMAX,228
USC00310356,2010-05-19,TMAX,261
USW00093743,2009-08-05,TMAX,300
USW00093743,2009-08-05,TMIN,256
USC00310356,2012-11-15,TMAX,117
USW00013754,2014-02-25,TMAX,194
USW00093765,2008-08-12,TMAX,283
USR0000NHOF,2009-08-17,TMAX,311
USC00310576,2012-11-12,TMAX,233
USR0000NNWB,2015-08-22,TMAX,317
USC00314689,2009-12-19,TMAX,78
USC00310576,2005-02-03,TMIN,-11
USC00310576,2005-02-03,TMAX,106
USW00093765,2005-11-15,TMIN,139
USR0000NNWB,2015-08-22,TMIN,222
USC00314144,2005-12-11,TMIN,33
USC00314144,2005-12-11,TMAX,139
USC00310356,2010-05-19,TMIN,172
USR0000NHOF,2009-08-17,TMIN,200
USC00316096,2009-11-10,TMAX,239
USC00314684,2013-07-25,TMAX,344
USC00315830,2014-12-07,TMIN,72
USW00093743,2010-11-20,TMIN,22
USW00093743,2010-11-20,TMAX,183
USR0000NNWB,2010-11-07,TMIN,17
USC00314689,2006-11-21,TMIN,44
USC00310576,2009-04-30,TMAX,283
USC00315830,2014-06-07,TMAX,267
USR0000NNWB,2010-11-07,TMAX,128
USW00093719,2005-08-17,TMIN,228
USW00093719,2005-08-17,TMAX,311
USR0000NHOF,2009-08-23,TMIN,206
USR0000NHOF,2009-08-23,TMAX,294
USC00310356,2006-01-29,TMAX,122
USW00093719,2007-11-04,TMAX,200
USW00093765,2009-07-18,TMAX,283
USW00093765,2009-07-18,TMIN,217
USC00310356,2006-01-29,TMIN,-6
USC00316096,2009-11-10,TMIN,122
USC00314689,2006-11-21,TMAX,111
USR0000NHOF,2007-09-12,TMAX,267
USW00093719,2005-10-13,TMAX,183
USC00310356,2008-06-26,TMAX,300
USC00314684,2013-07-25,TMIN,211
USC00314684,2015-08-01,TMIN,211
USC00310356,2008-06-26,TMIN,194
USC00310356,2010-01-14,TMIN,-28
USC00310356,2010-01-14,TMAX,72
USC00314684,2015-08-01,TMAX,339
USR0000NHOF,2007-09-12,TMIN,211
USW00093719,2009-10-29,TMIN,117
USW00093719,2009-10-29,TMAX,189
USC00315830,2014-08-11,TMIN,211
USW00093719,2008-06-01,TMAX,339
USC00315830,2014-08-11,TMAX,294
USW00093719,2008-06-01,TMIN,200
USC00317170,2013-01-02,TMAX,117
USC00317170,2013-01-02,TMIN,61
USW00093719,2005-10-13,TMIN,156
USC00314684,2015-12-12,TMIN,100
USC00315830,2006-10-15,TMIN,44
USC00314684,2007-07-12,TMIN,217
USW00093743,2013-04-12,TMIN,172
USR0000NHOF,2006-01-29,TMAX,183
USR0000NHOF,2006-01-29,TMIN,-11
USR0000NCRN,2013-08-08,TMIN,233
USR0000NCRN,2013-08-08,TMAX,306
USR0000NCRN,2007-08-09,TMIN,283
USC00316096,2009-12-19,TMIN,-11
USC00316096,2009-12-19,TMAX,150
USR0000NCRN,2010-01-14,TMAX,111
USC00314684,2006-04-06,TMIN,28
USC00315830,2010-08-21,TMAX,311
USC00315830,2010-08-21,TMIN,233
USC00310356,2006-11-13,TMIN,89
USC00310356,2006-11-13,TMAX,189
USC00310356,2011-04-10,TMAX,200
USR0000NCRN,2013-11-17,TMAX,244
USW00013754,2015-08-22,TMIN,222
USC00314684,2006-04-06,TMAX,211
USW00013754,2015-08-22,TMAX,317
USR0000NCRN,2010-01-14,TMIN,-56
USR0000NCRN,2011-03-17,TMAX,200
USR0000NCRN,2013-04-12,TMIN,183
USR0000NCRN,2013-04-12,TMAX,217
USW00093765,2011-01-06,TMIN,-16
USC00310356,2011-04-10,TMIN,117
USC00316676,2010-02-28,TMAX,122
USC00316676,2010-02-28,TMIN,-11
USR0000NNWB,2015-01-14,TMAX,33
USR0000NNWB,2006-03-15,TMAX,161
USC00316676,2006-10-11,TMAX,256
USW00093743,2008-06-26,TMIN,222
USC00316676,2006-10-11,TMIN,144
USR0000NNWB,2006-03-15,TMIN,44
USW00093765,2012-07-09,TMIN,283
USC00316676,2013-03-31,TMAX,189
USC00316676,2013-03-31,TMIN,72
USW00093765,2012-07-09,TMAX,322
USW00093743,2008-06-26,TMAX,261
USR0000NHOF,2010-11-19,TMIN,-11
USR0000NNWB,2010-11-27,TMIN,0
USR0000NHOF,2009-05-29,TMIN,183
USC00315830,2011-12-19,TMIN,-17
USW00093765,2009-07-22,TMAX,289
USR0000NCRN,2008-03-08,TMIN,56
USR0000NCRN,2008-03-08,TMAX,206
USC00316676,2007-03-19,TMAX,117
USC00314144,2008-03-20,TMAX,189
USC00316096,2011-07-02,TMAX,306
USW00093765,2009-07-22,TMIN,217
USC00316096,2011-07-02,TMIN,189
USC00314689,2015-11-13,TMAX,250
USR0000NHOF,2008-09-13,TMIN,194
USR0000NNWB,2010-04-12,TMAX,261
USR0000NHOF,2008-09-13,TMAX,322
USR0000NNWB,2010-04-12,TMIN,83
USR0000NCRN,2015-09-28,TMIN,228
USC00317170,2015-11-28,TMAX,217
USC00314144,2008-03-20,TMIN,-6
USR0000NCRN,2013-11-17,TMIN,133
USC00314684,2012-08-28,TMIN,211
USR0000NCRN,2005-03-08,TMAX,167
USR0000NCRN,2007-08-09,TMAX,339
USW00093765,2008-12-09,TMAX,183
USW00093765,2008-12-09,TMIN,0
USR0000NHOF,2009-05-29,TMAX,300
USC00314684,2006-03-06,TMIN,6
USR0000NCRN,2005-03-08,TMIN,17
USW00013754,2005-08-06,TMAX,317
USC00315830,2011-12-19,TMAX,139
USR0000NCRN,2011-03-17,TMIN,67
USC00314684,2006-03-06,TMAX,144
USW00013754,2005-08-06,TMIN,222
USC00314684,2012-08-28,TMAX,311
USC00314144,2005-09-18,TMAX,350
USC00314144,2005-09-18,TMIN,217
USW00093719,2012-12-08,TMIN,117
USC00316676,2011-03-29,TMIN,0
USW00093719,2012-12-08,TMAX,206
USR0000NHOF,2010-11-19,TMAX,156
USC00316676,2011-03-29,TMAX,94
USC00314689,2008-12-18,TMAX,206
USW00093719,2007-01-22,TMAX,106
USW00093743,2009-08-23,TMAX,289
USR0000NHOF,2006-11-13,TMAX,156
USC00314144,2011-01-02,TMIN,72
USW00013754,2015-01-13,TMAX,156
USC00314689,2007-05-11,TMIN,156
USW00013754,2015-01-13,TMIN,28
USW00093719,2007-01-22,TMIN,28
USC00317170,2009-07-18,TMAX,306
USW00093743,2009-02-25,TMIN,-43
USC00314689,2007-05-11,TMAX,294
USW00093765,2007-07-20,TMAX,306
USR0000NNWB,2006-05-01,TMAX,183
USR0000NNWB,2006-05-01,TMIN,56
USW00013754,2012-05-02,TMAX,311
USW00013754,2012-05-02,TMIN,189
USC00317170,2009-07-18,TMIN,217
USC00317170,2011-06-05,TMIN,200
USR0000NHOF,2006-11-13,TMIN,67
USW00093765,2007-07-20,TMIN,222
USW00093743,2013-04-12,TMAX,222
USW00093743,2010-10-01,TMAX,183
USC00310356,2013-04-12,TMIN,161
USC00310356,2013-04-12,TMAX,211
USC00316676,2011-05-13,TMIN,139
USC00310356,2010-11-20,TMAX,172
USW00093743,2010-10-01,TMIN,167
USR0000NCRN,2013-02-17,TMIN,-44
USR0000NNWB,2015-01-22,TMIN,0
USC00310576,2009-04-30,TMIN,161
USR0000NCRN,2013-02-17,TMAX,33
USC00317170,2007-09-25,TMIN,156
USW00013754,2007-09-21,TMAX,267
USW00013754,2007-09-21,TMIN,211
USC00314144,2011-01-02,TMAX,189
USW00093743,2009-08-23,TMIN,228
USR0000NNWB,2008-07-10,TMIN,222
USC00315830,2015-09-15,TMIN,122
USR0000NNWB,2007-08-17,TMIN,250
USC00316676,2011-05-13,TMAX,233
USW00093719,2006-11-10,TMIN,89
USC00314144,2011-01-31,TMAX,83
USC00310356,2009-08-23,TMIN,239
USC00316676,2011-11-02,TMIN,33
USC00316676,2011-11-02,TMAX,156
USC00310356,2009-08-23,TMAX,300
USR0000NNWB,2012-05-02,TMAX,333
USC00317170,2011-06-05,TMAX,300
USR0000NNWB,2012-05-02,TMIN,189
USR0000NNWB,2006-08-22,TMAX,306
USW00093765,2012-01-28,TMAX,167
USW00093765,2011-01-06,TMAX,89
USC00316676,2012-07-26,TMAX,300
USR0000NCRN,2013-01-06,TMIN,22
USR0000NCRN,2013-01-06,TMAX,89
USC00314689,2008-12-18,TMIN,83
USC00316676,2012-07-26,TMIN,222
USW00093719,2009-03-18,TMIN,33
USW00093719,2006-11-10,TMAX,239
USW00093719,2009-03-18,TMAX,183
USC00316096,2010-12-25,TMAX,94
USC00314684,2009-03-20,TMIN,50
USC00316096,2010-12-25,TMIN,-61
USC00314684,2009-03-20,TMAX,233
USW00093743,2011-04-10,TMIN,133
USC00315830,2015-09-15,TMAX,250
USW00093743,2009-02-25,TMAX,106
USR0000NNWB,2007-08-17,TMAX,322
USW00093743,2011-04-10,TMAX,228
USR0000NNWB,2015-01-14,TMIN,6
USR0000NCRN,2010-06-08,TMAX,278
USR0000NCRN,2010-06-08,TMIN,161
USC00314144,2011-01-31,TMIN,33
USW00093765,2012-01-28,TMIN,28
USC00314684,2012-01-26,TMAX,189
USC00314684,2012-01-26,TMIN,28
USR0000NNWB,2006-08-22,TMIN,228
USR0000NNWB,2015-01-22,TMAX,167
USR0000NCRN,2007-07-06,TMAX,311
USW00013754,2010-04-28,TMIN,67
USC00315830,2012-02-29,TMAX,217
USC00316096,2012-07-25,TMIN,222
USC00316676,2013-02-17,TMIN,11
USW00093719,2008-01-08,TMAX,239
USW00093765,2007-10-27,TMIN,189
USC00316096,2012-12-08,TMIN,128
USC00314144,2008-09-11,TMAX,294
USC00310576,2014-02-24,TMIN,39
USC00316676,2013-02-17,TMAX,117
USW00093719,2008-01-08,TMIN,61
USC00314144,2008-09-11,TMIN,206
USC00310356,2005-03-17,TMIN,50
USC00310356,2005-03-17,TMAX,89
USC00314684,2015-07-12,TMIN,222
USC00314144,2010-07-18,TMIN,222
USC00314684,2015-07-12,TMAX,361
USC00314144,2010-07-18,TMAX,300
USC00310576,2014-02-24,TMAX,194
USC00314684,2006-05-07,TMIN,150
USC00316096,2012-12-08,TMAX,200
USC00310576,2012-06-28,TMAX,289
USC00316676,2006-10-14,TMIN,44
USC00316676,2007-11-13,TMIN,11
USW00093719,2008-01-14,TMIN,11
USW00093719,2008-01-14,TMAX,128
USC00316676,2006-10-14,TMAX,178
USC00316096,2012-07-25,TMAX,311
USC00316676,2007-11-13,TMAX,200
USC00310576,2012-06-28,TMIN,128
USC00317170,2010-11-27,TMAX,156
USW00093719,2014-09-20,TMAX,261
USC00317170,2010-11-27,TMIN,28
USR0000NCRN,2012-10-17,TMAX,200
USR0000NCRN,2012-10-17,TMIN,67
USW00093765,2007-10-27,TMAX,250
USW00013754,2012-08-12,TMAX,283
USW00013754,2012-08-12,TMIN,222
USW00093719,2014-09-20,TMIN,189
USW00093719,2008-10-31,TMIN,-17
USC00315830,2015-10-19,TMAX,144
USC00314684,2006-05-07,TMAX,278
USR0000NNWB,2009-04-11,TMIN,106
USR0000NNWB,2009-04-11,TMAX,228
USC00314689,2011-02-11,TMIN,17
USC00316676,2013-04-01,TMAX,244
USC00316676,2013-04-01,TMIN,100
USW00013754,2015-03-04,TMIN,150
USC00314689,2011-02-11,TMAX,106
USC00314684,2007-08-02,TMIN,172
USR0000NNWB,2014-09-20,TMIN,183
USC00316676,2006-08-30,TMIN,233
USC00316676,2005-07-11,TMAX,322
USC00316676,2006-08-30,TMAX,333
USR0000NNWB,2015-04-26,TMIN,94
USC00316676,2012-06-07,TMIN,106
USC00316676,2005-07-11,TMIN,217
USW00093719,2005-12-10,TMIN,-28
USR0000NNWB,2014-09-20,TMAX,256
USC00315830,2015-10-19,TMIN,56
USC00316096,2014-07-01,TMAX,294
USW00013754,2011-12-19,TMIN,-32
USC00310576,2005-03-10,TMIN,-22
USC00310576,2005-03-10,TMAX,111
USW00093765,2011-06-02,TMIN,256
USW00093765,2008-06-04,TMIN,228
USW00093765,2008-06-04,TMAX,278
USC00314689,2010-08-01,TMIN,200
USC00314689,2010-08-01,TMAX,278
USC00316096,2014-07-01,TMIN,183
USC00314684,2007-08-02,TMAX,317
USC00315830,2013-04-10,TMAX,239
USW00013754,2015-03-04,TMAX,239
USC00314684,2012-05-03,TMAX,328
USC00314689,2012-10-21,TMIN,94
USC00314684,2012-05-03,TMIN,194
USC00314689,2012-10-21,TMAX,233
USW00013754,2011-12-19,TMAX,144
USC00315830,2013-04-10,TMIN,161
USW00093719,2005-12-10,TMAX,111
USR0000NCRN,2007-09-08,TMIN,167
USW00093719,2008-10-31,TMAX,172
USR0000NCRN,2015-08-21,TMAX,322
USW00093765,2014-05-17,TMAX,233
USW00013754,2005-04-10,TMIN,72
USR0000NCRN,2015-08-21,TMIN,233
USW00013754,2005-04-10,TMAX,217
USC00317170,2010-12-06,TMAX,67
USR0000NCRN,2011-01-12,TMAX,39
USC00310576,2013-12-21,TMIN,39
USR0000NCRN,2011-01-12,TMIN,-11
USC00317170,2010-03-01,TMAX,139
USC00317170,2010-03-01,TMIN,22
USC00316096,2015-03-31,TMAX,189
USR0000NHOF,2011-07-03,TMAX,322
USC00310576,2015-05-21,TMIN,200
USC00310576,2015-05-21,TMAX,278
USR0000NHOF,2011-07-03,TMIN,200
USC00317170,2008-08-26,TMAX,306
USW00093765,2009-11-11,TMIN,167
USW00093765,2009-09-10,TMAX,250
USW00093743,2011-07-03,TMIN,244
USW00093765,2014-09-20,TMIN,211
USC00314144,2011-03-03,TMIN,-17
USW00093765,2011-06-02,TMAX,328
USW00093765,2014-09-20,TMAX,250
USR0000NNWB,2008-08-23,TMAX,311
USR0000NNWB,2008-08-23,TMIN,206
USW00093719,2013-11-20,TMIN,56
USR0000NNWB,2006-09-29,TMAX,222
USW00093765,2009-09-10,TMIN,183
USR0000NNWB,2006-09-29,TMIN,111
USC00310576,2009-07-19,TMAX,311
USW00093719,2013-11-20,TMAX,156
USC00310576,2009-07-19,TMIN,228
USW00093765,2014-05-17,TMIN,128
USW00093719,2006-03-14,TMIN,106
USW00093743,2011-07-03,TMAX,300
USC00316676,2009-11-06,TMIN,17
USC00317170,2014-08-07,TMIN,200
USW00093765,2009-11-11,TMAX,189
USC00316096,2015-03-31,TMIN,22
USC00315830,2009-03-20,TMIN,89
USC00315830,2009-03-20,TMAX,194
USC00316676,2014-11-19,TMAX,89
USC00316676,2014-11-19,TMIN,-33
USC00316676,2008-09-02,TMIN,139
USC00316676,2008-09-02,TMAX,294
USC00315830,2005-11-02,TMAX,222
USC00315830,2010-06-08,TMIN,189
USC00315830,2015-03-18,TMIN,72
USC00314684,2007-11-24,TMIN,-50
USW00093765,2012-11-14,TMIN,78
USC00314684,2010-05-18,TMIN,150
USR0000NCRN,2007-09-08,TMAX,300
USC00314684,2010-05-18,TMAX,244
USC00317170,2014-08-07,TMAX,294
USW00093765,2012-11-14,TMAX,117
USC00315830,2005-11-02,TMIN,83
USC00310576,2007-12-02,TMIN,17
USC00310576,2010-01-13,TMAX,94
USC00315830,2009-02-05,TMAX,133
USC00310576,2007-12-02,TMAX,144
USC00317170,2008-08-26,TMIN,228
USC00315830,2010-12-28,TMIN,-44
USC00310576,2013-12-21,TMAX,206
USR0000NNWB,2010-03-24,TMIN,56
USC00315830,2015-03-18,TMAX,206
USR0000NNWB,2010-03-24,TMAX,244
USC00310576,2010-01-13,TMIN,-17
USC00315830,2010-12-28,TMAX,78
USC00314689,2014-07-01,TMIN,194
USC00314689,2014-07-01,TMAX,317
USC00314684,2007-11-24,TMAX,94
USC00314684,2011-12-20,TMIN,-39
USC00314684,2011-12-20,TMAX,150
USC00315830,2010-06-08,TMAX,289
USC00315830,2009-02-05,TMIN,-50
USC00317170,2010-12-06,TMIN,6
USC00316676,2012-06-07,TMAX,233
USR0000NNWB,2015-04-26,TMAX,144
USC00314689,2013-02-21,TMIN,-28
USC00314689,2012-12-08,TMIN,128
USC00316096,2015-01-22,TMIN,17
USC00314689,2010-12-17,TMAX,78
USC00310356,2008-06-02,TMAX,261
USC00310356,2008-06-02,TMIN,189
USR0000NHOF,2007-07-19,TMAX,339
USR0000NHOF,2007-07-19,TMIN,244
USC00314689,2012-12-08,TMAX,189
USR0000NCRN,2015-04-02,TMIN,11
USC00315830,2008-05-05,TMIN,178
USC00315830,2008-05-05,TMAX,239
USC00316676,2007-11-29,TMIN,22
USW00093743,2008-06-02,TMAX,289
USC00316676,2007-11-29,TMAX,156
USC00316676,2007-06-13,TMAX,289
USC00316676,2006-02-16,TMIN,33
USR0000NCRN,2015-04-02,TMAX,200
USC00316676,2006-02-16,TMAX,194
USW00093765,2007-10-09,TMIN,228
USW00093719,2009-08-31,TMIN,200
USR0000NHOF,2005-10-13,TMAX,211
USC00314684,2007-10-25,TMIN,206
USW00013754,2015-04-26,TMIN,106
USC00316676,2013-08-06,TMIN,167
USW00013754,2015-04-26,TMAX,167
USC00310576,2013-01-03,TMIN,56
USC00316676,2013-08-06,TMAX,283
USC00314689,2010-12-17,TMIN,-61
USW00093719,2009-08-31,TMAX,244
USC00316096,2015-01-22,TMAX,156
USC00315830,2014-09-13,TMAX,306
USC00315830,2014-09-13,TMIN,222
USR0000NHOF,2008-11-11,TMAX,156
USC00316676,2015-08-14,TMAX,300
USC00316676,2015-08-14,TMIN,189
USW00093765,2007-10-09,TMAX,294
USR0000NHOF,2008-11-11,TMIN,-28
USC00314689,2012-05-03,TMIN,206
USW00093743,2008-06-02,TMIN,194
USC00314689,2010-09-17,TMAX,322
USW00093743,2012-10-17,TMIN,89
USR0000NNWB,2010-10-30,TMIN,39
USC00317170,2015-09-27,TMIN,200
USC00315830,2010-03-05,TMIN,-17
USC00315830,2010-03-05,TMAX,117
USW00093719,2015-07-30,TMIN,228
USC00314684,2012-10-21,TMIN,50
USW00093743,2012-10-17,TMAX,194
USC00310356,2005-06-28,TMIN,250
USR0000NHOF,2008-06-02,TMIN,150
USC00314684,2012-10-21,TMAX,233
USC00310356,2006-12-19,TMAX,178
USC00316676,2006-04-03,TMAX,244
USC00316676,2006-04-03,TMIN,117
USC00317170,2015-09-27,TMAX,256
USR0000NHOF,2012-10-17,TMAX,200
USR0000NHOF,2008-06-02,TMAX,289
USC00316676,2007-06-13,TMIN,178
USW00093719,2015-07-30,TMAX,328
USC00310356,2012-10-17,TMIN,133
USC00314689,2010-09-17,TMIN,211
USW00013754,2014-02-18,TMAX,200
USC00314689,2015-12-15,TMIN,150
USW00013754,2014-02-18,TMIN,33
USC00310356,2005-10-13,TMIN,172
USC00310356,2005-10-13,TMAX,228
USC00314689,2015-12-15,TMAX,239
USR0000NNWB,2010-10-30,TMAX,194
USW00013754,2005-05-07,TMAX,222
USR0000NNWB,2015-04-24,TMAX,211
USR0000NNWB,2015-04-24,TMIN,72
USC00316676,2014-01-19,TMAX,78
USC00316676,2014-01-19,TMIN,-11
USC00314684,2014-08-07,TMAX,328
USC00314684,2014-08-07,TMIN,194
USC00310356,2012-10-17,TMAX,206
USW00013754,2005-05-07,TMIN,72
USC00314689,2012-05-03,TMAX,333
USC00314684,2007-10-25,TMAX,300
USR0000NHOF,2005-10-13,TMIN,150
USW00013754,2014-09-20,TMIN,206
USW00013754,2014-09-20,TMAX,250
USR0000NCRN,2011-04-03,TMIN,11
USC00316096,2012-10-21,TMIN,78
USC00316676,2013-07-27,TMAX,300
USC00316676,2013-07-27,TMIN,183
USC00314684,2009-04-09,TMAX,156
USR0000NCRN,2011-04-03,TMAX,194
USC00314684,2009-04-09,TMIN,22
USW00093765,2006-11-29,TMIN,106
USC00316096,2012-10-21,TMAX,211
USC00310576,2008-02-04,TMAX,206
USC00310576,2008-02-04,TMIN,22
USW00093765,2008-01-17,TMIN,44
USR0000NHOF,2005-06-28,TMIN,200
USW00093765,2008-01-17,TMAX,172
USC00314144,2011-04-24,TMIN,183
USC00310576,2009-09-20,TMIN,172
USW00093765,2011-06-05,TMIN,211
USC00316096,2010-08-01,TMIN,189
USW00013754,2015-04-24,TMAX,206
USW00013754,2015-04-24,TMIN,100
USC00310576,2012-12-10,TMIN,83
USC00310576,2012-12-10,TMAX,233
USW00013754,2010-03-24,TMIN,67
USC00314144,2009-05-18,TMIN,89
USC00314144,2009-05-18,TMAX,139
USC00316096,2010-08-01,TMAX,283
USC00316676,2011-04-09,TMIN,117
USW00093765,2006-11-29,TMAX,239
USC00316676,2011-04-09,TMAX,267
USW00013754,2010-03-24,TMAX,233
USC00310356,2007-07-19,TMAX,294
USC00310356,2007-07-19,TMIN,222
USC00315830,2011-10-30,TMAX,139
USC00314689,2013-02-21,TMAX,128
USC00314144,2011-04-24,TMAX,283
USC00310576,2009-09-20,TMAX,278
USR0000NHOF,2005-06-28,TMAX,272
USW00013754,2013-11-20,TMIN,67
USW00093719,2006-09-13,TMAX,256
USC00314689,2015-03-31,TMAX,228
USC00314689,2012-07-25,TMAX,344
USC00314689,2012-07-25,TMIN,217
USW00093719,2006-09-13,TMIN,156
USC00315830,2007-04-03,TMIN,139
USR0000NNWB,2014-06-07,TMIN,172
USR0000NNWB,2012-08-12,TMIN,222
USW00093765,2015-03-05,TMIN,17
USC00316096,2013-02-21,TMIN,-22
USC00316096,2013-02-21,TMAX,122
USC00310576,2013-01-03,TMAX,94
USC00314684,2010-03-01,TMAX,94
USC00314684,2010-03-01,TMIN,-33
USW00013754,2009-12-17,TMAX,83
USW00013754,2009-12-17,TMIN,-16
USW00093765,2015-03-05,TMAX,178
USR0000NNWB,2014-06-07,TMAX,289
USR0000NCRN,2009-04-20,TMIN,178
USR0000NNWB,2012-08-12,TMAX,306
USW00013754,2013-11-20,TMAX,156
USW00013754,2012-11-12,TMAX,256
USW00093765,2011-06-05,TMAX,306
USW00013754,2012-11-12,TMIN,100
USW00093719,2009-03-10,TMAX,178
USW00093719,2009-03-10,TMIN,72
USC00315830,2011-10-30,TMIN,44
USC00316676,2011-05-27,TMAX,333
USC00316676,2011-05-27,TMIN,189
USW00093765,2006-07-11,TMIN,244
USW00093765,2006-07-11,TMAX,294
USC00316096,2012-05-03,TMAX,294
USC00316096,2012-05-03,TMIN,189
USR0000NCRN,2009-04-20,TMAX,222
USW00093719,2011-09-01,TMAX,289
USW00093719,2011-09-01,TMIN,167
USC00315830,2007-04-03,TMAX,272
USC00314144,2011-03-03,TMAX,106
USR0000NHOF,2012-10-17,TMIN,50
USC00310576,2005-01-10,TMIN,44
USC00310576,2005-01-10,TMAX,178
USC00314684,2014-04-22,TMAX,222
USC00314684,2014-04-22,TMIN,67
USC00310356,2011-09-30,TMIN,239
USR0000NNWB,2006-01-14,TMAX,194
USC00314684,2011-10-16,TMIN,67
USR0000NHOF,2013-01-03,TMAX,50
USR0000NHOF,2013-01-03,TMIN,-22
USR0000NNWB,2008-08-18,TMAX,311
USC00317170,2010-04-12,TMAX,261
USC00310356,2011-09-30,TMAX,272
USC00314684,2014-09-20,TMIN,161
USC00314684,2014-09-20,TMAX,267
USC00310356,2006-10-12,TMAX,244
USC00310356,2006-10-12,TMIN,139
USR0000NCRN,2014-11-23,TMIN,61
USC00314684,2006-07-11,TMIN,189
USC00317170,2010-04-12,TMIN,83
USC00314684,2006-07-11,TMAX,317
USR0000NNWB,2006-01-14,TMIN,44
USC00316676,2010-05-05,TMIN,200
USW00093719,2012-05-03,TMIN,206
USC00317170,2013-07-27,TMAX,317
USW00093719,2008-03-21,TMAX,194
USR0000NNWB,2008-03-02,TMAX,172
USC00317170,2013-07-27,TMIN,178
USC00314689,2005-09-18,TMAX,322
USC00314689,2005-09-18,TMIN,228
USC00315830,2009-10-14,TMIN,144
USR0000NCRN,2006-12-13,TMAX,217
USR0000NNWB,2008-03-02,TMIN,28
USC00315830,2006-03-15,TMAX,206
USC00316676,2010-05-05,TMAX,256
USW00093743,2013-01-03,TMIN,6
USR0000NNWB,2008-08-18,TMIN,200
USC00315830,2012-09-01,TMIN,256
USC00315830,2012-09-01,TMAX,311
USR0000NCRN,2006-12-13,TMIN,89
USW00093719,2012-05-03,TMAX,339
USW00013754,2009-12-19,TMIN,0
USC00316676,2007-04-20,TMIN,67
USR0000NCRN,2013-09-27,TMAX,233
USC00316096,2010-05-18,TMIN,167
USC00316096,2010-05-18,TMAX,256
USW00013754,2012-05-09,TMIN,156
USW00013754,2012-05-09,TMAX,283
USC00316096,2010-07-07,TMIN,200
USC00310576,2009-08-17,TMAX,311
USR0000NCRN,2013-09-27,TMIN,167
USC00316096,2015-05-16,TMAX,256
USC00314689,2006-11-22,TMIN,78
USC00314689,2006-11-22,TMAX,189
USC00310576,2009-08-17,TMIN,217
USC00316096,2010-07-07,TMAX,372
USC00316096,2015-07-08,TMAX,306
USW00093765,2005-12-10,TMIN,-17
USW00093765,2005-12-10,TMAX,144
USC00316096,2015-05-16,TMIN,106
USR0000NCRN,2008-08-07,TMAX,361
USC00314689,2011-04-08,TMIN,117
USC00316676,2008-10-22,TMIN,33
USC00316676,2007-04-20,TMAX,172
USR0000NCRN,2008-08-07,TMIN,206
USC00310576,2010-11-11,TMAX,189
USC00310576,2010-11-11,TMIN,61
USR0000NCRN,2014-11-23,TMAX,194
USW00013754,2009-12-19,TMAX,133
USR0000NNWB,2013-04-10,TMIN,167
USC00314689,2011-04-08,TMAX,272
USR0000NNWB,2013-04-10,TMAX,306
USR0000NHOF,2009-06-24,TMIN,156
USR0000NHOF,2009-06-24,TMAX,317
USR0000NNWB,2011-09-01,TMIN,150
USC00314684,2011-10-16,TMAX,250
USR0000NCRN,2008-09-02,TMAX,317
USR0000NCRN,2008-09-02,TMIN,139
USC00316676,2008-10-22,TMAX,228
USR0000NNWB,2011-09-01,TMAX,300
USC00314689,2015-07-12,TMIN,222
USW00093719,2008-03-21,TMIN,0
USW00093743,2013-01-03,TMAX,56
USC00314689,2013-04-01,TMIN,139
USC00317170,2009-11-11,TMIN,161
USC00317170,2015-01-13,TMAX,150
USC00314684,2008-12-03,TMIN,-44
USC00314684,2006-07-06,TMAX,317
USC00314684,2006-07-06,TMIN,222
USW00093719,2009-09-03,TMAX,261
USC00314689,2013-04-01,TMAX,222
USR0000NCRN,2009-02-20,TMAX,161
USW00093719,2009-09-03,TMIN,194
USW00093765,2013-07-27,TMAX,300
USW00013754,2010-10-30,TMAX,178
USW00093765,2013-07-27,TMIN,200
USC00317170,2015-01-13,TMIN,22
USC00316676,2005-02-23,TMAX,150
USW00093719,2009-04-11,TMIN,100
USR0000NNWB,2006-03-06,TMIN,44
USC00316676,2005-02-23,TMIN,39
USC00314689,2010-05-18,TMAX,228
USC00314684,2008-12-03,TMAX,94
USR0000NHOF,2011-09-30,TMIN,139
USC00314144,2008-06-02,TMAX,289
USC00310576,2011-12-30,TMAX,150
USC00314144,2008-06-02,TMIN,150
USR0000NNWB,2014-01-22,TMIN,-78
USR0000NNWB,2014-01-22,TMAX,-6
USR0000NHOF,2011-09-30,TMAX,289
USC00314689,2010-05-18,TMIN,156
USR0000NNWB,2006-09-13,TMAX,250
USC00316676,2011-05-01,TMAX,250
USR0000NHOF,2015-11-19,TMAX,222
USC00315830,2010-10-08,TMAX,267
USR0000NNWB,2006-09-13,TMIN,144
USR0000NCRN,2009-02-20,TMIN,-44
USW00013754,2015-01-24,TMIN,50
USW00013754,2015-01-24,TMAX,194
USC00316676,2011-05-01,TMIN,117
USC00315830,2009-10-14,TMAX,244
USC00317170,2009-11-11,TMAX,183
USC00316676,2009-11-23,TMAX,167
USW00013754,2015-07-30,TMAX,322
USC00310356,2013-01-03,TMIN,50
USW00093719,2010-03-24,TMIN,56
USC00315830,2014-02-24,TMIN,100
USC00315830,2014-02-24,TMAX,167
USW00093719,2010-03-24,TMAX,233
USR0000NCRN,2005-06-12,TMAX,283
USC00310576,2014-09-13,TMIN,217
USC00315830,2005-07-21,TMAX,311
USC00314144,2007-12-25,TMAX,133
USW00013754,2015-07-30,TMIN,233
USC00315830,2006-03-15,TMIN,50
USC00314144,2007-12-25,TMIN,-17
USR0000NCRN,2005-06-12,TMIN,211
USW00093765,2013-11-20,TMIN,67
USW00093765,2013-11-20,TMAX,167
USC00315830,2005-07-21,TMIN,233
USW00093719,2009-04-11,TMAX,228
USC00310576,2014-09-13,TMAX,311
USC00310356,2013-01-03,TMAX,128
USR0000NNWB,2006-03-06,TMAX,106
USW00013754,2010-10-30,TMIN,61
USC00316676,2009-11-23,TMIN,94
USC00315830,2014-02-18,TMAX,194
USC00315830,2014-02-18,TMIN,22
USC00315830,2007-12-15,TMAX,194
USC00315830,2007-12-15,TMIN,106
USR0000NNWB,2012-05-09,TMAX,289
USR0000NCRN,2010-11-05,TMIN,56
USC00314689,2010-07-02,TMAX,267
USR0000NCRN,2013-08-07,TMIN,194
USC00314689,2010-07-02,TMIN,167
USR0000NCRN,2013-08-07,TMAX,294
USR0000NNWB,2012-05-09,TMIN,167
USW00093719,2013-04-10,TMIN,167
USW00093719,2013-04-10,TMAX,311
USR0000NCRN,2010-11-05,TMAX,167
USC00316096,2015-07-08,TMIN,250
USC00314689,2015-07-12,TMAX,333
USC00316676,2008-04-21,TMAX,239
USC00316096,2015-07-12,TMAX,306
USW00093719,2013-12-29,TMIN,106
USR0000NHOF,2006-05-02,TMAX,239
USR0000NHOF,2006-05-02,TMIN,28
USW00093719,2006-03-14,TMAX,233
USC00314689,2013-07-27,TMAX,311
USC00314689,2013-07-27,TMIN,183
USW00093765,2005-05-22,TMAX,233
USW00093765,2005-11-03,TMIN,50
USC00317170,2011-01-25,TMIN,39
USC00317170,2014-09-20,TMIN,178
USC00317170,2014-09-20,TMAX,250
USC00314689,2009-03-18,TMAX,189
USC00314689,2009-03-18,TMIN,22
USC00317170,2011-01-25,TMAX,94
USC00316676,2007-01-21,TMIN,-28
USW00093765,2005-11-03,TMAX,200
USC00316676,2007-01-21,TMAX,94
USC00316096,2015-07-12,TMIN,222
USW00093765,2014-08-07,TMIN,222
USC00314689,2006-03-04,TMIN,-11
USW00013754,2014-06-07,TMAX,283
USC00314684,2010-09-14,TMIN,122
USC00316096,2013-07-27,TMAX,306
USC00310576,2005-08-17,TMIN,222
USC00316096,2013-07-27,TMIN,172
USC00310576,2005-08-17,TMAX,294
USW00093765,2005-05-22,TMIN,94
USC00314684,2010-09-14,TMAX,272
USC00317170,2008-04-10,TMAX,244
USC00315830,2013-09-22,TMAX,267
USR0000NNWB,2005-04-10,TMAX,228
USC00315830,2013-09-22,TMIN,178
USW00093765,2010-03-01,TMAX,111
USW00093765,2010-03-01,TMIN,17
USW00093765,2014-08-07,TMAX,300
USR0000NNWB,2005-04-10,TMIN,56
USC00314689,2006-03-04,TMAX,117
USC00317170,2008-06-04,TMIN,211
USW00013754,2014-06-07,TMIN,161
USC00316676,2009-11-06,TMAX,200
USC00310576,2011-09-03,TMAX,289
USC00315830,2010-11-15,TMIN,44
USC00314689,2006-08-21,TMAX,311
USC00314689,2006-08-21,TMIN,233
USC00314689,2014-04-22,TMAX,267
USC00314689,2014-04-22,TMIN,78
USR0000NCRN,2005-11-19,TMAX,161
USC00315830,2013-12-19,TMAX,144
USC00315830,2013-12-19,TMIN,-6
USW00093719,2014-12-07,TMAX,167
USC00310356,2011-07-03,TMAX,300
USC00310356,2011-07-03,TMIN,256
USW00093719,2014-12-07,TMIN,67
USC00310576,2011-02-15,TMIN,28
USC00310576,2011-02-15,TMAX,206
USC00316676,2015-11-28,TMAX,233
USC00317170,2008-06-04,TMAX,339
USC00314689,2006-05-07,TMAX,272
USC00317170,2012-05-03,TMAX,339
USR0000NCRN,2005-11-19,TMIN,-11
USC00317170,2012-11-14,TMIN,72
USR0000NNWB,2015-07-30,TMAX,333
USR0000NNWB,2015-07-30,TMIN,228
USR0000NCRN,2008-06-02,TMAX,306
USR0000NCRN,2008-06-02,TMIN,167
USC00314144,2008-11-23,TMAX,117
USC00317170,2012-05-03,TMIN,194
USC00314144,2008-11-23,TMIN,-56
USC00315830,2007-07-20,TMIN,272
USC00315830,2007-07-20,TMAX,311
USR0000NCRN,2008-08-08,TMIN,211
USR0000NCRN,2008-08-08,TMAX,317
USC00315830,2010-11-15,TMAX,189
USC00310576,2011-09-03,TMIN,161
USC00314689,2006-05-07,TMIN,161
USC00317170,2012-11-14,TMAX,111
USC00317170,2008-04-10,TMIN,139
USW00093765,2012-05-03,TMIN,211
USW00093765,2012-05-03,TMAX,272
USR0000NCRN,2011-03-30,TMIN,78
USC00315830,2009-01-19,TMAX,128
USR0000NCRN,2011-03-30,TMAX,156
USC00316096,2015-10-28,TMIN,194
USW00093743,2009-06-24,TMIN,194
USW00093743,2009-06-24,TMAX,294
USW00093719,2015-04-26,TMAX,156
USW00093765,2012-03-20,TMIN,139
USC00310356,2015-11-19,TMIN,122
USW00013754,2009-01-13,TMIN,22
USW00013754,2009-01-13,TMAX,94
USR0000NHOF,2006-10-12,TMAX,261
USR0000NHOF,2006-10-12,TMIN,106
USC00310576,2007-05-29,TMAX,306
USC00315830,2007-01-18,TMAX,78
USC00315830,2007-01-18,TMIN,17
USW00093765,2012-03-20,TMAX,256
USC00314144,2005-11-28,TMIN,44
USW00093719,2015-04-26,TMIN,106
USC00316676,2006-02-15,TMIN,-11
USC00316676,2008-04-21,TMIN,128
USC00310576,2009-05-12,TMIN,89
USC00310576,2009-05-12,TMAX,183
USW00013754,2014-01-22,TMIN,-71
USW00013754,2013-04-10,TMIN,167
USC00310576,2005-04-08,TMAX,206
USW00013754,2013-04-10,TMAX,278
USW00093765,2006-12-19,TMAX,178
USC00314684,2013-07-27,TMAX,306
USR0000NNWB,2010-08-21,TMAX,322
USW00013754,2014-01-22,TMAX,0
USR0000NNWB,2010-08-21,TMIN,206
USC00310576,2005-04-08,TMIN,161
USC00315830,2009-01-19,TMIN,17
USW00093765,2006-12-19,TMIN,78
USC00316676,2006-02-15,TMAX,144
USC00314684,2013-07-27,TMIN,172
USC00314684,2015-09-27,TMIN,194
USC00316096,2015-10-28,TMAX,250
USC00314689,2006-07-06,TMAX,333
USW00093719,2010-05-16,TMIN,189
USC00316676,2015-11-13,TMAX,261
USW00093719,2013-12-29,TMAX,222
USC00310356,2006-05-02,TMIN,83
USC00316676,2015-11-13,TMIN,100
USW00093743,2007-10-20,TMIN,150
USC00314684,2005-09-22,TMIN,200
USC00310356,2015-11-19,TMAX,228
USC00314684,2005-09-22,TMAX,289
USC00317170,2015-03-05,TMIN,22
USR0000NCRN,2010-07-30,TMAX,317
USR0000NCRN,2010-07-30,TMIN,222
USC00317170,2015-03-05,TMAX,289
USC00310576,2007-05-29,TMIN,144
USR0000NNWB,2009-09-18,TMAX,272
USR0000NNWB,2009-09-18,TMIN,189
USC00314144,2011-02-22,TMIN,6
USC00310356,2006-05-02,TMAX,167
USW00093719,2010-05-16,TMAX,300
USW00093743,2007-10-20,TMAX,272
USC00314689,2006-07-06,TMIN,217
USC00314684,2015-09-27,TMAX,228
USC00310356,2009-06-24,TMIN,206
USC00314144,2005-11-28,TMAX,239
USC00314684,2009-08-06,TMIN,211
USC00314684,2009-08-06,TMAX,333
USW00093719,2012-03-09,TMAX,183
USW00093719,2012-03-09,TMIN,28
USC00310356,2009-06-24,TMAX,306
USW00093719,2007-05-11,TMIN,150
USC00314689,2015-07-08,TMAX,333
USC00314689,2015-07-08,TMIN,233
USC00314144,2011-02-22,TMAX,178
USC00314689,2015-05-16,TMAX,244
USC00316096,2014-04-22,TMAX,233
USC00316096,2014-04-22,TMIN,56
USW00093719,2007-05-11,TMAX,283
USC00316676,2015-11-28,TMIN,94
USC00310356,2006-12-19,TMIN,83
USC00315830,2006-01-11,TMAX,206
USC00314689,2015-11-18,TMAX,250
USR0000NNWB,2006-07-11,TMAX,333
USC00314689,2005-07-28,TMIN,239
USC00316096,2011-09-11,TMIN,167
USC00316676,2008-08-26,TMIN,194
USC00316676,2008-08-26,TMAX,328
USC00310576,2010-12-26,TMIN,-6
USC00314689,2005-07-28,TMAX,389
USR0000NNWB,2006-07-11,TMIN,217
USC00310576,2010-12-26,TMAX,111
USC00310576,2011-07-05,TMAX,333
USC00316096,2011-09-11,TMAX,306
USR0000NCRN,2013-04-02,TMAX,117
USC00316096,2014-04-26,TMIN,144
USC00310356,2005-10-27,TMAX,183
USR0000NCRN,2013-04-02,TMIN,117
USC00316096,2014-04-26,TMAX,239
USC00310576,2011-07-05,TMIN,228
USC00315830,2012-03-10,TMIN,67
USW00013754,2015-09-25,TMIN,217
USC00317170,2010-08-01,TMAX,289
USC00310356,2009-05-06,TMAX,239
USC00316676,2014-08-10,TMAX,233
USW00013754,2009-10-14,TMIN,122
USW00093765,2008-04-10,TMIN,128
USC00316676,2006-08-04,TMIN,250
USW00093743,2009-12-02,TMIN,89
USC00316676,2006-08-04,TMAX,350
USW00013754,2015-09-25,TMAX,244
USC00310576,2006-10-12,TMAX,256
USC00310576,2006-10-12,TMIN,144
USW00093743,2009-12-02,TMAX,222
USC00310356,2005-02-25,TMIN,28
USW00093765,2008-04-10,TMAX,233
USC00310356,2005-02-25,TMAX,117
USC00316096,2013-01-05,TMAX,106
USC00317170,2010-08-01,TMIN,200
USC00316676,2006-02-10,TMAX,89
USR0000NHOF,2011-01-25,TMIN,0
USC00315830,2009-07-19,TMAX,294
USC00314684,2013-08-06,TMAX,294
USC00310576,2008-05-03,TMAX,256
USC00314144,2010-01-13,TMAX,83
USC00310576,2008-05-03,TMIN,111
USW00093765,2014-02-18,TMAX,194
USW00093765,2014-02-18,TMIN,33
USC00310576,2013-07-28,TMAX,311
USC00310576,2013-07-28,TMIN,167
USR0000NNWB,2012-11-14,TMIN,72
USR0000NHOF,2006-12-19,TMIN,22
USC00314689,2008-02-13,TMIN,161
USC00314689,2008-02-13,TMAX,206
USR0000NNWB,2012-11-14,TMAX,106
USW00093719,2014-06-29,TMAX,294
USW00013754,2008-03-21,TMIN,0
USW00013754,2008-03-21,TMAX,183
USR0000NNWB,2014-09-13,TMAX,311
USC00310356,2005-10-27,TMIN,94
USC00314684,2013-08-06,TMIN,183
USR0000NCRN,2005-10-13,TMAX,200
USR0000NNWB,2012-03-20,TMIN,133
USC00315830,2009-07-19,TMIN,222
USW00093719,2008-06-04,TMIN,194
USW00093719,2008-06-04,TMAX,333
USC00310356,2009-05-06,TMIN,200
USC00315830,2012-03-10,TMAX,117
USW00093765,2011-09-01,TMAX,283
USW00013754,2014-09-13,TMAX,306
USR0000NNWB,2012-03-20,TMAX,283
USW00013754,2014-09-13,TMIN,233
USC00316676,2006-12-31,TMIN,28
USR0000NHOF,2006-12-19,TMAX,200
USC00314684,2015-10-28,TMIN,122
USC00314684,2015-10-28,TMAX,194
USC00314144,2010-01-13,TMIN,-89
USW00093765,2011-09-01,TMIN,172
USR0000NCRN,2005-10-13,TMIN,161
USC00316676,2006-12-31,TMAX,189
USW00093719,2014-06-29,TMIN,200
USC00316676,2014-08-10,TMIN,200
USC00316096,2013-01-05,TMIN,-39
USC00315830,2009-05-28,TMAX,261
USC00317170,2012-10-21,TMIN,83
USC00317170,2012-10-21,TMAX,211
USC00314684,2008-07-15,TMAX,322
USC00316676,2008-04-22,TMIN,133
USC00316676,2008-04-22,TMAX,222
USW00093719,2015-04-24,TMAX,200
USR0000NCRN,2008-11-23,TMIN,-33
USW00093719,2015-04-24,TMIN,83
USR0000NCRN,2013-04-10,TMAX,239
USC00310576,2012-10-17,TMAX,200
USC00310576,2012-10-17,TMIN,83
USC00314684,2008-07-15,TMIN,217
USR0000NNWB,2006-05-07,TMIN,144
USC00315830,2009-05-28,TMIN,194
USR0000NNWB,2006-05-07,TMAX,228
USR0000NCRN,2013-04-10,TMIN,167
USW00093719,2009-12-17,TMAX,78
USR0000NCRN,2008-11-23,TMAX,106
USC00314144,2007-02-17,TMIN,-117
USC00314689,2013-08-06,TMAX,300
USR0000NCRN,2007-11-23,TMIN,39
USW00093719,2005-05-07,TMIN,72
USR0000NHOF,2009-12-02,TMIN,56
USR0000NCRN,2010-01-13,TMIN,-56
USR0000NHOF,2009-12-02,TMAX,222
USW00093743,2007-07-06,TMAX,306
USC00314689,2005-01-19,TMAX,0
USR0000NCRN,2008-09-11,TMAX,306
USR0000NCRN,2010-01-13,TMAX,83
USW00093765,2010-05-18,TMIN,178
USR0000NCRN,2008-09-11,TMIN,228
USC00314689,2005-01-19,TMIN,-106
USW00093765,2008-12-22,TMIN,-38
USW00093765,2010-05-18,TMAX,261
USC00314144,2007-02-17,TMAX,100
USW00093743,2007-07-06,TMIN,244
USR0000NHOF,2011-01-25,TMAX,111
USW00093719,2009-12-17,TMIN,-28
USR0000NCRN,2007-12-25,TMIN,28
USW00093765,2015-07-12,TMAX,317
USW00013754,2013-09-22,TMAX,244
USC00314689,2014-04-26,TMIN,139
USC00314689,2014-04-26,TMAX,261
USC00315830,2006-01-29,TMAX,178
USC00315830,2006-01-29,TMIN,39
USW00013754,2013-09-22,TMIN,206
USW00093765,2015-07-12,TMIN,233
USC00317170,2011-10-16,TMIN,78
USR0000NHOF,2008-08-07,TMIN,206
USC00317170,2011-10-16,TMAX,244
USC00316676,2010-07-16,TMAX,322
USW00093719,2005-02-11,TMIN,-11
USW00093719,2005-02-11,TMAX,83
USC00316676,2010-07-16,TMIN,239
USW00013754,2009-10-14,TMAX,172
USR0000NHOF,2008-08-07,TMAX,350
USR0000NCRN,2007-12-25,TMAX,150
USC00314689,2006-09-18,TMAX,300
USW00093765,2010-09-21,TMAX,261
USC00316096,2013-08-06,TMIN,167
USC00316096,2013-08-06,TMAX,294
USC00310356,2014-07-12,TMAX,267
USC00314689,2008-02-05,TMIN,122
USC00314689,2008-02-05,TMAX,239
USC00310356,2014-07-12,TMIN,239
USC00314689,2009-04-09,TMAX,206
USC00314684,2006-11-22,TMAX,111
USC00314689,2009-04-09,TMIN,72
USC00314689,2006-09-18,TMIN,172
USC00314684,2006-11-22,TMIN,50
USW00093765,2010-09-21,TMIN,200
USC00316676,2012-05-03,TMAX,317
USC00316676,2012-05-03,TMIN,189
USW00013754,2009-02-14,TMAX,128
USW00013754,2009-02-14,TMIN,67
USC00310356,2006-12-14,TMAX,211
USR0000NNWB,2014-09-13,TMIN,222
USC00315830,2007-07-13,TMIN,233
USW00013754,2008-09-27,TMAX,278
USC00310356,2005-08-17,TMIN,244
USC00310356,2005-08-17,TMAX,328
USC00315830,2008-06-17,TMIN,250
USC00315830,2008-06-17,TMAX,311
USC00314689,2007-08-10,TMIN,261
USW00093719,2009-11-11,TMIN,150
USC00314689,2011-05-20,TMAX,261
USW00093765,2007-04-11,TMIN,100
USC00317170,2008-12-20,TMAX,222
USC00317170,2011-12-20,TMAX,211
USC00314689,2007-08-10,TMAX,383
USW00093719,2009-11-11,TMAX,172
USC00317170,2011-09-01,TMAX,294
USC00317170,2014-02-18,TMAX,194
USC00317170,2014-02-18,TMIN,6
USC00314684,2007-08-19,TMAX,322
USC00317170,2011-12-20,TMIN,61
USR0000NNWB,2008-02-19,TMIN,22
USC00317170,2007-09-19,TMIN,194
USW00093765,2007-04-11,TMAX,189
USW00093765,2011-06-15,TMIN,172
USC00314144,2006-11-11,TMIN,106
USW00013754,2012-03-20,TMIN,128
USC00314144,2006-07-07,TMAX,267
USC00314144,2006-07-07,TMIN,189
USC00310576,2011-01-15,TMIN,-39
USW00013754,2012-03-20,TMAX,261
USC00317170,2013-08-06,TMAX,300
USC00314689,2011-05-20,TMIN,144
USW00093743,2008-09-02,TMIN,67
USC00317170,2008-12-20,TMIN,117
USC00317170,2007-09-19,TMAX,283
USC00317170,2013-08-06,TMIN,178
USW00093765,2011-06-15,TMAX,306
USR0000NCRN,2015-12-13,TMAX,233
USR0000NCRN,2015-12-13,TMIN,106
USW00093743,2008-09-02,TMAX,217
USC00314144,2006-11-11,TMAX,267
USC00317170,2011-09-01,TMIN,167
USC00310356,2012-08-29,TMAX,278
USR0000NHOF,2012-09-01,TMIN,228
USR0000NHOF,2012-09-01,TMAX,344
USC00310576,2015-09-15,TMAX,250
USR0000NHOF,2007-07-06,TMIN,183
USC00310356,2015-03-19,TMIN,56
USC00316096,2011-01-18,TMAX,83
USW00093719,2008-08-23,TMAX,311
USR0000NNWB,2009-02-14,TMIN,50
USW00093719,2008-08-23,TMIN,211
USC00315830,2006-01-14,TMAX,183
USC00310356,2015-03-19,TMAX,156
USR0000NNWB,2008-10-26,TMIN,94
USC00314684,2007-08-19,TMIN,178
USR0000NCRN,2005-01-19,TMAX,39
USR0000NCRN,2005-01-19,TMIN,-100
USW00093719,2012-07-31,TMAX,311
USR0000NHOF,2015-11-30,TMIN,117
USC00310356,2013-04-02,TMAX,150
USR0000NNWB,2010-09-07,TMAX,322
USC00316096,2011-01-18,TMIN,39
USW00013754,2013-12-19,TMAX,156
USW00013754,2013-12-19,TMIN,-21
USC00310356,2013-04-02,TMIN,83
USR0000NHOF,2014-07-12,TMAX,328
USC00310356,2012-08-29,TMIN,233
USC00314144,2009-05-29,TMIN,161
USC00314144,2009-05-29,TMAX,283
USR0000NNWB,2009-02-14,TMAX,133
USR0000NCRN,2015-01-04,TMAX,217
USR0000NHOF,2014-07-12,TMIN,206
USW00093743,2013-04-02,TMIN,61
USW00093743,2012-08-29,TMAX,294
USW00093743,2012-08-29,TMIN,233
USC00310576,2015-09-15,TMIN,94
USC00315830,2006-01-14,TMIN,72
USR0000NNWB,2010-09-07,TMIN,167
USW00093743,2013-04-02,TMAX,150
USC00310576,2011-01-15,TMAX,83
USC00314689,2006-12-02,TMIN,78
USR0000NHOF,2015-03-19,TMAX,144
USC00317170,2013-02-21,TMAX,128
USC00314684,2007-01-21,TMIN,-39
USC00314684,2007-01-21,TMAX,89
USC00310356,2009-12-02,TMIN,61
USC00314684,2006-01-30,TMIN,83
USW00093765,2011-01-25,TMIN,44
USC00316676,2015-05-16,TMAX,239
USC00310576,2011-07-03,TMIN,206
USW00093765,2011-01-25,TMAX,100
USW00093743,2009-05-06,TMAX,261
USW00093743,2009-05-06,TMIN,206
USW00093719,2015-09-27,TMIN,222
USW00093719,2015-09-27,TMAX,267
USC00310576,2008-06-26,TMAX,339
USC00310576,2008-06-26,TMIN,206
USC00310356,2009-12-02,TMAX,139
USC00316676,2015-05-16,TMIN,128
USC00314684,2006-01-30,TMAX,178
USR0000NCRN,2007-08-26,TMIN,239
USC00317170,2010-05-16,TMIN,200
USW00013754,2008-09-27,TMIN,172
USW00093719,2005-09-22,TMIN,194
USC00316676,2006-02-10,TMIN,-72
USC00316676,2009-09-09,TMAX,267
USC00316676,2009-09-09,TMIN,189
USR0000NCRN,2007-08-26,TMAX,322
USC00317170,2013-02-21,TMIN,-22
USC00316676,2012-01-26,TMIN,28
USR0000NNWB,2008-02-19,TMAX,144
USW00093719,2005-09-22,TMAX,300
USC00317170,2010-05-16,TMAX,306
USR0000NNWB,2009-10-14,TMAX,167
USR0000NNWB,2009-10-14,TMIN,117
USW00093765,2012-10-21,TMIN,94
USC00310576,2011-07-03,TMAX,322
USW00093765,2012-10-21,TMAX,217
USC00316676,2012-01-26,TMAX,189
USC00315830,2007-07-13,TMAX,306
USC00310576,2014-09-20,TMIN,161
USC00314144,2008-10-20,TMIN,-6
USC00315830,2012-01-19,TMIN,11
USW00093765,2007-06-24,TMIN,211
USC00315830,2011-10-15,TMIN,133
USW00093765,2009-08-06,TMAX,294
USC00310356,2008-09-02,TMAX,311
USR0000NCRN,2005-06-28,TMIN,244
USC00310356,2008-09-02,TMIN,211
USC00315830,2011-10-15,TMAX,256
USW00013754,2005-05-21,TMAX,200
USR0000NCRN,2013-02-18,TMAX,78
USW00013754,2005-05-21,TMIN,111
USR0000NCRN,2005-06-28,TMAX,283
USR0000NHOF,2015-03-19,TMIN,50
USR0000NCRN,2013-02-18,TMIN,-78
USR0000NNWB,2015-09-25,TMIN,206
USC00314689,2006-12-02,TMAX,244
USR0000NNWB,2015-09-25,TMAX,233
USC00315830,2012-01-19,TMAX,111
USR0000NHOF,2007-07-06,TMAX,328
USW00093765,2009-08-06,TMIN,244
USC00310576,2014-09-20,TMAX,261
USW00093719,2012-11-12,TMAX,256
USC00314144,2008-10-20,TMAX,178
USW00093719,2012-11-12,TMIN,89
USC00314689,2015-02-20,TMIN,-128
USC00314689,2015-02-20,TMAX,-33
USR0000NNWB,2007-02-23,TMIN,-6
USR0000NNWB,2007-02-23,TMAX,122
USW00093765,2010-08-01,TMIN,200
USW00093765,2010-08-01,TMAX,278
USC00316676,2011-08-15,TMIN,194
USC00316676,2011-08-15,TMAX,322
USW00093765,2007-06-24,TMAX,289
USW00013754,2012-07-07,TMAX,344
USR0000NHOF,2005-08-17,TMIN,211
USR0000NHOF,2005-08-17,TMAX,294
USW00013754,2012-07-07,TMIN,256
USC00314689,2013-08-06,TMIN,183
USW00093719,2008-06-26,TMAX,344
USW00093719,2005-05-07,TMAX,222
USC00317170,2009-01-25,TMAX,78
USC00316676,2010-01-08,TMIN,-56
USW00093743,2010-07-30,TMAX,328
USC00310576,2013-01-19,TMIN,0
USW00093743,2010-07-30,TMIN,228
USW00013754,2008-08-18,TMIN,211
USR0000NNWB,2008-03-21,TMIN,6
USC00310576,2013-01-19,TMAX,106
USC00310576,2012-09-01,TMIN,194
USW00013754,2008-08-18,TMAX,294
USC00310576,2012-09-01,TMAX,317
USR0000NCRN,2011-05-20,TMAX,278
USC00314684,2011-01-06,TMIN,-33
USR0000NCRN,2011-05-20,TMIN,178
USR0000NNWB,2005-12-10,TMIN,-33
USR0000NNWB,2005-12-10,TMAX,139
USC00310576,2011-09-29,TMAX,300
USR0000NNWB,2008-03-21,TMAX,206
USC00310576,2011-09-29,TMIN,194
USC00316676,2010-01-08,TMAX,83
USW00093719,2009-09-18,TMIN,189
USC00310576,2009-10-28,TMAX,250
USC00310576,2009-10-28,TMIN,156
USR0000NCRN,2012-08-29,TMAX,294
USC00316676,2010-11-04,TMAX,150
USR0000NCRN,2012-08-29,TMIN,233
USC00317170,2007-06-03,TMAX,267
USW00093719,2009-09-18,TMAX,261
USC00314689,2015-01-22,TMIN,-11
USC00316676,2010-11-04,TMIN,122
USC00317170,2007-06-03,TMIN,200
USC00317170,2011-06-15,TMAX,294
USW00093719,2009-01-01,TMIN,-50
USW00093719,2009-01-01,TMAX,44
USC00310356,2006-12-13,TMAX,211
USC00314684,2011-01-06,TMAX,78
USC00310356,2006-12-13,TMIN,-33
USC00317170,2011-06-15,TMIN,156
USC00316676,2008-03-27,TMAX,228
USC00316676,2011-12-04,TMAX,167
USC00314144,2010-09-14,TMAX,317
USC00314689,2010-03-01,TMAX,128
USC00314689,2010-03-01,TMIN,11
USW00093719,2014-05-17,TMAX,228
USC00310576,2007-04-06,TMIN,39
USR0000NHOF,2010-07-30,TMAX,317
USR0000NCRN,2011-03-08,TMAX,150
USR0000NNWB,2011-12-19,TMAX,150
USC00310576,2008-06-30,TMIN,250
USR0000NHOF,2010-07-30,TMIN,189
USC00314689,2009-03-01,TMIN,22
USC00314684,2007-09-25,TMAX,294
USC00314684,2007-09-25,TMIN,106
USC00314684,2014-07-01,TMIN,178
USC00314689,2007-05-29,TMIN,183
USR0000NHOF,2006-12-13,TMAX,211
USR0000NCRN,2011-03-08,TMIN,-6
USC00314689,2009-03-01,TMAX,78
USC00316676,2011-12-04,TMIN,28
USW00093743,2010-10-31,TMAX,233
USC00310576,2008-06-30,TMAX,339
USC00314144,2010-09-14,TMIN,122
USC00314689,2011-09-11,TMIN,178
USW00013754,2014-06-29,TMAX,272
USW00013754,2014-06-29,TMIN,200
USW00093765,2015-09-27,TMIN,222
USW00093765,2015-09-27,TMAX,261
USC00316676,2015-07-08,TMAX,322
USW00093743,2010-10-31,TMIN,100
USC00315830,2012-05-09,TMIN,194
USR0000NHOF,2008-07-24,TMIN,189
USR0000NHOF,2008-07-24,TMAX,289
USC00314689,2011-09-11,TMAX,317
USC00315830,2012-05-09,TMAX,261
USC00310576,2009-11-25,TMIN,128
USC00310576,2009-11-25,TMAX,156
USW00093719,2014-05-17,TMIN,117
USC00316676,2015-07-08,TMIN,228
USC00316096,2010-03-01,TMIN,-17
USC00316096,2010-03-01,TMAX,117
USW00093719,2012-03-20,TMAX,272
USC00314689,2006-01-30,TMAX,178
USC00315830,2006-04-06,TMAX,222
USR0000NNWB,2014-02-18,TMAX,194
USR0000NHOF,2010-10-31,TMIN,61
USC00317170,2008-10-29,TMAX,150
USR0000NHOF,2015-05-21,TMIN,139
USR0000NHOF,2015-05-21,TMAX,300
USC00315830,2006-04-06,TMIN,78
USC00310356,2011-01-25,TMAX,94
USR0000NHOF,2010-10-31,TMAX,233
USC00310356,2008-11-11,TMIN,83
USC00310356,2008-11-11,TMAX,244
USC00316096,2015-12-15,TMIN,83
USC00316096,2015-12-15,TMAX,233
USR0000NNWB,2014-02-18,TMIN,22
USC00315830,2015-02-18,TMAX,6
USC00317170,2008-10-29,TMIN,50
USC00310356,2015-05-21,TMIN,200
USC00310576,2006-05-02,TMIN,61
USC00310576,2014-07-13,TMIN,189
USC00315830,2006-01-11,TMIN,89
USW00093743,2008-11-11,TMIN,44
USW00093743,2008-11-11,TMAX,161
USR0000NNWB,2012-11-12,TMAX,256
USC00310576,2012-07-09,TMIN,261
USC00310356,2005-06-28,TMAX,294
USC00310576,2012-07-09,TMAX,367
USC00310576,2006-05-02,TMAX,239
USW00093743,2008-01-13,TMIN,89
USW00013754,2009-04-11,TMIN,111
USW00013754,2009-04-11,TMAX,233
USW00093765,2006-05-07,TMIN,172
USW00093765,2006-05-07,TMAX,222
USC00314689,2006-01-30,TMIN,122
USR0000NNWB,2012-11-12,TMIN,100
USC00314689,2015-11-18,TMIN,111
USW00093743,2008-01-13,TMAX,222
USC00310356,2015-05-21,TMAX,306
USC00315830,2015-02-18,TMIN,-33
USC00310576,2013-04-10,TMIN,122
USC00314684,2007-12-11,TMAX,261
USW00093719,2012-03-20,TMIN,128
USC00310356,2010-01-13,TMIN,-28
USC00310356,2010-01-13,TMAX,78
USC00316676,2008-03-27,TMIN,17
USR0000NCRN,2008-08-24,TMIN,194
USR0000NCRN,2008-08-24,TMAX,300
USR0000NNWB,2007-05-11,TMAX,311
USC00314689,2010-12-03,TMAX,83
USC00314689,2012-01-11,TMIN,56
USC00314689,2015-01-22,TMAX,150
USC00314689,2012-01-11,TMAX,139
USC00314689,2010-12-03,TMIN,11
USW00093765,2005-09-22,TMAX,283
USC00310356,2010-07-30,TMAX,294
USC00310356,2010-07-30,TMIN,250
USW00093765,2005-09-22,TMIN,222
USR0000NNWB,2007-05-11,TMIN,156
USW00093743,2010-01-13,TMAX,83
USW00093743,2010-01-13,TMIN,-38
USR0000NNWB,2009-12-17,TMAX,94
USC00310576,2013-04-10,TMAX,283
USR0000NNWB,2009-12-17,TMIN,-28
USC00310576,2014-07-13,TMAX,311
USR0000NHOF,2014-02-24,TMIN,6
USC00314684,2013-02-21,TMIN,-39
USR0000NHOF,2010-01-13,TMIN,-89
USR0000NHOF,2010-01-13,TMAX,83
USC00314684,2013-02-21,TMAX,122
USR0000NNWB,2015-03-04,TMAX,267
USR0000NHOF,2014-02-24,TMAX,200
USR0000NNWB,2015-03-04,TMIN,94
USC00314684,2007-12-11,TMIN,94
USC00314684,2010-08-01,TMIN,183
USC00314684,2010-08-01,TMAX,261
USC00316676,2005-09-18,TMAX,328
USC00316676,2005-09-18,TMIN,228
USC00314684,2014-07-01,TMAX,311
USC00316096,2014-09-20,TMAX,244
USR0000NNWB,2011-12-19,TMIN,-33
USC00310576,2005-07-28,TMAX,339
USC00317170,2015-07-12,TMAX,300
USW00013754,2005-08-15,TMAX,350
USW00013754,2005-08-15,TMIN,250
USC00310356,2008-08-07,TMAX,267
USW00093719,2010-08-21,TMAX,317
USC00314684,2015-12-15,TMIN,144
USC00314684,2015-12-15,TMAX,244
USR0000NNWB,2014-06-29,TMIN,194
USW00013754,2013-11-17,TMIN,128
USW00013754,2005-12-10,TMIN,-22
USW00013754,2005-12-10,TMAX,111
USC00316676,2007-05-09,TMAX,206
USC00316676,2007-05-09,TMIN,133
USC00315830,2007-03-01,TMIN,56
USW00093719,2010-08-21,TMIN,194
USC00310576,2009-03-02,TMIN,33
USC00310356,2008-08-07,TMIN,267
USC00314689,2007-09-08,TMIN,144
USR0000NNWB,2014-06-29,TMAX,300
USC00314689,2005-06-19,TMIN,161
USW00093743,2013-04-10,TMIN,156
USC00310576,2009-07-22,TMAX,294
USC00310356,2008-07-24,TMIN,233
USW00093743,2013-04-10,TMAX,233
USC00310356,2008-07-24,TMAX,328
USR0000NCRN,2011-02-22,TMIN,22
USC00316676,2009-04-20,TMAX,244
USC00317170,2015-07-12,TMIN,217
USC00310356,2013-04-10,TMIN,144
USC00314689,2013-01-05,TMAX,111
USC00315830,2007-04-19,TMIN,67
USC00314689,2014-08-07,TMAX,322
USW00013754,2013-11-17,TMAX,250
USC00314689,2014-08-07,TMIN,211
USC00316096,2010-12-17,TMIN,0
USC00316096,2010-12-17,TMAX,128
USC00310356,2013-04-10,TMAX,194
USR0000NCRN,2015-05-21,TMAX,272
USC00314684,2005-08-06,TMAX,322
USC00314689,2007-09-08,TMAX,311
USC00310356,2013-07-28,TMIN,233
USW00093743,2013-07-28,TMAX,306
USW00093743,2013-07-28,TMIN,250
USR0000NCRN,2007-02-18,TMAX,94
USC00310356,2008-01-13,TMIN,83
USW00093743,2008-08-07,TMAX,261
USW00093743,2008-08-07,TMIN,144
USC00310356,2010-10-31,TMAX,228
USC00314689,2008-09-12,TMIN,217
USC00310356,2008-01-13,TMAX,156
USC00314144,2008-03-07,TMAX,211
USW00093719,2007-05-19,TMAX,217
USW00093765,2008-12-22,TMAX,67
USC00314144,2008-03-07,TMIN,72
USW00093719,2007-05-19,TMIN,100
USC00317170,2009-01-25,TMIN,28
USC00314689,2008-09-12,TMAX,294
USC00314684,2005-08-06,TMIN,200
USC00310356,2013-07-28,TMAX,306
USC00310576,2009-03-02,TMAX,83
USW00093719,2006-07-11,TMIN,206
USC00315830,2007-03-01,TMAX,206
USW00093719,2006-07-11,TMAX,322
USC00310356,2007-07-06,TMAX,283
USC00310356,2007-07-06,TMIN,211
USR0000NCRN,2008-11-10,TMAX,122
USR0000NCRN,2008-11-10,TMIN,33
USC00310356,2010-10-31,TMIN,161
USC00314684,2010-06-16,TMAX,356
USC00314689,2007-01-21,TMIN,-28
USC00317170,2009-08-06,TMIN,222
USC00314689,2007-01-21,TMAX,78
USC00317170,2009-08-06,TMAX,317
USW00093719,2008-06-26,TMIN,233
USW00093719,2012-08-12,TMAX,300
USW00093719,2012-08-12,TMIN,217
USC00314684,2010-06-16,TMIN,217
USR0000NCRN,2009-06-24,TMAX,283
USR0000NCRN,2009-06-24,TMIN,239
USR0000NCRN,2015-05-21,TMIN,156
USC00316096,2014-08-07,TMAX,306
USR0000NHOF,2006-12-14,TMAX,167
USC00315830,2009-01-12,TMAX,133
USC00316096,2014-08-07,TMIN,200
USC00315830,2009-01-12,TMIN,33
USR0000NHOF,2007-10-20,TMAX,267
USW00093719,2014-02-18,TMIN,22
USW00093719,2014-02-18,TMAX,200
USW00093719,2006-05-07,TMIN,150
USC00316676,2008-03-07,TMAX,222
USW00093719,2005-11-03,TMIN,22
USW00093719,2006-05-07,TMAX,222
USR0000NHOF,2007-10-20,TMIN,72
USC00310576,2011-11-02,TMIN,28
USC00310576,2011-11-02,TMAX,161
USW00093719,2005-11-03,TMAX,211
USC00316676,2008-03-07,TMIN,56
USC00310576,2007-04-06,TMAX,189
USC00310576,2010-11-19,TMIN,28
USC00317170,2010-05-18,TMAX,228
USC00310576,2005-07-28,TMIN,239
USC00314689,2007-05-29,TMAX,317
USC00316676,2013-09-26,TMIN,106
USC00314689,2007-08-30,TMIN,178
USC00314689,2007-08-30,TMAX,317
USC00316676,2013-09-26,TMAX,228
USC00310576,2010-11-19,TMAX,189
USW00093765,2010-05-16,TMIN,206
USW00093719,2012-11-14,TMIN,72
USC00317170,2011-03-24,TMAX,217
USW00093719,2012-11-14,TMAX,111
USR0000NCRN,2013-07-28,TMAX,300
USR0000NCRN,2013-07-28,TMIN,239
USR0000NHOF,2006-12-14,TMIN,122
USC00317170,2010-05-18,TMIN,172
USW00093765,2010-05-16,TMAX,256
USC00317170,2011-03-24,TMIN,128
USC00314684,2010-04-06,TMAX,300
USR0000NNWB,2008-01-06,TMAX,206
USC00316676,2008-12-31,TMAX,178
USC00314689,2013-01-05,TMIN,-17
USC00316676,2015-10-20,TMAX,156
USC00316676,2014-04-22,TMAX,222
USC00316676,2009-04-20,TMIN,128
USC00316676,2006-11-29,TMAX,228
USW00093743,2011-01-25,TMIN,28
USC00314689,2005-06-19,TMAX,289
USC00316676,2006-11-29,TMIN,78
USR0000NCRN,2011-02-22,TMAX,144
USC00315830,2009-06-09,TMAX,283
USC00316676,2014-04-22,TMIN,78
USR0000NCRN,2014-02-24,TMIN,11
USC00315830,2009-06-09,TMIN,233
USR0000NCRN,2011-04-24,TMAX,256
USR0000NCRN,2011-04-24,TMIN,200
USR0000NCRN,2014-02-24,TMAX,167
USC00310576,2009-07-22,TMIN,194
USC00315830,2007-04-19,TMAX,156
USC00314689,2011-01-18,TMAX,83
USC00314689,2011-01-18,TMIN,28
USW00093743,2011-01-25,TMAX,106
USR0000NNWB,2008-01-06,TMIN,50
USC00314684,2010-04-06,TMIN,139
USW00093719,2010-07-03,TMIN,156
USC00316676,2008-12-31,TMIN,11
USW00093719,2010-07-03,TMAX,272
USW00093743,2008-07-24,TMIN,167
USC00310576,2007-07-31,TMIN,222
USC00316676,2006-11-12,TMIN,94
USC00316676,2006-11-12,TMAX,261
USC00310576,2007-07-31,TMAX,300
USC00315830,2014-09-20,TMIN,206
USC00315830,2008-10-13,TMIN,183
USW00093743,2008-07-24,TMAX,222
USC00315830,2008-10-13,TMAX,250
USC00316676,2015-10-20,TMIN,44
USC00315830,2014-09-20,TMAX,261
USR0000NHOF,2006-12-13,TMIN,50
USC00310576,2011-12-30,TMIN,-6
USC00316096,2014-09-20,TMIN,206
USC00316676,2013-11-02,TMAX,256
USW00013754,2009-12-01,TMAX,122
USC00316676,2005-03-02,TMAX,106
USC00317170,2011-12-04,TMAX,200
USC00317170,2011-12-04,TMIN,28
USC00316676,2005-03-02,TMIN,-6
USC00315830,2011-07-05,TMAX,300
USC00314684,2014-02-24,TMIN,22
USR0000NCRN,2013-07-27,TMIN,172
USC00314684,2014-02-24,TMAX,189
USW00093719,2008-05-05,TMAX,244
USW00013754,2013-04-01,TMAX,217
USW00013754,2013-04-01,TMIN,111
USC00314689,2011-08-14,TMAX,311
USR0000NNWB,2015-07-08,TMAX,333
USR0000NNWB,2015-07-08,TMIN,239
USC00314689,2005-12-10,TMIN,-28
USW00093719,2008-05-05,TMIN,167
USW00093719,2005-06-12,TMAX,306
USR0000NCRN,2006-01-11,TMIN,78
USW00093719,2010-03-05,TMAX,94
USW00093765,2006-01-14,TMIN,56
USC00316096,2014-05-17,TMAX,217
USW00093765,2006-01-14,TMAX,183
USC00314684,2008-12-06,TMAX,78
USC00314684,2008-12-06,TMIN,-28
USR0000NHOF,2011-09-29,TMIN,172
USC00315830,2010-03-01,TMAX,117
USR0000NCRN,2013-07-27,TMAX,311
USC00315830,2010-03-01,TMIN,-6
USC00314684,2006-08-02,TMAX,361
USC00314684,2006-12-31,TMAX,178
USC00314684,2006-12-31,TMIN,50
USC00314684,2006-08-02,TMIN,239
USR0000NCRN,2006-01-11,TMAX,300
USR0000NHOF,2015-09-06,TMAX,278
USW00093719,2010-03-05,TMIN,-17
USR0000NNWB,2006-03-14,TMIN,94
USC00315830,2011-07-05,TMIN,256
USC00315830,2007-07-01,TMAX,300
USR0000NNWB,2011-11-02,TMAX,189
USC00316096,2012-10-16,TMIN,83
USC00310576,2009-10-14,TMAX,250
USC00310576,2009-10-14,TMIN,128
USC00310576,2008-11-11,TMIN,28
USC00310576,2008-11-11,TMAX,172
USC00315830,2015-11-03,TMAX,267
USC00314684,2012-02-29,TMIN,50
USC00316096,2012-10-16,TMAX,194
USR0000NNWB,2013-04-01,TMAX,222
USR0000NHOF,2009-05-18,TMIN,89
USR0000NNWB,2015-05-21,TMIN,156
USR0000NHOF,2009-05-18,TMAX,139
USR0000NCRN,2005-05-10,TMIN,106
USR0000NNWB,2015-05-21,TMAX,311
USR0000NHOF,2007-09-30,TMAX,261
USR0000NCRN,2005-05-10,TMAX,261
USR0000NNWB,2013-04-01,TMIN,100
USR0000NNWB,2011-11-02,TMIN,61
USC00315830,2015-11-03,TMIN,183
USW00013754,2009-12-01,TMIN,44
USC00314689,2011-08-14,TMIN,228
USW00093765,2007-07-02,TMIN,172
USC00316676,2015-12-12,TMAX,239
USC00314144,2009-07-19,TMAX,272
USC00314144,2009-07-19,TMIN,194
USC00316676,2015-12-12,TMIN,83
USC00310356,2011-06-10,TMAX,289
USW00013754,2005-03-03,TMAX,100
USC00310356,2011-06-10,TMIN,244
USW00013754,2007-01-02,TMIN,17
USW00013754,2007-01-02,TMAX,133
USW00013754,2005-03-03,TMIN,-17
USW00013754,2008-06-17,TMIN,222
USC00316676,2008-12-06,TMIN,-17
USW00093719,2008-07-08,TMIN,222
USW00013754,2008-06-17,TMAX,333
USW00093765,2007-07-02,TMAX,272
USC00316676,2008-12-06,TMAX,100
USC00314684,2012-05-09,TMAX,267
USC00314684,2012-05-09,TMIN,156
USC00314684,2012-02-11,TMAX,106
USC00310576,2012-05-03,TMAX,317
USC00310576,2012-05-03,TMIN,189
USC00315830,2012-07-07,TMAX,317
USC00315830,2012-07-07,TMIN,272
USR0000NCRN,2009-05-06,TMAX,256
USR0000NCRN,2009-05-06,TMIN,217
USR0000NNWB,2009-04-09,TMIN,78
USW00093765,2014-01-22,TMIN,-55
USC00317170,2015-03-31,TMAX,233
USC00315830,2013-09-27,TMIN,183
USC00315830,2013-09-27,TMAX,256
USC00317170,2015-03-31,TMIN,28
USC00316096,2011-06-14,TMIN,167
USC00314684,2006-08-21,TMAX,328
USR0000NHOF,2006-05-08,TMIN,111
USC00314684,2012-02-11,TMIN,-28
USR0000NHOF,2011-09-29,TMAX,283
USC00317170,2010-01-08,TMIN,11
USR0000NNWB,2012-07-31,TMIN,222
USR0000NNWB,2007-04-11,TMIN,89
USC00315830,2005-06-20,TMAX,278
USC00314689,2011-10-16,TMAX,250
USC00314689,2014-02-24,TMIN,72
USC00314689,2014-02-24,TMAX,194
USR0000NNWB,2012-07-31,TMAX,328
USC00316096,2011-06-14,TMAX,278
USR0000NNWB,2009-04-09,TMAX,211
USC00317170,2010-01-08,TMAX,78
USW00093719,2015-05-21,TMAX,300
USC00314684,2014-05-15,TMAX,322
USC00310356,2006-10-15,TMIN,78
USW00093719,2010-01-13,TMIN,-67
USC00314684,2014-05-15,TMIN,172
USW00093719,2010-01-13,TMAX,67
USC00310356,2006-10-15,TMAX,244
USW00093719,2015-05-21,TMIN,156
USC00316096,2014-05-17,TMIN,100
USC00316676,2007-10-15,TMIN,72
USC00310576,2011-10-30,TMIN,28
USC00317170,2014-01-19,TMAX,128
USC00316096,2014-02-24,TMAX,172
USC00317170,2014-01-19,TMIN,-28
USW00093719,2012-09-01,TMIN,239
USW00093719,2012-09-01,TMAX,350
USW00013754,2015-07-08,TMAX,333
USC00314144,2006-10-12,TMIN,94
USW00093719,2005-06-12,TMIN,206
USW00013754,2015-07-08,TMIN,244
USC00310356,2006-05-08,TMIN,122
USC00315830,2013-08-07,TMIN,217
USC00315830,2013-08-07,TMAX,300
USC00310356,2006-05-08,TMAX,233
USR0000NCRN,2007-12-29,TMAX,211
USR0000NCRN,2007-12-29,TMIN,161
USR0000NNWB,2006-03-14,TMAX,228
USC00314684,2006-08-21,TMIN,244
USC00310576,2011-10-30,TMAX,139
USC00316096,2014-02-24,TMIN,11
USC00314684,2014-11-19,TMIN,-89
USW00013754,2013-12-30,TMIN,50
USC00316676,2007-10-15,TMAX,261
USW00093719,2015-11-05,TMAX,267
USW00093719,2015-11-05,TMIN,178
USR0000NHOF,2006-05-08,TMAX,156
USC00316096,2010-03-22,TMAX,183
USW00013754,2007-03-11,TMIN,44
USC00314144,2006-10-12,TMAX,217
USC00316096,2010-03-22,TMIN,94
USR0000NCRN,2014-09-21,TMIN,217
USR0000NCRN,2014-09-21,TMAX,278
USC00314684,2014-11-19,TMAX,56
USW00013754,2013-12-30,TMAX,156
USC00314684,2012-10-16,TMAX,267
USC00314684,2012-10-16,TMIN,89
USW00093765,2014-01-22,TMAX,11
USW00013754,2007-03-11,TMAX,200
USC00314684,2005-05-22,TMIN,111
USR0000NNWB,2010-01-13,TMIN,-56
USC00316676,2010-04-13,TMIN,83
USC00317170,2014-02-24,TMAX,183
USC00310356,2006-08-05,TMIN,211
USC00316676,2010-06-09,TMAX,294
USC00310356,2006-08-05,TMAX,289
USW00093765,2009-01-01,TMIN,-32
USW00093765,2009-01-01,TMAX,44
USR0000NCRN,2014-08-11,TMIN,228
USC00316676,2011-03-27,TMIN,56
USR0000NCRN,2014-08-11,TMAX,294
USW00093719,2015-07-08,TMAX,333
USC00314689,2010-12-16,TMAX,39
USC00314689,2010-12-16,TMIN,-56
USW00093719,2015-07-08,TMIN,244
USC00315830,2015-08-22,TMIN,233
USR0000NNWB,2014-04-22,TMAX,283
USC00315830,2015-08-22,TMAX,311
USC00316676,2010-10-22,TMAX,250
USC00315830,2007-06-09,TMAX,322
USC00317170,2014-02-24,TMIN,67
USR0000NCRN,2006-10-15,TMAX,222
USC00315830,2010-10-24,TMIN,106
USC00310576,2011-01-28,TMAX,111
USC00310576,2012-03-03,TMAX,206
USW00013754,2014-04-22,TMIN,67
USC00315830,2010-10-24,TMAX,244
USC00316676,2013-01-05,TMAX,122
USC00310356,2010-10-07,TMAX,206
USR0000NHOF,2007-09-30,TMIN,89
USC00310356,2010-10-07,TMIN,122
USC00314144,2008-09-02,TMIN,106
USW00093765,2007-10-05,TMIN,228
USW00093765,2007-10-05,TMAX,283
USC00316676,2010-06-09,TMIN,172
USC00310356,2009-05-18,TMIN,111
USC00310356,2009-05-18,TMAX,250
USR0000NCRN,2006-10-15,TMIN,33
USC00314144,2008-09-02,TMAX,294
USC00310576,2012-03-03,TMIN,122
USW00093719,2013-04-01,TMAX,222
USW00013754,2012-09-01,TMIN,239
USR0000NCRN,2014-12-09,TMIN,50
USR0000NCRN,2014-12-09,TMAX,72
USR0000NCRN,2007-07-19,TMAX,328
USR0000NHOF,2011-06-10,TMAX,317
USR0000NHOF,2011-06-10,TMIN,194
USC00314684,2009-03-18,TMAX,111
USC00317170,2013-02-17,TMAX,28
USC00314689,2007-11-16,TMAX,111
USC00317170,2013-02-17,TMIN,-11
USC00314684,2009-03-18,TMIN,17
USW00093719,2005-07-31,TMAX,289
USW00013754,2009-03-10,TMAX,161
USC00314689,2013-11-20,TMIN,33
USC00316096,2012-03-18,TMAX,228
USW00013754,2009-03-10,TMIN,83
USC00314684,2012-03-20,TMIN,122
USR0000NCRN,2007-07-19,TMIN,244
USW00093719,2013-04-01,TMIN,100
USC00314689,2007-11-16,TMIN,22
USW00093743,2010-10-07,TMAX,256
USC00314684,2006-12-02,TMAX,256
USC00314684,2006-12-02,TMIN,56
USR0000NNWB,2014-04-22,TMIN,72
USR0000NCRN,2008-10-20,TMIN,50
USC00316676,2010-10-22,TMIN,94
USR0000NCRN,2008-10-20,TMAX,189
USW00013754,2012-09-01,TMAX,356
USW00093743,2010-10-07,TMIN,100
USC00315830,2007-07-02,TMAX,294
USW00093719,2005-07-31,TMIN,228
USW00093719,2009-04-09,TMAX,206
USC00317170,2010-03-24,TMIN,72
USC00317170,2010-03-24,TMAX,239
USR0000NCRN,2007-01-22,TMIN,56
USR0000NCRN,2007-01-22,TMAX,156
USW00093719,2009-04-09,TMIN,72
USC00315830,2007-07-02,TMIN,211
USC00316676,2013-01-05,TMIN,-6
USC00316676,2011-10-04,TMAX,206
USC00310576,2011-01-28,TMIN,-6
USC00314684,2012-02-28,TMAX,139
USR0000NHOF,2015-09-06,TMIN,211
USW00013754,2011-11-02,TMAX,183
USW00093719,2005-11-15,TMIN,128
USW00093719,2005-11-15,TMAX,233
USC00310356,2015-02-18,TMAX,0
USC00314684,2015-03-05,TMAX,267
USW00093765,2010-12-06,TMIN,-21
USC00314684,2009-08-17,TMIN,206
USC00315830,2007-06-09,TMIN,250
USC00314684,2009-08-17,TMAX,306
USC00310356,2015-02-18,TMIN,-33
USW00093719,2011-12-07,TMIN,117
USW00093719,2011-12-07,TMAX,250
USW00093719,2005-09-18,TMAX,333
USW00093719,2005-09-18,TMIN,222
USR0000NCRN,2005-11-28,TMAX,228
USC00310356,2013-07-27,TMAX,300
USC00314684,2015-03-05,TMIN,139
USC00310356,2005-01-10,TMIN,78
USC00314684,2012-02-28,TMIN,39
USC00314684,2005-05-22,TMAX,222
USR0000NNWB,2010-01-13,TMAX,78
USR0000NCRN,2005-11-28,TMIN,167
USC00310576,2015-11-30,TMIN,89
USW00093765,2010-12-06,TMAX,56
USW00093719,2008-07-08,TMAX,311
USW00013754,2011-11-02,TMIN,56
USC00315830,2015-09-25,TMAX,244
USW00013754,2012-03-09,TMAX,189
USC00314684,2012-02-29,TMAX,189
USC00310356,2005-01-10,TMAX,122
USR0000NCRN,2008-05-03,TMIN,161
USW00013754,2012-03-09,TMIN,44
USC00316676,2010-04-13,TMAX,256
USR0000NHOF,2010-04-25,TMIN,156
USR0000NCRN,2008-05-03,TMAX,267
USC00310356,2013-07-27,TMIN,217
USR0000NHOF,2010-04-25,TMAX,256
USC00314684,2005-06-19,TMAX,289
USR0000NNWB,2011-03-23,TMIN,111
USR0000NNWB,2012-09-01,TMIN,239
USR0000NNWB,2012-09-01,TMAX,367
USR0000NHOF,2015-02-18,TMAX,89
USC00314684,2007-05-26,TMAX,289
USC00310576,2014-02-18,TMAX,94
USC00316676,2011-10-04,TMIN,44
USW00093743,2009-05-18,TMAX,139
USC00310576,2014-02-18,TMIN,22
USW00013754,2010-01-13,TMAX,72
USR0000NCRN,2006-05-08,TMIN,122
USR0000NCRN,2006-05-08,TMAX,172
USW00093765,2015-05-16,TMAX,244
USR0000NHOF,2015-02-18,TMIN,-56
USW00013754,2014-04-22,TMAX,250
USW00093765,2015-05-16,TMIN,133
USW00013754,2010-01-13,TMIN,-60
USC00314684,2005-06-19,TMIN,156
USC00314684,2007-05-26,TMIN,133
USC00316676,2011-03-27,TMAX,139
USC00315830,2015-09-25,TMIN,211
USW00093743,2011-06-10,TMAX,294
USC00310576,2015-11-30,TMAX,228
USW00093765,2013-02-17,TMAX,39
USW00093765,2005-08-06,TMAX,306
USW00093765,2005-08-06,TMIN,233
USW00093743,2011-06-10,TMIN,233
USC00314689,2012-10-16,TMAX,267
USC00314689,2012-10-16,TMIN,94
USW00093743,2013-07-27,TMAX,311
USW00093743,2013-07-27,TMIN,200
USW00093765,2013-02-17,TMIN,-5
USW00013754,2015-05-21,TMIN,167
USW00013754,2015-05-21,TMAX,289
USR0000NHOF,2006-08-05,TMIN,222
USW00093743,2009-05-18,TMIN,100
USR0000NHOF,2006-08-05,TMAX,289
USC00314689,2011-10-16,TMIN,78
USC00315830,2007-07-01,TMIN,217
USC00316676,2006-01-30,TMAX,189
USR0000NNWB,2007-04-11,TMAX,183
USR0000NHOF,2014-08-11,TMIN,206
USW00093765,2010-01-13,TMIN,-21
USC00310576,2009-01-12,TMAX,167
USC00310576,2009-01-12,TMIN,56
USR0000NCRN,2010-09-03,TMAX,339
USW00093765,2010-01-13,TMAX,83
USC00310576,2008-06-16,TMIN,206
USC00310356,2011-03-17,TMAX,172
USC00310356,2005-04-08,TMIN,156
USW00013754,2011-07-27,TMAX,322
USR0000NHOF,2014-08-11,TMAX,306
USW00093765,2006-04-03,TMAX,239
USW00093765,2006-04-03,TMIN,161
USC00315830,2012-08-12,TMIN,244
USC00314684,2005-04-10,TMIN,44
USC00314684,2005-04-10,TMAX,200
USC00315830,2012-08-12,TMAX,283
USC00310356,2012-06-05,TMAX,272
USW00093765,2012-10-16,TMIN,106
USC00310356,2005-04-08,TMAX,211
USR0000NNWB,2013-02-17,TMAX,39
USW00093719,2008-10-26,TMIN,94
USW00093719,2008-10-26,TMAX,211
USR0000NNWB,2013-02-17,TMIN,-44
USC00317170,2012-07-25,TMAX,328
USC00310576,2008-06-16,TMAX,283
USW00093765,2012-10-16,TMAX,200
USR0000NNWB,2007-03-11,TMAX,200
USW00013754,2011-07-27,TMIN,244
USC00310576,2014-09-21,TMIN,200
USC00310576,2014-09-21,TMAX,250
USC00310576,2009-06-24,TMIN,183
USC00316676,2013-07-26,TMAX,294
USC00316676,2013-07-26,TMIN,194
USC00310576,2009-06-24,TMAX,278
USC00314684,2011-04-08,TMAX,256
USC00317170,2012-07-25,TMIN,222
USR0000NNWB,2007-03-11,TMIN,61
USC00310356,2012-06-05,TMIN,194
USC00317170,2014-11-19,TMAX,67
USC00314684,2012-03-18,TMIN,128
USR0000NNWB,2007-06-24,TMAX,317
USR0000NNWB,2007-06-24,TMIN,183
USC00316676,2010-05-18,TMAX,244
USC00310356,2011-03-17,TMIN,83
USC00316096,2011-06-15,TMIN,150
USC00316096,2011-06-15,TMAX,289
USC00314684,2012-03-18,TMAX,261
USC00310356,2014-08-11,TMIN,228
USC00310356,2012-01-14,TMAX,83
USC00314684,2011-04-08,TMIN,56
USC00310356,2014-08-11,TMAX,283
USW00093765,2015-03-31,TMAX,178
USW00093765,2015-03-31,TMIN,50
USW00093765,2007-09-19,TMAX,283
USW00093765,2007-09-19,TMIN,206
USC00310576,2008-10-09,TMAX,250
USC00310576,2014-11-23,TMIN,-17
USC00310576,2014-06-29,TMIN,189
USC00310576,2014-06-29,TMAX,283
USC00317170,2014-11-19,TMIN,-72
USC00310576,2014-11-23,TMAX,161
USW00013754,2009-03-20,TMIN,56
USW00013754,2009-03-20,TMAX,144
USC00310356,2009-09-01,TMIN,206
USC00315830,2006-07-06,TMAX,300
USC00315830,2006-07-06,TMIN,244
USC00310356,2012-01-14,TMIN,6
USC00310356,2009-09-01,TMAX,289
USW00093765,2012-09-01,TMIN,256
USW00093765,2012-09-01,TMAX,306
USC00317170,2015-01-04,TMAX,211
USC00316676,2010-05-18,TMIN,206
USC00314689,2008-12-22,TMAX,128
USW00093743,2007-09-30,TMAX,267
USW00093743,2007-09-30,TMIN,161
USC00314689,2008-12-22,TMIN,-28
USC00310576,2015-09-02,TMIN,189
USC00316676,2005-09-22,TMAX,283
USR0000NCRN,2010-09-03,TMIN,228
USC00314684,2009-11-11,TMAX,217
USC00310576,2005-02-25,TMIN,-39
USC00310576,2005-02-25,TMAX,78
USR0000NHOF,2015-04-09,TMAX,250
USW00093719,2009-01-13,TMIN,22
USC00315830,2015-03-14,TMAX,178
USC00310576,2006-01-29,TMIN,22
USC00310576,2006-01-29,TMAX,178
USW00013754,2013-02-17,TMAX,39
USC00315830,2014-07-13,TMIN,228
USC00315830,2014-07-13,TMAX,294
USW00093765,2015-05-21,TMIN,161
USW00093765,2015-05-21,TMAX,272
USW00093719,2009-01-13,TMAX,78
USR0000NHOF,2009-10-28,TMAX,267
USR0000NHOF,2009-10-28,TMIN,111
USW00013754,2013-02-17,TMIN,-43
USC00310356,2013-09-22,TMAX,256
USC00314684,2009-11-11,TMIN,144
USC00314144,2011-02-03,TMIN,22
USR0000NCRN,2007-07-06,TMIN,233
USC00314684,2009-01-25,TMAX,144
USC00315830,2012-02-28,TMIN,100
USC00315830,2012-02-29,TMIN,83
USC00317170,2010-06-16,TMAX,344
USC00317170,2010-06-16,TMIN,228
USC00316676,2014-09-12,TMAX,300
USR0000NHOF,2015-04-09,TMIN,161
USC00314144,2011-02-03,TMAX,117
USC00310576,2009-08-05,TMAX,333
USC00310576,2009-08-05,TMIN,217
USC00315830,2013-01-19,TMAX,183
USW00013754,2010-04-28,TMAX,200
USC00316676,2014-09-12,TMIN,200
USC00317170,2010-01-13,TMIN,-22
USC00317170,2010-01-13,TMAX,83
USC00315830,2013-01-19,TMIN,11
USC00314144,2008-05-03,TMAX,261
USC00314144,2008-05-03,TMIN,156
USC00314689,2011-06-15,TMIN,156
USC00317170,2009-04-11,TMAX,233
USC00310356,2008-01-20,TMAX,67
USR0000NNWB,2005-03-03,TMIN,-28
USR0000NNWB,2005-03-03,TMAX,100
USC00314684,2010-03-24,TMIN,33
USC00314684,2010-03-24,TMAX,172
USC00310356,2008-01-20,TMIN,6
USC00317170,2009-04-11,TMIN,122
USC00310356,2015-09-06,TMAX,311
USR0000NNWB,2005-02-01,TMAX,78
USR0000NHOF,2012-05-03,TMAX,322
USR0000NHOF,2012-05-03,TMIN,183
USR0000NNWB,2005-02-01,TMIN,-6
USC00310356,2015-09-06,TMIN,222
USC00317170,2015-01-24,TMAX,178
USC00316676,2005-09-22,TMIN,200
USC00317170,2015-01-24,TMIN,56
USC00310576,2015-09-02,TMAX,300
USW00093743,2012-05-03,TMIN,200
USC00310576,2008-10-09,TMIN,78
USC00310356,2013-09-22,TMIN,206
USC00314689,2011-06-15,TMAX,283
USC00310356,2008-08-08,TMIN,217
USC00310356,2008-08-08,TMAX,317
USC00315830,2008-10-19,TMAX,206
USC00315830,2008-10-19,TMIN,133
USC00317170,2015-01-04,TMIN,78
USR0000NHOF,2014-02-18,TMAX,222
USC00310576,2006-05-08,TMIN,122
USC00310576,2006-05-08,TMAX,161
USR0000NHOF,2014-02-18,TMIN,11
USW00093743,2013-09-22,TMAX,261
USC00310356,2012-05-03,TMAX,244
USC00310356,2012-05-03,TMIN,200
USW00093743,2013-09-22,TMIN,206
USC00315830,2015-03-14,TMIN,83
USW00093743,2012-05-03,TMAX,283
USC00315830,2010-06-25,TMIN,239
USR0000NNWB,2007-10-29,TMAX,172
USC00315830,2010-06-25,TMAX,311
USC00316676,2006-05-01,TMIN,61
USR0000NHOF,2014-09-21,TMIN,206
USR0000NHOF,2014-09-21,TMAX,311
USR0000NCRN,2014-12-26,TMIN,0
USR0000NNWB,2008-06-17,TMAX,333
USR0000NCRN,2014-12-26,TMAX,161
USR0000NNWB,2006-04-06,TMIN,50
USC00314689,2014-05-17,TMAX,272
USW00013754,2009-08-31,TMIN,211
USC00314144,2006-01-11,TMAX,222
USC00310356,2014-09-21,TMIN,206
USC00310356,2014-09-21,TMAX,256
USC00314144,2006-01-11,TMIN,72
USC00310356,2011-09-29,TMIN,250
USC00317170,2010-04-06,TMAX,328
USW00093765,2006-03-04,TMAX,122
USC00314684,2010-07-02,TMAX,267
USC00310356,2011-09-29,TMAX,289
USC00314684,2010-07-02,TMIN,144
USR0000NNWB,2008-06-17,TMIN,233
USR0000NHOF,2012-06-08,TMAX,283
USW00093765,2014-01-19,TMIN,-21
USR0000NCRN,2015-02-18,TMAX,61
USC00316096,2012-05-09,TMIN,161
USR0000NCRN,2015-02-18,TMIN,-39
USC00316096,2012-05-09,TMAX,267
USC00315830,2012-12-10,TMIN,150
USR0000NCRN,2011-01-25,TMAX,106
USC00314689,2014-05-17,TMIN,167
USR0000NCRN,2011-01-25,TMIN,17
USR0000NNWB,2007-01-02,TMAX,139
USW00093765,2014-06-01,TMAX,239
USC00314689,2012-03-20,TMIN,139
USC00314689,2012-03-20,TMAX,283
USC00315830,2012-12-10,TMAX,211
USR0000NHOF,2012-06-08,TMIN,100
USW00013754,2009-08-31,TMAX,267
USR0000NNWB,2007-01-02,TMIN,11
USC00315830,2014-08-07,TMIN,217
USC00316676,2008-06-01,TMAX,306
USW00093765,2006-03-04,TMIN,6
USR0000NNWB,2015-09-06,TMAX,283
USC00315830,2005-06-20,TMIN,156
USR0000NHOF,2006-10-15,TMIN,-17
USC00310356,2012-06-08,TMIN,178
USR0000NHOF,2006-10-15,TMAX,200
USC00310356,2012-06-08,TMAX,283
USC00316676,2015-07-12,TMAX,356
USC00316676,2012-08-28,TMIN,228
USC00316676,2006-01-30,TMIN,128
USW00093765,2009-04-11,TMAX,233
USW00013754,2005-08-07,TMIN,222
USW00013754,2005-08-07,TMAX,294
USC00316096,2012-03-20,TMIN,122
USC00316096,2012-03-20,TMAX,256
USR0000NHOF,2007-01-22,TMIN,28
USR0000NHOF,2007-01-22,TMAX,150
USW00093765,2009-04-11,TMIN,111
USC00316676,2008-06-01,TMIN,211
USC00316676,2012-08-28,TMAX,311
USC00314684,2005-11-03,TMAX,189
USR0000NNWB,2006-04-06,TMAX,244
USW00093765,2015-01-24,TMIN,67
USR0000NHOF,2011-03-17,TMAX,206
USW00093765,2015-01-24,TMAX,183
USR0000NCRN,2013-04-11,TMIN,167
USR0000NCRN,2013-04-11,TMAX,244
USW00013754,2005-09-18,TMAX,317
USC00316676,2015-07-12,TMIN,228
USC00317170,2010-04-06,TMIN,167
USR0000NHOF,2011-03-17,TMIN,28
USC00317170,2015-04-26,TMIN,100
USC00317170,2015-04-26,TMAX,156
USR0000NCRN,2012-08-14,TMIN,239
USR0000NCRN,2012-08-14,TMAX,311
USR0000NNWB,2015-09-06,TMIN,222
USC00314684,2005-11-03,TMIN,22
USW00013754,2005-09-18,TMIN,233
USC00315830,2014-08-07,TMAX,300
USW00093719,2013-02-17,TMIN,-28
USW00093719,2013-02-17,TMAX,39
USC00316676,2014-12-19,TMIN,17
USC00310576,2005-03-28,TMAX,222
USW00093765,2011-04-03,TMIN,56
USC00315830,2012-11-12,TMAX,250
USC00315830,2012-11-12,TMIN,106
USW00093743,2011-03-17,TMAX,183
USC00310576,2013-12-19,TMAX,117
USC00315830,2010-04-24,TMIN,156
USW00093719,2015-05-16,TMAX,283
USC00310576,2013-12-19,TMIN,-6
USW00093719,2015-05-16,TMIN,128
USC00310576,2005-03-28,TMIN,117
USC00314689,2012-05-09,TMIN,172
USC00314689,2012-05-09,TMAX,272
USW00093765,2014-06-01,TMIN,144
USR0000NHOF,2012-06-05,TMAX,222
USW00093743,2011-03-17,TMIN,72
USC00310356,2015-04-09,TMIN,150
USW00013754,2009-04-09,TMIN,83
USR0000NCRN,2010-08-26,TMIN,189
USC00316676,2009-06-16,TMIN,206
USC00316676,2009-06-16,TMAX,294
USW00093743,2013-04-11,TMIN,150
USW00093743,2013-04-11,TMAX,244
USC00316096,2011-08-14,TMAX,306
USC00310356,2013-04-11,TMIN,150
USC00310356,2013-04-11,TMAX,200
USW00013754,2009-04-09,TMAX,211
USC00314144,2010-11-20,TMIN,-17
USC00317170,2009-01-01,TMIN,-11
USC00317170,2009-01-01,TMAX,67
USC00314144,2010-11-20,TMAX,200
USC00314689,2010-07-16,TMIN,250
USC00315830,2010-04-24,TMAX,244
USR0000NCRN,2010-08-26,TMAX,306
USC00316676,2014-12-19,TMAX,128
USC00314689,2010-07-16,TMAX,333
USR0000NHOF,2009-01-29,TMIN,-17
USR0000NHOF,2012-06-05,TMIN,117
USC00316096,2010-12-16,TMAX,128
USW00093765,2010-07-03,TMAX,272
USW00093765,2010-12-30,TMIN,-21
USC00310576,2015-10-19,TMAX,144
USW00093743,2008-01-20,TMAX,106
USR0000NCRN,2008-02-04,TMAX,211
USW00093743,2008-01-20,TMIN,-32
USC00310576,2015-10-19,TMIN,28
USW00093765,2010-07-03,TMIN,156
USC00317170,2014-01-22,TMIN,-56
USW00093719,2011-11-02,TMIN,39
USW00093719,2011-11-02,TMAX,178
USW00093765,2011-04-03,TMAX,178
USW00093765,2010-12-30,TMAX,100
USC00314689,2008-06-04,TMIN,206
USC00314689,2008-06-04,TMAX,344
USW00093765,2014-01-19,TMAX,117
USC00317170,2014-01-22,TMAX,111
USW00093765,2011-12-04,TMIN,83
USC00315830,2011-05-06,TMIN,117
USC00315830,2011-05-06,TMAX,233
USC00314684,2009-03-01,TMAX,139
USC00317170,2012-10-16,TMAX,217
USC00314684,2009-03-01,TMIN,22
USC00317170,2012-10-16,TMIN,111
USC00316096,2010-12-16,TMIN,-89
USR0000NHOF,2009-01-29,TMAX,128
USC00317170,2015-01-22,TMAX,167
USC00310356,2015-04-09,TMAX,200
USC00316096,2011-08-14,TMIN,228
USC00310576,2009-06-16,TMAX,289
USC00317170,2015-01-22,TMIN,-11
USW00093765,2010-01-08,TMAX,94
USC00310576,2009-06-16,TMIN,211
USW00093765,2008-07-15,TMAX,311
USW00093765,2010-01-08,TMIN,-10
USW00093765,2008-07-15,TMIN,228
USW00093765,2011-12-04,TMAX,189
USC00316676,2006-05-01,TMAX,200
USW00013754,2007-10-29,TMIN,94
USC00314684,2012-03-20,TMAX,256
USR0000NCRN,2012-06-08,TMIN,122
USW00093719,2014-01-22,TMIN,-71
USC00316096,2015-09-27,TMAX,250
USC00316676,2007-06-14,TMAX,267
USW00093719,2014-01-22,TMAX,-5
USC00314689,2011-12-04,TMAX,189
USC00315830,2010-01-13,TMIN,-39
USC00315830,2010-01-13,TMAX,67
USC00316676,2010-05-06,TMAX,294
USC00316676,2012-01-03,TMIN,-11
USC00316676,2012-01-03,TMAX,117
USC00316676,2009-10-16,TMIN,122
USC00310576,2015-09-14,TMAX,261
USC00317170,2014-04-22,TMAX,278
USC00317170,2014-04-22,TMIN,67
USC00310576,2015-09-14,TMIN,117
USC00314689,2011-12-04,TMIN,22
USC00315830,2011-08-09,TMIN,250
USR0000NNWB,2014-08-07,TMAX,317
USR0000NNWB,2009-01-13,TMAX,72
USC00316096,2015-09-27,TMIN,222
USW00013754,2010-03-01,TMIN,-21
USR0000NCRN,2012-06-29,TMIN,250
USW00093719,2007-06-24,TMAX,300
USW00093719,2007-06-24,TMIN,172
USC00316676,2010-05-06,TMIN,156
USC00314684,2006-03-04,TMAX,133
USR0000NCRN,2012-06-29,TMAX,300
USR0000NNWB,2009-01-13,TMIN,17
USC00315830,2013-11-17,TMIN,156
USC00314684,2013-04-10,TMAX,289
USC00314684,2006-03-04,TMIN,-33
USC00316676,2007-06-14,TMIN,178
USC00314689,2008-12-28,TMIN,122
USC00314689,2008-12-28,TMAX,244
USC00310576,2007-12-16,TMIN,100
USC00310576,2007-12-16,TMAX,211
USC00314684,2013-04-10,TMIN,139
USW00013754,2010-03-01,TMAX,133
USR0000NNWB,2014-08-07,TMIN,211
USC00310356,2008-10-02,TMIN,128
USC00314689,2010-01-08,TMAX,61
USC00314684,2012-07-25,TMIN,217
USC00314689,2010-01-08,TMIN,17
USW00013754,2011-12-07,TMIN,117
USC00316676,2006-11-10,TMAX,239
USW00093765,2009-04-09,TMAX,217
USW00093765,2009-04-09,TMIN,128
USC00316676,2006-05-07,TMAX,278
USR0000NCRN,2011-07-03,TMAX,294
USW00093719,2007-04-11,TMAX,183
USR0000NNWB,2010-03-01,TMAX,139
USR0000NNWB,2010-03-01,TMIN,-22
USW00093719,2007-04-11,TMIN,83
USC00310576,2010-10-01,TMAX,267
USR0000NCRN,2011-07-03,TMIN,222
USC00317170,2009-09-10,TMAX,233
USC00316676,2006-11-10,TMIN,94
USC00315830,2015-08-01,TMIN,239
USC00316676,2006-05-07,TMIN,150
USC00314144,2010-07-30,TMIN,189
USC00316676,2009-10-16,TMAX,167
USC00315830,2011-08-09,TMAX,339
USC00310356,2008-10-02,TMAX,261
USW00093719,2011-02-26,TMAX,150
USW00093719,2011-02-26,TMIN,39
USW00093765,2015-01-04,TMIN,167
USC00315830,2007-05-20,TMIN,128
USC00314684,2012-07-25,TMAX,350
USC00315830,2015-08-01,TMAX,256
USC00314689,2014-01-19,TMAX,111
USC00314689,2014-01-19,TMIN,-39
USC00317170,2009-09-10,TMIN,178
USW00093765,2015-01-04,TMAX,200
USR0000NNWB,2012-02-17,TMAX,172
USR0000NNWB,2012-02-17,TMIN,67
USC00314144,2010-07-30,TMAX,317
USC00315830,2007-05-20,TMAX,244
USW00013754,2007-07-06,TMIN,217
USC00310356,2008-08-13,TMAX,294
USC00310356,2009-01-29,TMAX,161
USW00093765,2010-04-12,TMIN,89
USR0000NCRN,2007-09-12,TMIN,222
USC00315830,2012-01-28,TMIN,33
USW00093719,2006-09-29,TMIN,106
USW00093719,2006-09-29,TMAX,228
USC00316096,2013-04-10,TMIN,161
USC00317170,2015-07-08,TMAX,344
USW00093765,2010-04-12,TMAX,217
USC00316096,2013-04-10,TMAX,244
USC00316096,2014-05-15,TMAX,272
USC00316096,2014-05-15,TMIN,222
USC00317170,2015-07-08,TMIN,239
USC00316676,2012-10-16,TMIN,111
USR0000NCRN,2014-07-12,TMAX,294
USR0000NCRN,2014-07-12,TMIN,211
USR0000NCRN,2007-09-12,TMAX,283
USC00315830,2012-01-28,TMAX,194
USC00310356,2015-04-02,TMIN,72
USC00316676,2009-04-30,TMIN,150
USC00316096,2014-01-19,TMIN,-50
USC00314144,2005-05-10,TMAX,261
USC00314144,2006-05-02,TMAX,256
USR0000NHOF,2012-12-01,TMIN,-17
USC00310356,2009-07-19,TMAX,289
USC00310356,2009-07-19,TMIN,244
USC00316096,2011-12-04,TMAX,194
USC00314144,2006-05-02,TMIN,50
USC00316676,2012-10-16,TMAX,272
USW00093765,2014-04-22,TMAX,211
USR0000NNWB,2014-12-07,TMAX,139
USC00316096,2013-02-17,TMAX,33
USR0000NNWB,2014-12-07,TMIN,56
USW00093765,2007-06-03,TMAX,267
USC00316096,2011-12-04,TMIN,44
USC00316096,2013-02-17,TMIN,-50
USC00314144,2010-09-18,TMAX,289
USW00093765,2014-04-22,TMIN,78
USC00315830,2013-11-17,TMAX,267
USC00316096,2010-01-08,TMAX,67
USC00316676,2015-12-15,TMIN,150
USW00013754,2014-08-07,TMAX,311
USW00093765,2007-06-03,TMIN,211
USW00093765,2005-02-11,TMIN,6
USW00013754,2014-08-07,TMIN,211
USW00093765,2005-02-11,TMAX,94
USC00316096,2009-08-06,TMIN,222
USC00316096,2009-08-06,TMAX,300
USC00314689,2013-02-17,TMIN,-17
USC00315830,2013-11-01,TMIN,211
USC00314689,2006-08-02,TMAX,350
USR0000NCRN,2013-01-03,TMAX,56
USC00316096,2010-07-02,TMAX,272
USC00316096,2010-07-02,TMIN,156
USC00314689,2006-08-02,TMIN,256
USC00314689,2012-02-11,TMIN,61
USR0000NCRN,2013-01-03,TMIN,44
USC00310356,2008-08-13,TMIN,211
USC00316096,2010-01-08,TMIN,-28
USC00314689,2012-02-11,TMAX,106
USC00315830,2013-11-01,TMAX,256
USC00310576,2005-10-13,TMIN,150
USC00316676,2015-12-15,TMAX,250
USC00316676,2009-04-30,TMAX,283
USR0000NHOF,2009-07-19,TMAX,272
USC00310356,2015-04-02,TMAX,172
USR0000NHOF,2009-07-19,TMIN,194
USC00310576,2005-10-13,TMAX,189
USC00314689,2013-02-17,TMAX,33
USC00310576,2015-02-18,TMAX,28
USW00093743,2008-10-02,TMIN,106
USW00093743,2008-10-02,TMAX,222
USW00093765,2006-07-06,TMAX,294
USW00093765,2006-07-06,TMIN,206
USC00315830,2015-05-21,TMIN,200
USC00310356,2009-01-29,TMIN,39
USC00315830,2015-05-21,TMAX,289
USC00310576,2015-02-18,TMIN,-11
USW00013754,2007-07-06,TMAX,333
USC00314689,2006-07-11,TMIN,211
USC00314689,2006-07-11,TMAX,328
USR0000NNWB,2008-11-04,TMIN,156
USW00093719,2005-04-10,TMIN,61
USW00093719,2005-04-10,TMAX,206
USC00314144,2008-02-13,TMAX,217
USC00314144,2008-02-13,TMIN,72
USW00093743,2008-05-03,TMAX,250
USW00093743,2008-05-03,TMIN,172
USR0000NNWB,2008-11-04,TMAX,194
USC00314684,2005-02-10,TMAX,189
USC00315830,2011-11-02,TMIN,78
USC00310356,2007-10-20,TMAX,267
USC00315830,2011-11-02,TMAX,172
USW00093719,2014-08-07,TMAX,311
USW00093719,2014-08-07,TMIN,211
USR0000NCRN,2009-05-18,TMAX,133
USC00310356,2007-10-20,TMIN,222
USR0000NCRN,2009-05-18,TMIN,133
USC00316676,2014-04-26,TMIN,117
USC00310576,2012-06-05,TMIN,172
USC00316676,2007-06-08,TMIN,211
USR0000NCRN,2008-07-08,TMAX,294
USR0000NCRN,2008-07-08,TMIN,233
USW00013754,2012-05-03,TMAX,328
USW00013754,2012-05-03,TMIN,200
USC00315830,2010-06-17,TMIN,244
USC00315830,2010-06-17,TMAX,333
USC00314684,2015-03-31,TMIN,11
USC00310576,2012-06-05,TMAX,278
USW00013754,2011-09-01,TMAX,283
USC00314684,2015-05-16,TMAX,233
USC00316676,2007-06-08,TMAX,317
USC00314684,2015-05-16,TMIN,122
USW00093765,2013-04-10,TMIN,161
USC00314689,2014-09-20,TMIN,156
USC00314689,2014-09-20,TMAX,272
USW00093765,2013-04-10,TMAX,233
USW00013754,2011-09-01,TMIN,178
USC00315830,2011-04-25,TMAX,261
USC00314684,2015-07-08,TMAX,339
USC00316676,2014-04-26,TMAX,256
USR0000NNWB,2009-12-01,TMAX,156
USR0000NCRN,2009-02-25,TMAX,117
USC00317170,2014-05-17,TMIN,111
USC00317170,2014-05-17,TMAX,244
USR0000NHOF,2008-05-03,TMAX,261
USC00317170,2009-04-09,TMAX,217
USC00317170,2009-04-09,TMIN,100
USC00315830,2007-12-08,TMIN,56
USR0000NHOF,2008-05-03,TMIN,156
USC00315830,2006-12-03,TMIN,72
USR0000NCRN,2010-09-07,TMIN,167
USR0000NNWB,2009-12-01,TMIN,50
USC00316676,2013-11-02,TMIN,178
USC00315830,2006-12-03,TMAX,156
USW00093719,2010-09-07,TMIN,172
USW00093719,2010-09-07,TMAX,306
USR0000NCRN,2010-09-07,TMAX,300
USC00314684,2015-07-08,TMIN,233
USR0000NCRN,2006-05-02,TMIN,67
USR0000NCRN,2006-05-02,TMAX,256
USC00314684,2011-02-07,TMAX,144
USR0000NCRN,2009-02-25,TMIN,-67
USC00314684,2005-02-10,TMIN,100
USC00310576,2010-04-07,TMIN,172
USC00314689,2014-05-15,TMAX,328
USC00314684,2011-02-07,TMIN,6
USC00316096,2013-04-01,TMAX,200
USW00093719,2010-03-01,TMIN,0
USC00314689,2014-05-15,TMIN,200
USC00314144,2008-11-10,TMAX,167
USC00310576,2010-04-07,TMAX,317
USR0000NNWB,2012-05-03,TMAX,350
USR0000NNWB,2012-05-03,TMIN,200
USR0000NHOF,2015-11-19,TMIN,189
USC00315830,2007-12-08,TMAX,178
USW00093719,2010-03-01,TMAX,133
USC00316096,2013-04-01,TMIN,100
USC00315830,2011-04-25,TMIN,194
USC00316096,2011-04-08,TMIN,100
USW00093719,2013-07-27,TMIN,194
USW00013754,2011-12-07,TMAX,250
USC00316096,2011-04-08,TMAX,228
USC00317170,2010-09-21,TMIN,167
USC00314684,2012-12-08,TMAX,189
USR0000NNWB,2015-01-24,TMIN,44
USR0000NNWB,2015-01-24,TMAX,183
USW00013754,2008-08-23,TMAX,289
USC00314684,2007-07-30,TMIN,206
USC00316676,2010-08-30,TMIN,167
USW00093743,2013-09-27,TMAX,250
USW00013754,2008-08-23,TMIN,206
USC00310356,2013-09-27,TMIN,178
USC00314689,2015-10-28,TMIN,167
USC00314689,2015-10-28,TMAX,244
USC00314684,2012-12-08,TMIN,67
USC00310356,2013-09-27,TMAX,256
USW00093743,2013-09-27,TMIN,172
USC00317170,2010-09-21,TMAX,322
USC00314684,2007-07-30,TMAX,306
USW00093719,2012-05-09,TMIN,156
USC00310576,2010-10-01,TMIN,211
USC00314684,2005-09-18,TMAX,333
USC00314684,2005-09-18,TMIN,217
USC00316676,2008-12-24,TMIN,-17
USW00013754,2013-07-27,TMAX,317
USW00013754,2013-07-27,TMIN,189
USC00314684,2013-04-01,TMAX,228
USW00093719,2012-05-09,TMAX,289
USC00314684,2013-04-01,TMIN,94
USC00316676,2012-12-01,TMIN,0
USC00314144,2007-02-23,TMIN,-50
USC00316676,2012-12-01,TMAX,172
USC00314689,2005-09-22,TMIN,206
USC00314689,2005-09-22,TMAX,306
USC00316096,2011-12-20,TMIN,67
USC00316096,2011-12-20,TMAX,211
USC00316676,2008-12-24,TMAX,94
USR0000NNWB,2007-05-19,TMAX,211
USR0000NNWB,2011-02-04,TMAX,44
USC00314684,2015-01-22,TMAX,150
USW00013754,2009-09-18,TMAX,256
USW00013754,2010-08-21,TMIN,200
USC00310576,2006-01-11,TMAX,200
USC00315830,2014-06-29,TMIN,217
USC00310576,2006-01-11,TMIN,67
USR0000NNWB,2009-12-19,TMAX,122
USC00317170,2013-11-20,TMIN,39
USR0000NNWB,2009-12-19,TMIN,-6
USC00317170,2013-11-20,TMAX,150
USW00013754,2009-09-18,TMIN,194
USC00314684,2015-03-31,TMAX,161
USW00093719,2013-07-27,TMAX,322
USR0000NNWB,2011-02-04,TMIN,17
USC00314684,2012-11-14,TMAX,189
USC00310356,2008-05-03,TMAX,222
USC00310356,2008-05-03,TMIN,178
USC00316676,2010-08-30,TMAX,283
USW00013754,2010-08-21,TMAX,322
USC00315830,2014-06-29,TMAX,267
USC00314684,2012-11-14,TMIN,44
USR0000NNWB,2007-05-19,TMIN,111
USC00314684,2015-01-22,TMIN,-17
USW00093719,2007-02-23,TMIN,-17
USW00093743,2013-08-07,TMIN,211
USW00093719,2007-02-23,TMAX,117
USC00314144,2006-08-05,TMIN,217
USW00093743,2013-08-07,TMAX,311
USW00013754,2008-04-01,TMIN,183
USW00013754,2008-04-01,TMAX,222
USW00093765,2010-11-27,TMAX,161
USW00093765,2010-11-27,TMIN,6
USC00317170,2013-04-10,TMIN,156
USC00317170,2013-04-10,TMAX,311
USR0000NCRN,2015-04-09,TMIN,156
USR0000NCRN,2015-04-09,TMAX,222
USC00310356,2013-08-07,TMIN,239
USC00310356,2013-08-07,TMAX,294
USC00314144,2005-05-10,TMIN,67
USC00316096,2014-01-19,TMAX,128
USC00314689,2011-12-20,TMAX,200
USC00314144,2010-09-18,TMIN,167
USC00315830,2009-12-17,TMAX,83
USC00315830,2009-12-17,TMIN,-11
USC00314144,2006-10-15,TMIN,0
USW00093719,2006-03-06,TMAX,111
USC00314144,2009-04-20,TMAX,244
USR0000NHOF,2007-02-18,TMIN,-44
USC00314144,2006-10-15,TMAX,217
USC00315830,2015-04-24,TMAX,194
USR0000NHOF,2007-02-18,TMAX,89
USC00314689,2011-06-14,TMIN,178
USR0000NCRN,2009-05-29,TMIN,206
USC00310356,2008-02-04,TMAX,161
USC00310356,2008-02-04,TMIN,33
USR0000NCRN,2009-05-29,TMAX,283
USR0000NCRN,2006-10-12,TMAX,283
USC00315830,2015-04-24,TMIN,100
USC00314689,2011-06-14,TMAX,289
USC00317170,2008-07-15,TMAX,317
USC00310576,2013-09-22,TMIN,172
USW00013754,2010-05-16,TMIN,189
USC00316096,2013-11-20,TMIN,56
USW00093765,2005-04-10,TMAX,200
USC00310576,2005-06-28,TMIN,228
USC00316096,2013-11-20,TMAX,144
USC00310576,2005-06-28,TMAX,300
USC00310356,2012-12-01,TMIN,56
USC00316676,2005-07-12,TMIN,228
USR0000NHOF,2010-10-07,TMIN,67
USC00314684,2014-01-19,TMAX,50
USC00314684,2014-01-19,TMIN,-39
USW00093719,2006-03-06,TMIN,44
USR0000NHOF,2010-10-07,TMAX,256
USW00013754,2010-05-16,TMAX,294
USR0000NNWB,2009-08-31,TMAX,244
USR0000NNWB,2009-08-31,TMIN,200
USC00310576,2013-09-22,TMAX,289
USC00316676,2005-07-12,TMAX,300
USW00093765,2005-04-10,TMIN,61
USC00315830,2012-07-09,TMIN,272
USR0000NNWB,2011-03-23,TMAX,300
USW00093743,2008-02-04,TMAX,350
USW00093743,2008-02-04,TMIN,106
USW00093765,2010-03-24,TMAX,206
USC00314144,2008-11-24,TMIN,-72
USW00013754,2008-03-02,TMIN,33
USC00314144,2007-08-26,TMIN,206
USC00314144,2008-11-24,TMAX,144
USW00093765,2010-03-24,TMIN,89
USC00314684,2011-12-04,TMAX,156
USC00315830,2009-10-29,TMAX,244
USC00316676,2013-02-21,TMIN,-6
USW00093743,2010-04-25,TMAX,228
USC00314684,2011-12-04,TMIN,22
USW00013754,2015-09-06,TMIN,217
USW00013754,2015-09-06,TMAX,278
USC00315830,2006-08-29,TMAX,311
USC00315830,2009-10-29,TMIN,150
USC00314144,2009-04-20,TMIN,122
USW00013754,2008-03-02,TMAX,139
USR0000NHOF,2008-08-13,TMAX,217
USC00315830,2012-07-09,TMAX,322
USC00314684,2005-10-27,TMIN,28
USC00317170,2008-07-15,TMIN,228
USC00314684,2005-10-27,TMAX,178
USR0000NCRN,2006-10-12,TMIN,156
USC00314144,2007-10-26,TMIN,211
USC00314144,2007-10-26,TMAX,228
USC00314689,2012-11-14,TMAX,167
USC00314689,2014-11-19,TMAX,61
USC00314689,2014-11-19,TMIN,-72
USR0000NHOF,2008-08-13,TMIN,161
USC00314689,2012-11-14,TMIN,44
USC00314144,2007-08-26,TMAX,322
USC00315830,2012-05-03,TMAX,267
USC00315830,2012-05-03,TMIN,194
USW00093743,2010-04-25,TMIN,183
USC00316096,2010-09-17,TMAX,294
USR0000NNWB,2010-03-05,TMAX,106
USC00314689,2007-10-16,TMAX,256
USC00314689,2007-10-16,TMIN,78
USC00317170,2015-05-16,TMIN,117
USC00314689,2010-03-22,TMAX,211
USC00310356,2006-01-11,TMAX,189
USC00310576,2005-10-11,TMIN,211
USC00314689,2010-03-22,TMIN,167
USR0000NCRN,2011-07-16,TMIN,172
USC00314684,2006-04-03,TMAX,256
USC00314144,2008-07-01,TMIN,133
USC00310356,2006-01-11,TMIN,33
USR0000NNWB,2006-07-06,TMIN,200
USC00316096,2014-11-19,TMAX,67
USC00316096,2014-11-19,TMIN,-67
USC00314144,2008-07-01,TMAX,283
USW00093765,2015-01-13,TMAX,144
USR0000NCRN,2009-07-19,TMAX,283
USR0000NCRN,2009-07-19,TMIN,250
USR0000NNWB,2006-07-06,TMAX,278
USC00314684,2006-04-03,TMIN,122
USC00314144,2006-05-08,TMAX,178
USW00093765,2015-04-26,TMAX,172
USR0000NCRN,2012-06-08,TMAX,272
USW00093765,2014-02-24,TMIN,44
USW00093765,2014-02-24,TMAX,167
USC00316676,2015-02-20,TMIN,-122
USC00314689,2013-11-20,TMAX,133
USC00316676,2013-04-10,TMIN,139
USC00310576,2005-10-11,TMAX,250
USC00317170,2015-05-16,TMAX,317
USC00316676,2013-04-10,TMAX,289
USC00316676,2015-02-20,TMAX,-28
USC00316096,2011-10-16,TMAX,239
USR0000NNWB,2007-10-29,TMIN,56
USC00315830,2010-08-22,TMIN,256
USC00315830,2010-08-22,TMAX,306
USC00314144,2006-05-08,TMIN,100
USW00093765,2015-04-26,TMIN,111
USC00316096,2011-10-16,TMIN,83
USC00310576,2013-07-27,TMAX,311
USC00310576,2013-07-27,TMIN,167
USR0000NCRN,2011-07-16,TMAX,289
USW00093719,2009-12-19,TMAX,133
USC00310356,2012-12-01,TMAX,167
USC00314684,2010-01-08,TMAX,61
USW00093765,2010-08-30,TMAX,322
USW00093719,2015-01-24,TMAX,200
USW00093765,2010-08-30,TMIN,194
USW00013754,2014-12-07,TMAX,167
USC00314684,2014-05-17,TMAX,244
USW00013754,2014-12-07,TMIN,67
USR0000NNWB,2008-05-05,TMAX,244
USC00316676,2010-08-01,TMIN,200
USC00316676,2010-08-01,TMAX,283
USC00316676,2008-09-12,TMIN,228
USC00316676,2008-09-12,TMAX,294
USC00314684,2010-01-08,TMIN,-61
USR0000NNWB,2010-03-05,TMIN,-22
USR0000NNWB,2008-05-05,TMIN,161
USW00093719,2009-12-19,TMIN,0
USW00093719,2015-01-24,TMIN,50
USR0000NCRN,2014-09-13,TMIN,228
USW00093765,2015-01-13,TMIN,33
USC00310576,2006-09-28,TMAX,256
USC00310576,2006-09-28,TMIN,122
USR0000NHOF,2006-01-11,TMAX,211
USR0000NHOF,2006-01-11,TMIN,50
USC00315830,2011-03-10,TMAX,189
USC00315830,2011-03-10,TMIN,72
USC00314684,2014-05-17,TMIN,106
USC00310576,2011-10-15,TMAX,244
USC00314144,2008-08-07,TMAX,350
USC00314144,2008-08-07,TMIN,206
USW00093743,2009-01-29,TMIN,33
USW00093743,2009-01-29,TMAX,122
USC00310576,2011-10-15,TMIN,106
USC00317170,2012-05-09,TMIN,156
USC00317170,2012-05-09,TMAX,289
USR0000NCRN,2014-09-13,TMAX,294
USW00093765,2012-02-21,TMAX,167
USC00316096,2012-03-18,TMIN,128
USC00315830,2006-08-29,TMIN,267
USC00314684,2005-12-10,TMIN,-39
USC00314689,2009-08-06,TMAX,322
USR0000NNWB,2009-03-10,TMIN,83
USC00315830,2009-07-22,TMAX,289
USC00317170,2013-04-01,TMIN,117
USC00314684,2005-02-06,TMAX,150
USR0000NNWB,2010-05-16,TMIN,194
USC00310356,2014-11-23,TMIN,61
USR0000NNWB,2010-05-16,TMAX,306
USC00310356,2014-11-23,TMAX,150
USW00093719,2006-01-14,TMIN,44
USW00093719,2006-01-14,TMAX,206
USC00310356,2014-09-13,TMAX,294
USW00013754,2014-02-24,TMIN,44
USW00013754,2014-02-24,TMAX,178
USC00314144,2011-07-03,TMAX,322
USC00314144,2011-07-03,TMIN,206
USC00316676,2007-03-24,TMIN,111
USC00314684,2011-06-15,TMIN,133
USC00314689,2009-08-06,TMIN,222
USC00314684,2013-11-20,TMIN,33
USW00093765,2015-07-08,TMAX,306
USR0000NCRN,2005-10-27,TMIN,56
USW00093765,2015-07-08,TMIN,261
USC00314689,2009-05-11,TMAX,256
USC00314689,2009-05-11,TMIN,139
USR0000NNWB,2014-02-24,TMAX,178
USC00314689,2006-04-03,TMAX,250
USC00314684,2013-11-20,TMAX,139
USC00314689,2006-04-03,TMIN,133
USC00314684,2005-02-06,TMIN,-6
USW00093765,2008-10-29,TMIN,44
USC00310576,2007-11-07,TMAX,211
USC00310576,2007-11-07,TMIN,22
USC00317170,2013-04-01,TMAX,211
USR0000NNWB,2009-03-10,TMAX,194
USC00315830,2009-07-22,TMIN,222
USC00316676,2007-03-24,TMAX,283
USC00316676,2014-09-20,TMAX,261
USC00314684,2011-06-15,TMAX,289
USC00310356,2014-09-13,TMIN,228
USW00093743,2008-08-13,TMIN,117
USC00314144,2008-11-05,TMIN,128
USC00314144,2008-11-05,TMAX,189
USC00310356,2007-02-18,TMIN,-72
USC00310356,2007-02-18,TMAX,89
USR0000NCRN,2006-08-05,TMIN,244
USR0000NHOF,2015-04-02,TMIN,0
USC00310356,2010-04-25,TMAX,228
USC00314689,2013-04-10,TMIN,161
USR0000NCRN,2006-08-05,TMAX,306
USR0000NHOF,2012-12-01,TMAX,194
USC00316676,2014-06-08,TMIN,144
USC00310576,2008-07-24,TMIN,222
USR0000NHOF,2015-04-02,TMAX,217
USC00316676,2014-06-08,TMAX,283
USC00310576,2008-07-24,TMAX,311
USC00314689,2013-04-10,TMAX,306
USC00314689,2008-07-22,TMAX,372
USC00315830,2005-05-07,TMIN,67
USR0000NHOF,2014-09-13,TMIN,222
USC00314689,2008-07-22,TMIN,233
USC00315830,2008-11-28,TMAX,156
USR0000NNWB,2011-12-07,TMAX,244
USC00314689,2015-09-27,TMIN,194
USC00315830,2008-11-28,TMIN,44
USR0000NCRN,2010-07-18,TMIN,228
USC00315830,2013-07-27,TMAX,300
USC00315830,2005-05-07,TMAX,217
USR0000NCRN,2010-07-18,TMAX,311
USC00310356,2010-04-25,TMIN,172
USC00314684,2007-11-08,TMIN,-22
USC00314689,2015-09-27,TMAX,267
USC00314689,2011-12-20,TMIN,61
USC00314684,2007-11-08,TMAX,139
USC00315830,2006-02-11,TMAX,117
USR0000NHOF,2014-09-13,TMAX,328
USC00315830,2013-07-27,TMIN,206
USC00316676,2014-09-20,TMIN,189
USC00314144,2011-04-03,TMIN,-22
USR0000NNWB,2014-02-24,TMIN,33
USR0000NHOF,2008-02-04,TMIN,22
USW00093765,2007-11-01,TMAX,261
USW00013754,2010-03-05,TMIN,-21
USW00093719,2014-02-24,TMIN,33
USW00013754,2010-03-05,TMAX,94
USC00314689,2007-03-07,TMIN,-6
USW00093719,2014-02-24,TMAX,178
USR0000NHOF,2008-02-04,TMAX,211
USR0000NNWB,2012-03-09,TMAX,178
USC00316096,2010-11-15,TMAX,200
USC00316096,2015-11-18,TMAX,244
USC00317170,2007-10-29,TMIN,78
USC00316096,2015-11-18,TMIN,111
USR0000NNWB,2012-03-09,TMIN,33
USW00093719,2006-07-06,TMAX,306
USW00093719,2006-07-06,TMIN,200
USC00316096,2010-11-15,TMIN,0
USC00310576,2008-03-20,TMAX,244
USC00314689,2007-05-09,TMIN,167
USC00316096,2010-09-17,TMIN,211
USC00314144,2011-05-20,TMIN,156
USW00013754,2008-01-06,TMAX,211
USC00310576,2013-08-07,TMIN,172
USW00013754,2008-01-06,TMIN,44
USC00310576,2013-08-07,TMAX,294
USR0000NHOF,2008-10-02,TMIN,61
USR0000NHOF,2008-10-02,TMAX,217
USC00314689,2007-05-09,TMAX,250
USC00314684,2005-12-10,TMAX,106
USW00093719,2014-04-22,TMIN,72
USC00316676,2013-02-21,TMAX,139
USW00093765,2013-04-01,TMAX,172
USC00314689,2007-03-07,TMAX,211
USW00093765,2013-04-01,TMIN,122
USW00093765,2012-05-09,TMIN,200
USW00093765,2012-05-09,TMAX,272
USW00093719,2014-04-22,TMAX,289
USC00310576,2008-03-20,TMIN,167
USC00314689,2010-07-07,TMIN,217
USW00013754,2008-05-05,TMIN,167
USC00314144,2007-09-08,TMIN,117
USC00314684,2013-02-17,TMAX,83
USC00310576,2013-09-27,TMIN,156
USW00093765,2008-10-29,TMAX,156
USC00310576,2013-09-27,TMAX,256
USC00314684,2013-02-17,TMIN,-22
USW00093765,2012-02-21,TMIN,22
USC00314144,2007-09-08,TMAX,300
USW00013754,2008-11-04,TMAX,194
USC00310576,2005-05-31,TMAX,239
USC00315830,2006-02-11,TMIN,61
USC00310576,2005-05-31,TMIN,183
USC00316096,2012-11-14,TMIN,72
USR0000NCRN,2005-10-27,TMAX,194
USC00316096,2012-11-14,TMAX,117
USC00314144,2011-04-03,TMAX,206
USW00013754,2008-11-04,TMIN,156
USW00093743,2012-12-01,TMIN,6
USR0000NHOF,2014-11-23,TMAX,200
USR0000NHOF,2014-11-23,TMIN,28
USW00013754,2008-05-05,TMAX,233
USW00093765,2007-11-01,TMIN,172
USC00314689,2005-11-18,TMAX,111
USC00310576,2015-03-19,TMIN,67
USC00316096,2012-02-11,TMAX,111
USC00316096,2012-02-11,TMIN,-17
USC00314689,2012-03-18,TMAX,250
USC00314689,2006-12-31,TMAX,189
USC00314689,2006-12-31,TMIN,100
USC00310576,2015-03-19,TMAX,144
USC00314689,2012-03-18,TMIN,139
USC00314689,2010-07-07,TMAX,372
USR0000NCRN,2015-11-06,TMIN,172
USW00093743,2012-12-01,TMAX,167
USC00317170,2007-10-29,TMAX,178
USR0000NCRN,2015-11-06,TMAX,250
USC00314689,2005-11-18,TMIN,-11
USC00314144,2011-05-20,TMAX,283
USR0000NCRN,2005-12-08,TMIN,22
USW00013754,2007-10-29,TMAX,178
USW00093765,2007-03-11,TMAX,211
USW00093765,2013-11-16,TMAX,233
USW00093765,2013-11-16,TMIN,150
USC00316096,2013-02-22,TMIN,33
USC00316676,2005-06-11,TMIN,172
USC00316096,2013-02-22,TMAX,94
USC00315830,2006-02-17,TMIN,128
USC00315830,2006-02-17,TMAX,183
USC00316676,2005-06-11,TMAX,289
USW00093765,2006-12-12,TMAX,194
USR0000NNWB,2014-09-11,TMAX,311
USR0000NNWB,2014-09-11,TMIN,206
USC00316676,2010-10-06,TMAX,200
USC00316676,2010-10-06,TMIN,72
USC00316676,2011-01-24,TMAX,83
USW00093743,2008-01-09,TMIN,150
USW00093743,2008-01-09,TMAX,311
USW00093765,2006-12-12,TMIN,6
USR0000NHOF,2006-10-16,TMIN,0
USC00314684,2011-10-14,TMIN,156
USC00314684,2007-06-08,TMAX,333
USC00317170,2014-01-18,TMIN,28
USC00316676,2009-01-01,TMIN,-22
USC00316676,2009-01-01,TMAX,178
USW00013754,2005-06-20,TMAX,256
USC00317170,2011-12-03,TMAX,156
USW00093765,2008-11-22,TMAX,67
USW00093765,2008-11-22,TMIN,-27
USC00314684,2007-06-08,TMIN,189
USC00314144,2005-09-17,TMAX,339
USW00013754,2005-04-11,TMIN,33
USC00316676,2008-07-07,TMIN,206
USC00314144,2005-09-17,TMIN,217
USC00314689,2011-03-24,TMIN,122
USC00314144,2006-04-07,TMAX,283
USW00013754,2005-04-11,TMAX,250
USC00314684,2011-10-14,TMAX,267
USC00317170,2011-12-03,TMIN,-6
USC00315830,2009-03-02,TMAX,83
USC00316676,2011-01-24,TMIN,-72
USC00316676,2007-08-10,TMIN,256
USC00316096,2010-09-21,TMIN,167
USC00315830,2007-02-18,TMAX,100
USC00316096,2010-09-21,TMAX,278
USW00093765,2008-05-02,TMAX,233
USW00093765,2008-05-02,TMIN,167
USW00093765,2015-04-23,TMAX,194
USW00093765,2015-04-23,TMIN,122
USW00093743,2010-09-02,TMIN,217
USC00317170,2008-11-11,TMIN,33
USC00317170,2008-11-11,TMAX,161
USC00317170,2014-12-09,TMIN,44
USC00317170,2010-12-11,TMAX,117
USC00317170,2010-12-11,TMIN,33
USC00314689,2006-09-27,TMAX,261
USC00310356,2006-11-23,TMIN,28
USC00317170,2014-12-09,TMAX,100
USC00317170,2015-09-28,TMAX,250
USW00093765,2010-05-19,TMIN,161
USC00315830,2007-02-18,TMIN,17
USC00317170,2015-09-28,TMIN,222
USW00093743,2011-05-02,TMIN,111
USC00316676,2007-08-10,TMAX,367
USW00093765,2010-05-19,TMAX,222
USR0000NHOF,2006-10-16,TMAX,206
USC00310356,2011-05-31,TMIN,239
USW00093743,2011-05-02,TMAX,239
USR0000NCRN,2006-11-10,TMAX,261
USC00314689,2007-08-14,TMIN,211
USR0000NCRN,2006-11-10,TMIN,100
USC00315830,2007-07-31,TMIN,222
USC00314689,2013-03-30,TMIN,61
USC00310576,2009-03-10,TMAX,289
USW00093743,2010-09-02,TMAX,289
USC00315830,2010-10-22,TMAX,267
USC00315830,2010-10-22,TMIN,122
USC00310576,2009-03-10,TMIN,67
USC00314689,2013-03-30,TMAX,189
USC00310356,2006-11-23,TMAX,178
USC00310576,2013-04-14,TMAX,211
USC00310576,2013-04-14,TMIN,67
USR0000NHOF,2011-05-02,TMIN,78
USC00310576,2006-05-10,TMIN,83
USC00310576,2006-05-10,TMAX,239
USC00314689,2010-09-13,TMAX,294
USC00317170,2015-08-14,TMIN,172
USC00314144,2007-05-09,TMAX,261
USR0000NHOF,2015-03-31,TMIN,6
USC00316096,2011-05-13,TMIN,172
USC00314144,2007-05-09,TMIN,133
USR0000NCRN,2013-09-29,TMAX,250
USC00316676,2005-07-28,TMIN,239
USR0000NHOF,2011-05-02,TMAX,261
USC00314689,2010-09-13,TMIN,178
USW00093765,2011-10-29,TMIN,61
USC00317170,2011-09-03,TMIN,161
USC00314144,2006-08-29,TMAX,350
USR0000NCRN,2013-09-29,TMIN,144
USC00310356,2010-12-28,TMAX,33
USW00093765,2011-10-29,TMAX,167
USR0000NCRN,2005-11-02,TMAX,200
USC00317170,2010-08-26,TMIN,200
USC00317170,2010-08-26,TMAX,322
USC00310356,2015-08-02,TMIN,228
USW00093719,2007-04-21,TMIN,33
USW00093719,2007-04-21,TMAX,239
USC00310356,2015-08-02,TMAX,322
USC00317170,2015-08-14,TMAX,306
USR0000NCRN,2005-11-02,TMIN,56
USC00316096,2011-05-13,TMAX,244
USW00013754,2005-06-20,TMIN,172
USC00314689,2013-02-22,TMIN,6
USC00310576,2011-12-21,TMAX,211
USR0000NHOF,2006-11-23,TMIN,67
USC00314689,2013-02-22,TMAX,122
USR0000NHOF,2015-03-31,TMAX,233
USR0000NHOF,2006-11-23,TMAX,89
USC00310576,2011-12-21,TMIN,67
USC00317170,2014-01-18,TMAX,100
USC00316676,2005-07-28,TMAX,367
USC00314144,2006-08-29,TMIN,233
USC00316676,2011-03-16,TMIN,78
USC00316676,2012-05-10,TMIN,150
USC00314684,2011-02-21,TMAX,150
USR0000NCRN,2012-05-01,TMAX,256
USR0000NCRN,2012-05-01,TMIN,206
USC00316676,2008-07-07,TMAX,311
USC00314684,2011-02-21,TMIN,44
USC00316096,2011-04-03,TMAX,189
USR0000NNWB,2014-11-18,TMAX,133
USC00316676,2012-05-10,TMAX,278
USC00317170,2009-11-10,TMIN,144
USC00314144,2006-04-07,TMIN,94
USC00316096,2013-03-30,TMAX,167
USC00316096,2013-03-30,TMIN,28
USW00093765,2006-07-04,TMAX,289
USW00093765,2006-07-04,TMIN,233
USR0000NNWB,2014-11-18,TMIN,-33
USR0000NCRN,2006-12-31,TMAX,217
USR0000NNWB,2007-02-16,TMIN,-50
USR0000NNWB,2007-02-16,TMAX,50
USC00316676,2014-02-26,TMIN,28
USC00316676,2014-02-26,TMAX,194
USC00317170,2011-09-03,TMAX,294
USR0000NCRN,2006-12-31,TMIN,111
USC00314684,2009-06-24,TMIN,183
USW00013754,2014-09-11,TMAX,306
USC00314684,2009-06-24,TMAX,294
USC00316676,2011-03-16,TMAX,161
USW00013754,2014-09-11,TMIN,206
USC00310356,2010-12-28,TMIN,-33
USC00310576,2013-09-21,TMAX,272
USC00314689,2014-05-31,TMAX,250
USC00314689,2014-05-31,TMIN,183
USC00316096,2011-04-03,TMIN,0
USC00310576,2013-09-21,TMIN,144
USC00317170,2009-11-10,TMAX,228
USC00315830,2009-03-02,TMIN,-11
USC00310356,2013-02-16,TMAX,139
USC00314689,2011-03-24,TMAX,294
USC00310356,2013-02-16,TMIN,56
USC00314689,2007-03-11,TMIN,72
USC00314689,2007-03-11,TMAX,200
USC00314684,2015-05-15,TMAX,222
USC00314684,2015-05-15,TMIN,100
USR0000NHOF,2013-04-14,TMAX,172
USC00310356,2011-05-01,TMAX,250
USC00314684,2006-03-15,TMIN,44
USC00315830,2007-01-23,TMAX,100
USW00093765,2008-01-14,TMAX,133
USR0000NNWB,2011-03-05,TMIN,61
USC00310356,2011-05-01,TMIN,150
USR0000NNWB,2005-03-29,TMIN,106
USW00093765,2012-06-04,TMAX,283
USW00093743,2013-04-14,TMIN,72
USW00093743,2013-04-14,TMAX,217
USC00314684,2006-03-15,TMAX,228
USR0000NCRN,2012-07-10,TMIN,217
USW00093765,2009-12-16,TMAX,150
USC00315830,2007-01-23,TMIN,44
USC00310356,2008-01-09,TMIN,-6
USR0000NCRN,2015-07-07,TMAX,294
USR0000NHOF,2007-03-21,TMIN,61
USR0000NCRN,2015-07-07,TMIN,244
USR0000NCRN,2007-11-13,TMAX,217
USR0000NHOF,2005-11-04,TMAX,233
USC00316676,2010-08-02,TMIN,200
USC00316676,2010-08-02,TMAX,278
USC00310356,2008-01-09,TMAX,183
USR0000NHOF,2007-03-21,TMAX,189
USW00093765,2008-01-14,TMIN,56
USC00314684,2015-10-18,TMAX,206
USC00314684,2015-10-18,TMIN,22
USC00314689,2014-12-24,TMAX,211
USC00317170,2007-08-02,TMAX,317
USC00317170,2007-08-02,TMIN,194
USC00314689,2014-12-24,TMIN,78
USR0000NCRN,2007-11-13,TMIN,83
USR0000NHOF,2005-11-04,TMIN,11
USR0000NCRN,2012-07-10,TMAX,317
USC00317170,2013-11-16,TMAX,228
USR0000NNWB,2006-10-11,TMIN,139
USW00013754,2010-06-16,TMIN,228
USR0000NHOF,2006-05-10,TMIN,39
USR0000NHOF,2006-05-10,TMAX,222
USC00314144,2008-01-02,TMAX,39
USW00093719,2014-09-11,TMAX,317
USW00093719,2014-11-18,TMIN,-21
USR0000NNWB,2006-10-11,TMAX,244
USW00093719,2013-12-18,TMAX,128
USC00314144,2008-01-02,TMIN,-22
USW00093719,2013-12-18,TMIN,-10
USR0000NHOF,2015-03-06,TMIN,-39
USR0000NHOF,2015-03-06,TMAX,56
USR0000NCRN,2014-02-17,TMAX,67
USW00093765,2008-09-10,TMAX,289
USW00093765,2008-09-10,TMIN,228
USW00093719,2014-09-11,TMIN,206
USR0000NNWB,2005-03-29,TMAX,222
USW00093719,2014-11-18,TMAX,167
USW00013754,2010-06-16,TMAX,333
USW00093765,2009-12-16,TMIN,22
USC00310356,2013-04-14,TMIN,56
USC00310356,2013-04-14,TMAX,206
USC00315830,2005-05-06,TMAX,167
USC00315830,2005-05-06,TMIN,111
USC00317170,2013-11-16,TMIN,128
USR0000NNWB,2009-06-22,TMAX,300
USR0000NCRN,2015-07-30,TMIN,233
USR0000NNWB,2009-06-22,TMIN,194
USW00093765,2012-06-04,TMIN,206
USC00316676,2006-01-09,TMIN,33
USC00314689,2014-09-23,TMIN,156
USR0000NCRN,2015-07-30,TMAX,306
USC00314689,2014-09-23,TMAX,261
USR0000NNWB,2015-03-19,TMIN,56
USR0000NNWB,2015-03-19,TMAX,144
USC00316676,2006-01-09,TMAX,156
USR0000NCRN,2005-09-17,TMIN,244
USR0000NCRN,2005-09-17,TMAX,344
USW00013754,2008-02-03,TMIN,17
USC00317170,2011-11-03,TMAX,200
USC00314689,2014-12-19,TMAX,111
USC00310576,2012-01-04,TMIN,-44
USC00310576,2012-01-04,TMAX,56
USC00315830,2012-08-14,TMIN,250
USC00315830,2010-10-30,TMIN,61
USR0000NCRN,2012-01-11,TMAX,167
USC00317170,2011-11-03,TMIN,11
USC00314689,2014-07-13,TMIN,206
USC00314689,2014-07-13,TMAX,317
USC00310356,2008-12-04,TMAX,111
USR0000NCRN,2005-08-15,TMAX,361
USR0000NCRN,2005-08-15,TMIN,244
USR0000NNWB,2015-11-13,TMAX,211
USW00013754,2009-09-09,TMIN,194
USC00315830,2012-08-14,TMAX,317
USW00013754,2009-09-09,TMAX,267
USW00013754,2005-11-14,TMAX,244
USC00310356,2011-05-02,TMIN,150
USC00315830,2009-08-23,TMAX,300
USC00314689,2006-09-27,TMIN,128
USC00316676,2009-07-17,TMAX,328
USC00316676,2009-07-17,TMIN,211
USW00013754,2014-12-20,TMIN,22
USC00315830,2010-10-30,TMAX,272
USC00315830,2005-02-23,TMAX,139
USC00317170,2009-02-15,TMIN,44
USC00317170,2009-02-15,TMAX,117
USW00093743,2013-02-16,TMAX,106
USC00315830,2007-07-31,TMAX,300
USR0000NHOF,2013-02-16,TMAX,94
USC00310356,2006-10-16,TMIN,72
USR0000NHOF,2013-02-16,TMIN,-6
USC00310356,2006-10-16,TMAX,244
USC00315830,2009-08-23,TMIN,239
USC00315830,2005-02-23,TMIN,44
USW00093743,2013-02-16,TMIN,6
USW00013754,2005-11-14,TMIN,106
USR0000NCRN,2012-01-11,TMIN,50
USR0000NCRN,2009-03-21,TMIN,28
USC00315830,2005-01-28,TMAX,39
USW00093719,2007-07-12,TMAX,311
USC00316096,2010-06-07,TMAX,289
USR0000NHOF,2012-05-01,TMAX,272
USR0000NHOF,2012-05-01,TMIN,194
USC00316096,2010-06-07,TMIN,189
USC00317170,2007-10-15,TMAX,256
USW00093743,2012-05-01,TMIN,206
USR0000NNWB,2011-03-05,TMAX,211
USW00093719,2007-12-16,TMAX,211
USW00093765,2011-11-03,TMIN,28
USW00093765,2011-11-03,TMAX,189
USC00315830,2013-07-23,TMAX,294
USC00315830,2013-07-23,TMIN,256
USW00093719,2007-07-12,TMIN,222
USW00013754,2008-02-03,TMAX,194
USC00317170,2007-10-15,TMIN,122
USW00093743,2012-05-01,TMAX,250
USC00314689,2011-07-27,TMAX,333
USC00314689,2011-07-27,TMIN,228
USR0000NCRN,2009-03-21,TMAX,122
USC00315830,2011-05-12,TMAX,233
USC00310356,2005-03-16,TMAX,133
USC00310356,2011-05-02,TMAX,228
USC00314689,2006-04-02,TMAX,256
USC00314689,2014-12-19,TMIN,6
USR0000NNWB,2015-11-13,TMIN,72
USC00317170,2015-07-13,TMIN,211
USC00315830,2011-05-12,TMIN,128
USC00314689,2006-04-02,TMIN,133
USC00310356,2011-05-31,TMAX,283
USR0000NCRN,2014-08-06,TMAX,306
USC00317170,2015-07-13,TMAX,261
USC00310356,2012-05-01,TMAX,256
USC00310356,2012-05-01,TMIN,161
USR0000NCRN,2014-08-06,TMIN,194
USC00315830,2005-01-28,TMIN,-61
USC00317170,2010-05-19,TMAX,239
USR0000NCRN,2014-02-17,TMIN,0
USC00314689,2010-01-07,TMIN,-61
USC00314689,2010-01-07,TMAX,67
USC00310356,2007-03-30,TMAX,233
USC00317170,2008-08-06,TMAX,356
USC00317170,2008-08-06,TMIN,244
USR0000NNWB,2014-12-20,TMAX,56
USW00013754,2013-12-18,TMIN,-10
USC00314144,2009-09-21,TMAX,272
USR0000NCRN,2013-07-23,TMAX,283
USW00013754,2013-12-18,TMAX,128
USR0000NCRN,2013-07-23,TMIN,250
USC00316676,2008-05-31,TMAX,278
USC00316676,2008-05-31,TMIN,139
USC00317170,2008-04-09,TMAX,183
USC00317170,2008-04-09,TMIN,111
USR0000NHOF,2010-05-07,TMAX,311
USC00315830,2013-04-14,TMIN,83
USC00314144,2008-06-26,TMIN,239
USR0000NHOF,2010-05-07,TMIN,150
USC00314144,2010-05-16,TMAX,306
USC00314144,2009-09-21,TMIN,139
USC00316676,2011-08-02,TMIN,206
USW00093765,2006-11-21,TMAX,161
USC00310356,2005-05-23,TMIN,161
USC00316096,2010-09-13,TMAX,261
USC00316096,2010-09-13,TMIN,150
USC00316096,2014-05-31,TMIN,133
USC00310356,2005-05-23,TMAX,222
USC00310356,2011-12-08,TMIN,78
USC00310356,2007-03-30,TMIN,56
USC00310356,2011-12-08,TMAX,200
USC00316676,2009-10-27,TMIN,128
USC00310356,2012-07-10,TMIN,250
USC00310356,2012-07-10,TMAX,306
USR0000NHOF,2008-12-04,TMIN,-50
USR0000NHOF,2008-12-04,TMAX,172
USC00316676,2012-10-14,TMAX,217
USC00316676,2012-10-14,TMIN,94
USW00093765,2006-11-21,TMIN,67
USC00314144,2008-06-26,TMAX,322
USC00315830,2013-04-14,TMAX,222
USW00093719,2009-02-19,TMAX,178
USC00315830,2010-07-02,TMAX,267
USC00315830,2011-09-30,TMIN,128
USC00316676,2014-04-27,TMIN,117
USC00315830,2010-07-02,TMIN,228
USC00314144,2009-02-14,TMAX,139
USC00314144,2009-02-14,TMIN,39
USC00316676,2014-04-27,TMAX,256
USR0000NCRN,2008-01-01,TMAX,211
USC00310356,2008-02-29,TMAX,61
USW00013754,2005-02-10,TMAX,156
USC00310356,2008-02-29,TMIN,-17
USC00315830,2010-03-06,TMIN,-11
USC00315830,2010-03-06,TMAX,122
USW00013754,2005-02-10,TMIN,33
USW00013754,2005-01-09,TMAX,156
USC00315830,2011-09-30,TMAX,283
USC00310356,2008-02-28,TMIN,-22
USC00317170,2010-11-07,TMIN,39
USC00314689,2011-05-30,TMIN,211
USC00316676,2011-08-02,TMAX,311
USC00314144,2010-05-16,TMIN,183
USC00310356,2008-02-28,TMAX,94
USW00093765,2009-01-19,TMIN,17
USW00093765,2009-01-19,TMAX,122
USC00317170,2015-05-15,TMAX,244
USC00314144,2005-10-14,TMIN,222
USC00317170,2015-05-15,TMIN,94
USR0000NCRN,2008-01-01,TMIN,28
USC00314144,2005-10-14,TMAX,239
USW00093765,2008-09-13,TMAX,300
USC00314684,2010-06-07,TMAX,339
USC00314684,2010-06-07,TMIN,206
USC00316676,2011-05-19,TMAX,267
USW00093719,2009-12-16,TMAX,133
USW00093719,2009-12-16,TMIN,-17
USC00316676,2011-05-19,TMIN,111
USW00093765,2008-09-13,TMIN,244
USW00013754,2005-01-09,TMIN,72
USC00317170,2013-03-30,TMIN,33
USC00314689,2011-03-27,TMIN,39
USC00315830,2008-07-15,TMAX,317
USR0000NCRN,2015-12-17,TMIN,150
USR0000NCRN,2015-12-17,TMAX,233
USW00093765,2010-12-25,TMIN,-43
USC00315830,2008-07-15,TMIN,233
USC00310356,2009-03-21,TMIN,50
USC00310356,2009-03-21,TMAX,144
USC00310576,2005-11-19,TMAX,128
USC00314144,2007-11-06,TMIN,39
USR0000NHOF,2011-12-08,TMIN,-17
USR0000NHOF,2012-07-10,TMIN,217
USR0000NHOF,2012-07-10,TMAX,317
USC00310576,2015-01-22,TMIN,17
USR0000NHOF,2011-07-02,TMAX,328
USR0000NHOF,2006-09-13,TMAX,250
USR0000NCRN,2009-09-18,TMAX,261
USW00093719,2010-08-30,TMIN,172
USR0000NHOF,2011-12-08,TMAX,117
USW00093765,2007-10-02,TMIN,206
USW00013754,2005-11-26,TMIN,22
USR0000NHOF,2005-05-23,TMIN,161
USC00310576,2015-01-22,TMAX,200
USC00314684,2015-09-28,TMIN,211
USC00314684,2015-09-28,TMAX,256
USR0000NNWB,2015-11-30,TMAX,144
USR0000NHOF,2005-05-23,TMAX,278
USR0000NCRN,2011-06-16,TMIN,172
USR0000NCRN,2006-04-07,TMAX,244
USW00093765,2007-10-02,TMAX,283
USW00093765,2013-03-30,TMAX,172
USC00310576,2005-11-19,TMIN,-28
USR0000NCRN,2011-06-16,TMAX,289
USW00093765,2010-12-25,TMAX,94
USW00093765,2013-03-30,TMIN,78
USC00314144,2009-08-17,TMIN,200
USR0000NCRN,2006-04-07,TMIN,156
USW00013754,2005-11-26,TMAX,122
USC00317170,2013-03-30,TMAX,194
USR0000NHOF,2006-09-13,TMIN,100
USW00093765,2006-08-31,TMIN,239
USC00310576,2006-08-02,TMAX,350
USC00316096,2014-05-31,TMAX,278
USC00314689,2013-10-31,TMAX,250
USC00314684,2013-01-17,TMIN,89
USW00093743,2012-07-10,TMIN,217
USC00314689,2013-10-31,TMIN,111
USR0000NNWB,2006-07-04,TMAX,328
USC00314684,2013-01-17,TMAX,233
USC00316676,2009-10-27,TMAX,167
USR0000NNWB,2006-07-04,TMIN,206
USC00316676,2010-10-08,TMIN,94
USW00093743,2012-07-10,TMAX,317
USC00316676,2010-10-08,TMAX,261
USR0000NHOF,2009-05-01,TMIN,139
USR0000NHOF,2009-05-01,TMAX,261
USC00314689,2011-03-27,TMAX,94
USC00310576,2006-08-02,TMIN,256
USR0000NCRN,2009-09-18,TMIN,250
USC00314144,2007-11-06,TMAX,206
USC00310576,2014-01-23,TMAX,28
USC00315830,2014-06-28,TMAX,289
USW00093765,2009-11-25,TMIN,122
USR0000NHOF,2011-07-02,TMIN,183
USC00315830,2014-06-28,TMIN,222
USW00093765,2009-11-25,TMAX,156
USW00093719,2013-08-09,TMIN,250
USW00093765,2006-08-31,TMAX,272
USC00314684,2015-07-13,TMAX,311
USC00316676,2015-09-24,TMAX,244
USC00315830,2008-10-06,TMIN,117
USC00315830,2008-10-06,TMAX,267
USW00093719,2013-08-09,TMAX,339
USW00093719,2009-05-18,TMIN,94
USC00310576,2014-01-23,TMIN,-44
USC00314684,2015-07-13,TMIN,222
USW00093719,2009-05-18,TMAX,144
USC00316676,2015-09-24,TMIN,206
USR0000NNWB,2005-11-26,TMAX,133
USW00093765,2005-05-10,TMIN,117
USW00093719,2010-08-22,TMIN,228
USR0000NHOF,2015-02-17,TMAX,6
USR0000NHOF,2015-02-17,TMIN,-22
USR0000NCRN,2013-02-16,TMIN,6
USC00310356,2010-05-07,TMAX,244
USW00013754,2015-11-13,TMIN,83
USC00315830,2009-12-01,TMAX,189
USW00093743,2012-06-09,TMIN,172
USR0000NCRN,2013-02-16,TMAX,111
USW00093743,2012-06-09,TMAX,294
USC00315830,2010-03-22,TMAX,211
USR0000NHOF,2015-08-02,TMIN,217
USR0000NHOF,2015-08-02,TMAX,339
USC00315830,2010-03-22,TMIN,89
USW00093765,2006-08-22,TMIN,228
USC00314684,2009-01-18,TMAX,17
USC00314684,2009-01-18,TMIN,-117
USC00315830,2009-12-01,TMIN,56
USW00093765,2006-08-22,TMAX,294
USC00310356,2010-05-07,TMIN,200
USW00093765,2005-12-11,TMAX,128
USW00093765,2011-12-03,TMAX,161
USW00093765,2011-12-03,TMIN,17
USR0000NCRN,2012-12-02,TMIN,11
USR0000NCRN,2012-12-02,TMAX,200
USC00310356,2010-09-02,TMAX,317
USC00316676,2010-02-27,TMAX,111
USC00316676,2010-02-27,TMIN,-11
USC00310356,2015-03-31,TMIN,78
USC00310356,2010-11-05,TMIN,106
USC00310356,2010-09-02,TMIN,239
USC00310356,2010-11-05,TMAX,211
USW00093765,2005-12-11,TMIN,56
USW00013754,2015-11-13,TMAX,217
USR0000NCRN,2011-09-21,TMAX,278
USW00093765,2014-01-18,TMAX,144
USC00310356,2015-03-31,TMAX,139
USC00316676,2015-03-14,TMAX,189
USW00013754,2014-11-18,TMIN,-10
USC00314684,2013-03-30,TMAX,156
USW00093765,2007-10-18,TMIN,228
USC00310576,2010-01-15,TMIN,-28
USC00310576,2010-01-15,TMAX,133
USC00316676,2010-07-07,TMIN,178
USC00314684,2006-04-02,TMAX,272
USC00314684,2006-04-02,TMIN,117
USR0000NNWB,2007-01-17,TMAX,72
USR0000NNWB,2007-01-17,TMIN,0
USC00310576,2015-05-23,TMAX,228
USC00314684,2005-04-07,TMAX,278
USW00093743,2008-12-04,TMIN,-10
USR0000NHOF,2008-09-27,TMAX,272
USR0000NHOF,2008-09-27,TMIN,156
USC00316676,2010-07-07,TMAX,333
USC00314144,2009-07-23,TMIN,200
USC00314144,2009-07-23,TMAX,317
USW00093743,2008-12-04,TMAX,156
USC00314684,2005-04-07,TMIN,111
USC00314684,2013-03-30,TMIN,-28
USC00310576,2015-05-23,TMIN,94
USC00310356,2005-07-13,TMIN,267
USW00093765,2007-08-05,TMAX,317
USC00310356,2012-06-09,TMIN,200
USR0000NNWB,2005-01-09,TMAX,144
USR0000NNWB,2005-01-09,TMIN,61
USC00310356,2012-06-09,TMAX,267
USW00093765,2007-08-05,TMIN,222
USW00013754,2009-06-22,TMAX,289
USC00310356,2005-07-13,TMAX,306
USW00013754,2009-06-22,TMIN,189
USR0000NNWB,2005-04-11,TMIN,39
USR0000NNWB,2005-04-11,TMAX,272
USW00013754,2015-11-30,TMIN,128
USW00093765,2012-11-15,TMIN,78
USW00093765,2007-10-18,TMAX,283
USW00013754,2015-11-30,TMAX,172
USW00093765,2012-11-15,TMAX,144
USW00093765,2014-01-18,TMIN,6
USC00310356,2009-05-01,TMAX,233
USC00310356,2009-05-01,TMIN,178
USR0000NHOF,2012-06-09,TMAX,306
USC00310356,2013-09-29,TMAX,256
USC00314684,2011-11-03,TMAX,172
USW00093743,2009-05-01,TMAX,250
USW00093743,2011-05-31,TMIN,233
USR0000NHOF,2005-07-13,TMIN,211
USW00013754,2013-08-09,TMIN,244
USW00013754,2013-08-09,TMAX,317
USC00314684,2011-11-03,TMIN,6
USR0000NCRN,2011-09-21,TMIN,206
USR0000NHOF,2005-07-13,TMAX,306
USC00310356,2013-07-23,TMAX,283
USC00310356,2013-07-23,TMIN,244
USW00093765,2010-09-04,TMAX,300
USC00310576,2008-08-24,TMIN,178
USW00093765,2010-09-04,TMIN,200
USW00093743,2013-07-23,TMAX,289
USC00314689,2005-03-03,TMIN,-22
USW00013754,2007-01-17,TMAX,83
USC00314144,2011-03-11,TMAX,111
USC00314689,2006-04-30,TMIN,56
USR0000NNWB,2005-11-26,TMIN,-6
USW00093719,2010-08-22,TMAX,328
USW00093765,2005-05-10,TMAX,217
USC00317170,2012-11-15,TMIN,61
USC00317170,2012-11-15,TMAX,139
USW00093743,2013-09-29,TMIN,167
USC00316676,2015-03-14,TMIN,72
USC00314144,2011-03-11,TMIN,-11
USC00310356,2008-09-27,TMAX,283
USC00317170,2010-11-07,TMAX,133
USW00093743,2013-09-29,TMAX,261
USC00310356,2013-09-29,TMIN,167
USW00013754,2007-02-16,TMAX,56
USW00013754,2007-02-16,TMIN,-43
USW00093743,2009-05-01,TMIN,200
USC00314689,2006-04-30,TMAX,183
USC00310356,2008-09-27,TMIN,211
USW00093743,2013-07-23,TMIN,250
USC00314689,2005-03-03,TMAX,100
USC00316676,2014-04-20,TMAX,128
USC00316096,2010-01-07,TMAX,67
USR0000NHOF,2008-12-02,TMIN,-39
USC00317170,2007-06-13,TMAX,272
USC00317170,2007-06-13,TMIN,178
USC00316096,2010-01-07,TMIN,-50
USC00316096,2014-12-24,TMIN,122
USC00314144,2008-01-20,TMAX,33
USC00316676,2014-09-23,TMAX,250
USC00314144,2008-01-20,TMIN,-56
USW00093765,2012-03-10,TMAX,139
USC00310356,2015-02-17,TMAX,33
USC00310356,2015-02-17,TMIN,-50
USC00315830,2012-12-08,TMAX,189
USC00315830,2012-12-08,TMIN,144
USW00013754,2014-11-18,TMAX,178
USR0000NHOF,2012-06-09,TMIN,128
USW00093765,2012-03-10,TMIN,22
USC00310576,2012-08-28,TMIN,206
USC00310576,2012-08-28,TMAX,306
USC00316676,2014-09-23,TMIN,183
USC00316676,2014-04-20,TMIN,94
USW00013754,2007-01-17,TMIN,11
USC00310576,2008-08-24,TMAX,294
USW00093743,2011-05-31,TMAX,372
USC00316096,2014-12-24,TMAX,211
USC00317170,2015-11-18,TMAX,250
USW00093719,2009-02-19,TMIN,39
USC00317170,2015-11-18,TMIN,117
USW00093743,2008-09-27,TMAX,267
USC00314144,2006-11-10,TMAX,272
USW00093743,2008-09-27,TMIN,183
USC00314144,2006-11-10,TMIN,83
USW00093743,2010-05-07,TMIN,178
USW00093743,2010-05-07,TMAX,278
USW00093719,2006-07-04,TMAX,322
USW00093719,2006-07-04,TMIN,206
USR0000NHOF,2008-12-02,TMAX,89
USC00317170,2010-05-19,TMIN,156
USC00317170,2015-04-23,TMAX,256
USC00317170,2015-04-23,TMIN,128
USR0000NCRN,2012-06-09,TMIN,150
USC00316096,2013-01-19,TMIN,-17
USW00093719,2014-09-23,TMAX,206
USR0000NCRN,2014-04-21,TMAX,211
USC00314689,2011-08-04,TMIN,256
USR0000NCRN,2014-04-21,TMIN,94
USW00093765,2013-12-18,TMAX,139
USC00316676,2006-08-05,TMIN,244
USW00093719,2014-09-23,TMIN,167
USR0000NHOF,2009-09-18,TMAX,261
USC00316676,2006-08-05,TMAX,350
USC00316096,2013-01-19,TMAX,156
USC00314689,2011-12-03,TMAX,161
USC00314689,2011-12-03,TMIN,17
USR0000NHOF,2009-09-18,TMIN,178
USW00093765,2013-12-18,TMIN,0
USC00316676,2007-11-21,TMAX,217
USC00315830,2012-03-18,TMAX,233
USR0000NNWB,2006-08-31,TMIN,228
USC00317170,2013-07-23,TMIN,233
USC00317170,2009-02-05,TMAX,28
USR0000NCRN,2007-08-31,TMAX,294
USR0000NHOF,2008-02-06,TMIN,144
USR0000NHOF,2008-02-06,TMAX,261
USC00315830,2006-01-31,TMIN,72
USW00093719,2008-08-12,TMAX,294
USC00316676,2013-03-30,TMAX,167
USW00093743,2011-03-30,TMIN,89
USC00317170,2013-07-23,TMAX,339
USC00315830,2006-01-31,TMAX,150
USW00093719,2008-08-12,TMIN,156
USC00314684,2007-09-11,TMIN,206
USR0000NCRN,2010-04-28,TMIN,50
USC00314684,2007-03-19,TMAX,106
USC00314684,2007-03-19,TMIN,-39
USW00093743,2011-03-30,TMAX,150
USC00317170,2009-02-05,TMIN,-22
USC00316676,2013-03-30,TMIN,6
USR0000NCRN,2007-08-31,TMIN,189
USC00315830,2012-03-18,TMIN,133
USC00316676,2008-02-12,TMIN,-11
USC00317170,2014-11-18,TMIN,33
USC00315830,2014-05-18,TMIN,117
USC00315830,2015-11-28,TMAX,222
USC00315830,2015-11-28,TMIN,111
USC00315830,2014-05-18,TMAX,228
USC00314689,2014-01-18,TMAX,144
USW00093765,2011-08-08,TMAX,350
USC00317170,2014-11-18,TMAX,206
USW00093765,2011-08-08,TMIN,267
USC00314689,2014-01-18,TMIN,11
USW00093765,2013-12-21,TMIN,139
USW00093719,2008-02-03,TMAX,200
USW00093719,2008-02-03,TMIN,0
USW00093719,2007-12-29,TMIN,144
USW00093743,2008-02-06,TMIN,156
USW00093743,2008-02-06,TMAX,278
USC00316096,2013-01-17,TMAX,217
USC00316676,2008-02-12,TMAX,194
USC00314144,2006-10-16,TMAX,217
USC00314144,2006-10-16,TMIN,22
USC00310576,2012-03-09,TMAX,228
USR0000NNWB,2006-08-31,TMAX,250
USC00310576,2012-03-09,TMIN,100
USR0000NNWB,2011-11-03,TMIN,117
USR0000NCRN,2006-08-29,TMAX,322
USC00316676,2013-04-13,TMIN,128
USC00316676,2013-04-13,TMAX,283
USR0000NHOF,2014-01-23,TMAX,61
USC00310576,2013-08-09,TMIN,211
USR0000NNWB,2011-11-03,TMAX,217
USC00316676,2012-06-27,TMAX,244
USC00310576,2013-08-09,TMAX,311
USC00314684,2013-11-16,TMAX,194
USC00314684,2013-11-16,TMIN,0
USC00316676,2012-06-27,TMIN,122
USR0000NHOF,2014-01-23,TMIN,-94
USR0000NCRN,2006-08-29,TMIN,239
USW00093719,2007-12-29,TMAX,256
USC00314684,2007-09-11,TMAX,350
USR0000NNWB,2008-09-13,TMIN,228
USW00013754,2010-05-05,TMIN,172
USC00317170,2015-01-14,TMIN,6
USW00093765,2009-02-15,TMIN,44
USW00013754,2010-12-06,TMAX,50
USC00316096,2015-01-04,TMIN,172
USC00314689,2011-10-14,TMAX,239
USW00013754,2010-12-06,TMIN,-32
USR0000NNWB,2015-09-15,TMAX,283
USC00314689,2011-10-14,TMIN,161
USC00315830,2006-03-14,TMIN,161
USC00317170,2010-10-24,TMIN,89
USC00317170,2010-10-24,TMAX,261
USR0000NNWB,2011-05-28,TMIN,200
USR0000NNWB,2011-05-28,TMAX,300
USC00316096,2011-12-03,TMAX,156
USR0000NCRN,2013-01-02,TMAX,122
USC00316096,2015-01-04,TMAX,217
USW00093765,2009-02-15,TMAX,106
USW00093743,2012-10-15,TMIN,139
USW00093743,2012-10-15,TMAX,250
USC00310356,2009-09-18,TMAX,267
USW00093765,2014-09-11,TMIN,217
USW00093719,2006-10-11,TMIN,150
USW00093719,2007-02-16,TMAX,50
USC00310576,2008-11-24,TMIN,-6
USC00310576,2008-11-24,TMAX,122
USC00314684,2014-02-26,TMAX,189
USR0000NNWB,2015-09-15,TMIN,117
USR0000NHOF,2006-11-10,TMAX,261
USR0000NHOF,2006-11-10,TMIN,61
USC00314144,2010-02-28,TMAX,106
USC00314144,2010-02-28,TMIN,-39
USW00093719,2010-05-19,TMIN,156
USC00310356,2009-09-18,TMIN,211
USW00093719,2010-05-19,TMAX,228
USW00013754,2010-05-05,TMAX,283
USW00093719,2007-02-16,TMIN,-67
USR0000NNWB,2008-09-13,TMAX,328
USC00316096,2011-12-03,TMIN,-11
USC00317170,2015-01-14,TMAX,33
USW00093719,2010-12-16,TMIN,-78
USC00314689,2005-04-07,TMIN,150
USR0000NNWB,2007-03-01,TMAX,211
USR0000NCRN,2008-09-03,TMAX,333
USC00310576,2015-01-25,TMIN,22
USC00316676,2006-04-30,TMAX,194
USC00316676,2006-04-30,TMIN,56
USR0000NCRN,2008-09-03,TMIN,161
USC00310576,2015-01-25,TMAX,139
USC00317170,2008-09-10,TMAX,278
USC00317170,2008-09-10,TMIN,222
USW00093719,2012-02-21,TMIN,-11
USC00310576,2015-02-17,TMAX,28
USC00310576,2015-02-17,TMIN,-22
USC00317170,2014-09-11,TMAX,306
USC00317170,2014-09-11,TMIN,200
USW00093719,2012-02-21,TMAX,172
USR0000NHOF,2012-10-15,TMAX,244
USC00316676,2013-09-28,TMAX,244
USR0000NNWB,2007-03-01,TMIN,61
USC00314689,2014-08-11,TMIN,206
USR0000NHOF,2012-10-15,TMIN,161
USR0000NNWB,2005-12-11,TMIN,11
USW00093765,2013-07-23,TMAX,283
USW00093765,2013-07-23,TMIN,256
USR0000NNWB,2005-12-11,TMAX,133
USR0000NCRN,2013-01-02,TMIN,50
USC00316676,2013-09-28,TMIN,156
USC00314144,2010-01-15,TMIN,-61
USW00013754,2014-06-28,TMAX,294
USW00013754,2014-06-28,TMIN,222
USC00314689,2014-08-11,TMAX,300
USW00093719,2010-12-16,TMAX,139
USC00316096,2014-01-18,TMAX,156
USC00314689,2005-04-07,TMAX,283
USC00316096,2014-01-18,TMIN,-50
USC00314144,2010-01-15,TMAX,161
USC00314689,2011-08-04,TMAX,367
USR0000NNWB,2014-06-28,TMAX,272
USW00093765,2013-12-21,TMAX,222
USW00013754,2009-03-01,TMIN,44
USC00314684,2014-07-13,TMAX,317
USC00316096,2014-08-11,TMIN,228
USC00310356,2014-01-23,TMAX,33
USC00317170,2008-07-08,TMAX,317
USC00316096,2014-08-11,TMAX,294
USW00013754,2005-03-29,TMAX,228
USW00013754,2009-03-01,TMAX,83
USR0000NHOF,2010-12-18,TMIN,-28
USR0000NHOF,2010-12-18,TMAX,33
USC00316676,2012-08-11,TMIN,233
USW00093719,2010-11-12,TMAX,172
USC00314144,2009-05-28,TMAX,300
USW00093719,2007-08-17,TMIN,244
USC00314144,2009-05-28,TMIN,183
USC00317170,2014-02-26,TMIN,17
USC00316676,2012-08-11,TMAX,294
USC00317170,2014-02-26,TMAX,111
USC00315830,2010-07-16,TMIN,233
USC00310576,2009-08-07,TMAX,317
USR0000NHOF,2008-03-28,TMIN,150
USW00013754,2011-11-03,TMAX,211
USR0000NNWB,2010-06-25,TMAX,361
USC00314689,2012-10-22,TMIN,50
USC00314689,2012-10-22,TMAX,228
USR0000NHOF,2008-03-28,TMAX,267
USC00314684,2014-07-13,TMIN,194
USC00315830,2010-07-16,TMAX,289
USC00314684,2013-07-23,TMAX,322
USW00093743,2008-02-28,TMAX,67
USW00093719,2008-10-13,TMIN,128
USW00013754,2005-03-29,TMIN,106
USW00093719,2008-10-13,TMAX,256
USW00093743,2008-02-28,TMIN,-27
USR0000NNWB,2012-01-26,TMIN,44
USC00310576,2009-08-07,TMIN,194
USC00314684,2013-07-23,TMIN,233
USW00013754,2011-11-03,TMIN,22
USC00316676,2008-06-17,TMIN,206
USC00317170,2012-09-02,TMIN,222
USC00314684,2015-04-23,TMAX,256
USW00093719,2007-08-17,TMAX,322
USC00316096,2013-07-23,TMAX,289
USC00316096,2013-07-23,TMIN,244
USC00316676,2007-11-21,TMIN,78
USC00310356,2005-01-25,TMAX,61
USC00314684,2014-09-11,TMAX,289
USW00093719,2015-11-13,TMIN,89
USR0000NCRN,2005-11-04,TMIN,67
USC00310576,2009-05-29,TMIN,189
USC00310356,2014-04-21,TMAX,139
USC00310576,2009-05-29,TMAX,294
USC00310356,2014-04-21,TMIN,106
USW00093765,2014-02-26,TMIN,28
USC00314689,2013-07-23,TMIN,239
USC00314684,2014-09-11,TMIN,183
USC00314689,2013-07-23,TMAX,317
USC00316676,2008-06-17,TMAX,333
USW00093719,2015-11-13,TMAX,206
USW00093719,2009-11-25,TMAX,133
USC00317170,2012-09-02,TMAX,344
USR0000NHOF,2011-05-01,TMAX,239
USC00317170,2013-12-18,TMAX,122
USR0000NHOF,2011-05-01,TMIN,78
USC00314689,2014-11-23,TMIN,28
USW00093719,2015-07-13,TMIN,217
USC00314689,2014-11-23,TMAX,139
USR0000NHOF,2007-05-09,TMIN,133
USC00316676,2015-12-16,TMIN,78
USC00310576,2014-08-06,TMIN,200
USW00093719,2015-07-13,TMAX,261
USR0000NHOF,2007-05-09,TMAX,261
USW00093719,2010-11-12,TMIN,44
USC00316676,2015-12-16,TMAX,244
USC00317170,2013-12-18,TMIN,6
USW00093719,2009-11-25,TMIN,100
USC00310576,2014-08-06,TMAX,311
USR0000NNWB,2010-06-25,TMIN,250
USR0000NHOF,2010-11-11,TMIN,17
USC00310356,2014-01-23,TMIN,-44
USW00093719,2015-09-28,TMIN,228
USC00314144,2008-06-01,TMAX,328
USC00315830,2009-10-17,TMAX,178
USC00314144,2008-06-01,TMIN,194
USR0000NNWB,2014-09-23,TMIN,156
USR0000NCRN,2011-05-21,TMAX,294
USR0000NNWB,2014-09-23,TMAX,194
USC00315830,2009-10-17,TMIN,94
USC00316676,2007-08-05,TMIN,217
USW00093719,2015-09-28,TMAX,256
USC00316096,2015-10-18,TMIN,22
USW00013754,2010-07-29,TMAX,311
USR0000NCRN,2010-02-28,TMIN,-17
USW00013754,2010-07-29,TMIN,228
USC00317170,2009-06-24,TMIN,189
USC00316096,2011-02-21,TMAX,194
USR0000NCRN,2010-02-28,TMAX,111
USC00316096,2011-02-21,TMIN,106
USR0000NCRN,2011-05-21,TMIN,167
USW00013754,2011-08-14,TMIN,233
USR0000NNWB,2014-06-28,TMIN,206
USR0000NCRN,2011-09-12,TMIN,183
USC00310576,2010-03-25,TMIN,72
USC00310576,2010-03-25,TMAX,250
USR0000NNWB,2012-11-15,TMIN,61
USR0000NNWB,2012-11-15,TMAX,122
USC00316096,2013-01-17,TMIN,50
USC00316096,2015-10-18,TMAX,139
USR0000NCRN,2011-09-12,TMAX,294
USW00013754,2005-12-11,TMIN,22
USW00093743,2014-01-23,TMAX,56
USC00314689,2012-02-29,TMIN,61
USC00314689,2006-07-12,TMIN,228
USW00013754,2005-12-11,TMAX,133
USC00314689,2006-07-12,TMAX,328
USW00013754,2011-08-14,TMAX,317
USW00093743,2014-01-23,TMIN,-77
USC00317170,2009-06-24,TMAX,317
USC00316676,2007-08-05,TMAX,322
USW00013754,2008-09-13,TMIN,222
USC00314689,2012-02-28,TMAX,194
USC00317170,2015-09-06,TMIN,217
USC00314689,2010-09-07,TMAX,306
USR0000NNWB,2012-01-26,TMAX,222
USC00310576,2011-12-19,TMIN,-17
USW00093765,2007-01-17,TMAX,78
USW00093765,2007-01-17,TMIN,17
USC00310576,2011-12-19,TMAX,100
USW00013754,2012-11-15,TMIN,78
USC00317170,2008-07-08,TMIN,194
USC00310576,2005-09-17,TMAX,322
USC00310576,2005-09-17,TMIN,228
USR0000NHOF,2010-11-11,TMAX,172
USR0000NNWB,2010-05-05,TMAX,306
USC00317170,2015-09-06,TMAX,289
USR0000NNWB,2010-05-05,TMIN,189
USW00013754,2012-11-15,TMAX,144
USC00314684,2008-08-06,TMIN,233
USC00315830,2011-04-10,TMAX,217
USC00315830,2011-04-10,TMIN,111
USC00314689,2012-02-28,TMIN,78
USC00316676,2005-10-26,TMAX,161
USC00314689,2012-02-29,TMAX,244
USW00013754,2008-09-13,TMAX,317
USC00316676,2005-10-26,TMIN,44
USW00093765,2010-08-26,TMIN,206
USW00093765,2010-08-26,TMAX,300
USC00310356,2008-02-06,TMIN,28
USC00310356,2007-05-09,TMAX,239
USC00310356,2007-05-09,TMIN,89
USC00310356,2008-02-06,TMAX,167
USW00013754,2014-09-23,TMIN,172
USW00013754,2014-09-23,TMAX,211
USW00093719,2005-09-23,TMIN,189
USW00093719,2005-09-23,TMAX,317
USC00314689,2010-09-07,TMIN,161
USC00314684,2008-08-06,TMAX,367
USW00093719,2006-10-11,TMAX,250
USC00317170,2011-04-25,TMAX,294
USC00314684,2014-02-26,TMIN,11
USC00310356,2012-10-15,TMIN,156
USC00310576,2006-01-15,TMAX,89
USR0000NCRN,2007-05-09,TMIN,161
USR0000NCRN,2013-04-14,TMAX,228
USC00310576,2008-06-05,TMIN,217
USC00310576,2008-06-05,TMAX,333
USC00310356,2007-03-21,TMAX,178
USC00310356,2015-03-06,TMIN,-11
USR0000NCRN,2013-04-14,TMIN,50
USC00314684,2013-02-22,TMIN,-22
USW00093719,2005-01-09,TMAX,150
USC00310356,2008-08-18,TMIN,183
USC00315830,2010-04-12,TMAX,217
USW00093719,2005-01-09,TMIN,50
USR0000NHOF,2011-03-30,TMIN,39
USC00315830,2010-04-12,TMIN,67
USC00314684,2013-02-22,TMAX,128
USC00310356,2015-03-06,TMAX,150
USC00314144,2010-11-19,TMAX,156
USR0000NCRN,2007-05-09,TMAX,267
USC00314684,2014-09-23,TMAX,261
USC00314689,2010-06-07,TMIN,211
USC00310356,2010-01-15,TMAX,83
USR0000NCRN,2015-08-02,TMIN,211
USR0000NCRN,2015-08-02,TMAX,322
USR0000NNWB,2008-02-03,TMIN,17
USR0000NNWB,2008-02-03,TMAX,206
USC00310356,2007-03-21,TMIN,94
USC00315830,2012-03-21,TMAX,239
USW00093719,2006-08-31,TMIN,228
USC00310356,2010-11-11,TMAX,189
USW00093765,2015-07-13,TMIN,222
USC00314684,2014-09-23,TMIN,161
USW00093765,2015-07-13,TMAX,267
USC00315830,2012-03-21,TMIN,156
USC00310356,2010-11-11,TMIN,83
USC00310576,2006-01-15,TMIN,6
USW00093719,2006-08-31,TMAX,256
USC00310356,2010-01-15,TMIN,6
USW00093765,2006-12-03,TMIN,78
USR0000NNWB,2007-02-27,TMIN,44
USC00314144,2008-03-03,TMIN,-22
USW00093719,2011-06-14,TMAX,300
USR0000NNWB,2007-04-21,TMIN,39
USR0000NNWB,2007-04-21,TMAX,256
USW00093765,2008-11-11,TMIN,56
USW00093765,2008-11-11,TMAX,156
USC00314684,2011-12-03,TMAX,167
USC00317170,2008-05-02,TMIN,133
USW00093765,2011-09-03,TMIN,183
USW00093765,2011-09-03,TMAX,294
USC00310356,2015-07-07,TMAX,294
USC00310356,2015-07-07,TMIN,244
USW00093719,2008-01-22,TMAX,183
USR0000NCRN,2012-10-15,TMAX,261
USW00093719,2008-01-22,TMIN,-11
USR0000NCRN,2012-10-15,TMIN,133
USC00314684,2011-12-03,TMIN,-28
USW00093765,2006-12-03,TMAX,161
USC00317170,2008-05-02,TMAX,272
USC00315830,2009-03-18,TMIN,61
USC00314684,2007-05-20,TMIN,94
USC00314684,2007-05-20,TMAX,222
USR0000NNWB,2007-02-27,TMAX,189
USC00314144,2010-11-19,TMIN,-11
USC00317170,2009-12-16,TMAX,150
USC00317170,2009-12-16,TMIN,28
USC00310576,2014-07-02,TMIN,189
USW00093743,2011-05-01,TMAX,217
USC00315830,2009-03-18,TMAX,178
USW00093743,2010-04-24,TMAX,222
USW00093743,2010-04-24,TMIN,144
USC00314684,2014-01-18,TMIN,-17
USR0000NCRN,2008-02-14,TMIN,17
USR0000NCRN,2008-02-14,TMAX,128
USR0000NHOF,2011-03-30,TMAX,133
USC00310576,2014-07-02,TMAX,328
USC00314684,2014-01-18,TMAX,133
USC00314689,2010-06-07,TMAX,350
USC00310356,2010-04-24,TMIN,161
USC00310356,2008-08-18,TMAX,306
USR0000NCRN,2011-01-07,TMIN,-33
USW00013754,2005-06-26,TMAX,306
USR0000NNWB,2009-05-18,TMIN,94
USR0000NNWB,2009-05-18,TMAX,150
USC00310356,2005-11-04,TMIN,100
USC00314689,2008-03-19,TMAX,239
USC00314689,2008-03-19,TMIN,133
USC00310356,2006-05-10,TMAX,206
USR0000NHOF,2010-01-15,TMIN,-61
USW00013754,2005-06-26,TMIN,233
USC00314689,2005-06-28,TMIN,233
USR0000NHOF,2015-05-23,TMIN,61
USR0000NHOF,2015-05-23,TMAX,278
USC00314689,2005-06-28,TMAX,317
USR0000NCRN,2011-01-07,TMAX,89
USR0000NNWB,2007-07-13,TMIN,217
USR0000NHOF,2010-01-15,TMAX,161
USR0000NNWB,2007-07-13,TMAX,306
USC00310356,2006-05-10,TMIN,133
USW00093719,2007-01-17,TMAX,78
USR0000NCRN,2012-06-09,TMAX,294
USR0000NCRN,2010-05-16,TMAX,261
USW00093765,2005-09-23,TMIN,206
USW00093765,2005-09-23,TMAX,289
USC00314689,2012-09-02,TMIN,244
USC00314689,2012-09-02,TMAX,333
USC00315830,2013-08-09,TMIN,222
USW00093719,2007-01-17,TMIN,0
USC00316096,2014-09-23,TMIN,161
USC00316096,2014-09-23,TMAX,206
USC00316676,2005-03-27,TMAX,194
USR0000NCRN,2010-05-16,TMIN,194
USC00316676,2005-03-27,TMIN,100
USC00314689,2005-03-09,TMAX,100
USW00013754,2014-12-20,TMAX,67
USC00314144,2011-01-18,TMAX,67
USC00315830,2013-08-09,TMAX,311
USC00315830,2008-05-06,TMIN,161
USC00315830,2008-05-06,TMAX,250
USR0000NNWB,2005-02-10,TMAX,144
USC00315830,2006-11-13,TMAX,156
USR0000NCRN,2007-09-30,TMIN,167
USC00314144,2011-01-18,TMIN,28
USC00317170,2011-10-29,TMAX,133
USC00314684,2005-11-15,TMAX,261
USW00093765,2014-12-09,TMIN,56
USC00310356,2015-05-23,TMIN,150
USR0000NCRN,2007-09-30,TMAX,267
USC00314684,2006-07-04,TMAX,339
USC00314684,2006-07-04,TMIN,211
USC00317170,2011-10-29,TMIN,67
USC00316096,2012-09-02,TMIN,228
USW00093765,2014-12-09,TMAX,83
USC00316096,2012-09-02,TMAX,328
USC00314144,2007-08-03,TMAX,300
USC00310356,2010-04-24,TMAX,233
USC00310356,2015-05-23,TMAX,222
USC00316096,2014-07-13,TMAX,300
USW00093743,2010-01-15,TMAX,139
USC00315830,2006-11-13,TMIN,106
USR0000NNWB,2005-02-10,TMIN,28
USW00093765,2015-09-28,TMIN,233
USC00310356,2005-11-04,TMAX,200
USC00314144,2007-08-03,TMIN,117
USW00093719,2005-12-11,TMIN,17
USW00093765,2015-09-28,TMAX,261
USW00093765,2010-04-28,TMIN,100
USW00093719,2005-12-11,TMAX,133
USW00093719,2008-09-13,TMIN,222
USW00093719,2008-09-13,TMAX,328
USW00093765,2010-04-28,TMAX,206
USC00314689,2007-12-24,TMIN,44
USC00314689,2005-03-09,TMIN,-33
USC00314684,2005-11-15,TMIN,128
USC00316096,2014-07-13,TMIN,206
USR0000NCRN,2005-01-20,TMAX,117
USW00093743,2010-01-15,TMIN,-27
USC00310576,2011-07-02,TMAX,317
USW00093743,2009-03-21,TMAX,133
USC00310576,2011-07-02,TMIN,194
USW00013754,2015-03-19,TMIN,67
USW00093719,2011-11-03,TMAX,206
USC00314144,2009-03-21,TMIN,-28
USC00314144,2009-03-21,TMAX,133
USC00317170,2010-06-17,TMAX,344
USR0000NCRN,2010-04-28,TMAX,206
USC00315830,2006-03-14,TMAX,211
USW00093743,2010-11-11,TMAX,172
USC00317170,2010-06-17,TMIN,228
USW00093743,2010-11-11,TMIN,67
USW00093719,2007-07-08,TMAX,300
USW00013754,2009-05-18,TMAX,139
USC00310356,2015-01-07,TMAX,128
USC00315830,2010-09-21,TMIN,206
USW00093765,2014-09-23,TMIN,178
USW00093765,2014-09-23,TMAX,217
USC00316676,2012-12-10,TMIN,94
USW00013754,2009-05-18,TMIN,94
USC00314684,2012-09-02,TMIN,233
USW00093719,2011-11-03,TMIN,28
USW00013754,2007-04-21,TMAX,233
USR0000NCRN,2015-11-03,TMIN,172
USC00310576,2013-11-03,TMAX,200
USR0000NHOF,2010-09-02,TMIN,156
USW00093719,2009-05-11,TMAX,211
USC00316096,2014-02-26,TMIN,17
USC00310356,2006-12-31,TMAX,183
USC00310356,2006-12-31,TMIN,89
USW00093765,2007-11-24,TMIN,33
USC00316096,2014-02-26,TMAX,72
USW00093719,2009-05-11,TMIN,111
USC00315830,2009-11-07,TMAX,183
USR0000NCRN,2010-01-15,TMIN,-44
USR0000NCRN,2010-01-15,TMAX,150
USW00013754,2007-04-21,TMIN,39
USC00314144,2011-02-23,TMAX,128
USW00093765,2007-11-24,TMAX,128
USC00315830,2009-11-07,TMIN,39
USC00310576,2012-05-01,TMIN,106
USC00314684,2012-09-02,TMAX,356
USR0000NNWB,2007-10-09,TMAX,339
USW00093765,2010-11-07,TMAX,128
USC00315830,2009-10-13,TMAX,239
USC00317170,2012-06-04,TMAX,289
USC00315830,2009-10-13,TMIN,144
USC00310356,2015-01-07,TMIN,22
USW00093765,2014-09-11,TMAX,294
USC00314689,2013-01-19,TMAX,144
USW00093765,2010-11-07,TMIN,39
USR0000NHOF,2006-12-31,TMAX,194
USW00093719,2005-05-10,TMIN,94
USW00093719,2005-05-10,TMAX,244
USC00315830,2015-12-12,TMAX,217
USC00310576,2015-10-21,TMAX,222
USC00317170,2012-06-04,TMIN,122
USC00315830,2015-12-12,TMIN,89
USC00310356,2012-10-15,TMAX,267
USR0000NHOF,2006-12-31,TMIN,83
USC00310356,2006-11-10,TMAX,206
USC00314689,2013-01-19,TMIN,-28
USC00315830,2014-06-09,TMIN,228
USC00310356,2006-11-10,TMIN,44
USW00093719,2013-07-23,TMAX,328
USR0000NNWB,2007-10-09,TMIN,206
USW00093719,2013-07-23,TMIN,250
USR0000NNWB,2009-05-06,TMIN,200
USR0000NNWB,2009-05-06,TMAX,283
USC00316676,2012-12-10,TMAX,244
USC00315830,2014-06-09,TMAX,272
USC00314144,2006-05-10,TMIN,72
USC00314689,2015-05-15,TMAX,206
USC00314144,2006-05-10,TMAX,267
USW00093765,2014-11-18,TMAX,172
USC00317170,2011-04-25,TMIN,189
USW00093765,2014-11-18,TMIN,6
USW00093743,2008-08-18,TMIN,139
USC00310576,2015-10-21,TMIN,33
USW00093743,2008-08-18,TMAX,206
USR0000NHOF,2010-09-02,TMAX,278
USC00314144,2011-02-23,TMIN,-11
USC00310576,2012-05-01,TMAX,244
USC00317170,2010-12-25,TMAX,106
USR0000NCRN,2006-10-16,TMAX,222
USC00317170,2010-12-25,TMIN,-6
USC00314684,2010-12-03,TMIN,-33
USC00316096,2011-07-27,TMIN,228
USR0000NHOF,2014-02-17,TMAX,100
USC00310356,2014-08-06,TMAX,306
USR0000NCRN,2011-12-08,TMAX,117
USC00310356,2014-08-06,TMIN,222
USC00314689,2008-09-01,TMIN,194
USC00310576,2009-09-01,TMIN,194
USR0000NCRN,2006-05-10,TMIN,89
USR0000NCRN,2006-05-10,TMAX,222
USC00310576,2009-09-01,TMAX,256
USR0000NHOF,2014-02-17,TMIN,-22
USR0000NCRN,2005-05-23,TMIN,172
USC00314689,2008-09-01,TMAX,306
USC00315830,2008-01-23,TMIN,89
USR0000NCRN,2011-12-08,TMIN,-6
USC00316676,2009-04-08,TMIN,11
USC00317170,2013-12-21,TMIN,111
USC00317170,2013-12-21,TMAX,222
USR0000NHOF,2015-07-07,TMAX,322
USR0000NHOF,2015-07-07,TMIN,217
USR0000NCRN,2009-02-14,TMAX,128
USC00314684,2010-12-03,TMAX,72
USW00013754,2015-03-19,TMAX,133
USW00093719,2005-11-26,TMIN,0
USW00093719,2012-11-15,TMIN,67
USC00314689,2014-06-01,TMIN,117
USW00093719,2011-06-14,TMIN,189
USW00093719,2012-11-15,TMAX,128
USR0000NCRN,2006-10-16,TMIN,50
USC00314689,2014-06-01,TMAX,278
USW00093719,2005-11-26,TMAX,122
USC00316676,2009-04-08,TMAX,133
USR0000NCRN,2009-02-14,TMIN,72
USC00315830,2008-01-23,TMAX,150
USR0000NHOF,2010-04-24,TMAX,233
USR0000NHOF,2010-04-24,TMIN,106
USC00314689,2006-07-04,TMAX,339
USC00314689,2006-07-04,TMIN,211
USC00316676,2007-07-20,TMIN,239
USC00310576,2013-02-16,TMAX,167
USW00093719,2007-07-08,TMIN,211
USC00316676,2007-07-20,TMAX,339
USC00310576,2013-11-03,TMIN,94
USC00316096,2015-05-15,TMIN,89
USC00315830,2015-02-21,TMIN,-106
USC00310576,2013-02-16,TMIN,11
USC00316676,2013-11-21,TMIN,72
USC00315830,2015-02-21,TMAX,128
USR0000NHOF,2014-08-06,TMAX,333
USR0000NHOF,2014-08-06,TMIN,206
USC00315830,2010-09-21,TMAX,278
USC00316676,2013-11-21,TMAX,150
USR0000NCRN,2015-11-03,TMAX,194
USW00013754,2013-07-23,TMIN,244
USW00013754,2013-07-23,TMAX,306
USC00316096,2015-05-15,TMAX,239
USR0000NNWB,2009-09-09,TMAX,272
USR0000NCRN,2005-05-23,TMAX,278
USR0000NCRN,2015-05-23,TMIN,78
USR0000NCRN,2015-05-23,TMAX,261
USC00316096,2011-07-27,TMAX,311
USR0000NNWB,2009-09-09,TMIN,189
USC00314689,2014-02-26,TMIN,22
USC00314689,2014-02-26,TMAX,161
USW00093743,2011-05-01,TMIN,139
USC00316096,2011-10-14,TMAX,244
USC00316096,2011-10-14,TMIN,122
USC00317170,2014-09-23,TMIN,161
USC00317170,2014-09-23,TMAX,239
USW00013754,2012-01-26,TMAX,222
USW00013754,2012-01-26,TMIN,33
USW00093719,2008-12-09,TMAX,194
USW00093719,2008-12-09,TMIN,-17
USC00314144,2008-03-03,TMAX,211
USC00314144,2009-08-17,TMAX,311
USW00093743,2009-03-21,TMIN,22
USR0000NNWB,2015-11-30,TMIN,117
USR0000NNWB,2008-05-02,TMAX,278
USR0000NNWB,2008-05-02,TMIN,133
USR0000NNWB,2006-04-02,TMAX,250
USR0000NNWB,2006-04-02,TMIN,133
USC00316676,2007-08-25,TMIN,222
USC00314144,2005-02-12,TMIN,-44
USC00314144,2005-02-12,TMAX,150
USC00315830,2009-05-12,TMIN,117
USC00314144,2011-05-09,TMAX,256
USC00314689,2008-05-31,TMAX,311
USC00314689,2008-05-31,TMIN,206
USC00316096,2011-09-28,TMIN,200
USC00317170,2013-10-31,TMIN,111
USC00315830,2009-05-12,TMAX,272
USW00093765,2005-04-07,TMIN,161
USC00316096,2009-11-06,TMIN,17
USC00317170,2013-10-31,TMAX,239
USC00310576,2015-12-17,TMIN,78
USR0000NNWB,2010-01-15,TMAX,161
USC00317170,2012-10-14,TMIN,100
USC00314689,2014-12-09,TMIN,28
USC00310356,2012-05-11,TMIN,156
USC00310356,2012-05-11,TMAX,256
USC00314689,2014-12-09,TMAX,117
USC00316676,2007-08-25,TMAX,328
USR0000NNWB,2014-06-09,TMAX,294
USR0000NCRN,2005-03-16,TMAX,83
USR0000NNWB,2010-01-15,TMIN,-33
USC00314689,2012-02-23,TMIN,89
USC00314684,2005-08-07,TMAX,311
USW00093743,2009-10-13,TMAX,256
USW00093743,2009-10-13,TMIN,144
USR0000NCRN,2005-03-16,TMIN,11
USW00093765,2005-04-07,TMAX,228
USC00316676,2010-12-31,TMIN,-33
USC00317170,2012-10-14,TMAX,272
USC00314684,2005-08-07,TMIN,200
USW00013754,2009-05-11,TMIN,128
USR0000NCRN,2011-10-17,TMIN,183
USR0000NHOF,2005-05-21,TMAX,206
USC00310356,2008-12-18,TMAX,156
USC00310356,2008-12-18,TMIN,128
USC00317170,2008-03-19,TMAX,261
USC00310576,2014-09-11,TMIN,211
USR0000NHOF,2012-03-09,TMAX,178
USC00314144,2007-09-26,TMAX,300
USR0000NHOF,2012-03-09,TMIN,6
USW00093765,2015-08-15,TMIN,194
USC00310356,2012-08-28,TMAX,311
USW00093719,2008-05-06,TMIN,133
USW00093719,2008-05-06,TMAX,250
USC00317170,2008-03-19,TMIN,139
USW00093765,2015-08-15,TMAX,289
USC00316096,2012-08-11,TMAX,278
USW00093719,2007-03-01,TMIN,56
USW00093719,2007-03-01,TMAX,217
USC00310356,2012-08-28,TMIN,244
USR0000NHOF,2009-10-13,TMAX,244
USW00093765,2006-05-10,TMAX,211
USC00314689,2012-02-23,TMAX,250
USR0000NHOF,2009-10-13,TMIN,111
USR0000NHOF,2009-09-21,TMIN,139
USC00310576,2015-12-17,TMAX,189
USR0000NNWB,2015-05-15,TMAX,250
USR0000NHOF,2009-09-21,TMAX,272
USR0000NNWB,2006-01-31,TMIN,28
USR0000NHOF,2005-05-21,TMIN,83
USW00093765,2006-05-10,TMIN,100
USC00317170,2010-02-27,TMAX,128
USR0000NNWB,2015-05-15,TMIN,106
USR0000NCRN,2011-10-17,TMAX,267
USR0000NNWB,2006-01-31,TMAX,133
USC00314144,2007-09-26,TMIN,139
USW00013754,2013-07-22,TMAX,317
USW00013754,2013-07-22,TMIN,233
USC00310576,2014-09-11,TMAX,294
USC00317170,2010-02-27,TMIN,11
USW00013754,2013-11-16,TMAX,222
USC00316676,2011-07-05,TMAX,344
USW00013754,2009-05-11,TMAX,222
USW00093743,2012-03-09,TMIN,39
USC00314144,2011-05-09,TMIN,94
USW00093719,2015-05-23,TMIN,100
USW00093719,2006-04-30,TMIN,56
USW00093719,2015-05-23,TMAX,267
USC00310356,2015-03-04,TMAX,139
USC00310356,2015-03-04,TMIN,39
USW00093719,2011-08-16,TMAX,311
USR0000NHOF,2012-05-11,TMIN,67
USC00316096,2015-09-13,TMIN,133
USC00310576,2014-06-28,TMAX,311
USC00314684,2009-04-08,TMAX,122
USC00314684,2009-04-08,TMIN,11
USC00310576,2014-06-28,TMIN,233
USW00093765,2010-02-27,TMAX,94
USC00316676,2013-02-22,TMIN,22
USR0000NHOF,2012-05-11,TMAX,250
USC00314684,2006-08-31,TMIN,222
USW00093743,2012-03-09,TMAX,178
USR0000NHOF,2014-12-07,TMIN,50
USR0000NCRN,2011-01-15,TMAX,83
USW00093743,2009-06-09,TMAX,283
USC00315830,2008-02-03,TMAX,161
USC00315830,2008-02-03,TMIN,44
USC00310356,2007-09-22,TMAX,278
USW00013754,2005-02-25,TMAX,50
USW00093743,2009-06-09,TMIN,200
USW00093719,2006-04-30,TMAX,194
USW00013754,2015-04-02,TMAX,211
USW00093719,2011-08-16,TMIN,200
USC00316096,2015-09-13,TMAX,261
USC00314689,2005-09-16,TMAX,317
USR0000NCRN,2012-10-23,TMIN,56
USR0000NCRN,2012-10-23,TMAX,244
USC00314689,2005-09-16,TMIN,233
USR0000NHOF,2014-12-07,TMAX,139
USR0000NCRN,2011-01-15,TMIN,-61
USR0000NNWB,2014-06-09,TMIN,206
USC00314684,2006-08-31,TMAX,328
USC00316676,2013-02-22,TMAX,139
USC00315830,2014-09-24,TMIN,172
USC00315830,2014-09-24,TMAX,206
USR0000NCRN,2008-09-27,TMAX,283
USC00314144,2006-07-13,TMAX,339
USR0000NCRN,2008-09-27,TMIN,189
USC00317170,2014-04-20,TMAX,128
USC00317170,2014-04-20,TMIN,89
USC00314684,2014-05-31,TMIN,167
USC00314689,2008-12-20,TMIN,144
USC00310576,2008-02-06,TMIN,156
USC00310576,2008-02-06,TMAX,250
USC00310356,2009-10-13,TMAX,278
USC00310356,2009-10-13,TMIN,150
USC00315830,2011-03-23,TMIN,144
USC00316676,2011-07-05,TMIN,233
USC00316096,2009-11-06,TMAX,150
USC00314689,2008-12-20,TMAX,222
USW00093765,2010-02-27,TMIN,11
USC00314684,2014-05-31,TMAX,233
USC00316096,2011-09-28,TMAX,294
USC00315830,2008-07-22,TMAX,317
USC00314689,2009-01-11,TMAX,172
USR0000NHOF,2005-07-18,TMIN,250
USW00013754,2011-10-29,TMAX,150
USC00315830,2008-07-22,TMIN,289
USC00314689,2009-01-11,TMIN,139
USR0000NHOF,2005-07-18,TMAX,317
USC00315830,2007-06-15,TMAX,239
USW00013754,2011-10-29,TMIN,67
USC00317170,2012-04-30,TMAX,256
USC00317170,2012-04-30,TMIN,106
USC00316676,2013-04-14,TMIN,67
USC00316676,2013-04-14,TMAX,217
USW00093743,2012-05-11,TMIN,106
USW00093743,2012-05-11,TMAX,239
USC00314144,2006-07-13,TMIN,222
USC00315830,2007-06-15,TMIN,139
USC00316096,2012-08-11,TMIN,222
USW00093743,2012-08-28,TMAX,278
USC00317170,2008-10-10,TMAX,239
USW00093719,2006-05-10,TMIN,78
USW00093719,2006-05-10,TMAX,228
USC00314684,2011-08-31,TMAX,294
USC00314684,2011-08-31,TMIN,161
USR0000NHOF,2009-07-23,TMIN,200
USR0000NHOF,2009-07-23,TMAX,317
USW00093765,2013-07-22,TMAX,289
USR0000NCRN,2010-08-03,TMAX,294
USW00093765,2013-07-22,TMIN,250
USC00310356,2006-08-06,TMAX,289
USC00310576,2014-02-27,TMAX,67
USC00314144,2007-11-14,TMIN,67
USW00013754,2014-06-09,TMAX,278
USC00314689,2015-01-03,TMAX,139
USC00310576,2005-07-31,TMAX,256
USC00314689,2009-08-21,TMAX,339
USC00310576,2014-02-27,TMIN,6
USC00310356,2005-07-18,TMIN,267
USR0000NCRN,2010-08-03,TMIN,222
USC00314684,2011-09-03,TMAX,300
USR0000NNWB,2011-07-16,TMAX,311
USC00315830,2013-09-29,TMIN,172
USC00315830,2013-09-29,TMAX,256
USR0000NHOF,2006-04-07,TMIN,61
USC00317170,2011-02-21,TMIN,89
USW00013754,2014-06-09,TMIN,194
USC00310576,2015-03-06,TMIN,11
USC00310356,2006-08-06,TMIN,211
USR0000NHOF,2006-04-07,TMAX,267
USC00310576,2007-06-24,TMAX,278
USC00310576,2007-06-24,TMIN,172
USC00314144,2009-09-18,TMAX,261
USC00314684,2011-09-03,TMIN,172
USR0000NNWB,2012-03-21,TMIN,156
USR0000NNWB,2012-03-21,TMAX,244
USC00314144,2009-09-18,TMIN,178
USC00310576,2015-03-06,TMAX,272
USC00316676,2008-07-24,TMAX,322
USC00316676,2013-01-19,TMIN,0
USC00314144,2007-11-14,TMAX,244
USW00093765,2007-01-23,TMIN,50
USW00093765,2007-01-23,TMAX,100
USC00314689,2012-08-11,TMIN,239
USW00093743,2009-07-23,TMAX,311
USR0000NCRN,2010-04-24,TMAX,239
USR0000NCRN,2010-04-24,TMIN,133
USC00310576,2009-11-23,TMAX,172
USW00093743,2009-07-23,TMIN,228
USC00310576,2009-11-23,TMIN,83
USR0000NNWB,2014-12-26,TMIN,6
USR0000NNWB,2014-12-26,TMAX,167
USC00314689,2011-09-28,TMIN,206
USC00316096,2012-04-30,TMAX,250
USC00316096,2012-04-30,TMIN,128
USR0000NHOF,2005-10-14,TMIN,161
USR0000NHOF,2005-10-14,TMAX,206
USC00314689,2011-09-28,TMAX,317
USR0000NNWB,2015-02-21,TMIN,-89
USC00314689,2012-08-11,TMAX,294
USC00310576,2014-05-15,TMIN,161
USC00314689,2009-08-21,TMIN,244
USC00310356,2006-04-07,TMIN,111
USC00314689,2015-01-03,TMIN,72
USC00310356,2006-04-07,TMAX,222
USC00314684,2009-07-17,TMAX,328
USC00316676,2013-01-19,TMAX,106
USC00314684,2009-07-17,TMIN,211
USW00093719,2008-11-22,TMIN,-44
USR0000NNWB,2015-02-21,TMAX,156
USC00314144,2009-04-12,TMIN,17
USC00314144,2009-04-12,TMAX,178
USC00310356,2005-07-18,TMAX,300
USR0000NCRN,2010-12-01,TMIN,44
USR0000NCRN,2013-09-21,TMIN,178
USW00093719,2008-11-22,TMAX,61
USC00310576,2014-05-15,TMAX,300
USR0000NCRN,2013-09-21,TMAX,256
USC00314689,2012-11-15,TMAX,100
USC00316676,2008-07-24,TMIN,217
USC00314689,2012-11-15,TMIN,44
USC00316676,2009-10-29,TMIN,122
USR0000NHOF,2012-08-28,TMAX,267
USR0000NHOF,2012-08-28,TMIN,206
USR0000NNWB,2007-07-12,TMAX,322
USC00316676,2009-10-29,TMAX,283
USW00013754,2011-03-05,TMAX,206
USR0000NNWB,2007-07-12,TMIN,222
USR0000NCRN,2012-01-29,TMAX,133
USC00310356,2009-09-21,TMIN,189
USC00310356,2009-09-21,TMAX,300
USC00310576,2007-09-12,TMAX,333
USC00310576,2012-02-11,TMAX,128
USW00013754,2015-05-23,TMIN,111
USW00013754,2011-03-05,TMIN,72
USC00314689,2015-09-13,TMAX,256
USC00314689,2015-09-13,TMIN,189
USC00310576,2007-09-12,TMIN,239
USC00316676,2010-12-31,TMAX,94
USR0000NCRN,2012-01-29,TMIN,6
USC00314689,2010-09-21,TMAX,322
USW00093743,2012-08-28,TMIN,239
USC00317170,2008-10-10,TMIN,189
USR0000NHOF,2015-03-04,TMAX,261
USR0000NHOF,2015-03-04,TMIN,83
USC00315830,2008-03-08,TMIN,150
USC00315830,2008-03-08,TMAX,172
USW00013754,2010-01-15,TMIN,-55
USC00310356,2007-10-26,TMAX,272
USW00013754,2013-11-16,TMIN,139
USW00013754,2007-10-25,TMAX,244
USR0000NNWB,2015-05-23,TMIN,106
USR0000NNWB,2015-05-23,TMAX,278
USC00310356,2007-10-26,TMIN,217
USW00013754,2007-10-25,TMIN,217
USC00314689,2015-08-20,TMAX,317
USC00314689,2010-09-21,TMIN,161
USW00013754,2010-01-15,TMAX,167
USW00013754,2015-05-23,TMAX,272
USW00013754,2012-06-04,TMAX,278
USW00093719,2013-07-22,TMAX,333
USW00093719,2005-03-29,TMIN,100
USC00314144,2011-07-02,TMAX,328
USC00314144,2011-07-02,TMIN,250
USC00316096,2014-12-09,TMIN,44
USW00093719,2005-03-29,TMAX,217
USR0000NNWB,2011-10-29,TMIN,94
USC00314689,2005-12-11,TMIN,39
USR0000NNWB,2007-09-17,TMIN,133
USC00314689,2005-12-11,TMAX,117
USR0000NNWB,2011-07-16,TMIN,183
USC00310576,2007-04-11,TMAX,172
USC00310576,2007-04-11,TMIN,11
USC00317170,2011-02-21,TMAX,267
USC00314689,2015-08-20,TMIN,222
USC00315830,2010-11-20,TMIN,78
USC00315830,2010-11-20,TMAX,172
USC00316096,2014-12-09,TMAX,72
USR0000NNWB,2007-09-17,TMAX,261
USW00093765,2007-03-07,TMIN,28
USR0000NHOF,2006-08-06,TMAX,311
USW00093719,2013-07-22,TMIN,244
USR0000NHOF,2009-06-09,TMAX,294
USR0000NHOF,2009-06-09,TMIN,178
USW00093765,2007-03-07,TMAX,178
USC00310576,2010-07-16,TMAX,328
USC00310576,2010-07-16,TMIN,239
USC00314684,2012-04-30,TMAX,200
USC00314684,2012-04-30,TMIN,100
USC00310576,2012-02-11,TMIN,0
USC00315830,2005-07-11,TMAX,306
USC00315830,2005-07-11,TMIN,228
USW00013754,2012-06-04,TMIN,178
USW00093765,2010-06-07,TMAX,294
USW00093765,2010-06-07,TMIN,211
USW00093743,2008-12-18,TMAX,150
USR0000NHOF,2006-08-06,TMIN,200
USW00093743,2008-12-18,TMIN,117
USW00013754,2005-02-25,TMIN,0
USC00317170,2008-02-21,TMIN,33
USC00317170,2008-02-21,TMAX,139
USC00310356,2007-09-22,TMIN,217
USC00314144,2008-06-18,TMIN,128
USC00310356,2009-06-09,TMAX,283
USC00310356,2009-06-09,TMIN,239
USC00314689,2008-11-11,TMAX,156
USC00314144,2008-06-18,TMAX,294
USC00314689,2010-06-24,TMIN,239
USC00310576,2011-12-08,TMIN,67
USR0000NNWB,2005-02-25,TMAX,39
USC00315830,2006-08-21,TMIN,244
USR0000NHOF,2011-06-16,TMAX,283
USR0000NHOF,2010-11-05,TMAX,156
USR0000NNWB,2006-04-30,TMAX,206
USR0000NNWB,2006-04-30,TMIN,44
USR0000NNWB,2010-03-06,TMIN,-6
USR0000NNWB,2010-03-06,TMAX,133
USC00310576,2011-12-08,TMAX,239
USR0000NHOF,2011-06-16,TMIN,161
USC00314684,2005-09-16,TMAX,289
USC00316096,2015-08-20,TMIN,228
USC00314689,2008-11-11,TMIN,11
USW00093765,2013-10-31,TMAX,222
USC00314684,2008-01-12,TMIN,106
USC00314684,2007-04-21,TMIN,39
USC00314684,2007-04-21,TMAX,211
USW00093719,2006-01-31,TMIN,28
USW00093719,2006-01-31,TMAX,128
USR0000NNWB,2005-02-25,TMIN,-22
USC00316096,2015-08-20,TMAX,317
USC00314689,2010-06-24,TMAX,367
USW00093765,2014-05-18,TMIN,117
USW00093765,2014-05-18,TMAX,233
USR0000NHOF,2015-04-27,TMIN,61
USR0000NHOF,2015-04-27,TMAX,222
USC00310356,2011-09-21,TMAX,278
USW00093719,2012-10-14,TMAX,272
USW00093719,2012-10-14,TMIN,100
USR0000NHOF,2010-11-05,TMIN,44
USW00093719,2010-02-27,TMIN,-6
USW00093765,2013-10-31,TMIN,128
USR0000NCRN,2012-09-03,TMAX,283
USC00314689,2014-08-05,TMAX,294
USC00314689,2014-08-05,TMIN,222
USW00093765,2007-10-11,TMIN,150
USW00093765,2008-03-19,TMAX,222
USW00013754,2007-07-12,TMAX,306
USW00093719,2011-05-28,TMIN,172
USW00093765,2008-03-19,TMIN,161
USC00316676,2010-11-06,TMIN,56
USC00316096,2013-12-21,TMIN,100
USR0000NNWB,2008-02-22,TMIN,17
USW00013754,2007-07-12,TMIN,222
USC00310356,2015-04-27,TMIN,94
USW00093719,2015-10-18,TMAX,144
USC00314144,2011-03-18,TMIN,50
USW00093719,2015-10-18,TMIN,39
USC00315830,2014-02-27,TMIN,-6
USR0000NNWB,2008-02-22,TMAX,83
USR0000NCRN,2012-09-03,TMIN,239
USC00316676,2010-11-06,TMAX,156
USC00316096,2009-08-21,TMAX,311
USC00314684,2005-09-16,TMIN,233
USW00093719,2012-04-30,TMAX,261
USW00093719,2012-04-30,TMIN,122
USW00093765,2011-02-21,TMAX,172
USC00315830,2006-10-11,TMIN,167
USR0000NCRN,2006-07-13,TMIN,250
USW00093765,2011-02-21,TMIN,117
USC00316096,2009-08-21,TMIN,244
USR0000NCRN,2006-07-13,TMAX,317
USC00310576,2007-09-28,TMIN,189
USC00316676,2013-08-09,TMAX,300
USC00316676,2007-05-08,TMAX,200
USR0000NNWB,2011-08-09,TMIN,250
USR0000NNWB,2011-08-09,TMAX,372
USC00316676,2007-05-08,TMIN,94
USW00093765,2007-10-11,TMAX,256
USC00316676,2013-08-09,TMIN,222
USW00093719,2010-02-27,TMAX,111
USR0000NHOF,2007-09-22,TMAX,294
USC00314684,2008-01-12,TMAX,233
USW00093719,2006-01-09,TMIN,83
USC00310356,2012-10-23,TMAX,233
USR0000NNWB,2015-04-02,TMIN,56
USC00316096,2011-09-03,TMIN,167
USR0000NHOF,2006-08-02,TMIN,250
USR0000NNWB,2006-12-12,TMIN,-17
USW00093743,2007-10-22,TMIN,161
USR0000NNWB,2006-12-12,TMAX,194
USW00093743,2007-10-22,TMAX,261
USC00310356,2011-09-21,TMIN,217
USC00315830,2009-04-21,TMAX,217
USR0000NNWB,2015-04-02,TMAX,222
USC00314684,2014-02-16,TMAX,89
USW00013754,2014-09-24,TMIN,167
USW00013754,2014-09-24,TMAX,250
USC00315830,2008-06-05,TMIN,244
USC00315830,2009-04-21,TMIN,156
USC00314689,2008-10-04,TMAX,256
USW00093719,2006-01-09,TMAX,217
USR0000NNWB,2012-10-14,TMAX,283
USW00093765,2008-05-06,TMAX,256
USW00093765,2015-03-19,TMIN,72
USW00093765,2015-03-19,TMAX,144
USR0000NHOF,2014-09-11,TMIN,178
USW00093765,2006-09-27,TMAX,261
USW00093765,2010-01-15,TMIN,-16
USR0000NCRN,2008-10-30,TMIN,6
USR0000NNWB,2012-10-14,TMIN,100
USR0000NCRN,2008-10-30,TMAX,139
USW00093719,2014-12-26,TMIN,11
USR0000NHOF,2006-08-02,TMAX,344
USR0000NNWB,2012-04-30,TMAX,272
USR0000NNWB,2012-04-30,TMIN,133
USW00093719,2014-12-26,TMAX,167
USW00093765,2006-09-27,TMIN,144
USC00310356,2012-10-23,TMIN,128
USW00093765,2010-01-15,TMAX,139
USC00314684,2014-02-16,TMIN,-17
USC00315830,2008-06-05,TMAX,289
USC00314689,2008-10-04,TMIN,106
USR0000NNWB,2009-06-11,TMAX,306
USR0000NHOF,2008-09-03,TMIN,122
USR0000NHOF,2008-09-03,TMAX,322
USW00093765,2015-05-23,TMAX,261
USC00314684,2015-07-06,TMAX,339
USC00314684,2015-07-06,TMIN,222
USC00316096,2014-08-05,TMAX,289
USW00093765,2015-05-23,TMIN,117
USC00317170,2011-08-31,TMIN,161
USC00316096,2014-08-05,TMIN,217
USC00314689,2013-01-01,TMIN,78
USC00314684,2005-12-07,TMAX,61
USR0000NNWB,2009-06-11,TMIN,206
USC00314684,2005-12-07,TMIN,-33
USC00314144,2005-02-03,TMAX,83
USR0000NHOF,2007-09-22,TMIN,189
USC00314689,2013-01-01,TMAX,128
USC00317170,2011-08-31,TMAX,300
USC00315830,2011-03-23,TMAX,278
USR0000NCRN,2009-10-13,TMIN,161
USW00093719,2014-04-20,TMAX,144
USW00093719,2014-04-20,TMIN,111
USC00314689,2008-11-09,TMAX,217
USW00093765,2008-10-13,TMIN,139
USW00093765,2008-10-13,TMAX,261
USC00316096,2015-01-03,TMAX,189
USC00316096,2015-01-03,TMIN,100
USC00310576,2014-11-18,TMAX,233
USC00316096,2011-09-03,TMAX,300
USC00314689,2008-11-09,TMIN,50
USR0000NCRN,2012-08-28,TMAX,283
USC00310576,2014-11-18,TMIN,50
USR0000NCRN,2012-08-28,TMIN,239
USC00310576,2007-09-28,TMAX,294
USC00316676,2006-11-09,TMAX,228
USC00316676,2006-11-09,TMIN,139
USR0000NCRN,2009-10-13,TMAX,250
USC00315830,2014-02-27,TMAX,106
USC00314684,2008-09-13,TMIN,211
USC00315830,2007-01-17,TMAX,178
USC00315830,2007-01-17,TMIN,22
USR0000NHOF,2005-08-18,TMIN,200
USW00013754,2015-05-15,TMAX,244
USR0000NHOF,2005-08-18,TMAX,311
USR0000NHOF,2005-05-06,TMAX,117
USR0000NHOF,2005-05-06,TMIN,78
USC00310356,2005-05-21,TMAX,222
USC00310356,2005-05-21,TMIN,128
USC00310356,2011-06-16,TMAX,294
USC00316676,2010-12-29,TMAX,78
USW00093719,2010-01-15,TMAX,167
USW00093719,2013-01-06,TMIN,44
USW00093719,2013-01-06,TMAX,89
USW00093765,2014-04-20,TMAX,139
USW00093719,2009-10-17,TMIN,83
USW00013754,2015-05-15,TMIN,111
USW00093765,2014-04-20,TMIN,106
USW00093719,2010-01-15,TMIN,-44
USC00310576,2012-07-10,TMIN,233
USC00314144,2007-05-12,TMAX,261
USC00310576,2008-08-23,TMAX,294
USC00316676,2012-01-11,TMIN,61
USW00093719,2012-03-21,TMIN,139
USW00093719,2012-03-21,TMAX,250
USR0000NCRN,2006-09-13,TMIN,144
USW00093743,2007-10-26,TMIN,222
USW00093743,2007-10-26,TMAX,239
USC00314144,2007-05-12,TMIN,133
USC00310576,2008-08-23,TMIN,178
USC00316676,2009-05-07,TMIN,206
USC00310356,2008-09-03,TMIN,217
USC00310356,2008-09-03,TMAX,328
USC00316096,2015-07-06,TMAX,300
USC00316096,2015-07-06,TMIN,233
USC00310356,2005-05-06,TMAX,194
USC00310356,2005-05-06,TMIN,128
USC00316676,2010-12-29,TMIN,-44
USC00316676,2012-01-11,TMAX,161
USC00314684,2014-12-24,TMIN,44
USC00316676,2011-11-03,TMIN,11
USC00310576,2012-07-10,TMAX,361
USC00314684,2015-01-14,TMIN,-6
USC00314684,2015-01-14,TMAX,61
USW00093765,2012-04-30,TMAX,250
USW00093765,2012-04-30,TMIN,144
USC00315830,2008-04-21,TMIN,144
USW00013754,2015-04-02,TMIN,17
USW00093765,2012-10-14,TMAX,256
USW00013754,2011-06-14,TMIN,206
USW00093765,2012-10-14,TMIN,133
USW00093719,2015-11-30,TMIN,111
USW00093719,2015-02-21,TMIN,-99
USW00093719,2015-11-30,TMAX,150
USC00310576,2011-01-13,TMAX,56
USW00093719,2015-02-21,TMAX,150
USC00310576,2006-07-04,TMAX,311
USC00310576,2006-07-04,TMIN,217
USC00310576,2011-01-13,TMIN,-11
USC00316676,2011-11-03,TMAX,178
USC00315830,2008-04-21,TMAX,217
USC00310356,2005-08-18,TMIN,250
USW00093765,2006-01-09,TMAX,161
USC00314689,2015-07-06,TMAX,333
USW00093719,2009-10-17,TMAX,122
USC00314689,2015-07-06,TMIN,222
USW00093765,2006-01-09,TMIN,117
USC00317170,2007-12-16,TMIN,83
USC00317170,2007-12-16,TMAX,217
USC00310356,2005-08-18,TMAX,317
USC00314689,2014-02-16,TMAX,100
USC00315830,2013-03-30,TMAX,167
USC00314684,2010-09-13,TMIN,161
USC00315830,2013-03-30,TMIN,72
USW00013754,2011-06-14,TMAX,306
USC00317170,2009-07-17,TMAX,328
USC00317170,2009-07-17,TMIN,217
USC00314689,2014-02-16,TMIN,-17
USC00314684,2010-09-13,TMAX,283
USW00013754,2010-03-06,TMAX,122
USC00316676,2007-10-09,TMAX,317
USW00013754,2010-03-06,TMIN,-10
USC00310576,2005-08-06,TMIN,211
USW00093743,2008-09-03,TMIN,89
USR0000NCRN,2012-12-11,TMAX,222
USW00093743,2011-06-16,TMAX,294
USW00013754,2011-01-06,TMIN,-16
USW00093743,2008-09-03,TMAX,211
USC00314684,2005-05-10,TMIN,89
USR0000NNWB,2005-01-27,TMIN,-44
USC00314144,2005-02-03,TMIN,-17
USC00314689,2008-09-13,TMIN,222
USC00314689,2008-09-13,TMAX,311
USC00316096,2014-02-16,TMIN,0
USC00314684,2006-05-10,TMIN,89
USC00314684,2006-05-10,TMAX,206
USC00310356,2007-10-22,TMIN,161
USC00315830,2013-07-22,TMAX,300
USC00316096,2014-02-16,TMAX,106
USC00315830,2013-07-22,TMIN,256
USR0000NNWB,2005-01-27,TMAX,89
USC00316096,2013-12-21,TMAX,217
USR0000NCRN,2012-12-11,TMIN,117
USC00315830,2008-08-08,TMAX,333
USR0000NNWB,2008-09-10,TMAX,272
USR0000NHOF,2010-08-03,TMIN,206
USR0000NHOF,2010-08-03,TMAX,300
USW00013754,2011-04-10,TMIN,133
USW00013754,2011-01-06,TMAX,67
USC00314144,2011-03-18,TMAX,239
USW00013754,2011-04-10,TMAX,222
USW00093765,2009-07-17,TMAX,294
USR0000NCRN,2011-03-11,TMIN,11
USR0000NCRN,2011-03-11,TMAX,128
USW00093765,2009-07-17,TMIN,217
USC00310576,2005-08-06,TMAX,306
USC00310356,2015-04-27,TMAX,139
USW00093743,2011-06-16,TMIN,228
USR0000NNWB,2008-09-10,TMIN,222
USC00314684,2005-05-10,TMAX,267
USC00314684,2005-04-11,TMIN,39
USC00314684,2005-04-11,TMAX,228
USC00316676,2009-08-04,TMAX,294
USC00316676,2007-10-09,TMIN,194
USC00310576,2009-03-21,TMIN,44
USC00310576,2009-03-21,TMAX,150
USC00316676,2009-08-04,TMIN,217
USC00314144,2009-11-12,TMIN,100
USC00310356,2014-12-07,TMIN,78
USC00315830,2014-07-02,TMAX,306
USC00314144,2009-11-12,TMAX,156
USW00093765,2009-05-18,TMIN,100
USC00310576,2013-11-22,TMAX,183
USW00093765,2009-05-18,TMAX,133
USR0000NCRN,2006-09-13,TMAX,261
USC00310356,2011-06-16,TMIN,222
USW00093719,2011-05-28,TMAX,289
USC00314684,2014-12-24,TMAX,189
USC00310356,2012-03-09,TMIN,150
USC00315830,2014-07-02,TMIN,261
USC00310356,2012-03-09,TMAX,206
USC00310356,2014-12-07,TMAX,183
USW00013754,2008-05-02,TMAX,239
USW00013754,2008-05-02,TMIN,117
USW00093719,2010-01-07,TMAX,78
USC00315830,2013-12-18,TMAX,150
USC00310356,2007-10-22,TMAX,278
USC00315830,2006-10-16,TMIN,78
USC00315830,2006-10-16,TMAX,217
USC00315830,2013-12-18,TMIN,28
USW00093719,2008-02-26,TMAX,211
USW00093719,2010-01-07,TMIN,-50
USC00316676,2009-05-07,TMAX,278
USW00093719,2008-02-26,TMIN,44
USC00314684,2007-01-23,TMIN,22
USC00314684,2007-01-23,TMAX,56
USC00310576,2013-11-22,TMIN,83
USC00310356,2010-08-03,TMIN,239
USC00310356,2010-08-03,TMAX,317
USC00315830,2008-08-08,TMIN,211
USC00310356,2011-03-30,TMIN,56
USC00314684,2008-09-13,TMAX,311
USC00317170,2013-07-22,TMIN,233
USR0000NCRN,2009-09-21,TMAX,272
USW00093719,2013-04-14,TMAX,278
USW00013754,2007-03-28,TMIN,144
USC00315830,2015-05-23,TMAX,239
USC00316676,2013-01-01,TMAX,133
USC00316676,2013-01-01,TMIN,-17
USW00093719,2015-01-07,TMAX,72
USW00093719,2013-04-14,TMIN,72
USC00314689,2006-03-15,TMIN,50
USW00093719,2009-02-04,TMIN,-22
USC00314144,2009-12-20,TMAX,78
USR0000NNWB,2014-12-20,TMIN,6
USC00314689,2015-01-04,TMIN,106
USC00310576,2007-11-29,TMAX,161
USC00310576,2007-11-29,TMIN,33
USC00314689,2015-01-04,TMAX,233
USC00314689,2006-03-15,TMAX,222
USW00093719,2013-11-16,TMAX,233
USC00315830,2015-05-23,TMIN,117
USW00093719,2015-01-07,TMIN,-32
USC00310356,2015-12-17,TMAX,200
USC00317170,2013-08-09,TMIN,239
USC00317170,2013-08-09,TMAX,328
USC00314689,2009-04-27,TMAX,317
USC00314144,2009-12-20,TMIN,-39
USC00316096,2015-09-28,TMIN,228
USR0000NHOF,2009-04-30,TMIN,144
USR0000NCRN,2009-09-21,TMIN,250
USC00316096,2015-09-28,TMAX,272
USW00093743,2010-08-21,TMIN,228
USW00093765,2008-08-06,TMAX,311
USW00093765,2008-08-06,TMIN,256
USC00310356,2008-10-19,TMAX,267
USW00013754,2011-08-16,TMIN,194
USW00013754,2011-08-16,TMAX,322
USC00310356,2008-10-19,TMIN,106
USC00316096,2011-08-31,TMIN,167
USC00316676,2014-02-16,TMIN,11
USC00315830,2010-01-15,TMIN,-22
USC00315830,2015-04-09,TMIN,167
USR0000NCRN,2014-09-24,TMAX,250
USW00093719,2013-03-30,TMIN,61
USW00093719,2012-06-04,TMAX,289
USW00093719,2012-06-04,TMIN,194
USW00093743,2008-10-19,TMIN,72
USW00093719,2013-11-16,TMIN,128
USC00317170,2008-10-26,TMIN,117
USR0000NCRN,2014-09-24,TMIN,167
USW00093765,2013-08-09,TMIN,267
USW00093719,2008-04-01,TMAX,222
USC00317170,2008-10-26,TMAX,217
USW00093765,2013-08-09,TMAX,300
USC00315830,2015-04-09,TMAX,172
USW00013754,2010-12-08,TMIN,-82
USC00310356,2011-02-27,TMIN,67
USC00310356,2011-02-27,TMAX,167
USW00093719,2008-04-01,TMIN,172
USC00315830,2010-01-15,TMAX,128
USW00093743,2008-10-19,TMAX,172
USC00314144,2005-08-18,TMIN,200
USW00093765,2006-04-02,TMAX,228
USW00093765,2006-04-02,TMIN,139
USC00316676,2006-01-28,TMAX,111
USR0000NHOF,2007-08-31,TMIN,172
USR0000NHOF,2007-08-31,TMAX,306
USC00310356,2011-09-12,TMIN,228
USW00093743,2011-05-21,TMIN,178
USC00314144,2005-08-18,TMAX,322
USC00315830,2010-11-27,TMAX,172
USC00310356,2011-09-12,TMAX,294
USW00093719,2011-01-15,TMIN,-56
USW00013754,2014-05-18,TMIN,111
USW00013754,2014-05-18,TMAX,233
USC00315830,2010-11-27,TMIN,61
USW00093719,2013-03-30,TMAX,200
USC00314144,2008-11-29,TMIN,56
USW00093743,2011-05-21,TMAX,311
USC00316676,2013-07-22,TMAX,306
USC00316676,2014-02-16,TMAX,100
USC00316096,2015-07-13,TMIN,206
USR0000NNWB,2013-03-30,TMAX,200
USW00013754,2009-12-16,TMIN,0
USR0000NHOF,2011-05-21,TMIN,128
USC00310576,2012-06-09,TMIN,139
USC00310576,2012-06-09,TMAX,289
USR0000NNWB,2013-03-30,TMIN,44
USR0000NHOF,2011-05-21,TMAX,289
USW00013754,2009-12-16,TMAX,139
USC00310356,2013-09-21,TMAX,267
USR0000NCRN,2011-02-23,TMIN,11
USC00310356,2007-04-03,TMAX,200
USR0000NNWB,2011-06-14,TMIN,189
USW00093765,2007-04-21,TMIN,61
USW00093765,2007-04-21,TMAX,228
USC00310356,2013-09-21,TMIN,200
USC00310356,2007-04-03,TMIN,150
USR0000NNWB,2011-06-14,TMAX,300
USR0000NHOF,2007-03-30,TMIN,-39
USW00093719,2008-05-02,TMIN,111
USC00310576,2012-08-01,TMIN,206
USC00314689,2009-06-24,TMIN,189
USC00314689,2009-06-24,TMAX,322
USC00316676,2007-01-02,TMIN,56
USC00316676,2007-01-02,TMAX,228
USC00314689,2011-04-03,TMAX,206
USW00093719,2011-10-29,TMAX,133
USC00317170,2011-10-14,TMAX,244
USC00316676,2015-08-22,TMAX,317
USC00310356,2010-08-21,TMAX,317
USR0000NHOF,2014-02-27,TMAX,150
USW00093719,2011-10-29,TMIN,56
USR0000NNWB,2015-04-23,TMAX,217
USC00316676,2015-08-22,TMIN,222
USC00317170,2011-10-14,TMIN,144
USR0000NNWB,2015-04-23,TMIN,111
USW00093719,2008-05-02,TMAX,267
USC00310356,2010-08-21,TMIN,244
USC00316096,2015-07-13,TMAX,267
USR0000NHOF,2007-03-30,TMAX,206
USC00310576,2012-07-25,TMAX,339
USW00093743,2013-09-21,TMAX,261
USW00093743,2013-09-21,TMIN,200
USC00310576,2010-06-10,TMIN,183
USC00314144,2011-01-19,TMIN,28
USC00310576,2010-06-10,TMAX,317
USC00314689,2009-04-27,TMIN,156
USC00314144,2011-01-19,TMAX,122
USC00316096,2011-08-31,TMAX,294
USW00093719,2009-02-04,TMAX,44
USC00316676,2005-09-16,TMAX,256
USC00316676,2005-09-16,TMIN,239
USR0000NCRN,2007-05-29,TMAX,333
USR0000NCRN,2007-05-29,TMIN,161
USW00093743,2010-08-21,TMAX,306
USW00093719,2008-12-24,TMIN,39
USC00310356,2015-12-17,TMIN,122
USW00093719,2008-12-24,TMAX,206
USW00093743,2011-09-12,TMIN,189
USW00013754,2013-01-06,TMAX,94
USC00315830,2007-08-10,TMAX,317
USC00314684,2014-12-09,TMIN,33
USC00310576,2012-07-25,TMIN,222
USC00314684,2014-12-09,TMAX,128
USR0000NHOF,2009-04-30,TMAX,250
USR0000NHOF,2015-12-17,TMIN,111
USR0000NHOF,2015-12-17,TMAX,250
USC00316676,2015-07-06,TMAX,322
USC00315830,2007-08-10,TMIN,267
USC00316676,2015-07-06,TMIN,233
USW00013754,2013-01-06,TMIN,28
USC00310576,2012-08-01,TMAX,306
USC00316676,2006-03-03,TMAX,272
USC00316676,2006-03-03,TMIN,61
USC00310356,2005-01-20,TMIN,-44
USC00310356,2005-01-20,TMAX,44
USW00093743,2011-09-12,TMAX,294
USR0000NCRN,2011-02-23,TMAX,122
USC00316676,2013-07-22,TMIN,228
USR0000NCRN,2013-11-22,TMIN,111
USR0000NCRN,2013-11-22,TMAX,217
USC00317170,2015-10-18,TMAX,189
USC00316676,2012-11-11,TMAX,217
USW00093765,2015-05-15,TMIN,117
USC00317170,2015-10-18,TMIN,39
USC00316096,2012-02-23,TMAX,200
USC00314684,2010-05-19,TMAX,183
USC00314684,2007-03-10,TMIN,17
USC00314684,2010-05-19,TMIN,139
USC00314689,2011-08-31,TMIN,167
USC00314684,2005-09-23,TMAX,300
USC00317170,2008-09-13,TMIN,228
USC00317170,2008-09-13,TMAX,333
USC00316096,2014-12-19,TMAX,117
USW00093765,2008-12-06,TMIN,6
USC00316676,2012-11-11,TMIN,33
USR0000NCRN,2015-02-17,TMAX,6
USC00314684,2005-09-23,TMIN,183
USC00310356,2005-02-06,TMAX,117
USC00316676,2007-11-03,TMAX,178
USC00316676,2005-02-01,TMAX,94
USC00315830,2006-05-10,TMAX,211
USW00093719,2014-01-18,TMAX,117
USW00013754,2007-01-23,TMIN,11
USW00013754,2007-01-23,TMAX,94
USC00315830,2008-07-01,TMAX,283
USC00314684,2007-03-10,TMAX,161
USR0000NHOF,2007-04-03,TMAX,283
USC00316676,2007-11-03,TMIN,111
USW00093765,2008-12-06,TMAX,150
USW00093765,2015-08-14,TMAX,289
USW00093719,2014-01-18,TMIN,-38
USR0000NCRN,2009-07-23,TMIN,244
USR0000NCRN,2009-07-23,TMAX,306
USW00093765,2015-08-14,TMIN,200
USC00316676,2005-02-01,TMIN,-6
USC00314689,2009-11-06,TMIN,33
USR0000NHOF,2007-04-03,TMIN,94
USC00315830,2006-05-10,TMIN,94
USR0000NCRN,2015-02-17,TMIN,-22
USC00310576,2006-10-16,TMIN,44
USC00314144,2006-08-06,TMIN,222
USC00314144,2006-08-06,TMAX,328
USC00316096,2013-10-31,TMAX,222
USC00316096,2013-10-31,TMIN,100
USC00310576,2009-10-13,TMAX,194
USC00310356,2011-07-02,TMAX,306
USC00310356,2007-08-31,TMIN,217
USR0000NHOF,2008-10-19,TMIN,22
USC00310576,2009-10-13,TMIN,139
USC00310356,2007-08-31,TMAX,317
USW00093743,2011-07-02,TMAX,306
USW00093743,2011-07-02,TMIN,222
USW00093719,2015-04-23,TMAX,211
USW00093719,2010-08-30,TMAX,328
USW00093719,2015-04-23,TMIN,106
USC00314689,2011-05-30,TMAX,333
USC00310356,2011-07-02,TMIN,250
USC00316096,2014-12-19,TMIN,-6
USR0000NHOF,2008-10-19,TMAX,161
USW00093719,2005-04-11,TMAX,250
USC00310576,2006-10-16,TMAX,200
USC00316096,2011-11-03,TMIN,17
USC00316096,2011-11-03,TMAX,194
USW00013754,2009-03-11,TMIN,83
USR0000NCRN,2014-02-27,TMIN,-11
USR0000NHOF,2009-03-21,TMIN,-28
USR0000NHOF,2009-03-21,TMAX,133
USR0000NNWB,2011-01-06,TMIN,-17
USW00013754,2009-03-11,TMAX,233
USC00314684,2010-01-07,TMAX,39
USC00310356,2005-02-06,TMIN,33
USC00314684,2010-01-07,TMIN,-67
USR0000NNWB,2011-01-06,TMAX,67
USC00314689,2009-05-16,TMAX,289
USC00314689,2009-05-16,TMIN,200
USW00093719,2005-04-11,TMIN,39
USR0000NCRN,2014-02-27,TMAX,106
USC00315830,2008-07-01,TMIN,217
USW00093719,2010-06-25,TMAX,350
USW00093719,2010-06-25,TMIN,233
USC00314144,2005-08-15,TMIN,228
USW00013754,2010-12-08,TMAX,39
USC00314684,2006-09-27,TMAX,261
USW00093719,2011-12-03,TMIN,-11
USC00314684,2006-09-27,TMIN,122
USC00314684,2008-09-01,TMAX,317
USC00314684,2008-09-01,TMIN,200
USW00093719,2011-12-03,TMAX,156
USW00093719,2006-12-02,TMAX,194
USW00093719,2006-12-02,TMIN,72
USW00013754,2013-04-14,TMIN,72
USW00013754,2013-04-14,TMAX,256
USC00315830,2010-04-14,TMIN,133
USR0000NHOF,2010-08-21,TMAX,311
USC00310576,2013-09-29,TMIN,150
USC00310576,2013-09-29,TMAX,250
USC00310576,2011-08-02,TMIN,206
USR0000NHOF,2010-08-21,TMIN,172
USC00314144,2005-08-15,TMAX,356
USR0000NNWB,2007-01-23,TMIN,17
USR0000NNWB,2009-12-16,TMIN,-11
USW00093719,2015-03-19,TMIN,56
USR0000NCRN,2007-10-14,TMIN,78
USW00013754,2007-03-28,TMAX,289
USR0000NCRN,2007-10-14,TMAX,261
USC00315830,2014-09-11,TMAX,283
USR0000NNWB,2013-04-14,TMIN,72
USR0000NNWB,2007-01-23,TMAX,94
USR0000NNWB,2013-04-14,TMAX,283
USC00310576,2011-08-02,TMAX,322
USC00315830,2014-09-11,TMIN,206
USW00093743,2008-12-02,TMAX,89
USC00314144,2008-11-29,TMAX,89
USW00093743,2010-11-05,TMIN,72
USW00093743,2008-12-02,TMIN,-10
USC00316676,2006-01-28,TMIN,-44
USW00093719,2015-03-19,TMAX,144
USC00315830,2010-04-14,TMAX,217
USC00315830,2010-03-25,TMIN,72
USW00093743,2010-11-05,TMAX,144
USC00314689,2011-11-03,TMIN,11
USC00314689,2011-11-03,TMAX,200
USR0000NNWB,2007-10-25,TMAX,261
USR0000NNWB,2007-10-25,TMIN,217
USW00093765,2006-09-14,TMAX,250
USC00316096,2012-02-23,TMIN,128
USC00314689,2006-01-09,TMAX,206
USW00093765,2006-09-14,TMIN,217
USC00314689,2006-01-09,TMIN,78
USC00315830,2010-07-18,TMAX,306
USC00314689,2011-08-31,TMAX,333
USC00310356,2011-05-21,TMIN,183
USC00314684,2006-04-30,TMAX,194
USC00314684,2006-04-30,TMIN,44
USC00310356,2011-05-21,TMAX,250
USW00093765,2015-05-15,TMAX,228
USC00315830,2010-07-18,TMIN,233
USC00314689,2007-05-20,TMAX,267
USC00314689,2007-05-20,TMIN,111
USC00310356,2006-09-13,TMIN,144
USC00315830,2010-03-25,TMAX,217
USR0000NCRN,2005-10-14,TMIN,167
USC00310356,2006-09-13,TMAX,278
USW00093719,2011-01-15,TMAX,106
USC00316676,2012-09-02,TMIN,239
USR0000NCRN,2005-10-14,TMAX,211
USC00316096,2009-06-24,TMIN,178
USC00315830,2007-03-04,TMAX,139
USC00316676,2012-04-30,TMAX,194
USC00316096,2009-06-24,TMAX,289
USC00316676,2012-04-30,TMIN,117
USC00316676,2012-09-02,TMAX,333
USC00315830,2007-03-04,TMIN,67
USR0000NNWB,2010-12-16,TMAX,128
USR0000NNWB,2010-12-16,TMIN,-67
USR0000NHOF,2011-05-31,TMIN,200
USR0000NHOF,2011-05-31,TMAX,306
USR0000NHOF,2014-02-27,TMIN,-28
USC00310576,2008-12-13,TMAX,144
USC00310576,2008-12-13,TMIN,22
USC00310356,2014-09-24,TMAX,211
USW00013754,2012-03-21,TMIN,144
USW00013754,2012-03-21,TMAX,239
USR0000NHOF,2011-02-27,TMAX,250
USR0000NNWB,2008-05-06,TMIN,144
USR0000NNWB,2008-05-06,TMAX,250
USC00316676,2013-02-15,TMAX,133
USC00316676,2013-02-15,TMIN,11
USW00093765,2007-06-13,TMIN,194
USR0000NHOF,2008-12-18,TMAX,161
USW00093719,2015-05-15,TMAX,244
USR0000NHOF,2008-12-18,TMIN,117
USW00093719,2015-05-15,TMIN,111
USW00093765,2007-03-19,TMAX,133
USC00317170,2009-11-25,TMAX,200
USC00316096,2013-08-09,TMIN,256
USC00310576,2006-09-18,TMIN,161
USC00317170,2009-11-25,TMIN,89
USC00316096,2013-08-09,TMAX,311
USR0000NNWB,2006-05-10,TMAX,233
USC00315830,2008-12-02,TMAX,172
USR0000NNWB,2013-01-06,TMIN,39
USR0000NNWB,2013-01-06,TMAX,78
USC00317170,2011-05-27,TMIN,200
USC00314689,2007-09-07,TMIN,183
USC00310576,2006-09-18,TMAX,283
USR0000NNWB,2009-10-17,TMAX,133
USR0000NNWB,2009-03-11,TMIN,117
USR0000NNWB,2006-05-10,TMIN,100
USW00013754,2008-02-22,TMIN,33
USR0000NCRN,2011-10-05,TMIN,78
USR0000NCRN,2011-10-05,TMAX,239
USC00314684,2011-04-25,TMAX,317
USW00093765,2007-06-13,TMAX,256
USW00093765,2011-10-14,TMIN,189
USR0000NNWB,2009-03-11,TMAX,278
USR0000NHOF,2011-02-27,TMIN,50
USW00013754,2008-02-22,TMAX,106
USW00093765,2006-04-30,TMIN,78
USC00315830,2009-08-07,TMIN,217
USW00093765,2007-03-19,TMIN,-21
USC00315830,2010-04-07,TMIN,156
USC00317170,2010-06-07,TMIN,211
USC00315830,2007-09-27,TMIN,222
USC00315830,2007-09-27,TMAX,294
USC00310576,2009-02-25,TMIN,-28
USC00314684,2010-06-17,TMIN,194
USC00315830,2010-04-07,TMAX,222
USC00317170,2010-06-07,TMAX,306
USR0000NCRN,2005-08-18,TMIN,228
USC00315830,2011-04-23,TMAX,244
USC00310576,2009-02-25,TMAX,89
USW00013754,2014-12-26,TMAX,161
USR0000NCRN,2015-10-29,TMAX,250
USC00314684,2010-06-17,TMAX,322
USW00093765,2011-07-26,TMAX,294
USR0000NCRN,2005-08-18,TMAX,322
USR0000NCRN,2015-10-29,TMIN,189
USC00315830,2009-08-07,TMAX,300
USC00310576,2015-11-28,TMIN,78
USW00013754,2014-01-18,TMAX,133
USC00310576,2015-11-28,TMAX,228
USC00314684,2013-07-22,TMAX,311
USC00314684,2013-07-22,TMIN,222
USC00316676,2008-03-21,TMIN,-6
USC00316676,2008-03-21,TMAX,183
USW00093719,2015-09-15,TMAX,267
USW00093743,2013-11-22,TMIN,122
USW00013754,2014-01-18,TMIN,-38
USR0000NCRN,2008-12-22,TMIN,-56
USR0000NHOF,2008-02-14,TMIN,-22
USR0000NHOF,2008-02-14,TMAX,117
USW00013754,2014-12-26,TMIN,11
USW00093765,2008-12-03,TMAX,106
USC00314689,2010-05-19,TMIN,150
USC00314689,2010-05-19,TMAX,233
USC00315830,2006-01-15,TMIN,11
USW00093743,2013-11-22,TMAX,217
USW00093765,2006-04-30,TMAX,178
USC00314684,2011-04-25,TMIN,178
USR0000NNWB,2009-02-23,TMAX,72
USC00310576,2015-12-12,TMAX,228
USC00310576,2005-07-31,TMIN,222
USC00315830,2010-07-29,TMAX,300
USC00315830,2010-07-29,TMIN,267
USW00013754,2010-12-16,TMAX,144
USW00093765,2010-01-07,TMAX,89
USW00093719,2006-04-02,TMAX,233
USC00314684,2009-02-05,TMAX,50
USW00093719,2006-04-02,TMIN,117
USW00093765,2010-01-07,TMIN,-16
USC00310356,2005-10-14,TMAX,233
USC00314689,2005-10-10,TMIN,178
USC00314689,2012-04-30,TMAX,267
USC00314689,2012-04-30,TMIN,178
USW00093719,2015-09-15,TMIN,117
USC00314689,2013-04-14,TMIN,89
USC00310356,2005-10-14,TMIN,172
USW00013754,2010-12-16,TMIN,-71
USC00310576,2008-10-20,TMAX,172
USC00310576,2005-11-04,TMAX,222
USR0000NCRN,2010-12-01,TMAX,200
USC00310356,2009-07-23,TMIN,233
USC00310356,2009-07-23,TMAX,300
USC00310576,2008-10-20,TMIN,44
USC00316676,2008-04-03,TMIN,94
USC00316676,2005-06-14,TMIN,233
USC00314684,2014-04-20,TMAX,106
USC00314689,2005-10-10,TMAX,206
USC00316676,2005-06-14,TMAX,306
USC00314144,2007-11-13,TMAX,228
USC00310576,2005-11-04,TMIN,50
USC00314684,2009-02-05,TMIN,-67
USC00314684,2014-04-20,TMIN,78
USC00314144,2007-11-13,TMIN,61
USC00310576,2015-08-02,TMIN,211
USC00310576,2015-08-02,TMAX,317
USC00316676,2008-04-03,TMAX,194
USC00314689,2013-04-14,TMAX,267
USC00314684,2013-12-21,TMIN,44
USR0000NNWB,2012-06-04,TMAX,289
USC00316096,2011-01-08,TMAX,89
USC00310576,2014-09-24,TMIN,178
USC00310576,2014-09-24,TMAX,189
USW00093765,2011-10-14,TMAX,244
USC00316096,2013-04-14,TMIN,56
USW00093765,2007-12-16,TMIN,50
USW00093765,2007-12-16,TMAX,211
USC00310576,2012-02-18,TMIN,50
USR0000NNWB,2009-02-23,TMIN,-28
USW00093719,2006-12-12,TMAX,194
USC00314684,2013-12-21,TMAX,211
USC00310576,2012-02-18,TMAX,172
USC00317170,2011-05-27,TMAX,306
USW00093719,2006-12-12,TMIN,-22
USC00314689,2007-09-07,TMAX,339
USC00315830,2008-12-02,TMIN,39
USC00316096,2013-04-14,TMAX,233
USC00316096,2011-01-08,TMIN,-28
USC00314689,2013-08-09,TMAX,339
USC00314689,2013-08-09,TMIN,244
USC00314684,2010-02-27,TMAX,100
USC00314684,2010-02-27,TMIN,-39
USC00310576,2015-12-12,TMIN,94
USW00093719,2014-05-18,TMIN,122
USR0000NNWB,2012-06-04,TMIN,194
USW00093719,2014-05-18,TMAX,239
USW00093719,2011-08-08,TMAX,367
USC00316096,2012-11-15,TMIN,67
USC00316096,2012-11-15,TMAX,133
USW00093719,2011-08-08,TMIN,239
USC00314689,2005-12-07,TMAX,106
USR0000NCRN,2012-05-11,TMIN,89
USR0000NCRN,2012-05-11,TMAX,244
USC00314689,2005-12-07,TMIN,-28
USC00310356,2009-04-30,TMAX,233
USC00310356,2009-04-30,TMIN,167
USR0000NNWB,2009-10-17,TMIN,83
USC00315830,2011-04-23,TMIN,183
USC00317170,2013-07-22,TMAX,356
USW00093765,2011-07-26,TMIN,261
USR0000NCRN,2012-02-13,TMIN,-39
USC00314689,2015-07-13,TMAX,311
USR0000NNWB,2014-01-18,TMIN,-39
USC00317170,2013-04-14,TMIN,72
USC00316096,2010-05-19,TMAX,222
USC00314689,2015-09-28,TMAX,261
USC00317170,2013-04-14,TMAX,278
USR0000NHOF,2011-09-12,TMIN,178
USC00314689,2015-07-13,TMIN,211
USW00093743,2011-02-27,TMAX,167
USW00093719,2007-01-23,TMAX,100
USR0000NHOF,2011-09-12,TMAX,311
USR0000NCRN,2005-05-31,TMAX,256
USC00316676,2014-08-05,TMAX,256
USC00316676,2014-08-05,TMIN,222
USR0000NNWB,2014-05-18,TMIN,122
USC00316676,2014-08-11,TMIN,211
USW00093719,2007-01-23,TMIN,11
USC00317170,2009-01-19,TMIN,28
USR0000NNWB,2014-01-18,TMAX,100
USC00314689,2015-09-28,TMIN,211
USW00093719,2008-09-10,TMIN,222
USC00314684,2013-08-09,TMAX,322
USC00314689,2012-10-14,TMIN,83
USW00013754,2011-12-03,TMAX,150
USW00013754,2011-12-03,TMIN,11
USR0000NCRN,2015-04-27,TMAX,222
USC00314684,2013-10-31,TMIN,83
USC00316096,2010-05-19,TMIN,139
USR0000NNWB,2011-08-16,TMAX,317
USW00013754,2013-03-30,TMAX,178
USW00093719,2007-09-25,TMAX,283
USW00093719,2007-09-25,TMIN,139
USW00013754,2013-03-30,TMIN,17
USC00314689,2005-09-23,TMIN,200
USC00314689,2005-09-23,TMAX,317
USC00314144,2005-11-02,TMIN,133
USC00314144,2005-11-02,TMAX,211
USC00314689,2012-10-14,TMAX,278
USC00317170,2009-01-19,TMAX,122
USC00310356,2008-02-14,TMIN,28
USW00013754,2009-10-17,TMIN,83
USC00314689,2011-04-03,TMIN,28
USC00314684,2008-12-31,TMAX,178
USC00314684,2008-12-31,TMIN,17
USW00013754,2009-10-17,TMAX,128
USW00093765,2013-04-14,TMIN,89
USW00093765,2013-04-14,TMAX,233
USC00314684,2005-12-11,TMAX,128
USR0000NHOF,2014-09-24,TMIN,156
USC00310576,2010-12-18,TMIN,-11
USC00310576,2010-12-18,TMAX,100
USW00013754,2007-10-09,TMAX,322
USC00310576,2005-05-06,TMAX,128
USC00310576,2005-05-06,TMIN,78
USW00013754,2007-10-09,TMIN,217
USC00310356,2014-09-24,TMIN,167
USR0000NHOF,2014-09-24,TMAX,250
USC00316676,2014-11-23,TMIN,-6
USC00314684,2005-12-11,TMIN,-39
USR0000NCRN,2006-08-06,TMAX,322
USC00310356,2008-02-14,TMAX,156
USW00093765,2009-11-10,TMIN,144
USC00316676,2014-08-11,TMAX,278
USC00314689,2010-02-27,TMAX,106
USC00314689,2010-02-27,TMIN,-6
USW00093765,2010-12-11,TMAX,156
USW00093765,2010-12-11,TMIN,50
USR0000NNWB,2014-05-18,TMAX,228
USR0000NCRN,2005-05-31,TMIN,172
USC00315830,2007-11-07,TMIN,44
USR0000NCRN,2006-08-06,TMIN,222
USC00314684,2012-11-15,TMIN,50
USC00314689,2009-07-17,TMAX,328
USC00314689,2009-07-17,TMIN,211
USC00315830,2007-11-07,TMAX,206
USC00314684,2012-11-15,TMAX,94
USC00316676,2014-11-23,TMAX,156
USW00093719,2008-09-10,TMAX,272
USR0000NCRN,2011-07-02,TMIN,194
USC00314684,2013-08-09,TMIN,228
USC00317170,2010-04-28,TMIN,100
USC00317170,2010-04-28,TMAX,206
USW00093743,2009-04-30,TMAX,222
USW00093743,2009-04-30,TMIN,161
USW00013754,2011-07-16,TMIN,194
USW00013754,2011-07-16,TMAX,306
USC00315830,2007-06-28,TMIN,256
USC00315830,2014-11-18,TMIN,44
USC00315830,2006-07-04,TMAX,300
USC00314689,2009-04-08,TMAX,156
USR0000NNWB,2009-05-11,TMAX,206
USC00314689,2009-04-08,TMIN,22
USR0000NCRN,2015-03-31,TMAX,189
USW00013754,2007-08-26,TMIN,228
USW00013754,2007-08-26,TMAX,328
USW00093765,2015-10-18,TMAX,139
USC00315830,2006-07-04,TMIN,228
USW00013754,2011-08-09,TMIN,250
USC00316096,2012-10-14,TMIN,100
USC00316096,2012-10-14,TMAX,261
USR0000NCRN,2012-02-13,TMAX,78
USC00314684,2010-10-24,TMIN,17
USC00316096,2011-03-27,TMAX,89
USC00316096,2014-04-20,TMAX,133
USC00314689,2005-03-02,TMIN,-11
USC00314684,2010-10-24,TMAX,222
USW00013754,2015-02-21,TMIN,-93
USC00315830,2014-11-18,TMAX,228
USC00316096,2014-04-20,TMIN,100
USW00013754,2015-02-21,TMAX,156
USC00317170,2010-01-07,TMAX,83
USW00093765,2008-12-03,TMIN,-21
USC00317170,2010-01-07,TMIN,-17
USC00315830,2007-06-28,TMAX,300
USW00093765,2005-04-11,TMIN,39
USW00093765,2005-04-11,TMAX,206
USC00316096,2011-03-27,TMIN,39
USC00316096,2013-07-22,TMAX,300
USC00316096,2013-07-22,TMIN,233
USR0000NCRN,2015-03-31,TMIN,28
USC00316096,2009-07-17,TMAX,294
USC00316096,2009-07-17,TMIN,206
USW00093765,2008-04-09,TMIN,111
USC00315830,2015-01-25,TMAX,183
USR0000NCRN,2015-04-27,TMIN,94
USC00310576,2005-01-12,TMIN,67
USC00314689,2013-07-22,TMAX,317
USW00093765,2008-04-09,TMAX,172
USC00310576,2005-01-12,TMAX,222
USC00314689,2014-04-20,TMAX,139
USC00314689,2014-04-20,TMIN,83
USW00013754,2008-05-06,TMIN,128
USW00013754,2008-05-06,TMAX,250
USW00093765,2009-11-10,TMAX,244
USC00314684,2013-10-31,TMAX,244
USR0000NCRN,2011-07-02,TMAX,306
USC00314689,2013-07-22,TMIN,233
USC00315830,2015-01-25,TMIN,6
USC00316096,2010-02-27,TMIN,-33
USC00316676,2006-09-29,TMAX,256
USW00013754,2011-08-09,TMAX,367
USW00093765,2015-10-18,TMIN,56
USR0000NNWB,2011-08-16,TMIN,189
USW00093743,2011-02-27,TMIN,67
USW00013754,2015-04-23,TMAX,217
USC00310356,2008-12-02,TMAX,144
USC00310356,2008-12-02,TMIN,61
USW00013754,2015-04-23,TMIN,111
USC00314684,2006-01-09,TMAX,150
USR0000NNWB,2009-05-11,TMIN,106
USW00093743,2008-02-14,TMIN,17
USW00093743,2008-02-14,TMAX,200
USC00316676,2006-09-29,TMIN,128
USC00314684,2006-01-09,TMIN,11
USC00314144,2010-08-03,TMIN,206
USC00314144,2010-08-03,TMAX,300
USC00316096,2010-02-27,TMAX,106
USC00314689,2005-03-02,TMAX,89
USW00093719,2012-02-23,TMIN,128
USW00093765,2014-02-26,TMAX,83
USC00314689,2012-05-10,TMIN,128
USC00316676,2007-01-22,TMAX,100
USC00314689,2008-02-03,TMAX,189
USC00314689,2008-02-03,TMIN,28
USW00093765,2007-10-21,TMAX,267
USC00314144,2011-02-27,TMAX,250
USW00093765,2007-10-21,TMIN,117
USC00314689,2011-12-29,TMAX,139
USC00316676,2007-01-22,TMIN,22
USC00314144,2005-07-28,TMIN,206
USC00317170,2015-07-07,TMAX,333
USC00314144,2008-06-05,TMIN,239
USC00310576,2006-11-13,TMIN,100
USC00310356,2012-03-21,TMAX,244
USC00317170,2015-07-07,TMIN,228
USC00310576,2006-11-13,TMAX,144
USW00013754,2013-11-21,TMIN,111
USC00314689,2011-12-29,TMIN,-22
USC00316096,2013-02-16,TMAX,106
USW00013754,2015-05-22,TMAX,239
USW00093743,2012-02-18,TMIN,44
USW00093719,2015-12-12,TMIN,111
USC00315830,2011-05-08,TMAX,250
USC00316676,2006-09-18,TMIN,161
USC00314144,2011-02-27,TMIN,50
USC00315830,2006-11-10,TMAX,239
USC00315830,2006-11-10,TMIN,106
USC00316676,2006-09-18,TMAX,261
USW00093743,2012-02-18,TMAX,172
USC00316676,2005-04-07,TMAX,283
USC00315830,2006-05-09,TMIN,133
USC00314689,2014-09-22,TMIN,206
USC00310356,2012-03-21,TMIN,167
USC00314689,2014-09-22,TMAX,294
USC00315830,2006-05-09,TMAX,200
USW00013754,2015-05-22,TMIN,122
USR0000NNWB,2011-09-17,TMAX,194
USC00316676,2005-04-07,TMIN,128
USR0000NCRN,2014-09-12,TMIN,233
USC00316096,2013-02-16,TMIN,0
USW00013754,2013-11-21,TMAX,167
USC00314689,2011-05-27,TMAX,356
USC00316676,2009-12-16,TMIN,67
USC00316096,2014-09-22,TMIN,194
USC00316096,2014-09-22,TMAX,278
USC00310576,2007-07-01,TMIN,217
USR0000NCRN,2008-12-04,TMIN,-22
USW00093765,2015-12-16,TMIN,83
USC00315830,2010-09-25,TMIN,206
USC00314689,2011-05-27,TMIN,189
USC00314684,2010-10-08,TMIN,67
USC00314684,2010-10-08,TMAX,239
USC00310356,2015-10-21,TMIN,122
USC00310576,2013-01-06,TMIN,-11
USR0000NNWB,2010-01-14,TMIN,-56
USC00314144,2011-05-02,TMIN,78
USC00310576,2013-01-06,TMAX,122
USR0000NCRN,2008-12-04,TMAX,161
USC00314144,2008-06-05,TMAX,339
USC00310576,2009-06-09,TMIN,194
USR0000NCRN,2015-09-06,TMIN,228
USC00315830,2011-05-08,TMIN,161
USW00093765,2010-12-16,TMAX,133
USC00316676,2008-03-06,TMAX,217
USC00316676,2008-03-06,TMIN,44
USW00093719,2010-06-17,TMIN,217
USC00310576,2009-06-09,TMAX,311
USW00093765,2013-08-08,TMIN,256
USC00316676,2009-12-16,TMAX,178
USC00316676,2015-04-26,TMIN,106
USW00093719,2010-06-17,TMAX,333
USC00316676,2015-04-26,TMAX,178
USW00093765,2010-12-16,TMIN,-27
USR0000NCRN,2015-09-06,TMAX,272
USC00314684,2009-11-10,TMAX,244
USC00314684,2012-10-15,TMAX,272
USC00314684,2012-10-15,TMIN,117
USW00093765,2013-08-08,TMAX,300
USC00316676,2008-10-12,TMAX,222
USR0000NNWB,2010-08-02,TMAX,317
USR0000NCRN,2014-09-12,TMAX,311
USC00314144,2010-03-25,TMIN,50
USW00093719,2010-01-14,TMAX,117
USC00316096,2013-07-24,TMAX,317
USC00316096,2013-07-24,TMIN,222
USC00314144,2010-03-25,TMAX,222
USC00316676,2011-12-07,TMIN,122
USC00316676,2015-10-18,TMAX,211
USC00310576,2010-04-24,TMIN,111
USC00316676,2015-08-20,TMIN,228
USW00093719,2014-08-11,TMIN,228
USW00093765,2009-05-11,TMAX,228
USC00314689,2013-07-24,TMAX,339
USC00314689,2013-07-24,TMIN,233
USR0000NCRN,2008-05-06,TMIN,133
USR0000NCRN,2008-05-06,TMAX,272
USW00093719,2014-08-11,TMAX,306
USC00316676,2015-10-18,TMIN,78
USC00316676,2011-12-07,TMAX,244
USW00093719,2009-02-15,TMIN,28
USW00093719,2010-01-14,TMIN,-22
USW00013754,2014-04-27,TMAX,256
USC00316676,2015-08-20,TMAX,283
USC00314684,2005-11-26,TMAX,72
USC00310576,2006-05-01,TMAX,167
USC00310576,2006-05-01,TMIN,67
USC00317170,2011-04-23,TMAX,283
USC00317170,2011-04-23,TMIN,161
USR0000NNWB,2014-02-17,TMIN,6
USW00093765,2015-07-07,TMAX,300
USC00314684,2005-11-26,TMIN,-33
USC00310576,2010-04-24,TMAX,256
USR0000NNWB,2007-12-08,TMAX,217
USR0000NHOF,2012-01-19,TMAX,111
USW00093719,2015-02-17,TMAX,11
USW00093719,2015-02-17,TMIN,-16
USR0000NNWB,2014-02-17,TMAX,83
USW00093765,2015-07-07,TMIN,256
USR0000NNWB,2010-08-02,TMIN,211
USC00314684,2006-11-21,TMAX,133
USW00093719,2009-02-15,TMAX,106
USC00317170,2011-06-10,TMIN,211
USR0000NHOF,2012-01-19,TMIN,-33
USR0000NHOF,2015-10-21,TMAX,278
USW00013754,2008-10-13,TMIN,139
USW00013754,2008-10-13,TMAX,256
USC00314144,2005-07-28,TMAX,311
USW00093765,2005-06-26,TMAX,283
USW00093743,2012-03-21,TMAX,233
USW00093765,2005-06-26,TMIN,228
USR0000NNWB,2015-05-22,TMIN,133
USC00314144,2010-12-18,TMAX,33
USR0000NNWB,2015-05-22,TMAX,244
USR0000NNWB,2010-04-06,TMIN,172
USR0000NCRN,2011-06-07,TMAX,289
USW00093719,2015-12-12,TMAX,250
USC00317170,2011-06-10,TMAX,344
USC00314144,2010-12-18,TMIN,-28
USR0000NHOF,2012-03-21,TMIN,128
USW00093743,2012-03-21,TMIN,139
USR0000NHOF,2015-10-21,TMIN,56
USR0000NHOF,2012-03-21,TMAX,244
USC00310576,2007-07-01,TMAX,317
USW00093765,2009-05-11,TMIN,133
USW00093719,2014-08-06,TMAX,328
USC00314684,2006-11-21,TMIN,39
USW00093719,2014-08-06,TMIN,217
USC00310576,2010-04-25,TMIN,161
USR0000NNWB,2010-04-06,TMAX,328
USW00093765,2005-11-14,TMAX,217
USW00093765,2005-11-14,TMIN,133
USC00314684,2010-09-07,TMIN,133
USC00314684,2010-09-07,TMAX,300
USC00317170,2013-08-08,TMIN,211
USC00317170,2013-08-08,TMAX,317
USW00013754,2012-08-28,TMAX,283
USW00013754,2012-08-28,TMIN,228
USC00310576,2010-04-25,TMAX,250
USC00310356,2015-10-21,TMAX,211
USC00315830,2010-09-25,TMAX,294
USR0000NNWB,2010-01-14,TMAX,122
USW00093765,2008-04-21,TMAX,217
USW00093765,2008-04-21,TMIN,144
USR0000NCRN,2008-01-20,TMAX,50
USR0000NNWB,2006-12-03,TMIN,56
USW00093719,2009-02-05,TMAX,6
USC00317170,2011-02-07,TMAX,117
USC00310576,2005-12-11,TMAX,128
USC00316096,2012-10-15,TMIN,128
USR0000NCRN,2011-09-01,TMIN,161
USC00314689,2012-01-28,TMAX,206
USR0000NNWB,2006-12-03,TMAX,144
USC00316676,2015-01-03,TMIN,78
USW00013754,2010-03-22,TMAX,194
USC00310356,2010-01-08,TMAX,89
USW00013754,2010-03-22,TMIN,94
USC00317170,2011-02-07,TMIN,39
USC00314689,2012-01-28,TMIN,22
USC00315830,2008-10-08,TMAX,261
USC00310576,2005-12-11,TMIN,22
USC00314689,2009-09-20,TMIN,167
USW00013754,2010-01-14,TMAX,122
USC00316676,2015-01-03,TMAX,156
USW00093765,2006-08-05,TMAX,300
USW00093719,2008-07-22,TMIN,211
USW00093743,2009-05-28,TMIN,211
USW00093719,2009-02-05,TMIN,-83
USC00310576,2008-07-01,TMIN,211
USC00314689,2009-09-20,TMAX,283
USR0000NCRN,2009-08-07,TMIN,239
USR0000NNWB,2010-02-28,TMAX,117
USR0000NCRN,2009-08-07,TMAX,300
USR0000NNWB,2010-02-28,TMIN,-11
USC00316676,2013-04-12,TMIN,167
USC00316676,2013-04-12,TMAX,289
USR0000NCRN,2011-09-01,TMAX,283
USC00316096,2012-10-15,TMAX,267
USC00310576,2008-07-01,TMAX,317
USW00013754,2010-01-14,TMIN,-60
USC00310356,2010-01-08,TMIN,-28
USC00310576,2007-12-11,TMAX,256
USR0000NNWB,2011-07-02,TMIN,217
USC00310356,2006-04-03,TMIN,28
USC00317170,2009-10-29,TMIN,122
USC00317170,2009-10-29,TMAX,189
USC00314689,2005-05-06,TMAX,172
USC00314144,2006-01-29,TMAX,194
USW00093719,2005-02-23,TMIN,44
USC00310576,2011-04-10,TMAX,183
USC00314689,2005-05-06,TMIN,100
USC00314144,2006-01-29,TMIN,-44
USC00310576,2015-07-30,TMAX,306
USC00317170,2015-08-22,TMIN,211
USC00316676,2007-09-07,TMAX,317
USC00317170,2015-08-22,TMAX,306
USC00316676,2007-09-07,TMIN,178
USC00310576,2015-07-30,TMIN,200
USW00093765,2005-06-12,TMIN,233
USW00093765,2015-09-06,TMAX,283
USC00310576,2011-04-10,TMIN,111
USW00093719,2005-02-23,TMAX,144
USW00093765,2011-06-14,TMAX,289
USC00310576,2007-12-11,TMIN,128
USC00314684,2007-02-16,TMAX,56
USR0000NNWB,2011-07-02,TMAX,350
USW00093743,2010-01-08,TMAX,78
USC00314684,2007-02-16,TMIN,-50
USW00093743,2010-01-08,TMIN,-16
USW00093743,2013-11-03,TMAX,183
USR0000NHOF,2009-04-09,TMAX,211
USR0000NHOF,2009-04-09,TMIN,44
USC00310356,2006-04-03,TMAX,239
USW00093719,2014-02-17,TMAX,83
USR0000NCRN,2008-01-20,TMIN,-50
USW00093719,2014-02-17,TMIN,11
USC00315830,2009-07-18,TMAX,294
USC00315830,2009-07-18,TMIN,217
USW00093765,2011-06-14,TMIN,211
USW00093743,2009-05-28,TMAX,267
USW00093765,2014-04-21,TMIN,100
USW00093765,2014-04-21,TMAX,200
USW00093765,2012-01-26,TMAX,206
USW00093765,2012-01-26,TMIN,61
USW00013754,2015-11-28,TMIN,78
USC00315830,2013-09-28,TMIN,178
USR0000NNWB,2012-08-28,TMAX,278
USC00315830,2013-09-28,TMAX,250
USR0000NNWB,2012-08-28,TMIN,233
USW00013754,2015-11-28,TMAX,228
USC00316676,2015-04-23,TMIN,111
USC00310356,2012-02-18,TMAX,194
USR0000NNWB,2011-09-17,TMIN,167
USC00316676,2011-10-14,TMIN,167
USC00314684,2009-11-10,TMIN,72
USW00093743,2009-04-09,TMAX,217
USW00093743,2009-04-09,TMIN,111
USC00310576,2006-03-04,TMAX,117
USC00316676,2011-10-14,TMAX,272
USC00310356,2009-05-28,TMAX,244
USC00310356,2009-04-09,TMIN,44
USC00310356,2009-04-09,TMAX,194
USC00316676,2013-11-16,TMAX,194
USW00013754,2009-11-23,TMAX,189
USC00316676,2008-10-12,TMIN,178
USC00310356,2012-02-18,TMIN,100
USW00093765,2015-12-16,TMAX,211
USC00316676,2013-11-16,TMIN,17
USC00314689,2013-02-16,TMAX,167
USW00013754,2011-07-02,TMIN,206
USC00314689,2013-02-16,TMIN,33
USW00093719,2006-08-22,TMIN,222
USW00013754,2009-11-23,TMIN,128
USW00093719,2006-08-22,TMAX,289
USW00013754,2010-02-28,TMAX,117
USW00093719,2015-08-15,TMIN,183
USW00013754,2011-07-02,TMAX,333
USW00013754,2010-02-28,TMIN,-16
USC00316676,2015-04-23,TMAX,256
USC00314684,2010-12-25,TMAX,61
USC00314684,2010-12-25,TMIN,-56
USC00310356,2009-05-28,TMIN,217
USC00314689,2008-03-21,TMAX,178
USW00013754,2010-08-02,TMIN,217
USW00013754,2010-08-02,TMAX,306
USR0000NNWB,2010-07-02,TMIN,178
USW00093765,2015-09-06,TMIN,233
USW00093719,2008-07-22,TMAX,361
USR0000NHOF,2007-06-15,TMIN,72
USR0000NNWB,2010-07-02,TMAX,283
USC00314684,2009-10-13,TMAX,172
USC00314684,2014-09-22,TMAX,289
USW00093765,2006-08-05,TMIN,256
USC00314684,2009-10-13,TMIN,128
USW00093743,2013-11-03,TMIN,89
USR0000NHOF,2007-06-15,TMAX,239
USC00315830,2006-07-05,TMAX,300
USC00315830,2006-07-05,TMIN,228
USC00314684,2014-09-22,TMIN,200
USC00314689,2008-03-21,TMIN,44
USC00314144,2005-06-04,TMIN,200
USW00093765,2005-08-07,TMAX,300
USW00093719,2015-08-15,TMAX,306
USC00310576,2006-03-04,TMIN,0
USW00093765,2005-08-07,TMIN,239
USC00314689,2006-10-11,TMAX,256
USW00093719,2011-04-25,TMIN,178
USC00314689,2006-10-11,TMIN,133
USW00093765,2005-07-31,TMIN,233
USC00314144,2011-05-02,TMAX,261
USC00314684,2012-06-08,TMIN,133
USW00093719,2011-04-25,TMAX,289
USW00093765,2005-07-31,TMAX,289
USC00314144,2005-06-04,TMAX,289
USC00314684,2012-06-08,TMAX,267
USC00317170,2009-09-09,TMAX,272
USC00315830,2006-01-10,TMAX,189
USC00315830,2006-01-10,TMIN,67
USC00317170,2009-09-09,TMIN,194
USW00093719,2015-05-22,TMAX,233
USW00093765,2013-09-21,TMAX,261
USW00013754,2014-04-27,TMIN,128
USR0000NHOF,2011-01-15,TMIN,-72
USC00315830,2015-07-13,TMAX,306
USR0000NCRN,2008-01-09,TMIN,-6
USR0000NCRN,2008-01-09,TMAX,222
USR0000NNWB,2015-02-17,TMAX,-6
USR0000NNWB,2015-02-17,TMIN,-28
USC00310576,2005-03-16,TMIN,0
USC00314689,2005-01-09,TMIN,56
USC00315830,2015-07-13,TMIN,228
USR0000NCRN,2014-02-26,TMIN,11
USC00314689,2008-04-09,TMAX,189
USR0000NCRN,2008-06-16,TMAX,306
USW00093719,2005-09-17,TMAX,328
USW00093719,2005-09-17,TMIN,222
USR0000NCRN,2008-06-16,TMIN,194
USC00314689,2008-04-09,TMIN,100
USR0000NNWB,2012-10-22,TMIN,56
USR0000NCRN,2014-02-26,TMAX,72
USR0000NNWB,2012-10-22,TMAX,239
USC00315830,2005-02-25,TMAX,128
USW00093765,2015-05-22,TMAX,233
USW00093719,2013-07-24,TMIN,244
USW00093765,2011-04-23,TMAX,256
USC00317170,2013-02-16,TMIN,11
USW00093743,2013-04-13,TMIN,94
USW00093743,2013-04-13,TMAX,194
USC00310356,2013-04-13,TMIN,150
USC00310356,2013-04-13,TMAX,200
USW00093765,2011-04-23,TMIN,189
USW00093743,2012-01-04,TMAX,61
USC00315830,2005-02-25,TMIN,28
USC00316676,2014-09-22,TMIN,200
USC00316676,2014-09-22,TMAX,272
USC00317170,2010-07-29,TMIN,233
USW00093743,2008-12-13,TMIN,0
USW00093743,2008-12-13,TMAX,89
USW00093765,2015-05-22,TMIN,139
USC00317170,2010-07-29,TMAX,339
USW00093719,2013-07-24,TMAX,344
USC00314689,2014-06-28,TMAX,289
USW00093719,2015-07-07,TMIN,233
USR0000NNWB,2014-08-06,TMAX,322
USR0000NNWB,2014-08-06,TMIN,211
USC00314144,2009-08-05,TMIN,211
USC00317170,2009-10-13,TMAX,244
USC00310356,2012-07-07,TMAX,306
USC00310356,2012-07-07,TMIN,267
USC00317170,2009-10-13,TMIN,139
USW00093743,2010-09-18,TMAX,300
USR0000NCRN,2015-09-02,TMAX,322
USR0000NNWB,2015-01-07,TMIN,-44
USW00093765,2014-11-23,TMIN,67
USW00093765,2009-09-09,TMAX,261
USW00093765,2009-09-09,TMIN,183
USW00093765,2014-11-23,TMAX,200
USW00093765,2012-10-15,TMAX,256
USW00093765,2012-10-15,TMIN,156
USR0000NCRN,2015-09-02,TMIN,217
USW00093719,2015-07-07,TMAX,328
USW00093743,2010-09-18,TMIN,206
USC00310356,2012-01-04,TMAX,117
USR0000NCRN,2015-09-25,TMAX,239
USC00317170,2015-11-13,TMAX,206
USC00317170,2015-11-13,TMIN,78
USC00314689,2014-06-28,TMIN,211
USW00093765,2010-01-14,TMIN,-27
USW00093765,2010-01-14,TMAX,106
USR0000NCRN,2015-09-25,TMIN,211
USC00314144,2009-08-05,TMAX,311
USW00013754,2014-04-21,TMAX,217
USW00093719,2013-11-21,TMIN,106
USW00093719,2013-11-21,TMAX,189
USC00314689,2013-08-08,TMIN,211
USC00314689,2013-08-08,TMAX,328
USC00316096,2011-01-25,TMIN,6
USC00316096,2011-01-25,TMAX,100
USC00310356,2012-01-04,TMIN,-39
USW00013754,2014-04-21,TMIN,100
USW00093719,2010-10-24,TMIN,67
USC00315830,2005-09-23,TMAX,294
USW00013754,2015-02-17,TMAX,11
USW00093765,2007-05-20,TMAX,239
USC00314689,2008-11-22,TMIN,-39
USC00316676,2005-07-22,TMAX,333
USC00316096,2012-02-29,TMAX,222
USC00314144,2005-07-13,TMIN,211
USW00093765,2013-01-19,TMIN,11
USW00093765,2009-10-13,TMAX,244
USW00093765,2007-05-20,TMIN,172
USC00310576,2006-07-05,TMAX,306
USC00310576,2006-07-05,TMIN,228
USC00314144,2005-07-13,TMAX,333
USW00093765,2009-10-13,TMIN,144
USC00314144,2007-09-22,TMIN,189
USC00316096,2011-05-27,TMAX,278
USR0000NHOF,2012-01-11,TMIN,44
USW00093765,2013-01-19,TMAX,156
USR0000NNWB,2005-02-23,TMIN,56
USC00316096,2012-02-28,TMAX,178
USC00314689,2008-11-22,TMAX,61
USW00093765,2008-08-18,TMAX,283
USR0000NHOF,2012-01-11,TMAX,161
USC00316096,2012-02-29,TMIN,72
USW00093765,2013-02-16,TMAX,128
USW00093765,2013-02-16,TMIN,17
USC00314689,2007-01-02,TMIN,67
USC00316096,2012-02-28,TMIN,72
USW00013754,2011-09-03,TMAX,300
USC00310576,2006-01-31,TMAX,133
USC00314144,2008-09-03,TMIN,122
USC00317170,2015-05-22,TMIN,139
USC00314144,2008-09-03,TMAX,322
USR0000NNWB,2005-02-23,TMAX,156
USC00317170,2015-05-22,TMAX,261
USC00310576,2008-03-27,TMAX,206
USC00310576,2008-03-27,TMIN,78
USW00093765,2008-08-18,TMIN,217
USC00310576,2006-01-31,TMIN,61
USW00013754,2015-02-17,TMIN,-16
USC00314144,2007-09-22,TMAX,294
USC00310576,2006-02-17,TMIN,72
USC00317170,2007-11-24,TMIN,56
USC00310576,2015-03-18,TMAX,278
USC00310576,2015-03-18,TMIN,72
USR0000NCRN,2009-04-09,TMAX,217
USR0000NCRN,2009-04-09,TMIN,111
USC00316096,2012-12-10,TMIN,161
USC00316096,2012-12-10,TMAX,211
USC00317170,2007-11-24,TMAX,194
USR0000NNWB,2015-12-12,TMAX,256
USR0000NHOF,2013-04-13,TMIN,67
USR0000NHOF,2013-04-13,TMAX,183
USW00093743,2011-01-15,TMIN,-49
USC00315830,2005-09-23,TMIN,206
USC00317170,2013-02-16,TMAX,106
USW00013754,2014-08-06,TMAX,317
USW00013754,2014-08-06,TMIN,200
USR0000NNWB,2015-12-12,TMIN,111
USC00316096,2011-05-27,TMIN,206
USC00316676,2008-03-19,TMIN,6
USW00093743,2011-01-15,TMAX,72
USC00310576,2006-02-17,TMAX,233
USC00310576,2005-03-16,TMAX,78
USC00316676,2005-07-22,TMIN,233
USW00093719,2005-07-11,TMAX,311
USW00093719,2005-07-11,TMIN,217
USC00317170,2010-01-14,TMIN,-17
USW00093765,2008-07-24,TMIN,233
USC00316676,2008-03-19,TMAX,189
USC00317170,2010-01-14,TMAX,122
USC00314144,2006-04-03,TMAX,294
USC00310576,2005-04-11,TMIN,17
USC00310576,2005-04-11,TMAX,239
USC00314689,2007-10-05,TMIN,206
USC00314689,2007-10-05,TMAX,317
USC00314144,2006-04-03,TMIN,156
USW00093743,2012-01-04,TMIN,-82
USW00093765,2008-07-24,TMAX,278
USW00093719,2010-10-24,TMAX,261
USC00316096,2013-08-08,TMIN,217
USC00315830,2007-06-24,TMAX,294
USC00310356,2010-09-18,TMAX,317
USR0000NNWB,2009-01-19,TMIN,6
USW00093743,2012-01-19,TMAX,100
USW00093743,2012-01-19,TMIN,-5
USR0000NHOF,2012-02-18,TMIN,28
USR0000NCRN,2011-06-07,TMIN,161
USW00013754,2015-11-05,TMAX,278
USW00093719,2013-09-21,TMIN,178
USC00314684,2005-05-06,TMAX,200
USC00314684,2012-12-10,TMIN,100
USW00093765,2008-07-08,TMAX,283
USR0000NNWB,2009-01-19,TMAX,117
USW00013754,2014-02-17,TMIN,6
USW00093765,2006-12-02,TMAX,183
USW00093765,2006-12-02,TMIN,72
USW00013754,2015-11-05,TMIN,183
USC00314684,2005-05-06,TMIN,94
USC00314144,2008-02-06,TMIN,144
USR0000NCRN,2010-01-08,TMIN,-22
USW00093719,2013-09-21,TMAX,283
USC00316676,2012-05-01,TMAX,256
USC00310356,2010-09-18,TMIN,217
USC00316676,2012-05-01,TMIN,128
USR0000NNWB,2007-03-05,TMIN,-17
USC00314684,2013-08-08,TMAX,306
USC00310576,2008-10-02,TMAX,272
USC00317170,2008-06-26,TMIN,244
USR0000NNWB,2007-12-08,TMIN,28
USW00093765,2008-07-08,TMIN,256
USC00317170,2015-12-16,TMAX,233
USR0000NCRN,2010-10-01,TMAX,211
USC00315830,2013-01-02,TMAX,133
USW00013754,2014-02-17,TMAX,67
USC00315830,2013-01-02,TMIN,67
USR0000NCRN,2010-10-01,TMIN,178
USR0000NCRN,2010-01-08,TMAX,56
USC00317170,2015-12-16,TMIN,133
USC00310576,2008-10-02,TMIN,100
USC00314144,2008-02-06,TMAX,256
USW00093719,2014-04-21,TMAX,228
USC00314684,2013-12-30,TMIN,44
USC00314684,2013-12-30,TMAX,206
USC00314684,2013-02-16,TMAX,167
USC00314684,2010-09-21,TMAX,317
USC00314689,2008-09-10,TMAX,317
USR0000NCRN,2006-04-03,TMAX,261
USC00314689,2005-10-13,TMIN,156
USC00314684,2010-09-21,TMIN,133
USC00314689,2008-09-10,TMIN,217
USC00314684,2007-02-23,TMIN,33
USC00314684,2007-02-23,TMAX,228
USR0000NCRN,2006-04-03,TMIN,117
USC00314684,2013-02-16,TMIN,6
USC00310576,2009-10-17,TMAX,150
USR0000NHOF,2011-01-15,TMAX,94
USC00317170,2007-07-12,TMIN,222
USC00314689,2005-10-13,TMAX,189
USC00314684,2012-12-10,TMAX,244
USC00310576,2009-10-17,TMIN,100
USC00314144,2010-05-07,TMIN,150
USC00317170,2008-06-26,TMAX,344
USW00093765,2010-05-05,TMAX,261
USC00314689,2007-07-20,TMIN,211
USC00314689,2007-07-20,TMAX,272
USW00093719,2014-04-21,TMIN,106
USW00093765,2010-05-05,TMIN,194
USC00317170,2007-07-12,TMAX,317
USC00314144,2010-05-07,TMAX,311
USC00315830,2009-05-18,TMIN,100
USC00315830,2009-05-18,TMAX,250
USC00314684,2013-07-24,TMAX,322
USC00316096,2012-06-08,TMIN,122
USC00314684,2013-07-24,TMIN,222
USC00316096,2012-06-08,TMAX,278
USC00314689,2006-10-15,TMIN,28
USC00314689,2006-10-15,TMAX,189
USR0000NHOF,2012-02-18,TMAX,189
USC00314684,2013-08-08,TMIN,200
USC00314144,2010-03-06,TMAX,122
USC00314144,2010-03-06,TMIN,-39
USC00310576,2010-05-16,TMIN,206
USW00013754,2012-10-22,TMAX,222
USR0000NCRN,2013-04-13,TMIN,72
USR0000NCRN,2013-04-13,TMAX,200
USW00093719,2005-06-28,TMAX,289
USC00310576,2014-06-09,TMAX,294
USC00315830,2009-02-01,TMAX,133
USW00093719,2005-06-28,TMIN,222
USR0000NNWB,2015-01-07,TMAX,56
USC00314144,2009-05-01,TMAX,261
USC00314684,2009-01-13,TMIN,-6
USR0000NCRN,2010-06-10,TMAX,311
USW00093719,2010-08-02,TMIN,211
USW00093719,2010-08-02,TMAX,306
USW00093719,2011-04-08,TMIN,89
USC00314684,2009-01-13,TMAX,89
USR0000NCRN,2010-06-10,TMIN,228
USC00315830,2011-03-03,TMIN,50
USW00013754,2009-06-24,TMAX,306
USC00315830,2013-03-31,TMIN,89
USC00315830,2007-06-24,TMIN,217
USW00093765,2013-07-24,TMAX,300
USW00093765,2013-07-24,TMIN,244
USC00314689,2005-08-17,TMIN,228
USC00314689,2005-08-17,TMAX,361
USC00316096,2013-08-08,TMAX,311
USR0000NNWB,2014-04-21,TMAX,233
USW00013754,2009-06-24,TMIN,183
USC00310576,2014-06-09,TMIN,144
USC00310356,2008-12-13,TMIN,17
USC00314144,2009-05-01,TMIN,139
USW00013754,2012-10-22,TMIN,56
USC00310576,2010-05-16,TMAX,344
USC00310356,2008-12-13,TMAX,133
USW00093719,2011-04-08,TMAX,272
USC00315830,2013-03-31,TMAX,183
USR0000NNWB,2014-04-21,TMIN,100
USW00093743,2012-07-07,TMAX,322
USW00093743,2012-07-07,TMIN,267
USC00317170,2013-07-24,TMAX,339
USC00317170,2012-10-15,TMIN,133
USR0000NNWB,2007-12-29,TMIN,156
USR0000NHOF,2009-05-08,TMAX,289
USR0000NNWB,2007-12-29,TMAX,250
USR0000NCRN,2011-01-18,TMAX,94
USC00310576,2009-08-23,TMIN,222
USC00310576,2011-11-03,TMAX,178
USC00317170,2012-10-15,TMAX,272
USR0000NCRN,2011-01-18,TMIN,44
USR0000NHOF,2012-07-07,TMAX,344
USR0000NNWB,2007-03-05,TMAX,167
USW00013754,2010-07-02,TMAX,272
USR0000NHOF,2012-07-07,TMIN,250
USW00013754,2010-07-02,TMIN,161
USC00315830,2006-08-31,TMIN,250
USC00315830,2006-08-31,TMAX,311
USC00310576,2009-08-23,TMAX,322
USR0000NCRN,2008-03-28,TMAX,244
USC00315830,2009-02-01,TMIN,-11
USC00315830,2007-04-11,TMIN,83
USC00317170,2013-07-24,TMIN,228
USW00093719,2010-10-22,TMAX,211
USW00093719,2010-10-22,TMIN,56
USW00093719,2010-06-16,TMAX,328
USW00093719,2010-06-16,TMIN,222
USC00310356,2012-01-19,TMAX,133
USC00310356,2012-01-19,TMIN,17
USR0000NNWB,2014-04-27,TMIN,133
USC00314689,2007-12-04,TMIN,17
USC00315830,2011-03-03,TMAX,144
USR0000NNWB,2014-04-27,TMAX,283
USR0000NCRN,2008-03-28,TMIN,161
USC00310576,2011-11-03,TMIN,28
USC00315830,2007-04-11,TMAX,183
USR0000NHOF,2009-05-08,TMIN,167
USC00314689,2012-06-08,TMIN,150
USC00314689,2012-06-08,TMAX,283
USW00093719,2015-05-22,TMIN,117
USR0000NNWB,2009-11-23,TMAX,200
USR0000NNWB,2009-11-23,TMIN,122
USR0000NHOF,2010-01-08,TMAX,61
USW00093719,2006-08-05,TMAX,306
USC00316676,2007-12-06,TMAX,122
USC00316676,2007-12-06,TMIN,22
USW00013754,2015-01-07,TMAX,72
USC00316676,2007-05-29,TMIN,167
USC00314689,2009-07-22,TMAX,311
USC00310576,2010-05-19,TMIN,156
USC00314689,2009-07-22,TMIN,194
USC00310576,2010-05-19,TMAX,244
USC00310356,2015-05-16,TMIN,161
USC00316676,2007-05-29,TMAX,306
USR0000NCRN,2012-01-04,TMAX,50
USC00315830,2009-03-10,TMAX,228
USC00316096,2012-07-09,TMIN,267
USC00315830,2009-03-10,TMIN,94
USC00316096,2012-07-09,TMAX,328
USR0000NCRN,2012-01-04,TMIN,-94
USW00093719,2013-01-19,TMIN,-17
USW00093719,2006-08-05,TMIN,244
USW00013754,2015-01-07,TMIN,-32
USC00310576,2008-08-13,TMIN,150
USW00093765,2015-12-12,TMIN,122
USC00310576,2008-08-13,TMAX,294
USC00315830,2010-01-14,TMIN,-39
USC00315830,2010-01-14,TMAX,100
USC00315830,2007-05-09,TMAX,261
USC00315830,2007-05-09,TMIN,178
USC00310356,2015-05-16,TMAX,233
USC00314689,2014-04-21,TMAX,200
USW00093765,2013-03-31,TMAX,189
USW00093765,2013-03-31,TMIN,83
USR0000NHOF,2007-04-19,TMAX,156
USC00310576,2013-09-28,TMIN,150
USC00310576,2013-09-28,TMAX,239
USR0000NHOF,2007-04-19,TMIN,6
USC00314689,2006-02-10,TMIN,-50
USC00314689,2014-04-21,TMIN,78
USC00314684,2011-04-23,TMIN,111
USW00093719,2013-01-19,TMAX,167
USW00093765,2012-06-08,TMAX,278
USR0000NCRN,2011-11-03,TMAX,200
USR0000NNWB,2012-03-18,TMAX,228
USR0000NNWB,2012-03-18,TMIN,139
USC00314684,2013-09-21,TMAX,250
USR0000NCRN,2006-01-29,TMAX,267
USC00310356,2014-01-19,TMAX,111
USR0000NHOF,2015-05-16,TMAX,283
USR0000NCRN,2011-11-03,TMIN,11
USC00310356,2014-01-19,TMIN,17
USC00317170,2010-12-16,TMIN,-28
USR0000NCRN,2014-05-18,TMAX,228
USC00314684,2015-11-13,TMAX,250
USC00317170,2010-10-22,TMAX,206
USC00314684,2013-09-21,TMIN,156
USC00317170,2011-02-09,TMIN,0
USC00317170,2010-10-22,TMIN,94
USR0000NCRN,2014-05-18,TMIN,94
USW00093765,2012-06-08,TMIN,139
USC00317170,2010-12-16,TMAX,100
USC00310576,2010-07-18,TMAX,333
USC00317170,2009-05-11,TMAX,211
USR0000NHOF,2005-06-05,TMIN,183
USC00317170,2009-05-11,TMIN,133
USR0000NHOF,2005-06-05,TMAX,306
USW00093765,2013-04-12,TMIN,178
USC00310576,2005-03-17,TMIN,28
USC00315830,2014-12-09,TMIN,56
USC00314684,2008-12-20,TMAX,222
USC00310576,2005-03-17,TMAX,50
USC00314684,2012-01-28,TMIN,11
USC00315830,2014-12-09,TMAX,139
USC00314684,2012-01-28,TMAX,217
USC00310576,2014-09-12,TMAX,300
USC00310576,2014-09-12,TMIN,211
USC00314684,2008-12-20,TMIN,122
USC00310576,2010-07-18,TMIN,233
USW00093765,2013-04-12,TMAX,217
USR0000NHOF,2015-05-16,TMIN,106
USW00093765,2015-12-12,TMAX,211
USC00316676,2007-01-17,TMAX,178
USW00093765,2005-07-11,TMIN,228
USR0000NHOF,2012-05-02,TMAX,306
USR0000NHOF,2012-05-02,TMIN,183
USW00093719,2005-06-19,TMIN,183
USC00315830,2015-05-22,TMIN,150
USC00310576,2008-02-29,TMAX,83
USC00315830,2015-05-22,TMAX,289
USC00315830,2013-02-22,TMAX,111
USW00093765,2011-07-27,TMIN,261
USW00013754,2015-12-16,TMAX,183
USC00310576,2008-02-28,TMAX,111
USC00314684,2011-08-08,TMAX,361
USC00314684,2014-06-01,TMAX,278
USR0000NHOF,2011-12-04,TMAX,206
USR0000NHOF,2011-12-04,TMIN,11
USC00314684,2014-08-06,TMAX,306
USW00013754,2015-12-16,TMIN,61
USW00013754,2005-06-28,TMIN,217
USC00315830,2013-02-22,TMIN,39
USW00093743,2013-07-25,TMAX,317
USC00314144,2007-12-29,TMIN,128
USC00314689,2012-07-09,TMAX,372
USW00013754,2014-09-22,TMIN,200
USC00314684,2014-06-01,TMIN,100
USW00093765,2005-07-11,TMAX,300
USC00310356,2012-05-02,TMAX,244
USC00310356,2012-05-02,TMIN,200
USW00093743,2013-07-25,TMIN,228
USC00310356,2013-07-25,TMAX,289
USW00093719,2005-06-19,TMAX,278
USW00013754,2014-09-22,TMAX,267
USW00093743,2012-05-02,TMAX,261
USW00093743,2012-05-02,TMIN,194
USC00310356,2011-12-04,TMAX,161
USC00310356,2011-12-04,TMIN,56
USC00310356,2013-07-25,TMIN,228
USW00093765,2009-10-29,TMAX,200
USC00316676,2007-01-17,TMIN,22
USW00013754,2005-06-28,TMAX,283
USC00317170,2010-02-28,TMAX,117
USC00317170,2011-02-09,TMAX,111
USW00093765,2006-10-15,TMIN,44
USW00093765,2006-10-15,TMAX,200
USC00314684,2009-09-20,TMIN,167
USW00093743,2009-05-08,TMIN,189
USC00314684,2009-09-20,TMAX,289
USC00316676,2011-06-15,TMIN,156
USC00317170,2013-04-12,TMAX,272
USC00314689,2006-02-10,TMAX,106
USC00315830,2011-10-04,TMIN,100
USR0000NNWB,2006-07-05,TMAX,328
USR0000NNWB,2006-07-05,TMIN,222
USC00316676,2011-06-15,TMAX,294
USW00093719,2014-07-13,TMIN,206
USW00093719,2014-07-13,TMAX,333
USC00314684,2011-04-23,TMAX,217
USC00315830,2011-10-04,TMAX,217
USC00314684,2014-08-06,TMIN,194
USC00317170,2013-04-12,TMIN,194
USC00317170,2015-02-17,TMAX,0
USC00317170,2010-02-28,TMIN,11
USW00093765,2011-07-27,TMAX,311
USC00315830,2010-12-12,TMIN,89
USC00316096,2014-04-21,TMAX,211
USC00316096,2014-04-21,TMIN,100
USC00315830,2010-12-12,TMAX,161
USC00314684,2011-08-08,TMIN,228
USC00317170,2015-02-17,TMIN,-28
USW00013754,2007-09-14,TMIN,228
USC00314144,2009-08-07,TMAX,300
USC00310576,2015-09-28,TMIN,222
USC00310576,2015-09-28,TMAX,267
USC00315830,2013-11-21,TMIN,122
USC00317170,2012-01-26,TMAX,217
USC00315830,2013-11-21,TMAX,189
USC00317170,2012-01-26,TMIN,33
USC00314144,2009-08-07,TMIN,178
USR0000NCRN,2006-01-29,TMIN,44
USC00310576,2011-08-16,TMIN,172
USC00317170,2013-03-31,TMAX,233
USR0000NNWB,2013-01-02,TMAX,117
USR0000NNWB,2013-01-02,TMIN,50
USC00314684,2014-02-17,TMAX,111
USC00314684,2014-02-17,TMIN,-11
USW00013754,2011-02-26,TMAX,133
USC00310356,2005-06-05,TMAX,239
USC00310576,2015-04-09,TMIN,144
USC00310576,2011-01-03,TMIN,39
USW00013754,2014-11-23,TMIN,44
USW00013754,2014-11-23,TMAX,211
USC00317170,2011-06-14,TMAX,317
USC00310576,2008-12-18,TMAX,228
USC00310576,2008-12-18,TMIN,111
USC00314689,2011-03-01,TMAX,267
USC00317170,2011-06-14,TMIN,200
USR0000NNWB,2008-07-24,TMIN,217
USC00310576,2015-04-09,TMAX,289
USC00314689,2011-03-01,TMIN,61
USC00314684,2010-09-17,TMIN,156
USC00310356,2005-06-05,TMIN,211
USW00093743,2012-08-01,TMIN,222
USC00316676,2013-02-16,TMAX,167
USC00316676,2013-02-16,TMIN,17
USC00310576,2011-01-03,TMAX,200
USC00310356,2015-02-21,TMAX,11
USW00093719,2015-11-28,TMIN,72
USC00314689,2014-08-06,TMAX,311
USW00093719,2013-04-12,TMAX,289
USC00314689,2014-08-06,TMIN,206
USC00316096,2014-02-25,TMIN,6
USC00316096,2014-02-25,TMAX,183
USR0000NHOF,2009-04-21,TMIN,122
USR0000NHOF,2009-04-21,TMAX,244
USC00316096,2009-07-22,TMIN,200
USC00316096,2009-07-22,TMAX,300
USW00093719,2013-04-12,TMIN,206
USW00093743,2012-08-01,TMAX,272
USC00317170,2009-06-22,TMIN,194
USR0000NHOF,2012-09-02,TMIN,217
USR0000NNWB,2008-07-24,TMAX,300
USC00310356,2012-09-02,TMIN,261
USC00314689,2011-05-12,TMAX,250
USR0000NNWB,2009-09-03,TMIN,194
USC00310356,2012-09-02,TMAX,300
USC00314684,2010-02-28,TMAX,111
USC00314684,2010-02-28,TMIN,-33
USW00013754,2011-02-26,TMIN,50
USC00310356,2005-12-11,TMAX,144
USC00314684,2010-07-03,TMIN,117
USC00316676,2005-11-03,TMIN,22
USC00316676,2005-11-03,TMAX,189
USR0000NHOF,2014-11-19,TMAX,106
USR0000NHOF,2014-11-19,TMIN,-89
USC00314684,2010-07-03,TMAX,261
USC00310356,2009-05-08,TMIN,194
USW00093765,2007-03-11,TMIN,61
USR0000NCRN,2005-12-08,TMAX,83
USR0000NHOF,2012-09-02,TMAX,300
USC00310356,2005-12-11,TMIN,6
USW00093743,2012-09-02,TMAX,311
USC00314689,2011-05-12,TMIN,122
USC00310356,2014-11-19,TMAX,72
USC00310576,2010-01-08,TMAX,94
USW00093743,2011-09-01,TMAX,300
USC00310356,2014-11-19,TMIN,-17
USW00093743,2011-09-01,TMIN,161
USC00310576,2010-01-08,TMIN,0
USR0000NHOF,2014-06-09,TMAX,300
USR0000NNWB,2014-05-15,TMAX,283
USR0000NNWB,2014-05-15,TMIN,206
USC00310356,2012-08-01,TMAX,289
USR0000NHOF,2014-06-09,TMIN,189
USC00316676,2008-09-01,TMAX,317
USC00316676,2008-09-01,TMIN,217
USR0000NNWB,2009-09-03,TMAX,267
USW00093743,2012-09-02,TMIN,233
USC00310356,2012-08-01,TMIN,228
USC00314689,2005-11-26,TMIN,-28
USC00317170,2009-06-22,TMAX,294
USC00310356,2015-02-21,TMIN,-106
USC00315830,2007-06-25,TMIN,228
USR0000NCRN,2007-08-19,TMIN,200
USC00315830,2007-06-25,TMAX,294
USC00314144,2011-02-02,TMIN,111
USC00316676,2012-10-15,TMAX,267
USC00316676,2012-10-15,TMIN,100
USC00314144,2011-02-02,TMAX,222
USC00316676,2014-06-28,TMIN,211
USC00310576,2009-01-25,TMAX,156
USC00315830,2012-10-22,TMIN,78
USR0000NNWB,2014-11-23,TMIN,39
USR0000NNWB,2014-11-23,TMAX,206
USC00315830,2012-10-22,TMAX,217
USW00013754,2012-02-11,TMAX,117
USW00013754,2012-02-11,TMIN,-10
USC00310576,2011-08-16,TMAX,311
USC00310576,2009-01-25,TMIN,33
USW00013754,2007-09-14,TMAX,283
USC00316676,2014-06-28,TMAX,306
USR0000NHOF,2006-05-09,TMIN,72
USC00317170,2013-03-31,TMIN,72
USW00093743,2014-01-19,TMAX,117
USW00093743,2014-01-19,TMIN,-32
USC00310576,2005-08-15,TMAX,333
USW00093765,2012-12-10,TMIN,161
USW00093765,2012-12-10,TMAX,200
USC00314684,2015-11-13,TMIN,89
USR0000NHOF,2006-05-09,TMAX,194
USC00310576,2005-08-15,TMIN,239
USW00013754,2013-01-02,TMAX,139
USC00315830,2006-05-01,TMAX,183
USC00310576,2013-07-25,TMIN,217
USW00093743,2009-05-08,TMAX,261
USW00013754,2013-01-02,TMIN,50
USC00315830,2006-05-01,TMIN,67
USR0000NHOF,2012-08-01,TMIN,200
USC00310576,2013-07-25,TMAX,339
USR0000NHOF,2015-02-21,TMIN,-89
USR0000NHOF,2015-02-21,TMAX,144
USC00310356,2006-05-09,TMIN,122
USW00093719,2006-07-05,TMAX,311
USW00093719,2006-07-05,TMIN,217
USC00315830,2013-08-08,TMIN,217
USC00315830,2013-08-08,TMAX,306
USR0000NHOF,2008-03-08,TMIN,39
USR0000NHOF,2008-03-08,TMAX,206
USC00314689,2007-01-22,TMIN,17
USC00316096,2010-07-29,TMIN,217
USC00314689,2007-01-22,TMAX,56
USR0000NNWB,2009-03-18,TMAX,206
USW00093719,2015-11-28,TMAX,228
USR0000NHOF,2014-01-19,TMIN,-50
USR0000NNWB,2009-03-18,TMIN,28
USC00314684,2010-09-17,TMAX,311
USC00314689,2005-11-26,TMAX,117
USC00314144,2009-01-12,TMIN,-28
USC00314144,2009-01-12,TMAX,89
USR0000NCRN,2005-04-11,TMAX,244
USC00316096,2010-07-29,TMAX,294
USW00013754,2010-10-24,TMAX,250
USC00314689,2014-02-25,TMIN,6
USC00316096,2014-08-06,TMAX,306
USC00310356,2006-05-09,TMAX,233
USC00314689,2014-02-25,TMAX,178
USC00316096,2014-08-06,TMIN,194
USW00093719,2006-03-15,TMIN,56
USR0000NHOF,2012-08-01,TMAX,283
USW00093719,2007-05-20,TMIN,111
USW00093719,2007-05-20,TMAX,267
USC00314689,2006-12-19,TMIN,78
USW00093719,2006-03-15,TMAX,150
USC00315830,2008-09-28,TMIN,211
USR0000NHOF,2014-01-19,TMAX,139
USC00315830,2008-09-28,TMAX,272
USR0000NCRN,2005-04-11,TMIN,28
USC00314689,2011-03-05,TMIN,39
USW00013754,2010-10-24,TMIN,72
USC00314689,2012-07-09,TMIN,278
USC00310576,2008-02-28,TMIN,0
USC00310576,2008-02-29,TMIN,-17
USC00314144,2007-12-29,TMAX,239
USR0000NNWB,2013-03-31,TMAX,233
USR0000NNWB,2013-03-31,TMIN,78
USR0000NCRN,2015-05-16,TMAX,250
USR0000NCRN,2015-05-16,TMIN,106
USC00316676,2014-02-25,TMIN,22
USC00316676,2014-02-25,TMAX,178
USC00314689,2008-04-10,TMIN,128
USC00315830,2012-05-10,TMAX,261
USW00093765,2014-09-22,TMIN,211
USR0000NNWB,2015-11-28,TMAX,233
USC00314689,2008-04-10,TMAX,256
USW00093719,2007-07-06,TMAX,333
USR0000NNWB,2015-11-28,TMIN,83
USC00316676,2011-10-29,TMAX,133
USC00316676,2013-12-18,TMAX,189
USC00316676,2011-10-29,TMIN,111
USW00093765,2014-09-22,TMAX,278
USC00316676,2013-12-18,TMIN,28
USC00315830,2012-05-10,TMIN,156
USC00310356,2012-11-12,TMAX,228
USR0000NNWB,2014-08-11,TMAX,294
USC00316096,2009-09-20,TMIN,178
USC00316676,2008-11-09,TMIN,39
USC00316096,2009-09-20,TMAX,272
USC00310356,2007-06-15,TMAX,228
USW00093719,2007-07-06,TMIN,217
USW00093719,2010-02-28,TMAX,111
USC00310356,2012-11-12,TMIN,100
USW00093719,2010-02-28,TMIN,-11
USC00314684,2015-07-07,TMIN,217
USR0000NCRN,2008-04-23,TMIN,156
USC00314144,2005-03-28,TMAX,222
USC00314144,2005-03-28,TMIN,139
USR0000NCRN,2008-04-23,TMAX,256
USC00316096,2012-01-28,TMIN,6
USC00316096,2012-01-28,TMAX,178
USC00314684,2015-07-07,TMAX,333
USR0000NNWB,2014-08-11,TMIN,222
USC00315830,2008-06-01,TMAX,289
USW00013754,2013-12-21,TMIN,100
USW00093719,2012-08-28,TMAX,283
USW00093719,2012-08-28,TMIN,228
USC00315830,2015-03-31,TMIN,44
USW00013754,2007-02-27,TMIN,56
USC00317170,2013-09-21,TMAX,267
USC00317170,2010-05-05,TMIN,194
USC00317170,2013-09-21,TMIN,161
USC00315830,2015-03-31,TMAX,156
USR0000NNWB,2010-03-22,TMAX,194
USW00013754,2014-08-11,TMAX,294
USC00317170,2014-08-06,TMAX,317
USC00317170,2014-08-06,TMIN,206
USW00093765,2009-06-22,TMAX,294
USW00093765,2009-06-22,TMIN,194
USR0000NNWB,2010-03-22,TMIN,94
USC00316096,2009-10-13,TMAX,239
USW00013754,2014-08-11,TMIN,233
USC00315830,2008-06-01,TMIN,233
USW00013754,2013-08-08,TMAX,311
USR0000NCRN,2012-08-12,TMAX,278
USC00314684,2010-07-29,TMAX,322
USC00314684,2010-07-29,TMIN,211
USW00093743,2012-11-12,TMAX,233
USR0000NHOF,2010-04-14,TMIN,17
USR0000NHOF,2010-04-14,TMAX,161
USW00013754,2013-12-21,TMAX,222
USW00093719,2010-11-07,TMIN,17
USR0000NCRN,2012-08-12,TMIN,228
USC00314689,2009-08-17,TMIN,217
USW00093719,2010-11-07,TMAX,122
USC00314684,2005-10-13,TMIN,156
USC00314684,2005-10-13,TMAX,194
USW00013754,2013-08-08,TMIN,222
USW00093719,2008-07-24,TMIN,217
USW00093719,2008-07-24,TMAX,300
USC00317170,2010-05-05,TMAX,311
USW00093743,2012-11-12,TMIN,106
USC00310356,2007-06-15,TMIN,144
USC00310576,2008-08-08,TMAX,339
USC00310356,2014-05-18,TMAX,283
USR0000NHOF,2008-02-28,TMAX,61
USR0000NHOF,2008-02-29,TMAX,122
USR0000NHOF,2008-02-28,TMIN,-72
USC00310576,2008-04-03,TMAX,200
USC00310356,2013-11-03,TMIN,122
USR0000NHOF,2006-04-03,TMAX,278
USR0000NHOF,2006-04-03,TMIN,94
USC00314689,2006-09-29,TMAX,267
USR0000NHOF,2009-05-28,TMAX,283
USC00310576,2007-04-03,TMIN,133
USC00317170,2014-09-22,TMIN,200
USC00317170,2014-09-22,TMAX,261
USR0000NHOF,2014-05-18,TMIN,94
USR0000NHOF,2014-05-18,TMAX,256
USC00317170,2014-04-21,TMAX,217
USW00093765,2005-06-12,TMAX,283
USC00310576,2008-04-03,TMIN,94
USC00317170,2014-04-21,TMIN,94
USR0000NCRN,2008-06-30,TMIN,256
USC00316676,2013-07-24,TMIN,228
USR0000NHOF,2010-01-08,TMIN,-33
USC00315830,2008-08-23,TMAX,300
USW00093719,2013-08-08,TMIN,228
USW00093719,2013-08-08,TMAX,317
USC00315830,2008-08-23,TMIN,217
USW00093765,2013-09-21,TMIN,178
USC00315830,2008-10-08,TMIN,133
USC00314689,2006-09-29,TMIN,133
USR0000NCRN,2014-07-02,TMIN,261
USC00314689,2012-10-15,TMAX,278
USC00314689,2012-10-15,TMIN,150
USW00093743,2007-06-15,TMAX,244
USR0000NCRN,2014-07-02,TMAX,300
USC00310576,2007-04-03,TMAX,283
USR0000NCRN,2008-06-30,TMAX,294
USC00316676,2013-07-24,TMAX,311
USW00093743,2007-06-15,TMIN,128
USC00310356,2013-11-03,TMAX,200
USR0000NHOF,2009-05-28,TMIN,161
USC00314684,2005-08-17,TMIN,222
USW00093765,2014-08-06,TMAX,300
USW00093765,2014-08-06,TMIN,217
USC00314684,2011-07-26,TMAX,350
USC00310576,2011-02-13,TMIN,-6
USW00013754,2010-07-16,TMAX,311
USC00316676,2008-11-09,TMAX,233
USC00310576,2012-09-02,TMIN,233
USW00013754,2008-07-10,TMAX,317
USW00013754,2010-07-16,TMIN,256
USC00310576,2011-02-13,TMAX,133
USC00314684,2011-07-26,TMIN,228
USW00013754,2008-07-10,TMIN,217
USR0000NHOF,2014-09-12,TMAX,328
USR0000NHOF,2014-09-12,TMIN,222
USC00310576,2008-08-08,TMIN,211
USC00310356,2014-05-18,TMIN,139
USC00310576,2012-09-02,TMAX,339
USC00317170,2009-02-04,TMIN,11
USR0000NCRN,2011-12-04,TMIN,67
USR0000NCRN,2011-12-04,TMAX,200
USR0000NCRN,2014-01-19,TMAX,122
USR0000NHOF,2008-02-29,TMIN,-83
USR0000NCRN,2014-01-19,TMIN,-50
USW00093719,2006-08-21,TMAX,317
USC00314684,2005-08-17,TMAX,344
USW00093719,2006-08-21,TMIN,228
USC00314144,2008-05-06,TMIN,94
USC00314144,2008-05-06,TMAX,244
USW00093743,2014-05-18,TMIN,106
USW00093743,2014-05-18,TMAX,228
USC00314684,2005-09-17,TMAX,317
USC00314684,2005-09-17,TMIN,217
USC00310356,2014-09-12,TMAX,294
USW00013754,2013-03-31,TMAX,206
USW00013754,2013-03-31,TMIN,67
USC00310356,2014-09-12,TMIN,217
USC00317170,2009-02-04,TMAX,61
USC00314144,2005-12-08,TMAX,67
USC00314684,2006-08-05,TMAX,372
USC00314144,2005-12-08,TMIN,-6
USC00316096,2009-10-13,TMIN,139
USW00093719,2010-12-06,TMIN,-28
USC00317170,2012-06-08,TMIN,133
USC00317170,2012-06-08,TMAX,322
USC00314689,2008-06-17,TMIN,239
USW00093765,2010-02-28,TMAX,111
USW00093765,2010-02-28,TMIN,11
USW00093765,2015-02-17,TMAX,33
USC00314684,2013-04-12,TMAX,294
USW00093765,2015-02-17,TMIN,-16
USW00093765,2011-07-05,TMAX,317
USC00317170,2012-12-10,TMIN,150
USR0000NCRN,2014-11-19,TMAX,67
USC00317170,2012-12-10,TMAX,228
USW00093765,2010-10-22,TMAX,211
USC00314689,2009-10-13,TMAX,244
USC00314689,2009-10-13,TMIN,122
USW00093765,2011-07-05,TMIN,272
USW00093765,2010-10-22,TMIN,89
USC00314684,2013-04-12,TMIN,161
USR0000NCRN,2013-07-25,TMIN,222
USW00093719,2011-07-02,TMIN,206
USC00314684,2007-01-02,TMAX,222
USC00314684,2011-01-08,TMAX,56
USC00316096,2015-08-14,TMAX,300
USC00314689,2015-07-07,TMAX,333
USC00314689,2015-07-07,TMIN,222
USW00093765,2015-08-22,TMAX,300
USW00093719,2010-12-06,TMAX,56
USC00314689,2005-09-17,TMAX,322
USC00314689,2005-09-17,TMIN,217
USW00093765,2011-08-14,TMIN,233
USC00315830,2006-07-12,TMIN,233
USC00315830,2006-07-12,TMAX,306
USR0000NNWB,2010-07-16,TMAX,344
USR0000NNWB,2010-07-16,TMIN,256
USR0000NCRN,2013-07-25,TMAX,289
USW00093765,2011-08-14,TMAX,311
USC00314684,2007-01-02,TMIN,33
USW00093765,2007-09-25,TMAX,278
USR0000NNWB,2010-10-24,TMIN,83
USW00093719,2009-11-23,TMAX,194
USC00310576,2009-02-14,TMIN,44
USW00093719,2009-11-23,TMIN,128
USR0000NNWB,2014-09-22,TMIN,194
USR0000NNWB,2014-09-22,TMAX,272
USC00310356,2007-04-19,TMAX,172
USC00310356,2007-04-19,TMIN,78
USC00310576,2009-02-14,TMAX,178
USC00317170,2008-04-21,TMAX,217
USC00317170,2008-04-21,TMIN,139
USC00317170,2014-02-17,TMAX,83
USC00314144,2007-10-05,TMIN,211
USR0000NCRN,2009-08-05,TMAX,294
USR0000NCRN,2009-08-05,TMIN,272
USC00317170,2014-02-17,TMIN,0
USW00093765,2009-10-29,TMIN,144
USC00314144,2007-10-05,TMAX,278
USC00310576,2012-11-15,TMIN,78
USC00315830,2008-01-02,TMAX,178
USC00314684,2007-07-20,TMAX,339
USR0000NNWB,2010-10-24,TMAX,261
USW00093765,2007-09-25,TMIN,189
USC00310576,2012-11-15,TMAX,117
USR0000NCRN,2014-11-19,TMIN,-67
USW00013754,2006-12-03,TMIN,89
USW00013754,2006-12-03,TMAX,139
USR0000NNWB,2015-12-16,TMIN,78
USC00315830,2008-01-02,TMIN,-17
USC00317170,2008-02-26,TMAX,217
USR0000NCRN,2012-03-21,TMIN,150
USR0000NCRN,2012-03-21,TMAX,222
USC00316096,2015-08-14,TMIN,178
USC00314684,2007-07-20,TMIN,233
USC00317170,2008-02-26,TMIN,50
USW00013754,2014-05-15,TMAX,283
USW00013754,2014-05-15,TMIN,194
USR0000NNWB,2015-12-16,TMAX,206
USW00093765,2015-08-22,TMIN,217
USC00314689,2009-09-10,TMAX,261
USC00314144,2011-02-10,TMAX,28
USC00315830,2010-09-02,TMIN,217
USC00310356,2015-09-25,TMIN,211
USR0000NHOF,2011-11-03,TMIN,-11
USR0000NHOF,2011-11-03,TMAX,194
USW00013754,2012-03-18,TMIN,133
USC00315830,2010-09-02,TMAX,306
USW00093719,2014-11-23,TMIN,39
USW00093719,2013-03-31,TMIN,67
USW00093719,2014-11-23,TMAX,217
USC00314689,2013-04-12,TMAX,289
USC00314144,2010-06-10,TMIN,211
USC00316096,2015-07-07,TMAX,300
USC00314144,2010-06-10,TMAX,333
USC00310576,2012-08-14,TMIN,200
USC00310576,2012-08-14,TMAX,322
USC00314684,2014-04-21,TMAX,139
USC00314689,2013-04-12,TMIN,200
USC00314684,2014-04-21,TMIN,78
USW00093719,2013-03-31,TMAX,239
USC00314689,2007-06-13,TMIN,183
USC00314689,2009-08-17,TMAX,322
USC00314144,2011-02-10,TMIN,-56
USW00093719,2015-12-16,TMIN,61
USW00093719,2015-12-16,TMAX,194
USR0000NHOF,2012-11-12,TMAX,244
USC00316676,2011-10-16,TMIN,72
USC00316676,2011-10-16,TMAX,256
USW00013754,2012-03-18,TMAX,228
USC00310356,2015-09-25,TMAX,244
USC00310356,2005-04-11,TMIN,78
USC00310356,2005-04-11,TMAX,206
USW00093743,2010-04-14,TMAX,178
USR0000NCRN,2012-05-02,TMAX,261
USR0000NCRN,2012-05-02,TMIN,194
USR0000NHOF,2012-11-12,TMIN,89
USC00314689,2007-06-13,TMAX,289
USW00093743,2010-04-14,TMIN,83
USC00314689,2009-01-18,TMAX,50
USC00314684,2005-11-18,TMAX,117
USC00316096,2015-07-07,TMIN,239
USR0000NHOF,2015-09-25,TMIN,200
USC00310576,2006-05-09,TMIN,122
USC00310576,2006-05-09,TMAX,200
USC00314689,2006-02-15,TMAX,183
USC00315830,2006-12-31,TMAX,206
USC00315830,2006-12-31,TMIN,78
USW00093719,2014-09-22,TMIN,194
USR0000NHOF,2015-09-25,TMAX,250
USW00013754,2009-03-18,TMAX,178
USW00093719,2014-09-22,TMAX,267
USC00314689,2006-02-15,TMIN,33
USW00013754,2009-01-19,TMIN,-5
USW00013754,2009-01-19,TMAX,122
USW00013754,2007-12-29,TMAX,233
USW00013754,2009-03-18,TMIN,44
USW00093719,2011-07-02,TMAX,333
USW00013754,2007-12-29,TMIN,150
USC00314689,2009-09-10,TMIN,167
USC00310356,2010-04-14,TMAX,217
USC00310356,2010-04-14,TMIN,139
USC00314684,2005-11-18,TMIN,-17
USC00314689,2009-01-18,TMIN,-33
USW00093719,2015-01-14,TMIN,17
USW00093719,2015-01-14,TMAX,44
USC00316676,2007-08-29,TMAX,311
USC00316676,2007-08-29,TMIN,200
USW00093765,2014-02-17,TMAX,72
USW00093765,2014-02-17,TMIN,17
USC00316096,2013-04-12,TMIN,183
USC00316096,2013-04-12,TMAX,222
USC00314684,2011-01-08,TMIN,-17
USR0000NNWB,2010-11-11,TMIN,67
USR0000NNWB,2010-11-11,TMAX,172
USW00093719,2007-07-30,TMAX,267
USW00093719,2007-07-30,TMIN,222
USC00310356,2011-11-03,TMIN,83
USC00310356,2011-11-03,TMAX,183
USW00013754,2007-02-27,TMAX,178
USC00316676,2010-10-01,TMAX,244
USC00314684,2006-08-05,TMIN,233
USC00315830,2012-09-02,TMAX,317
USW00093765,2009-02-05,TMIN,-71
USC00314684,2006-12-12,TMAX,183
USC00314684,2006-12-12,TMIN,-22
USW00093765,2009-02-05,TMAX,11
USC00314689,2009-10-29,TMAX,256
USC00316676,2009-04-19,TMAX,272
USC00316096,2013-09-28,TMIN,161
USR0000NHOF,2008-11-05,TMAX,189
USC00316096,2013-09-28,TMAX,244
USW00093765,2008-02-03,TMIN,44
USW00093765,2015-01-14,TMIN,22
USW00093765,2015-01-14,TMAX,56
USC00317170,2008-12-06,TMIN,11
USC00316096,2013-11-21,TMIN,106
USC00316676,2009-04-19,TMIN,100
USC00316096,2011-10-29,TMAX,139
USW00093765,2008-02-03,TMAX,150
USC00316096,2013-11-21,TMAX,172
USC00314689,2009-10-29,TMIN,178
USR0000NCRN,2005-07-13,TMAX,328
USC00314684,2014-04-27,TMAX,256
USC00314689,2014-11-18,TMAX,239
USW00013754,2010-06-25,TMAX,339
USC00314144,2005-11-04,TMIN,44
USC00314144,2005-11-04,TMAX,250
USC00314689,2014-11-18,TMIN,17
USR0000NHOF,2010-12-28,TMIN,-61
USR0000NHOF,2008-11-05,TMIN,128
USR0000NNWB,2008-04-21,TMAX,211
USC00316096,2010-08-02,TMIN,206
USC00316096,2010-08-02,TMAX,300
USW00093719,2012-09-02,TMIN,228
USW00093719,2012-09-02,TMAX,339
USC00317170,2008-12-06,TMAX,144
USC00310576,2014-04-21,TMAX,133
USC00310576,2014-04-21,TMIN,106
USR0000NNWB,2008-04-21,TMIN,122
USW00013754,2010-06-25,TMIN,228
USC00316096,2011-10-29,TMIN,67
USC00315830,2014-12-26,TMAX,156
USC00310356,2008-04-23,TMIN,133
USC00314684,2015-08-14,TMAX,317
USC00310356,2008-04-23,TMAX,200
USR0000NNWB,2011-04-08,TMAX,283
USC00314689,2009-12-16,TMIN,44
USR0000NNWB,2011-04-08,TMIN,111
USC00310356,2008-06-01,TMAX,250
USC00314689,2009-12-16,TMAX,172
USC00310356,2008-06-01,TMIN,217
USW00013754,2007-03-01,TMIN,50
USW00013754,2007-03-01,TMAX,211
USC00314684,2012-02-23,TMIN,89
USC00314684,2012-02-23,TMAX,211
USR0000NHOF,2015-09-03,TMIN,200
USR0000NHOF,2011-12-21,TMIN,111
USC00316676,2015-10-27,TMIN,144
USC00314684,2015-08-14,TMIN,189
USC00315830,2014-12-26,TMIN,17
USC00310356,2010-06-10,TMAX,294
USW00093719,2007-10-25,TMIN,217
USC00316676,2015-10-27,TMAX,183
USW00013754,2012-05-01,TMAX,272
USR0000NCRN,2006-01-10,TMAX,206
USW00093765,2014-06-28,TMAX,300
USW00093719,2010-07-29,TMAX,317
USW00013754,2012-05-01,TMIN,200
USW00093719,2010-07-29,TMIN,222
USC00314689,2015-04-23,TMIN,117
USW00093719,2008-11-11,TMIN,6
USR0000NCRN,2006-01-10,TMIN,-61
USC00314689,2015-04-23,TMAX,256
USW00093765,2014-06-28,TMIN,233
USC00315830,2011-08-16,TMIN,200
USC00315830,2011-08-16,TMAX,306
USW00093719,2007-10-25,TMAX,261
USC00310356,2010-06-10,TMIN,217
USW00093719,2008-11-11,TMAX,150
USC00314689,2010-11-12,TMIN,33
USC00314684,2014-04-27,TMIN,133
USR0000NHOF,2010-12-28,TMAX,72
USC00310576,2012-06-29,TMIN,167
USC00315830,2012-02-11,TMIN,-11
USW00093719,2005-11-14,TMIN,94
USC00310576,2012-06-29,TMAX,328
USC00317170,2011-08-08,TMAX,361
USC00317170,2011-08-08,TMIN,233
USR0000NNWB,2009-03-01,TMIN,39
USC00315830,2012-02-11,TMAX,122
USC00314689,2013-09-28,TMIN,133
USR0000NHOF,2005-08-15,TMAX,344
USC00310576,2005-06-05,TMAX,283
USC00314689,2013-09-28,TMAX,244
USR0000NHOF,2005-08-15,TMIN,217
USC00314684,2011-07-27,TMIN,222
USC00314684,2011-07-27,TMAX,289
USC00314684,2013-12-18,TMAX,167
USC00310576,2005-06-05,TMIN,206
USC00316096,2010-09-07,TMIN,167
USC00310356,2006-01-15,TMAX,122
USR0000NNWB,2009-03-01,TMAX,61
USW00013754,2015-09-28,TMIN,233
USW00013754,2015-09-28,TMAX,267
USR0000NCRN,2009-05-01,TMIN,206
USR0000NCRN,2009-05-01,TMAX,244
USW00093719,2005-11-14,TMAX,250
USR0000NCRN,2013-08-09,TMIN,261
USR0000NCRN,2013-08-09,TMAX,306
USC00310356,2006-01-15,TMIN,-39
USW00093719,2005-01-27,TMAX,94
USR0000NNWB,2014-02-26,TMIN,11
USC00316096,2014-11-18,TMAX,183
USR0000NNWB,2014-02-26,TMAX,56
USC00316096,2009-12-16,TMIN,-11
USC00315830,2014-05-15,TMIN,222
USC00316096,2014-11-18,TMIN,-39
USW00093719,2005-01-27,TMIN,-44
USC00316096,2009-12-16,TMAX,139
USR0000NCRN,2005-07-13,TMIN,217
USW00093743,2010-06-10,TMIN,239
USC00316676,2014-07-11,TMAX,322
USW00093765,2011-02-07,TMIN,28
USC00314144,2008-06-16,TMAX,306
USC00316676,2012-11-30,TMAX,144
USR0000NCRN,2008-06-26,TMAX,311
USW00093719,2009-01-19,TMIN,0
USR0000NNWB,2005-05-06,TMAX,117
USW00093719,2009-01-19,TMAX,117
USC00310576,2014-12-07,TMAX,211
USR0000NNWB,2005-05-06,TMIN,106
USC00316676,2012-11-30,TMIN,-11
USW00013754,2014-02-26,TMIN,22
USC00310576,2014-12-07,TMIN,89
USW00013754,2014-02-26,TMAX,78
USC00314144,2008-06-16,TMIN,178
USW00093743,2008-04-23,TMIN,156
USW00093743,2008-04-23,TMAX,250
USR0000NCRN,2008-06-26,TMIN,244
USC00314684,2013-12-18,TMIN,11
USR0000NHOF,2015-07-30,TMIN,194
USC00316096,2010-09-07,TMAX,306
USC00316676,2012-03-02,TMAX,283
USC00316676,2014-07-11,TMIN,217
USW00093765,2011-02-07,TMAX,111
USW00093765,2013-04-13,TMIN,100
USW00093743,2010-06-10,TMAX,306
USW00093765,2013-04-13,TMAX,194
USR0000NNWB,2011-08-14,TMAX,333
USR0000NHOF,2015-07-30,TMAX,344
USC00314144,2008-02-14,TMIN,22
USC00316676,2010-01-14,TMIN,-50
USR0000NNWB,2011-08-14,TMIN,228
USC00316676,2010-01-14,TMAX,83
USC00314144,2008-06-30,TMAX,306
USC00314689,2013-11-21,TMIN,61
USC00314144,2008-06-30,TMIN,239
USC00314689,2013-11-21,TMAX,200
USC00314144,2008-02-14,TMAX,117
USR0000NNWB,2012-05-01,TMAX,294
USR0000NNWB,2012-05-01,TMIN,189
USW00093743,2008-06-01,TMAX,289
USW00013754,2005-07-11,TMAX,294
USW00093719,2012-05-01,TMAX,294
USW00093719,2012-05-01,TMIN,194
USW00013754,2005-07-11,TMIN,217
USC00314144,2010-12-01,TMIN,17
USC00314144,2010-12-01,TMAX,200
USR0000NNWB,2013-04-13,TMIN,100
USR0000NHOF,2009-07-18,TMIN,211
USR0000NNWB,2013-04-13,TMAX,239
USC00315830,2015-01-13,TMIN,67
USW00093719,2010-05-05,TMAX,294
USW00093743,2008-11-05,TMIN,167
USC00310576,2010-08-21,TMAX,322
USW00093719,2005-06-26,TMAX,294
USC00310576,2010-08-21,TMIN,183
USR0000NCRN,2013-07-24,TMAX,311
USC00315830,2015-01-13,TMAX,167
USR0000NCRN,2013-07-24,TMIN,233
USR0000NHOF,2009-07-18,TMAX,289
USC00314684,2007-03-11,TMAX,211
USC00310576,2014-09-23,TMIN,183
USC00310576,2014-09-23,TMAX,256
USW00093743,2011-12-21,TMAX,200
USR0000NNWB,2012-09-02,TMIN,228
USC00314689,2015-08-22,TMAX,317
USR0000NNWB,2012-09-02,TMAX,344
USC00310356,2005-05-31,TMIN,183
USC00315830,2006-12-14,TMAX,167
USC00314684,2013-09-28,TMIN,128
USW00093765,2007-10-31,TMAX,233
USC00314684,2008-07-24,TMIN,211
USC00314684,2008-07-24,TMAX,311
USW00093765,2007-10-31,TMIN,139
USW00093765,2007-02-16,TMAX,50
USC00314684,2007-03-11,TMIN,50
USW00093765,2007-02-16,TMIN,-43
USC00314684,2013-09-28,TMAX,233
USW00093743,2009-02-14,TMIN,78
USW00093719,2005-06-26,TMIN,233
USC00310356,2007-11-25,TMAX,122
USR0000NHOF,2015-01-25,TMAX,150
USC00314144,2006-05-01,TMAX,244
USC00314144,2006-05-01,TMIN,22
USW00013754,2010-08-22,TMAX,317
USC00310356,2013-03-31,TMAX,161
USC00310356,2013-03-31,TMIN,100
USW00093743,2013-03-31,TMAX,178
USR0000NNWB,2006-08-21,TMIN,228
USR0000NHOF,2009-02-14,TMAX,139
USC00314689,2006-05-09,TMIN,117
USC00310356,2015-01-25,TMIN,28
USC00314689,2006-05-09,TMAX,200
USC00310356,2015-01-25,TMAX,122
USC00316096,2009-10-29,TMIN,133
USC00316096,2009-10-29,TMAX,189
USC00310356,2006-01-10,TMAX,144
USW00093743,2013-03-31,TMIN,72
USC00310356,2007-11-25,TMIN,33
USR0000NNWB,2014-12-09,TMAX,67
USR0000NNWB,2014-12-09,TMIN,44
USW00093719,2010-05-05,TMIN,172
USW00093743,2008-11-05,TMAX,206
USR0000NNWB,2006-08-21,TMAX,317
USW00013754,2013-04-13,TMIN,89
USW00013754,2013-04-13,TMAX,211
USC00314689,2011-01-25,TMIN,-6
USC00316096,2012-06-04,TMAX,278
USR0000NHOF,2015-01-25,TMIN,-6
USC00314689,2011-01-25,TMAX,67
USW00013754,2007-07-30,TMAX,289
USW00013754,2007-07-30,TMIN,222
USC00310356,2011-12-21,TMAX,161
USW00013754,2010-08-22,TMIN,233
USR0000NHOF,2008-06-05,TMIN,239
USC00316096,2012-06-04,TMIN,178
USR0000NHOF,2008-06-05,TMAX,339
USC00310356,2011-12-21,TMIN,133
USC00310576,2006-11-10,TMIN,89
USC00315830,2005-09-17,TMIN,244
USC00315830,2005-09-17,TMAX,317
USR0000NHOF,2011-12-21,TMAX,211
USC00310576,2009-04-21,TMIN,144
USR0000NCRN,2014-01-23,TMIN,-94
USR0000NHOF,2015-09-03,TMAX,344
USC00316676,2015-09-13,TMAX,278
USR0000NNWB,2010-12-06,TMAX,50
USR0000NCRN,2007-10-22,TMIN,156
USW00093719,2013-04-13,TMAX,217
USR0000NCRN,2007-10-22,TMAX,272
USC00310576,2008-05-06,TMAX,239
USC00314684,2008-11-22,TMAX,83
USC00314684,2008-11-22,TMIN,-61
USC00310576,2010-02-28,TMAX,133
USC00316096,2011-03-01,TMIN,28
USC00310576,2009-04-21,TMAX,244
USR0000NNWB,2010-12-06,TMIN,-33
USC00310576,2008-05-06,TMIN,144
USC00310576,2011-06-05,TMAX,300
USR0000NHOF,2008-06-01,TMIN,194
USC00316676,2012-03-02,TMIN,128
USW00093743,2008-06-01,TMIN,200
USW00013754,2008-10-29,TMAX,150
USC00310576,2007-06-15,TMIN,94
USC00310576,2007-06-15,TMAX,222
USC00314684,2014-11-23,TMIN,-61
USW00013754,2008-10-29,TMIN,28
USC00314689,2010-11-12,TMAX,172
USR0000NHOF,2008-06-01,TMAX,328
USC00314684,2014-11-23,TMAX,144
USC00316676,2009-09-20,TMIN,189
USC00316676,2009-09-20,TMAX,278
USW00093743,2007-11-25,TMIN,78
USW00093765,2005-11-26,TMIN,33
USW00093743,2007-11-25,TMAX,128
USC00316096,2011-03-01,TMAX,156
USW00093719,2013-04-13,TMIN,94
USW00093765,2005-11-26,TMAX,139
USC00310576,2010-02-28,TMIN,6
USC00316676,2015-09-13,TMIN,211
USC00316676,2007-06-28,TMIN,206
USC00316676,2012-06-08,TMAX,256
USC00314689,2011-10-29,TMAX,122
USC00316096,2011-03-24,TMAX,222
USC00314689,2011-10-29,TMIN,83
USC00310356,2009-07-18,TMAX,294
USC00310356,2009-07-18,TMIN,222
USW00093719,2011-01-06,TMIN,-22
USC00316676,2005-10-10,TMIN,194
USW00093743,2011-12-21,TMIN,106
USC00314689,2008-12-31,TMAX,161
USC00314689,2008-12-31,TMIN,78
USC00315830,2006-12-14,TMIN,122
USC00310576,2006-09-13,TMAX,250
USC00310576,2006-09-13,TMIN,150
USW00093743,2009-02-14,TMAX,128
USC00310576,2006-11-10,TMAX,222
USC00314689,2015-08-22,TMIN,200
USC00316676,2005-10-10,TMAX,244
USC00315830,2005-07-23,TMAX,322
USC00315830,2005-07-23,TMIN,239
USR0000NHOF,2007-01-23,TMIN,-17
USR0000NHOF,2007-01-23,TMAX,94
USC00316676,2007-06-28,TMAX,322
USR0000NCRN,2012-07-07,TMAX,328
USR0000NCRN,2014-01-23,TMAX,44
USC00317170,2012-05-10,TMIN,150
USC00310356,2005-05-31,TMAX,211
USC00310576,2011-06-05,TMIN,117
USR0000NCRN,2012-07-07,TMIN,261
USC00314144,2010-10-01,TMAX,200
USC00314144,2010-10-01,TMIN,167
USC00310356,2009-02-14,TMAX,200
USC00310356,2009-02-14,TMIN,83
USC00316096,2011-03-24,TMIN,94
USW00093719,2011-01-06,TMAX,67
USC00317170,2012-05-10,TMAX,244
USC00316676,2012-06-08,TMIN,111
USW00093719,2009-09-09,TMIN,189
USW00093719,2009-09-09,TMAX,267
USC00314689,2010-08-02,TMAX,306
USC00314689,2010-08-02,TMIN,211
USW00093719,2014-06-28,TMAX,289
USW00093765,2010-10-24,TMAX,250
USW00093743,2013-08-09,TMIN,283
USW00093743,2013-08-09,TMAX,328
USW00093743,2013-01-02,TMAX,128
USC00310356,2013-08-09,TMIN,261
USW00093719,2014-06-28,TMIN,211
USC00310356,2010-12-18,TMAX,100
USW00093765,2005-01-09,TMAX,161
USC00314689,2007-02-23,TMIN,39
USR0000NNWB,2010-06-16,TMAX,339
USR0000NNWB,2010-06-16,TMIN,222
USW00093743,2013-01-02,TMIN,44
USC00314689,2007-02-23,TMAX,228
USC00314684,2014-11-18,TMAX,239
USC00314684,2014-11-18,TMIN,17
USC00310356,2013-08-09,TMAX,300
USC00314689,2009-01-13,TMIN,6
USC00310356,2010-12-18,TMIN,17
USW00093765,2009-06-24,TMIN,194
USW00093765,2011-04-25,TMIN,206
USW00093765,2011-04-25,TMAX,261
USW00013754,2011-04-08,TMAX,250
USC00316096,2013-11-16,TMAX,222
USW00093765,2010-10-24,TMIN,100
USC00310356,2013-01-02,TMAX,128
USC00310356,2013-01-02,TMIN,83
USW00093765,2009-06-24,TMAX,283
USC00316096,2013-11-16,TMIN,133
USW00013754,2011-09-17,TMIN,178
USW00093765,2012-09-02,TMIN,239
USW00093765,2012-09-02,TMAX,311
USC00316096,2012-05-10,TMIN,111
USC00316096,2012-05-10,TMAX,244
USW00013754,2011-04-08,TMIN,117
USR0000NCRN,2005-07-18,TMAX,333
USW00013754,2011-09-17,TMAX,206
USC00310356,2005-01-25,TMIN,-67
USW00093765,2005-01-09,TMIN,78
USC00316676,2006-07-04,TMAX,333
USC00314689,2013-01-17,TMIN,89
USC00310576,2012-10-15,TMIN,89
USR0000NHOF,2010-02-28,TMAX,106
USR0000NHOF,2010-02-28,TMIN,-39
USC00316096,2014-04-27,TMIN,133
USR0000NHOF,2010-05-16,TMIN,183
USC00316096,2014-04-27,TMAX,256
USR0000NHOF,2010-05-16,TMAX,306
USC00316676,2009-01-11,TMAX,178
USW00093719,2007-11-19,TMAX,217
USC00314689,2013-04-13,TMIN,133
USC00314689,2013-04-13,TMAX,278
USC00314684,2006-07-12,TMIN,206
USC00316676,2005-08-17,TMIN,222
USC00316676,2005-08-17,TMAX,356
USC00314684,2006-07-12,TMAX,317
USC00316676,2009-01-11,TMIN,-17
USC00314689,2009-01-13,TMAX,89
USC00316676,2005-12-07,TMIN,-39
USC00314689,2013-01-17,TMAX,122
USC00316676,2006-07-04,TMIN,206
USC00314689,2011-02-21,TMAX,261
USC00310356,2010-02-28,TMAX,100
USC00310356,2010-02-28,TMIN,11
USC00316096,2014-11-23,TMIN,39
USC00316096,2014-11-23,TMAX,200
USW00093765,2010-06-17,TMIN,244
USC00316676,2005-12-07,TMAX,56
USW00093765,2010-06-17,TMAX,344
USW00093743,2010-02-28,TMIN,0
USC00316676,2012-01-28,TMIN,11
USC00316676,2012-01-28,TMAX,222
USC00314689,2011-02-21,TMIN,89
USR0000NCRN,2008-06-01,TMAX,333
USR0000NCRN,2008-06-01,TMIN,194
USC00310576,2012-10-15,TMAX,267
USW00093743,2010-02-28,TMAX,117
USR0000NCRN,2005-07-18,TMIN,256
USC00314144,2009-07-18,TMIN,211
USC00314144,2009-07-18,TMAX,289
USC00317170,2008-12-03,TMIN,0
USC00310576,2014-02-17,TMAX,128
USC00310576,2014-02-17,TMIN,17
USC00310576,2014-06-07,TMAX,289
USC00314144,2006-03-04,TMAX,128
USR0000NNWB,2007-12-16,TMIN,33
USR0000NNWB,2007-12-16,TMAX,211
USC00314689,2015-10-18,TMAX,217
USC00314144,2006-03-04,TMIN,-33
USC00310576,2014-06-07,TMIN,161
USC00310356,2005-11-02,TMAX,239
USC00314689,2015-10-18,TMIN,39
USC00314684,2011-10-29,TMAX,122
USW00093719,2007-09-19,TMIN,183
USC00314684,2011-10-29,TMIN,83
USC00310356,2005-11-02,TMIN,156
USW00093719,2007-09-19,TMAX,267
USR0000NCRN,2012-01-19,TMAX,111
USC00314689,2008-07-24,TMAX,289
USC00316676,2005-01-18,TMIN,-61
USC00314689,2012-05-10,TMAX,267
USC00314684,2015-04-23,TMIN,106
USC00315830,2013-01-06,TMIN,22
USW00093743,2008-03-28,TMIN,150
USR0000NHOF,2014-04-21,TMAX,250
USC00315830,2013-01-06,TMAX,100
USW00093743,2008-03-28,TMAX,217
USC00314689,2008-07-24,TMIN,211
USR0000NHOF,2014-04-21,TMIN,89
USC00315830,2009-11-23,TMIN,128
USC00310576,2015-07-07,TMAX,311
USC00310576,2015-07-07,TMIN,222
USC00317170,2008-12-03,TMAX,122
USC00316676,2005-01-18,TMAX,33
USC00315830,2012-05-01,TMAX,250
USC00315830,2012-05-01,TMIN,200
USC00315830,2009-11-23,TMAX,189
USC00310356,2011-03-30,TMAX,156
USC00310576,2010-11-15,TMAX,200
USR0000NCRN,2012-01-19,TMIN,0
USR0000NCRN,2015-03-06,TMIN,-22
USC00314689,2011-07-05,TMIN,233
USR0000NCRN,2015-03-06,TMAX,33
USW00093743,2010-05-16,TMAX,267
USC00314689,2011-07-05,TMAX,344
USC00314684,2009-12-16,TMAX,161
USC00310576,2007-01-23,TMIN,50
USC00314684,2005-06-28,TMAX,328
USC00310576,2007-01-23,TMAX,83
USC00317170,2013-02-22,TMIN,17
USW00013754,2011-04-23,TMAX,267
USR0000NNWB,2010-08-22,TMIN,233
USC00314684,2009-12-16,TMIN,39
USR0000NNWB,2010-08-22,TMAX,328
USC00317170,2013-02-22,TMAX,72
USW00013754,2011-04-23,TMIN,183
USW00093743,2010-05-16,TMIN,194
USR0000NNWB,2010-05-19,TMAX,244
USR0000NNWB,2010-05-19,TMIN,161
USC00314684,2005-06-28,TMIN,228
USC00314684,2013-01-19,TMIN,-44
USC00310576,2010-11-15,TMIN,33
USC00310356,2008-03-28,TMIN,44
USC00314684,2013-01-19,TMAX,89
USC00310356,2008-03-28,TMAX,139
USC00314689,2014-04-27,TMIN,133
USR0000NCRN,2007-09-22,TMIN,217
USR0000NCRN,2007-09-22,TMAX,283
USC00310576,2010-03-06,TMIN,17
USR0000NNWB,2010-07-29,TMAX,322
USR0000NNWB,2010-07-29,TMIN,228
USC00310576,2010-03-06,TMAX,117
USC00316096,2012-10-22,TMIN,39
USC00314689,2014-04-27,TMAX,267
USC00316096,2012-10-22,TMAX,217
USC00310356,2010-05-16,TMAX,250
USC00310356,2010-05-16,TMIN,206
USC00316676,2010-01-07,TMAX,61
USW00013754,2012-09-02,TMIN,233
USC00316096,2014-09-11,TMAX,289
USR0000NHOF,2013-01-02,TMAX,111
USR0000NCRN,2009-08-17,TMAX,300
USC00316676,2007-09-08,TMAX,300
USC00314144,2006-01-10,TMAX,211
USC00310356,2005-08-15,TMAX,317
USC00314144,2006-01-10,TMIN,89
USR0000NCRN,2009-08-17,TMIN,272
USR0000NCRN,2011-01-31,TMIN,44
USW00013754,2005-05-06,TMIN,89
USC00310356,2005-08-15,TMIN,261
USC00316096,2014-06-01,TMIN,100
USR0000NHOF,2006-01-15,TMAX,89
USR0000NCRN,2009-07-18,TMAX,300
USR0000NCRN,2009-07-18,TMIN,250
USW00093719,2009-06-22,TMAX,294
USW00093719,2009-06-22,TMIN,194
USC00310356,2015-07-30,TMAX,328
USC00316096,2015-04-23,TMIN,94
USC00310356,2015-07-30,TMIN,250
USW00093719,2014-12-09,TMAX,83
USR0000NHOF,2006-01-15,TMIN,0
USC00316676,2013-07-23,TMAX,311
USC00316676,2013-07-23,TMIN,233
USW00013754,2015-07-13,TMAX,261
USW00093719,2014-12-09,TMIN,56
USC00314684,2012-06-04,TMIN,167
USR0000NHOF,2005-11-02,TMIN,6
USW00093765,2008-10-26,TMIN,117
USW00013754,2005-05-06,TMAX,128
USC00316676,2007-09-08,TMIN,167
USW00013754,2005-09-23,TMIN,200
USW00013754,2005-09-23,TMAX,311
USC00316676,2005-10-13,TMAX,206
USC00314144,2009-06-16,TMAX,228
USC00314144,2009-06-16,TMIN,183
USW00093765,2008-10-26,TMAX,217
USC00314684,2014-08-11,TMAX,272
USC00316676,2005-10-13,TMIN,156
USC00314684,2012-06-04,TMAX,272
USR0000NCRN,2011-01-31,TMAX,94
USC00316676,2007-08-08,TMIN,261
USW00013754,2007-07-13,TMAX,306
USW00093719,2011-09-03,TMAX,300
USR0000NCRN,2011-02-27,TMIN,94
USC00310576,2008-02-19,TMAX,217
USC00314684,2008-10-01,TMIN,161
USC00310576,2008-02-19,TMIN,33
USC00316096,2014-06-01,TMAX,233
USW00093719,2011-09-03,TMIN,183
USC00315830,2009-01-23,TMAX,133
USC00315830,2009-01-23,TMIN,-44
USC00315830,2012-08-28,TMIN,244
USC00317170,2013-04-13,TMIN,111
USC00317170,2013-04-13,TMAX,217
USR0000NCRN,2006-11-23,TMIN,72
USR0000NCRN,2006-11-23,TMAX,94
USR0000NCRN,2011-02-27,TMAX,178
USC00315830,2012-08-28,TMAX,294
USC00316676,2007-08-08,TMAX,350
USC00315830,2005-04-11,TMAX,211
USC00315830,2013-02-16,TMAX,139
USC00314684,2008-10-01,TMAX,261
USW00093765,2011-05-06,TMIN,111
USW00093765,2011-05-06,TMAX,233
USC00310576,2015-03-31,TMAX,156
USC00310576,2015-03-31,TMIN,6
USR0000NHOF,2010-06-10,TMIN,211
USR0000NHOF,2010-06-10,TMAX,333
USC00315830,2013-02-16,TMIN,33
USR0000NCRN,2006-03-04,TMAX,144
USC00316676,2015-05-22,TMAX,289
USW00013754,2007-07-13,TMIN,217
USC00315830,2014-05-15,TMAX,272
USR0000NCRN,2006-03-04,TMIN,0
USC00315830,2005-04-11,TMIN,33
USC00316676,2006-04-02,TMAX,267
USC00316676,2006-04-02,TMIN,128
USC00316676,2015-05-22,TMIN,156
USC00314684,2006-02-10,TMIN,-67
USW00013754,2015-07-13,TMIN,217
USC00314684,2012-05-10,TMAX,267
USW00013754,2015-09-15,TMIN,100
USW00013754,2008-04-21,TMIN,139
USC00316676,2011-08-31,TMAX,294
USC00317170,2008-08-18,TMIN,200
USC00314684,2011-05-27,TMAX,344
USW00093765,2013-02-22,TMIN,39
USW00093765,2013-02-22,TMAX,111
USC00314689,2013-11-16,TMIN,128
USC00310356,2005-01-12,TMIN,106
USC00314684,2011-05-27,TMIN,189
USC00317170,2008-08-18,TMAX,311
USW00093719,2014-02-26,TMIN,22
USW00093719,2014-02-26,TMAX,61
USC00310356,2005-01-12,TMAX,189
USC00315830,2011-02-15,TMAX,144
USC00314684,2005-03-03,TMIN,-50
USC00315830,2011-02-15,TMIN,-17
USC00316676,2011-08-31,TMIN,178
USC00316676,2007-11-01,TMAX,228
USC00314689,2013-11-16,TMAX,194
USR0000NHOF,2013-01-02,TMIN,44
USC00316676,2010-01-07,TMIN,-50
USW00093719,2007-11-19,TMIN,72
USC00317170,2007-10-02,TMAX,294
USC00317170,2007-10-02,TMIN,183
USR0000NNWB,2015-09-28,TMIN,228
USW00013754,2010-05-19,TMIN,161
USR0000NNWB,2015-09-28,TMAX,256
USW00013754,2010-05-19,TMAX,228
USR0000NNWB,2015-07-13,TMAX,261
USC00316096,2013-04-13,TMIN,78
USC00316096,2013-04-13,TMAX,206
USC00316676,2007-11-01,TMIN,94
USC00316676,2006-05-09,TMIN,117
USC00316676,2006-05-09,TMAX,150
USW00013754,2008-04-21,TMAX,206
USR0000NNWB,2015-07-13,TMIN,217
USC00314684,2005-03-03,TMAX,83
USC00316676,2013-10-31,TMAX,244
USC00316676,2013-10-31,TMIN,94
USW00013754,2005-05-10,TMAX,233
USR0000NNWB,2011-04-23,TMAX,283
USR0000NNWB,2011-04-23,TMIN,167
USC00316676,2006-03-06,TMIN,22
USC00316676,2006-03-06,TMAX,156
USR0000NHOF,2007-11-25,TMIN,67
USC00314684,2006-02-10,TMAX,100
USW00013754,2005-05-10,TMIN,111
USC00317170,2010-09-04,TMIN,200
USC00315830,2008-03-02,TMIN,50
USR0000NHOF,2008-04-23,TMIN,117
USR0000NHOF,2008-04-23,TMAX,233
USC00314684,2014-08-11,TMIN,206
USC00316096,2015-04-23,TMAX,200
USR0000NHOF,2005-11-02,TMAX,183
USC00314684,2012-05-10,TMIN,128
USC00315830,2008-03-02,TMAX,172
USC00316096,2011-07-05,TMAX,300
USC00316096,2011-07-05,TMIN,239
USC00315830,2013-09-21,TMIN,178
USR0000NHOF,2008-08-18,TMAX,283
USR0000NHOF,2008-08-18,TMIN,178
USC00317170,2010-09-04,TMAX,306
USC00314144,2008-02-27,TMIN,-6
USW00013754,2015-09-15,TMAX,267
USC00314144,2005-05-23,TMIN,156
USC00314684,2012-10-22,TMIN,28
USC00314144,2008-02-27,TMAX,128
USC00314689,2014-09-11,TMAX,300
USC00314689,2014-09-11,TMIN,200
USC00314684,2012-10-22,TMAX,200
USW00093765,2006-10-11,TMAX,233
USW00093765,2006-10-11,TMIN,172
USC00314144,2005-05-23,TMAX,294
USC00315830,2014-09-23,TMIN,200
USC00315830,2014-09-23,TMAX,283
USC00315830,2013-09-21,TMAX,272
USC00316096,2014-09-11,TMIN,200
USR0000NCRN,2005-11-04,TMAX,244
USW00013754,2012-09-02,TMAX,333
USC00315830,2011-07-02,TMAX,300
USC00310576,2008-06-01,TMIN,178
USW00013754,2013-09-21,TMAX,272
USW00093719,2013-02-16,TMIN,17
USW00093765,2009-02-04,TMIN,-10
USW00013754,2013-09-21,TMIN,178
USC00310576,2006-01-10,TMAX,172
USW00093765,2010-08-02,TMIN,217
USC00315830,2007-04-21,TMAX,228
USW00093765,2010-08-02,TMAX,306
USC00310576,2006-01-10,TMIN,50
USC00310576,2008-09-27,TMAX,267
USC00310576,2008-09-27,TMIN,178
USC00310356,2006-05-01,TMAX,233
USC00310356,2006-05-01,TMIN,72
USC00310576,2005-11-28,TMAX,217
USC00316096,2012-05-01,TMAX,256
USC00310576,2005-11-28,TMIN,139
USC00316096,2012-05-01,TMIN,206
USW00093765,2009-02-04,TMAX,56
USC00310576,2008-06-01,TMAX,311
USW00093719,2006-07-12,TMAX,322
USC00310576,2014-02-26,TMAX,183
USC00310356,2012-01-11,TMAX,122
USC00310576,2015-11-06,TMIN,167
USC00314684,2015-05-22,TMIN,133
USC00314684,2015-05-22,TMAX,311
USR0000NHOF,2012-01-20,TMAX,150
USW00093719,2013-02-16,TMAX,111
USR0000NNWB,2011-09-03,TMIN,189
USR0000NCRN,2011-01-13,TMAX,50
USR0000NCRN,2011-01-13,TMIN,-61
USC00310576,2015-11-06,TMAX,267
USR0000NNWB,2007-12-04,TMAX,89
USC00310356,2012-01-11,TMIN,78
USR0000NNWB,2007-12-04,TMIN,22
USR0000NNWB,2011-09-03,TMAX,317
USC00315830,2007-04-21,TMIN,44
USW00093719,2006-07-12,TMIN,222
USR0000NNWB,2010-10-22,TMAX,217
USC00314684,2015-08-22,TMAX,328
USC00314684,2015-12-16,TMIN,67
USC00314144,2005-07-18,TMIN,244
USC00314144,2005-07-18,TMAX,344
USC00314684,2015-12-16,TMAX,233
USW00093743,2009-08-07,TMIN,200
USW00093743,2009-08-07,TMAX,294
USC00316676,2006-04-06,TMIN,44
USW00013754,2005-02-23,TMIN,39
USC00314689,2012-05-01,TMAX,300
USC00314689,2012-05-01,TMIN,189
USC00316676,2014-11-18,TMAX,233
USC00317170,2008-07-24,TMIN,222
USC00315830,2010-02-28,TMAX,111
USC00315830,2010-02-28,TMIN,0
USC00317170,2008-07-24,TMAX,300
USC00316676,2014-11-18,TMIN,50
USC00316676,2006-04-06,TMAX,222
USC00314684,2015-08-22,TMIN,200
USW00013754,2005-02-23,TMAX,139
USC00310576,2009-07-18,TMIN,222
USR0000NCRN,2015-01-25,TMIN,-11
USR0000NCRN,2015-01-25,TMAX,117
USR0000NHOF,2006-05-01,TMAX,183
USC00316676,2005-02-11,TMIN,-11
USR0000NHOF,2006-05-01,TMIN,56
USR0000NNWB,2010-10-22,TMIN,67
USC00316676,2005-02-11,TMAX,150
USW00013754,2012-10-15,TMIN,133
USC00310576,2008-10-19,TMAX,144
USW00013754,2009-11-25,TMIN,106
USW00013754,2009-11-25,TMAX,133
USC00310356,2011-01-15,TMIN,-17
USC00310576,2008-10-19,TMIN,100
USW00093719,2013-12-21,TMIN,106
USW00013754,2012-10-15,TMAX,272
USC00310576,2009-07-18,TMAX,317
USC00310356,2011-01-15,TMAX,56
USW00013754,2009-02-23,TMIN,-21
USC00310576,2014-02-26,TMIN,22
USC00315830,2013-07-24,TMIN,250
USC00315830,2012-11-15,TMIN,78
USW00093719,2008-04-21,TMAX,211
USW00093719,2008-04-21,TMIN,128
USC00315830,2012-11-15,TMAX,150
USR0000NNWB,2013-02-22,TMIN,17
USC00314144,2008-10-30,TMIN,-33
USC00314144,2008-10-30,TMAX,139
USC00310576,2007-12-15,TMIN,78
USC00314689,2007-01-17,TMAX,128
USR0000NNWB,2007-07-30,TMIN,228
USC00310576,2014-05-18,TMIN,100
USW00093719,2009-10-13,TMAX,244
USW00093719,2009-10-13,TMIN,133
USC00310356,2007-05-29,TMIN,167
USC00310576,2014-05-18,TMAX,222
USR0000NNWB,2013-02-22,TMAX,78
USC00314689,2007-01-17,TMIN,0
USC00315830,2007-09-14,TMIN,228
USC00314689,2010-01-14,TMAX,117
USC00314689,2010-01-14,TMIN,-44
USC00316096,2011-08-04,TMAX,333
USW00093765,2005-06-28,TMIN,244
USC00314689,2007-03-10,TMAX,200
USW00093765,2005-06-28,TMAX,289
USC00314689,2007-03-10,TMIN,22
USC00316676,2011-09-28,TMAX,289
USC00314689,2006-08-05,TMIN,239
USR0000NNWB,2007-07-30,TMAX,272
USC00314689,2006-08-05,TMAX,361
USC00310576,2007-12-15,TMAX,206
USC00314684,2012-05-01,TMAX,267
USC00314684,2012-05-01,TMIN,128
USR0000NHOF,2006-07-05,TMAX,300
USR0000NHOF,2006-07-05,TMIN,200
USW00093765,2015-11-13,TMAX,206
USW00093765,2015-11-13,TMIN,117
USC00316676,2011-09-28,TMIN,194
USC00314689,2006-12-12,TMIN,-17
USR0000NNWB,2008-07-22,TMAX,372
USW00093765,2006-05-09,TMAX,200
USW00093719,2006-12-03,TMAX,144
USW00093765,2013-11-21,TMIN,111
USC00314684,2014-06-28,TMIN,211
USW00093765,2013-11-21,TMAX,183
USC00314684,2009-10-29,TMIN,117
USC00314684,2009-10-29,TMAX,278
USW00093765,2008-02-26,TMAX,200
USW00093765,2005-05-06,TMIN,94
USR0000NCRN,2010-12-18,TMAX,44
USW00093765,2008-02-26,TMIN,61
USC00310576,2010-11-20,TMIN,22
USC00310576,2010-11-20,TMAX,156
USC00314689,2010-10-08,TMIN,106
USR0000NHOF,2009-08-07,TMAX,300
USC00314689,2010-10-08,TMAX,267
USC00315830,2013-07-24,TMAX,311
USR0000NHOF,2009-08-07,TMIN,178
USW00093765,2006-05-09,TMIN,100
USW00093765,2005-05-06,TMAX,161
USR0000NCRN,2010-12-18,TMIN,6
USR0000NHOF,2012-01-20,TMIN,-11
USC00315830,2006-08-02,TMAX,322
USR0000NNWB,2008-07-22,TMIN,228
USC00314144,2009-04-09,TMAX,211
USC00314144,2009-04-09,TMIN,44
USC00316676,2007-08-21,TMIN,244
USC00316096,2013-12-30,TMIN,39
USW00093719,2013-09-28,TMAX,261
USC00316096,2013-12-30,TMAX,156
USC00314684,2014-06-28,TMAX,317
USC00316096,2010-07-03,TMAX,272
USC00316096,2010-01-14,TMIN,-61
USC00316096,2010-01-14,TMAX,106
USW00093719,2006-12-03,TMIN,56
USC00315830,2006-08-02,TMIN,300
USW00093719,2013-09-28,TMIN,156
USC00316096,2010-07-03,TMIN,122
USC00314684,2010-01-14,TMIN,-78
USC00314684,2010-01-14,TMAX,67
USW00093719,2012-03-10,TMIN,11
USR0000NNWB,2008-10-13,TMAX,272
USC00314689,2012-12-10,TMIN,167
USW00093719,2014-04-27,TMIN,139
USC00310576,2015-02-21,TMIN,-61
USW00013754,2015-12-12,TMAX,250
USC00314689,2012-12-10,TMAX,239
USW00013754,2015-12-12,TMIN,100
USR0000NNWB,2008-10-13,TMIN,139
USR0000NNWB,2006-07-12,TMIN,228
USW00093719,2014-04-27,TMAX,272
USC00310576,2009-09-18,TMAX,267
USC00315830,2008-09-13,TMAX,306
USR0000NNWB,2006-07-12,TMAX,322
USR0000NHOF,2008-12-13,TMIN,-28
USW00093743,2008-05-06,TMIN,139
USW00093743,2008-05-06,TMAX,244
USC00315830,2008-09-13,TMIN,239
USR0000NCRN,2005-01-12,TMIN,89
USR0000NNWB,2015-07-07,TMIN,233
USC00314689,2005-03-20,TMAX,183
USW00013754,2012-05-10,TMIN,117
USC00316676,2009-03-20,TMIN,44
USW00013754,2012-05-10,TMAX,250
USR0000NCRN,2010-03-06,TMIN,-22
USR0000NCRN,2010-03-06,TMAX,122
USW00013754,2010-04-06,TMAX,272
USC00316676,2009-03-20,TMAX,250
USR0000NNWB,2015-07-07,TMAX,333
USW00093719,2009-03-01,TMIN,44
USC00317170,2014-11-23,TMAX,161
USW00013754,2013-09-28,TMIN,161
USW00013754,2013-09-28,TMAX,250
USW00013754,2010-04-06,TMIN,161
USC00314684,2008-02-03,TMAX,172
USC00314684,2008-02-03,TMIN,-11
USC00314689,2005-03-20,TMIN,61
USR0000NNWB,2009-06-24,TMAX,322
USW00013754,2009-05-06,TMAX,261
USR0000NHOF,2008-12-13,TMAX,78
USC00316676,2015-08-01,TMAX,311
USC00310356,2008-05-06,TMAX,256
USR0000NCRN,2008-06-05,TMIN,244
USC00316096,2014-06-28,TMAX,294
USR0000NCRN,2008-06-05,TMAX,328
USW00093765,2014-07-13,TMAX,294
USW00093719,2008-08-16,TMAX,289
USC00315830,2012-09-02,TMIN,244
USC00310356,2008-05-06,TMIN,161
USW00013754,2013-07-24,TMAX,333
USW00093719,2008-08-16,TMIN,211
USC00316096,2014-06-28,TMIN,217
USW00013754,2011-09-03,TMIN,178
USC00314144,2010-01-08,TMAX,61
USR0000NCRN,2010-03-25,TMIN,89
USC00314144,2010-01-08,TMIN,-33
USR0000NCRN,2010-03-25,TMAX,211
USW00013754,2013-07-24,TMIN,233
USC00316676,2015-08-01,TMIN,228
USW00093765,2014-07-13,TMIN,222
USW00093719,2012-10-15,TMAX,283
USC00315830,2008-11-04,TMAX,200
USC00315830,2010-05-19,TMIN,167
USC00310576,2015-02-21,TMAX,11
USC00315830,2010-05-19,TMAX,244
USC00315830,2008-11-04,TMIN,161
USC00310576,2009-09-18,TMIN,183
USR0000NCRN,2012-11-12,TMAX,244
USW00093719,2012-10-15,TMIN,133
USC00316676,2010-10-01,TMIN,200
USR0000NNWB,2006-05-09,TMIN,117
USR0000NHOF,2014-02-26,TMIN,-11
USR0000NCRN,2012-11-12,TMIN,117
USC00314684,2015-01-04,TMIN,78
USR0000NNWB,2006-05-09,TMAX,217
USR0000NHOF,2014-02-26,TMAX,61
USC00314684,2015-01-04,TMAX,211
USR0000NCRN,2005-01-12,TMAX,228
USR0000NNWB,2009-06-24,TMIN,189
USC00317170,2014-11-23,TMIN,28
USC00310356,2012-01-20,TMAX,111
USW00093719,2012-10-22,TMAX,228
USW00093719,2006-05-09,TMIN,106
USW00093719,2006-05-09,TMAX,200
USW00093765,2007-10-12,TMAX,217
USW00093765,2007-10-12,TMIN,122
USR0000NNWB,2008-10-29,TMIN,17
USC00316676,2006-09-27,TMAX,250
USW00093719,2012-10-22,TMIN,67
USC00316676,2009-06-01,TMIN,178
USW00093765,2010-07-29,TMAX,294
USW00093765,2010-07-29,TMIN,250
USR0000NNWB,2012-05-10,TMIN,122
USR0000NNWB,2012-05-10,TMAX,250
USC00310576,2013-04-13,TMIN,144
USC00310576,2013-04-13,TMAX,267
USW00013754,2008-11-11,TMIN,17
USC00316676,2006-09-27,TMIN,128
USW00013754,2008-11-11,TMAX,144
USR0000NCRN,2009-06-16,TMIN,222
USR0000NNWB,2008-10-29,TMAX,156
USR0000NHOF,2010-09-18,TMIN,167
USW00093719,2012-03-10,TMAX,133
USW00093719,2013-12-21,TMAX,239
USR0000NHOF,2010-09-18,TMAX,289
USW00013754,2009-02-23,TMAX,72
USW00093743,2012-01-11,TMAX,167
USW00093743,2012-01-11,TMIN,56
USC00310356,2009-08-07,TMAX,294
USW00093719,2011-08-14,TMAX,333
USR0000NNWB,2012-10-15,TMIN,144
USC00310356,2009-08-07,TMIN,222
USR0000NCRN,2009-06-16,TMAX,256
USW00093719,2006-09-14,TMIN,206
USW00093719,2006-09-14,TMAX,250
USR0000NNWB,2007-06-03,TMAX,261
USR0000NNWB,2007-06-03,TMIN,200
USR0000NNWB,2012-10-15,TMAX,278
USW00093719,2011-08-14,TMIN,228
USC00316676,2009-06-01,TMAX,311
USW00013754,2009-05-06,TMIN,200
USW00013754,2013-02-22,TMIN,33
USR0000NCRN,2011-12-21,TMIN,128
USR0000NNWB,2006-11-29,TMIN,106
USW00013754,2013-02-22,TMAX,94
USR0000NHOF,2007-05-29,TMAX,317
USC00314684,2011-04-03,TMIN,11
USC00314684,2006-10-11,TMAX,272
USC00315830,2015-09-28,TMAX,261
USR0000NCRN,2011-12-21,TMAX,206
USC00314689,2007-09-15,TMIN,206
USW00093719,2009-03-01,TMAX,67
USC00314684,2006-10-11,TMIN,133
USC00310356,2012-01-20,TMIN,17
USR0000NHOF,2008-05-06,TMIN,94
USR0000NHOF,2008-05-06,TMAX,244
USR0000NHOF,2007-05-29,TMIN,122
USC00314684,2011-04-03,TMAX,183
USC00315830,2015-09-28,TMIN,217
USC00314144,2006-01-15,TMAX,200
USW00013754,2015-07-07,TMIN,217
USW00093743,2012-01-20,TMIN,11
USW00093743,2012-01-20,TMAX,167
USC00314684,2010-12-11,TMAX,94
USC00314684,2010-12-11,TMIN,-67
USR0000NCRN,2007-04-19,TMAX,167
USR0000NCRN,2007-04-19,TMIN,56
USC00316096,2010-10-08,TMIN,111
USC00316096,2010-10-08,TMAX,244
USC00316676,2010-06-07,TMAX,344
USC00316676,2010-06-07,TMIN,211
USW00013754,2005-09-17,TMAX,322
USW00013754,2005-09-17,TMIN,239
USC00316096,2011-12-29,TMAX,133
USC00316096,2011-12-29,TMIN,-28
USW00013754,2015-07-07,TMAX,322
USC00314144,2006-01-15,TMIN,-6
USR0000NNWB,2006-11-29,TMAX,250
USC00315830,2007-09-14,TMAX,289
USC00310356,2007-05-29,TMAX,256
USC00315830,2015-01-22,TMIN,50
USR0000NCRN,2014-09-23,TMAX,206
USC00316676,2014-01-18,TMIN,6
USC00316676,2007-05-11,TMAX,278
USW00013754,2005-06-19,TMAX,267
USW00013754,2005-06-19,TMIN,189
USC00310356,2007-11-13,TMIN,39
USR0000NHOF,2010-03-25,TMIN,50
USW00013754,2014-12-09,TMIN,50
USW00093719,2013-02-22,TMAX,89
USW00013754,2014-12-09,TMAX,78
USC00317170,2014-08-11,TMIN,206
USC00316676,2011-12-03,TMAX,172
USC00317170,2014-08-11,TMAX,300
USC00316676,2011-12-03,TMIN,-17
USC00310356,2006-08-29,TMAX,272
USR0000NHOF,2010-03-06,TMIN,-39
USC00310356,2006-08-29,TMIN,194
USR0000NHOF,2010-03-25,TMAX,222
USR0000NHOF,2010-03-06,TMAX,122
USC00310356,2007-11-13,TMAX,217
USC00314689,2012-06-04,TMIN,183
USC00315830,2009-12-02,TMAX,194
USC00310576,2009-02-20,TMIN,6
USC00316676,2011-04-02,TMIN,22
USC00316676,2015-05-15,TMAX,222
USC00316096,2015-08-22,TMIN,211
USC00316096,2015-08-22,TMAX,306
USC00317170,2013-09-28,TMIN,133
USW00093719,2013-02-22,TMIN,28
USC00317170,2013-09-28,TMAX,250
USC00315830,2014-02-26,TMIN,33
USC00315830,2014-02-26,TMAX,172
USC00314689,2012-06-04,TMAX,267
USW00013754,2008-07-22,TMAX,333
USC00310576,2009-02-20,TMAX,189
USW00013754,2008-07-22,TMIN,211
USC00316676,2007-05-11,TMIN,156
USC00316676,2015-05-15,TMIN,111
USC00315830,2009-12-02,TMIN,56
USC00310356,2006-03-04,TMAX,167
USR0000NHOF,2015-01-07,TMAX,61
USC00314684,2007-06-13,TMAX,300
USC00314684,2006-05-09,TMAX,144
USC00314684,2007-06-13,TMIN,172
USC00316676,2009-09-03,TMIN,183
USC00315830,2012-07-25,TMAX,317
USC00315830,2012-07-25,TMIN,228
USR0000NCRN,2006-07-05,TMAX,300
USC00314684,2006-05-09,TMIN,111
USR0000NCRN,2006-07-05,TMIN,244
USC00310356,2008-11-05,TMIN,167
USR0000NNWB,2009-11-25,TMAX,133
USC00314684,2006-02-15,TMIN,11
USW00013754,2009-09-03,TMIN,206
USW00093743,2010-03-25,TMIN,94
USW00093743,2010-03-25,TMAX,211
USC00314689,2007-05-26,TMIN,150
USW00013754,2009-09-03,TMAX,272
USW00013754,2009-10-13,TMAX,239
USR0000NNWB,2009-11-25,TMIN,100
USC00316096,2013-12-18,TMIN,-28
USC00310356,2006-03-04,TMIN,6
USW00093765,2012-05-01,TMAX,261
USW00093765,2012-05-01,TMIN,206
USW00013754,2009-10-13,TMIN,139
USW00013754,2011-05-28,TMIN,194
USW00013754,2011-05-28,TMAX,306
USW00093719,2005-02-10,TMAX,144
USC00310576,2005-05-21,TMIN,128
USC00314684,2008-09-10,TMAX,311
USR0000NHOF,2015-01-07,TMIN,-44
USC00314684,2008-09-10,TMIN,206
USW00093719,2005-02-10,TMIN,28
USC00314684,2006-02-15,TMAX,133
USR0000NCRN,2006-05-01,TMAX,183
USR0000NCRN,2006-05-01,TMIN,72
USC00316096,2013-12-18,TMAX,122
USC00310576,2005-05-21,TMAX,211
USC00314689,2007-03-19,TMIN,-28
USC00314689,2007-03-19,TMAX,167
USC00316676,2011-04-02,TMAX,133
USC00314144,2006-07-05,TMAX,333
USC00314144,2006-07-05,TMIN,194
USC00315830,2015-07-07,TMAX,300
USC00310576,2013-01-02,TMAX,139
USC00310576,2015-03-04,TMAX,183
USW00093719,2012-01-26,TMAX,233
USC00310576,2013-01-02,TMIN,94
USC00317170,2008-02-03,TMIN,44
USC00315830,2015-07-07,TMIN,256
USW00093719,2012-01-26,TMIN,28
USR0000NHOF,2006-01-10,TMIN,50
USW00093743,2008-06-05,TMIN,244
USW00093765,2006-07-12,TMIN,250
USW00093765,2006-07-12,TMAX,294
USW00093743,2008-06-05,TMAX,289
USC00315830,2014-08-06,TMAX,300
USR0000NHOF,2006-01-10,TMAX,200
USC00315830,2014-08-06,TMIN,206
USC00317170,2008-02-03,TMAX,200
USC00314684,2007-01-17,TMIN,17
USC00314684,2013-11-21,TMIN,33
USC00314684,2013-11-21,TMAX,133
USR0000NHOF,2013-03-31,TMAX,200
USC00315830,2005-08-06,TMAX,311
USC00315830,2005-08-06,TMIN,239
USR0000NHOF,2013-03-31,TMIN,56
USC00315830,2011-07-02,TMIN,222
USC00316676,2009-07-22,TMAX,294
USC00314689,2013-12-30,TMIN,6
USC00314684,2010-08-02,TMAX,267
USR0000NHOF,2009-02-14,TMIN,39
USC00314689,2013-12-30,TMAX,117
USC00316676,2009-07-22,TMIN,194
USC00315830,2015-02-17,TMAX,17
USC00314684,2007-01-17,TMAX,178
USC00315830,2015-02-17,TMIN,-50
USC00314684,2010-08-02,TMIN,189
USR0000NNWB,2008-10-31,TMAX,200
USC00314144,2011-05-21,TMIN,156
USC00314144,2011-05-21,TMAX,306
USC00314689,2008-08-06,TMIN,244
USC00314144,2007-08-31,TMAX,306
USC00310356,2008-06-05,TMAX,267
USC00315830,2012-10-15,TMAX,267
USC00315830,2012-10-15,TMIN,156
USR0000NCRN,2010-05-07,TMAX,294
USW00093765,2006-03-15,TMIN,67
USC00314689,2008-08-06,TMAX,356
USW00093765,2006-03-15,TMAX,156
USW00093719,2005-05-06,TMIN,83
USC00317170,2012-10-22,TMIN,61
USC00317170,2012-10-22,TMAX,217
USR0000NCRN,2007-10-20,TMAX,283
USC00310576,2010-04-14,TMAX,261
USR0000NCRN,2007-10-20,TMIN,122
USC00316676,2014-01-18,TMAX,150
USW00093719,2005-05-06,TMAX,122
USC00314144,2007-08-31,TMIN,172
USR0000NCRN,2010-05-07,TMIN,178
USC00310356,2008-06-05,TMIN,233
USW00093719,2011-04-23,TMAX,283
USC00310576,2015-03-04,TMIN,44
USR0000NNWB,2008-10-31,TMIN,-17
USC00314689,2010-07-03,TMIN,144
USC00314689,2010-07-03,TMAX,272
USW00093719,2011-04-23,TMIN,161
USC00315830,2007-05-19,TMAX,200
USW00093765,2012-05-10,TMIN,172
USC00310576,2010-04-14,TMIN,106
USW00093765,2012-05-10,TMAX,256
USC00317170,2014-06-28,TMAX,272
USC00310356,2013-07-24,TMAX,278
USC00310356,2013-07-24,TMIN,244
USW00093743,2013-07-24,TMAX,317
USW00093743,2013-07-24,TMIN,244
USC00317170,2014-06-28,TMIN,200
USC00315830,2007-05-19,TMIN,106
USR0000NCRN,2009-05-28,TMAX,267
USC00310356,2006-01-10,TMIN,50
USR0000NCRN,2009-05-28,TMIN,233
USC00310576,2010-09-27,TMIN,217
USR0000NNWB,2013-02-16,TMIN,6
USC00317170,2013-01-19,TMAX,156
USC00315830,2014-04-21,TMAX,194
USW00093719,2009-03-04,TMIN,-89
USR0000NHOF,2005-05-31,TMAX,244
USC00314689,2008-05-02,TMAX,272
USR0000NHOF,2005-05-31,TMIN,144
USR0000NNWB,2013-02-16,TMAX,106
USC00315830,2010-10-31,TMIN,156
USR0000NCRN,2010-11-19,TMIN,17
USC00314684,2005-01-09,TMAX,244
USC00314684,2005-01-09,TMIN,61
USC00316096,2015-12-16,TMIN,56
USC00316096,2015-12-16,TMAX,206
USC00314689,2008-05-02,TMIN,150
USC00315830,2014-02-17,TMAX,100
USC00315830,2014-04-21,TMIN,100
USC00317170,2013-11-21,TMIN,83
USC00314689,2015-05-22,TMAX,183
USC00317170,2013-01-19,TMIN,-17
USC00314689,2007-06-08,TMAX,344
USW00093719,2011-01-03,TMAX,94
USC00315830,2005-12-11,TMIN,56
USC00315830,2005-12-11,TMAX,139
USC00316676,2009-12-19,TMAX,128
USC00314689,2007-06-08,TMIN,233
USW00093765,2007-07-12,TMAX,294
USC00316676,2013-08-08,TMAX,294
USW00093765,2007-07-12,TMIN,239
USR0000NCRN,2010-11-19,TMAX,144
USC00315830,2013-04-13,TMIN,139
USC00315830,2013-04-13,TMAX,228
USC00315830,2009-08-31,TMAX,300
USC00315830,2009-08-31,TMIN,233
USC00314684,2011-07-05,TMIN,222
USC00316676,2013-08-08,TMIN,194
USW00093719,2009-03-04,TMAX,78
USW00093719,2011-01-03,TMIN,-39
USC00315830,2014-02-17,TMIN,17
USC00316676,2012-01-02,TMIN,11
USC00315830,2015-01-22,TMAX,150
USW00093765,2014-04-27,TMIN,167
USW00013754,2010-10-22,TMIN,78
USC00316676,2007-08-19,TMAX,317
USW00093765,2014-04-27,TMAX,233
USC00316096,2015-05-22,TMIN,111
USC00310356,2006-07-05,TMAX,300
USC00310576,2013-03-31,TMIN,50
USC00310356,2006-07-05,TMIN,206
USR0000NNWB,2008-11-11,TMIN,0
USR0000NHOF,2007-11-13,TMAX,228
USR0000NNWB,2008-11-11,TMAX,156
USR0000NHOF,2007-11-13,TMIN,61
USC00317170,2010-08-02,TMIN,233
USC00317170,2010-08-02,TMAX,317
USR0000NCRN,2014-09-23,TMIN,167
USC00316096,2015-05-22,TMAX,233
USC00317170,2013-11-21,TMAX,178
USC00310576,2013-03-31,TMAX,194
USW00093719,2012-05-10,TMIN,122
USC00314684,2011-07-05,TMAX,356
USC00316676,2007-08-19,TMIN,206
USR0000NCRN,2006-01-15,TMAX,100
USC00316676,2007-07-18,TMAX,333
USW00093765,2014-08-11,TMIN,228
USW00093765,2014-08-11,TMAX,294
USC00310576,2007-05-09,TMAX,222
USW00093719,2012-05-10,TMAX,250
USC00310576,2007-05-09,TMIN,139
USC00316676,2009-04-11,TMAX,283
USC00314689,2009-02-24,TMAX,72
USC00316676,2007-08-21,TMAX,350
USW00013754,2010-10-22,TMAX,206
USC00314689,2009-02-24,TMIN,-56
USC00316676,2007-07-18,TMIN,228
USC00315830,2010-10-31,TMAX,233
USC00316676,2009-04-11,TMIN,150
USC00316676,2009-12-19,TMIN,17
USC00310356,2015-09-03,TMAX,294
USC00316676,2012-01-02,TMAX,211
USW00093743,2007-11-13,TMAX,194
USW00093743,2007-11-13,TMIN,100
USR0000NHOF,2014-09-23,TMIN,150
USR0000NHOF,2014-09-23,TMAX,189
USC00316676,2006-10-15,TMIN,33
USC00317170,2014-04-27,TMIN,128
USW00093765,2012-10-22,TMIN,78
USC00315830,2011-11-03,TMAX,194
USC00316676,2006-10-15,TMAX,178
USR0000NNWB,2009-10-13,TMAX,250
USR0000NHOF,2006-03-04,TMAX,122
USR0000NCRN,2007-01-23,TMIN,72
USR0000NCRN,2007-01-23,TMAX,106
USR0000NNWB,2009-10-13,TMIN,133
USC00317170,2014-04-27,TMAX,261
USR0000NHOF,2006-03-04,TMIN,-56
USW00093765,2012-10-22,TMAX,217
USC00310356,2014-09-23,TMIN,194
USC00315830,2011-11-03,TMIN,44
USR0000NCRN,2008-02-06,TMIN,150
USC00310576,2010-09-27,TMAX,306
USW00093743,2010-03-06,TMAX,139
USC00314689,2007-05-26,TMAX,294
USW00093765,2013-09-28,TMIN,172
USW00093765,2013-09-28,TMAX,250
USC00310576,2012-03-21,TMIN,128
USC00310576,2012-03-21,TMAX,261
USR0000NCRN,2008-02-06,TMAX,350
USC00317170,2009-01-23,TMIN,17
USC00310356,2008-11-05,TMAX,222
USC00314689,2013-12-18,TMAX,211
USC00314689,2013-12-18,TMIN,33
USC00310356,2010-03-25,TMIN,106
USC00310576,2008-03-08,TMIN,117
USC00310356,2010-03-25,TMAX,200
USC00310576,2008-03-08,TMAX,222
USR0000NCRN,2007-10-01,TMIN,194
USC00310356,2010-03-06,TMIN,17
USC00310356,2010-03-06,TMAX,100
USR0000NHOF,2014-07-02,TMIN,228
USC00314689,2015-12-16,TMIN,78
USC00314689,2015-12-16,TMAX,239
USR0000NCRN,2011-05-02,TMIN,94
USR0000NCRN,2011-05-02,TMAX,233
USC00310356,2014-07-02,TMIN,250
USC00316096,2011-08-04,TMIN,250
USW00013754,2013-02-16,TMAX,100
USR0000NHOF,2006-08-29,TMIN,244
USW00013754,2013-02-16,TMIN,17
USC00316676,2014-09-11,TMAX,278
USC00316676,2014-09-11,TMIN,194
USC00315830,2013-12-29,TMIN,94
USC00314684,2007-03-04,TMIN,28
USC00315830,2011-07-16,TMIN,217
USC00315830,2011-07-16,TMAX,306
USC00314684,2007-03-04,TMAX,206
USC00310356,2014-07-02,TMAX,289
USC00317170,2009-01-23,TMAX,172
USW00093743,2014-07-02,TMAX,306
USW00093743,2014-07-02,TMIN,267
USC00310356,2014-09-23,TMAX,261
USC00316676,2009-09-03,TMAX,239
USR0000NCRN,2007-10-01,TMAX,267
USR0000NHOF,2014-07-02,TMAX,333
USC00317170,2012-05-01,TMAX,283
USC00317170,2012-05-01,TMIN,178
USW00093719,2009-06-24,TMIN,183
USW00093719,2009-06-24,TMAX,317
USC00310576,2013-07-24,TMAX,311
USC00314144,2009-01-30,TMAX,111
USC00314144,2009-01-30,TMIN,-44
USC00317170,2007-05-20,TMIN,111
USC00310576,2013-07-24,TMIN,228
USC00317170,2007-05-20,TMAX,278
USR0000NHOF,2006-08-29,TMAX,328
USC00315830,2013-12-29,TMAX,189
USC00310356,2015-09-03,TMIN,211
USW00093743,2010-03-06,TMIN,0
USW00093765,2008-05-06,TMIN,139
USW00093743,2012-09-01,TMIN,244
USR0000NHOF,2013-04-02,TMAX,167
USR0000NHOF,2009-03-19,TMIN,28
USW00093765,2014-04-24,TMAX,189
USW00093765,2014-04-24,TMIN,100
USC00314689,2005-10-11,TMAX,217
USC00310576,2006-08-30,TMIN,239
USC00314689,2005-10-11,TMIN,194
USC00315830,2010-03-03,TMAX,117
USR0000NNWB,2010-09-14,TMAX,339
USC00315830,2010-03-03,TMIN,11
USC00310576,2006-08-30,TMAX,328
USW00093765,2014-02-21,TMIN,133
USW00093765,2014-02-21,TMAX,211
USW00093719,2007-01-01,TMAX,228
USR0000NNWB,2010-11-15,TMAX,233
USC00317170,2008-06-30,TMIN,244
USW00093719,2007-01-01,TMIN,128
USC00310356,2010-07-03,TMAX,300
USC00316096,2010-05-17,TMIN,194
USW00093743,2013-01-05,TMAX,106
USW00093719,2012-02-12,TMAX,44
USW00093719,2006-05-03,TMIN,128
USW00093719,2012-02-12,TMIN,-44
USC00314689,2007-05-19,TMIN,94
USR0000NNWB,2010-09-14,TMIN,161
USC00310356,2010-11-07,TMIN,44
USC00310576,2010-01-11,TMIN,-50
USC00310576,2010-01-11,TMAX,56
USR0000NHOF,2009-03-19,TMAX,233
USC00317170,2012-02-17,TMAX,172
USW00093719,2005-06-27,TMIN,228
USW00093743,2013-01-05,TMIN,-27
USC00317170,2012-02-17,TMIN,61
USC00317170,2009-07-20,TMAX,272
USC00317170,2011-04-24,TMIN,183
USC00317170,2009-07-20,TMIN,217
USW00093719,2005-06-27,TMAX,311
USC00317170,2011-04-24,TMAX,306
USW00093719,2006-05-03,TMAX,261
USR0000NNWB,2010-11-15,TMIN,28
USC00314144,2005-08-07,TMAX,311
USW00093719,2005-12-09,TMAX,167
USC00310356,2013-01-05,TMIN,6
USC00310356,2013-01-05,TMAX,106
USC00317170,2007-09-21,TMAX,272
USC00314684,2011-02-04,TMIN,6
USC00315830,2013-01-04,TMIN,-11
USC00317170,2007-09-17,TMAX,267
USW00093719,2005-12-09,TMIN,17
USC00314144,2010-12-12,TMAX,133
USC00317170,2007-09-21,TMIN,217
USC00314684,2011-02-04,TMAX,78
USC00317170,2015-09-26,TMIN,200
USC00317170,2015-09-26,TMAX,222
USC00314144,2009-04-11,TMIN,100
USC00314144,2009-04-11,TMAX,233
USC00310356,2014-09-15,TMAX,261
USC00314144,2010-06-17,TMIN,178
USC00316096,2010-05-17,TMAX,244
USC00315830,2013-01-04,TMAX,122
USC00314144,2008-02-22,TMAX,89
USC00317170,2008-06-30,TMAX,328
USC00310356,2010-07-03,TMIN,183
USW00013754,2009-10-15,TMAX,172
USW00013754,2009-10-15,TMIN,133
USW00093765,2009-03-19,TMIN,61
USW00093765,2009-03-19,TMAX,189
USW00093719,2009-01-23,TMIN,6
USC00317170,2012-08-13,TMAX,328
USC00314144,2005-08-07,TMIN,206
USC00314689,2010-03-23,TMAX,172
USC00310576,2011-08-09,TMIN,233
USC00310576,2011-08-09,TMAX,356
USR0000NNWB,2009-04-10,TMAX,278
USR0000NNWB,2009-04-10,TMIN,94
USC00314144,2008-02-22,TMIN,11
USC00317170,2012-08-13,TMIN,206
USC00314689,2010-03-23,TMIN,56
USC00310356,2014-09-15,TMIN,200
USW00093765,2011-05-01,TMAX,222
USW00093719,2005-09-20,TMIN,211
USW00093719,2010-07-31,TMAX,283
USR0000NNWB,2007-11-04,TMAX,200
USR0000NCRN,2009-02-05,TMIN,-94
USR0000NCRN,2009-02-05,TMAX,11
USC00310576,2008-02-13,TMIN,11
USC00317170,2013-02-19,TMIN,0
USC00310356,2014-08-09,TMAX,306
USW00093719,2010-07-31,TMIN,206
USC00310356,2014-08-09,TMIN,233
USC00316676,2005-08-15,TMAX,339
USW00013754,2008-03-07,TMIN,100
USW00013754,2008-03-07,TMAX,211
USW00093719,2015-07-10,TMIN,250
USC00316676,2009-02-14,TMAX,217
USC00316676,2005-08-15,TMIN,233
USC00314684,2008-09-02,TMIN,139
USW00093719,2015-07-10,TMAX,361
USC00317170,2007-11-19,TMAX,200
USW00093765,2005-05-08,TMIN,133
USR0000NNWB,2013-04-06,TMAX,178
USC00317170,2009-03-19,TMAX,244
USR0000NNWB,2007-11-04,TMIN,22
USW00093765,2009-07-20,TMAX,278
USW00093765,2009-07-20,TMIN,206
USW00093743,2009-03-19,TMAX,200
USW00013754,2009-11-24,TMAX,161
USW00013754,2009-11-24,TMIN,128
USW00093765,2005-05-08,TMAX,233
USC00310356,2006-01-30,TMIN,89
USW00093765,2011-09-29,TMIN,233
USC00310356,2006-01-30,TMAX,150
USW00013754,2008-04-03,TMAX,189
USC00317170,2013-02-19,TMAX,156
USW00093743,2009-03-19,TMIN,61
USC00310576,2008-02-13,TMAX,200
USR0000NNWB,2013-04-06,TMIN,33
USW00013754,2008-04-03,TMIN,94
USW00013754,2014-12-25,TMAX,211
USC00317170,2007-11-19,TMIN,56
USR0000NCRN,2006-03-06,TMIN,50
USR0000NCRN,2013-11-02,TMIN,144
USW00013754,2014-06-30,TMIN,178
USR0000NHOF,2014-08-09,TMAX,267
USR0000NHOF,2014-08-09,TMIN,206
USC00316096,2012-06-06,TMIN,128
USW00093765,2011-05-01,TMIN,139
USR0000NHOF,2013-01-05,TMAX,106
USR0000NCRN,2013-11-02,TMAX,217
USC00317170,2014-02-21,TMIN,156
USC00316096,2012-06-06,TMAX,233
USW00013754,2014-12-25,TMIN,44
USC00316096,2015-09-14,TMIN,100
USC00316676,2005-12-08,TMAX,111
USC00310356,2010-11-07,TMAX,156
USC00316676,2005-12-08,TMIN,-11
USW00093719,2005-09-20,TMAX,317
USC00317170,2014-02-21,TMAX,244
USW00013754,2015-12-14,TMIN,122
USC00315830,2007-10-05,TMAX,283
USW00013754,2014-06-30,TMAX,306
USR0000NCRN,2006-03-06,TMAX,139
USC00316676,2009-02-14,TMIN,28
USW00013754,2015-12-14,TMAX,244
USW00013754,2013-04-06,TMIN,39
USC00314689,2015-07-11,TMIN,222
USC00316096,2015-09-14,TMAX,250
USC00314689,2015-07-11,TMAX,367
USC00315830,2007-10-05,TMIN,233
USW00013754,2013-04-06,TMAX,156
USW00013754,2009-04-10,TMAX,250
USW00013754,2009-04-10,TMIN,83
USC00315830,2008-01-04,TMIN,-72
USC00314684,2008-09-02,TMAX,317
USC00314689,2010-05-17,TMIN,189
USC00314689,2010-05-17,TMAX,306
USR0000NHOF,2013-01-05,TMIN,-33
USC00315830,2008-01-04,TMAX,61
USC00317170,2012-01-27,TMIN,100
USC00310356,2011-07-04,TMAX,300
USC00317170,2012-01-27,TMAX,211
USC00310576,2012-10-19,TMIN,111
USW00093719,2013-09-23,TMAX,233
USR0000NHOF,2010-08-22,TMIN,233
USC00310576,2007-03-01,TMIN,44
USR0000NHOF,2011-12-20,TMIN,50
USW00093719,2012-10-20,TMAX,250
USR0000NHOF,2010-08-22,TMAX,317
USC00310576,2012-10-19,TMAX,244
USW00093719,2013-09-23,TMIN,139
USC00317170,2012-01-19,TMIN,-11
USW00013754,2013-11-02,TMIN,144
USC00317170,2007-05-10,TMAX,278
USC00317170,2007-05-10,TMIN,161
USC00316676,2013-09-24,TMIN,100
USC00310576,2014-11-22,TMAX,122
USW00013754,2013-11-02,TMAX,228
USC00317170,2012-01-19,TMAX,111
USC00316676,2014-02-19,TMAX,194
USC00310356,2015-05-19,TMAX,256
USR0000NNWB,2009-10-15,TMIN,117
USR0000NNWB,2009-07-21,TMIN,200
USC00310356,2013-11-19,TMAX,211
USR0000NNWB,2014-06-30,TMAX,328
USR0000NNWB,2014-06-30,TMIN,172
USR0000NNWB,2009-07-21,TMAX,311
USC00310576,2006-09-29,TMAX,222
USW00093719,2009-01-23,TMAX,167
USC00310356,2015-05-19,TMIN,211
USC00310356,2014-08-10,TMIN,211
USC00310356,2014-08-10,TMAX,272
USR0000NHOF,2015-05-19,TMIN,189
USR0000NHOF,2015-05-19,TMAX,339
USC00314684,2009-12-01,TMAX,206
USC00314684,2009-12-01,TMIN,-6
USR0000NNWB,2009-10-15,TMAX,161
USC00310576,2014-11-22,TMIN,-17
USW00093719,2012-10-20,TMIN,94
USR0000NHOF,2007-04-06,TMAX,139
USC00316676,2014-02-19,TMIN,44
USW00093765,2006-10-13,TMAX,222
USC00315830,2005-11-15,TMIN,150
USW00093765,2005-09-20,TMAX,283
USC00316676,2007-03-07,TMAX,122
USW00093765,2005-09-20,TMIN,211
USC00316676,2007-03-07,TMIN,6
USC00316096,2015-08-21,TMIN,233
USC00316096,2015-08-21,TMAX,322
USW00093765,2015-09-26,TMAX,239
USW00093719,2014-02-21,TMIN,139
USR0000NHOF,2010-07-03,TMAX,272
USW00093765,2010-11-19,TMIN,33
USR0000NHOF,2010-07-03,TMIN,106
USW00013754,2007-02-17,TMAX,94
USW00013754,2007-02-17,TMIN,-82
USW00013754,2012-12-01,TMAX,189
USR0000NCRN,2014-01-21,TMAX,150
USC00315830,2005-11-15,TMAX,233
USW00093765,2006-10-13,TMIN,122
USC00316676,2013-09-24,TMAX,222
USC00314689,2015-04-01,TMIN,94
USC00310576,2014-06-08,TMIN,128
USC00310576,2014-06-08,TMAX,283
USC00314684,2012-06-06,TMIN,117
USC00317170,2010-05-06,TMIN,161
USC00317170,2010-05-06,TMAX,328
USW00093719,2013-08-01,TMAX,294
USW00093719,2013-08-01,TMIN,222
USW00093765,2015-09-26,TMIN,211
USC00314684,2012-06-06,TMAX,233
USC00310576,2010-03-23,TMAX,194
USC00315830,2012-05-06,TMAX,283
USC00315830,2012-05-06,TMIN,194
USC00310576,2013-11-18,TMAX,250
USC00310576,2013-11-18,TMIN,156
USW00093743,2010-11-07,TMAX,128
USR0000NHOF,2011-12-20,TMAX,206
USC00310576,2007-03-01,TMAX,156
USR0000NNWB,2009-11-24,TMIN,122
USR0000NNWB,2009-11-24,TMAX,161
USC00310576,2006-09-29,TMIN,133
USW00093743,2011-07-04,TMIN,250
USC00315830,2011-04-09,TMAX,211
USC00314689,2006-11-29,TMAX,239
USC00314689,2006-11-29,TMIN,117
USC00314144,2010-11-28,TMIN,-33
USC00310356,2015-08-15,TMAX,311
USC00314689,2006-01-12,TMAX,217
USC00315830,2011-04-09,TMIN,117
USC00314689,2006-01-12,TMIN,89
USR0000NCRN,2015-10-20,TMAX,217
USC00317170,2009-08-05,TMIN,228
USC00310356,2015-08-15,TMIN,211
USR0000NCRN,2015-10-20,TMIN,28
USR0000NHOF,2014-08-10,TMIN,211
USC00314144,2009-08-06,TMIN,200
USC00317170,2014-04-24,TMAX,217
USC00317170,2009-08-05,TMAX,333
USC00317170,2014-04-24,TMIN,61
USW00093743,2011-07-04,TMAX,300
USW00013754,2013-08-01,TMIN,206
USC00314144,2010-06-17,TMAX,350
USC00316096,2015-07-11,TMIN,211
USC00310356,2011-07-04,TMIN,256
USR0000NNWB,2009-06-23,TMIN,194
USR0000NNWB,2009-06-23,TMAX,272
USC00315830,2013-08-04,TMIN,239
USR0000NHOF,2006-05-05,TMIN,100
USC00314144,2010-06-09,TMIN,156
USC00316096,2015-07-11,TMAX,322
USC00315830,2013-08-04,TMAX,311
USR0000NHOF,2014-09-15,TMAX,278
USR0000NHOF,2014-09-15,TMIN,183
USC00314144,2010-06-09,TMAX,289
USC00310576,2014-09-17,TMIN,200
USC00310576,2014-09-17,TMAX,306
USW00013754,2013-08-01,TMAX,278
USR0000NHOF,2006-05-05,TMAX,256
USC00314144,2009-08-06,TMAX,300
USC00315830,2007-08-07,TMAX,317
USC00314144,2010-11-28,TMAX,122
USW00093765,2015-07-10,TMAX,328
USW00093765,2015-07-10,TMIN,256
USR0000NNWB,2010-07-31,TMIN,200
USR0000NNWB,2010-07-31,TMAX,283
USR0000NCRN,2006-08-22,TMIN,228
USC00317170,2008-11-10,TMIN,44
USC00317170,2008-11-10,TMAX,172
USW00093743,2013-11-19,TMIN,61
USW00093743,2013-11-19,TMAX,161
USR0000NHOF,2011-07-04,TMIN,217
USC00314689,2015-08-21,TMAX,317
USC00317170,2007-09-17,TMIN,128
USC00314144,2006-07-09,TMAX,300
USC00314144,2006-07-09,TMIN,144
USC00310356,2013-11-19,TMIN,100
USR0000NHOF,2007-04-06,TMIN,-33
USR0000NHOF,2011-07-04,TMAX,322
USR0000NHOF,2011-07-27,TMAX,328
USR0000NCRN,2006-08-22,TMAX,300
USW00093719,2006-03-05,TMIN,6
USC00310356,2006-05-05,TMIN,178
USC00310356,2006-05-05,TMAX,239
USW00013754,2011-01-25,TMIN,28
USC00315830,2005-10-27,TMAX,189
USC00315830,2005-10-27,TMIN,72
USR0000NHOF,2014-08-10,TMAX,300
USW00013754,2011-01-25,TMAX,100
USC00315830,2010-07-03,TMIN,156
USC00315830,2010-07-03,TMAX,272
USC00315830,2007-08-07,TMIN,267
USC00315830,2008-05-04,TMIN,178
USC00315830,2008-05-04,TMAX,244
USW00093743,2010-07-03,TMAX,283
USW00093743,2010-07-03,TMIN,161
USC00314689,2015-08-21,TMIN,222
USW00093719,2006-03-05,TMAX,144
USR0000NHOF,2011-07-27,TMIN,233
USC00317170,2009-03-19,TMIN,72
USR0000NCRN,2014-01-21,TMIN,-11
USW00093765,2011-09-29,TMAX,278
USC00316096,2010-04-24,TMAX,239
USW00013754,2005-04-09,TMAX,178
USC00310356,2009-06-23,TMIN,206
USC00310576,2013-08-01,TMAX,294
USC00310576,2013-08-01,TMIN,206
USW00093719,2009-06-01,TMIN,178
USR0000NCRN,2009-01-29,TMAX,111
USW00093765,2007-08-10,TMIN,233
USW00013754,2008-12-20,TMAX,217
USW00093765,2012-02-29,TMIN,89
USR0000NCRN,2012-10-19,TMAX,261
USC00314684,2015-01-23,TMIN,-11
USR0000NNWB,2008-03-07,TMIN,94
USC00317170,2013-04-06,TMIN,28
USR0000NNWB,2008-03-07,TMAX,217
USC00317170,2007-11-29,TMAX,183
USR0000NCRN,2012-10-19,TMIN,156
USR0000NNWB,2015-07-31,TMAX,333
USC00317170,2013-04-06,TMAX,167
USW00093719,2008-06-16,TMIN,206
USW00093719,2009-06-01,TMAX,289
USW00013754,2013-08-04,TMAX,306
USW00093765,2005-12-09,TMIN,28
USC00315830,2010-07-17,TMAX,306
USW00093765,2005-12-09,TMAX,172
USC00315830,2010-07-17,TMIN,256
USR0000NNWB,2006-03-05,TMAX,150
USW00093743,2009-03-11,TMIN,89
USW00093719,2008-06-16,TMAX,333
USC00310356,2009-06-23,TMAX,300
USR0000NNWB,2015-07-31,TMIN,239
USW00093743,2009-03-11,TMAX,200
USR0000NNWB,2006-03-05,TMIN,-17
USW00013754,2005-04-09,TMIN,94
USW00093719,2006-12-13,TMAX,206
USW00093719,2006-12-13,TMIN,67
USC00315830,2005-06-04,TMIN,211
USC00310576,2012-02-12,TMIN,-11
USC00310576,2014-07-01,TMAX,306
USC00314684,2015-01-23,TMAX,150
USW00093719,2015-10-20,TMIN,28
USR0000NHOF,2005-05-22,TMAX,250
USC00315830,2014-07-12,TMAX,294
USC00314689,2010-07-30,TMIN,239
USR0000NCRN,2010-05-17,TMAX,250
USR0000NCRN,2010-05-17,TMIN,206
USW00093765,2007-08-10,TMAX,306
USR0000NHOF,2015-03-05,TMAX,289
USC00314689,2010-07-30,TMAX,306
USC00315830,2014-07-12,TMIN,222
USW00093765,2011-04-24,TMAX,261
USW00093765,2011-04-24,TMIN,200
USW00093743,2009-06-23,TMAX,294
USR0000NCRN,2011-10-31,TMIN,56
USC00316676,2013-04-03,TMAX,178
USC00314689,2007-11-18,TMAX,194
USC00316676,2013-04-03,TMIN,61
USR0000NCRN,2011-10-31,TMAX,178
USC00317170,2007-11-29,TMIN,72
USC00316096,2012-12-01,TMAX,183
USC00310356,2009-03-11,TMIN,106
USR0000NNWB,2007-05-29,TMIN,172
USW00013754,2007-07-02,TMIN,172
USW00093719,2015-10-20,TMAX,228
USR0000NNWB,2008-08-07,TMAX,350
USC00316096,2012-12-01,TMIN,-6
USR0000NNWB,2008-08-07,TMIN,211
USW00093765,2012-02-29,TMAX,217
USC00310356,2009-03-11,TMAX,200
USR0000NHOF,2005-06-27,TMAX,294
USC00314689,2014-07-12,TMIN,211
USR0000NNWB,2007-05-29,TMAX,328
USC00314689,2014-07-12,TMAX,311
USR0000NHOF,2005-05-22,TMIN,67
USW00013754,2015-07-10,TMAX,378
USW00013754,2015-07-10,TMIN,244
USR0000NHOF,2015-03-05,TMIN,11
USR0000NHOF,2005-06-27,TMIN,206
USW00093743,2009-06-23,TMIN,194
USW00093719,2015-12-14,TMAX,250
USC00316676,2010-01-09,TMAX,67
USR0000NNWB,2012-02-29,TMIN,78
USR0000NNWB,2009-08-22,TMIN,222
USR0000NNWB,2009-08-22,TMAX,333
USC00314684,2013-04-06,TMIN,22
USC00314684,2013-04-06,TMAX,150
USC00310356,2010-06-25,TMIN,261
USC00310356,2010-06-25,TMAX,306
USC00310356,2006-02-16,TMIN,83
USR0000NHOF,2009-01-19,TMAX,128
USC00316676,2007-04-11,TMAX,183
USW00013754,2011-01-18,TMIN,44
USW00013754,2011-01-18,TMAX,83
USC00315830,2009-06-04,TMIN,233
USC00316676,2008-10-29,TMIN,11
USW00013754,2010-03-04,TMIN,22
USW00013754,2010-03-04,TMAX,111
USC00315830,2009-06-04,TMAX,283
USC00316676,2011-09-29,TMIN,206
USW00013754,2014-04-24,TMIN,94
USC00310576,2007-10-05,TMIN,206
USC00314144,2008-09-12,TMIN,194
USC00314144,2008-09-12,TMAX,311
USC00310356,2006-02-16,TMAX,133
USW00093719,2005-05-08,TMIN,94
USW00093719,2015-03-18,TMIN,61
USC00314684,2008-10-19,TMAX,122
USC00314684,2008-10-19,TMIN,78
USW00013754,2014-04-24,TMAX,211
USC00310576,2007-10-05,TMAX,294
USR0000NNWB,2012-02-29,TMAX,239
USR0000NNWB,2012-02-28,TMIN,72
USC00310576,2009-01-13,TMIN,22
USC00310576,2009-01-13,TMAX,94
USR0000NHOF,2009-01-19,TMIN,-11
USC00316676,2008-02-04,TMAX,217
USC00316676,2008-02-04,TMIN,6
USR0000NNWB,2012-02-28,TMAX,194
USC00316676,2010-01-09,TMIN,-33
USC00316676,2007-04-11,TMIN,39
USC00317170,2012-10-20,TMIN,100
USC00314689,2006-03-14,TMAX,267
USC00314689,2006-03-14,TMIN,183
USC00316676,2007-06-24,TMAX,283
USC00316676,2012-06-05,TMAX,278
USW00093719,2010-10-23,TMAX,228
USC00316676,2007-06-24,TMIN,183
USW00093719,2010-10-23,TMIN,33
USC00317170,2012-10-20,TMAX,244
USC00310576,2012-02-12,TMAX,117
USC00315830,2005-06-04,TMAX,250
USR0000NCRN,2009-01-29,TMIN,22
USC00314684,2012-11-13,TMIN,111
USC00310576,2014-07-01,TMIN,167
USW00013754,2013-08-04,TMIN,194
USW00093719,2015-12-14,TMIN,139
USC00314684,2012-11-13,TMAX,256
USC00316676,2012-06-05,TMIN,161
USR0000NHOF,2007-05-11,TMIN,122
USW00093765,2009-05-17,TMAX,250
USW00093719,2009-06-23,TMAX,278
USR0000NCRN,2014-08-09,TMAX,267
USR0000NCRN,2014-08-09,TMIN,211
USR0000NNWB,2007-01-01,TMAX,217
USR0000NNWB,2007-01-01,TMIN,122
USW00093765,2005-06-04,TMIN,206
USR0000NHOF,2007-05-11,TMAX,278
USW00093765,2005-06-04,TMAX,250
USW00093765,2009-05-17,TMIN,133
USC00316676,2011-09-29,TMAX,311
USR0000NHOF,2005-11-15,TMAX,228
USC00316676,2008-10-29,TMAX,139
USR0000NHOF,2005-11-15,TMIN,117
USR0000NCRN,2009-08-06,TMIN,233
USR0000NCRN,2009-08-06,TMAX,294
USR0000NNWB,2014-04-24,TMAX,228
USR0000NNWB,2014-04-24,TMIN,83
USW00093719,2009-06-23,TMIN,178
USC00316676,2014-04-25,TMIN,94
USC00316676,2014-04-25,TMAX,217
USW00093765,2013-04-06,TMIN,50
USC00310576,2008-06-03,TMAX,294
USW00093743,2012-10-19,TMIN,178
USC00310576,2008-06-03,TMIN,144
USW00093719,2013-04-06,TMAX,172
USW00013754,2005-03-20,TMAX,189
USC00317170,2007-12-04,TMIN,44
USR0000NHOF,2012-10-19,TMAX,244
USW00093743,2012-10-19,TMAX,250
USR0000NHOF,2007-12-02,TMIN,-17
USC00317170,2011-03-10,TMIN,139
USW00013754,2008-10-08,TMIN,106
USR0000NHOF,2007-12-02,TMAX,189
USW00093719,2008-07-23,TMIN,233
USW00093719,2008-07-23,TMAX,317
USR0000NNWB,2015-12-14,TMIN,144
USC00317170,2011-03-10,TMAX,167
USR0000NHOF,2012-10-19,TMIN,111
USR0000NNWB,2015-12-14,TMAX,244
USW00093719,2013-04-06,TMIN,28
USR0000NHOF,2009-06-23,TMIN,167
USC00310576,2006-05-05,TMIN,128
USC00310576,2006-05-05,TMAX,278
USC00310356,2009-01-19,TMIN,22
USC00315830,2008-06-26,TMAX,294
USC00315830,2008-06-26,TMIN,278
USC00310356,2009-01-19,TMAX,106
USW00013754,2005-03-20,TMIN,83
USC00310576,2015-02-20,TMAX,11
USW00013754,2015-07-31,TMIN,233
USW00013754,2015-07-31,TMAX,328
USR0000NCRN,2014-09-15,TMAX,256
USR0000NCRN,2014-09-15,TMIN,183
USC00314689,2005-03-16,TMIN,22
USC00310356,2012-10-19,TMAX,267
USC00310356,2012-10-19,TMIN,161
USR0000NHOF,2009-06-23,TMAX,283
USC00310576,2015-02-20,TMIN,-61
USC00314144,2009-01-01,TMIN,94
USC00317170,2010-11-19,TMIN,44
USC00316676,2009-03-10,TMAX,306
USC00314684,2006-01-13,TMIN,72
USW00093765,2012-06-28,TMIN,178
USC00314684,2015-12-13,TMAX,250
USC00314684,2015-12-13,TMIN,94
USC00314684,2006-01-13,TMAX,222
USC00315830,2014-12-08,TMIN,67
USC00314684,2006-01-12,TMAX,206
USC00314689,2012-06-06,TMAX,239
USC00314684,2006-01-12,TMIN,78
USC00315830,2009-12-18,TMAX,83
USC00315830,2009-12-18,TMIN,-6
USC00314684,2005-06-14,TMAX,322
USC00314144,2005-11-03,TMIN,6
USC00314144,2005-11-03,TMAX,222
USW00093765,2009-04-30,TMIN,161
USW00093765,2009-04-30,TMAX,233
USC00315830,2014-12-08,TMAX,83
USC00317170,2010-11-19,TMAX,150
USC00316676,2009-03-10,TMIN,89
USC00315830,2013-08-01,TMIN,217
USR0000NNWB,2014-12-25,TMIN,33
USW00013754,2008-10-08,TMAX,256
USR0000NNWB,2014-12-25,TMAX,194
USC00317170,2007-12-04,TMAX,106
USC00314684,2014-02-21,TMIN,106
USC00314684,2014-02-21,TMAX,239
USC00316096,2014-07-12,TMIN,211
USW00093765,2008-12-18,TMAX,150
USC00316096,2014-07-12,TMAX,294
USW00013754,2009-08-22,TMAX,322
USC00310356,2009-03-19,TMAX,194
USC00310356,2009-03-19,TMIN,61
USC00314689,2012-06-06,TMIN,122
USC00315830,2013-08-01,TMAX,311
USW00093765,2008-12-18,TMIN,111
USW00093765,2012-06-28,TMAX,317
USW00013754,2009-08-22,TMIN,228
USC00314144,2009-01-01,TMAX,156
USC00314684,2013-01-18,TMAX,122
USC00314684,2013-01-18,TMIN,11
USC00315830,2008-10-25,TMAX,239
USC00315830,2008-10-25,TMIN,78
USW00093743,2009-01-19,TMIN,0
USW00093743,2009-01-19,TMAX,117
USC00314689,2007-11-18,TMIN,56
USW00013754,2007-07-02,TMAX,267
USR0000NCRN,2011-07-04,TMAX,300
USR0000NHOF,2006-02-16,TMAX,206
USR0000NCRN,2011-07-04,TMIN,250
USC00310356,2007-05-11,TMAX,261
USC00315830,2007-09-08,TMAX,294
USC00315830,2007-09-08,TMIN,194
USC00310576,2005-03-03,TMAX,83
USC00314684,2015-09-26,TMIN,194
USC00314684,2015-09-26,TMAX,228
USR0000NCRN,2006-12-03,TMIN,83
USC00314684,2005-06-14,TMIN,233
USR0000NNWB,2015-07-10,TMAX,367
USC00310576,2005-03-03,TMIN,-50
USR0000NCRN,2012-12-09,TMIN,106
USW00093765,2013-04-06,TMAX,150
USC00314684,2006-10-13,TMIN,100
USC00314684,2006-10-13,TMAX,261
USW00013754,2013-09-23,TMAX,233
USC00316676,2015-05-17,TMAX,267
USW00013754,2005-09-20,TMAX,300
USW00013754,2005-09-20,TMIN,211
USC00310356,2007-05-11,TMIN,183
USC00316676,2015-05-17,TMIN,144
USW00013754,2013-09-23,TMIN,133
USW00013754,2008-12-20,TMIN,106
USC00315830,2015-04-25,TMAX,194
USR0000NCRN,2012-12-09,TMAX,222
USC00315830,2015-04-25,TMIN,100
USR0000NCRN,2012-05-08,TMIN,128
USR0000NCRN,2012-05-08,TMAX,244
USR0000NHOF,2010-12-26,TMIN,-22
USR0000NCRN,2006-12-03,TMAX,150
USC00315830,2014-09-17,TMIN,200
USC00314689,2014-02-21,TMIN,172
USW00093765,2007-03-04,TMAX,128
USC00314689,2005-09-21,TMIN,200
USW00093765,2013-02-19,TMAX,172
USC00310356,2015-03-05,TMIN,94
USW00093765,2013-02-19,TMIN,22
USR0000NHOF,2006-01-30,TMIN,72
USR0000NHOF,2006-01-30,TMAX,178
USC00316096,2014-02-21,TMAX,222
USC00314689,2005-09-21,TMAX,311
USC00310576,2015-05-19,TMAX,317
USC00310576,2012-05-06,TMAX,317
USC00310576,2012-05-06,TMIN,194
USR0000NHOF,2010-12-26,TMAX,28
USC00310356,2015-03-05,TMAX,139
USW00093719,2010-07-07,TMIN,222
USW00093719,2010-07-07,TMAX,367
USC00310576,2015-05-19,TMIN,189
USW00093765,2007-03-04,TMIN,44
USC00316096,2014-02-21,TMIN,144
USC00310356,2005-05-22,TMAX,222
USC00315830,2014-09-17,TMAX,278
USC00314689,2014-02-21,TMAX,244
USR0000NNWB,2015-07-10,TMIN,244
USC00315830,2015-02-19,TMAX,50
USW00093719,2009-07-21,TMIN,189
USW00093719,2009-07-21,TMAX,289
USR0000NNWB,2006-05-03,TMAX,267
USR0000NNWB,2006-05-03,TMIN,133
USC00315830,2015-02-19,TMIN,-67
USW00093719,2014-04-24,TMAX,228
USW00093719,2014-04-24,TMIN,78
USW00093765,2012-10-20,TMIN,150
USW00093765,2012-10-20,TMAX,239
USR0000NHOF,2006-02-16,TMIN,0
USC00310576,2012-03-19,TMAX,228
USC00310576,2012-03-19,TMIN,122
USC00310356,2005-05-22,TMIN,144
USC00316096,2010-04-24,TMIN,128
USW00093719,2014-02-21,TMAX,256
USC00315830,2008-08-18,TMIN,217
USC00310576,2010-03-23,TMIN,72
USR0000NHOF,2008-07-16,TMIN,178
USC00315830,2007-05-29,TMIN,189
USC00310356,2013-11-02,TMAX,239
USR0000NNWB,2008-11-23,TMAX,122
USR0000NNWB,2008-11-23,TMIN,-28
USR0000NCRN,2007-08-22,TMAX,328
USW00093719,2009-03-19,TMIN,44
USW00013754,2015-02-19,TMAX,6
USW00093719,2009-03-19,TMAX,233
USC00310356,2013-11-02,TMIN,194
USC00314689,2009-03-04,TMIN,-78
USR0000NHOF,2014-01-21,TMIN,-11
USC00316096,2015-04-01,TMIN,72
USC00314144,2006-03-06,TMIN,17
USC00314144,2006-03-06,TMAX,133
USR0000NHOF,2015-01-23,TMAX,178
USR0000NHOF,2014-01-21,TMAX,189
USC00314689,2009-03-04,TMAX,78
USC00310356,2007-08-15,TMIN,244
USR0000NNWB,2012-12-01,TMAX,206
USR0000NCRN,2010-01-11,TMAX,67
USC00310356,2014-01-21,TMIN,106
USR0000NCRN,2006-01-30,TMAX,183
USC00316096,2015-07-10,TMIN,250
USR0000NHOF,2010-11-07,TMIN,-22
USW00093743,2014-01-21,TMAX,150
USW00093743,2014-01-21,TMIN,0
USC00310356,2007-08-15,TMAX,322
USC00317170,2013-01-18,TMIN,17
USC00317170,2013-01-18,TMAX,100
USW00013754,2012-05-06,TMAX,250
USW00013754,2012-05-06,TMIN,178
USW00093719,2015-11-14,TMAX,156
USR0000NCRN,2005-05-22,TMIN,89
USR0000NCRN,2005-05-22,TMAX,267
USC00315830,2007-05-29,TMAX,300
USW00093719,2015-11-14,TMIN,33
USR0000NCRN,2010-01-11,TMIN,-106
USW00093765,2006-12-13,TMAX,217
USR0000NHOF,2015-01-23,TMIN,33
USW00093743,2013-11-02,TMIN,150
USW00093743,2007-06-14,TMIN,150
USC00314144,2005-03-10,TMIN,-22
USC00314144,2005-03-10,TMAX,122
USR0000NCRN,2015-03-05,TMAX,200
USR0000NCRN,2008-10-06,TMAX,278
USR0000NNWB,2012-05-06,TMAX,244
USW00093743,2007-06-14,TMAX,233
USR0000NNWB,2012-05-06,TMIN,161
USR0000NCRN,2007-08-22,TMIN,222
USW00013754,2007-12-11,TMAX,222
USW00013754,2007-12-11,TMIN,100
USW00013754,2012-10-20,TMAX,250
USC00315830,2011-08-15,TMIN,200
USC00314689,2015-07-10,TMAX,367
USR0000NNWB,2007-08-10,TMAX,367
USW00013754,2012-10-20,TMIN,94
USW00093765,2006-12-13,TMIN,89
USC00314689,2014-04-24,TMIN,61
USW00093743,2010-05-17,TMIN,217
USC00316096,2015-04-01,TMAX,161
USW00013754,2015-02-19,TMIN,-77
USW00093765,2007-01-01,TMAX,222
USR0000NHOF,2008-07-16,TMAX,311
USW00093765,2007-01-01,TMIN,133
USR0000NCRN,2015-03-05,TMIN,17
USW00093719,2011-10-04,TMAX,217
USC00314689,2014-04-24,TMAX,228
USC00310576,2015-09-06,TMAX,294
USC00310576,2009-01-01,TMIN,-6
USW00093743,2010-05-17,TMAX,250
USR0000NNWB,2015-11-29,TMIN,89
USC00310576,2009-01-01,TMAX,172
USW00013754,2009-04-20,TMIN,161
USW00013754,2009-04-20,TMAX,228
USW00093743,2013-11-02,TMAX,222
USR0000NNWB,2015-11-29,TMAX,250
USR0000NCRN,2008-10-06,TMIN,117
USR0000NCRN,2006-04-05,TMIN,61
USC00314684,2010-03-23,TMAX,178
USC00314689,2013-08-01,TMIN,228
USC00314684,2005-09-20,TMIN,217
USC00316676,2010-09-17,TMAX,317
USC00314689,2007-11-13,TMIN,94
USC00314689,2007-11-13,TMAX,233
USW00013754,2015-11-29,TMAX,244
USW00013754,2015-11-29,TMIN,78
USW00093765,2010-11-12,TMAX,161
USC00315830,2010-05-06,TMAX,256
USC00310356,2010-05-17,TMAX,256
USW00093765,2015-01-23,TMIN,56
USC00310356,2010-05-17,TMIN,206
USC00314144,2010-09-27,TMIN,194
USR0000NHOF,2011-12-06,TMAX,228
USR0000NHOF,2011-12-06,TMIN,106
USW00093719,2009-08-17,TMAX,322
USC00316676,2009-05-28,TMIN,178
USC00317170,2012-06-06,TMIN,111
USC00314689,2013-08-01,TMAX,300
USC00315830,2009-05-06,TMAX,256
USR0000NNWB,2005-02-24,TMAX,89
USR0000NHOF,2011-05-28,TMIN,156
USW00093719,2009-08-17,TMIN,217
USR0000NNWB,2012-10-20,TMIN,100
USR0000NNWB,2012-12-09,TMIN,89
USR0000NNWB,2012-10-20,TMAX,250
USC00310356,2011-12-06,TMAX,217
USC00314684,2005-09-20,TMAX,311
USC00310356,2011-12-06,TMIN,144
USC00310576,2013-04-06,TMIN,33
USC00310576,2013-04-06,TMAX,144
USC00310356,2007-06-14,TMIN,183
USR0000NNWB,2012-12-09,TMAX,250
USC00316676,2010-09-17,TMIN,194
USR0000NNWB,2005-02-24,TMIN,39
USC00315830,2009-05-06,TMIN,206
USC00310356,2007-06-14,TMAX,267
USR0000NCRN,2006-04-05,TMAX,233
USC00317170,2012-06-06,TMAX,244
USC00314684,2011-03-17,TMAX,189
USC00316676,2006-09-28,TMIN,133
USW00093743,2011-12-30,TMIN,6
USR0000NHOF,2008-07-23,TMAX,306
USR0000NCRN,2012-03-03,TMAX,200
USC00310576,2014-09-15,TMAX,239
USW00093765,2006-03-05,TMAX,133
USW00093765,2006-03-05,TMIN,11
USC00316096,2014-05-16,TMIN,161
USC00310576,2014-09-15,TMIN,183
USC00314689,2010-07-17,TMIN,256
USC00316096,2014-05-16,TMAX,261
USC00314689,2010-07-17,TMAX,333
USR0000NHOF,2008-07-23,TMIN,217
USR0000NHOF,2010-11-07,TMAX,117
USC00316096,2015-07-10,TMAX,356
USC00314684,2010-03-23,TMIN,39
USW00093743,2011-12-30,TMAX,150
USC00314684,2011-03-17,TMIN,33
USR0000NCRN,2012-03-03,TMIN,139
USC00314684,2012-08-30,TMIN,217
USC00310356,2014-01-21,TMAX,144
USC00316676,2009-05-28,TMAX,272
USC00315830,2010-05-06,TMIN,189
USW00093719,2007-05-26,TMAX,289
USW00093719,2007-05-26,TMIN,122
USC00316676,2006-09-28,TMAX,256
USC00314689,2009-07-20,TMAX,289
USC00314684,2012-08-30,TMAX,306
USC00314689,2009-07-20,TMIN,211
USC00317170,2010-10-23,TMAX,233
USW00093765,2010-11-12,TMIN,72
USC00317170,2010-10-23,TMIN,56
USC00316096,2014-04-24,TMAX,194
USC00316096,2014-04-24,TMIN,72
USW00093765,2011-03-10,TMIN,122
USW00093765,2011-03-10,TMAX,200
USW00093765,2015-01-23,TMAX,167
USC00314684,2008-12-12,TMIN,122
USR0000NNWB,2012-12-01,TMIN,6
USR0000NNWB,2007-08-10,TMIN,233
USC00315830,2012-07-08,TMIN,272
USC00315830,2012-07-08,TMAX,317
USW00093743,2013-04-04,TMIN,67
USW00093743,2013-04-06,TMIN,44
USW00093743,2013-04-06,TMAX,172
USC00310356,2013-04-06,TMIN,67
USC00310356,2013-04-06,TMAX,128
USR0000NNWB,2011-03-17,TMIN,50
USW00093765,2007-05-26,TMAX,250
USC00314144,2010-01-11,TMIN,-128
USC00314144,2010-01-11,TMAX,72
USR0000NCRN,2014-08-10,TMIN,217
USR0000NCRN,2014-08-10,TMAX,283
USR0000NNWB,2006-10-13,TMIN,67
USW00013754,2008-09-11,TMAX,289
USW00013754,2008-09-11,TMIN,228
USR0000NCRN,2005-08-07,TMIN,217
USW00013754,2012-07-26,TMIN,228
USR0000NNWB,2011-03-17,TMAX,211
USW00093765,2009-06-11,TMAX,272
USC00314684,2011-04-24,TMAX,294
USC00314684,2007-03-20,TMIN,17
USW00093765,2009-02-01,TMAX,128
USC00310356,2013-04-04,TMAX,156
USW00093765,2010-05-06,TMIN,172
USW00093765,2010-05-06,TMAX,256
USC00314684,2011-04-24,TMIN,167
USW00093743,2013-04-04,TMAX,167
USW00093765,2009-02-01,TMIN,39
USC00314689,2015-04-08,TMAX,283
USR0000NCRN,2005-08-07,TMAX,300
USR0000NHOF,2013-04-06,TMIN,11
USR0000NHOF,2013-04-06,TMAX,172
USC00315830,2005-07-12,TMAX,311
USC00315830,2005-07-12,TMIN,261
USC00310576,2006-02-11,TMIN,39
USC00310356,2013-04-04,TMIN,78
USR0000NHOF,2007-08-22,TMAX,317
USR0000NHOF,2013-04-04,TMAX,122
USW00093719,2012-05-06,TMIN,167
USC00317170,2010-05-17,TMIN,206
USR0000NCRN,2013-01-05,TMIN,-39
USC00317170,2010-05-17,TMAX,256
USC00310576,2014-12-25,TMAX,222
USW00013754,2009-10-28,TMAX,283
USC00310576,2010-04-13,TMIN,83
USW00013754,2015-10-20,TMAX,228
USC00315830,2014-02-21,TMAX,206
USC00310576,2010-04-13,TMAX,267
USC00310576,2014-12-25,TMIN,172
USR0000NHOF,2008-10-06,TMIN,67
USC00316676,2006-12-02,TMAX,244
USR0000NHOF,2007-08-15,TMAX,322
USR0000NHOF,2007-08-15,TMIN,183
USC00316676,2006-12-02,TMIN,106
USR0000NHOF,2008-10-06,TMAX,267
USR0000NCRN,2013-01-05,TMAX,117
USW00093719,2012-05-06,TMAX,250
USC00315830,2006-08-03,TMIN,283
USC00315830,2006-08-03,TMAX,322
USR0000NNWB,2006-10-13,TMAX,167
USR0000NHOF,2013-04-04,TMIN,33
USC00314689,2013-09-24,TMIN,106
USW00093743,2007-12-07,TMIN,0
USW00093719,2009-06-09,TMAX,317
USW00093743,2007-12-07,TMAX,133
USW00093719,2009-06-09,TMIN,189
USC00315830,2014-02-21,TMIN,150
USW00013754,2012-07-26,TMAX,322
USW00013754,2015-10-20,TMIN,39
USC00314689,2013-09-24,TMAX,233
USR0000NNWB,2010-03-03,TMAX,56
USR0000NNWB,2010-03-03,TMIN,6
USR0000NNWB,2009-01-23,TMAX,167
USR0000NNWB,2009-01-23,TMIN,6
USC00314144,2011-04-09,TMAX,189
USC00314684,2015-11-05,TMIN,161
USW00093765,2007-05-26,TMIN,144
USC00314144,2005-03-03,TMIN,-56
USC00314684,2015-11-05,TMAX,211
USW00013754,2005-06-27,TMAX,317
USW00093719,2015-09-26,TMIN,206
USR0000NHOF,2010-05-17,TMAX,239
USR0000NCRN,2006-11-22,TMAX,178
USR0000NHOF,2010-05-17,TMIN,194
USW00093719,2015-09-26,TMAX,228
USW00013754,2010-09-14,TMIN,150
USW00093765,2013-09-23,TMIN,150
USR0000NCRN,2006-11-22,TMIN,94
USC00310576,2010-11-07,TMAX,156
USC00314684,2005-07-17,TMIN,239
USC00314684,2005-07-17,TMAX,328
USC00310576,2012-08-13,TMAX,278
USC00310576,2012-08-13,TMIN,194
USW00093765,2012-06-06,TMIN,150
USW00093765,2012-06-06,TMAX,244
USC00310576,2010-11-07,TMIN,39
USC00310576,2010-12-28,TMAX,44
USW00093765,2013-09-23,TMAX,228
USC00315830,2011-08-15,TMAX,306
USC00314684,2010-08-30,TMAX,294
USR0000NNWB,2015-02-19,TMAX,-11
USC00314689,2015-07-10,TMIN,250
USR0000NNWB,2015-02-19,TMIN,-83
USC00314684,2008-12-12,TMAX,228
USC00317170,2008-10-31,TMIN,11
USC00317170,2008-10-31,TMAX,178
USC00314684,2015-08-21,TMAX,328
USW00013754,2008-12-18,TMAX,156
USC00314684,2015-08-21,TMIN,211
USW00093719,2009-06-16,TMAX,233
USC00314684,2010-08-30,TMIN,150
USW00093719,2009-06-16,TMIN,200
USR0000NHOF,2007-01-20,TMIN,-61
USR0000NHOF,2007-01-20,TMAX,83
USW00013754,2005-06-27,TMIN,228
USW00013754,2008-12-18,TMIN,111
USC00310576,2010-12-28,TMIN,-11
USC00310576,2015-09-06,TMIN,217
USW00093719,2011-10-04,TMIN,94
USC00310356,2005-02-03,TMAX,100
USC00314689,2007-07-19,TMAX,344
USW00013754,2010-03-03,TMIN,11
USW00013754,2010-09-14,TMAX,317
USC00310576,2013-08-04,TMIN,217
USC00310356,2007-01-20,TMIN,11
USC00315830,2005-04-09,TMAX,217
USW00013754,2010-03-03,TMAX,50
USC00310356,2007-01-20,TMAX,128
USC00310576,2009-09-10,TMIN,178
USC00315830,2011-09-02,TMAX,294
USC00315830,2011-09-02,TMIN,172
USC00310576,2013-08-04,TMAX,311
USC00310356,2005-02-03,TMIN,17
USR0000NHOF,2007-08-22,TMIN,200
USC00314144,2005-03-03,TMAX,111
USC00310576,2009-09-10,TMAX,267
USC00314689,2007-07-19,TMIN,256
USC00310356,2015-10-20,TMIN,78
USC00310356,2011-12-30,TMAX,133
USC00316676,2006-08-03,TMIN,250
USC00316676,2006-08-03,TMAX,344
USC00310356,2011-12-30,TMIN,33
USW00093719,2008-12-20,TMIN,106
USW00093719,2008-12-20,TMAX,222
USC00315830,2012-10-19,TMAX,256
USC00315830,2012-10-19,TMIN,128
USW00013754,2012-12-09,TMIN,94
USW00013754,2012-12-09,TMAX,233
USC00316676,2012-08-29,TMAX,272
USC00314689,2008-10-19,TMAX,161
USC00315830,2005-04-09,TMIN,122
USC00314689,2005-09-20,TMAX,311
USC00314689,2008-10-19,TMIN,78
USC00316676,2012-08-29,TMIN,228
USC00314689,2005-09-20,TMIN,222
USC00310356,2015-10-20,TMAX,156
USC00316096,2013-08-01,TMIN,211
USC00316096,2013-08-01,TMAX,272
USC00314689,2007-09-21,TMAX,283
USC00316096,2012-03-19,TMAX,239
USW00093743,2011-05-28,TMAX,278
USC00316676,2006-11-11,TMAX,244
USC00316096,2015-12-13,TMAX,233
USC00316096,2015-12-13,TMIN,100
USW00093719,2006-09-18,TMIN,161
USC00310356,2011-07-27,TMIN,244
USC00316676,2006-11-11,TMIN,94
USW00013754,2009-07-21,TMIN,183
USW00093743,2011-05-28,TMIN,194
USR0000NNWB,2009-04-27,TMIN,161
USC00317170,2013-08-01,TMAX,278
USR0000NHOF,2014-09-17,TMAX,283
USC00310576,2009-08-22,TMAX,322
USW00013754,2009-07-21,TMAX,283
USC00314144,2006-04-05,TMAX,267
USC00314689,2012-08-30,TMIN,222
USR0000NHOF,2014-09-17,TMIN,178
USC00317170,2013-08-01,TMIN,217
USC00310576,2012-07-26,TMIN,217
USR0000NHOF,2010-01-11,TMIN,-128
USW00093719,2008-12-28,TMAX,250
USC00314684,2009-07-20,TMAX,300
USC00314684,2009-07-20,TMIN,200
USR0000NHOF,2007-12-07,TMIN,-39
USR0000NHOF,2007-12-07,TMAX,122
USW00093765,2012-01-27,TMIN,94
USW00093765,2012-01-27,TMAX,189
USR0000NHOF,2010-01-11,TMAX,72
USC00310576,2008-03-21,TMIN,22
USR0000NHOF,2007-03-01,TMIN,22
USC00310576,2008-03-21,TMAX,183
USW00093719,2008-12-28,TMIN,156
USR0000NNWB,2012-07-26,TMIN,233
USC00310576,2012-07-26,TMAX,311
USR0000NNWB,2009-04-27,TMAX,322
USR0000NNWB,2012-07-26,TMAX,356
USR0000NHOF,2007-03-01,TMAX,211
USW00013754,2009-06-23,TMAX,278
USC00310356,2011-07-27,TMAX,300
USC00314689,2012-08-30,TMAX,311
USC00310356,2011-12-20,TMIN,39
USC00310356,2011-10-31,TMIN,83
USW00093743,2010-08-22,TMIN,239
USW00093719,2007-03-04,TMAX,117
USW00093719,2011-03-24,TMAX,211
USC00317170,2008-03-27,TMIN,89
USC00316096,2013-02-19,TMAX,156
USR0000NNWB,2014-02-21,TMAX,244
USC00316096,2013-02-19,TMIN,-6
USC00314144,2005-03-29,TMAX,233
USW00093765,2015-09-02,TMAX,311
USC00310356,2011-12-20,TMAX,139
USC00310356,2010-01-11,TMIN,-50
USC00310356,2010-01-11,TMAX,28
USW00013754,2005-02-24,TMIN,50
USC00317170,2008-03-27,TMAX,256
USW00013754,2005-02-24,TMAX,106
USR0000NCRN,2013-11-19,TMIN,67
USR0000NNWB,2014-02-21,TMIN,111
USC00316676,2011-10-31,TMAX,139
USC00310356,2014-09-17,TMIN,206
USC00314144,2005-03-29,TMIN,83
USC00314144,2006-04-05,TMIN,72
USC00310356,2014-09-17,TMAX,267
USC00310576,2009-08-22,TMIN,233
USC00315830,2009-01-25,TMAX,139
USC00310356,2011-10-31,TMAX,139
USW00093719,2011-03-24,TMIN,89
USC00310576,2014-05-16,TMAX,283
USC00314684,2010-05-17,TMIN,183
USC00314684,2010-05-17,TMAX,306
USC00315830,2009-01-25,TMIN,-6
USW00093743,2010-01-11,TMIN,-77
USW00093743,2010-01-11,TMAX,61
USC00316676,2011-10-31,TMIN,17
USR0000NCRN,2009-11-07,TMAX,172
USW00093719,2006-09-18,TMAX,294
USC00316676,2009-01-12,TMIN,50
USW00093765,2013-08-01,TMIN,222
USW00093765,2013-08-01,TMAX,272
USC00316676,2007-10-02,TMIN,167
USC00316676,2007-10-02,TMAX,272
USW00093743,2011-07-27,TMIN,250
USC00314689,2015-09-14,TMAX,256
USC00314689,2015-09-14,TMIN,106
USC00317170,2011-09-29,TMAX,294
USW00013754,2010-07-31,TMIN,211
USC00310356,2011-05-28,TMIN,228
USW00013754,2010-07-31,TMAX,283
USW00093719,2008-08-07,TMAX,344
USW00093719,2008-08-07,TMIN,211
USC00317170,2011-09-29,TMIN,189
USC00315830,2008-04-22,TMIN,128
USR0000NNWB,2008-07-23,TMIN,239
USC00314684,2013-02-19,TMAX,100
USC00314684,2013-02-19,TMIN,-61
USC00315830,2008-04-22,TMAX,217
USW00013754,2012-12-01,TMIN,6
USC00316676,2009-02-19,TMAX,150
USC00310356,2011-05-28,TMAX,278
USR0000NCRN,2011-12-06,TMAX,233
USC00315830,2008-08-18,TMAX,283
USC00316096,2010-03-23,TMIN,50
USR0000NCRN,2011-12-06,TMIN,100
USC00316096,2010-03-23,TMAX,156
USC00314684,2005-09-21,TMIN,200
USC00314144,2008-10-23,TMIN,-11
USC00316676,2008-10-04,TMIN,72
USC00314684,2005-09-21,TMAX,311
USC00316676,2009-02-19,TMIN,44
USC00315830,2013-04-06,TMIN,39
USC00317170,2015-07-10,TMIN,239
USC00314144,2008-10-23,TMAX,178
USC00315830,2013-04-06,TMAX,150
USC00314689,2015-04-01,TMAX,233
USW00093765,2010-11-19,TMAX,144
USC00317170,2015-07-10,TMAX,367
USW00093743,2010-11-07,TMIN,11
USC00314689,2008-05-03,TMAX,278
USC00314689,2008-05-03,TMIN,161
USW00093719,2012-12-09,TMAX,244
USR0000NCRN,2006-07-09,TMIN,172
USW00093765,2010-10-23,TMIN,67
USC00317170,2015-01-23,TMIN,11
USC00317170,2015-01-23,TMAX,117
USR0000NCRN,2006-05-05,TMIN,150
USR0000NCRN,2006-05-05,TMAX,250
USW00093719,2012-12-09,TMIN,78
USC00314684,2009-05-28,TMAX,294
USC00314684,2009-09-03,TMAX,250
USW00013754,2009-06-23,TMIN,178
USC00310576,2007-08-26,TMAX,344
USC00310576,2007-08-26,TMIN,217
USR0000NNWB,2009-04-20,TMIN,156
USR0000NNWB,2009-04-20,TMAX,267
USC00316676,2009-01-12,TMAX,172
USC00314684,2009-05-28,TMIN,189
USC00315830,2014-11-21,TMIN,-17
USC00315830,2014-11-21,TMAX,144
USW00093765,2010-10-23,TMAX,217
USC00314684,2009-09-03,TMIN,161
USR0000NNWB,2008-07-23,TMAX,322
USW00093743,2011-07-27,TMAX,300
USC00314689,2010-04-24,TMAX,233
USC00314689,2010-04-24,TMIN,150
USC00317170,2012-11-13,TMIN,78
USW00013754,2011-03-17,TMAX,200
USC00316676,2008-10-04,TMAX,272
USW00093743,2011-12-20,TMIN,72
USC00314689,2011-07-04,TMIN,239
USC00317170,2012-11-13,TMAX,200
USW00093743,2011-12-20,TMAX,206
USC00314689,2011-07-04,TMAX,344
USW00013754,2011-03-17,TMIN,56
USC00315830,2015-04-01,TMAX,183
USC00315830,2015-04-01,TMIN,44
USR0000NCRN,2006-07-09,TMAX,294
USC00316676,2008-03-20,TMAX,261
USW00093719,2005-05-08,TMAX,233
USW00093765,2015-09-02,TMIN,233
USR0000NHOF,2007-04-20,TMIN,22
USC00310576,2009-10-16,TMAX,167
USC00317170,2012-06-28,TMIN,156
USC00316096,2009-07-20,TMAX,267
USC00316096,2009-07-20,TMIN,194
USW00093719,2011-07-15,TMIN,194
USC00314684,2010-10-30,TMIN,11
USR0000NCRN,2013-04-04,TMAX,167
USC00317170,2012-06-28,TMAX,333
USR0000NCRN,2013-04-04,TMIN,89
USR0000NHOF,2006-07-09,TMAX,283
USR0000NHOF,2006-07-09,TMIN,122
USR0000NCRN,2011-08-09,TMAX,339
USC00310356,2015-01-23,TMAX,128
USC00310356,2015-01-23,TMIN,50
USR0000NNWB,2015-10-20,TMIN,28
USR0000NCRN,2010-06-09,TMAX,278
USC00314689,2007-04-19,TMIN,56
USW00013754,2012-01-11,TMAX,172
USC00314684,2015-07-11,TMAX,367
USC00314689,2007-04-19,TMAX,167
USC00310356,2007-04-20,TMIN,-6
USC00310356,2006-07-09,TMAX,278
USC00310356,2006-07-09,TMIN,167
USC00316676,2008-06-16,TMAX,283
USW00093719,2009-05-17,TMIN,122
USC00310576,2009-10-16,TMIN,128
USC00314684,2010-10-30,TMAX,161
USC00314684,2015-07-10,TMIN,239
USW00013754,2010-10-01,TMAX,211
USC00316676,2007-12-03,TMIN,133
USW00013754,2010-10-01,TMIN,178
USR0000NHOF,2011-10-31,TMIN,6
USC00314684,2015-07-11,TMIN,217
USC00310356,2007-04-20,TMAX,167
USC00314684,2015-07-10,TMAX,367
USC00314684,2014-07-12,TMIN,200
USW00093719,2009-05-17,TMAX,272
USC00314689,2014-05-16,TMAX,311
USR0000NNWB,2015-10-20,TMAX,239
USW00093743,2008-07-23,TMAX,239
USC00310356,2010-08-22,TMAX,328
USW00013754,2012-01-11,TMIN,67
USC00310576,2014-08-09,TMAX,294
USC00314689,2006-04-05,TMIN,61
USC00316096,2011-07-04,TMAX,300
USC00314689,2007-09-21,TMIN,200
USC00314689,2006-04-05,TMAX,189
USC00310356,2010-08-22,TMIN,244
USW00093719,2006-10-13,TMIN,83
USC00314684,2005-05-08,TMIN,100
USW00093719,2006-10-13,TMAX,178
USR0000NHOF,2011-05-28,TMAX,272
USW00013754,2005-12-09,TMIN,39
USW00013754,2005-12-09,TMAX,172
USC00310576,2014-08-09,TMIN,206
USC00316096,2012-03-19,TMIN,122
USC00314684,2005-05-08,TMAX,228
USC00315830,2006-12-19,TMIN,106
USC00317170,2012-01-11,TMAX,156
USW00093765,2008-11-10,TMAX,172
USW00093719,2011-07-15,TMAX,289
USR0000NCRN,2011-08-09,TMIN,233
USC00315830,2006-12-19,TMAX,194
USR0000NCRN,2010-04-07,TMIN,161
USW00093765,2012-11-13,TMIN,78
USC00316096,2011-07-04,TMIN,244
USW00093743,2008-07-23,TMIN,206
USC00317170,2012-01-11,TMIN,56
USC00314689,2015-12-13,TMAX,244
USC00314689,2015-12-13,TMIN,111
USC00316676,2007-12-03,TMAX,200
USW00093765,2012-11-13,TMAX,222
USR0000NCRN,2010-04-07,TMAX,222
USC00314684,2014-07-12,TMAX,283
USC00314144,2010-09-27,TMAX,222
USW00093765,2008-11-10,TMIN,56
USR0000NCRN,2010-06-09,TMIN,189
USC00316676,2008-06-16,TMIN,194
USC00310576,2013-12-20,TMIN,-6
USC00314684,2013-08-01,TMIN,211
USC00315830,2008-02-05,TMIN,133
USC00315830,2008-02-05,TMAX,189
USR0000NCRN,2015-05-19,TMIN,194
USR0000NCRN,2015-05-19,TMAX,289
USW00093765,2008-11-28,TMIN,44
USR0000NNWB,2007-09-15,TMAX,289
USW00093765,2008-11-28,TMAX,150
USW00093743,2010-08-22,TMAX,300
USC00314684,2006-01-29,TMIN,17
USC00310576,2011-06-15,TMAX,294
USC00316676,2010-11-27,TMAX,244
USC00316676,2010-11-27,TMIN,56
USW00093765,2006-05-03,TMAX,267
USW00013754,2008-11-23,TMAX,117
USC00314689,2013-02-19,TMAX,150
USW00013754,2008-11-23,TMIN,-27
USC00310576,2011-06-15,TMIN,133
USW00093765,2006-05-03,TMIN,139
USC00314684,2006-01-29,TMAX,150
USC00316096,2012-08-30,TMIN,206
USC00316676,2008-03-20,TMIN,156
USR0000NCRN,2007-07-13,TMIN,222
USC00314684,2014-04-24,TMAX,228
USR0000NHOF,2007-04-20,TMAX,200
USC00314684,2014-04-24,TMIN,56
USR0000NCRN,2009-11-07,TMIN,133
USC00310576,2014-05-16,TMIN,194
USC00316096,2012-08-30,TMAX,289
USR0000NNWB,2005-12-09,TMIN,11
USR0000NNWB,2005-12-09,TMAX,167
USW00093719,2009-04-10,TMAX,278
USW00093719,2009-04-10,TMIN,78
USW00093719,2007-03-04,TMIN,22
USW00013754,2014-02-21,TMIN,156
USC00314689,2012-03-19,TMAX,250
USW00013754,2014-02-21,TMAX,244
USC00314689,2012-03-19,TMIN,139
USC00314144,2006-05-05,TMIN,133
USC00314689,2013-02-19,TMIN,-6
USR0000NNWB,2007-09-15,TMIN,183
USW00093765,2008-06-30,TMAX,278
USC00310356,2007-12-02,TMAX,128
USR0000NCRN,2014-09-17,TMIN,200
USR0000NCRN,2014-09-17,TMAX,267
USC00316096,2011-09-17,TMIN,172
USR0000NNWB,2007-02-17,TMAX,100
USR0000NNWB,2007-02-17,TMIN,-83
USW00093765,2008-06-30,TMIN,256
USW00093719,2009-11-24,TMAX,167
USC00310356,2010-12-26,TMIN,-11
USR0000NHOF,2015-08-15,TMIN,150
USC00314689,2014-05-16,TMIN,183
USC00310356,2010-12-26,TMAX,94
USC00310576,2013-12-20,TMAX,167
USR0000NHOF,2011-10-31,TMAX,161
USC00314684,2013-08-01,TMAX,300
USW00093719,2009-11-24,TMIN,122
USC00310356,2008-07-23,TMIN,233
USC00310356,2008-07-23,TMAX,328
USC00316096,2011-09-17,TMAX,206
USC00314144,2006-05-05,TMAX,289
USW00093719,2009-10-15,TMAX,167
USW00093719,2009-10-15,TMIN,117
USW00013754,2008-07-23,TMIN,233
USR0000NHOF,2015-08-15,TMAX,339
USC00310576,2015-01-14,TMIN,33
USC00315830,2011-01-25,TMAX,89
USC00315830,2011-01-25,TMIN,28
USW00013754,2008-07-23,TMAX,294
USR0000NHOF,2011-12-30,TMIN,11
USC00314689,2007-10-21,TMAX,267
USC00314689,2007-10-21,TMIN,72
USR0000NHOF,2011-12-30,TMAX,172
USC00310576,2015-01-14,TMAX,78
USC00310356,2007-12-02,TMIN,56
USW00093719,2014-06-30,TMAX,322
USW00093719,2014-06-30,TMIN,178
USR0000NCRN,2007-07-13,TMAX,311
USW00013754,2005-11-27,TMAX,217
USW00093765,2012-12-09,TMAX,217
USR0000NCRN,2007-01-02,TMAX,144
USC00314144,2008-06-03,TMAX,272
USC00314144,2008-06-03,TMIN,122
USR0000NCRN,2008-02-22,TMAX,122
USR0000NHOF,2005-11-03,TMAX,211
USC00316676,2010-04-12,TMAX,239
USC00310576,2009-05-06,TMAX,239
USC00316676,2010-04-12,TMIN,61
USW00093765,2006-07-08,TMIN,183
USC00315830,2005-02-24,TMAX,128
USC00314689,2008-11-10,TMIN,28
USC00314689,2008-11-10,TMAX,183
USC00310576,2014-06-01,TMAX,278
USC00317170,2009-06-23,TMIN,189
USW00093765,2006-05-05,TMIN,172
USC00316676,2007-07-19,TMIN,222
USW00093765,2006-05-05,TMAX,233
USC00315830,2005-02-24,TMIN,61
USC00310576,2009-05-06,TMIN,172
USW00093765,2006-07-08,TMAX,272
USR0000NCRN,2008-02-22,TMIN,0
USC00310576,2015-11-14,TMIN,44
USC00315830,2013-11-19,TMAX,244
USC00314684,2008-12-07,TMIN,-17
USC00314144,2009-11-07,TMAX,178
USC00314144,2008-10-13,TMIN,106
USR0000NCRN,2010-09-25,TMAX,300
USR0000NHOF,2014-02-22,TMIN,33
USC00315830,2008-10-26,TMIN,44
USC00315830,2008-10-26,TMAX,217
USC00314144,2007-12-07,TMAX,122
USR0000NNWB,2007-07-02,TMAX,283
USC00314144,2007-12-07,TMIN,-39
USW00093719,2015-05-19,TMIN,194
USR0000NCRN,2010-09-25,TMIN,178
USW00093719,2015-05-19,TMAX,328
USR0000NHOF,2005-11-03,TMIN,-11
USR0000NHOF,2014-02-22,TMAX,194
USC00310356,2007-07-31,TMAX,283
USC00310576,2014-06-01,TMIN,89
USC00314684,2005-04-08,TMAX,244
USW00093719,2011-07-23,TMAX,361
USW00093719,2011-07-23,TMIN,239
USC00315830,2013-02-19,TMIN,28
USR0000NCRN,2012-08-31,TMIN,178
USR0000NCRN,2012-08-31,TMAX,294
USR0000NCRN,2012-08-13,TMAX,294
USR0000NCRN,2012-08-13,TMIN,222
USW00093765,2013-07-31,TMIN,228
USR0000NCRN,2015-04-26,TMIN,100
USC00314144,2006-03-15,TMIN,28
USW00093765,2005-11-02,TMIN,61
USC00314144,2006-03-15,TMAX,222
USC00316676,2010-04-06,TMAX,317
USC00316676,2010-04-06,TMIN,161
USC00315830,2010-04-13,TMIN,100
USC00310356,2012-07-26,TMAX,317
USW00093765,2005-11-02,TMAX,183
USC00317170,2009-06-23,TMAX,283
USW00093765,2013-07-31,TMAX,289
USC00310576,2008-10-13,TMAX,261
USC00314684,2005-04-08,TMIN,139
USW00093719,2008-05-04,TMIN,172
USW00093719,2008-05-04,TMAX,272
USC00314144,2009-11-07,TMIN,-28
USC00317170,2014-02-19,TMAX,244
USC00316676,2007-07-19,TMAX,328
USC00317170,2014-02-19,TMIN,44
USC00315830,2013-02-19,TMAX,167
USC00314684,2012-08-29,TMAX,289
USC00314684,2012-08-29,TMIN,222
USC00315830,2013-09-23,TMAX,267
USR0000NHOF,2008-09-12,TMIN,194
USR0000NHOF,2008-09-12,TMAX,311
USC00310576,2008-10-13,TMIN,150
USC00315830,2013-09-23,TMIN,178
USC00316676,2014-01-20,TMIN,17
USC00316676,2014-01-20,TMAX,128
USC00310356,2012-07-26,TMIN,239
USC00315830,2013-11-19,TMIN,117
USC00310356,2007-07-31,TMIN,217
USC00316676,2012-06-28,TMAX,283
USR0000NNWB,2008-12-12,TMAX,161
USR0000NNWB,2008-12-12,TMIN,39
USR0000NNWB,2006-11-12,TMIN,94
USR0000NNWB,2006-11-12,TMAX,178
USC00316676,2015-09-25,TMAX,244
USC00316676,2015-09-25,TMIN,211
USC00316676,2014-08-08,TMIN,211
USC00316676,2007-06-03,TMAX,261
USW00093765,2009-09-19,TMAX,272
USW00093719,2015-03-14,TMAX,200
USC00314689,2007-06-03,TMIN,189
USR0000NCRN,2005-11-15,TMAX,222
USC00314684,2012-08-13,TMIN,206
USC00314684,2012-08-13,TMAX,300
USW00093719,2012-06-28,TMAX,328
USW00093765,2009-09-19,TMIN,200
USW00093719,2013-07-31,TMAX,306
USW00093719,2007-05-29,TMAX,322
USC00316676,2014-08-08,TMAX,294
USW00093765,2010-01-11,TMIN,-55
USW00093765,2010-01-11,TMAX,67
USC00310576,2011-11-01,TMIN,83
USW00093719,2005-08-16,TMIN,233
USW00093719,2005-08-16,TMAX,356
USR0000NNWB,2008-06-16,TMIN,206
USC00310576,2011-11-01,TMAX,161
USW00093719,2007-05-29,TMIN,172
USC00314689,2010-01-09,TMAX,17
USC00314689,2010-01-09,TMIN,-44
USW00093719,2007-01-20,TMIN,-33
USW00093719,2007-01-20,TMAX,78
USC00310576,2013-04-07,TMIN,28
USC00310576,2013-04-07,TMAX,161
USC00316676,2012-06-28,TMIN,144
USC00314689,2005-07-17,TMAX,328
USW00093765,2014-02-19,TMIN,50
USC00310576,2015-11-14,TMAX,206
USW00093719,2013-07-31,TMIN,217
USR0000NCRN,2005-11-15,TMIN,150
USC00317170,2010-03-04,TMIN,28
USC00316676,2008-12-03,TMAX,89
USC00317170,2010-03-04,TMAX,122
USR0000NHOF,2009-02-05,TMAX,11
USW00013754,2009-06-09,TMIN,189
USC00314144,2007-05-20,TMAX,256
USR0000NNWB,2011-04-24,TMAX,306
USR0000NHOF,2009-02-05,TMIN,-111
USR0000NNWB,2011-04-24,TMIN,183
USW00013754,2011-08-15,TMIN,194
USC00314684,2010-11-19,TMAX,161
USW00013754,2011-08-15,TMAX,311
USC00314689,2015-03-04,TMAX,261
USC00314684,2008-12-07,TMAX,133
USR0000NNWB,2007-07-02,TMIN,183
USC00310576,2009-12-18,TMIN,0
USC00310576,2009-12-18,TMAX,100
USW00093719,2012-06-28,TMIN,161
USW00093765,2009-06-05,TMAX,267
USC00314684,2010-11-19,TMIN,-6
USW00093719,2015-03-14,TMIN,133
USC00316096,2011-08-02,TMIN,217
USC00316096,2011-08-02,TMAX,333
USC00316676,2009-10-28,TMIN,150
USC00316676,2009-10-28,TMAX,244
USC00314144,2010-03-03,TMAX,61
USC00314144,2010-03-03,TMIN,0
USW00093765,2009-06-05,TMIN,217
USC00310356,2007-11-23,TMAX,189
USC00314689,2015-05-17,TMAX,278
USC00316676,2006-10-13,TMIN,128
USC00314144,2007-05-20,TMIN,106
USC00316676,2006-10-13,TMAX,267
USC00316676,2008-12-03,TMIN,-39
USW00013754,2009-06-09,TMAX,294
USC00314144,2008-10-13,TMAX,256
USC00310356,2007-11-23,TMIN,106
USC00315830,2010-11-19,TMAX,200
USC00315830,2010-04-13,TMAX,217
USR0000NCRN,2015-04-26,TMAX,161
USC00317170,2013-04-03,TMIN,50
USC00315830,2014-11-22,TMAX,106
USW00093719,2005-10-27,TMIN,56
USW00093765,2015-07-31,TMIN,228
USW00093765,2015-07-31,TMAX,328
USW00093765,2005-04-09,TMIN,89
USR0000NHOF,2012-07-26,TMAX,339
USC00310356,2007-01-19,TMIN,39
USW00013754,2006-12-13,TMAX,217
USW00013754,2006-12-13,TMIN,83
USC00316676,2010-05-17,TMIN,194
USC00316676,2010-05-17,TMAX,306
USR0000NCRN,2011-05-28,TMAX,267
USC00310356,2009-02-05,TMIN,-50
USC00310356,2009-02-05,TMAX,133
USW00093719,2005-10-27,TMAX,178
USW00093765,2005-04-09,TMAX,172
USW00093719,2012-07-08,TMIN,261
USC00310356,2007-01-19,TMAX,78
USC00316096,2015-03-14,TMAX,200
USC00310576,2013-01-05,TMIN,-11
USC00310576,2013-01-05,TMAX,111
USC00314684,2006-11-11,TMAX,261
USC00314684,2006-11-11,TMIN,106
USW00093765,2010-03-04,TMAX,106
USC00314684,2005-03-16,TMIN,6
USC00316096,2010-07-31,TMIN,167
USC00317170,2013-04-03,TMAX,156
USC00316096,2010-07-31,TMAX,289
USC00316676,2012-05-05,TMAX,333
USC00316676,2012-05-05,TMIN,167
USC00315830,2008-01-18,TMAX,167
USC00317170,2008-05-03,TMAX,289
USC00317170,2008-05-03,TMIN,161
USC00315830,2014-11-22,TMIN,0
USC00316096,2015-03-14,TMIN,122
USR0000NCRN,2014-11-21,TMIN,-28
USR0000NCRN,2014-11-21,TMAX,106
USW00093719,2012-07-08,TMAX,367
USW00013754,2007-01-20,TMAX,83
USW00093719,2006-05-05,TMIN,144
USW00093719,2006-05-05,TMAX,283
USR0000NHOF,2006-08-04,TMIN,244
USR0000NHOF,2006-08-04,TMAX,367
USC00310576,2008-01-02,TMIN,17
USC00310576,2008-01-02,TMAX,183
USC00317170,2011-09-20,TMAX,256
USR0000NCRN,2009-03-19,TMAX,206
USC00314684,2005-03-28,TMAX,211
USC00316676,2012-06-06,TMIN,128
USC00316676,2012-06-06,TMAX,222
USW00093719,2011-05-16,TMAX,267
USW00093719,2011-05-16,TMIN,150
USC00310576,2007-03-11,TMIN,56
USC00314689,2007-11-01,TMIN,117
USR0000NCRN,2007-06-09,TMAX,328
USC00314684,2005-03-28,TMIN,106
USW00013754,2007-01-20,TMIN,-16
USC00310576,2010-09-25,TMAX,322
USR0000NHOF,2006-03-06,TMIN,39
USR0000NHOF,2012-07-26,TMIN,228
USC00314144,2009-12-19,TMIN,-11
USC00314684,2013-07-31,TMAX,300
USR0000NCRN,2011-05-28,TMIN,189
USW00013754,2012-02-29,TMAX,239
USC00314684,2013-07-31,TMIN,206
USC00314144,2009-12-19,TMAX,111
USR0000NHOF,2006-03-06,TMAX,122
USC00316676,2007-12-15,TMIN,94
USR0000NCRN,2013-04-07,TMIN,39
USR0000NCRN,2013-04-07,TMAX,200
USR0000NNWB,2015-05-19,TMIN,200
USR0000NNWB,2015-05-19,TMAX,328
USC00317170,2011-09-20,TMIN,156
USW00013754,2012-02-29,TMIN,83
USC00310576,2010-09-25,TMIN,161
USC00316676,2007-12-15,TMAX,211
USC00315830,2008-01-18,TMIN,33
USC00314684,2005-03-16,TMAX,128
USC00314684,2012-12-09,TMAX,189
USC00317170,2013-07-31,TMIN,200
USC00310576,2011-12-20,TMAX,144
USR0000NNWB,2011-05-20,TMIN,150
USW00013754,2009-06-05,TMAX,272
USC00315830,2010-11-19,TMIN,61
USR0000NNWB,2011-05-20,TMAX,283
USC00317170,2007-12-25,TMIN,22
USC00310576,2011-12-20,TMIN,-17
USR0000NCRN,2010-03-03,TMAX,56
USC00310576,2015-02-19,TMAX,72
USW00093765,2005-02-06,TMIN,22
USC00310576,2015-02-19,TMIN,-22
USW00093765,2005-02-06,TMAX,161
USR0000NHOF,2007-04-12,TMIN,83
USR0000NCRN,2010-03-03,TMIN,11
USR0000NHOF,2007-04-12,TMAX,250
USC00317170,2007-12-25,TMAX,150
USR0000NCRN,2007-06-14,TMAX,233
USC00317170,2013-07-31,TMAX,322
USW00093743,2008-09-12,TMIN,217
USC00314689,2013-12-29,TMAX,122
USW00093719,2011-09-29,TMAX,294
USR0000NHOF,2013-04-07,TMIN,-6
USR0000NHOF,2013-04-07,TMAX,183
USW00093719,2011-09-29,TMIN,194
USC00314689,2013-12-29,TMIN,50
USW00093743,2013-04-07,TMIN,50
USW00093743,2008-09-12,TMAX,289
USW00093743,2013-04-07,TMAX,189
USW00093719,2015-04-08,TMAX,300
USR0000NCRN,2007-08-15,TMIN,206
USC00310356,2013-04-07,TMIN,72
USC00310356,2013-04-07,TMAX,156
USC00314689,2010-07-31,TMIN,194
USC00314689,2010-07-31,TMAX,306
USW00093719,2015-04-08,TMIN,156
USR0000NCRN,2007-08-15,TMAX,317
USR0000NCRN,2007-06-14,TMIN,156
USW00093765,2013-04-03,TMAX,128
USW00093765,2013-04-03,TMIN,67
USW00093719,2010-01-11,TMAX,78
USC00314684,2012-12-09,TMIN,67
USC00315830,2009-04-10,TMAX,217
USC00315830,2009-04-10,TMIN,111
USW00093743,2009-02-05,TMAX,17
USC00314684,2007-10-09,TMAX,328
USC00314684,2007-10-09,TMIN,200
USW00093719,2010-01-11,TMIN,-106
USC00316676,2015-07-11,TMIN,228
USR0000NCRN,2014-02-22,TMIN,44
USR0000NCRN,2014-02-22,TMAX,178
USC00310356,2005-11-03,TMIN,94
USC00310356,2005-11-03,TMAX,183
USC00314689,2005-12-09,TMIN,28
USC00314689,2005-12-09,TMAX,128
USW00093765,2010-03-04,TMIN,33
USC00316676,2015-07-11,TMAX,356
USC00314684,2011-05-16,TMAX,283
USC00316676,2010-10-07,TMAX,194
USC00316676,2010-10-07,TMIN,72
USW00013754,2009-06-05,TMIN,211
USC00316676,2012-03-09,TMAX,244
USC00310356,2008-09-12,TMIN,233
USC00316676,2012-03-09,TMIN,117
USC00310356,2008-09-12,TMAX,328
USW00093765,2009-05-28,TMAX,256
USC00314684,2015-12-14,TMIN,100
USC00314684,2015-12-14,TMAX,244
USC00314689,2009-03-19,TMIN,56
USC00314689,2009-03-19,TMAX,233
USW00093743,2009-02-05,TMIN,-71
USW00093743,2012-07-26,TMAX,306
USW00093765,2009-05-28,TMIN,211
USW00093743,2012-07-26,TMIN,256
USC00314684,2011-05-16,TMIN,156
USR0000NNWB,2007-01-20,TMIN,-28
USR0000NNWB,2007-01-20,TMAX,78
USR0000NNWB,2008-06-16,TMAX,344
USC00314144,2008-04-14,TMIN,-6
USC00314689,2005-07-17,TMIN,250
USC00310576,2015-04-01,TMIN,28
USW00013754,2013-04-03,TMIN,61
USC00310356,2009-05-12,TMIN,122
USW00093743,2009-09-10,TMAX,244
USC00316096,2012-05-05,TMAX,317
USC00316096,2012-05-05,TMIN,194
USR0000NHOF,2011-09-02,TMIN,133
USC00314684,2011-09-17,TMAX,172
USW00093765,2010-07-30,TMIN,233
USR0000NNWB,2006-07-08,TMAX,278
USR0000NNWB,2006-07-08,TMIN,172
USW00093743,2009-09-10,TMIN,172
USC00310576,2006-08-03,TMAX,350
USC00315830,2005-05-08,TMAX,239
USC00310356,2012-01-27,TMAX,183
USR0000NHOF,2009-04-11,TMIN,100
USR0000NHOF,2009-04-11,TMAX,233
USC00310356,2009-05-12,TMAX,233
USC00315830,2005-05-08,TMIN,122
USW00093743,2013-12-30,TMAX,161
USW00093765,2010-07-30,TMAX,317
USW00013754,2008-02-13,TMIN,89
USW00013754,2008-02-13,TMAX,211
USR0000NHOF,2011-09-02,TMAX,294
USC00314689,2012-12-09,TMAX,233
USC00314684,2007-09-19,TMIN,133
USR0000NNWB,2015-09-02,TMAX,344
USW00093765,2014-12-25,TMIN,44
USW00093743,2013-12-30,TMIN,56
USC00314684,2012-10-18,TMAX,206
USW00093765,2014-12-25,TMAX,189
USW00093765,2007-01-20,TMIN,-27
USW00093765,2007-01-20,TMAX,83
USW00093719,2011-01-18,TMIN,39
USW00093719,2011-01-18,TMAX,78
USR0000NNWB,2015-09-02,TMIN,222
USW00013754,2013-04-03,TMAX,133
USC00314684,2012-10-18,TMIN,67
USC00316096,2014-09-14,TMIN,194
USC00314144,2007-08-22,TMAX,317
USR0000NCRN,2007-01-19,TMAX,122
USC00314144,2007-08-22,TMIN,200
USC00314684,2006-10-12,TMIN,133
USC00316096,2011-06-02,TMIN,211
USC00314144,2010-10-24,TMIN,44
USC00316676,2015-11-05,TMIN,172
USC00314144,2010-10-24,TMAX,261
USC00316676,2015-11-05,TMAX,228
USC00314684,2006-10-12,TMAX,250
USC00316096,2011-06-02,TMAX,339
USC00316676,2008-08-07,TMIN,228
USC00316676,2008-08-07,TMAX,367
USR0000NHOF,2007-01-02,TMIN,-22
USW00093765,2012-07-08,TMIN,278
USC00314684,2011-09-17,TMIN,139
USW00093765,2012-07-08,TMAX,322
USR0000NHOF,2007-01-02,TMAX,133
USC00316676,2015-07-30,TMIN,222
USW00013754,2007-06-14,TMIN,156
USC00316676,2015-07-30,TMAX,317
USC00314144,2010-11-05,TMAX,133
USR0000NCRN,2007-01-19,TMIN,56
USC00310576,2006-08-03,TMIN,261
USC00310576,2012-03-10,TMIN,22
USC00310356,2012-01-27,TMIN,106
USC00315830,2013-09-25,TMIN,128
USC00310576,2012-03-10,TMAX,178
USC00314684,2009-07-21,TMIN,189
USC00314689,2009-06-16,TMIN,206
USR0000NNWB,2013-04-03,TMAX,167
USC00315830,2013-09-25,TMAX,233
USR0000NNWB,2013-04-03,TMIN,72
USC00314684,2009-07-21,TMAX,278
USC00314689,2014-09-14,TMAX,300
USC00314689,2012-05-05,TMAX,317
USC00314689,2012-05-05,TMIN,200
USC00314689,2014-09-14,TMIN,183
USW00013754,2007-06-14,TMAX,233
USW00093719,2012-01-03,TMIN,-22
USW00093719,2005-07-17,TMIN,244
USW00013754,2005-01-19,TMAX,6
USC00314684,2005-04-09,TMIN,122
USC00314684,2005-04-09,TMAX,244
USC00310356,2014-12-20,TMAX,133
USC00310356,2014-12-20,TMIN,56
USC00310356,2008-06-04,TMIN,217
USC00310356,2008-06-04,TMAX,261
USC00314689,2006-09-28,TMAX,272
USC00315830,2013-04-07,TMAX,200
USC00314689,2006-09-28,TMIN,133
USW00093765,2008-05-04,TMIN,183
USW00093765,2008-05-04,TMAX,239
USW00093765,2006-09-18,TMIN,239
USW00093719,2010-09-14,TMAX,328
USW00093765,2006-09-18,TMAX,278
USR0000NHOF,2007-07-31,TMIN,183
USR0000NHOF,2006-12-03,TMIN,-6
USW00093719,2010-09-14,TMIN,161
USC00310576,2014-02-22,TMIN,61
USC00310356,2011-01-28,TMAX,83
USW00093719,2010-06-09,TMAX,306
USR0000NNWB,2011-09-29,TMIN,194
USC00316676,2011-02-08,TMIN,22
USR0000NHOF,2012-02-12,TMIN,-50
USC00315830,2015-09-06,TMIN,244
USC00316676,2011-02-08,TMAX,111
USC00315830,2015-09-06,TMAX,306
USC00314684,2010-01-09,TMAX,39
USC00315830,2013-04-07,TMIN,61
USC00316096,2011-03-17,TMAX,189
USW00093719,2005-07-17,TMAX,333
USC00314144,2008-07-23,TMAX,306
USC00314144,2008-07-23,TMIN,217
USW00093743,2008-06-04,TMIN,228
USW00093743,2008-06-04,TMAX,278
USW00093719,2010-06-09,TMIN,194
USC00314144,2010-11-05,TMIN,11
USC00314684,2010-01-09,TMIN,-61
USC00316096,2014-09-14,TMAX,250
USC00310576,2014-02-22,TMAX,244
USC00315830,2006-03-05,TMAX,133
USC00314684,2015-05-17,TMAX,283
USW00093765,2012-02-12,TMAX,44
USC00314684,2015-05-17,TMIN,144
USR0000NHOF,2010-03-23,TMAX,178
USR0000NHOF,2010-03-23,TMIN,50
USC00314684,2007-09-19,TMAX,267
USW00093765,2015-10-20,TMIN,72
USR0000NHOF,2007-07-31,TMAX,306
USR0000NNWB,2007-11-13,TMIN,94
USC00315830,2006-08-30,TMIN,278
USC00315830,2006-08-30,TMAX,311
USC00314689,2010-12-06,TMAX,44
USW00093765,2007-09-08,TMIN,200
USW00093765,2007-09-08,TMAX,306
USC00314689,2010-12-06,TMIN,-22
USC00314689,2012-12-09,TMIN,94
USW00093765,2015-10-20,TMAX,200
USR0000NHOF,2006-12-03,TMAX,133
USR0000NNWB,2007-11-13,TMAX,228
USW00093743,2011-09-02,TMIN,183
USC00315830,2006-03-05,TMIN,0
USC00314684,2010-01-11,TMIN,-100
USC00314144,2006-02-11,TMAX,122
USC00314684,2010-01-11,TMAX,17
USC00314684,2009-06-01,TMIN,189
USC00315830,2013-07-31,TMAX,289
USC00314144,2006-02-11,TMIN,11
USW00093765,2012-02-12,TMIN,-38
USC00315830,2013-07-31,TMIN,228
USC00314684,2005-06-27,TMAX,306
USC00314684,2009-06-01,TMAX,317
USW00093743,2011-09-02,TMAX,278
USC00310356,2009-09-10,TMAX,272
USC00314689,2006-05-05,TMIN,161
USC00314689,2006-05-05,TMAX,289
USC00310356,2009-09-10,TMIN,183
USC00314684,2005-06-27,TMIN,233
USC00317170,2015-05-19,TMIN,194
USC00317170,2015-05-19,TMAX,333
USW00093719,2012-01-03,TMAX,33
USC00310576,2006-01-30,TMIN,133
USW00093719,2006-07-08,TMAX,272
USW00093719,2006-07-08,TMIN,183
USR0000NNWB,2011-08-15,TMAX,317
USC00310576,2006-01-30,TMAX,178
USC00317170,2010-07-30,TMAX,322
USC00317170,2010-07-30,TMIN,233
USC00314144,2011-03-21,TMAX,233
USC00310576,2015-07-10,TMAX,339
USC00310576,2015-07-10,TMIN,239
USC00317170,2010-01-11,TMAX,83
USC00316096,2015-05-17,TMIN,139
USC00317170,2008-01-08,TMAX,239
USC00315830,2007-03-20,TMAX,194
USW00093719,2013-04-03,TMAX,144
USW00093719,2013-04-03,TMIN,61
USC00317170,2010-01-11,TMIN,-50
USC00317170,2008-01-08,TMIN,72
USC00316096,2015-05-17,TMAX,267
USR0000NNWB,2011-08-15,TMIN,194
USC00316676,2011-09-02,TMAX,283
USC00310576,2015-04-25,TMIN,61
USC00315830,2014-06-08,TMAX,272
USR0000NCRN,2005-06-27,TMAX,311
USW00093743,2012-01-27,TMIN,72
USC00310576,2005-09-20,TMAX,306
USC00310576,2005-09-20,TMIN,200
USW00093765,2009-04-27,TMAX,233
USC00316096,2012-10-18,TMAX,267
USR0000NCRN,2005-06-27,TMIN,233
USC00316096,2012-10-18,TMIN,106
USC00316676,2010-03-23,TMIN,61
USC00316676,2010-03-23,TMAX,194
USW00093765,2009-04-27,TMIN,150
USW00093765,2015-05-19,TMAX,278
USC00314144,2011-03-21,TMIN,89
USW00093765,2015-05-19,TMIN,217
USC00310356,2012-08-31,TMAX,300
USR0000NCRN,2011-04-25,TMIN,194
USC00315830,2007-03-20,TMIN,117
USC00310356,2007-01-02,TMIN,78
USC00314689,2012-10-18,TMAX,267
USR0000NHOF,2014-12-20,TMAX,61
USC00316676,2007-06-03,TMIN,172
USC00316676,2014-09-17,TMIN,206
USC00316676,2014-09-17,TMAX,283
USC00314689,2012-10-18,TMIN,89
USW00013754,2009-01-25,TMAX,50
USC00310356,2007-01-02,TMAX,200
USC00316676,2005-09-21,TMIN,211
USC00316676,2005-09-21,TMAX,311
USW00093765,2014-02-19,TMAX,172
USR0000NHOF,2014-12-20,TMIN,0
USW00093719,2006-02-16,TMIN,50
USW00093719,2006-02-16,TMAX,211
USC00310576,2015-04-01,TMAX,217
USC00317170,2015-07-31,TMAX,328
USR0000NCRN,2011-04-25,TMAX,256
USW00013754,2009-01-25,TMIN,11
USW00093719,2015-12-13,TMIN,100
USW00013754,2011-04-24,TMAX,278
USW00013754,2011-04-24,TMIN,183
USC00316096,2015-12-14,TMIN,133
USC00316096,2015-12-14,TMAX,233
USW00093765,2008-05-03,TMAX,244
USW00093765,2008-05-03,TMIN,189
USC00314689,2008-08-23,TMAX,306
USC00310576,2014-04-24,TMIN,67
USC00314689,2008-08-23,TMIN,194
USW00013754,2013-07-31,TMIN,217
USR0000NHOF,2012-01-27,TMAX,206
USC00317170,2015-07-31,TMIN,222
USC00314689,2008-03-20,TMIN,117
USR0000NHOF,2012-01-27,TMIN,50
USW00093719,2015-12-13,TMAX,256
USC00310576,2014-04-24,TMAX,233
USW00013754,2013-07-31,TMAX,289
USC00310356,2012-08-31,TMIN,256
USC00316676,2011-09-02,TMIN,161
USR0000NHOF,2009-09-10,TMIN,156
USC00314684,2011-10-04,TMAX,200
USC00316096,2012-12-09,TMIN,94
USC00310576,2005-07-12,TMAX,317
USC00310576,2005-07-12,TMIN,233
USC00314689,2011-12-19,TMAX,144
USC00314689,2011-12-19,TMIN,-33
USW00093743,2013-01-04,TMAX,111
USC00317170,2007-10-17,TMAX,283
USR0000NHOF,2012-08-31,TMIN,178
USW00093743,2013-01-04,TMIN,-21
USW00093743,2009-04-11,TMAX,239
USC00310576,2015-01-04,TMAX,217
USC00315830,2008-06-30,TMAX,289
USC00315830,2008-06-30,TMIN,250
USC00310576,2015-01-04,TMIN,94
USW00093719,2010-12-30,TMIN,-50
USR0000NHOF,2012-08-31,TMAX,306
USR0000NCRN,2009-06-23,TMAX,283
USC00317170,2007-10-17,TMIN,167
USC00310356,2013-01-04,TMAX,56
USC00314689,2007-04-03,TMIN,122
USC00314689,2007-04-03,TMAX,300
USC00314689,2009-06-16,TMAX,261
USC00316676,2005-02-10,TMAX,200
USC00315830,2007-07-19,TMAX,317
USC00315830,2007-07-19,TMIN,261
USC00314684,2006-07-10,TMIN,172
USC00310356,2013-01-04,TMIN,6
USC00314684,2006-07-10,TMAX,283
USC00316676,2005-02-10,TMIN,117
USC00315830,2010-04-28,TMIN,78
USW00093719,2007-03-05,TMIN,-11
USC00315830,2010-04-28,TMAX,200
USC00310356,2006-12-03,TMIN,100
USW00093743,2009-04-11,TMIN,117
USC00314684,2011-10-04,TMIN,50
USW00093719,2007-03-05,TMAX,167
USR0000NHOF,2013-01-04,TMAX,100
USR0000NCRN,2009-06-23,TMIN,211
USR0000NHOF,2013-01-04,TMIN,-39
USW00093743,2012-08-31,TMAX,289
USC00315830,2009-07-20,TMAX,294
USC00315830,2009-07-20,TMIN,217
USC00314689,2015-12-14,TMIN,139
USC00314689,2015-12-14,TMAX,233
USC00315830,2009-10-16,TMIN,122
USC00316676,2013-08-04,TMIN,217
USW00093743,2012-08-31,TMIN,189
USC00316676,2013-08-04,TMAX,311
USC00315830,2015-11-29,TMIN,100
USC00315830,2014-06-08,TMIN,156
USR0000NHOF,2009-09-10,TMAX,217
USC00315830,2009-10-16,TMAX,178
USW00093743,2012-01-27,TMAX,206
USC00314684,2009-05-17,TMIN,194
USC00314684,2009-05-17,TMAX,289
USC00315830,2015-11-29,TMAX,222
USC00310576,2015-04-25,TMAX,194
USC00316096,2010-01-09,TMIN,-72
USC00316096,2010-01-09,TMAX,6
USC00317170,2009-09-19,TMIN,194
USC00316676,2006-04-05,TMIN,39
USC00317170,2009-09-19,TMAX,289
USC00316096,2012-12-09,TMAX,228
USC00316676,2006-04-05,TMAX,283
USR0000NCRN,2013-11-18,TMAX,256
USW00093765,2006-01-29,TMAX,183
USW00093765,2006-01-29,TMIN,67
USW00093719,2010-12-30,TMAX,89
USC00310356,2009-04-11,TMIN,150
USC00314684,2006-05-05,TMIN,106
USC00314684,2006-05-05,TMAX,283
USC00315830,2005-11-27,TMAX,217
USC00316676,2010-06-08,TMAX,283
USC00315830,2005-11-27,TMIN,67
USC00310356,2009-04-11,TMAX,200
USC00316676,2010-06-08,TMIN,172
USC00314689,2007-06-03,TMAX,267
USR0000NCRN,2007-06-09,TMIN,211
USR0000NCRN,2009-03-19,TMIN,44
USC00314689,2007-11-01,TMAX,244
USC00314689,2012-11-13,TMAX,233
USR0000NCRN,2012-05-06,TMAX,244
USC00315830,2015-05-19,TMAX,272
USR0000NCRN,2012-05-06,TMIN,183
USW00093719,2014-09-17,TMIN,200
USW00093719,2014-09-17,TMAX,278
USC00314684,2009-03-19,TMIN,28
USC00315830,2015-05-19,TMIN,172
USC00314684,2009-03-19,TMAX,194
USC00310356,2012-08-13,TMIN,239
USC00316676,2014-02-21,TMIN,117
USC00316676,2014-02-21,TMAX,250
USC00316676,2015-03-18,TMIN,78
USC00310576,2011-09-02,TMAX,283
USC00316676,2015-03-18,TMAX,294
USR0000NCRN,2005-03-10,TMIN,0
USC00310356,2012-08-13,TMAX,278
USR0000NCRN,2005-03-10,TMAX,122
USC00314144,2008-06-04,TMAX,317
USC00310356,2005-07-23,TMAX,300
USW00013754,2013-02-19,TMAX,161
USW00013754,2013-02-19,TMIN,-10
USW00093719,2011-06-05,TMIN,194
USR0000NCRN,2015-01-23,TMAX,167
USR0000NCRN,2015-01-23,TMIN,44
USC00310576,2007-04-20,TMIN,67
USC00316676,2005-01-10,TMIN,56
USC00314689,2012-11-13,TMIN,89
USW00093719,2011-06-05,TMAX,300
USR0000NNWB,2011-05-06,TMAX,244
USC00310576,2007-04-20,TMAX,161
USC00317170,2009-04-30,TMAX,289
USW00093765,2013-08-04,TMIN,194
USC00315830,2007-06-05,TMIN,239
USW00093765,2013-08-04,TMAX,300
USC00314144,2008-06-04,TMIN,167
USC00317170,2009-04-30,TMIN,144
USC00316676,2005-01-10,TMAX,133
USR0000NNWB,2013-02-19,TMAX,167
USW00013754,2009-01-23,TMAX,150
USW00093765,2007-11-16,TMIN,39
USW00093765,2007-11-16,TMAX,117
USW00013754,2010-06-09,TMIN,183
USR0000NNWB,2007-11-16,TMAX,111
USW00013754,2010-06-09,TMAX,294
USC00316676,2006-09-13,TMIN,139
USR0000NNWB,2008-04-03,TMIN,89
USC00314689,2008-11-04,TMIN,150
USC00316096,2012-02-21,TMAX,178
USW00093719,2007-11-13,TMAX,233
USW00093765,2011-07-15,TMAX,294
USW00093719,2007-11-13,TMIN,89
USC00310576,2010-03-03,TMAX,94
USC00310576,2010-03-03,TMIN,33
USC00310576,2010-04-28,TMAX,239
USR0000NCRN,2011-11-01,TMIN,72
USW00093765,2011-07-15,TMIN,228
USR0000NNWB,2013-02-19,TMIN,-11
USW00013754,2012-01-03,TMIN,-16
USC00310356,2007-03-01,TMIN,72
USR0000NHOF,2007-11-23,TMIN,-39
USW00093765,2015-12-14,TMIN,172
USW00093765,2015-12-14,TMAX,233
USC00310576,2011-09-02,TMIN,150
USR0000NNWB,2009-07-20,TMAX,283
USR0000NNWB,2009-07-20,TMIN,211
USC00314689,2008-11-04,TMAX,183
USR0000NHOF,2010-06-25,TMAX,356
USC00316676,2006-09-13,TMAX,233
USC00316676,2009-12-01,TMIN,61
USR0000NCRN,2009-04-11,TMIN,111
USC00316676,2009-12-01,TMAX,222
USR0000NHOF,2010-06-25,TMIN,233
USC00314684,2008-11-10,TMIN,17
USC00314684,2008-11-10,TMAX,194
USR0000NCRN,2009-04-11,TMAX,233
USC00310356,2007-03-01,TMAX,150
USW00093743,2012-08-13,TMAX,294
USW00013754,2012-07-08,TMAX,350
USC00310356,2005-07-23,TMIN,233
USC00310356,2008-06-03,TMAX,289
USC00310356,2008-06-03,TMIN,183
USC00317170,2010-06-22,TMAX,356
USC00316676,2009-09-18,TMAX,294
USC00316676,2009-09-18,TMIN,194
USR0000NCRN,2006-08-04,TMIN,239
USC00316676,2005-02-24,TMAX,150
USC00317170,2013-08-04,TMAX,294
USC00314684,2012-10-20,TMIN,50
USC00314684,2012-10-20,TMAX,267
USR0000NCRN,2006-08-04,TMAX,344
USC00317170,2010-06-22,TMIN,244
USW00013754,2005-05-08,TMAX,239
USW00013754,2005-05-08,TMIN,117
USC00316676,2006-04-04,TMAX,283
USC00316676,2006-04-04,TMIN,100
USC00317170,2008-12-22,TMIN,6
USW00093743,2008-06-03,TMAX,256
USC00317170,2013-08-04,TMIN,217
USW00093719,2015-07-31,TMIN,228
USR0000NCRN,2008-09-12,TMAX,317
USC00316676,2013-02-20,TMAX,167
USR0000NNWB,2008-01-17,TMAX,122
USC00310356,2007-03-25,TMAX,217
USW00093719,2010-03-04,TMIN,6
USW00093765,2008-07-23,TMIN,244
USW00093765,2008-07-23,TMAX,294
USW00093719,2015-07-31,TMAX,322
USR0000NNWB,2008-01-17,TMIN,22
USW00093719,2006-01-12,TMAX,233
USW00093719,2006-01-12,TMIN,78
USC00317170,2015-12-13,TMAX,239
USR0000NNWB,2011-01-18,TMIN,33
USR0000NNWB,2011-01-18,TMAX,78
USC00317170,2008-12-22,TMAX,83
USC00317170,2015-12-13,TMIN,106
USW00093719,2010-03-04,TMAX,111
USW00013754,2012-07-08,TMIN,256
USC00316096,2012-02-21,TMIN,-22
USW00093743,2008-06-03,TMIN,161
USR0000NHOF,2008-06-03,TMIN,122
USW00093743,2013-09-25,TMAX,239
USC00317170,2009-05-17,TMIN,156
USC00317170,2009-05-17,TMAX,283
USC00314689,2005-04-08,TMAX,250
USR0000NNWB,2010-10-23,TMAX,244
USR0000NNWB,2010-10-23,TMIN,39
USW00013754,2009-07-20,TMIN,200
USC00310356,2013-09-25,TMIN,156
USR0000NNWB,2011-05-06,TMIN,78
USC00310356,2013-09-25,TMAX,244
USC00314144,2010-09-03,TMIN,217
USC00314689,2005-04-08,TMIN,161
USW00093719,2005-04-09,TMAX,178
USC00314689,2015-01-23,TMIN,17
USC00314689,2015-01-23,TMAX,156
USW00093719,2005-04-09,TMIN,83
USR0000NNWB,2009-06-09,TMAX,322
USW00013754,2009-07-20,TMAX,261
USW00093743,2013-09-25,TMIN,133
USR0000NNWB,2009-06-09,TMIN,189
USC00314144,2011-03-28,TMAX,83
USW00093719,2014-12-25,TMIN,39
USW00093719,2006-07-10,TMIN,194
USW00093719,2006-07-10,TMAX,306
USC00314144,2011-04-25,TMIN,161
USC00315830,2007-06-05,TMAX,283
USR0000NHOF,2008-06-03,TMAX,272
USC00314144,2011-04-25,TMAX,294
USC00314689,2008-12-12,TMIN,128
USC00314689,2008-12-12,TMAX,217
USC00314689,2014-02-19,TMAX,211
USC00316676,2010-10-30,TMIN,56
USC00314144,2011-03-28,TMIN,-17
USC00314689,2014-02-19,TMIN,56
USC00316676,2010-10-30,TMAX,172
USW00093719,2014-12-25,TMAX,211
USR0000NCRN,2011-11-01,TMAX,167
USR0000NHOF,2009-03-11,TMIN,83
USC00314689,2015-09-26,TMIN,194
USW00093743,2013-08-01,TMAX,283
USW00093743,2013-08-01,TMIN,222
USC00314684,2012-01-27,TMIN,67
USR0000NNWB,2006-07-10,TMAX,328
USR0000NCRN,2013-09-25,TMIN,94
USR0000NCRN,2013-09-25,TMAX,228
USC00314684,2012-01-27,TMAX,217
USR0000NNWB,2006-07-10,TMIN,194
USC00310576,2005-02-11,TMIN,-22
USC00316096,2013-04-06,TMIN,28
USC00316096,2013-04-06,TMAX,156
USW00093719,2013-08-04,TMIN,189
USW00093719,2013-08-04,TMAX,300
USC00310576,2005-01-19,TMAX,22
USW00093765,2007-12-25,TMIN,33
USW00093765,2007-12-25,TMAX,144
USC00310576,2005-02-11,TMAX,78
USR0000NNWB,2009-06-16,TMAX,233
USR0000NHOF,2012-05-06,TMIN,161
USC00315830,2007-12-25,TMIN,50
USW00013754,2009-09-19,TMIN,194
USC00310356,2012-05-06,TMAX,256
USC00310356,2012-05-06,TMIN,194
USW00013754,2009-09-19,TMAX,272
USR0000NCRN,2008-09-28,TMIN,178
USR0000NCRN,2008-09-28,TMAX,272
USW00093743,2012-05-06,TMAX,256
USR0000NHOF,2012-05-06,TMAX,244
USC00310356,2005-11-15,TMAX,228
USC00310356,2005-11-15,TMIN,172
USC00310356,2013-08-01,TMAX,306
USC00310356,2013-08-01,TMIN,222
USC00316096,2015-09-26,TMIN,206
USC00315830,2007-01-20,TMIN,0
USC00315830,2007-01-20,TMAX,133
USC00315830,2007-12-25,TMAX,133
USW00093743,2012-05-06,TMIN,178
USW00093743,2007-06-25,TMAX,289
USR0000NNWB,2009-06-16,TMIN,194
USW00093719,2013-02-19,TMAX,172
USC00316096,2010-07-30,TMIN,222
USC00317170,2007-06-28,TMIN,217
USC00310356,2013-12-20,TMIN,122
USW00093743,2013-12-20,TMAX,200
USC00317170,2007-06-28,TMAX,339
USW00093719,2015-03-18,TMAX,183
USW00013754,2005-05-31,TMAX,239
USC00316096,2010-07-30,TMAX,311
USC00310356,2005-06-27,TMAX,283
USC00310356,2007-06-25,TMIN,222
USC00316676,2012-08-30,TMIN,228
USC00316676,2012-08-30,TMAX,294
USC00310356,2007-06-25,TMAX,306
USW00093743,2013-12-20,TMIN,50
USR0000NCRN,2007-01-02,TMIN,17
USC00315830,2015-08-21,TMIN,233
USC00310356,2005-06-27,TMIN,239
USW00013754,2005-05-31,TMIN,183
USC00310576,2014-11-21,TMIN,28
USC00316096,2015-09-26,TMAX,233
USW00093719,2013-02-19,TMIN,-6
USW00093765,2010-07-31,TMIN,211
USW00093765,2010-07-31,TMAX,294
USR0000NNWB,2005-04-09,TMIN,94
USR0000NNWB,2005-04-09,TMAX,189
USC00314144,2006-08-04,TMIN,217
USW00093765,2011-09-20,TMIN,189
USC00310576,2014-11-21,TMAX,161
USW00093765,2011-09-20,TMAX,272
USC00315830,2005-05-09,TMIN,106
USC00310576,2005-01-19,TMIN,-111
USC00315830,2005-05-09,TMAX,256
USC00315830,2015-08-21,TMAX,311
USW00093719,2009-07-20,TMAX,272
USW00093719,2009-07-20,TMIN,206
USC00310356,2013-12-20,TMAX,211
USC00314144,2006-08-04,TMAX,372
USW00093765,2012-01-19,TMIN,6
USW00093743,2007-06-25,TMIN,217
USC00314689,2013-04-06,TMAX,178
USC00310576,2008-03-07,TMAX,217
USR0000NCRN,2005-11-03,TMIN,33
USW00093719,2011-05-12,TMIN,122
USR0000NNWB,2014-09-17,TMIN,194
USR0000NNWB,2014-09-17,TMAX,267
USR0000NCRN,2005-11-03,TMAX,233
USW00093765,2005-06-27,TMAX,294
USC00316096,2015-01-23,TMAX,167
USC00310576,2008-03-07,TMIN,72
USR0000NCRN,2013-08-01,TMIN,211
USC00316096,2012-11-13,TMIN,72
USC00316096,2012-11-13,TMAX,211
USC00317170,2012-12-09,TMIN,94
USC00314689,2006-01-13,TMIN,133
USC00314689,2006-01-13,TMAX,222
USC00317170,2012-12-09,TMAX,233
USR0000NCRN,2013-08-01,TMAX,272
USW00093765,2009-08-05,TMAX,294
USC00316096,2015-01-23,TMIN,44
USW00093719,2011-05-12,TMAX,239
USC00315830,2006-05-05,TMIN,178
USC00315830,2006-05-05,TMAX,222
USW00093743,2012-08-13,TMIN,217
USW00013754,2012-01-03,TMAX,44
USR0000NNWB,2008-04-03,TMAX,189
USC00314689,2015-09-26,TMAX,239
USR0000NNWB,2009-09-19,TMIN,194
USC00310576,2010-04-28,TMIN,106
USC00314684,2007-04-19,TMAX,178
USC00314684,2007-04-19,TMIN,39
USR0000NNWB,2007-11-16,TMIN,-6
USC00317170,2010-07-31,TMIN,189
USC00317170,2010-07-31,TMAX,300
USR0000NHOF,2009-03-11,TMAX,256
USC00314144,2010-09-03,TMAX,333
USW00093765,2005-06-27,TMIN,244
USR0000NNWB,2009-09-19,TMAX,283
USW00013754,2009-01-23,TMIN,-16
USR0000NHOF,2012-08-13,TMAX,317
USW00013754,2007-01-01,TMAX,222
USC00315830,2010-01-11,TMIN,-72
USC00315830,2010-01-11,TMAX,61
USC00314689,2006-10-13,TMIN,100
USW00093719,2007-05-10,TMAX,267
USW00093719,2007-05-10,TMIN,139
USC00314689,2006-10-13,TMAX,250
USW00093719,2009-04-20,TMAX,261
USC00310356,2012-05-08,TMAX,267
USW00093765,2012-01-19,TMAX,111
USR0000NNWB,2010-03-04,TMIN,6
USW00093765,2006-01-12,TMIN,83
USR0000NNWB,2010-03-04,TMAX,111
USC00314689,2007-08-05,TMAX,356
USC00314144,2011-07-04,TMAX,328
USC00314144,2011-07-04,TMIN,222
USC00314689,2013-04-06,TMIN,39
USW00093765,2006-01-12,TMAX,183
USC00310356,2012-05-08,TMIN,183
USW00093765,2009-08-05,TMIN,261
USW00093719,2009-04-20,TMIN,156
USR0000NHOF,2012-05-08,TMIN,111
USW00013754,2007-01-01,TMIN,128
USC00316676,2011-10-15,TMAX,250
USR0000NHOF,2012-05-08,TMAX,256
USW00013754,2014-09-17,TMIN,211
USW00013754,2014-09-17,TMAX,272
USR0000NHOF,2012-08-13,TMIN,194
USC00316676,2011-10-15,TMIN,94
USC00310576,2011-05-20,TMAX,261
USC00310576,2011-05-20,TMIN,100
USW00013754,2008-08-07,TMAX,333
USW00093743,2012-05-08,TMIN,183
USW00093743,2012-05-08,TMAX,244
USW00013754,2008-08-07,TMIN,211
USC00310576,2013-11-19,TMIN,78
USC00314689,2007-08-05,TMIN,228
USC00310576,2013-11-19,TMAX,261
USR0000NCRN,2008-09-12,TMIN,217
USC00316676,2013-04-06,TMAX,150
USC00316676,2013-04-06,TMIN,39
USC00316676,2005-02-24,TMIN,56
USW00093719,2009-08-22,TMAX,333
USC00317170,2009-07-21,TMIN,194
USC00317170,2009-07-21,TMAX,300
USC00310356,2006-03-06,TMAX,128
USC00310356,2007-04-12,TMIN,150
USC00316676,2011-12-05,TMAX,206
USC00310356,2007-04-12,TMAX,178
USC00310356,2006-03-06,TMIN,50
USC00316676,2011-12-05,TMIN,56
USC00314684,2011-02-22,TMIN,67
USR0000NHOF,2010-03-03,TMAX,56
USC00317170,2010-11-15,TMIN,44
USR0000NHOF,2010-03-03,TMIN,0
USC00314689,2013-01-18,TMIN,22
USR0000NNWB,2006-01-12,TMAX,233
USR0000NNWB,2006-01-12,TMIN,94
USW00093719,2012-07-26,TMIN,239
USC00317170,2010-11-15,TMAX,222
USC00314689,2013-08-04,TMAX,322
USC00310356,2009-08-06,TMAX,300
USC00315830,2010-12-17,TMIN,-50
USC00310356,2010-03-03,TMAX,89
USC00310356,2010-03-03,TMIN,17
USC00315830,2010-12-17,TMAX,122
USC00316096,2014-09-17,TMIN,206
USC00316096,2014-09-17,TMAX,267
USR0000NCRN,2013-12-30,TMIN,44
USC00314689,2013-08-04,TMIN,211
USW00013754,2007-08-10,TMAX,333
USW00093719,2009-08-22,TMIN,222
USW00093743,2010-03-03,TMIN,22
USW00093765,2007-12-11,TMIN,117
USW00093765,2007-12-11,TMAX,233
USW00093765,2006-07-10,TMIN,217
USW00093765,2006-07-10,TMAX,283
USC00310356,2009-08-06,TMIN,261
USW00093743,2010-03-03,TMAX,67
USW00013754,2010-01-11,TMAX,78
USC00314689,2013-01-18,TMAX,94
USW00013754,2009-04-27,TMAX,289
USC00316676,2012-10-18,TMAX,206
USC00316676,2012-10-18,TMIN,94
USC00310576,2013-01-04,TMAX,72
USC00314684,2013-04-03,TMAX,161
USC00310576,2014-08-10,TMIN,211
USC00316676,2007-11-24,TMIN,17
USC00314684,2013-04-03,TMIN,44
USC00314684,2008-08-26,TMIN,194
USC00310576,2014-08-10,TMAX,233
USC00316096,2012-08-29,TMAX,289
USC00310576,2013-01-04,TMIN,-6
USC00316096,2012-08-29,TMIN,228
USW00013754,2008-05-04,TMIN,172
USW00013754,2008-05-04,TMAX,250
USW00093719,2011-04-24,TMAX,306
USW00093719,2011-04-24,TMIN,172
USC00316676,2007-11-24,TMAX,117
USW00093719,2012-07-26,TMAX,350
USC00314684,2014-02-19,TMIN,11
USC00314684,2014-02-19,TMAX,189
USW00093765,2009-09-03,TMAX,261
USW00013754,2009-04-27,TMIN,122
USC00314684,2011-02-22,TMAX,261
USC00316096,2012-10-20,TMIN,78
USC00316096,2012-10-20,TMAX,239
USW00013754,2007-08-10,TMIN,228
USC00314689,2012-12-01,TMIN,6
USC00317170,2011-03-05,TMAX,211
USC00310576,2008-04-10,TMAX,172
USC00316676,2014-09-14,TMAX,300
USW00093765,2009-09-03,TMIN,211
USC00316676,2014-09-14,TMIN,194
USC00316096,2013-08-04,TMIN,183
USR0000NCRN,2013-12-30,TMAX,156
USC00316096,2013-08-04,TMAX,311
USC00314684,2008-08-26,TMAX,317
USC00310576,2008-04-10,TMIN,111
USW00013754,2010-01-11,TMIN,-93
USR0000NCRN,2010-07-03,TMIN,133
USR0000NNWB,2006-05-05,TMAX,294
USR0000NCRN,2008-06-04,TMAX,306
USR0000NHOF,2007-03-25,TMIN,56
USR0000NHOF,2007-03-25,TMAX,239
USR0000NHOF,2007-01-19,TMAX,128
USR0000NHOF,2007-01-19,TMIN,-17
USC00314689,2013-07-31,TMAX,306
USC00314689,2013-07-31,TMIN,211
USR0000NCRN,2008-06-04,TMIN,228
USR0000NCRN,2015-09-15,TMIN,89
USC00315830,2008-04-03,TMAX,167
USR0000NNWB,2010-01-11,TMIN,-94
USR0000NNWB,2010-01-11,TMAX,83
USW00013754,2015-05-19,TMIN,183
USW00013754,2015-05-19,TMAX,317
USR0000NCRN,2005-03-29,TMIN,106
USR0000NHOF,2009-08-06,TMIN,200
USR0000NCRN,2015-09-15,TMAX,267
USC00310576,2013-09-25,TMIN,94
USC00316676,2014-05-16,TMAX,283
USC00310356,2006-08-04,TMAX,289
USC00314144,2008-04-14,TMAX,144
USC00314689,2012-10-20,TMIN,100
USC00314689,2012-10-20,TMAX,256
USW00013754,2008-01-14,TMIN,11
USW00093743,2007-11-23,TMAX,178
USW00093743,2007-11-23,TMIN,17
USC00316096,2013-07-31,TMAX,289
USW00013754,2008-01-14,TMAX,133
USC00316096,2013-07-31,TMIN,217
USC00310576,2007-03-11,TMAX,211
USC00317170,2007-08-10,TMAX,356
USW00093765,2007-11-29,TMAX,189
USW00093765,2007-11-29,TMIN,94
USC00315830,2014-06-30,TMAX,289
USC00316676,2014-05-16,TMIN,211
USC00315830,2014-06-30,TMIN,178
USC00317170,2007-08-10,TMIN,233
USR0000NCRN,2008-06-03,TMAX,272
USR0000NCRN,2005-03-29,TMAX,228
USC00310576,2013-09-25,TMAX,233
USC00315830,2006-05-03,TMIN,156
USC00317170,2008-07-23,TMIN,239
USC00310576,2006-09-14,TMAX,244
USR0000NNWB,2005-03-20,TMIN,83
USC00314684,2006-07-08,TMAX,267
USC00314684,2006-07-08,TMIN,167
USC00317170,2008-07-23,TMAX,322
USC00315830,2006-05-03,TMAX,267
USR0000NNWB,2008-05-04,TMIN,178
USR0000NCRN,2010-06-17,TMIN,228
USW00093743,2009-08-06,TMIN,228
USW00093743,2009-08-06,TMAX,300
USR0000NCRN,2010-07-03,TMAX,278
USR0000NCRN,2010-06-17,TMAX,333
USR0000NNWB,2005-03-20,TMAX,217
USR0000NNWB,2006-05-05,TMIN,144
USR0000NNWB,2008-05-04,TMAX,289
USC00310576,2006-09-14,TMIN,189
USC00315830,2008-04-03,TMIN,94
USC00314689,2012-01-27,TMAX,217
USR0000NCRN,2008-06-03,TMIN,144
USW00093719,2007-12-15,TMAX,133
USW00093765,2009-06-23,TMIN,189
USW00093765,2009-06-23,TMAX,272
USC00310576,2012-05-08,TMIN,106
USR0000NHOF,2009-08-06,TMAX,300
USC00310576,2012-05-08,TMAX,239
USW00093719,2007-12-15,TMIN,83
USC00314689,2006-10-12,TMAX,256
USC00314689,2006-10-12,TMIN,178
USC00314689,2007-03-20,TMIN,100
USC00316676,2011-12-06,TMIN,94
USC00316676,2011-12-06,TMAX,217
USC00314689,2014-09-17,TMIN,200
USC00314689,2014-09-17,TMAX,294
USC00314689,2007-03-20,TMAX,239
USC00314689,2012-01-27,TMIN,178
USC00314684,2010-07-31,TMIN,172
USW00093765,2012-12-09,TMIN,111
USC00314684,2010-07-31,TMAX,306
USW00093765,2015-12-13,TMIN,117
USC00316096,2014-02-19,TMIN,33
USW00093719,2011-08-02,TMIN,222
USC00310576,2012-01-03,TMAX,117
USC00310576,2012-01-03,TMIN,6
USC00314689,2012-08-29,TMAX,311
USW00093719,2009-09-19,TMIN,189
USW00093719,2009-09-19,TMAX,278
USR0000NCRN,2006-02-11,TMIN,56
USR0000NNWB,2006-02-16,TMIN,44
USC00314689,2006-11-11,TMAX,261
USC00314689,2006-11-11,TMIN,122
USR0000NNWB,2006-02-16,TMAX,217
USC00314684,2010-04-24,TMAX,239
USC00314684,2010-04-24,TMIN,94
USW00093765,2009-07-21,TMIN,206
USW00093765,2009-07-21,TMAX,278
USC00314689,2012-08-29,TMIN,222
USC00317170,2012-07-31,TMIN,206
USC00315830,2011-02-22,TMIN,56
USW00013754,2010-11-15,TMIN,11
USW00093719,2007-04-03,TMIN,128
USR0000NCRN,2011-02-15,TMIN,11
USR0000NCRN,2011-02-15,TMAX,128
USC00314684,2011-05-08,TMAX,239
USC00316676,2013-07-31,TMAX,283
USC00316096,2013-04-03,TMAX,133
USC00316096,2013-04-03,TMIN,39
USW00093719,2013-11-02,TMAX,222
USC00314684,2010-07-30,TMAX,311
USC00317170,2012-07-31,TMAX,356
USC00314684,2010-07-30,TMIN,222
USC00315830,2011-02-22,TMAX,172
USC00317170,2014-09-17,TMIN,200
USC00317170,2014-09-17,TMAX,272
USR0000NCRN,2006-02-11,TMAX,128
USC00316096,2014-02-19,TMAX,189
USC00316676,2013-07-31,TMIN,206
USW00093719,2013-11-02,TMIN,150
USR0000NNWB,2011-01-25,TMIN,17
USC00315830,2009-10-15,TMIN,128
USC00316676,2007-03-29,TMIN,139
USR0000NNWB,2007-05-10,TMAX,272
USW00093719,2015-09-02,TMAX,333
USW00093765,2014-09-17,TMIN,217
USW00093719,2015-09-02,TMIN,217
USW00093765,2014-09-17,TMAX,267
USC00314684,2015-09-14,TMIN,94
USC00316676,2015-11-29,TMIN,94
USC00317170,2015-12-14,TMIN,139
USC00310356,2007-03-25,TMIN,144
USC00316676,2007-03-29,TMAX,300
USC00316676,2013-02-20,TMIN,22
USR0000NNWB,2007-05-10,TMIN,156
USC00317170,2011-05-01,TMIN,72
USC00317170,2011-05-01,TMAX,244
USC00316676,2015-11-29,TMAX,233
USC00317170,2015-12-14,TMAX,244
USC00315830,2009-10-15,TMAX,183
USC00317170,2009-05-28,TMIN,189
USR0000NCRN,2013-12-20,TMIN,44
USC00315830,2006-11-22,TMIN,72
USR0000NHOF,2005-07-23,TMIN,211
USC00315830,2006-11-22,TMAX,172
USR0000NHOF,2005-07-23,TMAX,322
USC00314144,2010-05-17,TMAX,350
USC00314689,2013-04-03,TMAX,172
USR0000NNWB,2012-07-08,TMIN,261
USC00317170,2009-05-28,TMAX,300
USR0000NNWB,2012-07-08,TMAX,372
USC00314689,2013-04-03,TMIN,56
USC00316096,2009-06-16,TMIN,206
USC00316096,2009-06-16,TMAX,256
USC00316676,2008-02-21,TMAX,167
USR0000NNWB,2011-01-25,TMAX,106
USC00314684,2015-09-14,TMAX,250
USC00316676,2008-02-21,TMIN,-11
USR0000NCRN,2013-12-20,TMAX,211
USC00314684,2011-05-08,TMIN,117
USC00316096,2013-01-18,TMAX,89
USW00013754,2010-11-15,TMAX,211
USC00314689,2006-08-29,TMIN,244
USC00316676,2014-12-07,TMIN,89
USC00315830,2014-04-24,TMAX,228
USR0000NNWB,2012-01-03,TMIN,-33
USR0000NNWB,2012-01-03,TMAX,39
USC00310576,2009-05-17,TMAX,267
USC00310576,2009-05-17,TMIN,206
USC00314144,2007-07-13,TMIN,189
USC00315830,2015-07-10,TMAX,317
USC00315830,2015-07-10,TMIN,256
USC00315830,2014-04-24,TMIN,100
USC00314144,2006-11-22,TMAX,183
USR0000NNWB,2010-06-09,TMAX,306
USC00317170,2011-03-05,TMIN,78
USC00310356,2014-11-21,TMAX,139
USC00315830,2010-09-07,TMAX,294
USR0000NNWB,2010-06-09,TMIN,206
USC00310356,2013-11-18,TMAX,244
USW00013754,2011-02-01,TMIN,33
USC00316676,2014-12-07,TMAX,211
USW00013754,2011-02-01,TMAX,178
USC00314684,2014-09-17,TMIN,200
USC00314684,2014-09-17,TMAX,294
USR0000NHOF,2007-06-25,TMIN,189
USC00314144,2007-07-13,TMAX,311
USC00314689,2012-12-01,TMAX,194
USC00315830,2011-10-16,TMIN,122
USW00093719,2011-08-02,TMAX,356
USC00315830,2011-10-16,TMAX,250
USW00013754,2010-10-23,TMAX,228
USC00314689,2006-08-29,TMAX,344
USC00314689,2005-05-21,TMAX,239
USW00013754,2010-10-23,TMIN,33
USR0000NHOF,2011-11-01,TMIN,28
USR0000NHOF,2011-11-01,TMAX,161
USC00315830,2010-09-07,TMIN,200
USR0000NHOF,2007-06-25,TMAX,300
USW00093719,2008-03-07,TMIN,94
USW00093719,2008-03-07,TMAX,217
USW00013754,2005-08-16,TMIN,244
USC00314144,2006-08-22,TMAX,300
USW00013754,2009-06-16,TMAX,233
USW00013754,2011-05-20,TMAX,294
USC00310356,2011-11-01,TMAX,189
USR0000NCRN,2008-07-23,TMAX,300
USC00314684,2005-12-09,TMIN,6
USC00314684,2005-12-09,TMAX,161
USW00093743,2013-11-18,TMIN,161
USW00093719,2007-04-03,TMAX,278
USC00316676,2014-01-21,TMIN,22
USW00013754,2009-06-16,TMIN,206
USC00315830,2005-09-20,TMAX,294
USC00315830,2005-09-20,TMIN,222
USR0000NCRN,2008-07-23,TMIN,261
USC00316676,2014-01-21,TMAX,183
USC00316096,2013-01-18,TMIN,0
USC00314144,2006-08-22,TMIN,217
USW00093743,2013-11-18,TMAX,267
USR0000NHOF,2014-11-21,TMIN,-39
USR0000NHOF,2014-11-21,TMAX,128
USC00314684,2013-08-04,TMIN,206
USW00013754,2011-05-20,TMIN,156
USC00314684,2013-08-04,TMAX,322
USC00314144,2006-11-22,TMIN,83
USC00314684,2005-10-11,TMAX,206
USC00314684,2005-10-11,TMIN,178
USC00310356,2013-11-18,TMIN,144
USW00013754,2005-08-16,TMAX,344
USC00310356,2014-11-21,TMIN,56
USC00314689,2005-05-21,TMIN,122
USC00310356,2011-11-01,TMIN,89
USR0000NNWB,2006-12-13,TMAX,222
USR0000NNWB,2006-12-13,TMIN,89
USC00314689,2006-07-08,TMAX,267
USC00314689,2006-07-08,TMIN,172
USC00316096,2012-01-27,TMIN,67
USC00316096,2012-01-27,TMAX,194
USW00093765,2015-12-13,TMAX,233
USW00013754,2005-11-27,TMIN,67
USC00317170,2015-09-02,TMAX,333
USW00093719,2011-05-08,TMAX,244
USC00314684,2015-04-25,TMAX,194
USW00093765,2008-06-03,TMIN,172
USC00310356,2015-09-26,TMAX,233
USC00310356,2015-09-26,TMIN,211
USR0000NNWB,2008-06-30,TMAX,322
USW00093719,2009-10-28,TMAX,283
USC00317170,2013-08-03,TMIN,239
USW00093765,2008-06-03,TMAX,261
USW00093719,2009-10-28,TMIN,128
USC00316096,2010-10-30,TMAX,172
USC00314144,2009-01-19,TMIN,-11
USC00317170,2013-08-03,TMAX,306
USC00314144,2009-01-19,TMAX,128
USC00317170,2010-10-07,TMIN,94
USC00317170,2010-10-07,TMAX,261
USR0000NCRN,2012-08-30,TMAX,294
USC00314684,2015-04-25,TMIN,72
USW00013754,2011-05-01,TMIN,122
USC00310576,2006-01-13,TMIN,94
USR0000NNWB,2008-06-30,TMIN,239
USC00316096,2014-02-20,TMIN,94
USC00316096,2014-02-20,TMAX,217
USC00310576,2006-10-13,TMIN,89
USC00310576,2006-10-13,TMAX,189
USC00314689,2007-02-17,TMIN,-61
USC00314144,2009-05-12,TMAX,239
USC00314689,2007-02-17,TMAX,89
USC00310356,2012-06-06,TMIN,167
USC00314689,2009-12-01,TMIN,17
USC00316676,2010-06-16,TMIN,244
USC00310356,2012-06-06,TMAX,239
USC00310576,2007-12-29,TMIN,72
USC00310576,2007-12-29,TMAX,211
USC00310576,2006-01-13,TMAX,194
USC00314684,2013-11-18,TMIN,117
USC00314684,2013-11-18,TMAX,239
USC00316676,2010-06-16,TMAX,367
USC00317170,2014-08-09,TMIN,189
USW00013754,2011-05-01,TMAX,233
USC00315830,2006-04-05,TMAX,233
USW00093719,2014-04-25,TMIN,89
USW00093719,2011-01-08,TMIN,-28
USW00093719,2014-04-25,TMAX,261
USC00315830,2006-05-04,TMIN,117
USC00314684,2007-09-21,TMIN,200
USC00314689,2006-07-09,TMAX,283
USC00314689,2006-07-09,TMIN,156
USR0000NNWB,2007-01-19,TMIN,39
USR0000NNWB,2013-02-20,TMIN,6
USW00093719,2015-08-21,TMAX,328
USC00310356,2009-11-11,TMIN,72
USC00315830,2006-05-04,TMAX,267
USR0000NNWB,2013-02-20,TMAX,133
USC00310356,2009-11-11,TMAX,256
USW00093743,2011-02-13,TMAX,122
USW00093765,2013-04-04,TMAX,183
USW00093719,2015-08-21,TMIN,228
USC00315830,2008-03-07,TMIN,111
USC00315830,2009-03-19,TMAX,194
USR0000NNWB,2007-01-19,TMAX,122
USC00315830,2008-03-07,TMAX,206
USC00315830,2006-04-05,TMIN,72
USC00317170,2009-10-28,TMIN,172
USC00317170,2009-10-28,TMAX,289
USR0000NCRN,2012-08-30,TMIN,200
USW00013754,2012-03-19,TMIN,128
USW00093743,2009-11-11,TMIN,167
USC00315830,2009-03-19,TMIN,61
USC00310576,2013-02-20,TMAX,161
USC00310356,2014-12-08,TMIN,61
USW00013754,2012-03-19,TMAX,256
USC00310356,2014-12-08,TMAX,83
USC00316676,2013-09-23,TMAX,222
USC00310576,2013-02-20,TMIN,11
USW00093743,2009-11-11,TMAX,189
USC00316676,2013-09-23,TMIN,150
USC00314144,2009-05-12,TMIN,44
USW00093765,2013-04-04,TMIN,67
USW00013754,2011-06-05,TMIN,189
USC00314689,2009-08-05,TMIN,233
USC00314689,2008-09-11,TMIN,211
USC00314689,2008-09-11,TMAX,278
USC00315830,2012-01-03,TMIN,-22
USW00093719,2011-09-02,TMAX,289
USC00316676,2008-05-03,TMIN,111
USW00093719,2011-09-02,TMIN,172
USC00314689,2014-02-20,TMIN,100
USC00314689,2009-12-01,TMAX,194
USC00315830,2011-04-03,TMAX,189
USC00315830,2011-04-03,TMIN,39
USC00317170,2015-04-01,TMIN,89
USC00315830,2012-01-03,TMAX,117
USW00093719,2011-03-10,TMAX,200
USC00310576,2011-08-15,TMIN,189
USC00310576,2011-08-15,TMAX,333
USC00310356,2011-06-15,TMIN,206
USC00314689,2014-02-20,TMAX,222
USC00310356,2011-06-15,TMAX,278
USC00314684,2008-08-07,TMIN,222
USW00093719,2011-03-10,TMIN,106
USC00316676,2006-01-29,TMAX,167
USR0000NNWB,2012-03-19,TMAX,267
USR0000NNWB,2011-03-24,TMAX,211
USW00093765,2007-07-19,TMAX,306
USC00310356,2011-02-03,TMAX,167
USW00093765,2011-05-08,TMAX,250
USC00316676,2009-08-31,TMAX,322
USC00316676,2008-05-03,TMAX,267
USC00316676,2009-08-31,TMIN,217
USR0000NHOF,2011-08-15,TMIN,172
USR0000NHOF,2009-11-11,TMAX,172
USC00315830,2010-06-09,TMIN,189
USC00315830,2010-06-09,TMAX,289
USC00316676,2005-10-11,TMAX,233
USC00314684,2008-08-07,TMAX,367
USC00316676,2005-10-11,TMIN,194
USR0000NHOF,2009-11-11,TMIN,139
USW00013754,2008-03-27,TMIN,89
USC00314689,2012-07-31,TMIN,222
USW00093743,2011-02-11,TMAX,28
USC00310356,2005-03-03,TMAX,94
USR0000NNWB,2007-07-19,TMIN,244
USC00315830,2012-07-26,TMIN,256
USC00314689,2013-01-04,TMAX,106
USC00316676,2009-10-15,TMAX,156
USC00314689,2013-01-04,TMIN,-17
USC00316676,2009-10-15,TMIN,122
USC00310576,2005-12-09,TMAX,167
USW00013754,2014-05-16,TMIN,144
USW00013754,2008-03-27,TMAX,222
USC00314689,2009-08-05,TMAX,339
USC00316676,2013-08-02,TMAX,278
USC00316676,2013-08-02,TMIN,217
USC00317170,2010-11-12,TMAX,167
USC00317170,2014-08-09,TMAX,272
USW00013754,2011-06-05,TMAX,306
USW00013754,2014-05-16,TMAX,261
USC00314689,2012-07-31,TMAX,317
USC00310356,2005-04-09,TMAX,206
USR0000NNWB,2007-07-19,TMAX,350
USR0000NHOF,2014-12-08,TMIN,39
USR0000NCRN,2009-07-21,TMAX,289
USC00310576,2005-12-09,TMIN,6
USR0000NCRN,2009-07-21,TMIN,256
USW00093743,2011-02-11,TMIN,-38
USR0000NHOF,2014-12-08,TMAX,156
USC00310356,2005-04-09,TMIN,133
USC00310356,2005-03-03,TMIN,-6
USW00093765,2005-11-27,TMAX,211
USW00093765,2005-11-27,TMIN,83
USC00316676,2006-03-14,TMIN,167
USC00316676,2006-03-14,TMAX,267
USC00317170,2010-11-12,TMIN,56
USC00315830,2012-07-26,TMAX,306
USC00310576,2013-04-05,TMIN,67
USC00310576,2013-04-05,TMAX,144
USC00317170,2015-04-01,TMAX,172
USC00314684,2014-02-20,TMIN,94
USR0000NNWB,2011-10-31,TMIN,106
USC00314684,2014-02-20,TMAX,228
USC00316096,2009-11-24,TMIN,122
USC00314689,2012-01-19,TMIN,-11
USC00310576,2006-02-16,TMAX,211
USC00314689,2008-06-16,TMIN,200
USC00317170,2012-12-01,TMAX,189
USC00314689,2008-06-16,TMAX,339
USC00314144,2009-02-15,TMAX,117
USR0000NCRN,2006-09-14,TMIN,200
USC00314684,2014-09-15,TMAX,228
USR0000NHOF,2005-08-16,TMAX,333
USC00314144,2009-02-15,TMIN,22
USC00314684,2014-09-15,TMIN,172
USC00317170,2008-06-03,TMAX,300
USC00317170,2008-06-03,TMIN,150
USC00310576,2013-09-24,TMIN,100
USC00310576,2013-09-24,TMAX,228
USR0000NHOF,2005-08-16,TMIN,222
USW00013754,2014-01-21,TMAX,172
USC00314684,2007-11-01,TMAX,250
USC00314689,2012-01-19,TMAX,128
USC00317170,2013-04-04,TMAX,128
USR0000NCRN,2012-03-10,TMAX,128
USC00310356,2010-07-31,TMAX,333
USC00316096,2009-11-24,TMAX,156
USW00093719,2008-12-18,TMAX,161
USW00093719,2008-12-18,TMIN,117
USR0000NCRN,2012-03-10,TMIN,6
USC00314684,2007-11-01,TMIN,94
USC00317170,2013-04-04,TMIN,44
USC00317170,2012-12-01,TMIN,6
USW00013754,2011-10-31,TMAX,172
USC00314689,2006-12-13,TMAX,206
USR0000NHOF,2015-09-26,TMAX,228
USR0000NHOF,2015-09-26,TMIN,200
USC00314689,2006-12-13,TMIN,67
USR0000NCRN,2006-09-14,TMAX,244
USW00013754,2011-10-31,TMIN,67
USC00310356,2010-07-31,TMIN,233
USW00013754,2014-01-21,TMIN,-5
USC00314684,2009-12-18,TMAX,72
USR0000NCRN,2015-12-14,TMAX,228
USC00310356,2006-11-22,TMIN,28
USR0000NHOF,2011-01-13,TMIN,-78
USR0000NCRN,2011-12-30,TMAX,156
USW00013754,2010-05-06,TMAX,300
USW00093719,2015-04-01,TMAX,178
USW00013754,2010-05-06,TMIN,150
USR0000NCRN,2015-12-14,TMIN,161
USR0000NCRN,2011-12-30,TMIN,22
USC00310356,2005-08-16,TMIN,267
USC00310356,2005-08-16,TMAX,322
USW00093765,2010-10-01,TMIN,183
USC00310576,2012-10-20,TMIN,83
USC00310576,2012-10-20,TMAX,244
USC00315830,2008-07-08,TMAX,294
USC00310576,2012-05-07,TMAX,233
USR0000NNWB,2009-04-30,TMIN,144
USC00315830,2008-04-10,TMAX,233
USC00316096,2015-04-25,TMIN,56
USC00316676,2014-06-30,TMIN,167
USC00314684,2009-12-18,TMIN,-33
USW00093743,2012-03-10,TMIN,17
USC00315830,2008-04-10,TMIN,128
USW00093743,2012-03-10,TMAX,133
USC00310356,2015-01-14,TMAX,61
USR0000NHOF,2013-04-05,TMIN,28
USR0000NHOF,2013-04-05,TMAX,139
USW00013754,2013-02-20,TMAX,133
USW00093743,2013-04-05,TMIN,44
USC00310356,2015-01-14,TMIN,11
USC00310356,2013-04-05,TMIN,67
USC00310356,2013-04-05,TMAX,167
USC00310356,2006-11-22,TMAX,150
USW00013754,2013-02-20,TMIN,6
USC00316096,2015-04-25,TMAX,189
USC00316676,2014-06-30,TMAX,283
USW00093743,2013-04-05,TMAX,167
USC00314684,2015-04-08,TMAX,256
USC00314684,2015-04-08,TMIN,139
USW00093719,2014-07-12,TMAX,322
USC00310356,2011-10-16,TMIN,150
USC00314684,2011-09-02,TMAX,294
USC00310576,2015-07-31,TMIN,211
USC00310576,2015-07-31,TMAX,317
USR0000NHOF,2012-06-06,TMAX,239
USW00013754,2008-04-22,TMAX,211
USR0000NHOF,2012-06-06,TMIN,106
USC00310356,2011-10-16,TMAX,244
USC00314144,2009-01-13,TMAX,67
USR0000NNWB,2010-12-30,TMIN,-44
USR0000NNWB,2010-12-30,TMAX,89
USC00317170,2011-05-16,TMIN,172
USR0000NNWB,2013-01-18,TMAX,100
USC00316676,2015-09-14,TMAX,256
USR0000NHOF,2010-07-31,TMIN,161
USR0000NHOF,2010-07-31,TMAX,278
USW00013754,2008-04-22,TMIN,128
USC00316676,2015-09-14,TMIN,128
USR0000NCRN,2006-07-10,TMAX,311
USR0000NCRN,2006-07-10,TMIN,206
USR0000NNWB,2011-10-31,TMAX,161
USW00093719,2011-01-08,TMAX,83
USW00093719,2012-05-07,TMIN,150
USW00093719,2012-05-07,TMAX,256
USR0000NNWB,2013-01-18,TMIN,6
USC00315830,2015-01-23,TMIN,33
USC00314684,2011-09-02,TMIN,139
USW00093765,2011-05-12,TMIN,128
USC00315830,2015-01-23,TMAX,156
USC00310356,2011-02-03,TMIN,67
USC00316096,2010-10-30,TMIN,33
USC00317170,2015-03-18,TMIN,50
USC00317170,2011-05-16,TMAX,272
USW00093765,2011-05-12,TMAX,233
USW00093765,2013-08-03,TMIN,261
USW00093765,2013-08-03,TMAX,294
USC00317170,2015-03-18,TMAX,211
USC00314144,2009-01-13,TMIN,0
USC00310576,2011-10-16,TMIN,78
USR0000NHOF,2014-09-16,TMIN,194
USW00093743,2010-07-31,TMAX,294
USW00093719,2005-07-28,TMAX,339
USW00093719,2010-01-10,TMIN,-78
USW00093719,2010-01-10,TMAX,22
USW00093719,2005-07-28,TMIN,244
USW00093719,2015-05-18,TMIN,194
USW00093743,2011-02-13,TMIN,-21
USW00093743,2010-07-31,TMIN,194
USR0000NHOF,2012-03-10,TMIN,-17
USW00093719,2015-05-18,TMAX,322
USW00013754,2013-12-20,TMIN,39
USR0000NHOF,2012-03-10,TMAX,139
USW00093719,2014-07-12,TMIN,222
USR0000NHOF,2011-10-16,TMIN,56
USC00315830,2007-08-17,TMIN,272
USC00315830,2007-08-17,TMAX,306
USR0000NHOF,2011-10-16,TMAX,244
USC00314144,2008-05-04,TMAX,261
USC00314144,2008-05-04,TMIN,172
USC00310356,2006-09-14,TMAX,278
USR0000NHOF,2014-09-16,TMAX,322
USC00314684,2015-03-18,TMIN,50
USW00093719,2008-11-28,TMIN,17
USW00093719,2008-11-28,TMAX,189
USC00314689,2007-10-09,TMAX,339
USC00314689,2007-10-09,TMIN,217
USC00314684,2007-09-21,TMAX,228
USC00310576,2011-10-16,TMAX,256
USC00314684,2015-03-18,TMAX,289
USC00314689,2007-01-19,TMIN,28
USC00314689,2007-01-19,TMAX,122
USC00310356,2014-09-16,TMIN,206
USC00310356,2014-09-16,TMAX,272
USW00013754,2013-12-20,TMAX,217
USC00314144,2010-06-25,TMIN,233
USC00314144,2010-06-25,TMAX,356
USC00310356,2006-09-14,TMIN,144
USR0000NNWB,2012-03-19,TMIN,133
USC00310576,2012-05-07,TMIN,144
USW00093765,2007-07-19,TMIN,267
USR0000NHOF,2011-08-15,TMAX,294
USC00314684,2013-01-04,TMIN,-39
USW00093719,2012-01-11,TMAX,172
USR0000NCRN,2007-12-02,TMIN,44
USC00317170,2009-12-18,TMAX,94
USC00317170,2009-12-18,TMIN,11
USW00093719,2013-04-04,TMIN,61
USC00317170,2008-09-02,TMIN,150
USW00093719,2013-04-04,TMAX,139
USC00317170,2008-09-02,TMAX,311
USW00093765,2011-02-04,TMAX,72
USR0000NHOF,2006-09-14,TMIN,189
USR0000NNWB,2008-12-20,TMAX,222
USW00093719,2013-02-20,TMAX,139
USC00316096,2013-08-02,TMAX,294
USC00316096,2013-08-02,TMIN,228
USW00013754,2015-11-14,TMIN,17
USW00093719,2013-02-20,TMIN,28
USW00093765,2011-02-04,TMIN,22
USC00314689,2009-04-10,TMIN,100
USC00315830,2009-06-23,TMAX,278
USR0000NHOF,2010-04-13,TMAX,239
USW00013754,2010-07-07,TMIN,217
USW00013754,2010-07-07,TMAX,367
USR0000NNWB,2011-05-01,TMIN,122
USC00317170,2015-03-14,TMAX,194
USW00093765,2008-11-23,TMAX,100
USC00315830,2011-05-20,TMAX,267
USC00314144,2010-04-07,TMAX,289
USW00093765,2008-11-23,TMIN,-21
USC00315830,2013-04-05,TMIN,72
USC00315830,2013-04-05,TMAX,172
USR0000NHOF,2009-01-13,TMAX,67
USR0000NNWB,2011-05-01,TMAX,250
USC00315830,2009-06-23,TMIN,200
USC00310356,2011-02-13,TMAX,122
USC00314684,2013-01-04,TMAX,56
USC00314689,2009-04-10,TMAX,267
USC00310576,2010-05-17,TMIN,200
USC00310356,2008-02-05,TMAX,167
USW00093719,2008-09-02,TMAX,300
USC00314684,2009-11-24,TMAX,167
USR0000NCRN,2012-05-07,TMAX,250
USR0000NCRN,2012-05-07,TMIN,144
USC00315830,2012-11-13,TMAX,239
USW00093765,2014-09-15,TMAX,267
USW00093765,2014-09-15,TMIN,194
USC00317170,2013-12-20,TMIN,39
USW00093743,2008-02-05,TMIN,144
USW00093765,2009-06-01,TMIN,194
USC00314684,2009-11-24,TMIN,100
USC00317170,2013-12-20,TMAX,206
USR0000NHOF,2011-08-09,TMAX,356
USR0000NHOF,2011-08-09,TMIN,217
USR0000NNWB,2008-12-20,TMIN,106
USC00315830,2012-02-23,TMIN,156
USC00310356,2011-08-15,TMAX,300
USW00093765,2009-06-01,TMAX,272
USC00310356,2008-02-05,TMIN,33
USW00093743,2008-02-05,TMAX,300
USC00314689,2013-08-02,TMAX,306
USW00093719,2008-09-02,TMIN,150
USW00013754,2015-11-14,TMAX,161
USW00093765,2012-05-07,TMIN,183
USW00093719,2012-01-11,TMIN,61
USW00093765,2012-05-07,TMAX,261
USC00314684,2013-08-03,TMIN,217
USC00316096,2015-03-18,TMIN,67
USC00314689,2013-08-02,TMIN,233
USC00316096,2015-03-18,TMAX,194
USC00316096,2014-11-21,TMAX,106
USC00310356,2011-02-13,TMIN,22
USR0000NHOF,2006-09-14,TMAX,244
USC00316096,2014-11-21,TMIN,-22
USC00317170,2015-03-14,TMIN,111
USC00314684,2013-08-03,TMAX,306
USC00315830,2012-11-13,TMIN,111
USC00314689,2011-09-29,TMIN,200
USC00310356,2011-08-15,TMIN,211
USC00315830,2013-09-24,TMAX,239
USR0000NHOF,2009-01-13,TMIN,0
USW00013754,2005-06-04,TMIN,211
USR0000NNWB,2011-09-02,TMIN,167
USC00315830,2005-06-27,TMAX,294
USW00013754,2005-06-04,TMAX,272
USC00316096,2009-08-05,TMIN,250
USW00013754,2015-04-01,TMAX,167
USC00314144,2010-04-07,TMIN,156
USC00316096,2009-08-05,TMAX,300
USW00093719,2008-06-03,TMAX,289
USR0000NHOF,2008-10-13,TMIN,106
USR0000NHOF,2008-10-13,TMAX,256
USW00013754,2015-04-01,TMIN,72
USC00310356,2006-07-10,TMAX,267
USW00013754,2007-07-19,TMAX,328
USW00093719,2014-08-09,TMAX,244
USW00013754,2007-07-19,TMIN,239
USW00093719,2008-06-03,TMIN,139
USR0000NCRN,2009-05-12,TMIN,122
USC00316096,2013-08-03,TMAX,300
USC00315830,2005-06-27,TMIN,244
USC00314684,2009-03-04,TMIN,-89
USC00314684,2010-01-10,TMIN,-83
USC00314684,2010-01-10,TMAX,17
USR0000NCRN,2005-10-12,TMIN,183
USR0000NCRN,2005-10-12,TMAX,217
USW00093765,2006-07-09,TMAX,283
USR0000NNWB,2010-11-19,TMIN,33
USC00316096,2013-08-03,TMIN,256
USW00093765,2006-07-09,TMIN,178
USC00315830,2011-12-06,TMAX,233
USC00315830,2011-12-06,TMIN,122
USR0000NCRN,2015-07-11,TMAX,311
USR0000NCRN,2015-07-11,TMIN,217
USC00317170,2012-05-07,TMIN,139
USR0000NNWB,2011-09-02,TMAX,306
USC00317170,2012-05-07,TMAX,250
USR0000NNWB,2010-11-19,TMAX,161
USR0000NHOF,2010-04-13,TMIN,39
USC00315830,2011-01-18,TMAX,139
USW00093719,2014-08-09,TMIN,206
USC00317170,2007-07-19,TMAX,350
USC00315830,2011-05-20,TMIN,206
USC00314684,2013-08-02,TMAX,272
USC00314684,2013-08-02,TMIN,217
USW00093765,2007-10-17,TMAX,283
USC00315830,2014-12-25,TMAX,194
USW00093765,2007-10-17,TMIN,194
USC00317170,2007-07-19,TMIN,239
USC00315830,2012-08-30,TMIN,233
USW00093765,2009-06-16,TMIN,211
USR0000NCRN,2007-12-02,TMAX,200
USC00314689,2011-09-29,TMAX,283
USR0000NNWB,2010-03-23,TMIN,56
USR0000NNWB,2010-03-23,TMAX,183
USC00310576,2010-05-17,TMAX,311
USC00315830,2013-09-24,TMIN,128
USC00315830,2012-08-30,TMAX,294
USR0000NCRN,2009-05-12,TMAX,222
USW00093765,2009-06-16,TMAX,261
USC00315830,2014-12-25,TMIN,139
USC00315830,2011-01-18,TMIN,50
USC00315830,2012-12-09,TMIN,139
USC00310576,2010-01-10,TMAX,44
USC00315830,2012-12-09,TMAX,217
USC00314144,2009-01-29,TMAX,128
USC00310576,2005-06-27,TMAX,300
USC00310576,2010-01-10,TMIN,-33
USR0000NNWB,2011-09-20,TMAX,256
USR0000NCRN,2005-09-21,TMAX,294
USC00314144,2009-01-29,TMIN,-17
USC00315830,2012-08-13,TMAX,300
USC00315830,2012-08-13,TMIN,228
USC00310576,2005-06-27,TMIN,228
USC00314144,2006-08-30,TMIN,250
USC00314144,2006-08-30,TMAX,356
USR0000NNWB,2011-09-20,TMIN,167
USR0000NCRN,2005-09-21,TMIN,217
USC00316096,2010-08-30,TMIN,150
USC00316096,2010-08-30,TMAX,328
USW00093765,2008-07-10,TMAX,294
USC00314689,2005-02-01,TMAX,89
USC00310356,2011-03-03,TMAX,144
USC00314144,2006-09-29,TMAX,272
USC00314144,2006-09-29,TMIN,94
USR0000NNWB,2015-04-01,TMAX,189
USW00093765,2015-05-18,TMIN,217
USR0000NNWB,2015-04-01,TMIN,83
USC00316096,2012-01-19,TMAX,111
USW00093765,2011-05-08,TMIN,144
USW00093765,2015-05-18,TMAX,272
USC00310356,2011-03-03,TMIN,33
USR0000NCRN,2010-08-22,TMAX,311
USC00316676,2010-03-03,TMAX,78
USW00013754,2011-09-20,TMIN,183
USW00013754,2011-09-20,TMAX,244
USC00316676,2010-03-03,TMIN,17
USR0000NCRN,2010-08-22,TMIN,233
USC00310576,2014-09-16,TMIN,183
USC00314689,2005-02-01,TMIN,-11
USR0000NHOF,2015-07-11,TMIN,217
USW00093765,2014-08-09,TMAX,272
USW00093765,2014-08-09,TMIN,217
USC00310356,2006-11-12,TMAX,189
USC00310356,2015-12-14,TMIN,133
USC00310356,2015-12-14,TMAX,206
USC00310356,2006-11-12,TMIN,139
USR0000NHOF,2011-06-15,TMIN,111
USC00310356,2008-10-13,TMAX,272
USW00093719,2008-03-27,TMAX,244
USC00315830,2009-08-22,TMIN,261
USC00314144,2008-03-21,TMAX,189
USR0000NHOF,2011-06-15,TMAX,289
USC00314144,2008-03-21,TMIN,-39
USC00315830,2009-08-22,TMAX,306
USC00310356,2008-10-13,TMIN,167
USR0000NHOF,2015-07-11,TMAX,361
USR0000NNWB,2014-05-16,TMAX,261
USC00317170,2008-12-12,TMAX,206
USC00310576,2014-09-16,TMAX,256
USC00314144,2008-01-13,TMAX,128
USR0000NHOF,2006-11-12,TMAX,189
USW00093765,2011-12-06,TMIN,128
USW00093765,2011-12-06,TMAX,228
USR0000NHOF,2006-11-12,TMIN,100
USC00317170,2015-04-08,TMIN,161
USR0000NNWB,2011-03-24,TMIN,89
USW00093719,2010-07-17,TMAX,339
USW00013754,2007-01-19,TMIN,44
USW00013754,2010-11-19,TMIN,28
USR0000NHOF,2012-05-07,TMIN,133
USW00093719,2010-07-17,TMIN,228
USW00013754,2010-11-19,TMAX,144
USC00316096,2012-01-19,TMIN,-6
USW00093743,2011-06-15,TMIN,178
USW00093743,2011-06-15,TMAX,300
USC00310576,2011-09-11,TMIN,156
USR0000NHOF,2012-05-07,TMAX,250
USC00314144,2008-01-13,TMIN,72
USW00013754,2007-01-19,TMAX,133
USW00093743,2012-05-07,TMAX,256
USC00316676,2014-08-09,TMIN,217
USC00316676,2014-08-09,TMAX,283
USC00317170,2015-04-08,TMAX,306
USW00093765,2011-10-04,TMAX,217
USC00314684,2006-07-09,TMAX,278
USC00314684,2006-07-09,TMIN,144
USC00316676,2007-09-25,TMIN,144
USW00093743,2012-05-07,TMIN,161
USC00316676,2007-09-25,TMAX,278
USC00310356,2012-05-07,TMIN,172
USC00310576,2014-04-25,TMAX,222
USC00310576,2014-04-25,TMIN,67
USC00316096,2013-01-04,TMAX,106
USC00316096,2013-01-04,TMIN,-33
USW00093765,2010-01-10,TMIN,-32
USW00093765,2010-01-10,TMAX,39
USC00310356,2012-05-07,TMAX,250
USC00317170,2008-12-12,TMIN,94
USR0000NNWB,2014-05-16,TMIN,144
USC00316676,2006-08-29,TMIN,211
USR0000NNWB,2011-02-22,TMAX,183
USR0000NNWB,2011-02-22,TMIN,17
USR0000NCRN,2010-12-17,TMIN,6
USC00310576,2014-02-20,TMAX,244
USR0000NHOF,2008-02-05,TMAX,256
USR0000NHOF,2008-02-05,TMIN,133
USC00317170,2015-05-18,TMIN,189
USC00314144,2005-12-09,TMIN,39
USC00317170,2015-05-18,TMAX,344
USW00093743,2009-01-13,TMIN,28
USW00093743,2009-01-13,TMAX,100
USW00093743,2008-10-13,TMIN,139
USC00316676,2015-12-13,TMAX,256
USC00316676,2005-03-28,TMAX,206
USC00315830,2012-03-19,TMAX,228
USC00315830,2012-03-19,TMIN,139
USC00310576,2014-02-20,TMIN,83
USC00310576,2014-12-20,TMAX,128
USC00314144,2005-12-09,TMAX,178
USC00315830,2012-06-06,TMAX,233
USC00316676,2007-10-25,TMAX,294
USC00316676,2007-10-25,TMIN,217
USC00314684,2006-08-03,TMIN,244
USC00310576,2015-05-18,TMAX,289
USC00310576,2015-05-18,TMIN,144
USW00093765,2008-07-10,TMIN,244
USC00314684,2006-08-03,TMAX,350
USC00314689,2013-11-18,TMAX,256
USC00314144,2009-07-21,TMAX,289
USC00314144,2009-09-19,TMAX,278
USC00310356,2010-04-13,TMIN,139
USC00310356,2010-04-13,TMAX,222
USC00315830,2012-06-06,TMIN,150
USC00314689,2013-11-18,TMIN,194
USC00314144,2009-09-19,TMIN,167
USR0000NCRN,2010-12-17,TMAX,106
USC00314144,2009-07-21,TMIN,167
USW00093743,2008-10-13,TMAX,261
USC00315830,2012-02-23,TMAX,194
USC00310576,2014-12-20,TMIN,17
USR0000NHOF,2015-12-14,TMIN,128
USC00310356,2009-01-13,TMAX,139
USC00316096,2013-11-18,TMIN,144
USR0000NHOF,2015-12-14,TMAX,250
USC00310356,2015-07-11,TMAX,300
USC00316096,2013-11-18,TMAX,261
USC00310576,2011-09-11,TMAX,311
USC00310576,2015-01-23,TMIN,22
USW00093719,2011-10-31,TMIN,33
USC00314144,2005-10-12,TMAX,272
USR0000NNWB,2008-11-28,TMIN,17
USW00093719,2011-10-31,TMAX,172
USC00317170,2014-09-15,TMAX,300
USW00093719,2008-03-27,TMIN,100
USC00310356,2015-07-11,TMIN,256
USC00317170,2014-09-15,TMIN,172
USC00314144,2005-10-12,TMIN,206
USW00093743,2011-08-15,TMIN,194
USC00310356,2009-01-13,TMIN,39
USR0000NNWB,2008-11-28,TMAX,194
USC00316676,2015-12-13,TMIN,111
USC00317170,2010-01-10,TMIN,-28
USC00317170,2010-01-10,TMAX,44
USC00314689,2014-11-21,TMAX,150
USC00314689,2014-11-21,TMIN,17
USR0000NCRN,2008-05-04,TMIN,178
USR0000NCRN,2005-02-11,TMIN,-11
USR0000NCRN,2008-05-04,TMAX,250
USR0000NCRN,2005-02-11,TMAX,222
USW00013754,2008-11-10,TMIN,39
USW00013754,2008-11-10,TMAX,167
USW00013754,2010-03-23,TMIN,44
USC00310576,2015-01-23,TMAX,167
USW00093743,2011-08-15,TMAX,306
USC00316676,2006-08-29,TMAX,322
USW00013754,2010-03-23,TMAX,178
USW00093765,2011-10-04,TMIN,100
USC00316676,2006-01-29,TMIN,-11
USR0000NNWB,2009-04-30,TMAX,261
USC00316676,2007-05-10,TMAX,267
USC00316676,2007-05-10,TMIN,156
USC00314689,2007-09-19,TMIN,172
USC00314684,2007-11-13,TMAX,189
USW00093719,2011-08-04,TMIN,267
USC00315830,2015-07-11,TMAX,328
USC00314144,2005-04-09,TMAX,206
USC00315830,2012-05-07,TMAX,244
USC00315830,2012-05-07,TMIN,172
USC00314684,2007-11-13,TMIN,67
USC00310576,2012-11-13,TMAX,250
USW00093719,2011-08-04,TMAX,356
USR0000NNWB,2011-12-06,TMAX,239
USC00314144,2007-06-25,TMAX,300
USR0000NNWB,2011-12-06,TMIN,206
USR0000NCRN,2006-05-04,TMAX,289
USR0000NCRN,2006-05-04,TMIN,106
USC00317170,2010-07-17,TMIN,244
USC00310576,2015-09-26,TMIN,200
USC00317170,2010-07-17,TMAX,344
USC00314689,2007-09-19,TMAX,261
USC00310576,2007-06-14,TMAX,261
USC00310356,2006-10-13,TMAX,244
USC00314684,2008-08-16,TMAX,300
USC00310356,2011-04-09,TMAX,206
USW00093719,2005-02-06,TMIN,-11
USC00310576,2012-11-13,TMIN,78
USC00314684,2007-02-17,TMAX,56
USC00314684,2008-08-16,TMIN,183
USC00315830,2015-07-11,TMIN,244
USR0000NHOF,2011-02-13,TMAX,139
USC00316676,2014-11-21,TMIN,17
USC00314684,2007-02-17,TMIN,-78
USC00310356,2011-04-09,TMIN,128
USW00093743,2009-11-07,TMAX,167
USC00314144,2005-04-09,TMIN,111
USC00310576,2007-06-14,TMIN,83
USC00314689,2005-02-24,TMIN,50
USC00316676,2014-11-21,TMAX,161
USC00310356,2006-10-13,TMIN,117
USW00093765,2009-06-09,TMIN,200
USC00310576,2015-09-26,TMAX,233
USW00093765,2008-12-28,TMIN,156
USC00315830,2011-10-31,TMIN,67
USW00093743,2009-11-07,TMIN,33
USC00316676,2008-10-01,TMIN,172
USW00093765,2010-07-17,TMAX,300
USW00093765,2010-07-17,TMIN,233
USC00314144,2008-12-22,TMIN,-94
USR0000NNWB,2007-12-25,TMIN,22
USR0000NHOF,2011-03-03,TMAX,106
USC00316676,2009-02-24,TMAX,83
USW00093765,2008-09-02,TMIN,156
USC00314144,2007-07-31,TMAX,306
USW00093765,2008-09-02,TMAX,306
USC00314144,2007-07-31,TMIN,183
USR0000NHOF,2005-06-20,TMAX,239
USR0000NCRN,2011-06-15,TMIN,144
USC00316676,2009-02-24,TMIN,-50
USW00093765,2009-06-09,TMAX,278
USR0000NNWB,2007-12-25,TMAX,139
USC00315830,2011-10-31,TMAX,178
USC00314144,2007-06-25,TMIN,189
USC00310356,2011-03-28,TMIN,33
USR0000NCRN,2012-10-20,TMAX,239
USW00013754,2014-02-20,TMIN,100
USR0000NCRN,2012-10-20,TMIN,83
USC00316676,2013-01-04,TMIN,-6
USW00013754,2014-02-20,TMAX,239
USW00093765,2008-12-28,TMAX,206
USW00013754,2011-07-04,TMAX,328
USR0000NHOF,2011-02-13,TMIN,-50
USW00013754,2011-07-04,TMIN,239
USR0000NCRN,2011-06-15,TMAX,300
USR0000NHOF,2010-12-12,TMAX,133
USC00316676,2008-10-01,TMAX,250
USR0000NHOF,2011-03-03,TMIN,-17
USC00316676,2013-01-04,TMAX,72
USC00314689,2005-02-24,TMAX,156
USR0000NCRN,2006-10-13,TMAX,217
USR0000NHOF,2012-08-30,TMIN,183
USW00093719,2005-02-06,TMAX,167
USC00310356,2005-06-20,TMAX,283
USC00314689,2015-09-02,TMAX,339
USW00093719,2008-01-17,TMIN,28
USW00013754,2012-08-13,TMAX,306
USC00310356,2005-06-20,TMIN,200
USC00314689,2015-09-02,TMIN,206
USR0000NCRN,2012-07-08,TMAX,322
USR0000NCRN,2008-07-16,TMIN,217
USR0000NCRN,2012-07-08,TMIN,267
USW00093743,2012-08-30,TMAX,283
USC00314689,2014-08-09,TMAX,289
USC00314689,2014-08-09,TMIN,194
USR0000NHOF,2006-10-13,TMAX,183
USC00310356,2010-03-04,TMIN,17
USW00093743,2012-08-30,TMIN,211
USC00310576,2010-08-26,TMIN,189
USR0000NHOF,2006-10-13,TMIN,28
USC00310576,2010-08-26,TMAX,300
USR0000NCRN,2008-07-16,TMAX,311
USR0000NNWB,2006-08-03,TMIN,256
USW00093765,2007-03-20,TMIN,117
USW00093765,2011-09-02,TMAX,283
USW00093765,2011-09-02,TMIN,200
USW00093743,2010-03-04,TMIN,28
USW00093719,2014-01-21,TMAX,200
USC00315830,2007-07-08,TMIN,228
USW00093743,2010-03-04,TMAX,122
USW00093719,2014-01-21,TMIN,-10
USC00314689,2013-04-04,TMAX,161
USW00093719,2010-05-06,TMAX,322
USC00316676,2008-02-26,TMAX,172
USC00316676,2008-02-26,TMIN,28
USW00093719,2008-01-17,TMAX,139
USR0000NNWB,2011-03-10,TMIN,106
USW00013754,2012-08-13,TMIN,211
USR0000NNWB,2006-08-03,TMAX,361
USC00314689,2013-04-04,TMIN,50
USR0000NHOF,2012-08-30,TMAX,289
USC00310356,2009-01-01,TMIN,-17
USC00310356,2010-03-04,TMAX,89
USC00314144,2010-08-22,TMAX,317
USC00310356,2011-01-02,TMAX,150
USC00310576,2012-06-06,TMIN,111
USC00310576,2012-06-06,TMAX,228
USC00316676,2011-01-06,TMIN,-28
USW00093719,2013-12-20,TMAX,222
USC00314144,2010-08-22,TMIN,233
USC00310576,2015-08-15,TMIN,167
USR0000NNWB,2014-02-20,TMIN,106
USC00314144,2010-03-04,TMAX,100
USC00314144,2010-03-04,TMIN,-11
USW00093719,2013-12-20,TMIN,28
USC00316676,2011-01-06,TMAX,100
USR0000NCRN,2009-01-13,TMAX,100
USR0000NCRN,2009-01-13,TMIN,17
USW00093719,2007-10-18,TMAX,294
USR0000NNWB,2014-02-20,TMAX,250
USC00310356,2009-01-01,TMAX,172
USC00310576,2007-02-23,TMAX,222
USC00310576,2007-02-23,TMIN,61
USC00310576,2015-08-15,TMAX,300
USW00013754,2009-08-17,TMAX,311
USW00013754,2009-08-17,TMIN,211
USR0000NNWB,2014-07-12,TMIN,217
USR0000NNWB,2015-08-21,TMIN,228
USC00315830,2007-07-08,TMAX,300
USC00310576,2013-08-03,TMAX,300
USC00310356,2011-03-28,TMAX,89
USC00310576,2013-08-03,TMIN,233
USR0000NCRN,2013-09-24,TMAX,233
USC00315830,2013-02-20,TMAX,144
USC00315830,2013-02-20,TMIN,39
USR0000NNWB,2015-08-21,TMAX,322
USC00317170,2008-09-11,TMAX,300
USR0000NNWB,2014-07-12,TMAX,328
USC00317170,2008-09-11,TMIN,228
USR0000NCRN,2013-09-24,TMIN,89
USW00093743,2011-03-28,TMAX,78
USW00093743,2011-03-28,TMIN,11
USR0000NCRN,2006-10-13,TMIN,89
USR0000NNWB,2008-03-27,TMAX,244
USC00315830,2006-01-13,TMAX,189
USR0000NNWB,2011-07-04,TMAX,356
USR0000NNWB,2011-07-04,TMIN,239
USC00315830,2013-08-03,TMAX,306
USC00315830,2013-08-03,TMIN,267
USC00315830,2006-01-13,TMIN,94
USR0000NNWB,2008-03-27,TMIN,111
USR0000NHOF,2009-11-07,TMIN,-28
USW00093765,2012-12-01,TMAX,172
USW00093765,2012-12-01,TMIN,6
USC00310356,2006-05-04,TMIN,83
USC00310356,2006-05-04,TMAX,267
USC00310356,2005-12-09,TMIN,50
USC00310356,2005-12-09,TMAX,161
USC00314689,2007-11-29,TMIN,39
USC00316676,2011-04-24,TMAX,272
USW00093743,2012-10-20,TMIN,111
USC00314144,2009-03-11,TMIN,83
USC00315830,2015-05-18,TMAX,256
USW00093765,2014-01-21,TMAX,161
USW00093743,2010-12-12,TMAX,156
USC00316096,2015-11-29,TMAX,228
USC00316096,2015-11-29,TMIN,78
USW00013754,2009-04-30,TMAX,256
USW00093719,2013-11-18,TMIN,144
USW00093743,2010-12-12,TMIN,44
USC00314144,2007-08-19,TMAX,306
USR0000NHOF,2006-05-04,TMIN,56
USR0000NHOF,2012-10-20,TMIN,72
USW00093719,2013-11-18,TMAX,272
USC00316676,2015-03-04,TMAX,178
USR0000NHOF,2012-10-20,TMAX,239
USC00314144,2009-03-11,TMAX,256
USC00316676,2011-04-24,TMIN,156
USC00315830,2015-05-18,TMIN,211
USR0000NHOF,2006-05-04,TMAX,283
USW00093765,2014-01-21,TMIN,0
USW00093743,2012-10-20,TMAX,233
USC00316096,2015-11-05,TMIN,172
USC00316676,2013-12-29,TMAX,194
USR0000NHOF,2015-07-31,TMIN,217
USC00310356,2012-10-20,TMIN,183
USC00310356,2012-10-20,TMAX,244
USC00314689,2010-10-30,TMAX,189
USR0000NHOF,2011-04-09,TMAX,189
USC00315830,2010-01-10,TMIN,-56
USC00310576,2011-05-28,TMAX,300
USC00315830,2010-01-10,TMAX,28
USC00316676,2006-03-05,TMAX,128
USC00316676,2006-03-05,TMIN,-33
USC00314689,2010-10-30,TMIN,50
USR0000NHOF,2011-04-09,TMIN,106
USC00316676,2005-03-16,TMAX,139
USC00316676,2005-03-16,TMIN,-28
USC00314689,2008-06-03,TMIN,150
USR0000NHOF,2009-11-07,TMAX,178
USC00315830,2009-04-20,TMAX,211
USR0000NHOF,2015-07-31,TMAX,344
USW00093719,2007-07-19,TMIN,239
USC00315830,2009-04-20,TMIN,167
USC00315830,2009-05-17,TMAX,261
USC00315830,2009-05-17,TMIN,211
USC00314144,2007-08-19,TMIN,172
USC00314689,2007-11-29,TMAX,172
USC00310576,2009-07-21,TMIN,194
USC00310576,2009-07-21,TMAX,278
USW00093719,2007-07-19,TMAX,344
USC00316096,2015-11-05,TMAX,272
USC00310576,2011-05-28,TMIN,178
USC00310576,2008-02-05,TMAX,222
USC00310576,2008-02-05,TMIN,67
USC00316676,2007-01-01,TMIN,117
USC00316676,2013-12-29,TMIN,0
USW00093719,2008-04-22,TMAX,217
USW00093719,2008-04-22,TMIN,133
USC00316676,2007-01-01,TMAX,206
USW00093719,2008-01-15,TMAX,83
USR0000NCRN,2010-03-04,TMIN,22
USR0000NCRN,2010-03-04,TMAX,106
USW00093765,2015-04-01,TMAX,156
USR0000NNWB,2006-04-05,TMIN,61
USC00317170,2011-09-02,TMIN,144
USR0000NCRN,2014-12-08,TMIN,61
USC00316676,2010-04-24,TMIN,89
USC00316676,2010-04-24,TMAX,233
USR0000NHOF,2011-03-28,TMIN,-17
USW00093765,2015-04-01,TMIN,83
USC00316676,2013-04-04,TMIN,67
USR0000NCRN,2009-02-15,TMIN,22
USC00316676,2013-04-04,TMAX,150
USC00310356,2015-07-31,TMAX,311
USR0000NCRN,2014-12-08,TMAX,139
USC00310356,2015-07-31,TMIN,228
USW00093719,2008-01-15,TMIN,-44
USC00315830,2015-10-20,TMAX,150
USR0000NCRN,2009-02-15,TMAX,106
USC00315830,2015-10-20,TMIN,61
USW00093743,2011-04-09,TMIN,117
USR0000NCRN,2010-12-26,TMAX,39
USC00315830,2013-11-02,TMIN,183
USR0000NHOF,2005-06-20,TMIN,100
USC00315830,2013-11-02,TMAX,256
USC00310356,2010-12-12,TMAX,150
USC00310356,2010-12-12,TMIN,83
USC00310356,2006-09-29,TMIN,150
USC00310356,2006-09-29,TMAX,256
USR0000NCRN,2010-12-26,TMIN,-17
USR0000NHOF,2011-02-03,TMAX,117
USC00316676,2007-04-19,TMIN,67
USC00316676,2007-04-19,TMAX,172
USW00013754,2007-11-04,TMIN,28
USC00314144,2010-07-31,TMIN,161
USC00314144,2010-07-31,TMAX,278
USC00317170,2011-09-02,TMAX,289
USW00093743,2011-04-09,TMAX,183
USW00013754,2015-08-21,TMIN,233
USC00314684,2008-01-08,TMAX,228
USC00310576,2006-11-12,TMAX,194
USC00310576,2006-11-12,TMIN,94
USR0000NCRN,2005-08-16,TMIN,239
USR0000NCRN,2005-08-16,TMAX,361
USW00093765,2007-01-19,TMIN,44
USW00093765,2007-01-19,TMAX,128
USR0000NNWB,2007-09-08,TMAX,317
USC00316676,2015-03-04,TMIN,39
USW00013754,2014-07-12,TMAX,306
USW00093719,2006-08-03,TMAX,356
USR0000NHOF,2011-03-28,TMAX,83
USR0000NCRN,2005-05-09,TMIN,111
USC00314689,2007-08-19,TMIN,189
USW00013754,2011-03-24,TMIN,100
USW00013754,2011-03-24,TMAX,228
USC00315830,2005-07-31,TMIN,233
USW00013754,2009-04-30,TMIN,156
USC00315830,2005-07-31,TMAX,294
USR0000NCRN,2005-05-09,TMAX,289
USR0000NNWB,2007-09-08,TMIN,161
USC00315830,2014-06-01,TMAX,272
USC00316676,2014-09-15,TMAX,239
USC00314684,2008-01-08,TMIN,61
USW00013754,2014-07-12,TMIN,217
USR0000NHOF,2011-02-03,TMIN,22
USC00314689,2015-11-29,TMIN,94
USW00013754,2007-11-04,TMAX,200
USR0000NHOF,2011-02-11,TMIN,-72
USC00315830,2014-06-01,TMIN,156
USW00093719,2011-12-06,TMIN,89
USW00013754,2015-08-21,TMAX,333
USC00314689,2015-11-29,TMAX,239
USR0000NHOF,2011-02-11,TMAX,22
USW00093719,2011-12-06,TMAX,244
USC00316676,2014-09-15,TMIN,183
USW00093719,2006-08-03,TMIN,256
USR0000NNWB,2006-04-05,TMAX,217
USC00314689,2008-08-07,TMAX,361
USC00314689,2008-08-07,TMIN,239
USR0000NNWB,2011-03-10,TMAX,194
USW00093765,2007-03-20,TMAX,189
USW00093719,2010-05-06,TMIN,139
USC00310356,2012-08-30,TMIN,233
USC00314684,2014-08-09,TMIN,200
USW00013754,2007-12-25,TMAX,128
USW00093743,2011-02-03,TMIN,39
USW00013754,2007-12-25,TMIN,28
USC00317170,2014-01-21,TMIN,22
USC00314689,2008-08-26,TMIN,228
USC00310576,2005-09-21,TMAX,272
USC00314684,2014-08-09,TMAX,289
USC00310576,2005-09-21,TMIN,206
USR0000NHOF,2008-03-21,TMIN,-39
USR0000NCRN,2013-08-03,TMAX,300
USC00314684,2011-02-26,TMIN,17
USR0000NCRN,2013-08-03,TMIN,256
USW00093743,2011-01-13,TMIN,-55
USR0000NHOF,2008-03-21,TMAX,189
USR0000NHOF,2015-01-14,TMIN,0
USW00013754,2013-01-18,TMAX,100
USC00316096,2014-09-15,TMAX,250
USC00315830,2010-03-23,TMIN,72
USW00093743,2011-02-03,TMAX,139
USR0000NNWB,2012-08-13,TMAX,339
USC00314689,2009-11-24,TMIN,106
USR0000NNWB,2012-05-07,TMAX,261
USC00316676,2007-09-11,TMIN,194
USC00316676,2007-09-11,TMAX,333
USW00093765,2014-02-20,TMIN,106
USW00013754,2010-01-10,TMIN,-66
USC00315830,2010-03-23,TMAX,172
USW00013754,2010-01-10,TMAX,22
USW00013754,2015-05-18,TMAX,317
USW00093719,2006-04-05,TMIN,56
USW00013754,2013-01-18,TMIN,28
USW00093719,2006-04-05,TMAX,211
USW00093765,2014-02-20,TMAX,206
USW00093743,2011-01-13,TMAX,56
USC00317170,2007-10-30,TMIN,44
USW00013754,2015-05-18,TMIN,194
USC00314689,2009-11-24,TMAX,172
USC00317170,2008-01-06,TMAX,211
USC00314684,2007-01-19,TMIN,-6
USR0000NCRN,2008-03-21,TMAX,194
USR0000NCRN,2008-03-21,TMIN,17
USR0000NHOF,2010-12-17,TMIN,-17
USC00316096,2012-07-31,TMIN,211
USR0000NHOF,2010-12-17,TMAX,111
USC00310356,2005-05-09,TMAX,244
USC00316096,2012-07-31,TMAX,289
USW00093719,2007-08-10,TMAX,356
USC00314144,2005-02-11,TMIN,-33
USW00013754,2013-11-18,TMAX,272
USW00013754,2013-11-18,TMIN,144
USC00314684,2013-04-04,TMAX,156
USC00316676,2015-02-19,TMAX,56
USC00316676,2015-02-19,TMIN,-67
USW00093765,2013-11-18,TMIN,150
USC00314144,2009-03-02,TMAX,44
USC00314144,2005-02-11,TMAX,94
USC00317170,2008-01-06,TMIN,67
USC00310356,2012-03-10,TMAX,172
USR0000NNWB,2011-06-05,TMAX,311
USC00316096,2014-09-15,TMIN,183
USC00314684,2007-01-19,TMAX,44
USR0000NHOF,2006-11-22,TMAX,172
USC00310356,2012-03-10,TMIN,67
USC00315830,2011-07-15,TMAX,322
USR0000NHOF,2006-11-22,TMIN,78
USW00093719,2007-08-10,TMIN,233
USC00310356,2005-05-09,TMIN,139
USW00013754,2005-07-12,TMAX,322
USC00316096,2015-09-02,TMAX,322
USC00316096,2015-09-02,TMIN,206
USR0000NCRN,2005-04-09,TMIN,89
USR0000NCRN,2005-04-09,TMAX,172
USR0000NNWB,2011-06-05,TMIN,206
USC00317170,2014-01-21,TMAX,189
USC00315830,2011-07-15,TMIN,228
USW00013754,2005-07-12,TMIN,233
USC00315830,2005-06-12,TMIN,222
USR0000NNWB,2012-05-07,TMIN,150
USR0000NNWB,2012-08-13,TMIN,217
USC00310576,2008-07-23,TMIN,217
USW00093765,2005-07-17,TMIN,267
USC00310576,2006-02-16,TMIN,33
USW00093765,2009-10-28,TMIN,156
USW00093765,2009-10-28,TMAX,244
USR0000NNWB,2014-01-21,TMAX,194
USR0000NNWB,2014-01-21,TMIN,-22
USC00310576,2008-07-23,TMAX,350
USR0000NHOF,2005-05-09,TMIN,50
USR0000NNWB,2010-01-10,TMIN,-72
USR0000NNWB,2010-01-10,TMAX,28
USC00316676,2005-11-18,TMIN,0
USR0000NNWB,2015-05-18,TMIN,200
USR0000NNWB,2015-05-18,TMAX,328
USR0000NHOF,2005-05-09,TMAX,272
USC00314684,2015-11-29,TMAX,222
USR0000NCRN,2005-03-03,TMAX,111
USR0000NCRN,2005-12-09,TMAX,167
USR0000NCRN,2014-09-16,TMAX,283
USC00310356,2009-07-21,TMIN,222
USW00093719,2015-04-01,TMIN,83
USW00093765,2010-10-01,TMAX,222
USC00317170,2013-11-18,TMIN,189
USC00317170,2013-11-18,TMAX,256
USC00317170,2014-02-20,TMIN,100
USC00317170,2014-02-20,TMAX,244
USC00316096,2012-06-28,TMAX,311
USR0000NCRN,2014-09-16,TMIN,194
USC00316096,2012-06-28,TMIN,144
USW00093765,2008-09-11,TMIN,233
USW00093719,2009-04-27,TMAX,306
USW00093719,2009-04-27,TMIN,150
USW00093719,2005-07-12,TMIN,217
USW00093719,2005-07-12,TMAX,322
USW00093765,2005-07-17,TMAX,300
USC00310356,2009-07-21,TMAX,283
USW00093765,2008-09-11,TMAX,306
USR0000NHOF,2011-01-13,TMAX,44
USR0000NCRN,2006-09-29,TMAX,244
USR0000NCRN,2005-12-09,TMIN,11
USW00093719,2007-06-28,TMIN,211
USW00093719,2010-10-07,TMAX,267
USW00093719,2010-10-07,TMIN,94
USW00093765,2010-10-07,TMIN,122
USR0000NHOF,2009-07-21,TMAX,289
USR0000NHOF,2009-07-21,TMIN,167
USR0000NHOF,2015-01-14,TMAX,33
USR0000NCRN,2005-03-03,TMIN,-33
USC00317170,2009-06-16,TMIN,200
USW00093765,2010-10-07,TMAX,256
USC00315830,2005-06-12,TMAX,283
USC00314684,2011-02-26,TMAX,228
USR0000NCRN,2013-04-05,TMIN,28
USR0000NCRN,2013-04-05,TMAX,156
USR0000NNWB,2008-04-22,TMAX,228
USR0000NNWB,2008-04-22,TMIN,139
USC00316676,2015-11-18,TMAX,211
USW00093719,2013-08-03,TMAX,328
USC00315830,2010-05-17,TMAX,250
USR0000NNWB,2014-04-25,TMAX,267
USC00315830,2008-07-08,TMIN,256
USC00314689,2015-04-25,TMAX,200
USC00314689,2015-04-25,TMIN,83
USC00314684,2015-11-29,TMIN,78
USR0000NCRN,2006-09-29,TMIN,111
USC00316676,2005-11-18,TMAX,128
USC00317170,2007-10-30,TMAX,200
USC00317170,2009-06-16,TMAX,244
USW00013754,2008-06-30,TMIN,244
USC00316676,2015-11-18,TMIN,67
USC00310576,2015-07-11,TMAX,350
USW00093719,2007-06-28,TMAX,328
USC00310576,2015-07-11,TMIN,222
USW00093719,2013-08-03,TMIN,250
USW00013754,2008-06-30,TMAX,306
USC00315830,2010-05-17,TMIN,211
USR0000NNWB,2014-04-25,TMIN,100
USC00314689,2014-09-15,TMAX,239
USR0000NHOF,2006-07-10,TMAX,306
USC00314689,2014-09-15,TMIN,172
USW00013754,2014-04-25,TMIN,94
USC00316096,2014-08-09,TMAX,267
USC00314144,2007-10-19,TMIN,206
USW00093719,2014-02-20,TMAX,256
USR0000NCRN,2009-09-19,TMAX,283
USR0000NCRN,2009-09-19,TMIN,228
USW00093743,2009-01-01,TMIN,-32
USW00093743,2009-01-01,TMAX,56
USC00310576,2006-05-04,TMAX,272
USC00315830,2012-01-27,TMIN,106
USC00310356,2009-09-19,TMIN,217
USC00310356,2009-09-19,TMAX,278
USC00315830,2012-01-27,TMAX,194
USW00093743,2012-07-08,TMIN,267
USW00093743,2012-07-08,TMAX,328
USC00316096,2013-04-04,TMAX,167
USC00316096,2013-04-04,TMIN,50
USC00316096,2014-08-09,TMIN,211
USR0000NCRN,2010-04-13,TMIN,72
USC00310576,2006-05-04,TMIN,89
USC00315830,2011-01-10,TMIN,-33
USC00314144,2007-10-19,TMAX,283
USC00314144,2005-07-23,TMAX,333
USW00093743,2013-09-24,TMIN,128
USC00315830,2014-04-25,TMAX,233
USW00093719,2014-02-20,TMIN,117
USR0000NHOF,2012-07-08,TMIN,256
USW00013754,2013-08-03,TMIN,244
USC00315830,2014-04-25,TMIN,100
USW00093743,2013-09-24,TMAX,250
USR0000NCRN,2010-07-31,TMIN,178
USR0000NCRN,2010-07-31,TMAX,294
USC00316676,2008-08-23,TMAX,294
USC00316676,2008-08-23,TMIN,206
USC00310356,2013-09-24,TMIN,139
USW00013754,2013-08-03,TMAX,306
USC00310356,2013-09-24,TMAX,228
USR0000NHOF,2012-07-08,TMAX,356
USC00310356,2008-03-21,TMAX,161
USR0000NCRN,2010-04-13,TMAX,217
USC00310576,2005-01-11,TMAX,194
USC00314689,2009-12-18,TMAX,72
USC00314144,2005-05-09,TMAX,283
USC00314144,2005-05-09,TMIN,78
USC00314689,2009-12-18,TMIN,-6
USC00310356,2009-11-07,TMIN,72
USC00317170,2009-06-11,TMAX,306
USC00310356,2011-01-02,TMIN,56
USC00310576,2012-12-09,TMIN,89
USW00013754,2011-12-06,TMAX,250
USC00310356,2012-08-30,TMAX,300
USW00013754,2011-12-06,TMIN,100
USC00314144,2005-08-16,TMIN,233
USW00093765,2008-10-31,TMIN,11
USR0000NHOF,2006-09-29,TMIN,61
USW00093765,2008-10-31,TMAX,172
USR0000NHOF,2006-09-29,TMAX,217
USC00314144,2005-08-16,TMAX,361
USC00316676,2009-04-10,TMIN,78
USC00317170,2011-03-17,TMAX,211
USW00093719,2011-07-04,TMAX,344
USC00310576,2005-01-11,TMIN,50
USR0000NNWB,2007-11-08,TMAX,133
USC00316676,2009-04-10,TMAX,222
USR0000NNWB,2007-11-08,TMIN,-11
USC00310356,2012-07-08,TMIN,272
USC00310356,2012-07-08,TMAX,306
USC00310356,2009-11-07,TMAX,228
USC00317170,2011-03-17,TMIN,72
USR0000NHOF,2010-03-04,TMIN,-11
USW00013754,2007-09-08,TMIN,183
USW00093719,2011-07-04,TMIN,233
USC00310576,2012-12-09,TMAX,194
USC00317170,2009-06-11,TMIN,194
USR0000NHOF,2010-03-04,TMAX,100
USC00310356,2010-12-17,TMIN,39
USC00310356,2010-12-17,TMAX,128
USW00013754,2007-09-08,TMAX,300
USC00314144,2005-07-23,TMIN,217
USC00310356,2008-03-21,TMIN,61
USW00093743,2011-03-03,TMIN,6
USW00093743,2013-08-03,TMIN,267
USR0000NHOF,2009-01-01,TMIN,-56
USC00315830,2011-01-10,TMAX,33
USC00316676,2011-12-19,TMAX,100
USW00093743,2008-03-21,TMIN,28
USC00314684,2008-11-23,TMIN,-50
USW00093719,2011-02-22,TMAX,183
USW00093743,2013-08-03,TMAX,311
USC00314684,2005-02-24,TMAX,161
USW00093719,2007-12-11,TMAX,233
USW00093719,2007-12-11,TMIN,106
USC00314684,2005-02-24,TMIN,44
USW00093719,2007-01-19,TMAX,133
USC00314144,2009-03-02,TMIN,-28
USW00093719,2007-01-19,TMIN,39
USC00314684,2005-11-27,TMIN,-22
USC00314684,2008-11-23,TMAX,67
USW00093765,2013-12-20,TMIN,61
USC00310356,2013-08-03,TMIN,256
USC00310356,2013-08-03,TMAX,294
USW00013754,2014-04-25,TMAX,250
USW00093765,2011-03-17,TMAX,194
USW00093765,2006-08-03,TMIN,278
USW00093765,2006-08-03,TMAX,317
USC00314684,2013-04-04,TMIN,39
USW00013754,2012-05-07,TMIN,167
USW00013754,2012-05-07,TMAX,239
USC00310576,2007-09-27,TMAX,311
USW00093719,2007-10-18,TMIN,167
USC00314144,2006-07-10,TMIN,178
USC00314689,2012-06-28,TMAX,322
USC00314689,2012-06-28,TMIN,161
USC00314144,2006-07-10,TMAX,322
USC00317170,2011-02-04,TMIN,39
USW00093765,2011-03-17,TMIN,94
USC00314144,2010-04-13,TMIN,39
USC00314144,2010-04-13,TMAX,239
USW00093743,2008-03-21,TMAX,161
USC00315830,2007-07-06,TMIN,250
USW00093719,2011-02-22,TMIN,17
USC00314684,2012-02-17,TMIN,50
USC00314684,2012-02-17,TMAX,144
USC00316096,2009-12-18,TMAX,139
USC00315830,2014-02-20,TMAX,200
USC00316096,2009-12-18,TMIN,-17
USC00315830,2014-02-20,TMIN,106
USC00314144,2006-05-04,TMAX,294
USC00315830,2007-07-06,TMAX,294
USC00310576,2012-08-30,TMIN,211
USC00310576,2012-08-30,TMAX,300
USC00314144,2009-10-16,TMIN,100
USC00314144,2009-10-16,TMAX,144
USC00314689,2015-11-05,TMIN,189
USW00093765,2008-12-12,TMIN,56
USW00093765,2008-12-12,TMAX,161
USC00314689,2015-11-05,TMAX,222
USC00314144,2006-05-04,TMIN,89
USR0000NHOF,2009-09-19,TMAX,278
USR0000NHOF,2009-09-19,TMIN,167
USR0000NNWB,2010-05-06,TMIN,172
USW00093765,2013-12-20,TMAX,217
USC00316676,2011-05-30,TMIN,183
USW00093719,2007-11-16,TMIN,-11
USW00093719,2007-11-16,TMAX,111
USC00317170,2011-02-04,TMAX,61
USC00314684,2005-11-27,TMAX,122
USC00310576,2007-09-27,TMIN,167
USC00315830,2014-05-16,TMAX,267
USC00316676,2011-05-30,TMAX,294
USC00314684,2008-09-11,TMIN,211
USR0000NNWB,2010-05-06,TMAX,328
USC00314684,2008-09-11,TMAX,261
USC00316676,2011-12-19,TMIN,-39
USC00315830,2014-05-16,TMIN,211
USW00093743,2011-03-03,TMAX,111
USR0000NNWB,2009-08-17,TMIN,228
USR0000NNWB,2009-08-17,TMAX,344
USW00093765,2013-11-18,TMAX,239
USR0000NHOF,2006-07-10,TMIN,161
USC00310576,2011-03-08,TMAX,144
USC00314684,2009-03-04,TMAX,17
USC00317170,2010-03-03,TMIN,28
USC00317170,2014-07-12,TMIN,206
USC00315830,2014-08-09,TMAX,289
USW00093719,2008-11-23,TMAX,106
USW00013754,2007-11-08,TMIN,44
USC00315830,2014-08-09,TMIN,233
USR0000NHOF,2014-11-22,TMIN,-61
USC00317170,2010-03-03,TMAX,61
USR0000NHOF,2014-11-22,TMAX,172
USW00013754,2012-11-13,TMIN,78
USC00317170,2014-07-12,TMAX,311
USW00013754,2012-11-13,TMAX,222
USW00093765,2008-01-06,TMAX,183
USW00093719,2012-08-30,TMIN,211
USW00093719,2012-08-30,TMAX,311
USC00314689,2007-05-10,TMAX,278
USW00093719,2008-11-23,TMIN,-39
USC00314689,2007-05-10,TMIN,156
USC00316096,2014-09-16,TMAX,278
USC00316096,2015-04-08,TMAX,267
USC00315830,2015-07-31,TMAX,306
USC00316096,2015-04-08,TMIN,144
USR0000NHOF,2007-06-09,TMAX,328
USR0000NHOF,2007-06-09,TMIN,178
USC00316096,2011-04-24,TMAX,261
USC00310576,2008-05-04,TMIN,161
USC00310576,2008-05-04,TMAX,272
USC00316096,2014-09-16,TMIN,194
USC00316096,2011-04-24,TMIN,194
USC00315830,2011-06-10,TMAX,294
USW00093765,2010-11-15,TMAX,200
USW00013754,2007-11-08,TMAX,133
USC00315830,2011-06-10,TMIN,239
USW00093765,2015-04-08,TMIN,161
USR0000NHOF,2014-06-08,TMIN,122
USR0000NHOF,2014-06-08,TMAX,306
USW00093765,2015-04-08,TMAX,233
USC00315830,2006-11-12,TMAX,222
USC00314689,2005-11-27,TMIN,6
USW00093765,2009-11-24,TMAX,172
USR0000NCRN,2010-06-25,TMIN,233
USC00310356,2015-02-20,TMAX,-22
USR0000NCRN,2010-06-25,TMAX,317
USR0000NCRN,2015-05-18,TMAX,283
USC00315830,2014-09-15,TMAX,250
USC00315830,2014-09-15,TMIN,194
USR0000NNWB,2009-12-18,TMAX,106
USC00310356,2015-02-20,TMIN,-117
USR0000NNWB,2009-12-18,TMIN,-17
USR0000NNWB,2012-01-27,TMIN,78
USR0000NNWB,2012-01-27,TMAX,222
USC00316096,2012-05-06,TMAX,244
USC00316096,2012-05-06,TMIN,183
USC00314689,2009-10-28,TMIN,161
USC00314689,2009-10-28,TMAX,267
USR0000NNWB,2012-02-12,TMIN,-44
USR0000NCRN,2015-05-18,TMIN,206
USC00314684,2011-08-02,TMIN,206
USC00310356,2008-10-06,TMAX,283
USW00013754,2008-09-02,TMAX,294
USW00093765,2009-11-24,TMIN,144
USC00314684,2007-08-05,TMAX,344
USW00093765,2008-08-07,TMAX,322
USW00093765,2008-08-07,TMIN,222
USC00314684,2007-08-05,TMIN,206
USC00314684,2011-08-02,TMAX,322
USC00310576,2014-01-21,TMAX,178
USW00013754,2008-09-02,TMIN,150
USC00310576,2014-01-21,TMIN,22
USC00317170,2011-10-04,TMAX,211
USW00093765,2013-09-24,TMIN,111
USW00093765,2013-09-24,TMAX,228
USW00093765,2008-01-06,TMIN,72
USC00310356,2008-10-06,TMIN,161
USC00314689,2011-10-31,TMIN,17
USC00314689,2011-10-31,TMAX,133
USC00317170,2011-10-04,TMIN,83
USC00314684,2015-04-01,TMIN,17
USC00315830,2006-11-12,TMIN,106
USC00316096,2010-10-07,TMIN,78
USC00314684,2009-10-15,TMAX,133
USC00317170,2010-03-23,TMAX,183
USC00314684,2013-02-20,TMIN,-6
USR0000NCRN,2010-01-10,TMAX,28
USR0000NCRN,2010-01-10,TMIN,-72
USC00314684,2013-02-20,TMAX,156
USW00093719,2012-06-06,TMIN,139
USC00317170,2010-03-23,TMIN,72
USW00093719,2012-06-06,TMAX,244
USW00013754,2009-12-18,TMIN,0
USW00093765,2010-03-03,TMAX,56
USW00093765,2010-03-03,TMIN,22
USC00316676,2008-08-12,TMIN,139
USC00316676,2008-08-12,TMAX,300
USC00314684,2011-06-02,TMAX,350
USC00317170,2009-04-10,TMAX,283
USC00314684,2009-10-15,TMIN,100
USC00316676,2008-09-27,TMAX,278
USC00315830,2015-11-14,TMIN,44
USR0000NNWB,2012-10-19,TMAX,261
USC00314684,2011-06-02,TMIN,211
USR0000NNWB,2014-11-21,TMIN,0
USW00093765,2015-07-11,TMAX,317
USC00316676,2014-04-24,TMIN,83
USW00093765,2015-02-19,TMIN,-71
USR0000NNWB,2005-11-27,TMAX,211
USC00310356,2006-08-30,TMIN,233
USR0000NNWB,2012-10-19,TMIN,139
USC00310356,2006-08-30,TMAX,261
USC00310576,2007-09-30,TMAX,256
USC00315830,2015-11-14,TMAX,217
USW00013754,2009-05-17,TMAX,272
USR0000NNWB,2005-11-27,TMIN,22
USC00314144,2005-05-22,TMIN,89
USC00314144,2005-05-22,TMAX,267
USW00013754,2009-12-18,TMAX,111
USW00013754,2009-05-17,TMIN,117
USC00316096,2010-10-07,TMAX,256
USC00317170,2009-04-10,TMIN,89
USW00093765,2007-06-28,TMIN,250
USC00315830,2007-01-19,TMAX,133
USC00315830,2007-01-19,TMIN,44
USC00310356,2013-08-02,TMAX,267
USC00310356,2013-08-02,TMIN,228
USW00093743,2013-08-02,TMAX,306
USW00093743,2013-08-02,TMIN,244
USW00093719,2007-11-08,TMIN,-6
USR0000NHOF,2015-02-20,TMAX,0
USW00093719,2007-11-08,TMAX,133
USW00093719,2011-09-20,TMAX,256
USC00315830,2015-07-31,TMIN,239
USC00310576,2011-12-06,TMAX,211
USC00310576,2011-12-06,TMIN,94
USC00316676,2015-05-18,TMIN,172
USW00093765,2010-11-15,TMIN,33
USC00316676,2015-05-18,TMAX,294
USW00093719,2011-09-20,TMIN,167
USC00316676,2008-09-27,TMIN,183
USC00310576,2007-09-30,TMIN,128
USC00314689,2014-09-16,TMAX,278
USC00315830,2010-07-31,TMIN,211
USC00315830,2010-07-31,TMAX,317
USC00316096,2014-04-25,TMIN,83
USW00093765,2007-06-28,TMAX,294
USC00314144,2010-12-17,TMAX,111
USR0000NHOF,2015-02-20,TMIN,-122
USC00314684,2012-05-06,TMAX,322
USR0000NNWB,2012-11-13,TMAX,194
USC00314684,2012-05-06,TMIN,183
USR0000NNWB,2012-11-13,TMIN,72
USC00317170,2013-09-24,TMIN,100
USC00316676,2013-04-05,TMIN,78
USC00316676,2013-04-05,TMAX,133
USC00317170,2013-09-24,TMAX,233
USC00314689,2014-09-16,TMIN,194
USC00316096,2014-04-25,TMAX,239
USC00314144,2010-12-17,TMIN,-17
USC00310356,2014-06-08,TMIN,183
USC00315830,2006-07-09,TMAX,283
USC00315830,2006-07-09,TMIN,183
USC00316096,2013-09-23,TMIN,122
USR0000NCRN,2005-07-23,TMIN,233
USC00315830,2006-02-16,TMIN,50
USR0000NCRN,2009-01-19,TMIN,-6
USC00315830,2006-02-16,TMAX,194
USC00314689,2012-02-17,TMIN,83
USR0000NCRN,2005-07-23,TMAX,339
USC00316096,2013-09-23,TMAX,228
USW00013754,2010-10-07,TMAX,256
USW00093719,2015-04-25,TMAX,183
USW00093719,2015-04-25,TMIN,83
USR0000NCRN,2010-12-12,TMAX,161
USC00316096,2009-10-15,TMAX,172
USC00316096,2009-10-15,TMIN,128
USC00314684,2014-06-30,TMAX,294
USC00314684,2014-06-30,TMIN,161
USW00013754,2010-10-07,TMIN,94
USW00013754,2012-06-06,TMIN,150
USR0000NHOF,2014-02-21,TMAX,250
USR0000NHOF,2014-02-21,TMIN,117
USC00315830,2010-11-11,TMIN,72
USC00310576,2007-06-09,TMIN,233
USC00310576,2013-08-02,TMAX,278
USC00310576,2013-08-02,TMIN,217
USC00314684,2009-08-05,TMAX,322
USC00314684,2009-08-05,TMIN,217
USC00314684,2007-07-19,TMIN,217
USC00314684,2007-07-19,TMAX,328
USC00316676,2013-11-18,TMIN,139
USC00310576,2014-12-08,TMIN,72
USC00310576,2014-12-08,TMAX,94
USC00314684,2014-04-25,TMIN,94
USW00013754,2008-11-28,TMAX,183
USC00310576,2007-06-09,TMAX,328
USC00314684,2014-04-25,TMAX,211
USW00013754,2008-11-28,TMIN,0
USC00316676,2013-11-18,TMAX,256
USC00315830,2010-11-11,TMAX,178
USW00013754,2012-06-06,TMAX,233
USR0000NCRN,2009-01-19,TMAX,122
USW00093765,2007-04-03,TMAX,272
USC00316676,2005-01-27,TMIN,33
USC00314689,2013-09-23,TMIN,133
USC00315830,2005-12-09,TMIN,-22
USC00310576,2007-08-30,TMAX,311
USC00316676,2005-01-27,TMAX,167
USW00093765,2007-04-03,TMIN,139
USW00013754,2012-01-27,TMAX,217
USC00310576,2007-08-30,TMIN,172
USC00316676,2005-04-08,TMAX,244
USC00316676,2005-04-08,TMIN,161
USR0000NNWB,2009-10-28,TMIN,144
USC00314684,2009-06-16,TMIN,200
USC00315830,2005-12-09,TMAX,172
USR0000NNWB,2012-08-30,TMIN,217
USC00317170,2014-09-16,TMIN,194
USR0000NNWB,2009-10-28,TMAX,289
USC00314689,2012-02-17,TMAX,156
USC00314144,2007-05-11,TMAX,278
USW00093719,2005-09-21,TMIN,211
USC00314144,2011-01-28,TMAX,128
USC00314689,2014-01-21,TMIN,22
USC00310356,2005-02-11,TMIN,0
USC00310356,2005-02-11,TMAX,150
USC00314689,2013-09-23,TMAX,250
USW00013754,2011-05-06,TMIN,72
USC00317170,2009-06-01,TMIN,189
USW00093719,2005-09-21,TMAX,283
USC00314684,2006-03-05,TMAX,122
USC00314684,2006-03-05,TMIN,-28
USC00317170,2009-06-01,TMAX,300
USR0000NCRN,2007-04-12,TMIN,150
USC00314144,2007-05-11,TMIN,122
USC00317170,2014-05-16,TMIN,194
USC00317170,2014-05-16,TMAX,267
USW00013754,2012-01-27,TMIN,117
USC00314689,2014-01-21,TMAX,172
USC00314689,2006-05-04,TMAX,278
USC00314689,2006-05-04,TMIN,128
USC00310576,2011-10-31,TMIN,28
USR0000NNWB,2008-12-18,TMIN,122
USC00316676,2015-07-10,TMAX,333
USC00316676,2015-07-10,TMIN,239
USR0000NHOF,2010-09-25,TMAX,311
USC00317170,2015-02-19,TMAX,17
USC00314684,2014-09-16,TMIN,178
USC00314684,2014-09-16,TMAX,244
USW00093765,2010-03-23,TMAX,139
USC00317170,2015-02-19,TMIN,-72
USC00314144,2008-02-05,TMIN,133
USR0000NHOF,2010-09-25,TMIN,144
USC00314689,2012-05-06,TMAX,300
USC00314689,2012-05-06,TMIN,189
USC00314684,2010-10-23,TMAX,194
USC00314684,2010-10-23,TMIN,11
USR0000NNWB,2012-06-06,TMIN,133
USC00314144,2008-02-05,TMAX,217
USR0000NNWB,2012-06-06,TMAX,250
USW00093765,2010-03-23,TMIN,72
USW00013754,2011-07-15,TMAX,294
USC00314684,2015-04-01,TMAX,228
USR0000NNWB,2012-02-12,TMAX,50
USC00310356,2014-11-22,TMIN,22
USC00314684,2012-02-21,TMAX,106
USC00314684,2012-02-21,TMIN,-33
USW00013754,2005-07-28,TMAX,339
USC00310356,2014-06-08,TMAX,294
USW00093719,2012-10-19,TMIN,150
USW00013754,2005-07-28,TMIN,256
USR0000NCRN,2005-01-11,TMAX,217
USR0000NNWB,2008-12-18,TMAX,161
USC00310356,2014-11-22,TMAX,106
USR0000NCRN,2005-01-11,TMIN,50
USC00310356,2006-02-11,TMIN,-72
USW00013754,2011-07-15,TMIN,200
USW00093719,2012-10-19,TMAX,267
USC00310356,2006-02-11,TMAX,106
USR0000NNWB,2007-12-11,TMAX,244
USR0000NNWB,2007-12-11,TMIN,117
USC00314689,2008-11-23,TMIN,-17
USC00314144,2009-11-11,TMIN,139
USC00314689,2011-02-26,TMAX,228
USR0000NCRN,2014-02-20,TMIN,100
USC00310576,2010-12-17,TMIN,6
USC00316676,2008-10-19,TMIN,94
USC00316676,2008-06-03,TMIN,139
USC00316676,2008-06-03,TMAX,289
USC00316676,2010-01-10,TMAX,28
USW00093765,2008-06-16,TMAX,289
USW00093719,2010-11-19,TMIN,22
USC00316676,2008-10-19,TMAX,133
USW00093719,2010-11-19,TMAX,150
USW00093765,2008-06-16,TMIN,228
USW00093719,2014-11-21,TMAX,117
USW00093719,2014-11-21,TMIN,6
USC00310576,2011-10-31,TMAX,144
USC00310576,2010-12-17,TMAX,117
USC00316676,2010-01-10,TMIN,-61
USC00314144,2009-11-11,TMAX,172
USC00314689,2011-02-26,TMIN,33
USC00314689,2008-11-23,TMAX,117
USC00314689,2011-09-17,TMAX,183
USW00093719,2013-01-04,TMAX,111
USC00310576,2007-08-15,TMIN,194
USC00316676,2005-09-20,TMAX,333
USC00316676,2005-09-20,TMIN,211
USC00310576,2007-08-15,TMAX,328
USC00316096,2011-10-31,TMIN,28
USW00093719,2011-05-01,TMIN,111
USC00316096,2011-10-31,TMAX,178
USW00093719,2013-01-04,TMIN,-22
USW00093719,2010-05-17,TMIN,206
USW00093719,2010-05-17,TMAX,250
USR0000NNWB,2007-03-20,TMAX,250
USR0000NCRN,2014-02-20,TMAX,206
USR0000NNWB,2007-03-20,TMIN,94
USW00093719,2011-05-01,TMAX,233
USR0000NNWB,2014-11-21,TMAX,111
USW00093765,2007-12-15,TMIN,106
USW00093765,2007-12-15,TMAX,211
USC00316676,2014-04-24,TMAX,239
USC00310356,2012-12-09,TMAX,189
USC00316676,2006-10-12,TMIN,144
USC00314684,2006-05-03,TMAX,244
USC00314684,2006-05-03,TMIN,128
USC00310356,2012-12-09,TMIN,106
USC00314689,2013-12-20,TMIN,156
USC00314144,2010-01-10,TMAX,28
USW00093719,2007-02-17,TMIN,-89
USW00093765,2013-01-18,TMIN,17
USW00093765,2010-05-17,TMIN,206
USW00093765,2010-05-17,TMAX,256
USW00093743,2008-07-16,TMIN,178
USC00314689,2005-05-08,TMAX,228
USC00314689,2005-05-08,TMIN,122
USR0000NNWB,2015-09-26,TMIN,206
USR0000NNWB,2015-09-26,TMAX,222
USC00314144,2010-01-10,TMIN,-106
USR0000NNWB,2012-01-11,TMAX,161
USW00093719,2007-02-17,TMAX,106
USC00310356,2007-04-06,TMAX,194
USC00310576,2011-07-04,TMAX,333
USC00314689,2013-02-20,TMIN,6
USC00314689,2013-02-20,TMAX,150
USC00316676,2009-02-04,TMAX,94
USC00316096,2010-07-17,TMIN,228
USC00316096,2010-07-17,TMAX,306
USC00314144,2011-02-15,TMIN,-17
USC00316676,2006-10-12,TMAX,244
USC00316676,2009-02-04,TMIN,-11
USC00317170,2009-10-15,TMAX,172
USC00317170,2009-10-15,TMIN,128
USC00310576,2011-07-04,TMIN,217
USC00310356,2014-07-01,TMIN,233
USC00310356,2014-07-01,TMAX,283
USC00310356,2006-04-05,TMAX,194
USC00310356,2006-04-05,TMIN,22
USC00314144,2011-02-15,TMAX,139
USC00310576,2009-11-11,TMAX,222
USW00093719,2012-01-27,TMIN,106
USR0000NNWB,2012-01-11,TMIN,67
USR0000NHOF,2006-04-05,TMAX,217
USR0000NHOF,2006-04-05,TMIN,0
USC00316096,2013-02-20,TMIN,0
USW00013754,2013-01-04,TMAX,111
USW00093743,2013-08-04,TMIN,211
USW00093743,2013-08-04,TMAX,311
USC00316096,2013-02-20,TMAX,128
USR0000NNWB,2010-10-01,TMIN,167
USC00310356,2013-08-04,TMIN,239
USC00315830,2013-01-18,TMIN,33
USC00315830,2005-01-11,TMIN,56
USC00317170,2009-09-03,TMAX,267
USC00310356,2007-06-09,TMAX,272
USC00310356,2007-06-09,TMIN,239
USC00315830,2005-01-11,TMAX,194
USW00013754,2013-01-04,TMIN,-16
USC00310356,2013-08-04,TMAX,294
USW00093719,2012-01-27,TMAX,222
USW00093765,2012-08-30,TMAX,289
USR0000NCRN,2012-11-13,TMIN,78
USC00314689,2013-12-20,TMAX,267
USR0000NNWB,2011-02-01,TMAX,161
USR0000NHOF,2012-12-09,TMAX,233
USR0000NHOF,2012-12-09,TMIN,106
USW00093765,2013-01-18,TMAX,94
USC00316676,2006-05-04,TMIN,100
USC00316676,2006-05-04,TMAX,267
USR0000NNWB,2010-10-01,TMAX,211
USW00093719,2010-03-03,TMAX,50
USW00093719,2010-03-03,TMIN,6
USC00315830,2013-01-18,TMAX,122
USW00093765,2008-03-27,TMIN,133
USW00093765,2008-03-27,TMAX,200
USR0000NCRN,2012-11-13,TMAX,217
USR0000NNWB,2011-02-01,TMIN,22
USW00093765,2012-08-30,TMIN,211
USW00093743,2008-07-16,TMAX,261
USC00310576,2009-11-11,TMIN,139
USR0000NNWB,2010-09-21,TMAX,294
USR0000NNWB,2010-09-21,TMIN,189
USW00093719,2005-06-04,TMAX,278
USR0000NCRN,2011-08-15,TMIN,194
USC00315830,2015-12-14,TMAX,217
USC00310576,2006-02-11,TMAX,117
USC00314144,2009-02-05,TMAX,11
USC00310356,2007-04-06,TMIN,50
USC00317170,2013-09-23,TMAX,228
USC00315830,2015-12-14,TMIN,122
USC00316676,2009-11-24,TMIN,128
USC00317170,2013-09-23,TMIN,139
USC00316676,2013-08-01,TMAX,289
USC00316676,2013-08-01,TMIN,211
USR0000NCRN,2007-05-11,TMIN,144
USR0000NHOF,2014-07-01,TMIN,161
USR0000NCRN,2007-05-11,TMAX,278
USC00310576,2006-07-09,TMAX,272
USC00316676,2009-11-24,TMAX,194
USR0000NHOF,2014-07-01,TMAX,339
USC00314144,2009-02-05,TMIN,-56
USC00315830,2007-06-14,TMAX,256
USW00093765,2009-10-15,TMAX,189
USW00093765,2009-10-15,TMIN,150
USC00317170,2015-09-02,TMIN,206
USW00093719,2011-05-08,TMIN,128
USC00314144,2011-04-09,TMIN,106
USW00093765,2005-07-28,TMIN,261
USC00314684,2012-03-19,TMIN,117
USR0000NCRN,2011-08-15,TMAX,300
USW00013754,2009-10-28,TMIN,144
USR0000NHOF,2015-10-20,TMAX,250
USC00316676,2014-09-16,TMIN,194
USC00316676,2014-09-16,TMAX,239
USC00314684,2012-03-19,TMAX,200
USR0000NHOF,2015-10-20,TMIN,0
USC00315830,2007-06-14,TMIN,178
USW00093719,2005-06-04,TMIN,211
USW00093765,2005-07-28,TMAX,339
USC00310576,2006-07-09,TMIN,156
USC00310576,2005-10-12,TMIN,183
USC00310576,2005-10-12,TMAX,211
USC00314684,2012-12-01,TMIN,-28
USW00093765,2014-06-30,TMAX,294
USW00093765,2005-07-12,TMIN,261
USW00093765,2005-07-12,TMAX,311
USW00093719,2012-11-13,TMAX,211
USC00314684,2014-05-16,TMIN,200
USW00093765,2014-06-30,TMIN,189
USC00316676,2006-01-12,TMIN,78
USC00314684,2014-05-16,TMAX,289
USC00314684,2007-03-20,TMAX,172
USC00316096,2013-09-24,TMIN,100
USC00314684,2012-12-01,TMAX,161
USC00316096,2013-09-24,TMAX,228
USR0000NCRN,2011-03-28,TMAX,78
USC00315830,2008-06-03,TMIN,206
USR0000NCRN,2011-03-28,TMIN,0
USW00093765,2006-01-13,TMAX,194
USC00316676,2006-01-12,TMAX,217
USR0000NCRN,2013-04-06,TMAX,156
USW00093765,2006-01-13,TMIN,94
USR0000NHOF,2007-06-14,TMAX,211
USR0000NHOF,2007-06-14,TMIN,111
USC00316676,2012-05-07,TMIN,156
USC00316676,2012-05-07,TMAX,239
USC00314684,2009-02-01,TMIN,-22
USC00314684,2009-02-01,TMAX,83
USC00317170,2012-08-30,TMIN,222
USC00317170,2012-08-30,TMAX,317
USC00314684,2005-11-02,TMAX,233
USC00314684,2005-11-02,TMIN,72
USW00093765,2009-06-11,TMIN,206
USW00093743,2014-07-01,TMIN,200
USW00093719,2012-11-13,TMIN,78
USW00093743,2014-07-01,TMAX,294
USW00093719,2015-02-19,TMAX,6
USW00093719,2015-02-19,TMIN,-77
USR0000NCRN,2013-04-06,TMIN,28
USC00317170,2015-07-11,TMIN,222
USR0000NNWB,2012-08-30,TMAX,306
USC00317170,2015-07-11,TMAX,361
USC00315830,2010-03-04,TMIN,28
USC00310576,2014-02-21,TMAX,239
USR0000NCRN,2007-12-07,TMAX,144
USW00093743,2010-09-25,TMAX,294
USW00093743,2010-09-25,TMIN,200
USC00317170,2011-02-22,TMIN,56
USW00013754,2012-10-19,TMAX,261
USC00315830,2007-08-30,TMIN,211
USC00316676,2013-02-19,TMIN,-39
USC00315830,2007-08-30,TMAX,300
USW00013754,2010-12-30,TMIN,-43
USW00013754,2012-10-19,TMIN,150
USW00093719,2015-01-23,TMAX,183
USC00310356,2007-12-07,TMAX,139
USR0000NCRN,2011-12-20,TMIN,100
USR0000NCRN,2007-12-07,TMIN,6
USW00093719,2015-11-29,TMAX,239
USC00317170,2011-02-22,TMAX,189
USC00314684,2015-03-14,TMIN,33
USC00310576,2014-02-21,TMIN,106
USC00310356,2007-12-07,TMIN,17
USC00314144,2008-09-28,TMIN,156
USC00314144,2008-09-28,TMAX,272
USC00314684,2011-07-04,TMIN,228
USC00314684,2011-07-04,TMAX,350
USR0000NCRN,2007-04-06,TMAX,144
USC00315830,2008-11-10,TMAX,222
USC00315830,2008-11-10,TMIN,72
USW00013754,2010-12-30,TMAX,94
USR0000NCRN,2007-04-06,TMIN,67
USC00310576,2013-04-04,TMIN,56
USW00093719,2015-01-23,TMIN,28
USR0000NCRN,2013-08-04,TMIN,172
USR0000NCRN,2013-08-04,TMAX,300
USR0000NHOF,2010-06-09,TMAX,289
USR0000NHOF,2010-06-09,TMIN,156
USC00316676,2013-02-19,TMAX,111
USC00310576,2013-04-04,TMAX,150
USC00314689,2008-03-02,TMIN,39
USC00314684,2015-03-14,TMAX,178
USR0000NCRN,2011-12-20,TMAX,211
USR0000NHOF,2011-01-02,TMAX,189
USC00314684,2007-10-27,TMAX,228
USC00316096,2013-12-20,TMIN,39
USC00316096,2011-12-06,TMIN,94
USC00315830,2010-09-14,TMAX,311
USC00315830,2010-09-14,TMIN,167
USC00316096,2013-12-20,TMAX,217
USC00314684,2007-10-27,TMIN,183
USC00316096,2011-12-06,TMAX,233
USC00314684,2013-09-23,TMIN,128
USC00314689,2006-05-03,TMAX,272
USR0000NCRN,2013-08-02,TMAX,294
USR0000NCRN,2013-08-02,TMIN,239
USC00314689,2006-05-03,TMIN,144
USW00093765,2015-02-19,TMAX,6
USW00093765,2015-07-11,TMIN,233
USC00314684,2013-09-23,TMAX,211
USW00093719,2015-11-29,TMIN,83
USC00315830,2011-09-11,TMAX,306
USW00093765,2011-08-02,TMIN,256
USR0000NHOF,2006-08-30,TMIN,217
USR0000NNWB,2011-07-15,TMIN,194
USR0000NHOF,2006-08-30,TMAX,328
USW00013754,2009-03-19,TMIN,50
USR0000NNWB,2011-07-15,TMAX,294
USW00013754,2009-03-19,TMAX,233
USR0000NNWB,2009-06-05,TMAX,289
USR0000NNWB,2009-06-05,TMIN,194
USR0000NNWB,2015-04-25,TMAX,178
USW00013754,2007-03-20,TMIN,106
USR0000NNWB,2015-04-25,TMIN,89
USR0000NHOF,2011-01-02,TMIN,72
USC00315830,2011-09-11,TMIN,194
USC00314684,2011-09-29,TMAX,322
USC00314684,2011-09-29,TMIN,189
USW00093765,2011-08-02,TMAX,339
USW00013754,2007-03-20,TMAX,228
USR0000NNWB,2013-01-04,TMIN,-28
USC00314689,2008-03-02,TMAX,189
USW00013754,2014-11-21,TMIN,22
USC00310356,2010-09-25,TMAX,289
USW00013754,2015-09-26,TMIN,211
USW00013754,2015-09-26,TMAX,233
USC00314684,2013-09-24,TMAX,228
USC00310576,2012-01-27,TMAX,211
USC00314144,2006-01-30,TMIN,122
USC00310356,2010-09-25,TMIN,239
USC00314684,2013-09-24,TMIN,89
USC00315830,2015-10-28,TMIN,172
USC00314144,2006-01-30,TMAX,189
USC00310356,2008-07-16,TMIN,233
USW00093743,2007-06-09,TMAX,333
USW00093765,2005-09-21,TMIN,222
USW00093765,2005-09-21,TMAX,278
USC00314144,2005-06-20,TMAX,267
USC00310356,2008-07-16,TMAX,317
USC00315830,2015-10-28,TMAX,217
USC00314684,2005-02-01,TMAX,89
USC00314689,2011-12-06,TMAX,233
USR0000NCRN,2007-01-20,TMAX,89
USW00093765,2012-05-06,TMIN,194
USC00315830,2010-03-04,TMAX,117
USC00317170,2009-09-03,TMIN,200
USW00013754,2015-04-25,TMAX,189
USW00013754,2015-04-25,TMIN,72
USR0000NNWB,2009-03-19,TMIN,61
USR0000NNWB,2009-03-19,TMAX,239
USC00314689,2011-12-06,TMIN,111
USW00013754,2005-02-06,TMAX,178
USW00093765,2009-04-10,TMAX,217
USW00093765,2009-04-10,TMIN,106
USC00317170,2008-04-22,TMIN,144
USR0000NNWB,2009-05-17,TMAX,267
USC00317170,2008-04-22,TMAX,217
USR0000NCRN,2007-01-20,TMIN,72
USW00013754,2005-02-06,TMIN,22
USR0000NNWB,2009-05-17,TMIN,117
USC00310356,2010-06-09,TMAX,294
USW00093743,2008-10-06,TMIN,128
USC00310356,2010-06-09,TMIN,217
USW00093743,2010-06-09,TMAX,289
USW00093743,2010-06-09,TMIN,194
USC00314689,2014-04-25,TMIN,94
USR0000NCRN,2007-04-20,TMIN,56
USC00314689,2014-04-25,TMAX,256
USR0000NCRN,2007-04-20,TMAX,194
USR0000NNWB,2008-09-11,TMAX,311
USC00314689,2010-10-07,TMAX,267
USR0000NNWB,2008-09-11,TMIN,222
USC00316676,2008-09-11,TMAX,272
USW00093765,2007-11-13,TMAX,306
USR0000NNWB,2013-01-04,TMAX,111
USC00317170,2014-06-30,TMAX,311
USW00093765,2007-11-13,TMIN,150
USC00317170,2014-06-30,TMIN,178
USW00013754,2014-11-21,TMAX,111
USC00316676,2008-09-11,TMIN,228
USC00315830,2011-01-03,TMAX,156
USC00315830,2011-01-03,TMIN,28
USW00093719,2005-02-24,TMIN,39
USC00310576,2012-01-27,TMIN,44
USC00310576,2007-07-13,TMIN,217
USC00310576,2007-07-13,TMAX,306
USC00314144,2005-06-20,TMIN,156
USW00093743,2007-06-09,TMIN,217
USC00314684,2005-02-01,TMIN,-17
USW00093743,2008-10-06,TMAX,272
USC00316676,2008-11-04,TMIN,156
USC00314684,2006-04-05,TMIN,28
USC00314684,2006-04-05,TMAX,183
USW00093719,2008-12-12,TMAX,161
USW00093719,2008-12-12,TMIN,39
USC00316676,2008-11-04,TMAX,194
USW00093719,2005-02-24,TMAX,89
USC00317170,2012-05-06,TMAX,239
USC00314689,2010-10-07,TMIN,100
USC00317170,2012-05-06,TMIN,189
USW00093765,2012-05-06,TMAX,272
USC00314684,2012-05-05,TMIN,194
USC00317170,2014-09-16,TMAX,294
USW00093719,2008-11-10,TMIN,28
USW00093765,2011-07-23,TMAX,328
USW00093743,2009-10-16,TMAX,156
USC00314689,2006-08-03,TMAX,372
USC00314689,2010-01-10,TMIN,-50
USC00314689,2005-11-02,TMAX,222
USC00314689,2005-11-02,TMIN,133
USC00314689,2010-01-10,TMAX,17
USC00316096,2012-10-19,TMIN,167
USW00093743,2009-02-15,TMAX,111
USW00093719,2012-08-13,TMAX,328
USC00316676,2005-05-08,TMAX,228
USC00310576,2007-10-20,TMIN,211
USC00316676,2005-05-08,TMIN,100
USR0000NHOF,2008-05-04,TMIN,172
USR0000NHOF,2008-05-04,TMAX,261
USC00316096,2011-02-26,TMAX,156
USC00317170,2008-12-28,TMAX,256
USC00314689,2007-01-01,TMAX,228
USC00314689,2006-08-03,TMIN,261
USW00093743,2009-10-16,TMIN,111
USR0000NNWB,2014-09-15,TMIN,189
USR0000NNWB,2013-04-05,TMIN,50
USR0000NHOF,2007-07-13,TMIN,189
USR0000NNWB,2013-04-05,TMAX,156
USW00093765,2012-01-11,TMAX,178
USC00310576,2009-03-19,TMAX,189
USW00093719,2012-08-13,TMIN,206
USC00316096,2012-10-19,TMAX,256
USW00013754,2014-08-09,TMAX,267
USC00310576,2009-03-19,TMIN,61
USC00317170,2007-12-15,TMAX,161
USC00310576,2005-11-15,TMAX,239
USC00317170,2007-12-15,TMIN,94
USC00310576,2005-11-15,TMIN,128
USC00317170,2008-12-28,TMIN,161
USW00093743,2009-02-15,TMIN,44
USW00013754,2014-08-09,TMIN,211
USR0000NNWB,2014-09-15,TMAX,267
USC00314689,2007-01-01,TMIN,156
USC00316676,2006-05-03,TMAX,239
USR0000NCRN,2011-10-16,TMIN,94
USC00315830,2014-01-21,TMIN,39
USR0000NNWB,2010-07-17,TMAX,339
USC00317170,2011-08-02,TMIN,256
USC00310356,2005-01-11,TMIN,94
USW00093719,2006-05-04,TMIN,106
USW00093719,2006-05-04,TMAX,278
USR0000NCRN,2011-10-16,TMAX,244
USR0000NNWB,2010-07-17,TMIN,239
USC00310576,2007-10-20,TMAX,311
USW00093719,2013-01-18,TMIN,17
USW00093719,2013-01-18,TMAX,94
USR0000NNWB,2014-08-09,TMAX,233
USR0000NCRN,2015-02-20,TMIN,-111
USR0000NNWB,2014-08-09,TMIN,200
USC00314689,2012-10-19,TMAX,267
USW00093743,2012-11-13,TMIN,78
USC00310356,2009-10-16,TMIN,128
USC00310356,2005-01-11,TMAX,122
USW00093719,2013-08-02,TMAX,322
USC00316676,2006-05-03,TMIN,94
USW00093765,2011-07-23,TMIN,283
USC00310576,2013-11-02,TMAX,261
USC00316676,2015-04-25,TMIN,83
USC00310356,2009-10-16,TMAX,183
USC00310576,2013-11-02,TMIN,189
USC00316676,2015-04-25,TMAX,200
USW00093719,2013-08-02,TMIN,233
USW00093743,2012-11-13,TMAX,211
USW00093719,2006-07-09,TMIN,161
USW00013754,2013-04-05,TMIN,44
USR0000NCRN,2007-06-25,TMIN,211
USC00315830,2014-01-21,TMAX,156
USW00013754,2013-04-05,TMAX,172
USC00315830,2008-07-23,TMIN,267
USC00315830,2008-07-23,TMAX,311
USW00093719,2006-07-09,TMAX,283
USC00314689,2012-10-19,TMIN,172
USW00013754,2015-07-11,TMAX,356
USW00013754,2015-07-11,TMIN,222
USC00316096,2015-02-19,TMAX,0
USC00316096,2015-02-19,TMIN,-94
USC00314689,2007-12-15,TMAX,206
USW00093765,2015-03-18,TMAX,150
USC00314684,2009-10-28,TMIN,139
USC00314684,2009-10-28,TMAX,239
USW00093719,2012-12-01,TMIN,0
USC00314689,2007-12-15,TMIN,72
USW00013754,2013-08-02,TMAX,306
USC00316096,2011-02-26,TMIN,44
USC00315830,2015-01-04,TMIN,117
USC00316096,2011-09-29,TMAX,272
USR0000NCRN,2013-02-20,TMAX,133
USR0000NCRN,2013-02-20,TMIN,6
USC00317170,2011-10-31,TMIN,22
USC00314689,2006-03-05,TMAX,122
USW00013754,2013-08-02,TMIN,228
USC00314689,2006-03-05,TMIN,0
USR0000NHOF,2006-08-22,TMIN,222
USC00315830,2009-07-21,TMAX,283
USC00317170,2014-11-21,TMIN,17
USW00093765,2005-02-24,TMAX,128
USW00093765,2005-02-24,TMIN,56
USC00315830,2015-01-04,TMAX,206
USW00013754,2014-09-15,TMAX,256
USW00093719,2013-04-05,TMIN,50
USW00093719,2013-04-05,TMAX,150
USR0000NHOF,2006-08-22,TMAX,289
USC00314144,2010-12-26,TMAX,28
USC00314144,2010-12-26,TMIN,-22
USC00316096,2011-09-02,TMAX,283
USW00013754,2005-09-21,TMIN,217
USW00013754,2005-09-21,TMAX,278
USR0000NCRN,2007-07-31,TMAX,311
USC00315830,2009-07-21,TMIN,206
USW00093719,2012-12-01,TMAX,189
USW00013754,2014-09-15,TMIN,194
USW00093765,2015-04-25,TMIN,122
USC00310576,2005-08-16,TMIN,233
USC00317170,2011-10-31,TMAX,161
USC00310356,2012-11-13,TMIN,100
USC00314684,2012-06-28,TMIN,150
USC00314684,2007-10-16,TMIN,50
USC00314684,2007-10-16,TMAX,267
USC00317170,2008-06-16,TMAX,339
USC00316676,2007-01-19,TMIN,22
USC00316676,2007-01-19,TMAX,72
USC00310356,2012-11-13,TMAX,244
USC00317170,2008-06-16,TMIN,200
USR0000NNWB,2008-06-03,TMIN,156
USR0000NHOF,2007-07-13,TMAX,311
USW00093765,2012-01-11,TMIN,56
USW00093765,2015-04-25,TMAX,194
USW00093765,2015-03-18,TMIN,61
USC00315830,2010-12-08,TMIN,-67
USC00315830,2010-12-08,TMAX,39
USR0000NNWB,2008-06-03,TMAX,294
USC00310576,2005-08-16,TMAX,344
USC00314684,2012-06-28,TMAX,289
USR0000NCRN,2012-06-06,TMIN,122
USW00093765,2007-12-04,TMAX,94
USR0000NCRN,2014-04-25,TMAX,233
USC00316096,2015-05-18,TMIN,200
USW00093719,2010-03-23,TMIN,56
USC00316096,2011-09-29,TMIN,206
USW00093765,2011-02-22,TMIN,28
USR0000NCRN,2014-04-25,TMIN,83
USW00093719,2010-03-23,TMAX,178
USW00093765,2011-02-22,TMAX,150
USR0000NCRN,2009-03-11,TMIN,89
USC00316096,2015-05-18,TMAX,289
USR0000NCRN,2009-03-11,TMAX,211
USC00310576,2015-10-20,TMAX,161
USC00314684,2012-05-07,TMIN,133
USC00314684,2012-05-07,TMAX,239
USC00310576,2015-10-20,TMIN,33
USR0000NCRN,2012-06-06,TMAX,239
USW00093743,2008-05-04,TMIN,178
USW00093743,2008-05-04,TMAX,244
USW00093719,2007-03-20,TMAX,244
USR0000NNWB,2013-04-04,TMAX,122
USW00093719,2012-03-19,TMIN,128
USW00093719,2012-03-19,TMAX,261
USR0000NNWB,2013-04-04,TMIN,61
USC00317170,2011-12-06,TMAX,250
USC00310576,2012-07-08,TMAX,361
USC00310576,2010-03-04,TMIN,39
USC00310576,2012-07-08,TMIN,244
USC00310576,2010-03-04,TMAX,67
USC00317170,2015-11-29,TMIN,83
USC00315830,2011-01-15,TMAX,72
USC00315830,2014-09-16,TMIN,200
USC00315830,2014-09-16,TMAX,256
USC00314684,2015-09-02,TMIN,194
USC00310356,2011-02-11,TMIN,0
USW00013754,2010-09-21,TMIN,178
USC00317170,2015-11-29,TMAX,233
USW00013754,2010-09-21,TMAX,278
USC00314684,2015-09-02,TMAX,306
USW00093765,2013-08-02,TMAX,289
USW00093719,2014-09-15,TMAX,256
USW00093719,2014-09-15,TMIN,194
USC00310576,2011-04-09,TMIN,94
USC00317170,2015-04-25,TMIN,72
USC00310576,2011-04-09,TMAX,250
USW00093719,2014-05-16,TMIN,156
USW00093765,2009-12-18,TMAX,161
USW00093765,2013-08-02,TMIN,250
USC00314684,2014-11-21,TMAX,150
USC00314684,2014-11-21,TMIN,-6
USR0000NHOF,2014-04-25,TMIN,72
USW00093719,2007-12-25,TMIN,17
USW00093765,2009-12-18,TMIN,22
USW00093719,2007-12-25,TMAX,139
USW00093719,2014-05-16,TMAX,261
USC00317170,2011-12-06,TMIN,100
USR0000NHOF,2014-04-25,TMAX,261
USC00310356,2011-08-09,TMIN,272
USR0000NHOF,2012-11-13,TMIN,61
USC00310356,2013-02-20,TMIN,44
USC00314684,2014-01-21,TMAX,167
USC00317170,2008-07-10,TMIN,133
USC00310576,2010-06-09,TMAX,311
USC00317170,2013-08-02,TMAX,300
USC00317170,2013-08-02,TMIN,233
USC00310576,2010-06-09,TMIN,156
USW00093743,2011-08-09,TMAX,339
USC00314144,2008-07-16,TMIN,178
USW00093719,2010-10-01,TMAX,211
USW00093719,2010-10-01,TMIN,172
USW00093743,2011-08-09,TMIN,244
USR0000NHOF,2013-02-20,TMAX,128
USC00310576,2011-03-08,TMIN,11
USC00314689,2013-08-03,TMIN,239
USR0000NHOF,2013-02-20,TMIN,-22
USC00314689,2013-08-03,TMAX,322
USC00317170,2008-07-10,TMAX,317
USC00310356,2013-02-20,TMAX,144
USC00314144,2008-07-16,TMAX,311
USR0000NNWB,2008-11-10,TMIN,22
USR0000NNWB,2006-09-18,TMIN,167
USC00315830,2011-01-15,TMIN,-39
USW00093743,2013-02-20,TMAX,133
USR0000NNWB,2006-05-04,TMIN,106
USW00093743,2013-02-20,TMIN,6
USR0000NNWB,2006-09-18,TMAX,300
USR0000NNWB,2006-05-04,TMAX,289
USR0000NNWB,2008-11-10,TMAX,172
USC00315830,2012-02-12,TMAX,94
USC00310576,2009-09-19,TMIN,183
USC00310576,2009-09-19,TMAX,261
USW00093765,2011-07-04,TMAX,311
USC00310576,2006-11-22,TMIN,117
USC00314684,2014-01-21,TMIN,17
USC00315830,2012-02-12,TMIN,-44
USC00310576,2006-11-22,TMAX,178
USW00093765,2011-07-04,TMIN,272
USC00310356,2009-02-15,TMAX,122
USC00315830,2015-09-26,TMAX,233
USC00315830,2015-09-26,TMIN,211
USR0000NCRN,2014-06-08,TMIN,139
USR0000NHOF,2006-01-13,TMAX,200
USR0000NHOF,2006-01-13,TMIN,67
USC00316096,2010-01-10,TMIN,-78
USC00316096,2010-01-10,TMAX,22
USC00314689,2010-10-23,TMAX,239
USC00314689,2010-10-23,TMIN,44
USW00093765,2006-04-05,TMIN,106
USR0000NCRN,2011-01-28,TMIN,-33
USR0000NCRN,2014-06-08,TMAX,267
USR0000NNWB,2006-01-13,TMAX,211
USC00310576,2009-06-23,TMAX,294
USW00093719,2009-06-05,TMIN,206
USW00093765,2006-04-05,TMAX,228
USC00314684,2012-07-31,TMAX,294
USC00310576,2009-06-23,TMIN,189
USR0000NCRN,2011-01-28,TMAX,117
USW00093765,2011-10-31,TMIN,67
USR0000NCRN,2007-06-25,TMAX,300
USC00316676,2014-02-20,TMIN,106
USW00093719,2007-03-20,TMIN,89
USW00093765,2014-04-25,TMIN,106
USW00093765,2014-04-25,TMAX,244
USR0000NCRN,2015-02-20,TMAX,-22
USC00314684,2006-12-13,TMAX,200
USC00314684,2006-12-13,TMIN,22
USR0000NCRN,2006-11-12,TMAX,200
USC00316676,2014-02-20,TMAX,250
USR0000NCRN,2006-11-12,TMIN,100
USC00316676,2009-08-05,TMAX,322
USR0000NNWB,2006-01-13,TMIN,100
USC00310356,2006-01-13,TMAX,189
USC00310356,2008-05-04,TMIN,178
USC00310356,2008-05-04,TMAX,228
USC00310356,2006-01-13,TMIN,33
USC00310356,2011-02-11,TMAX,39
USC00316676,2009-08-05,TMIN,217
USC00316676,2007-05-19,TMIN,106
USC00316676,2007-05-19,TMAX,200
USW00013754,2011-02-22,TMAX,183
USC00310356,2014-04-25,TMAX,194
USC00310576,2005-08-07,TMAX,300
USR0000NCRN,2015-07-31,TMAX,322
USC00315830,2011-07-04,TMIN,256
USC00310356,2014-04-25,TMIN,117
USR0000NHOF,2012-11-13,TMAX,189
USC00314689,2015-03-18,TMAX,283
USC00310576,2005-08-07,TMIN,211
USR0000NCRN,2015-07-31,TMIN,228
USC00310576,2010-07-03,TMAX,283
USC00310576,2010-07-03,TMIN,139
USC00314684,2015-05-18,TMIN,172
USC00314684,2015-05-18,TMAX,300
USC00314684,2010-06-22,TMAX,333
USC00317170,2015-04-25,TMAX,172
USC00310356,2011-08-09,TMAX,322
USC00310356,2009-02-15,TMIN,50
USC00314684,2010-06-22,TMIN,217
USC00314144,2008-01-05,TMIN,-83
USC00315830,2011-07-04,TMAX,300
USW00013754,2011-02-22,TMIN,28
USW00093765,2011-10-31,TMAX,183
USC00316676,2005-11-02,TMIN,139
USC00316676,2005-11-02,TMAX,228
USW00013754,2013-04-04,TMAX,172
USW00093719,2009-06-05,TMAX,283
USW00013754,2013-04-04,TMIN,67
USC00314684,2012-07-31,TMIN,222
USW00013754,2011-03-10,TMAX,200
USW00013754,2011-03-10,TMIN,106
USC00314144,2005-09-21,TMAX,300
USC00314144,2005-09-21,TMIN,194
USC00310576,2010-07-31,TMIN,189
USC00310576,2010-07-31,TMAX,317
USW00013754,2011-09-02,TMAX,289
USW00013754,2011-09-02,TMIN,183
USC00314144,2008-01-05,TMAX,156
USC00316096,2010-10-23,TMIN,22
USC00310576,2010-09-07,TMIN,150
USR0000NNWB,2015-07-11,TMAX,367
USR0000NNWB,2015-07-11,TMIN,233
USR0000NCRN,2014-07-01,TMIN,183
USR0000NCRN,2014-07-01,TMAX,294
USC00310356,2007-08-22,TMIN,228
USW00093765,2014-07-12,TMIN,222
USW00093765,2014-07-12,TMAX,300
USW00093719,2012-02-28,TMAX,183
USW00093719,2012-02-29,TMAX,244
USW00013754,2015-01-23,TMAX,172
USR0000NHOF,2010-01-10,TMAX,28
USW00013754,2012-02-12,TMIN,-49
USR0000NCRN,2014-02-21,TMIN,144
USC00310356,2007-08-22,TMAX,317
USR0000NCRN,2014-02-21,TMAX,217
USC00316096,2014-06-30,TMAX,294
USC00316096,2009-12-01,TMAX,122
USC00310356,2015-05-18,TMAX,261
USR0000NHOF,2010-01-10,TMIN,-106
USC00315830,2013-11-18,TMAX,267
USW00013754,2015-01-23,TMIN,50
USW00013754,2011-05-06,TMAX,233
USC00310576,2006-08-22,TMIN,239
USR0000NCRN,2009-01-01,TMAX,172
USC00314689,2006-01-29,TMAX,178
USC00314689,2006-01-29,TMIN,61
USC00314689,2011-09-17,TMIN,139
USW00093765,2012-10-19,TMIN,189
USR0000NCRN,2009-01-01,TMIN,-33
USC00314684,2013-04-05,TMAX,111
USR0000NNWB,2005-02-06,TMIN,-6
USC00310576,2006-04-05,TMIN,50
USC00310576,2006-08-22,TMAX,272
USW00093743,2010-01-10,TMAX,33
USW00093743,2010-01-10,TMIN,-71
USC00310356,2006-08-22,TMAX,267
USC00310356,2006-08-22,TMIN,206
USC00314684,2013-04-05,TMIN,39
USC00310576,2006-04-05,TMAX,206
USC00315830,2005-01-25,TMAX,83
USC00315830,2013-11-18,TMIN,156
USC00316096,2014-06-30,TMIN,161
USC00315830,2013-08-02,TMAX,306
USC00315830,2013-08-02,TMIN,256
USC00317170,2010-10-01,TMIN,183
USR0000NHOF,2015-05-18,TMAX,328
USW00013754,2005-10-27,TMIN,78
USC00317170,2012-10-19,TMAX,244
USC00317170,2012-10-19,TMIN,172
USC00314689,2012-05-07,TMAX,239
USR0000NHOF,2015-05-18,TMIN,189
USW00013754,2005-10-27,TMAX,178
USW00093765,2014-05-16,TMAX,267
USR0000NHOF,2005-10-12,TMIN,172
USR0000NHOF,2005-10-12,TMAX,206
USR0000NCRN,2011-04-09,TMAX,189
USC00316096,2010-03-03,TMAX,50
USC00316096,2010-03-03,TMIN,11
USC00315830,2012-10-20,TMAX,256
USW00093719,2010-11-15,TMAX,217
USC00314689,2012-05-07,TMIN,139
USC00314684,2007-04-03,TMAX,283
USC00310356,2015-05-18,TMIN,211
USC00314689,2010-08-30,TMIN,183
USC00317170,2008-08-07,TMAX,350
USC00317170,2011-05-12,TMIN,111
USC00317170,2008-08-07,TMIN,239
USC00316096,2009-12-01,TMIN,33
USW00093765,2008-04-22,TMIN,133
USC00315830,2012-10-20,TMIN,133
USW00093765,2008-04-22,TMAX,217
USC00314684,2007-10-31,TMIN,22
USW00013754,2012-02-12,TMAX,50
USW00093719,2015-07-11,TMIN,233
USW00093719,2015-07-11,TMAX,356
USW00093765,2014-05-16,TMIN,183
USR0000NCRN,2011-01-30,TMIN,22
USC00314684,2007-04-03,TMIN,106
USC00314684,2007-10-31,TMAX,206
USW00093719,2009-12-18,TMIN,-17
USC00317170,2015-08-21,TMAX,333
USC00317170,2015-08-21,TMIN,211
USC00310576,2005-05-09,TMAX,244
USC00316096,2009-10-28,TMIN,139
USC00316096,2009-10-28,TMAX,272
USW00093719,2006-01-13,TMIN,78
USW00093719,2006-01-13,TMAX,217
USW00093765,2012-03-19,TMIN,139
USR0000NNWB,2015-01-23,TMIN,28
USC00314684,2011-12-06,TMAX,217
USW00093765,2012-03-19,TMAX,244
USW00093719,2007-09-08,TMAX,306
USC00316096,2013-04-05,TMIN,39
USC00314689,2011-09-02,TMIN,167
USC00316096,2013-04-05,TMAX,167
USR0000NNWB,2015-01-23,TMAX,167
USC00314684,2013-12-20,TMAX,161
USW00093765,2014-09-16,TMIN,211
USC00314684,2013-12-20,TMIN,-11
USC00314689,2011-09-02,TMAX,289
USC00315830,2005-01-25,TMIN,6
USC00314144,2011-01-28,TMIN,-44
USR0000NCRN,2007-04-12,TMAX,278
USW00093719,2008-11-10,TMAX,172
USC00314689,2011-04-24,TMAX,300
USC00314684,2010-03-03,TMAX,56
USC00314684,2010-03-03,TMIN,-11
USW00093719,2013-09-24,TMIN,117
USC00314689,2011-04-24,TMIN,206
USC00310576,2005-05-09,TMIN,83
USW00093719,2013-09-24,TMAX,239
USC00315830,2013-12-20,TMIN,61
USC00314689,2013-04-05,TMIN,56
USW00093719,2007-09-08,TMIN,156
USC00314689,2013-04-05,TMAX,144
USC00314684,2007-01-01,TMAX,200
USC00314684,2007-01-01,TMIN,117
USC00314684,2011-12-06,TMIN,100
USC00315830,2013-12-20,TMAX,206
USW00093765,2014-09-16,TMAX,272
USR0000NHOF,2007-03-11,TMIN,28
USR0000NHOF,2007-03-11,TMAX,200
USC00310356,2010-01-10,TMIN,-44
USR0000NCRN,2009-03-02,TMAX,56
USC00315830,2013-04-04,TMAX,133
USC00315830,2013-04-04,TMIN,78
USW00093765,2012-10-19,TMAX,250
USC00316096,2014-01-21,TMAX,156
USC00310576,2006-07-10,TMIN,189
USR0000NNWB,2008-09-02,TMIN,156
USC00314684,2011-10-31,TMIN,-6
USW00093719,2009-12-18,TMAX,111
USC00310576,2006-07-10,TMAX,294
USC00314684,2011-10-31,TMAX,139
USR0000NNWB,2005-02-06,TMAX,178
USC00316676,2009-12-18,TMAX,89
USW00093765,2015-03-14,TMAX,194
USW00093765,2015-03-14,TMIN,133
USC00316676,2009-12-18,TMIN,-22
USR0000NNWB,2008-09-02,TMAX,317
USC00317170,2011-05-08,TMAX,233
USC00317170,2011-05-08,TMIN,150
USC00314684,2006-05-04,TMIN,100
USC00314689,2009-10-15,TMAX,139
USC00314689,2009-10-15,TMIN,94
USC00314684,2006-05-04,TMAX,267
USR0000NCRN,2009-03-02,TMIN,-33
USC00317170,2009-06-09,TMIN,217
USW00013754,2012-08-30,TMIN,211
USC00310356,2010-01-10,TMAX,11
USW00013754,2012-08-30,TMAX,306
USC00317170,2009-06-09,TMAX,317
USR0000NNWB,2010-07-07,TMIN,222
USR0000NNWB,2010-07-07,TMAX,383
USC00317170,2009-11-24,TMAX,172
USW00093765,2011-05-16,TMAX,250
USW00093765,2011-05-16,TMIN,167
USC00316096,2014-01-21,TMIN,-11
USC00317170,2009-11-24,TMIN,117
USW00093719,2010-11-15,TMIN,17
USC00314684,2009-06-16,TMAX,294
USC00317170,2013-02-20,TMIN,22
USC00317170,2013-02-20,TMAX,139
USC00317170,2007-11-13,TMAX,189
USC00317170,2007-11-13,TMIN,17
USW00013754,2010-07-17,TMAX,317
USW00013754,2010-07-17,TMIN,233
USC00317170,2009-02-01,TMAX,167
USW00093765,2006-05-04,TMIN,144
USW00093765,2006-05-04,TMAX,267
USC00310356,2011-01-13,TMIN,-33
USR0000NNWB,2010-10-07,TMAX,272
USW00013754,2010-05-17,TMIN,194
USC00317170,2009-02-01,TMIN,6
USR0000NCRN,2008-10-13,TMAX,267
USW00013754,2014-09-16,TMIN,200
USW00013754,2010-05-17,TMAX,250
USW00013754,2014-09-16,TMAX,300
USR0000NHOF,2006-02-11,TMAX,122
USR0000NNWB,2010-10-07,TMIN,89
USR0000NCRN,2008-10-13,TMIN,139
USC00314684,2010-10-07,TMAX,256
USC00310576,2015-10-28,TMIN,161
USW00093765,2015-11-29,TMAX,211
USR0000NNWB,2014-09-16,TMAX,306
USR0000NCRN,2008-02-05,TMAX,244
USR0000NCRN,2008-02-05,TMIN,144
USW00093765,2015-11-29,TMIN,89
USW00093765,2015-08-21,TMIN,239
USR0000NCRN,2015-09-26,TMIN,211
USC00314684,2010-10-07,TMIN,56
USW00093765,2015-08-21,TMAX,306
USW00093765,2014-11-21,TMIN,17
USC00316676,2012-05-06,TMAX,322
USC00316676,2012-05-06,TMIN,194
USC00310356,2011-01-13,TMAX,39
USC00316676,2014-06-07,TMAX,283
USR0000NNWB,2015-11-14,TMAX,161
USC00310576,2015-10-28,TMAX,217
USW00093765,2014-11-21,TMAX,117
USR0000NCRN,2010-09-27,TMAX,278
USR0000NHOF,2009-10-16,TMIN,100
USC00315830,2005-01-19,TMIN,-94
USC00316096,2011-09-02,TMIN,156
USC00316096,2012-02-17,TMAX,172
USC00314684,2012-10-19,TMAX,267
USC00314684,2012-10-19,TMIN,89
USC00317170,2013-01-04,TMAX,111
USC00317170,2013-01-04,TMIN,-22
USW00093765,2007-02-17,TMAX,94
USR0000NCRN,2007-07-31,TMIN,217
USC00310576,2010-09-07,TMAX,300
USW00093765,2013-02-20,TMIN,44
USC00316096,2010-10-23,TMAX,217
USR0000NHOF,2005-08-07,TMAX,289
USC00314689,2015-05-18,TMAX,283
USC00317170,2014-11-21,TMAX,111
USR0000NHOF,2005-08-07,TMIN,178
USW00093765,2013-02-20,TMAX,133
USW00093765,2007-02-17,TMIN,-71
USR0000NHOF,2009-10-16,TMAX,144
USW00093765,2007-12-04,TMIN,33
USC00315830,2008-02-13,TMAX,178
USW00093719,2007-09-15,TMIN,189
USW00093719,2007-09-15,TMAX,283
USR0000NHOF,2006-02-11,TMIN,28
USC00315830,2005-01-19,TMAX,56
USC00317170,2014-04-25,TMIN,83
USR0000NCRN,2014-11-22,TMIN,-39
USR0000NCRN,2014-11-22,TMAX,156
USC00317170,2014-04-25,TMAX,256
USC00316676,2014-06-07,TMIN,178
USW00013754,2008-06-03,TMIN,144
USR0000NCRN,2005-06-20,TMAX,256
USR0000NNWB,2006-07-09,TMAX,300
USR0000NNWB,2006-07-09,TMIN,167
USC00316096,2012-02-17,TMIN,56
USR0000NCRN,2005-06-20,TMIN,161
USC00315830,2008-02-13,TMIN,150
USW00013754,2008-06-03,TMAX,272
USC00314684,2010-07-17,TMAX,322
USR0000NCRN,2010-09-27,TMIN,206
USW00093719,2007-10-29,TMIN,72
USW00093719,2008-09-11,TMIN,222
USC00314684,2012-01-19,TMAX,128
USC00314684,2012-01-19,TMIN,-17
USR0000NHOF,2009-02-15,TMAX,117
USC00316676,2013-08-03,TMIN,228
USC00316676,2013-08-03,TMAX,294
USC00310356,2005-10-12,TMIN,217
USW00093719,2008-09-11,TMAX,294
USC00314684,2009-04-10,TMAX,211
USC00316096,2012-05-07,TMIN,156
USC00316096,2012-05-07,TMAX,250
USW00093719,2009-04-30,TMIN,150
USR0000NCRN,2011-01-30,TMAX,189
USW00093719,2009-04-30,TMAX,250
USC00314684,2009-04-10,TMIN,78
USW00093719,2005-11-27,TMAX,211
USC00310356,2005-10-12,TMAX,317
USC00314689,2010-03-03,TMAX,56
USR0000NHOF,2009-02-15,TMIN,22
USC00317170,2013-04-05,TMIN,67
USW00093719,2012-02-28,TMIN,72
USR0000NCRN,2011-04-09,TMIN,117
USC00317170,2010-10-01,TMAX,217
USR0000NCRN,2011-07-27,TMIN,239
USW00093719,2012-02-29,TMIN,67
USR0000NCRN,2011-07-27,TMAX,294
USW00013754,2013-09-24,TMIN,111
USC00317170,2013-04-05,TMAX,144
USW00013754,2013-09-24,TMAX,239
USC00314144,2006-01-13,TMAX,233
USC00314144,2006-01-13,TMIN,83
USW00093719,2011-03-17,TMAX,206
USW00093719,2014-09-16,TMAX,311
USR0000NNWB,2010-05-17,TMIN,211
USR0000NNWB,2010-05-17,TMAX,244
USW00093719,2011-03-17,TMIN,61
USW00093719,2014-09-16,TMIN,206
USC00316676,2010-07-30,TMAX,322
USC00314689,2010-03-03,TMIN,0
USW00093719,2005-11-27,TMIN,22
USC00310576,2015-12-14,TMAX,239
USC00310356,2007-07-13,TMAX,289
USR0000NHOF,2014-02-20,TMAX,256
USR0000NCRN,2015-09-26,TMAX,228
USR0000NHOF,2014-02-20,TMIN,106
USC00310356,2007-07-13,TMIN,233
USC00317170,2011-05-12,TMAX,256
USC00310576,2015-12-14,TMIN,111
USR0000NNWB,2015-11-14,TMIN,28
USR0000NNWB,2014-09-16,TMIN,206
USC00310576,2005-04-09,TMIN,106
USC00310576,2005-04-09,TMAX,167
USC00310356,2005-08-07,TMIN,239
USR0000NCRN,2006-08-30,TMIN,244
USR0000NCRN,2006-08-30,TMAX,328
USC00314684,2010-07-17,TMIN,239
USW00093719,2007-10-29,TMAX,172
USC00310356,2005-08-07,TMAX,311
USR0000NCRN,2015-01-14,TMIN,17
USW00093719,2008-06-30,TMAX,317
USC00315830,2006-10-13,TMIN,128
USC00316676,2010-07-30,TMIN,228
USW00093765,2013-01-04,TMAX,106
USC00315830,2006-10-13,TMAX,278
USC00310356,2007-03-11,TMIN,94
USW00093765,2013-04-05,TMIN,67
USW00093765,2013-01-04,TMIN,6
USW00093719,2008-06-30,TMIN,233
USW00093765,2013-04-05,TMAX,172
USC00310356,2007-03-11,TMAX,217
USC00314689,2014-06-30,TMAX,300
USC00314689,2014-06-30,TMIN,178
USC00314144,2006-11-12,TMAX,200
USC00314144,2006-11-12,TMIN,89
USR0000NCRN,2015-01-14,TMAX,44
USC00314684,2015-02-19,TMAX,39
USC00314684,2015-02-19,TMIN,-78
USC00314689,2010-08-30,TMAX,339
USC00316676,2015-10-19,TMIN,39
USC00314684,2012-05-05,TMAX,322
USC00310576,2009-02-15,TMAX,139
USR0000NNWB,2014-04-26,TMAX,267
USC00316096,2011-04-09,TMIN,111
USC00316096,2011-04-09,TMAX,189
USC00314689,2008-08-16,TMAX,294
USW00093765,2011-10-30,TMAX,139
USW00013754,2009-06-01,TMAX,272
USR0000NCRN,2007-12-16,TMIN,39
USR0000NNWB,2014-04-26,TMIN,133
USR0000NCRN,2007-12-16,TMAX,206
USC00314144,2011-03-30,TMAX,133
USC00316096,2012-08-12,TMAX,278
USC00317170,2015-09-25,TMAX,228
USC00316096,2012-08-12,TMIN,222
USW00093743,2013-04-09,TMIN,128
USW00093743,2013-04-09,TMAX,233
USC00310356,2013-04-09,TMIN,144
USW00093765,2011-10-30,TMIN,39
USC00310356,2013-04-09,TMAX,183
USW00013754,2012-06-07,TMAX,272
USW00093765,2015-02-20,TMAX,-21
USC00315830,2015-01-14,TMIN,17
USC00315830,2015-07-12,TMAX,328
USW00093719,2013-04-02,TMAX,172
USW00093719,2013-04-02,TMIN,50
USC00314689,2012-10-17,TMIN,83
USC00314689,2011-09-20,TMIN,156
USC00314144,2011-03-30,TMIN,39
USW00013754,2012-06-07,TMIN,150
USR0000NNWB,2009-01-12,TMAX,89
USC00314689,2011-09-20,TMAX,261
USW00093765,2015-02-20,TMIN,-110
USC00310576,2011-04-25,TMIN,161
USC00310356,2011-07-05,TMIN,256
USW00013754,2011-05-12,TMAX,239
USC00310356,2011-07-05,TMAX,294
USC00310576,2011-04-25,TMAX,283
USR0000NNWB,2009-01-12,TMIN,28
USC00314684,2012-07-26,TMAX,317
USC00317170,2015-09-25,TMIN,211
USW00093765,2005-08-15,TMIN,261
USC00316676,2006-05-06,TMAX,283
USR0000NNWB,2008-09-12,TMIN,222
USW00013754,2009-06-01,TMIN,178
USR0000NNWB,2008-09-12,TMAX,322
USC00317170,2010-04-13,TMIN,94
USC00317170,2010-04-13,TMAX,261
USR0000NHOF,2009-11-25,TMIN,89
USC00316676,2006-05-06,TMIN,139
USW00093719,2015-01-04,TMIN,206
USW00093765,2008-08-23,TMIN,211
USW00093719,2015-05-20,TMIN,200
USC00315830,2014-11-20,TMAX,78
USC00315830,2014-11-20,TMIN,-17
USW00093719,2015-05-20,TMAX,306
USC00310576,2011-04-24,TMAX,267
USR0000NHOF,2009-11-25,TMAX,122
USW00093765,2008-08-23,TMAX,294
USW00093765,2005-08-15,TMAX,322
USC00316096,2011-02-07,TMIN,11
USR0000NNWB,2011-10-15,TMIN,106
USC00315830,2012-01-11,TMAX,167
USW00013754,2011-12-20,TMIN,83
USC00310356,2015-01-04,TMAX,189
USC00314684,2006-09-18,TMIN,156
USW00013754,2011-12-20,TMAX,217
USC00314684,2006-09-18,TMAX,283
USC00310356,2014-08-08,TMAX,294
USR0000NCRN,2013-08-06,TMAX,289
USC00316096,2011-02-07,TMAX,106
USC00316096,2012-02-12,TMIN,-44
USC00310576,2011-12-05,TMAX,206
USC00310576,2011-12-05,TMIN,39
USC00316096,2012-02-12,TMAX,39
USW00093719,2013-01-05,TMIN,-22
USR0000NCRN,2013-08-06,TMIN,167
USR0000NNWB,2011-10-15,TMAX,267
USC00310356,2014-08-08,TMIN,222
USR0000NNWB,2006-07-07,TMAX,256
USC00315830,2015-07-12,TMIN,233
USR0000NCRN,2015-11-19,TMAX,217
USR0000NCRN,2013-01-19,TMIN,-11
USR0000NCRN,2015-11-30,TMIN,128
USR0000NCRN,2015-11-30,TMAX,178
USR0000NNWB,2012-06-07,TMIN,117
USW00013754,2012-05-04,TMAX,322
USW00013754,2012-05-04,TMIN,183
USR0000NNWB,2012-06-07,TMAX,283
USR0000NCRN,2012-01-14,TMAX,83
USR0000NNWB,2012-02-23,TMIN,122
USW00093719,2014-07-01,TMIN,200
USW00093719,2014-07-01,TMAX,333
USR0000NCRN,2013-01-19,TMAX,167
USC00316676,2011-11-01,TMIN,72
USC00316676,2011-11-01,TMAX,167
USW00013754,2005-07-17,TMAX,317
USC00315830,2009-04-11,TMIN,111
USR0000NNWB,2012-02-23,TMAX,256
USW00093719,2013-01-03,TMAX,61
USW00013754,2007-11-29,TMIN,78
USW00013754,2014-09-19,TMAX,267
USC00315830,2015-04-26,TMIN,100
USC00315830,2015-04-26,TMAX,194
USR0000NCRN,2012-01-14,TMIN,-22
USW00093765,2014-06-07,TMIN,172
USC00310356,2008-10-23,TMIN,94
USC00314689,2007-11-19,TMIN,89
USC00314689,2007-11-19,TMAX,194
USW00013754,2007-11-29,TMAX,183
USC00315830,2014-04-23,TMAX,222
USC00315830,2006-03-06,TMIN,89
USC00315830,2010-08-01,TMIN,200
USC00315830,2010-08-01,TMAX,272
USC00316676,2011-03-01,TMAX,267
USC00315830,2006-03-06,TMAX,133
USC00310356,2008-10-23,TMAX,206
USW00013754,2014-09-19,TMIN,172
USC00315830,2014-04-23,TMIN,156
USW00013754,2009-02-01,TMIN,-38
USW00013754,2011-10-15,TMAX,272
USC00316096,2012-10-17,TMIN,72
USC00310576,2006-04-04,TMIN,78
USC00315830,2015-07-09,TMAX,306
USC00314689,2008-08-16,TMIN,200
USR0000NCRN,2015-11-19,TMIN,183
USC00315830,2015-07-09,TMIN,261
USC00316676,2008-07-22,TMAX,356
USC00314684,2012-07-26,TMIN,222
USW00013754,2009-02-01,TMAX,144
USC00316676,2008-07-22,TMIN,206
USC00316676,2011-02-14,TMAX,161
USC00310576,2007-05-20,TMIN,111
USC00310576,2007-05-20,TMAX,222
USC00314689,2012-10-17,TMAX,206
USR0000NNWB,2012-05-04,TMAX,344
USR0000NNWB,2012-05-04,TMIN,189
USC00316676,2011-02-14,TMIN,-17
USW00013754,2005-07-17,TMIN,250
USC00316096,2012-10-17,TMAX,194
USC00314684,2014-08-10,TMAX,222
USC00316676,2005-10-12,TMAX,256
USW00013754,2011-10-15,TMIN,111
USW00093719,2013-01-03,TMIN,0
USC00315830,2009-04-11,TMAX,239
USW00093765,2013-11-01,TMAX,244
USC00314684,2013-11-17,TMAX,194
USC00314684,2014-08-10,TMIN,194
USW00093765,2013-11-01,TMIN,200
USC00310576,2006-04-04,TMAX,183
USC00314689,2012-01-03,TMIN,-28
USC00314684,2013-11-17,TMIN,106
USW00093743,2011-07-05,TMIN,261
USR0000NCRN,2008-05-05,TMIN,167
USR0000NCRN,2008-05-05,TMAX,250
USR0000NCRN,2007-05-10,TMAX,367
USW00093743,2011-07-05,TMAX,300
USC00316676,2005-10-12,TMIN,189
USC00314689,2012-01-03,TMAX,94
USR0000NNWB,2006-07-07,TMIN,183
USC00310576,2011-04-24,TMIN,150
USC00310356,2015-01-04,TMIN,106
USC00314144,2008-08-24,TMAX,300
USC00310356,2009-11-25,TMIN,128
USC00310356,2009-11-25,TMAX,150
USC00310576,2006-07-11,TMIN,211
USC00317170,2007-11-01,TMAX,272
USC00317170,2007-11-01,TMIN,139
USC00310576,2006-07-11,TMAX,311
USW00093719,2011-10-16,TMAX,250
USW00013754,2008-09-12,TMIN,222
USC00310576,2011-12-07,TMAX,239
USW00093743,2010-09-14,TMAX,317
USW00093743,2010-09-14,TMIN,156
USC00314689,2005-05-09,TMAX,267
USC00316676,2010-07-02,TMAX,278
USC00316676,2010-07-02,TMIN,172
USC00317170,2014-06-08,TMIN,139
USW00013754,2008-09-12,TMAX,300
USC00314684,2015-11-14,TMIN,17
USW00093765,2015-10-19,TMIN,56
USC00314144,2008-08-24,TMIN,161
USC00314684,2007-06-24,TMIN,172
USC00315830,2007-03-11,TMIN,56
USC00315830,2007-03-11,TMAX,206
USW00093743,2009-11-25,TMAX,139
USC00310576,2015-12-13,TMAX,244
USC00310576,2015-12-13,TMIN,100
USW00093719,2011-10-16,TMIN,83
USC00315830,2005-02-06,TMIN,17
USR0000NCRN,2013-11-20,TMAX,139
USC00315830,2013-07-29,TMAX,306
USC00315830,2013-07-29,TMIN,256
USC00314144,2005-07-12,TMAX,344
USC00314144,2005-07-12,TMIN,222
USC00314689,2005-05-09,TMIN,122
USC00310576,2011-12-07,TMIN,94
USC00314684,2012-03-09,TMAX,239
USW00093765,2015-10-19,TMAX,150
USR0000NCRN,2013-11-20,TMIN,56
USC00317170,2014-06-08,TMAX,289
USC00314684,2015-11-14,TMAX,200
USC00316096,2013-11-17,TMIN,122
USC00314684,2007-06-14,TMIN,150
USW00093765,2013-04-02,TMAX,156
USC00316096,2012-01-03,TMIN,-28
USC00315830,2014-09-19,TMIN,194
USW00093765,2013-04-02,TMIN,67
USC00315830,2014-09-19,TMAX,267
USR0000NNWB,2013-02-18,TMIN,-67
USC00316096,2012-01-03,TMAX,33
USC00316676,2011-08-14,TMIN,217
USR0000NCRN,2011-09-03,TMIN,161
USR0000NCRN,2011-09-03,TMAX,294
USC00310356,2011-07-15,TMAX,322
USR0000NHOF,2010-09-14,TMAX,317
USR0000NCRN,2014-07-13,TMIN,206
USC00314684,2007-01-18,TMAX,44
USC00316676,2011-08-14,TMAX,322
USC00314684,2012-03-09,TMIN,83
USR0000NNWB,2013-02-18,TMAX,111
USC00314144,2008-08-13,TMAX,217
USW00093719,2006-07-07,TMAX,256
USW00093719,2006-07-07,TMIN,189
USC00317170,2013-11-01,TMAX,250
USC00314144,2008-08-13,TMIN,161
USC00317170,2013-11-01,TMIN,194
USR0000NNWB,2015-05-20,TMIN,200
USR0000NNWB,2015-05-20,TMAX,317
USC00316096,2013-11-17,TMAX,256
USC00316676,2009-05-17,TMIN,183
USR0000NHOF,2015-01-04,TMAX,233
USR0000NCRN,2012-01-28,TMIN,6
USR0000NCRN,2012-01-28,TMAX,178
USR0000NCRN,2007-08-30,TMAX,317
USR0000NCRN,2007-08-30,TMIN,189
USC00315830,2007-12-29,TMIN,161
USC00315830,2007-12-29,TMAX,211
USC00316676,2009-05-17,TMAX,261
USC00310576,2005-12-10,TMAX,167
USC00314689,2009-07-19,TMIN,200
USC00314689,2009-07-19,TMAX,300
USC00315830,2012-01-11,TMIN,61
USR0000NCRN,2007-01-01,TMAX,211
USR0000NCRN,2010-03-05,TMIN,-17
USR0000NCRN,2010-03-05,TMAX,94
USR0000NCRN,2007-01-01,TMIN,128
USW00093719,2012-05-04,TMAX,333
USW00093719,2012-05-04,TMIN,183
USW00093719,2011-02-04,TMIN,17
USC00315830,2010-05-18,TMIN,211
USC00315830,2010-05-18,TMAX,250
USW00013754,2011-06-15,TMAX,306
USW00013754,2014-04-26,TMIN,139
USW00013754,2014-04-26,TMAX,250
USC00310576,2007-03-25,TMIN,139
USC00310576,2007-03-25,TMAX,294
USC00314689,2006-02-16,TMIN,28
USW00013754,2011-06-15,TMIN,167
USW00093719,2015-01-04,TMAX,239
USC00315830,2005-09-22,TMAX,294
USC00316676,2014-09-13,TMIN,228
USR0000NHOF,2014-08-08,TMAX,317
USW00093719,2013-01-05,TMAX,117
USR0000NHOF,2014-08-08,TMIN,200
USC00315830,2014-02-23,TMIN,44
USC00315830,2014-02-23,TMAX,178
USW00013754,2011-05-12,TMIN,133
USC00316096,2009-07-19,TMAX,278
USC00315830,2005-09-22,TMIN,211
USC00316096,2009-07-19,TMIN,206
USW00093719,2011-02-04,TMAX,50
USC00316676,2009-11-10,TMAX,239
USC00316676,2009-11-10,TMIN,83
USW00093765,2009-02-14,TMAX,128
USW00093765,2009-02-14,TMIN,72
USC00317170,2009-08-31,TMIN,217
USC00316676,2014-09-13,TMAX,300
USC00317170,2009-08-31,TMAX,250
USC00310576,2008-08-18,TMAX,289
USC00317170,2009-10-16,TMIN,111
USC00310576,2010-03-02,TMAX,150
USC00315830,2009-02-23,TMAX,128
USC00315830,2009-02-23,TMIN,-28
USC00316676,2009-03-18,TMAX,100
USC00314684,2015-02-18,TMIN,-67
USC00315830,2015-01-14,TMAX,67
USC00315830,2005-02-06,TMAX,172
USC00316676,2009-03-18,TMIN,33
USW00093765,2008-04-03,TMAX,189
USW00093743,2009-11-25,TMIN,111
USC00310576,2010-01-09,TMAX,83
USC00314689,2012-08-12,TMIN,217
USC00310576,2010-01-09,TMIN,-11
USC00314684,2007-06-24,TMAX,289
USC00310576,2005-12-10,TMIN,-44
USR0000NHOF,2009-10-29,TMIN,94
USR0000NHOF,2009-10-29,TMAX,189
USC00314689,2012-08-12,TMAX,278
USC00314689,2007-10-25,TMIN,211
USR0000NCRN,2013-04-09,TMAX,233
USC00317170,2011-08-04,TMIN,256
USC00310576,2010-03-02,TMIN,22
USC00310576,2008-08-18,TMIN,194
USR0000NCRN,2011-02-11,TMAX,28
USR0000NCRN,2011-02-11,TMIN,-50
USC00314689,2006-02-16,TMAX,217
USC00310356,2010-09-14,TMAX,272
USC00310356,2010-09-14,TMIN,200
USW00093719,2010-01-12,TMIN,-22
USW00093719,2010-01-12,TMAX,67
USC00314684,2015-02-18,TMAX,-22
USC00314144,2009-07-22,TMIN,172
USW00013754,2013-02-18,TMAX,100
USW00013754,2013-02-18,TMIN,-71
USW00093765,2008-04-03,TMIN,94
USC00314144,2009-07-22,TMAX,300
USC00317170,2009-10-16,TMAX,156
USR0000NCRN,2013-04-09,TMIN,150
USC00317170,2010-09-14,TMAX,333
USC00314684,2007-04-11,TMAX,189
USC00317170,2010-09-14,TMIN,161
USC00310576,2013-07-29,TMAX,306
USC00314689,2015-04-24,TMIN,72
USR0000NNWB,2010-04-24,TMAX,244
USC00317170,2015-02-18,TMIN,-50
USC00310576,2007-04-12,TMIN,100
USC00310576,2007-04-12,TMAX,200
USR0000NCRN,2009-11-24,TMIN,144
USW00013754,2005-07-31,TMIN,228
USC00314689,2015-04-24,TMAX,206
USR0000NNWB,2007-10-05,TMIN,222
USW00093743,2010-11-28,TMAX,128
USC00316676,2007-07-12,TMIN,222
USC00314684,2006-08-04,TMIN,250
USC00314684,2006-08-04,TMAX,361
USW00013754,2013-01-03,TMAX,67
USC00316676,2014-02-18,TMAX,94
USW00013754,2013-01-03,TMIN,11
USR0000NNWB,2007-10-05,TMAX,294
USW00013754,2005-07-31,TMAX,278
USW00093743,2010-11-28,TMIN,0
USR0000NCRN,2009-11-24,TMAX,144
USC00310356,2010-03-05,TMAX,111
USW00093765,2007-03-05,TMIN,0
USC00316676,2007-07-12,TMAX,339
USR0000NHOF,2010-03-02,TMAX,61
USR0000NHOF,2010-03-02,TMIN,-39
USC00316096,2013-09-22,TMIN,200
USC00314684,2011-05-12,TMIN,117
USC00310576,2011-03-28,TMIN,17
USW00013754,2008-10-26,TMIN,100
USC00317170,2015-02-18,TMAX,44
USC00316096,2014-08-10,TMAX,283
USC00315830,2008-12-18,TMAX,172
USC00315830,2008-12-18,TMIN,89
USC00310576,2015-01-24,TMIN,61
USC00310576,2015-01-24,TMAX,194
USW00013754,2008-10-26,TMAX,211
USC00316096,2014-08-10,TMIN,217
USC00310356,2010-03-05,TMIN,0
USR0000NHOF,2015-08-22,TMIN,172
USW00093719,2012-06-07,TMIN,122
USC00310576,2006-01-14,TMAX,189
USC00314689,2012-02-12,TMIN,-44
USC00314689,2012-02-12,TMAX,89
USW00093765,2015-09-25,TMAX,233
USC00310356,2015-05-17,TMAX,250
USC00310356,2015-05-17,TMIN,183
USW00093743,2008-04-14,TMIN,56
USW00093719,2014-04-26,TMAX,267
USW00093743,2008-04-14,TMAX,156
USR0000NNWB,2005-03-16,TMIN,17
USW00093765,2015-09-25,TMIN,211
USC00314144,2008-04-10,TMAX,250
USC00315830,2006-10-12,TMAX,261
USC00314689,2009-12-17,TMAX,78
USC00314689,2009-12-17,TMIN,-22
USC00314144,2008-04-10,TMIN,111
USR0000NNWB,2005-03-16,TMAX,72
USR0000NHOF,2015-08-22,TMAX,322
USW00093719,2014-04-26,TMIN,150
USW00093743,2013-07-29,TMIN,239
USW00093719,2012-06-07,TMAX,267
USC00316676,2014-02-18,TMIN,28
USC00317170,2015-02-20,TMIN,-128
USR0000NNWB,2010-04-24,TMIN,150
USC00317170,2015-02-20,TMAX,-22
USC00317170,2015-05-20,TMIN,194
USW00093765,2014-09-19,TMIN,189
USC00310576,2006-01-14,TMIN,56
USW00093765,2014-09-19,TMAX,267
USC00314689,2009-10-14,TMAX,239
USW00093719,2010-06-08,TMAX,294
USW00093719,2010-06-08,TMIN,172
USC00314689,2009-10-14,TMIN,111
USC00310356,2013-07-29,TMAX,289
USC00310356,2013-07-29,TMIN,250
USW00093743,2013-07-29,TMAX,306
USC00317170,2015-05-20,TMAX,294
USC00314689,2013-09-22,TMAX,250
USW00093765,2015-11-05,TMIN,189
USC00316676,2010-12-11,TMIN,-44
USW00013754,2009-11-11,TMAX,183
USC00314684,2010-01-12,TMIN,-94
USC00314684,2010-01-12,TMAX,67
USC00314684,2005-01-11,TMAX,189
USW00013754,2005-12-08,TMAX,89
USW00013754,2014-02-23,TMIN,33
USR0000NHOF,2010-03-05,TMIN,-50
USR0000NHOF,2010-10-23,TMIN,0
USC00314684,2008-12-24,TMAX,100
USW00013754,2014-02-23,TMAX,189
USW00093765,2011-03-24,TMIN,100
USC00317170,2010-08-21,TMAX,322
USR0000NCRN,2013-07-29,TMAX,289
USC00314684,2008-12-24,TMIN,-44
USW00093765,2011-03-24,TMAX,233
USR0000NCRN,2013-07-29,TMIN,217
USR0000NHOF,2010-03-05,TMAX,100
USW00013754,2005-12-08,TMIN,39
USR0000NHOF,2010-10-23,TMAX,228
USC00315830,2013-02-18,TMIN,-44
USR0000NHOF,2009-04-20,TMIN,156
USR0000NHOF,2008-10-23,TMIN,-11
USC00310356,2008-05-05,TMIN,178
USC00310356,2008-05-05,TMAX,222
USR0000NCRN,2009-05-17,TMIN,128
USC00314684,2005-01-11,TMIN,39
USC00317170,2010-12-17,TMIN,-28
USW00013754,2009-11-11,TMIN,156
USC00317170,2010-12-17,TMAX,106
USW00093719,2015-10-19,TMAX,156
USW00093719,2015-10-19,TMIN,33
USC00316096,2009-10-14,TMAX,167
USC00316096,2009-10-14,TMIN,122
USC00316096,2015-04-24,TMAX,194
USC00316096,2015-04-24,TMIN,89
USC00315830,2013-02-18,TMAX,117
USR0000NHOF,2008-10-23,TMAX,178
USW00093765,2015-11-05,TMAX,267
USC00317170,2010-08-21,TMIN,194
USC00310576,2006-04-06,TMIN,44
USC00316676,2008-12-25,TMIN,89
USW00093743,2010-03-05,TMIN,-10
USC00316676,2012-08-31,TMIN,183
USW00013754,2009-08-06,TMAX,306
USR0000NCRN,2015-03-19,TMAX,139
USC00316676,2012-08-31,TMAX,294
USW00093743,2010-03-05,TMAX,111
USC00314689,2010-05-16,TMIN,200
USR0000NHOF,2005-11-27,TMAX,211
USC00315830,2012-03-20,TMAX,244
USC00314689,2009-06-11,TMAX,317
USR0000NHOF,2005-11-27,TMIN,6
USC00316096,2013-09-22,TMAX,261
USC00317170,2014-09-19,TMIN,156
USC00317170,2014-09-19,TMAX,261
USC00316676,2010-12-11,TMAX,117
USC00315830,2012-03-20,TMIN,133
USC00314689,2015-01-13,TMAX,161
USR0000NCRN,2015-03-19,TMIN,61
USC00314689,2010-05-16,TMAX,339
USC00310576,2008-08-07,TMAX,350
USC00310576,2006-04-06,TMAX,228
USC00310576,2008-08-07,TMIN,233
USC00314689,2015-01-13,TMIN,33
USC00310356,2010-03-02,TMAX,117
USC00310356,2010-03-02,TMIN,11
USC00314144,2007-05-10,TMAX,261
USW00093743,2010-03-02,TMIN,6
USC00314144,2007-05-10,TMIN,111
USC00316096,2009-12-17,TMIN,-33
USC00314689,2009-06-11,TMIN,211
USW00013754,2009-08-06,TMIN,222
USC00317170,2009-07-19,TMAX,283
USC00317170,2009-07-19,TMIN,222
USW00093743,2010-03-02,TMAX,100
USC00316676,2008-12-25,TMAX,206
USC00316096,2009-12-17,TMAX,83
USR0000NCRN,2009-07-22,TMIN,244
USW00093765,2006-11-22,TMIN,100
USW00093765,2006-11-22,TMAX,178
USC00315830,2011-05-28,TMAX,278
USC00315830,2012-10-21,TMAX,244
USC00310576,2011-01-18,TMIN,11
USR0000NNWB,2013-04-02,TMAX,172
USR0000NNWB,2013-04-02,TMIN,67
USC00310356,2013-11-20,TMAX,211
USR0000NNWB,2011-12-20,TMIN,61
USW00093743,2009-03-20,TMAX,150
USW00093765,2006-03-14,TMIN,122
USC00314689,2011-04-09,TMAX,272
USW00093719,2006-01-30,TMIN,94
USR0000NCRN,2005-03-17,TMAX,56
USW00093719,2006-01-30,TMAX,183
USW00093765,2010-12-17,TMIN,6
USW00093765,2010-12-17,TMAX,122
USC00317170,2011-09-11,TMIN,178
USR0000NNWB,2011-12-20,TMAX,211
USW00013754,2010-07-03,TMIN,139
USC00310576,2011-01-18,TMAX,117
USW00093765,2006-03-14,TMAX,194
USC00315830,2015-12-15,TMIN,150
USC00314689,2010-04-12,TMIN,89
USC00315830,2012-10-21,TMIN,117
USC00315830,2015-12-15,TMAX,222
USC00310576,2011-03-28,TMAX,72
USC00314684,2006-08-30,TMIN,250
USC00315830,2011-05-28,TMIN,222
USR0000NCRN,2005-03-17,TMIN,22
USC00316096,2011-01-06,TMAX,72
USC00314684,2006-08-30,TMAX,350
USC00316096,2011-01-06,TMIN,-28
USC00314689,2011-04-09,TMIN,100
USW00093743,2013-11-20,TMIN,61
USW00093743,2013-11-20,TMAX,156
USC00310356,2013-11-20,TMIN,72
USW00093743,2009-03-20,TMIN,39
USC00314684,2011-05-12,TMAX,250
USC00317170,2015-10-28,TMAX,256
USC00310576,2007-06-25,TMIN,183
USC00316676,2008-06-30,TMAX,350
USC00310356,2013-08-06,TMIN,228
USC00310356,2013-08-06,TMAX,294
USR0000NHOF,2011-07-05,TMIN,233
USC00314684,2009-07-19,TMIN,194
USR0000NNWB,2011-06-15,TMAX,294
USC00310576,2007-06-25,TMAX,294
USC00316676,2012-07-25,TMAX,333
USC00314684,2009-07-19,TMAX,300
USC00315830,2005-09-19,TMAX,300
USW00093765,2010-01-12,TMIN,6
USW00093765,2010-01-12,TMAX,94
USC00310576,2006-11-11,TMAX,244
USC00310576,2006-11-11,TMIN,100
USC00316676,2012-07-25,TMIN,217
USW00093765,2014-06-07,TMAX,283
USR0000NHOF,2011-07-05,TMAX,328
USC00315830,2005-09-19,TMIN,233
USC00316676,2008-06-30,TMIN,228
USC00317170,2011-09-11,TMAX,333
USR0000NNWB,2008-10-19,TMAX,167
USC00315830,2013-09-26,TMIN,178
USW00093765,2006-05-02,TMAX,211
USR0000NNWB,2011-06-15,TMIN,156
USC00315830,2013-09-26,TMAX,256
USW00013754,2010-07-03,TMAX,267
USC00310356,2009-03-20,TMIN,89
USW00093765,2006-05-02,TMIN,89
USR0000NNWB,2008-10-19,TMIN,78
USR0000NNWB,2005-12-08,TMAX,89
USC00310356,2009-03-20,TMAX,172
USW00093743,2013-08-06,TMIN,200
USW00093743,2013-08-06,TMAX,294
USW00093719,2005-05-21,TMIN,111
USR0000NNWB,2005-12-08,TMIN,17
USR0000NNWB,2014-09-19,TMIN,178
USR0000NNWB,2014-09-19,TMAX,267
USW00093719,2005-05-21,TMAX,217
USC00314689,2010-04-12,TMAX,250
USC00310356,2010-11-28,TMAX,122
USC00314144,2008-04-22,TMIN,128
USC00315830,2008-06-16,TMIN,222
USC00316676,2008-01-12,TMIN,144
USW00093743,2008-10-23,TMIN,67
USC00317170,2013-12-19,TMAX,167
USR0000NCRN,2006-12-14,TMIN,122
USR0000NCRN,2006-12-14,TMAX,172
USC00317170,2013-12-19,TMIN,-17
USC00315830,2014-05-17,TMAX,261
USR0000NCRN,2013-12-21,TMIN,128
USC00317170,2011-09-17,TMAX,194
USC00317170,2011-09-17,TMIN,161
USR0000NCRN,2013-12-21,TMAX,211
USC00314689,2006-01-11,TMAX,206
USC00314689,2006-01-11,TMIN,78
USC00310356,2008-04-14,TMIN,78
USC00310356,2008-04-14,TMAX,183
USW00093743,2008-10-23,TMAX,183
USR0000NHOF,2015-05-17,TMAX,289
USR0000NCRN,2015-08-01,TMAX,306
USC00315830,2008-06-16,TMAX,294
USR0000NCRN,2014-08-08,TMAX,294
USR0000NCRN,2014-08-08,TMIN,211
USC00315830,2006-10-12,TMIN,178
USC00314689,2013-09-22,TMIN,194
USC00310356,2015-08-22,TMIN,239
USW00093719,2008-09-12,TMIN,222
USW00093719,2008-09-12,TMAX,311
USR0000NCRN,2015-08-01,TMIN,228
USC00310356,2015-08-22,TMAX,311
USR0000NNWB,2013-01-03,TMIN,-6
USC00316676,2008-12-12,TMIN,133
USC00316676,2008-12-12,TMAX,222
USC00316676,2008-01-12,TMAX,217
USR0000NCRN,2009-07-22,TMAX,294
USW00093765,2007-03-05,TMAX,139
USC00315830,2014-05-17,TMIN,128
USR0000NNWB,2013-01-03,TMAX,61
USR0000NHOF,2015-05-17,TMIN,128
USC00314684,2007-09-08,TMIN,128
USC00314684,2007-09-08,TMAX,317
USW00093719,2014-09-19,TMAX,272
USC00314684,2012-10-17,TMIN,61
USW00013754,2013-04-02,TMIN,50
USC00314144,2010-05-06,TMAX,306
USC00315830,2007-01-21,TMIN,-33
USC00315830,2007-01-21,TMAX,89
USC00317170,2010-01-12,TMIN,11
USW00093719,2014-09-19,TMIN,183
USC00317170,2010-01-12,TMAX,83
USC00310576,2014-01-20,TMAX,133
USC00310576,2013-04-09,TMIN,89
USC00310576,2013-04-09,TMAX,250
USC00316096,2010-06-09,TMIN,178
USC00316096,2010-06-09,TMAX,283
USC00310576,2014-01-20,TMIN,17
USC00314144,2008-04-22,TMAX,211
USC00314144,2010-05-06,TMIN,128
USC00314684,2012-10-17,TMAX,200
USW00013754,2013-04-02,TMAX,167
USC00317170,2015-10-28,TMIN,172
USW00013754,2009-01-12,TMAX,83
USW00093765,2015-05-20,TMIN,206
USW00093765,2015-05-20,TMAX,294
USW00013754,2009-01-12,TMIN,0
USR0000NCRN,2014-06-01,TMAX,233
USC00314689,2007-03-29,TMAX,194
USC00314689,2007-03-29,TMIN,0
USR0000NNWB,2006-10-14,TMIN,33
USC00316676,2015-03-31,TMAX,167
USW00093719,2009-09-10,TMIN,178
USR0000NCRN,2014-06-01,TMIN,100
USC00316676,2015-03-31,TMIN,44
USR0000NHOF,2009-03-20,TMIN,33
USR0000NHOF,2009-03-20,TMAX,150
USR0000NNWB,2006-10-14,TMAX,183
USW00093719,2009-09-10,TMAX,228
USC00310356,2010-11-28,TMIN,44
USC00310576,2013-07-29,TMIN,222
USC00317170,2007-09-15,TMIN,211
USC00314684,2007-01-18,TMIN,-6
USC00317170,2007-09-15,TMAX,283
USW00093719,2011-07-03,TMIN,217
USR0000NHOF,2007-08-26,TMAX,322
USC00315830,2006-10-14,TMIN,78
USC00315830,2006-10-14,TMAX,211
USR0000NHOF,2007-08-26,TMIN,206
USW00093719,2008-04-10,TMAX,239
USC00316096,2014-12-08,TMIN,61
USW00093719,2011-07-03,TMAX,344
USC00316096,2014-12-08,TMAX,144
USW00013754,2014-07-01,TMIN,200
USR0000NHOF,2006-04-06,TMIN,-11
USR0000NHOF,2006-04-06,TMAX,228
USC00316096,2013-12-19,TMIN,-33
USW00013754,2014-07-01,TMAX,311
USC00316096,2015-07-30,TMAX,317
USC00314684,2010-12-06,TMIN,-44
USC00316096,2013-12-19,TMAX,150
USC00316096,2012-11-12,TMAX,244
USR0000NCRN,2011-07-05,TMAX,294
USW00093719,2008-06-02,TMIN,167
USC00316676,2013-09-22,TMIN,183
USC00310576,2015-12-15,TMIN,128
USC00310576,2015-12-15,TMAX,239
USW00093719,2008-04-10,TMIN,128
USW00013754,2012-02-23,TMIN,139
USW00013754,2012-02-23,TMAX,244
USC00316096,2013-04-02,TMAX,156
USR0000NNWB,2012-06-05,TMIN,139
USC00316096,2013-04-02,TMIN,44
USR0000NCRN,2011-07-05,TMIN,256
USC00317170,2012-07-07,TMIN,250
USR0000NNWB,2012-06-05,TMAX,228
USC00310356,2007-01-01,TMAX,200
USC00314684,2010-06-09,TMAX,289
USC00310356,2007-01-01,TMIN,122
USW00093719,2008-06-02,TMAX,289
USC00317170,2012-07-07,TMAX,383
USC00314684,2010-06-09,TMIN,150
USR0000NNWB,2009-02-01,TMAX,167
USW00093765,2008-02-05,TMAX,183
USC00317170,2008-08-23,TMIN,194
USR0000NNWB,2009-02-01,TMIN,-22
USR0000NHOF,2007-01-01,TMAX,217
USR0000NHOF,2007-01-01,TMIN,122
USW00093719,2006-11-22,TMIN,83
USW00093719,2006-11-22,TMAX,189
USC00314684,2013-07-29,TMAX,317
USC00310576,2015-09-27,TMAX,222
USC00314684,2013-07-29,TMIN,228
USC00314689,2010-11-27,TMAX,172
USW00093719,2014-04-23,TMAX,239
USW00093719,2014-04-23,TMIN,94
USW00093765,2006-08-30,TMIN,272
USW00093765,2006-08-30,TMAX,306
USC00314684,2005-05-09,TMAX,244
USC00317170,2013-02-18,TMAX,100
USC00314684,2005-05-09,TMIN,94
USW00093765,2008-02-05,TMIN,139
USC00310576,2015-09-27,TMIN,200
USC00316096,2015-07-30,TMIN,239
USC00314684,2006-07-07,TMAX,289
USC00314684,2006-07-07,TMIN,189
USC00316096,2012-11-12,TMIN,89
USC00314144,2009-12-02,TMAX,222
USW00093719,2005-09-19,TMAX,311
USW00093719,2005-09-19,TMIN,228
USC00315830,2010-07-30,TMAX,317
USC00317170,2008-08-23,TMAX,311
USR0000NCRN,2005-07-12,TMAX,333
USC00315830,2010-07-30,TMIN,244
USC00314689,2013-04-02,TMAX,222
USW00013754,2008-02-04,TMAX,211
USW00013754,2008-02-04,TMIN,61
USC00314689,2013-04-02,TMIN,67
USR0000NNWB,2008-03-20,TMAX,200
USR0000NNWB,2008-03-20,TMIN,50
USR0000NCRN,2005-07-12,TMIN,239
USC00317170,2013-02-18,TMIN,-61
USC00316676,2013-09-22,TMAX,267
USC00310356,2010-08-26,TMAX,289
USW00093719,2005-03-16,TMAX,72
USW00093719,2005-03-16,TMIN,6
USC00314689,2006-05-02,TMAX,250
USC00314689,2006-05-02,TMIN,72
USC00310356,2010-09-07,TMAX,311
USC00310356,2010-09-07,TMIN,228
USW00093765,2013-07-29,TMAX,289
USC00317170,2010-06-08,TMIN,167
USW00093765,2013-07-29,TMIN,211
USC00310576,2010-06-17,TMAX,339
USC00314684,2010-12-06,TMAX,44
USW00013754,2013-01-05,TMIN,-27
USW00013754,2013-01-05,TMAX,111
USR0000NCRN,2006-03-05,TMAX,150
USC00316676,2014-06-29,TMAX,278
USR0000NCRN,2006-03-05,TMIN,-100
USC00310576,2010-06-17,TMIN,222
USC00315830,2009-04-30,TMAX,244
USC00317170,2010-06-08,TMAX,317
USC00310576,2014-08-08,TMAX,306
USW00013754,2015-07-09,TMAX,356
USW00013754,2015-07-09,TMIN,244
USR0000NHOF,2007-05-10,TMAX,261
USR0000NHOF,2007-05-10,TMIN,111
USC00315830,2010-11-07,TMAX,156
USC00314689,2011-01-06,TMIN,-17
USC00316096,2012-05-04,TMAX,306
USC00310576,2014-08-08,TMIN,200
USC00316096,2012-05-04,TMIN,161
USC00315830,2014-12-20,TMAX,117
USC00316676,2006-01-11,TMAX,194
USC00314689,2014-12-08,TMAX,122
USC00316676,2006-01-11,TMIN,83
USC00317170,2014-08-10,TMIN,194
USC00310576,2008-11-23,TMIN,-6
USC00317170,2014-08-10,TMAX,278
USC00310576,2008-11-23,TMAX,78
USC00317170,2014-06-07,TMIN,167
USW00093719,2010-04-24,TMAX,239
USW00013754,2008-02-19,TMAX,139
USC00310356,2013-01-18,TMAX,200
USC00317170,2014-06-07,TMAX,294
USC00310356,2013-01-18,TMIN,28
USW00093765,2013-02-18,TMAX,94
USC00310576,2011-06-10,TMIN,206
USC00316676,2013-08-05,TMIN,167
USC00316676,2013-08-05,TMAX,289
USR0000NCRN,2005-04-10,TMAX,217
USW00093765,2013-02-18,TMIN,-32
USC00314684,2006-05-06,TMAX,294
USC00314144,2009-12-02,TMIN,56
USC00317170,2008-02-13,TMIN,161
USC00310356,2011-05-20,TMAX,239
USC00317170,2008-02-13,TMAX,222
USC00315830,2014-01-20,TMAX,139
USC00315830,2014-01-20,TMIN,39
USC00314684,2006-05-06,TMIN,161
USW00013754,2008-02-19,TMIN,22
USR0000NCRN,2005-04-10,TMIN,56
USC00316096,2011-09-20,TMAX,267
USW00093719,2010-04-24,TMIN,128
USC00315830,2013-02-21,TMIN,11
USC00315830,2009-04-30,TMIN,167
USC00316676,2014-06-29,TMIN,200
USC00315830,2013-02-21,TMAX,139
USC00314689,2012-05-04,TMAX,333
USC00314689,2007-01-18,TMAX,33
USC00310576,2011-06-10,TMAX,356
USC00314689,2012-05-04,TMIN,189
USC00314689,2007-01-18,TMIN,-6
USC00317170,2013-07-29,TMAX,317
USC00317170,2013-07-29,TMIN,222
USR0000NNWB,2015-07-09,TMIN,244
USC00314684,2012-08-31,TMIN,178
USC00314684,2012-08-31,TMAX,306
USC00316096,2011-09-20,TMIN,167
USR0000NNWB,2015-07-09,TMAX,350
USW00093719,2006-08-04,TMIN,256
USW00093719,2006-08-04,TMAX,361
USC00317170,2007-11-08,TMIN,22
USC00314684,2008-10-29,TMAX,139
USC00316096,2013-04-08,TMIN,94
USC00316096,2013-04-08,TMAX,222
USC00314684,2008-10-29,TMIN,6
USC00314689,2013-12-19,TMIN,94
USW00093765,2014-08-10,TMIN,228
USC00314684,2010-08-21,TMAX,306
USC00314689,2013-12-19,TMAX,233
USC00314684,2010-08-21,TMIN,167
USR0000NHOF,2013-01-18,TMIN,-28
USC00310356,2015-11-29,TMAX,222
USW00093719,2005-01-10,TMAX,200
USR0000NNWB,2008-02-04,TMIN,67
USR0000NNWB,2008-02-04,TMAX,222
USW00093719,2005-01-10,TMIN,61
USR0000NNWB,2014-11-20,TMAX,156
USW00093765,2014-08-10,TMAX,289
USR0000NNWB,2014-11-20,TMIN,6
USC00310356,2006-07-11,TMAX,267
USC00310576,2012-10-21,TMIN,78
USC00314689,2013-04-08,TMIN,100
USC00314689,2013-04-08,TMAX,267
USC00310356,2011-05-20,TMIN,183
USW00093765,2010-09-14,TMIN,167
USR0000NCRN,2010-07-17,TMAX,306
USR0000NCRN,2010-07-17,TMIN,233
USW00093765,2010-09-14,TMAX,306
USC00310356,2006-07-11,TMIN,217
USC00310356,2006-01-14,TMIN,33
USR0000NNWB,2011-10-16,TMIN,94
USW00093719,2007-07-02,TMIN,183
USR0000NCRN,2009-10-29,TMIN,183
USR0000NCRN,2009-10-29,TMAX,194
USR0000NCRN,2014-02-19,TMAX,183
USR0000NCRN,2014-02-19,TMIN,28
USW00093719,2007-07-02,TMAX,267
USC00310356,2006-01-14,TMAX,189
USC00316676,2009-10-14,TMIN,133
USC00317170,2008-08-16,TMAX,300
USC00317170,2008-08-16,TMIN,211
USW00093765,2006-05-06,TMIN,189
USW00093765,2006-05-06,TMAX,244
USC00315830,2010-01-12,TMIN,6
USC00315830,2010-01-12,TMAX,78
USC00310576,2010-09-02,TMIN,172
USR0000NCRN,2013-09-26,TMIN,161
USW00093719,2008-10-19,TMAX,167
USC00310576,2010-09-02,TMAX,322
USW00093719,2006-09-28,TMAX,261
USR0000NCRN,2013-09-26,TMAX,256
USC00316676,2009-12-17,TMAX,94
USR0000NCRN,2014-09-19,TMIN,167
USR0000NCRN,2014-09-19,TMAX,261
USW00093719,2006-09-28,TMIN,122
USC00316676,2009-12-17,TMIN,-28
USR0000NNWB,2011-10-16,TMAX,256
USW00093719,2008-10-19,TMIN,89
USC00314689,2011-11-01,TMIN,67
USW00013754,2005-03-28,TMIN,111
USW00013754,2005-03-28,TMAX,217
USC00314689,2006-07-07,TMAX,267
USC00314689,2006-07-07,TMIN,189
USC00310356,2015-11-29,TMIN,111
USC00316676,2009-09-19,TMIN,189
USC00314689,2011-11-01,TMAX,150
USC00316676,2009-09-19,TMAX,256
USC00314684,2014-11-22,TMIN,-72
USC00310576,2012-10-21,TMAX,250
USR0000NCRN,2014-09-14,TMAX,250
USC00314689,2012-11-12,TMIN,89
USC00310356,2005-12-10,TMIN,-67
USR0000NCRN,2014-02-23,TMIN,28
USC00310356,2005-12-10,TMAX,167
USR0000NCRN,2014-02-23,TMAX,183
USR0000NCRN,2014-09-14,TMIN,189
USC00314684,2014-11-22,TMAX,106
USC00314689,2012-11-12,TMAX,239
USW00093719,2010-12-17,TMAX,94
USW00093719,2010-12-17,TMIN,-22
USC00316676,2009-10-14,TMAX,222
USC00310356,2014-09-19,TMAX,278
USC00316676,2015-04-24,TMAX,206
USC00310356,2013-09-26,TMIN,172
USC00310356,2013-09-26,TMAX,233
USC00314689,2013-11-02,TMIN,156
USR0000NHOF,2006-01-14,TMIN,39
USC00314684,2013-11-01,TMAX,261
USC00310356,2014-09-19,TMIN,194
USC00316676,2015-04-24,TMIN,89
USR0000NHOF,2006-01-14,TMAX,189
USW00093743,2010-09-07,TMIN,194
USC00316096,2013-07-29,TMAX,289
USC00316096,2013-07-29,TMIN,211
USC00314144,2008-10-06,TMAX,267
USC00314144,2008-10-06,TMIN,67
USC00315830,2015-05-20,TMIN,206
USC00314684,2013-11-01,TMIN,100
USC00315830,2015-05-20,TMAX,239
USW00093765,2011-02-26,TMAX,156
USC00314144,2009-03-20,TMAX,150
USC00315830,2010-03-02,TMAX,117
USC00315830,2010-03-02,TMIN,11
USC00317170,2007-11-08,TMAX,139
USR0000NHOF,2014-09-19,TMIN,139
USR0000NHOF,2014-09-19,TMAX,272
USW00093743,2013-09-26,TMIN,172
USW00093743,2010-09-07,TMAX,289
USC00314689,2008-11-28,TMAX,189
USC00314689,2010-11-27,TMIN,50
USW00093743,2013-09-26,TMAX,261
USC00310356,2006-04-06,TMIN,111
USC00314689,2008-03-07,TMIN,83
USC00314689,2008-03-07,TMAX,194
USC00310356,2006-04-06,TMAX,222
USC00314689,2008-11-28,TMIN,44
USC00314144,2009-03-20,TMIN,33
USC00316676,2012-12-08,TMAX,183
USW00093743,2010-08-26,TMAX,294
USR0000NHOF,2014-02-23,TMIN,11
USR0000NHOF,2014-02-23,TMAX,211
USC00310576,2007-03-20,TMIN,-6
USW00013754,2006-12-19,TMAX,172
USW00093719,2015-02-20,TMAX,-27
USC00310356,2007-12-29,TMAX,211
USW00013754,2007-04-19,TMAX,156
USW00013754,2007-04-19,TMIN,72
USC00317170,2008-09-27,TMAX,300
USW00093719,2015-02-20,TMIN,-116
USC00317170,2008-09-27,TMIN,189
USC00316096,2012-03-09,TMIN,33
USC00314144,2007-12-16,TMIN,33
USR0000NHOF,2006-07-11,TMIN,167
USR0000NHOF,2006-07-11,TMAX,311
USC00314684,2013-01-03,TMAX,83
USC00314144,2007-12-16,TMAX,217
USC00314684,2013-01-03,TMIN,33
USC00310356,2007-12-29,TMIN,39
USW00013754,2006-12-19,TMIN,78
USC00310576,2007-03-20,TMAX,156
USC00316096,2012-03-09,TMAX,172
USC00315830,2012-08-29,TMAX,289
USW00093743,2010-08-26,TMIN,206
USW00013754,2014-11-20,TMAX,156
USC00314689,2013-11-02,TMAX,267
USW00013754,2014-11-20,TMIN,0
USW00093719,2015-07-09,TMAX,344
USW00093719,2015-07-09,TMIN,244
USC00316676,2012-12-08,TMIN,94
USC00315830,2012-08-29,TMIN,233
USC00310576,2010-08-01,TMIN,189
USC00310576,2010-08-01,TMAX,294
USC00314689,2013-07-29,TMAX,317
USC00314689,2013-07-29,TMIN,239
USR0000NHOF,2013-01-18,TMAX,89
USW00093765,2011-02-26,TMIN,56
USC00310576,2010-10-23,TMAX,211
USC00310576,2010-10-23,TMIN,44
USC00310356,2010-10-08,TMAX,256
USC00314689,2014-12-08,TMIN,33
USC00316676,2012-05-08,TMAX,256
USC00310576,2012-11-14,TMAX,217
USC00314144,2010-07-17,TMIN,228
USC00310576,2013-09-26,TMAX,233
USC00314689,2012-08-31,TMIN,206
USC00314689,2012-08-31,TMAX,311
USC00314684,2012-11-12,TMAX,228
USC00314684,2012-11-12,TMIN,89
USR0000NCRN,2008-01-23,TMIN,28
USC00314144,2010-07-17,TMAX,322
USR0000NCRN,2008-01-23,TMAX,244
USW00093719,2013-02-18,TMIN,-67
USW00093765,2014-06-08,TMIN,156
USC00316096,2010-11-27,TMAX,150
USW00013754,2005-01-10,TMAX,200
USW00013754,2005-01-10,TMIN,67
USR0000NHOF,2009-11-24,TMAX,156
USC00314144,2010-10-31,TMIN,122
USW00093719,2013-02-18,TMAX,111
USR0000NHOF,2009-11-24,TMIN,117
USC00314689,2011-08-15,TMAX,306
USC00310576,2013-09-26,TMIN,94
USC00314689,2008-12-06,TMAX,122
USC00315830,2008-05-03,TMAX,244
USC00314689,2008-12-06,TMIN,-17
USC00315830,2008-05-03,TMIN,183
USC00317170,2013-04-02,TMAX,206
USC00317170,2013-04-02,TMIN,50
USW00013754,2008-06-02,TMAX,289
USC00314684,2006-05-02,TMIN,56
USC00316676,2008-12-09,TMAX,106
USR0000NNWB,2006-01-30,TMAX,183
USW00013754,2008-06-02,TMIN,178
USC00317170,2012-05-04,TMAX,356
USC00317170,2012-05-04,TMIN,183
USW00093743,2011-07-15,TMAX,294
USC00314684,2006-05-02,TMAX,200
USW00093743,2011-07-15,TMIN,194
USR0000NNWB,2006-01-30,TMIN,106
USC00316096,2015-02-18,TMIN,-39
USC00316096,2010-11-27,TMIN,-17
USC00316676,2009-06-23,TMIN,183
USC00314689,2014-11-22,TMAX,128
USW00093765,2011-09-11,TMAX,294
USW00093765,2010-06-08,TMAX,283
USW00013754,2013-07-29,TMAX,289
USW00013754,2013-07-29,TMIN,222
USW00093765,2010-06-08,TMIN,178
USC00315830,2009-06-16,TMAX,272
USC00317170,2007-08-30,TMAX,311
USC00315830,2009-06-16,TMIN,217
USW00093765,2006-07-07,TMIN,183
USR0000NNWB,2006-12-19,TMIN,67
USR0000NNWB,2006-12-19,TMAX,189
USC00317170,2013-01-03,TMAX,61
USC00310576,2014-01-22,TMAX,183
USC00317170,2013-01-03,TMIN,39
USC00314689,2010-06-22,TMIN,244
USW00093765,2006-07-07,TMAX,250
USC00317170,2013-12-29,TMIN,78
USC00314689,2009-02-01,TMAX,144
USW00093765,2009-10-16,TMAX,156
USC00316676,2009-06-23,TMAX,289
USW00093765,2007-05-19,TMAX,206
USW00093765,2007-05-19,TMIN,106
USC00310576,2010-03-24,TMIN,72
USW00093765,2014-06-08,TMAX,272
USC00310576,2010-03-24,TMAX,189
USC00314144,2010-10-31,TMAX,233
USC00314689,2014-11-22,TMIN,-50
USR0000NCRN,2009-03-20,TMIN,56
USR0000NCRN,2009-03-20,TMAX,139
USC00314689,2009-02-01,TMIN,6
USW00093765,2008-09-27,TMAX,272
USW00093765,2008-09-27,TMIN,194
USW00093765,2011-09-11,TMIN,206
USW00093765,2009-10-16,TMIN,117
USC00317170,2007-08-30,TMIN,183
USC00310576,2014-01-22,TMIN,-22
USC00314689,2011-08-15,TMIN,183
USC00316096,2015-02-18,TMAX,61
USW00093743,2009-11-24,TMIN,133
USW00093765,2007-04-20,TMAX,183
USW00093765,2006-08-04,TMAX,317
USR0000NCRN,2015-11-29,TMAX,228
USR0000NCRN,2015-11-29,TMIN,83
USW00093765,2011-12-19,TMAX,133
USW00093765,2011-12-19,TMIN,-16
USC00316676,2011-02-26,TMAX,222
USW00093765,2007-04-20,TMIN,61
USC00316676,2005-05-07,TMAX,117
USR0000NCRN,2005-01-28,TMIN,-61
USR0000NCRN,2005-01-28,TMAX,11
USC00315830,2012-06-28,TMAX,311
USC00315830,2012-06-28,TMIN,172
USC00316096,2011-07-23,TMIN,267
USC00316096,2011-07-23,TMAX,322
USC00317170,2011-10-30,TMAX,139
USC00316676,2005-05-07,TMIN,61
USC00317170,2011-10-30,TMIN,6
USC00316676,2011-02-26,TMIN,44
USC00314684,2015-07-30,TMIN,200
USW00013754,2015-05-20,TMIN,194
USW00013754,2015-05-20,TMAX,300
USC00314684,2007-04-11,TMIN,11
USR0000NCRN,2014-07-13,TMAX,294
USW00093743,2009-10-29,TMIN,144
USC00314144,2008-05-05,TMIN,128
USC00314144,2008-05-05,TMAX,244
USW00093765,2006-08-04,TMIN,278
USR0000NHOF,2010-09-14,TMIN,122
USC00314684,2007-06-14,TMAX,272
USW00013754,2007-10-05,TMIN,228
USW00013754,2007-10-05,TMAX,278
USR0000NNWB,2010-01-12,TMIN,-28
USR0000NNWB,2010-01-12,TMAX,67
USC00310356,2011-07-15,TMIN,222
USC00314684,2015-07-30,TMAX,328
USW00093743,2009-10-29,TMAX,206
USW00013754,2011-07-03,TMAX,333
USW00093765,2012-05-04,TMAX,289
USW00093765,2012-05-04,TMIN,211
USC00314689,2006-11-12,TMAX,256
USC00310356,2009-11-24,TMIN,133
USW00093765,2012-07-07,TMIN,278
USC00314684,2013-12-19,TMAX,100
USC00314684,2013-12-19,TMIN,-22
USC00317170,2008-02-05,TMIN,128
USC00317170,2008-02-05,TMAX,256
USC00317170,2013-12-29,TMAX,200
USC00317170,2009-02-14,TMAX,133
USW00093765,2013-01-03,TMAX,67
USW00093765,2013-01-03,TMIN,28
USC00314144,2006-03-05,TMAX,156
USC00314144,2006-03-05,TMIN,-39
USW00093743,2009-11-24,TMAX,161
USW00013754,2010-01-12,TMIN,-16
USW00013754,2010-01-12,TMAX,72
USC00317170,2009-02-14,TMIN,61
USW00093765,2012-07-07,TMAX,322
USC00310356,2007-08-26,TMIN,239
USC00310356,2007-08-26,TMAX,300
USW00013754,2011-07-03,TMIN,222
USW00093765,2008-11-04,TMAX,206
USW00093765,2010-04-13,TMIN,94
USW00093765,2010-04-13,TMAX,222
USW00093765,2008-11-04,TMIN,161
USC00310356,2005-04-10,TMIN,78
USC00310356,2005-04-10,TMAX,161
USC00310356,2005-02-24,TMAX,139
USC00310356,2005-02-24,TMIN,67
USC00310356,2009-10-29,TMIN,156
USC00314689,2007-10-15,TMAX,261
USC00314689,2010-06-16,TMAX,361
USC00314689,2007-10-15,TMIN,72
USC00314689,2010-06-16,TMIN,233
USC00310356,2009-10-29,TMAX,233
USC00316676,2008-12-09,TMIN,-56
USC00310356,2009-11-24,TMAX,189
USC00314689,2010-06-22,TMAX,344
USR0000NCRN,2009-05-17,TMAX,261
USC00314684,2009-03-10,TMAX,294
USC00317170,2015-10-19,TMAX,150
USC00310576,2006-03-15,TMIN,11
USC00310576,2006-03-15,TMAX,156
USW00093743,2012-01-03,TMAX,33
USR0000NHOF,2011-07-15,TMIN,144
USR0000NCRN,2009-08-22,TMIN,272
USW00093743,2012-01-03,TMIN,-27
USR0000NNWB,2014-07-01,TMIN,194
USC00314684,2007-08-10,TMAX,372
USR0000NHOF,2015-01-24,TMIN,28
USW00093765,2007-10-29,TMAX,178
USR0000NNWB,2014-07-01,TMAX,344
USC00310356,2015-01-24,TMIN,67
USC00316676,2005-08-16,TMIN,233
USC00314684,2009-09-18,TMAX,261
USC00314684,2009-09-18,TMIN,178
USC00316676,2005-08-16,TMAX,350
USR0000NHOF,2015-01-24,TMAX,189
USW00093743,2010-10-08,TMIN,128
USR0000NCRN,2009-08-22,TMAX,306
USR0000NNWB,2013-01-05,TMAX,133
USC00316676,2010-12-25,TMIN,-39
USR0000NNWB,2013-01-05,TMIN,-28
USC00314684,2007-10-21,TMAX,272
USC00310356,2007-05-10,TMIN,100
USC00314684,2012-05-04,TMAX,344
USC00314684,2012-05-04,TMIN,167
USC00314689,2006-05-06,TMIN,150
USW00093765,2007-10-29,TMIN,94
USR0000NNWB,2005-01-10,TMAX,206
USR0000NNWB,2005-01-10,TMIN,67
USC00316096,2011-08-15,TMIN,194
USC00316096,2011-08-15,TMAX,311
USC00314689,2011-01-06,TMAX,89
USC00314684,2007-10-21,TMIN,50
USC00316676,2013-04-08,TMIN,56
USC00316676,2013-04-08,TMAX,233
USC00314689,2006-05-06,TMAX,278
USC00314144,2010-03-05,TMAX,100
USC00310576,2014-09-19,TMIN,156
USC00310356,2015-01-24,TMAX,172
USC00310576,2008-06-17,TMIN,200
USC00314684,2013-04-02,TMAX,217
USC00310576,2008-06-17,TMAX,333
USR0000NCRN,2011-01-02,TMAX,161
USC00314684,2013-04-02,TMIN,61
USC00310356,2007-07-20,TMIN,222
USC00315830,2010-11-07,TMIN,39
USC00315830,2007-05-11,TMAX,261
USC00314684,2011-04-09,TMIN,94
USC00310356,2007-07-20,TMAX,300
USR0000NCRN,2008-04-10,TMAX,367
USR0000NCRN,2008-04-10,TMIN,133
USC00315830,2005-11-03,TMIN,50
USC00316676,2012-05-08,TMIN,117
USC00315830,2005-11-03,TMAX,211
USC00310576,2012-11-14,TMIN,83
USC00314684,2011-04-09,TMAX,283
USC00310576,2014-09-19,TMAX,272
USC00310356,2005-01-19,TMIN,-67
USC00310356,2005-01-19,TMAX,-17
USW00093743,2010-10-08,TMAX,244
USR0000NCRN,2011-02-03,TMAX,133
USW00093719,2011-10-15,TMAX,261
USR0000NCRN,2011-02-03,TMIN,33
USC00314689,2010-10-01,TMIN,200
USW00013754,2012-06-05,TMAX,228
USC00316096,2014-11-22,TMIN,-39
USC00315830,2014-12-20,TMIN,28
USC00316096,2014-11-22,TMAX,150
USR0000NNWB,2014-04-23,TMAX,244
USR0000NNWB,2014-04-23,TMIN,111
USC00310576,2007-01-21,TMAX,100
USW00013754,2012-06-05,TMIN,161
USW00093719,2011-10-15,TMIN,111
USC00314689,2010-10-01,TMAX,233
USC00315830,2007-05-11,TMIN,239
USC00310576,2007-01-21,TMIN,-6
USC00316676,2010-12-25,TMAX,83
USC00314144,2010-03-05,TMIN,-50
USC00314684,2007-08-10,TMIN,228
USR0000NCRN,2015-08-22,TMIN,211
USR0000NNWB,2007-11-29,TMAX,172
USR0000NNWB,2007-11-29,TMIN,50
USR0000NCRN,2015-08-22,TMAX,311
USC00310576,2014-02-23,TMIN,33
USC00310576,2008-09-02,TMIN,139
USR0000NCRN,2008-04-22,TMAX,239
USC00316096,2012-08-31,TMAX,294
USR0000NCRN,2008-04-22,TMIN,128
USC00316676,2012-10-17,TMAX,206
USC00316676,2012-10-17,TMIN,83
USC00316096,2009-06-11,TMIN,189
USC00314684,2006-09-13,TMIN,133
USR0000NCRN,2010-05-06,TMAX,278
USC00316096,2009-06-11,TMAX,283
USC00317170,2009-08-17,TMAX,322
USC00310576,2014-02-23,TMAX,178
USC00314144,2005-02-25,TMIN,11
USC00316096,2012-08-31,TMIN,178
USC00314684,2006-09-13,TMAX,250
USC00317170,2015-10-19,TMIN,11
USR0000NNWB,2011-07-03,TMAX,356
USR0000NNWB,2011-07-03,TMIN,228
USC00310576,2015-05-17,TMAX,272
USC00310576,2015-05-17,TMIN,117
USC00317170,2009-08-17,TMIN,222
USC00314689,2013-11-17,TMAX,233
USC00310576,2008-09-02,TMAX,294
USC00314684,2014-12-07,TMAX,172
USC00314684,2014-12-07,TMIN,67
USR0000NHOF,2010-10-08,TMAX,256
USR0000NNWB,2008-06-02,TMAX,306
USR0000NNWB,2008-06-02,TMIN,178
USW00093765,2015-10-28,TMIN,206
USW00093765,2015-10-28,TMAX,250
USC00314689,2013-11-17,TMIN,106
USR0000NHOF,2010-10-08,TMIN,72
USR0000NCRN,2010-05-06,TMIN,144
USC00314144,2010-04-25,TMIN,156
USC00314144,2010-04-25,TMAX,256
USR0000NHOF,2011-07-15,TMAX,283
USW00093719,2005-05-31,TMAX,250
USW00013754,2008-03-20,TMAX,200
USR0000NHOF,2007-07-20,TMAX,322
USW00013754,2008-03-20,TMIN,56
USC00316676,2008-01-08,TMIN,61
USW00093719,2009-01-12,TMAX,83
USC00314689,2007-09-25,TMIN,128
USW00093719,2009-01-12,TMIN,22
USW00013754,2014-04-23,TMAX,239
USC00315830,2011-09-29,TMAX,283
USC00315830,2011-09-29,TMIN,239
USC00310356,2007-05-10,TMAX,250
USW00093719,2013-07-29,TMAX,311
USW00093719,2013-07-29,TMIN,228
USW00013754,2014-04-23,TMIN,89
USC00316676,2008-01-08,TMAX,228
USW00013754,2005-09-19,TMIN,228
USW00013754,2005-09-19,TMAX,300
USR0000NHOF,2007-07-20,TMIN,211
USW00093719,2005-05-31,TMIN,172
USW00093765,2015-03-04,TMAX,167
USC00310356,2012-01-03,TMAX,117
USW00093719,2006-08-29,TMAX,339
USW00093719,2006-08-29,TMIN,239
USR0000NNWB,2006-09-28,TMAX,278
USR0000NNWB,2006-09-28,TMIN,133
USC00314144,2005-02-25,TMAX,83
USW00093719,2005-12-08,TMAX,89
USW00093719,2005-12-08,TMIN,17
USW00093765,2008-12-20,TMIN,111
USW00093765,2008-12-20,TMAX,200
USC00314689,2007-09-25,TMAX,300
USC00315830,2008-06-04,TMIN,228
USC00315830,2008-06-04,TMAX,283
USC00310356,2012-01-03,TMIN,-17
USW00093765,2015-03-04,TMIN,106
USC00314684,2009-03-10,TMIN,72
USR0000NCRN,2005-02-24,TMIN,0
USR0000NHOF,2009-04-20,TMAX,250
USW00013754,2007-10-18,TMIN,189
USC00310356,2005-06-12,TMAX,272
USC00310356,2005-06-12,TMIN,222
USC00314144,2009-02-25,TMIN,-89
USC00316096,2010-04-13,TMIN,78
USW00013754,2008-06-04,TMIN,206
USR0000NCRN,2014-04-23,TMAX,239
USR0000NCRN,2014-04-23,TMIN,89
USC00310356,2007-10-05,TMAX,283
USW00013754,2008-06-04,TMAX,311
USC00310576,2008-05-05,TMIN,172
USC00310576,2008-05-05,TMAX,267
USC00316096,2010-04-13,TMAX,222
USC00316096,2015-11-14,TMIN,6
USC00314144,2009-02-25,TMAX,117
USR0000NNWB,2015-02-18,TMAX,61
USC00315830,2013-01-03,TMAX,72
USC00310356,2007-10-05,TMIN,228
USC00315830,2013-01-03,TMIN,44
USW00093719,2015-03-05,TMAX,289
USR0000NHOF,2007-12-16,TMIN,33
USR0000NCRN,2011-11-02,TMAX,178
USC00314144,2007-10-01,TMAX,261
USC00314144,2005-06-28,TMAX,306
USW00013754,2005-11-03,TMIN,44
USW00013754,2005-11-03,TMAX,206
USC00315830,2015-09-02,TMAX,294
USW00093719,2015-03-05,TMIN,11
USR0000NHOF,2007-12-16,TMAX,217
USC00316096,2013-04-09,TMIN,128
USC00315830,2015-09-02,TMIN,222
USC00316676,2011-03-20,TMAX,239
USW00093765,2014-06-29,TMAX,283
USW00093765,2014-06-29,TMIN,194
USC00316676,2011-03-20,TMIN,67
USR0000NCRN,2010-10-23,TMAX,222
USR0000NCRN,2010-10-23,TMIN,22
USC00316096,2013-04-09,TMAX,239
USR0000NCRN,2011-11-02,TMIN,28
USC00316096,2015-11-14,TMAX,144
USR0000NHOF,2012-07-09,TMIN,233
USR0000NHOF,2008-07-08,TMAX,300
USC00310576,2009-10-29,TMAX,283
USC00316096,2014-02-18,TMIN,22
USR0000NNWB,2005-02-11,TMIN,-11
USR0000NNWB,2005-02-11,TMAX,89
USW00013754,2007-02-23,TMIN,-10
USR0000NCRN,2011-09-30,TMAX,283
USC00316676,2006-03-04,TMIN,-22
USC00310356,2012-05-04,TMAX,250
USC00316096,2012-01-11,TMIN,50
USW00013754,2007-02-23,TMAX,122
USC00316676,2009-06-22,TMAX,339
USR0000NNWB,2010-05-18,TMIN,167
USR0000NNWB,2010-05-18,TMAX,217
USR0000NHOF,2007-03-20,TMAX,239
USC00314689,2007-04-20,TMIN,67
USC00310356,2012-05-04,TMIN,200
USR0000NNWB,2015-02-18,TMIN,-50
USC00317170,2015-04-24,TMIN,56
USC00315830,2007-11-06,TMAX,228
USR0000NHOF,2012-07-09,TMAX,350
USW00093765,2013-07-28,TMAX,294
USR0000NNWB,2012-10-21,TMIN,78
USW00093765,2013-07-28,TMIN,239
USC00317170,2015-04-24,TMAX,206
USC00314689,2011-07-23,TMIN,261
USC00317170,2014-09-13,TMAX,311
USC00310356,2007-09-08,TMIN,211
USR0000NNWB,2012-10-21,TMAX,228
USC00314689,2011-07-23,TMAX,361
USC00317170,2014-09-13,TMIN,217
USW00093719,2009-12-01,TMAX,128
USC00316096,2014-02-18,TMAX,194
USC00310356,2007-09-08,TMAX,306
USR0000NCRN,2011-09-30,TMIN,161
USC00316676,2006-03-04,TMAX,139
USC00310576,2009-10-29,TMIN,111
USW00093743,2012-05-04,TMAX,283
USW00093765,2012-08-12,TMIN,244
USC00315830,2006-09-14,TMAX,267
USW00013754,2005-11-15,TMAX,228
USW00093719,2011-04-03,TMAX,211
USR0000NHOF,2011-04-24,TMAX,283
USW00013754,2013-11-01,TMAX,250
USC00314689,2009-10-16,TMIN,106
USC00314689,2009-10-16,TMAX,144
USW00093719,2011-12-19,TMAX,156
USW00093719,2011-04-03,TMIN,28
USC00314684,2008-01-06,TMIN,39
USC00317170,2014-07-01,TMIN,200
USW00013754,2015-02-18,TMAX,67
USW00013754,2005-09-22,TMIN,211
USW00013754,2015-02-18,TMIN,-32
USR0000NCRN,2010-09-14,TMAX,322
USR0000NCRN,2010-09-14,TMIN,144
USW00093719,2011-12-19,TMIN,-39
USC00314684,2008-01-06,TMAX,133
USC00315830,2009-02-15,TMIN,44
USR0000NCRN,2005-09-19,TMIN,228
USC00316676,2006-11-21,TMIN,50
USC00316676,2006-11-21,TMAX,133
USW00013754,2005-11-15,TMIN,150
USC00310356,2008-01-23,TMAX,144
USW00093765,2006-09-13,TMAX,261
USW00093765,2006-09-13,TMIN,161
USW00093719,2008-03-02,TMAX,144
USW00093719,2008-03-02,TMIN,22
USC00314144,2010-11-07,TMIN,-22
USC00316676,2006-08-02,TMIN,244
USC00314689,2014-06-08,TMAX,294
USC00314144,2010-11-07,TMAX,117
USW00093765,2014-09-13,TMAX,294
USW00093765,2011-09-17,TMAX,222
USW00093765,2014-09-13,TMIN,233
USW00093765,2014-12-07,TMIN,67
USR0000NCRN,2005-09-19,TMAX,300
USC00314689,2014-06-08,TMIN,161
USW00093765,2012-08-12,TMAX,289
USW00013754,2005-09-22,TMAX,289
USC00315830,2009-02-15,TMAX,122
USW00093765,2015-07-30,TMAX,306
USR0000NCRN,2015-07-09,TMIN,244
USW00093765,2011-10-16,TMAX,233
USC00316676,2012-01-13,TMAX,167
USW00093765,2015-07-30,TMIN,250
USC00316676,2012-01-13,TMIN,33
USC00316676,2010-01-12,TMIN,-83
USR0000NCRN,2015-07-09,TMAX,328
USC00316676,2010-01-12,TMAX,89
USW00013754,2013-08-06,TMAX,294
USC00314144,2007-10-01,TMIN,156
USC00314144,2005-06-28,TMIN,217
USC00314144,2006-04-04,TMAX,294
USC00314144,2006-04-04,TMIN,72
USC00314689,2013-04-09,TMIN,139
USC00314689,2013-04-09,TMAX,289
USW00013754,2013-08-06,TMIN,178
USW00013754,2013-11-01,TMIN,194
USC00314144,2009-02-20,TMAX,67
USW00093765,2011-10-16,TMIN,128
USW00093719,2013-07-28,TMAX,322
USC00317170,2014-07-01,TMAX,328
USW00093719,2013-07-28,TMIN,228
USW00093765,2011-09-17,TMIN,183
USW00093719,2006-01-11,TMAX,222
USC00314144,2009-02-20,TMIN,-78
USW00093765,2009-03-04,TMAX,72
USC00315830,2006-09-14,TMIN,200
USR0000NNWB,2009-01-01,TMIN,-44
USC00314144,2007-09-12,TMIN,211
USW00093765,2009-03-04,TMIN,-55
USC00314144,2007-09-12,TMAX,267
USW00093719,2006-01-11,TMIN,89
USR0000NHOF,2011-04-24,TMIN,183
USC00310576,2013-04-02,TMAX,217
USC00310576,2013-04-02,TMIN,67
USR0000NNWB,2009-01-01,TMAX,56
USW00093743,2012-05-04,TMIN,189
USR0000NHOF,2007-03-20,TMIN,83
USW00093765,2013-09-22,TMAX,256
USC00310576,2010-10-07,TMIN,72
USC00316676,2010-03-22,TMAX,233
USC00316676,2010-03-22,TMIN,83
USC00310576,2013-02-18,TMIN,-39
USC00314684,2007-08-30,TMAX,322
USW00013754,2015-07-12,TMIN,222
USW00093765,2009-01-25,TMAX,56
USC00317170,2009-10-14,TMAX,178
USW00093765,2013-09-26,TMIN,167
USW00093743,2008-11-23,TMAX,100
USW00093743,2008-11-23,TMIN,-21
USC00317170,2009-10-14,TMIN,122
USC00310576,2005-06-04,TMIN,211
USW00093719,2009-02-14,TMAX,133
USW00013754,2015-07-12,TMAX,311
USW00093719,2009-02-14,TMIN,44
USW00093765,2013-09-26,TMAX,250
USW00093719,2014-06-01,TMIN,128
USC00315830,2007-11-06,TMIN,111
USW00013754,2011-10-30,TMAX,150
USC00310576,2010-10-07,TMAX,200
USW00013754,2012-10-21,TMIN,89
USC00310356,2015-12-13,TMAX,183
USW00013754,2012-10-21,TMAX,217
USW00013754,2010-05-18,TMIN,161
USC00314684,2005-05-07,TMAX,111
USW00013754,2010-05-18,TMAX,256
USC00314684,2007-08-30,TMIN,161
USC00314684,2005-05-07,TMIN,56
USW00093719,2007-01-21,TMAX,61
USC00316096,2014-02-23,TMIN,22
USW00093765,2009-01-25,TMIN,22
USC00316096,2014-02-23,TMAX,183
USC00310356,2015-12-13,TMIN,133
USC00310576,2005-06-04,TMAX,267
USC00310576,2013-02-18,TMAX,50
USW00093719,2007-01-21,TMIN,-44
USC00316096,2009-10-16,TMAX,150
USC00310576,2006-07-07,TMAX,250
USC00314684,2010-07-07,TMIN,189
USC00315830,2009-08-05,TMIN,256
USC00316096,2014-06-08,TMIN,139
USC00310356,2007-12-16,TMAX,200
USR0000NHOF,2011-03-21,TMIN,89
USC00316096,2014-06-08,TMAX,272
USW00093719,2005-08-15,TMAX,350
USR0000NHOF,2007-09-08,TMAX,300
USC00310356,2015-07-09,TMIN,256
USR0000NHOF,2011-03-21,TMAX,233
USW00093765,2012-11-12,TMIN,106
USW00093719,2015-09-25,TMAX,239
USC00314144,2010-01-09,TMAX,11
USR0000NHOF,2007-09-08,TMIN,117
USW00093719,2005-08-15,TMIN,239
USR0000NHOF,2005-06-12,TMAX,283
USC00314144,2010-01-09,TMIN,-94
USC00317170,2012-02-21,TMIN,-11
USC00317170,2012-08-12,TMAX,267
USC00310356,2007-12-16,TMIN,100
USC00310356,2015-07-09,TMAX,289
USC00314689,2014-02-18,TMAX,183
USC00310576,2006-07-07,TMIN,200
USW00013754,2011-10-30,TMIN,50
USC00314689,2014-02-18,TMIN,6
USC00317170,2012-08-12,TMIN,211
USC00314144,2008-07-24,TMIN,189
USW00093719,2014-06-01,TMAX,256
USC00317170,2013-04-09,TMAX,300
USW00093743,2013-12-21,TMIN,111
USC00316676,2011-06-01,TMAX,361
USW00093765,2012-11-12,TMAX,239
USC00314144,2008-07-24,TMAX,289
USC00314684,2010-07-07,TMAX,339
USC00315830,2009-08-05,TMAX,300
USR0000NHOF,2015-12-13,TMAX,261
USC00317170,2013-04-09,TMIN,133
USC00316676,2011-06-01,TMIN,200
USR0000NCRN,2014-01-20,TMIN,44
USR0000NCRN,2014-01-20,TMAX,144
USC00317170,2013-09-26,TMAX,256
USC00310356,2014-11-20,TMIN,-17
USW00093743,2012-07-09,TMIN,272
USW00093743,2012-07-09,TMAX,328
USW00093719,2009-12-01,TMIN,33
USC00314684,2012-06-07,TMIN,106
USC00314684,2012-06-07,TMAX,239
USC00317170,2013-07-28,TMAX,300
USC00310356,2014-11-20,TMAX,89
USC00317170,2013-07-28,TMIN,211
USR0000NNWB,2015-07-12,TMAX,311
USC00316676,2014-11-22,TMIN,-11
USW00093765,2009-10-14,TMAX,178
USW00093765,2009-10-14,TMIN,128
USR0000NHOF,2014-11-20,TMAX,172
USR0000NHOF,2014-11-20,TMIN,-17
USW00093743,2007-09-08,TMAX,306
USR0000NHOF,2008-07-08,TMIN,189
USC00316676,2014-11-22,TMAX,122
USR0000NNWB,2015-07-12,TMIN,228
USC00317170,2009-12-17,TMIN,0
USR0000NCRN,2010-04-25,TMIN,172
USR0000NCRN,2010-04-25,TMAX,228
USC00314684,2013-04-09,TMIN,94
USC00314684,2013-04-09,TMAX,267
USC00314684,2011-09-01,TMAX,294
USC00314684,2011-09-01,TMIN,128
USC00316676,2014-08-07,TMAX,311
USC00314689,2007-04-20,TMAX,194
USR0000NHOF,2012-05-04,TMAX,300
USW00093765,2013-09-22,TMIN,200
USR0000NHOF,2012-05-04,TMIN,167
USR0000NCRN,2005-08-17,TMIN,233
USR0000NCRN,2005-08-17,TMAX,317
USC00316676,2009-06-22,TMIN,183
USC00314684,2011-09-11,TMIN,161
USC00317170,2009-12-17,TMAX,94
USC00316676,2014-08-07,TMIN,200
USC00315830,2005-10-11,TMAX,283
USW00093743,2007-09-08,TMIN,194
USC00315830,2005-10-11,TMIN,217
USW00093743,2007-12-16,TMIN,50
USW00093743,2007-12-16,TMAX,200
USW00093719,2015-12-15,TMAX,233
USR0000NNWB,2010-08-01,TMIN,194
USR0000NNWB,2010-08-01,TMAX,289
USC00316096,2009-10-16,TMIN,106
USC00316096,2012-01-11,TMAX,167
USR0000NCRN,2008-08-13,TMAX,228
USC00310576,2009-03-20,TMIN,72
USC00310356,2008-11-23,TMAX,106
USC00310356,2008-11-23,TMIN,-22
USR0000NCRN,2009-09-01,TMAX,256
USC00314689,2014-02-23,TMIN,11
USC00314689,2014-02-23,TMAX,178
USC00317170,2012-02-21,TMAX,161
USC00317170,2013-09-26,TMIN,156
USC00310576,2009-03-20,TMAX,233
USC00310576,2008-02-22,TMAX,83
USC00310576,2008-02-22,TMIN,33
USW00093719,2015-12-15,TMIN,83
USW00093765,2009-03-10,TMAX,178
USC00314684,2011-09-11,TMAX,317
USW00093765,2009-03-10,TMIN,94
USC00315830,2007-11-13,TMAX,200
USC00315830,2007-11-13,TMIN,122
USC00310356,2012-07-09,TMIN,272
USR0000NCRN,2005-11-27,TMAX,228
USC00310576,2010-03-05,TMIN,17
USC00310576,2010-03-05,TMAX,128
USC00310356,2012-07-09,TMAX,306
USR0000NCRN,2005-11-27,TMIN,56
USR0000NCRN,2008-08-13,TMIN,178
USR0000NCRN,2009-09-01,TMIN,228
USW00093719,2007-01-18,TMAX,61
USC00317170,2007-06-24,TMAX,317
USC00317170,2007-06-24,TMIN,172
USW00093719,2007-01-18,TMIN,6
USC00310356,2008-01-23,TMIN,28
USC00316676,2015-05-20,TMAX,311
USC00316676,2015-05-20,TMIN,189
USW00093765,2014-12-07,TMAX,161
USW00093719,2008-11-04,TMIN,156
USC00316676,2013-04-09,TMIN,106
USC00316676,2013-04-09,TMAX,261
USC00310356,2015-11-30,TMIN,133
USC00310356,2015-11-30,TMAX,189
USW00093765,2013-02-21,TMIN,6
USC00315830,2005-04-10,TMIN,72
USR0000NHOF,2008-09-02,TMIN,106
USC00315830,2005-04-10,TMAX,211
USC00314684,2014-04-26,TMAX,267
USC00310576,2011-03-17,TMAX,206
USC00310576,2011-03-17,TMIN,72
USW00093765,2013-02-21,TMAX,122
USR0000NHOF,2014-09-20,TMIN,156
USR0000NHOF,2014-09-20,TMAX,256
USC00314689,2005-02-10,TMAX,178
USC00314684,2014-04-26,TMIN,128
USC00314689,2012-07-26,TMIN,239
USC00316096,2015-02-20,TMAX,-28
USR0000NHOF,2008-09-02,TMAX,294
USC00314689,2013-09-26,TMAX,250
USC00314689,2006-10-14,TMIN,39
USC00314689,2006-10-14,TMAX,167
USC00314684,2007-09-17,TMIN,111
USW00093765,2005-05-07,TMAX,217
USW00093765,2005-05-07,TMIN,78
USR0000NNWB,2014-05-17,TMAX,228
USC00314684,2007-09-17,TMAX,289
USR0000NCRN,2009-05-08,TMIN,222
USC00310576,2008-09-28,TMIN,189
USR0000NHOF,2005-10-27,TMAX,172
USC00314684,2008-09-12,TMIN,211
USC00314684,2008-09-12,TMAX,294
USR0000NHOF,2005-10-27,TMIN,11
USC00316096,2015-02-20,TMIN,-117
USW00093719,2008-11-04,TMAX,189
USR0000NCRN,2009-05-08,TMAX,261
USC00315830,2015-01-24,TMAX,183
USC00314689,2005-02-10,TMIN,106
USC00314689,2012-07-26,TMAX,344
USC00314144,2008-08-08,TMIN,178
USC00314144,2008-08-08,TMAX,317
USC00316676,2014-02-23,TMIN,28
USR0000NCRN,2012-01-03,TMIN,-28
USR0000NCRN,2011-07-15,TMAX,283
USC00316676,2014-02-23,TMAX,183
USC00316096,2013-09-26,TMIN,150
USR0000NNWB,2008-09-27,TMIN,183
USC00316096,2013-09-26,TMAX,250
USR0000NNWB,2007-01-18,TMAX,56
USR0000NHOF,2009-09-20,TMAX,267
USW00093743,2012-12-10,TMAX,194
USR0000NNWB,2007-01-18,TMIN,6
USR0000NCRN,2011-07-15,TMIN,183
USW00093719,2014-06-07,TMAX,300
USR0000NCRN,2008-11-11,TMIN,0
USR0000NHOF,2009-09-20,TMIN,139
USC00314144,2005-09-19,TMAX,317
USR0000NNWB,2008-09-27,TMAX,294
USR0000NCRN,2012-01-03,TMAX,33
USC00314144,2005-09-19,TMIN,217
USC00314689,2015-11-14,TMIN,44
USC00314689,2015-11-14,TMAX,194
USC00315830,2014-01-22,TMIN,-50
USC00310576,2008-09-28,TMAX,289
USW00093719,2009-10-14,TMAX,167
USC00310356,2005-01-28,TMIN,-56
USW00093743,2012-12-10,TMIN,161
USC00310356,2014-09-20,TMIN,206
USW00093719,2013-11-17,TMAX,250
USW00093719,2009-10-14,TMIN,117
USR0000NHOF,2011-11-02,TMIN,0
USC00310356,2014-09-20,TMAX,256
USC00310356,2005-01-28,TMAX,50
USR0000NHOF,2011-11-02,TMAX,183
USW00093719,2013-11-17,TMIN,111
USC00315830,2014-01-22,TMAX,156
USC00315830,2015-01-24,TMIN,78
USC00314689,2013-09-26,TMIN,111
USC00314144,2009-06-24,TMAX,317
USW00093719,2013-09-22,TMAX,233
USW00093719,2013-09-22,TMIN,200
USW00093719,2014-09-13,TMAX,317
USW00093719,2011-06-10,TMIN,200
USW00093719,2007-09-21,TMIN,211
USR0000NCRN,2015-01-04,TMIN,172
USC00314689,2009-06-09,TMIN,217
USW00093719,2007-09-21,TMAX,272
USC00314684,2009-06-05,TMIN,206
USW00093765,2013-08-06,TMIN,189
USW00013754,2012-11-14,TMAX,122
USW00093765,2013-08-06,TMAX,289
USR0000NNWB,2008-10-26,TMAX,222
USC00310576,2012-01-28,TMIN,28
USC00310356,2012-09-01,TMIN,256
USC00310356,2012-09-01,TMAX,294
USW00093719,2011-06-10,TMAX,339
USW00093719,2014-09-13,TMIN,233
USR0000NHOF,2012-08-29,TMIN,222
USW00013754,2012-11-14,TMIN,78
USC00310576,2015-08-01,TMIN,222
USC00317170,2015-12-15,TMIN,150
USC00310576,2015-08-01,TMAX,317
USC00317170,2015-12-15,TMAX,228
USR0000NHOF,2015-11-30,TMAX,167
USR0000NHOF,2013-04-02,TMIN,33
USC00315830,2006-09-28,TMAX,256
USC00315830,2010-09-20,TMAX,306
USC00316676,2010-06-24,TMAX,356
USC00310576,2008-06-02,TMIN,194
USC00316676,2009-08-22,TMIN,228
USC00316676,2009-08-22,TMAX,317
USW00013754,2005-07-21,TMIN,239
USC00315830,2006-09-28,TMIN,133
USC00316676,2010-06-24,TMIN,233
USR0000NHOF,2012-08-29,TMAX,294
USC00310576,2008-06-02,TMAX,339
USW00093719,2007-10-05,TMIN,217
USC00314684,2009-06-05,TMAX,311
USW00013754,2007-01-18,TMAX,78
USC00315830,2011-12-07,TMIN,111
USC00314684,2008-01-22,TMAX,39
USC00314684,2008-01-22,TMIN,-67
USC00315830,2011-12-07,TMAX,222
USC00315830,2010-09-20,TMIN,178
USC00316096,2010-09-04,TMAX,300
USC00316096,2010-09-04,TMIN,194
USC00315830,2013-07-28,TMIN,239
USC00314684,2010-04-12,TMAX,228
USC00314684,2013-01-05,TMIN,-39
USR0000NHOF,2009-05-06,TMIN,206
USR0000NCRN,2006-07-07,TMAX,256
USR0000NCRN,2006-07-07,TMIN,183
USC00314144,2009-06-24,TMIN,156
USR0000NNWB,2014-05-17,TMIN,117
USC00314684,2013-01-05,TMAX,100
USC00314684,2010-04-12,TMIN,39
USC00315830,2013-07-28,TMAX,300
USR0000NHOF,2012-12-10,TMAX,228
USR0000NHOF,2012-12-10,TMIN,150
USC00314689,2009-06-09,TMAX,322
USW00093719,2005-05-22,TMIN,94
USW00093719,2005-05-22,TMAX,256
USC00314144,2010-10-23,TMAX,228
USC00314144,2010-10-23,TMIN,0
USW00013754,2007-01-18,TMIN,22
USC00314689,2008-10-10,TMAX,256
USC00310576,2012-01-28,TMAX,211
USW00093719,2012-07-31,TMIN,222
USW00093719,2007-10-05,TMAX,294
USC00310576,2015-08-22,TMIN,211
USC00310576,2015-08-22,TMAX,322
USC00314689,2008-10-10,TMIN,194
USW00093719,2012-02-23,TMAX,256
USR0000NHOF,2009-05-06,TMAX,267
USC00314684,2008-12-18,TMIN,89
USC00314684,2008-12-18,TMAX,206
USR0000NCRN,2008-11-11,TMAX,156
USW00093719,2015-09-25,TMIN,206
USC00310356,2011-11-02,TMIN,89
USC00314144,2009-05-17,TMAX,250
USR0000NHOF,2006-07-07,TMAX,244
USW00093719,2013-08-06,TMIN,189
USW00013754,2015-09-27,TMIN,228
USR0000NHOF,2006-07-07,TMIN,133
USW00093719,2013-08-06,TMAX,300
USW00013754,2015-09-27,TMAX,256
USR0000NNWB,2008-07-08,TMAX,317
USR0000NCRN,2006-11-11,TMIN,117
USR0000NHOF,2015-08-21,TMAX,350
USR0000NHOF,2015-08-21,TMIN,217
USW00093719,2015-03-04,TMIN,106
USW00013754,2005-07-21,TMAX,317
USW00093765,2008-08-16,TMIN,217
USR0000NCRN,2008-02-13,TMAX,200
USR0000NCRN,2008-02-13,TMIN,94
USW00013754,2013-07-28,TMAX,311
USC00314684,2014-02-18,TMIN,-6
USW00013754,2013-07-28,TMIN,222
USC00316676,2005-05-09,TMAX,244
USR0000NCRN,2006-11-11,TMAX,256
USC00310356,2009-09-20,TMIN,206
USW00093765,2008-08-16,TMAX,289
USC00310356,2009-09-20,TMAX,294
USC00315830,2012-10-17,TMAX,206
USC00315830,2012-10-17,TMIN,100
USC00314689,2010-04-13,TMIN,89
USC00314689,2010-04-13,TMAX,267
USC00316676,2005-05-09,TMIN,89
USR0000NCRN,2007-02-17,TMAX,89
USC00310356,2006-07-07,TMIN,156
USW00093719,2015-03-04,TMAX,278
USC00314684,2014-02-18,TMAX,72
USC00315830,2008-03-20,TMAX,217
USC00315830,2008-03-20,TMIN,133
USR0000NCRN,2015-10-28,TMAX,250
USR0000NCRN,2015-10-28,TMIN,200
USC00310356,2006-07-07,TMAX,256
USC00315830,2005-03-28,TMIN,156
USW00093719,2010-06-22,TMAX,350
USW00093765,2007-01-21,TMIN,-27
USW00093743,2008-07-08,TMAX,256
USC00314684,2009-02-19,TMAX,150
USW00093743,2008-07-08,TMIN,211
USR0000NCRN,2012-05-04,TMAX,300
USR0000NCRN,2012-05-04,TMIN,178
USW00093765,2011-12-20,TMIN,111
USC00314684,2009-02-19,TMIN,33
USC00316676,2014-12-08,TMIN,61
USC00316676,2014-12-08,TMAX,100
USW00093719,2010-08-01,TMIN,200
USW00093719,2010-08-01,TMAX,283
USC00316096,2011-05-20,TMIN,156
USC00316096,2012-06-07,TMIN,122
USC00316096,2011-05-20,TMAX,267
USC00316096,2012-06-07,TMAX,256
USC00316676,2006-08-02,TMAX,344
USW00093765,2011-12-20,TMAX,194
USW00093719,2010-06-22,TMIN,239
USC00310576,2005-07-23,TMAX,317
USC00310356,2007-03-20,TMIN,0
USW00093765,2007-01-21,TMAX,150
USC00317170,2010-08-30,TMAX,344
USC00314684,2013-09-26,TMIN,100
USR0000NNWB,2008-06-04,TMIN,200
USW00093765,2009-12-17,TMAX,94
USR0000NNWB,2008-06-04,TMAX,344
USR0000NCRN,2012-09-01,TMIN,239
USC00310576,2005-07-23,TMIN,233
USR0000NCRN,2012-09-01,TMAX,322
USW00093765,2009-12-17,TMIN,6
USC00314684,2015-01-13,TMAX,161
USC00314684,2015-01-13,TMIN,61
USC00317170,2010-08-30,TMIN,172
USR0000NCRN,2014-09-20,TMIN,206
USR0000NCRN,2014-09-20,TMAX,244
USC00310356,2007-03-20,TMAX,106
USC00314684,2013-09-26,TMAX,228
USC00315830,2005-03-28,TMAX,200
USR0000NNWB,2008-07-08,TMIN,222
USC00314689,2012-06-07,TMAX,261
USC00310576,2005-01-25,TMAX,78
USR0000NNWB,2015-09-27,TMAX,267
USC00310576,2005-01-25,TMIN,-39
USC00315830,2006-05-02,TMAX,217
USW00093719,2014-06-07,TMIN,183
USC00315830,2006-05-02,TMIN,83
USW00013754,2014-05-17,TMIN,122
USC00314689,2007-07-30,TMIN,211
USW00013754,2014-05-17,TMAX,228
USC00310356,2015-08-21,TMAX,289
USW00093765,2015-12-15,TMIN,111
USW00093765,2015-12-15,TMAX,222
USC00310356,2015-08-21,TMIN,239
USR0000NHOF,2013-02-18,TMAX,100
USR0000NHOF,2013-02-18,TMIN,-89
USC00316676,2011-12-29,TMAX,133
USC00315830,2012-06-05,TMAX,283
USC00316676,2010-03-01,TMAX,122
USC00314689,2007-07-30,TMAX,294
USC00310356,2008-07-08,TMAX,289
USC00314144,2009-05-17,TMIN,111
USC00315830,2013-11-20,TMIN,83
USC00314144,2005-10-13,TMIN,211
USC00315830,2013-11-20,TMAX,161
USW00093719,2010-05-18,TMIN,167
USW00093719,2010-05-18,TMAX,228
USC00314144,2005-10-13,TMAX,278
USR0000NNWB,2015-09-27,TMIN,217
USW00093719,2015-07-12,TMIN,233
USC00316676,2007-03-20,TMIN,-22
USC00315830,2008-01-20,TMIN,0
USC00310356,2013-02-18,TMIN,-22
USC00316676,2007-03-20,TMAX,161
USW00093743,2013-02-18,TMAX,94
USC00315830,2008-01-20,TMAX,67
USW00093743,2013-02-18,TMIN,-49
USC00310356,2013-02-18,TMAX,33
USR0000NCRN,2014-11-20,TMAX,144
USC00316676,2010-03-01,TMIN,-17
USC00310356,2012-12-10,TMIN,122
USC00310356,2011-04-24,TMIN,194
USW00093743,2008-01-23,TMIN,61
USW00093743,2008-01-23,TMAX,300
USC00314689,2009-02-04,TMAX,67
USW00093765,2015-04-24,TMAX,200
USW00093765,2015-04-24,TMIN,94
USC00314689,2009-02-04,TMIN,-22
USC00310356,2011-04-24,TMAX,222
USW00093743,2011-04-24,TMAX,250
USC00316676,2005-07-17,TMAX,328
USC00314684,2010-12-17,TMAX,78
USW00093743,2011-04-24,TMIN,189
USW00093719,2005-02-01,TMIN,-6
USR0000NNWB,2012-07-07,TMAX,372
USR0000NNWB,2012-07-07,TMIN,256
USC00314689,2012-06-07,TMIN,117
USC00316676,2005-07-17,TMIN,239
USC00314684,2010-12-17,TMIN,-28
USC00310576,2012-05-09,TMAX,261
USW00093765,2012-03-09,TMIN,50
USC00310356,2012-12-10,TMAX,206
USR0000NCRN,2014-11-20,TMIN,17
USC00310356,2008-07-08,TMIN,239
USW00093719,2005-02-01,TMAX,78
USW00093719,2015-07-12,TMAX,306
USR0000NNWB,2006-01-11,TMAX,217
USR0000NNWB,2006-01-11,TMIN,83
USR0000NCRN,2008-07-24,TMIN,228
USW00093719,2012-10-21,TMIN,83
USW00093719,2012-10-21,TMAX,217
USR0000NCRN,2008-07-24,TMAX,289
USC00314689,2005-01-11,TMIN,50
USC00314689,2005-01-11,TMAX,194
USC00315830,2012-06-05,TMIN,172
USW00093765,2012-03-09,TMAX,183
USC00316676,2011-12-29,TMIN,-28
USC00310576,2012-05-09,TMIN,111
USC00310356,2011-11-02,TMAX,161
USC00314144,2005-04-10,TMIN,22
USC00314684,2013-07-28,TMAX,317
USR0000NHOF,2005-06-12,TMIN,167
USC00314684,2009-12-17,TMAX,72
USC00314684,2009-12-17,TMIN,-44
USR0000NNWB,2010-07-03,TMIN,144
USC00314684,2015-04-24,TMAX,206
USR0000NNWB,2010-07-03,TMAX,289
USC00315830,2008-06-02,TMAX,278
USC00315830,2008-06-02,TMIN,206
USC00316096,2010-04-12,TMIN,61
USC00314144,2009-09-20,TMIN,139
USW00013754,2005-03-16,TMAX,89
USW00093765,2013-12-29,TMAX,194
USC00310356,2014-07-13,TMIN,233
USC00314689,2007-10-02,TMAX,278
USC00314689,2007-10-02,TMIN,178
USW00093765,2013-12-29,TMIN,117
USC00310356,2014-07-13,TMAX,300
USC00314144,2009-09-20,TMAX,267
USW00013754,2005-03-16,TMIN,17
USC00314684,2005-01-19,TMAX,-11
USC00316096,2010-04-12,TMAX,222
USR0000NNWB,2006-05-02,TMIN,67
USC00316096,2015-05-20,TMIN,189
USW00093719,2007-12-04,TMIN,17
USR0000NNWB,2013-02-21,TMIN,-22
USC00310576,2014-04-23,TMAX,261
USR0000NCRN,2008-03-07,TMAX,206
USR0000NCRN,2008-03-07,TMIN,100
USR0000NHOF,2010-11-28,TMAX,122
USC00316096,2015-05-20,TMAX,300
USC00310576,2014-04-23,TMIN,61
USR0000NHOF,2010-11-28,TMIN,-33
USW00093743,2008-11-10,TMAX,178
USW00093743,2008-11-10,TMIN,56
USC00314684,2005-01-19,TMIN,-111
USC00316676,2012-02-11,TMIN,-22
USR0000NNWB,2013-02-21,TMAX,133
USC00316676,2012-02-11,TMAX,128
USW00093719,2007-12-04,TMAX,100
USC00314689,2011-05-16,TMAX,267
USC00310356,2011-12-05,TMIN,94
USR0000NCRN,2010-03-02,TMAX,83
USR0000NCRN,2010-03-02,TMIN,-22
USC00317170,2009-09-18,TMAX,267
USC00317170,2007-10-11,TMIN,172
USC00314689,2008-07-10,TMIN,217
USC00314689,2008-07-10,TMAX,306
USC00314689,2006-08-04,TMIN,261
USC00314684,2009-10-16,TMAX,150
USC00314689,2006-08-04,TMAX,372
USC00314689,2014-09-19,TMIN,156
USC00314689,2014-09-19,TMAX,272
USR0000NHOF,2011-12-05,TMIN,128
USC00317170,2012-11-12,TMAX,256
USR0000NNWB,2009-08-06,TMIN,222
USR0000NNWB,2009-08-06,TMAX,317
USC00317170,2009-09-18,TMIN,183
USR0000NHOF,2011-12-05,TMAX,222
USC00310356,2011-12-05,TMAX,189
USC00315830,2010-07-07,TMAX,361
USW00013754,2008-10-19,TMIN,94
USC00317170,2007-10-11,TMAX,244
USC00310576,2015-07-09,TMAX,328
USC00314689,2014-09-13,TMAX,300
USC00314689,2014-09-13,TMIN,211
USR0000NHOF,2011-04-03,TMAX,206
USC00310576,2015-07-09,TMIN,244
USR0000NCRN,2010-10-31,TMIN,83
USR0000NHOF,2011-04-03,TMIN,-22
USC00310576,2014-11-20,TMAX,89
USC00314684,2009-10-16,TMIN,100
USR0000NCRN,2010-10-31,TMAX,239
USW00093743,2009-04-20,TMAX,217
USC00314689,2010-01-12,TMIN,-6
USC00314689,2010-01-12,TMAX,72
USC00314684,2015-04-24,TMIN,50
USW00013754,2008-10-19,TMAX,167
USC00310576,2014-11-20,TMIN,-28
USR0000NCRN,2015-05-17,TMAX,261
USR0000NHOF,2007-12-25,TMIN,-17
USC00315830,2007-08-23,TMAX,311
USC00314689,2008-02-26,TMAX,200
USC00314689,2008-02-26,TMIN,67
USC00314684,2010-04-13,TMIN,61
USC00314684,2010-04-13,TMAX,250
USC00315830,2009-12-19,TMAX,156
USC00310576,2007-07-20,TMAX,339
USW00093765,2013-01-05,TMIN,-21
USR0000NCRN,2012-07-09,TMAX,328
USC00314684,2014-06-08,TMIN,144
USW00093719,2011-05-06,TMIN,67
USC00315830,2007-12-11,TMAX,233
USC00310356,2008-11-10,TMAX,244
USC00310356,2008-11-10,TMIN,89
USC00315830,2007-12-11,TMIN,128
USC00314689,2011-09-01,TMAX,283
USC00314689,2011-09-01,TMIN,144
USC00314684,2014-06-08,TMAX,283
USR0000NHOF,2014-07-13,TMIN,189
USW00093743,2013-01-19,TMAX,156
USW00093743,2011-04-03,TMAX,194
USC00317170,2013-11-17,TMAX,244
USC00315830,2011-07-03,TMIN,250
USC00315830,2009-12-19,TMIN,33
USC00317170,2009-03-10,TMAX,200
USC00317170,2009-03-10,TMIN,78
USC00310356,2011-03-21,TMIN,106
USC00316096,2015-01-13,TMAX,144
USC00310576,2012-08-29,TMIN,217
USC00317170,2013-11-17,TMIN,117
USW00013754,2005-05-22,TMAX,244
USR0000NNWB,2010-06-08,TMAX,306
USC00310576,2012-08-29,TMAX,283
USR0000NNWB,2010-06-08,TMIN,183
USC00316096,2015-01-13,TMIN,28
USC00310356,2011-03-21,TMAX,167
USR0000NCRN,2012-07-09,TMIN,272
USW00013754,2005-05-22,TMIN,94
USR0000NHOF,2007-12-25,TMAX,133
USR0000NHOF,2014-07-13,TMAX,339
USC00310356,2015-08-01,TMIN,228
USC00314689,2007-06-14,TMIN,156
USW00093719,2011-06-15,TMIN,150
USC00314689,2008-07-15,TMAX,317
USW00093743,2011-04-03,TMIN,22
USW00093719,2011-05-06,TMAX,244
USC00314689,2008-07-15,TMIN,222
USW00093719,2011-06-15,TMAX,294
USW00013754,2015-03-05,TMAX,256
USR0000NNWB,2006-05-02,TMAX,250
USC00310356,2013-01-19,TMIN,28
USC00310356,2013-01-19,TMAX,89
USC00315830,2007-08-23,TMIN,222
USC00314684,2007-04-20,TMIN,50
USC00314684,2007-04-20,TMAX,172
USC00314684,2007-11-16,TMIN,22
USC00314684,2007-11-16,TMAX,189
USC00314689,2007-06-14,TMAX,283
USC00310356,2007-02-17,TMAX,83
USW00093765,2012-06-07,TMAX,267
USW00093765,2012-06-07,TMIN,150
USC00310356,2015-08-01,TMAX,322
USC00314684,2008-12-09,TMAX,94
USC00314684,2008-12-09,TMIN,-61
USC00316676,2014-05-15,TMAX,294
USW00093765,2013-01-05,TMAX,106
USC00310356,2007-02-17,TMIN,-78
USC00310576,2005-09-19,TMAX,294
USC00314689,2011-05-16,TMIN,167
USC00310576,2005-09-19,TMIN,233
USW00013754,2015-03-05,TMIN,17
USC00314684,2009-10-14,TMAX,250
USC00314684,2009-10-14,TMIN,122
USC00314689,2006-08-30,TMIN,256
USC00316676,2013-07-28,TMAX,311
USC00316676,2013-07-28,TMIN,194
USC00314689,2006-08-30,TMAX,339
USC00316676,2014-05-15,TMIN,189
USC00310356,2006-04-04,TMAX,211
USR0000NCRN,2015-05-17,TMIN,150
USW00093719,2010-10-30,TMAX,183
USC00314689,2014-08-10,TMAX,272
USW00093719,2006-05-02,TMAX,239
USW00093719,2006-05-02,TMIN,78
USC00314684,2011-01-18,TMIN,-6
USW00093765,2009-07-19,TMAX,278
USC00315830,2013-04-09,TMAX,239
USW00093765,2015-02-18,TMIN,-27
USC00310356,2012-01-28,TMIN,72
USC00316096,2010-06-16,TMAX,322
USC00314689,2014-06-29,TMAX,289
USC00314689,2014-06-29,TMIN,167
USC00316676,2009-04-09,TMAX,167
USC00316096,2010-06-16,TMIN,233
USR0000NHOF,2008-05-05,TMIN,128
USR0000NHOF,2008-05-05,TMAX,244
USC00316676,2009-04-09,TMIN,33
USW00093765,2009-07-19,TMIN,217
USR0000NCRN,2008-01-05,TMIN,-56
USC00314689,2014-08-10,TMIN,189
USW00093765,2015-02-18,TMAX,72
USR0000NCRN,2012-05-09,TMIN,167
USR0000NCRN,2012-05-09,TMAX,261
USW00013754,2005-06-12,TMAX,289
USC00314684,2013-09-22,TMIN,183
USC00314684,2015-05-20,TMIN,194
USR0000NCRN,2008-10-02,TMIN,100
USR0000NCRN,2008-10-02,TMAX,228
USC00314689,2010-04-06,TMIN,172
USC00314684,2015-05-20,TMAX,322
USW00093719,2006-10-14,TMIN,39
USW00093719,2006-10-14,TMAX,183
USC00315830,2013-04-09,TMIN,156
USC00315830,2012-05-04,TMAX,278
USC00315830,2012-05-04,TMIN,194
USC00314684,2014-09-19,TMIN,150
USC00314684,2014-09-19,TMAX,272
USW00093765,2009-08-31,TMIN,217
USC00314684,2013-09-22,TMAX,244
USC00316096,2009-06-09,TMIN,189
USW00093743,2010-10-23,TMIN,56
USC00317170,2012-10-17,TMAX,200
USC00310576,2005-04-10,TMAX,206
USC00310576,2013-08-06,TMAX,289
USC00315830,2012-11-14,TMIN,78
USC00317170,2012-10-17,TMIN,83
USR0000NNWB,2014-02-23,TMIN,22
USC00315830,2012-11-14,TMAX,117
USC00310576,2013-08-06,TMIN,156
USC00314684,2008-10-31,TMAX,144
USR0000NNWB,2006-08-29,TMAX,344
USR0000NNWB,2006-08-29,TMIN,244
USW00093743,2008-05-05,TMIN,167
USW00093743,2008-05-05,TMAX,244
USC00315830,2011-07-27,TMAX,300
USR0000NNWB,2014-02-23,TMAX,200
USC00316676,2011-03-01,TMIN,83
USC00315830,2011-07-27,TMIN,244
USW00093743,2010-10-23,TMAX,211
USC00314684,2008-10-31,TMIN,-22
USC00310576,2005-04-10,TMIN,67
USC00316676,2012-08-13,TMIN,206
USC00314684,2011-05-20,TMIN,122
USC00314684,2011-05-20,TMAX,261
USC00316676,2012-08-13,TMAX,283
USC00310576,2008-10-06,TMIN,106
USR0000NCRN,2008-01-05,TMAX,189
USC00315830,2015-09-27,TMIN,211
USC00314684,2011-01-18,TMAX,83
USC00310356,2012-01-28,TMAX,172
USC00310576,2008-10-06,TMAX,267
USW00013754,2007-10-18,TMAX,289
USW00093765,2013-12-19,TMAX,144
USW00093765,2013-12-19,TMIN,-5
USC00316096,2009-06-09,TMAX,283
USC00314144,2006-05-07,TMIN,172
USC00314144,2006-05-07,TMAX,283
USC00315830,2015-09-27,TMAX,239
USC00310356,2010-10-23,TMIN,117
USC00310356,2010-10-23,TMAX,211
USC00314689,2010-06-09,TMAX,306
USW00093719,2014-02-23,TMAX,211
USC00314684,2007-05-29,TMAX,306
USC00316096,2010-01-12,TMIN,-33
USW00013754,2013-09-26,TMIN,172
USC00316096,2014-09-19,TMIN,156
USC00316096,2014-09-19,TMAX,261
USC00316096,2010-01-12,TMAX,67
USR0000NHOF,2008-04-14,TMIN,-6
USR0000NHOF,2007-02-17,TMAX,100
USW00013754,2013-09-26,TMAX,261
USR0000NHOF,2008-11-10,TMAX,167
USR0000NHOF,2006-04-04,TMAX,183
USR0000NHOF,2006-04-04,TMIN,6
USR0000NHOF,2008-11-10,TMIN,-17
USC00315830,2006-09-18,TMAX,283
USC00315830,2006-09-18,TMIN,178
USR0000NHOF,2007-02-17,TMIN,-117
USR0000NCRN,2005-02-25,TMIN,-11
USW00093719,2014-02-23,TMIN,22
USC00310356,2010-01-09,TMIN,-39
USC00310356,2006-04-04,TMIN,22
USW00093719,2010-10-30,TMIN,50
USW00093743,2009-04-20,TMIN,178
USC00316676,2011-08-08,TMAX,344
USC00317170,2012-11-12,TMIN,100
USC00316676,2011-08-08,TMIN,239
USC00315830,2011-06-05,TMAX,300
USR0000NHOF,2012-01-28,TMAX,189
USC00315830,2011-06-05,TMIN,233
USR0000NCRN,2006-05-07,TMAX,244
USC00310576,2005-03-29,TMIN,100
USC00310576,2005-03-29,TMAX,222
USC00315830,2010-07-07,TMIN,228
USC00314684,2007-05-29,TMIN,172
USR0000NHOF,2012-01-28,TMIN,-11
USC00310356,2010-01-09,TMAX,67
USR0000NCRN,2006-05-07,TMIN,161
USC00316096,2010-05-16,TMAX,261
USC00316096,2010-05-16,TMIN,189
USW00093765,2007-01-18,TMAX,89
USC00310356,2005-11-27,TMIN,50
USC00310576,2010-10-24,TMIN,50
USC00310576,2010-10-24,TMAX,239
USC00314684,2006-01-11,TMAX,194
USC00314684,2006-01-11,TMIN,78
USC00316676,2005-03-07,TMAX,161
USC00314689,2007-12-25,TMIN,33
USC00310356,2005-11-27,TMAX,139
USW00013754,2013-02-21,TMIN,11
USW00093743,2012-01-28,TMAX,161
USC00314689,2010-04-06,TMAX,317
USW00093765,2009-08-31,TMAX,283
USC00314689,2007-12-25,TMAX,139
USW00013754,2013-02-21,TMAX,128
USC00316676,2005-03-07,TMIN,-17
USC00314689,2010-06-09,TMIN,172
USW00093743,2012-01-28,TMIN,28
USC00315830,2006-07-07,TMIN,206
USC00315830,2006-07-07,TMAX,300
USR0000NHOF,2010-01-09,TMIN,-94
USW00093765,2007-01-18,TMIN,33
USW00093765,2012-10-17,TMAX,200
USR0000NHOF,2008-04-14,TMAX,144
USW00093743,2010-01-09,TMAX,22
USW00093743,2010-01-09,TMIN,-60
USR0000NCRN,2005-02-25,TMAX,44
USW00093719,2011-10-30,TMAX,139
USW00093719,2011-12-20,TMIN,83
USW00093719,2011-12-20,TMAX,211
USW00093765,2012-10-17,TMIN,100
USW00093719,2011-10-30,TMIN,28
USC00316096,2014-06-29,TMAX,278
USC00316096,2014-06-29,TMIN,183
USW00013754,2008-07-08,TMIN,222
USR0000NHOF,2010-01-09,TMAX,11
USW00013754,2008-07-08,TMAX,294
USW00013754,2005-06-12,TMIN,206
USC00310356,2006-05-07,TMAX,228
USC00310356,2011-09-03,TMAX,289
USW00093743,2013-01-19,TMIN,-5
USC00315830,2011-07-03,TMAX,306
USR0000NNWB,2011-10-30,TMIN,22
USW00093743,2008-09-11,TMAX,294
USR0000NHOF,2006-11-11,TMAX,250
USR0000NHOF,2006-11-11,TMIN,83
USW00093743,2008-09-11,TMIN,228
USC00314684,2015-02-20,TMIN,-128
USC00316096,2012-07-26,TMIN,228
USR0000NNWB,2011-10-30,TMAX,150
USC00317170,2013-09-22,TMAX,250
USW00013754,2005-02-11,TMAX,89
USC00315830,2005-12-10,TMIN,-22
USC00315830,2005-12-10,TMAX,128
USC00310356,2009-07-22,TMIN,244
USC00314684,2015-02-20,TMAX,-33
USR0000NCRN,2011-12-05,TMAX,217
USR0000NCRN,2011-12-05,TMIN,139
USW00013754,2005-02-11,TMIN,-6
USC00317170,2013-09-22,TMIN,200
USC00310576,2010-07-30,TMIN,228
USC00314689,2013-07-28,TMAX,317
USR0000NNWB,2015-03-05,TMIN,11
USR0000NNWB,2009-07-19,TMAX,289
USR0000NNWB,2009-07-19,TMIN,217
USW00013754,2015-10-19,TMIN,39
USW00093719,2015-02-18,TMAX,56
USC00315830,2010-03-24,TMIN,56
USW00093765,2013-11-17,TMAX,250
USC00314689,2013-07-28,TMIN,228
USW00093765,2013-11-17,TMIN,144
USW00093743,2011-02-22,TMIN,28
USC00315830,2010-03-24,TMAX,217
USW00093719,2015-02-18,TMIN,-38
USC00314684,2008-02-05,TMIN,72
USR0000NNWB,2015-03-05,TMAX,272
USC00314684,2008-02-05,TMAX,233
USC00310576,2010-07-30,TMAX,328
USW00093743,2011-02-22,TMAX,139
USR0000NCRN,2013-01-18,TMIN,-6
USW00093719,2012-02-17,TMIN,50
USC00317170,2011-01-08,TMIN,33
USC00314144,2005-02-24,TMAX,111
USC00316676,2010-11-19,TMIN,28
USC00316676,2010-11-19,TMAX,172
USC00316676,2010-12-03,TMIN,-6
USR0000NNWB,2007-01-21,TMIN,-33
USR0000NNWB,2007-01-21,TMAX,61
USC00314684,2014-09-13,TMAX,311
USC00315830,2008-03-27,TMIN,133
USC00314684,2014-09-13,TMIN,211
USR0000NHOF,2011-02-22,TMAX,178
USR0000NHOF,2012-05-09,TMAX,267
USC00314144,2005-02-24,TMIN,72
USW00013754,2010-06-08,TMAX,300
USW00013754,2010-06-08,TMIN,172
USC00316096,2011-09-01,TMAX,283
USR0000NHOF,2011-02-22,TMIN,6
USR0000NHOF,2012-05-09,TMIN,128
USC00310356,2009-07-22,TMAX,289
USR0000NNWB,2015-12-15,TMAX,244
USC00316096,2012-07-26,TMAX,306
USW00093765,2014-07-01,TMIN,211
USC00316676,2005-11-14,TMAX,233
USR0000NCRN,2009-09-20,TMIN,250
USW00093765,2014-07-01,TMAX,294
USC00316676,2011-02-07,TMIN,17
USR0000NCRN,2009-09-20,TMAX,272
USC00317170,2011-01-08,TMAX,83
USC00315830,2008-03-27,TMAX,200
USC00316676,2014-09-19,TMIN,167
USR0000NNWB,2012-10-17,TMIN,89
USC00315830,2005-04-08,TMAX,222
USC00315830,2005-04-08,TMIN,156
USC00316676,2014-09-19,TMAX,261
USR0000NNWB,2015-12-15,TMIN,94
USC00316676,2005-11-14,TMIN,67
USC00316676,2011-02-07,TMAX,178
USR0000NNWB,2012-10-17,TMAX,222
USW00093719,2012-02-17,TMAX,178
USW00013754,2009-01-01,TMAX,44
USW00013754,2009-01-01,TMIN,-32
USR0000NCRN,2006-04-04,TMAX,200
USR0000NCRN,2006-04-04,TMIN,72
USC00310356,2014-04-23,TMAX,206
USC00310356,2014-04-23,TMIN,156
USC00314144,2011-02-13,TMIN,-50
USC00315830,2005-01-10,TMAX,128
USC00315830,2005-01-10,TMIN,78
USW00013754,2009-07-19,TMIN,206
USC00310356,2013-12-21,TMAX,244
USW00093719,2013-02-21,TMAX,133
USC00317170,2014-04-26,TMIN,128
USC00317170,2014-04-26,TMAX,261
USC00315830,2013-12-30,TMIN,61
USW00093719,2013-12-19,TMAX,178
USC00314684,2014-02-23,TMIN,0
USC00314684,2014-02-23,TMAX,172
USW00093719,2013-02-21,TMIN,-6
USW00093719,2009-08-06,TMIN,217
USW00013754,2009-07-19,TMAX,272
USW00093765,2006-01-11,TMIN,100
USW00013754,2010-09-07,TMIN,189
USC00314144,2011-02-13,TMAX,139
USW00013754,2010-08-01,TMAX,294
USR0000NHOF,2015-12-13,TMIN,100
USC00314684,2013-07-28,TMIN,206
USR0000NHOF,2009-07-22,TMIN,172
USR0000NHOF,2015-07-09,TMAX,350
USW00013754,2010-09-07,TMAX,300
USR0000NHOF,2009-07-22,TMAX,300
USW00093743,2013-12-21,TMAX,217
USC00317170,2014-06-29,TMAX,289
USC00317170,2014-06-29,TMIN,183
USC00310356,2013-12-21,TMIN,150
USC00310576,2006-05-07,TMIN,156
USC00310576,2006-05-07,TMAX,211
USW00093765,2006-01-11,TMAX,217
USR0000NHOF,2015-07-09,TMIN,233
USW00093719,2009-08-06,TMAX,311
USR0000NCRN,2013-01-18,TMAX,89
USW00093765,2009-09-18,TMAX,261
USC00314144,2009-08-22,TMIN,211
USC00315830,2013-12-30,TMAX,172
USC00315830,2007-01-02,TMIN,72
USC00315830,2007-01-02,TMAX,194
USC00310356,2011-02-22,TMIN,78
USW00093743,2009-07-22,TMIN,222
USC00314144,2007-02-18,TMIN,-44
USC00310356,2011-02-22,TMAX,156
USW00013754,2012-10-17,TMAX,194
USC00317170,2008-09-12,TMIN,211
USW00013754,2012-10-17,TMIN,89
USC00317170,2008-09-12,TMAX,306
USC00314144,2007-02-18,TMAX,89
USC00316096,2013-07-28,TMAX,300
USC00316096,2013-07-28,TMIN,233
USW00093743,2009-07-22,TMAX,289
USW00013754,2015-10-19,TMAX,161
USW00093719,2013-12-19,TMIN,-21
USC00314144,2009-08-22,TMAX,322
USR0000NHOF,2008-11-23,TMIN,-56
USC00310356,2006-11-11,TMAX,183
USC00310356,2008-09-11,TMAX,283
USC00310356,2006-11-11,TMIN,122
USC00314689,2005-08-06,TMIN,211
USW00093765,2009-09-18,TMIN,200
USC00317170,2013-01-05,TMIN,-17
USC00310356,2008-09-11,TMIN,233
USC00317170,2013-01-05,TMAX,117
USR0000NHOF,2014-04-23,TMAX,256
USC00314684,2008-08-12,TMAX,300
USR0000NHOF,2014-04-23,TMIN,67
USC00314684,2008-08-12,TMIN,122
USW00093765,2013-04-09,TMIN,156
USW00093765,2013-04-09,TMAX,233
USC00314684,2010-05-16,TMAX,328
USC00314684,2010-05-16,TMIN,194
USR0000NHOF,2008-11-23,TMAX,117
USC00316676,2010-12-03,TMAX,94
USW00013754,2010-08-01,TMIN,200
USW00093743,2011-03-21,TMIN,100
USC00310576,2012-05-04,TMIN,178
USW00093765,2008-09-12,TMIN,211
USW00093743,2007-12-25,TMAX,139
USW00093765,2008-09-12,TMAX,289
USW00093743,2007-12-25,TMIN,28
USR0000NHOF,2014-01-20,TMAX,194
USR0000NNWB,2009-11-11,TMIN,150
USC00314689,2010-09-04,TMAX,344
USC00314684,2010-11-12,TMIN,17
USR0000NHOF,2014-01-20,TMIN,17
USC00314144,2010-03-02,TMAX,61
USC00314144,2010-03-02,TMIN,-39
USR0000NHOF,2013-01-19,TMIN,-39
USR0000NHOF,2013-01-19,TMAX,150
USC00316676,2007-03-10,TMAX,172
USW00093719,2012-10-17,TMAX,206
USW00093719,2012-10-17,TMIN,89
USC00317170,2007-10-09,TMIN,211
USR0000NNWB,2009-11-11,TMAX,178
USC00314144,2005-11-19,TMAX,156
USC00310356,2011-04-03,TMIN,72
USC00317170,2008-04-03,TMAX,178
USC00316676,2007-10-10,TMAX,333
USC00310356,2011-04-03,TMAX,189
USW00093719,2008-07-10,TMIN,217
USC00314144,2005-11-19,TMIN,-39
USC00314684,2005-01-27,TMAX,172
USC00317170,2015-07-30,TMAX,317
USC00317170,2007-10-09,TMAX,344
USW00093765,2005-03-20,TMIN,100
USW00013754,2011-01-08,TMAX,89
USW00093719,2009-07-19,TMAX,278
USW00093719,2009-07-19,TMIN,217
USW00093743,2014-01-20,TMIN,39
USW00013754,2013-04-09,TMIN,144
USW00093765,2005-03-20,TMAX,178
USW00013754,2013-04-09,TMAX,261
USW00093743,2014-01-20,TMAX,139
USC00317170,2008-04-03,TMIN,94
USC00316676,2007-03-10,TMIN,28
USC00314689,2005-05-07,TMIN,72
USR0000NHOF,2007-10-05,TMIN,211
USW00093743,2011-09-03,TMAX,300
USC00316676,2007-09-21,TMIN,211
USC00316676,2007-09-21,TMAX,233
USW00013754,2010-04-24,TMAX,244
USW00013754,2010-04-24,TMIN,133
USW00093719,2013-11-01,TMIN,206
USR0000NHOF,2007-10-05,TMAX,278
USC00310356,2009-04-20,TMAX,200
USC00316096,2014-09-13,TMAX,294
USC00310356,2011-09-03,TMIN,211
USC00316096,2014-09-13,TMIN,222
USC00314684,2005-01-27,TMIN,28
USC00310356,2006-05-07,TMIN,178
USW00093765,2014-02-23,TMIN,56
USW00093765,2014-02-23,TMAX,178
USC00310356,2009-04-20,TMIN,150
USC00317170,2015-07-30,TMIN,217
USW00093743,2011-09-03,TMIN,172
USR0000NHOF,2006-05-07,TMAX,217
USC00314689,2010-09-04,TMIN,206
USW00093719,2012-07-07,TMAX,361
USC00314684,2010-11-12,TMAX,161
USW00093719,2012-07-07,TMIN,256
USW00013754,2011-01-08,TMIN,-21
USC00310576,2013-11-20,TMIN,61
USC00315830,2013-04-02,TMAX,178
USC00315830,2013-04-02,TMIN,83
USW00093719,2013-11-01,TMAX,267
USR0000NHOF,2015-08-01,TMIN,211
USR0000NHOF,2015-08-01,TMAX,350
USW00093719,2008-09-27,TMAX,289
USC00314684,2014-06-29,TMAX,294
USC00314684,2014-06-29,TMIN,172
USR0000NHOF,2006-05-07,TMIN,106
USW00093719,2008-09-27,TMIN,178
USC00310576,2013-11-20,TMAX,150
USC00310356,2007-12-25,TMIN,67
USC00310356,2007-12-25,TMAX,144
USR0000NNWB,2013-04-09,TMAX,289
USW00093743,2012-05-09,TMIN,178
USW00093743,2012-05-09,TMAX,261
USR0000NNWB,2015-10-19,TMAX,167
USR0000NNWB,2015-10-19,TMIN,22
USC00316096,2010-04-06,TMAX,228
USC00316096,2010-04-06,TMIN,156
USR0000NCRN,2010-01-09,TMAX,11
USC00314144,2007-08-30,TMIN,156
USW00093719,2006-12-19,TMIN,44
USR0000NCRN,2010-01-09,TMIN,-72
USW00093765,2014-04-26,TMAX,239
USC00314144,2005-08-17,TMIN,217
USW00013754,2015-12-15,TMIN,89
USC00310356,2012-05-09,TMIN,206
USW00013754,2015-12-15,TMAX,244
USC00310356,2012-05-09,TMAX,250
USW00093765,2014-04-26,TMIN,156
USC00314144,2005-08-17,TMAX,322
USR0000NHOF,2008-09-11,TMIN,206
USR0000NHOF,2008-09-11,TMAX,294
USW00093719,2013-04-09,TMIN,139
USW00093719,2013-04-09,TMAX,300
USW00093765,2006-10-14,TMIN,61
USC00316676,2014-12-25,TMIN,161
USC00316676,2014-12-25,TMAX,217
USC00317170,2014-12-07,TMAX,178
USC00315830,2013-08-06,TMIN,200
USC00316096,2011-09-01,TMIN,167
USW00093765,2006-10-14,TMAX,183
USC00317170,2014-12-07,TMIN,56
USW00093743,2011-03-21,TMAX,189
USC00310576,2010-10-08,TMIN,94
USC00310576,2010-10-08,TMAX,272
USC00314144,2008-11-11,TMIN,-28
USC00314144,2008-11-11,TMAX,156
USC00314144,2007-08-30,TMAX,311
USC00315830,2013-08-06,TMAX,294
USW00093719,2006-12-19,TMAX,183
USR0000NHOF,2011-09-03,TMIN,161
USR0000NHOF,2011-09-03,TMAX,294
USC00315830,2006-07-11,TMIN,233
USC00315830,2006-07-11,TMAX,294
USC00317170,2014-02-23,TMIN,22
USC00317170,2014-02-23,TMAX,194
USC00314684,2010-11-27,TMAX,217
USC00314684,2010-11-27,TMIN,28
USR0000NCRN,2012-12-10,TMAX,211
USW00093719,2008-07-10,TMAX,317
USC00314689,2007-06-28,TMIN,228
USC00314684,2010-11-15,TMAX,189
USC00314689,2007-06-28,TMAX,333
USC00316096,2010-11-30,TMIN,56
USC00316676,2007-10-10,TMIN,200
USW00093719,2013-09-26,TMIN,172
USW00093719,2013-09-26,TMAX,267
USR0000NNWB,2013-04-09,TMIN,128
USC00314684,2010-11-15,TMIN,-6
USC00310356,2014-01-20,TMIN,89
USC00317170,2012-06-07,TMAX,256
USC00317170,2012-06-07,TMIN,117
USW00013754,2007-01-21,TMIN,-32
USW00013754,2007-01-21,TMAX,83
USC00310576,2012-12-01,TMAX,167
USC00310576,2012-12-01,TMIN,-6
USC00316096,2010-11-30,TMAX,217
USC00314144,2009-11-24,TMAX,139
USC00314144,2009-11-24,TMIN,117
USC00310356,2014-01-20,TMAX,128
USW00093765,2006-01-30,TMIN,117
USW00093765,2006-01-30,TMAX,167
USC00315830,2015-09-14,TMAX,294
USW00093765,2010-08-21,TMAX,311
USC00315830,2015-09-14,TMIN,150
USW00093765,2010-08-21,TMIN,228
USC00315830,2008-02-04,TMAX,194
USC00315830,2008-02-04,TMIN,72
USR0000NCRN,2012-12-10,TMIN,167
USC00310576,2012-05-04,TMAX,328
USW00093743,2012-09-01,TMAX,311
USC00310576,2008-09-11,TMAX,272
USC00314684,2015-09-25,TMAX,233
USR0000NHOF,2013-02-21,TMIN,-44
USC00310356,2005-03-29,TMIN,106
USC00310356,2005-03-29,TMAX,189
USC00314689,2008-05-04,TMIN,178
USC00314689,2008-05-04,TMAX,272
USR0000NHOF,2013-02-21,TMAX,133
USC00310356,2011-09-11,TMIN,222
USC00317170,2015-11-14,TMIN,33
USW00093765,2013-11-19,TMIN,61
USW00093743,2012-03-03,TMIN,139
USW00093765,2013-11-19,TMAX,156
USC00314144,2007-08-15,TMAX,322
USC00310576,2006-01-12,TMAX,222
USW00093743,2012-03-03,TMAX,183
USC00310576,2006-01-12,TMIN,72
USC00317170,2015-11-14,TMAX,150
USC00314689,2011-08-02,TMAX,333
USC00314144,2007-08-15,TMIN,183
USW00013754,2008-06-26,TMAX,317
USC00310356,2011-09-11,TMAX,294
USW00013754,2012-05-08,TMIN,128
USW00013754,2012-05-08,TMAX,256
USR0000NCRN,2009-09-10,TMIN,222
USC00316676,2014-07-12,TMIN,217
USC00316676,2014-07-12,TMAX,278
USC00310356,2015-04-01,TMIN,100
USC00314684,2008-11-28,TMIN,-33
USW00013754,2008-06-26,TMIN,233
USC00310576,2006-07-08,TMAX,272
USC00310576,2005-11-03,TMIN,22
USC00310576,2005-11-03,TMAX,206
USC00314684,2008-11-28,TMAX,167
USW00013754,2007-04-03,TMAX,278
USW00013754,2007-04-03,TMIN,139
USW00093765,2011-12-05,TMAX,211
USW00093765,2011-12-05,TMIN,150
USC00310576,2006-07-08,TMIN,172
USR0000NCRN,2009-09-10,TMAX,228
USC00310576,2005-05-08,TMAX,233
USC00314144,2007-08-09,TMIN,256
USC00317170,2014-08-08,TMIN,194
USC00314144,2006-05-06,TMAX,294
USW00093743,2013-02-21,TMIN,-5
USC00316096,2009-06-23,TMIN,172
USC00316096,2009-06-23,TMAX,283
USW00093743,2013-02-21,TMAX,133
USW00013754,2014-09-14,TMAX,256
USC00310576,2013-08-05,TMAX,283
USW00013754,2014-09-14,TMIN,200
USR0000NCRN,2006-10-14,TMIN,50
USR0000NCRN,2006-10-14,TMAX,200
USW00093765,2006-10-12,TMAX,261
USW00093765,2006-10-12,TMIN,167
USC00310356,2013-02-21,TMAX,133
USC00314144,2005-09-22,TMIN,183
USC00314144,2005-09-22,TMAX,322
USC00310356,2013-02-21,TMIN,17
USC00310576,2005-05-08,TMIN,83
USC00310576,2013-08-05,TMIN,150
USR0000NHOF,2015-04-01,TMAX,200
USC00310356,2008-09-28,TMIN,211
USC00310356,2008-09-28,TMAX,283
USW00093719,2014-02-22,TMIN,44
USW00093719,2014-02-22,TMAX,178
USC00314144,2009-06-23,TMAX,283
USC00314684,2009-06-09,TMIN,200
USC00314144,2009-06-23,TMIN,167
USC00314144,2006-05-06,TMIN,172
USC00315830,2014-09-18,TMIN,200
USR0000NCRN,2008-06-17,TMIN,206
USR0000NCRN,2008-06-17,TMAX,344
USC00317170,2012-02-12,TMIN,-39
USC00317170,2014-08-08,TMAX,294
USC00317170,2012-02-12,TMAX,94
USW00013754,2014-11-22,TMIN,-27
USW00013754,2014-11-22,TMAX,150
USC00315830,2014-09-18,TMAX,272
USC00310356,2010-04-07,TMIN,161
USR0000NNWB,2009-08-05,TMIN,222
USC00314684,2006-11-29,TMIN,89
USW00093765,2006-04-04,TMIN,89
USC00315830,2010-08-29,TMAX,294
USC00315830,2010-08-29,TMIN,194
USC00314689,2013-07-30,TMAX,317
USC00314689,2013-07-30,TMIN,211
USR0000NNWB,2014-11-22,TMAX,156
USR0000NHOF,2012-03-03,TMAX,206
USW00093765,2006-04-04,TMAX,194
USC00316676,2013-04-07,TMIN,39
USW00093765,2014-08-08,TMAX,294
USW00093719,2012-08-29,TMAX,311
USR0000NCRN,2010-03-23,TMAX,150
USW00093719,2012-08-29,TMIN,233
USW00093765,2014-08-08,TMIN,228
USC00316096,2012-07-08,TMIN,261
USC00316096,2012-07-08,TMAX,333
USC00316676,2013-04-07,TMAX,178
USC00314689,2012-07-07,TMAX,367
USR0000NNWB,2014-11-22,TMIN,-39
USC00316096,2013-07-30,TMIN,194
USC00314144,2009-05-08,TMAX,289
USC00317170,2013-09-25,TMAX,233
USC00314689,2010-03-02,TMAX,133
USC00310576,2013-04-03,TMAX,172
USC00314689,2010-03-02,TMIN,-6
USR0000NNWB,2012-05-08,TMIN,133
USR0000NNWB,2012-05-08,TMAX,283
USW00093765,2014-02-22,TMAX,183
USC00310576,2013-04-03,TMIN,50
USC00310576,2007-07-06,TMAX,300
USC00310576,2007-07-06,TMIN,172
USR0000NCRN,2014-05-17,TMIN,100
USR0000NNWB,2006-11-11,TMIN,117
USW00093765,2014-02-22,TMIN,67
USR0000NCRN,2014-05-17,TMAX,222
USC00316096,2013-07-30,TMAX,272
USR0000NNWB,2006-11-11,TMAX,261
USR0000NNWB,2009-08-05,TMAX,322
USR0000NHOF,2007-08-30,TMAX,311
USR0000NCRN,2010-05-18,TMIN,161
USC00315830,2012-05-05,TMAX,289
USC00316096,2011-07-15,TMAX,289
USC00314684,2006-11-29,TMAX,228
USC00315830,2012-05-05,TMIN,217
USR0000NCRN,2013-02-19,TMAX,156
USR0000NCRN,2013-02-19,TMIN,6
USW00093765,2013-09-25,TMIN,122
USC00315830,2009-08-17,TMIN,228
USC00317170,2007-09-08,TMAX,311
USW00093719,2015-05-17,TMAX,300
USW00093719,2015-05-17,TMIN,156
USW00093743,2008-09-28,TMIN,200
USW00093743,2008-09-28,TMAX,272
USW00093765,2010-04-24,TMAX,233
USC00310356,2015-04-01,TMAX,167
USW00093765,2010-04-24,TMIN,144
USW00093765,2013-09-25,TMAX,228
USR0000NCRN,2010-03-23,TMIN,61
USR0000NCRN,2009-01-30,TMIN,0
USC00315830,2009-08-17,TMAX,300
USC00315830,2010-10-23,TMAX,211
USC00315830,2010-10-23,TMIN,67
USR0000NCRN,2009-01-30,TMAX,122
USR0000NCRN,2010-05-18,TMAX,261
USC00314689,2009-09-19,TMIN,172
USC00314689,2011-06-02,TMIN,228
USC00314689,2009-09-19,TMAX,283
USW00093719,2009-05-28,TMIN,183
USC00314689,2011-06-02,TMAX,356
USR0000NHOF,2007-08-30,TMIN,156
USC00314689,2015-03-14,TMAX,183
USR0000NCRN,2006-05-06,TMIN,172
USC00316096,2011-07-15,TMIN,172
USW00093719,2009-05-28,TMAX,289
USC00317170,2007-09-08,TMIN,161
USR0000NCRN,2006-05-06,TMAX,283
USC00314689,2012-07-07,TMIN,256
USW00093765,2005-03-28,TMAX,200
USC00316676,2015-05-19,TMIN,189
USR0000NHOF,2015-04-01,TMIN,56
USW00093765,2006-02-16,TMIN,56
USW00013754,2011-09-11,TMIN,178
USW00093765,2006-02-16,TMAX,194
USW00093719,2007-06-14,TMAX,222
USR0000NHOF,2009-10-15,TMAX,150
USC00315830,2010-10-07,TMAX,261
USC00310356,2009-12-19,TMIN,33
USR0000NHOF,2006-05-03,TMIN,83
USW00013754,2011-09-11,TMAX,311
USC00316096,2010-12-06,TMAX,44
USC00310356,2009-12-19,TMAX,161
USC00316096,2011-05-08,TMAX,244
USC00310356,2013-02-19,TMAX,117
USC00310356,2013-02-19,TMIN,-11
USR0000NHOF,2009-10-15,TMIN,106
USC00315830,2010-10-07,TMIN,189
USC00316096,2011-05-08,TMIN,117
USC00314689,2013-04-07,TMIN,17
USR0000NHOF,2006-05-03,TMAX,261
USC00316676,2005-12-09,TMIN,28
USW00013754,2014-02-22,TMAX,178
USW00093743,2009-10-15,TMAX,183
USW00093743,2009-10-15,TMIN,133
USC00314684,2008-12-22,TMAX,178
USC00315830,2014-07-01,TMIN,211
USC00317170,2009-06-05,TMIN,217
USC00315830,2014-07-01,TMAX,294
USC00316676,2005-12-09,TMAX,167
USC00317170,2009-06-05,TMAX,289
USC00310356,2014-04-26,TMIN,117
USC00310356,2014-04-26,TMAX,228
USC00316676,2013-07-30,TMIN,200
USC00310576,2015-01-07,TMIN,6
USR0000NCRN,2006-02-16,TMIN,-28
USC00314144,2010-05-18,TMIN,144
USW00093719,2007-06-14,TMIN,150
USC00316676,2013-07-30,TMAX,300
USR0000NCRN,2006-02-16,TMAX,211
USC00314689,2013-04-07,TMAX,228
USC00314689,2010-11-19,TMIN,39
USW00093719,2013-09-25,TMAX,233
USC00314689,2011-10-15,TMAX,250
USC00314689,2011-10-15,TMIN,106
USC00316096,2011-02-04,TMIN,11
USC00316096,2013-04-07,TMIN,28
USC00316096,2013-04-07,TMAX,200
USC00316096,2011-02-04,TMAX,56
USW00013754,2008-12-12,TMIN,56
USC00317170,2009-12-01,TMAX,172
USC00310356,2012-03-03,TMIN,156
USC00316096,2012-06-05,TMAX,228
USC00316096,2012-06-05,TMIN,156
USR0000NCRN,2010-10-24,TMIN,67
USC00310356,2012-03-03,TMAX,211
USR0000NCRN,2012-06-07,TMIN,117
USC00310576,2011-04-03,TMAX,183
USW00093743,2011-09-11,TMAX,289
USR0000NNWB,2007-12-15,TMAX,122
USW00093719,2013-09-25,TMIN,117
USC00317170,2011-02-26,TMIN,50
USR0000NNWB,2007-12-15,TMIN,83
USC00314689,2010-11-19,TMAX,167
USC00314689,2011-03-17,TMIN,56
USC00314689,2011-03-17,TMAX,189
USW00093743,2013-02-19,TMAX,156
USW00093743,2013-02-19,TMIN,17
USC00316096,2010-12-06,TMIN,-39
USC00314144,2007-11-05,TMAX,194
USR0000NCRN,2008-10-23,TMIN,50
USC00317170,2011-02-26,TMAX,200
USR0000NCRN,2008-10-23,TMAX,194
USC00314144,2007-11-05,TMIN,-17
USR0000NHOF,2013-02-19,TMAX,161
USR0000NHOF,2013-02-19,TMIN,-22
USW00093719,2006-11-11,TMIN,94
USW00013754,2008-12-12,TMAX,156
USW00093719,2006-11-11,TMAX,267
USW00013754,2014-02-22,TMIN,67
USC00314684,2008-12-22,TMIN,-22
USC00314689,2015-07-31,TMAX,339
USR0000NHOF,2014-04-26,TMAX,278
USC00317170,2011-12-05,TMAX,217
USC00316676,2015-12-14,TMAX,261
USC00317170,2011-12-05,TMIN,117
USR0000NCRN,2012-02-12,TMAX,44
USC00310576,2015-01-07,TMAX,167
USR0000NHOF,2009-12-19,TMIN,-11
USC00316676,2015-12-14,TMIN,111
USC00314684,2008-02-04,TMAX,206
USR0000NHOF,2009-12-19,TMAX,111
USC00316676,2013-12-19,TMAX,122
USC00310576,2009-04-20,TMAX,261
USR0000NNWB,2014-02-22,TMIN,56
USR0000NNWB,2014-02-22,TMAX,183
USC00310576,2009-04-20,TMIN,133
USC00314689,2011-02-22,TMIN,-6
USC00314684,2008-02-04,TMIN,44
USC00314144,2007-08-09,TMAX,356
USR0000NHOF,2014-04-26,TMIN,117
USC00310356,2009-01-30,TMAX,106
USC00316676,2015-05-19,TMAX,306
USC00314684,2009-06-09,TMAX,311
USW00093743,2011-01-12,TMAX,39
USC00310356,2010-04-07,TMAX,211
USW00093743,2011-01-12,TMIN,-10
USW00093765,2005-03-28,TMIN,122
USC00310356,2009-01-30,TMIN,39
USW00093765,2005-04-08,TMIN,161
USW00013754,2008-12-28,TMAX,228
USC00316096,2011-10-15,TMAX,256
USC00316096,2011-10-15,TMIN,100
USC00316096,2009-09-19,TMIN,189
USC00316096,2009-09-19,TMAX,278
USC00314689,2012-08-13,TMIN,222
USC00314689,2012-08-13,TMAX,311
USW00093765,2005-04-08,TMAX,200
USW00013754,2008-12-28,TMIN,156
USR0000NCRN,2012-02-12,TMIN,-44
USR0000NCRN,2010-11-28,TMIN,-22
USC00314684,2014-01-20,TMAX,111
USW00013754,2008-02-05,TMAX,244
USC00314689,2005-12-08,TMAX,94
USR0000NNWB,2007-03-04,TMIN,-6
USR0000NNWB,2015-10-28,TMIN,194
USR0000NNWB,2015-10-28,TMAX,256
USC00310356,2009-10-15,TMAX,183
USC00316676,2015-01-13,TMIN,78
USW00013754,2008-02-05,TMIN,133
USC00314689,2008-04-22,TMIN,111
USC00314689,2005-12-08,TMIN,6
USC00314689,2008-04-22,TMAX,233
USC00310356,2006-05-03,TMAX,206
USC00310356,2006-05-03,TMIN,83
USW00093765,2008-10-19,TMAX,172
USW00093765,2008-10-19,TMIN,100
USC00314689,2015-07-31,TMIN,233
USC00310356,2009-10-15,TMIN,128
USR0000NCRN,2010-11-28,TMAX,122
USC00317170,2010-10-30,TMIN,56
USC00316676,2010-01-11,TMAX,39
USW00093719,2009-02-01,TMAX,156
USW00093719,2009-02-01,TMIN,-28
USC00316676,2013-12-19,TMIN,-6
USC00314144,2005-06-27,TMAX,311
USC00314684,2014-01-20,TMIN,0
USR0000NNWB,2014-09-14,TMAX,233
USR0000NNWB,2014-09-14,TMIN,189
USC00314144,2005-06-27,TMIN,222
USC00314689,2011-02-22,TMAX,239
USW00093743,2009-12-19,TMIN,6
USR0000NNWB,2007-03-04,TMAX,111
USC00316676,2015-01-13,TMAX,183
USC00310576,2009-04-10,TMAX,211
USC00310576,2009-04-10,TMIN,67
USC00317170,2010-10-30,TMAX,178
USW00093743,2009-12-19,TMAX,161
USC00316676,2010-01-11,TMIN,-83
USC00317170,2013-09-25,TMIN,100
USR0000NCRN,2012-06-07,TMAX,256
USC00317170,2007-12-11,TMAX,228
USC00310356,2012-06-07,TMAX,250
USC00314684,2010-03-02,TMIN,-33
USC00310356,2008-02-22,TMIN,28
USR0000NHOF,2006-07-08,TMIN,128
USC00314689,2009-02-14,TMAX,194
USC00315830,2008-08-07,TMAX,333
USR0000NNWB,2012-08-29,TMAX,311
USC00315830,2008-08-07,TMIN,256
USC00314684,2010-03-02,TMAX,117
USC00310356,2008-02-22,TMAX,128
USC00314684,2013-11-19,TMAX,261
USR0000NNWB,2012-08-29,TMIN,233
USW00013754,2008-05-03,TMAX,256
USW00013754,2008-05-03,TMIN,139
USC00314684,2005-12-08,TMAX,100
USC00314684,2005-12-08,TMIN,-33
USC00314689,2009-02-14,TMIN,56
USC00314684,2013-11-19,TMIN,39
USR0000NNWB,2014-09-18,TMIN,178
USW00013754,2011-10-04,TMAX,222
USC00317170,2014-01-20,TMIN,6
USC00314684,2015-03-04,TMIN,28
USC00314684,2008-09-27,TMIN,178
USR0000NHOF,2011-04-25,TMIN,167
USW00013754,2015-05-17,TMAX,283
USW00093765,2010-06-09,TMIN,217
USW00093765,2010-06-09,TMAX,283
USC00315830,2011-09-20,TMAX,278
USR0000NHOF,2006-07-08,TMAX,278
USW00013754,2015-05-17,TMIN,150
USC00314689,2007-11-24,TMAX,100
USC00316676,2014-04-23,TMAX,278
USC00314689,2007-11-24,TMIN,-11
USC00317170,2014-01-20,TMAX,172
USW00013754,2007-12-15,TMAX,194
USW00013754,2007-12-15,TMIN,94
USC00316676,2014-04-23,TMIN,83
USC00314689,2009-09-03,TMIN,178
USC00314684,2008-09-27,TMAX,278
USR0000NNWB,2014-09-18,TMAX,267
USC00317170,2012-02-28,TMIN,67
USR0000NHOF,2006-10-14,TMAX,172
USC00314689,2005-08-15,TMAX,350
USC00314689,2005-08-15,TMIN,239
USW00093719,2012-05-08,TMIN,128
USW00093719,2012-05-08,TMAX,267
USC00314689,2011-07-15,TMIN,178
USC00317170,2008-03-20,TMAX,211
USR0000NHOF,2006-10-14,TMIN,-6
USR0000NHOF,2009-08-22,TMIN,211
USC00317170,2008-03-20,TMIN,106
USW00013754,2010-07-30,TMIN,239
USW00013754,2014-09-18,TMIN,172
USW00013754,2014-09-18,TMAX,267
USC00315830,2011-09-20,TMIN,194
USW00093765,2007-09-15,TMIN,200
USC00314689,2011-07-15,TMAX,300
USW00013754,2010-07-30,TMAX,322
USC00310576,2006-03-06,TMIN,22
USW00093765,2013-07-30,TMIN,222
USR0000NHOF,2009-08-22,TMAX,322
USC00310576,2006-03-06,TMAX,144
USR0000NHOF,2006-08-03,TMAX,350
USC00317170,2012-02-29,TMAX,244
USC00314689,2011-05-08,TMIN,150
USC00314689,2011-05-08,TMAX,233
USR0000NHOF,2006-08-03,TMIN,261
USC00314684,2013-09-25,TMIN,94
USW00093765,2013-07-30,TMAX,283
USC00314684,2013-09-25,TMAX,239
USC00314684,2011-09-20,TMIN,144
USC00314684,2011-09-20,TMAX,261
USC00314689,2011-07-03,TMAX,339
USC00314689,2009-09-03,TMAX,267
USC00314689,2011-07-03,TMIN,228
USR0000NNWB,2011-09-11,TMAX,333
USC00317170,2012-02-28,TMAX,183
USR0000NNWB,2011-09-11,TMIN,183
USR0000NCRN,2014-05-16,TMAX,261
USC00315830,2011-05-01,TMIN,100
USC00314144,2006-05-03,TMAX,267
USC00316096,2013-09-25,TMIN,106
USC00316096,2013-09-25,TMAX,228
USW00093719,2006-04-04,TMAX,183
USC00314684,2014-02-22,TMIN,28
USW00093719,2006-04-04,TMIN,50
USC00314684,2014-02-22,TMAX,244
USC00314689,2008-12-07,TMIN,22
USC00314144,2006-02-16,TMIN,33
USW00093765,2011-08-15,TMIN,200
USW00093765,2011-08-15,TMAX,306
USW00013754,2009-08-05,TMIN,233
USW00013754,2011-11-01,TMIN,94
USW00013754,2011-11-01,TMAX,167
USR0000NHOF,2006-03-15,TMAX,156
USW00093719,2014-09-18,TMIN,178
USC00314144,2010-03-24,TMIN,28
USC00314689,2008-12-07,TMAX,122
USW00093719,2014-09-18,TMAX,278
USC00315830,2009-01-01,TMAX,144
USW00093719,2014-08-08,TMIN,222
USC00310356,2006-08-03,TMIN,256
USC00314689,2008-03-27,TMAX,239
USC00316676,2010-05-16,TMIN,189
USW00013754,2012-08-29,TMAX,306
USW00013754,2012-08-29,TMIN,233
USC00317170,2012-02-29,TMIN,56
USC00314144,2006-02-16,TMAX,239
USC00315830,2009-01-01,TMIN,-22
USW00093743,2013-04-03,TMAX,133
USW00013754,2009-08-05,TMAX,311
USW00093719,2013-07-30,TMAX,294
USR0000NHOF,2006-03-15,TMIN,-17
USR0000NHOF,2013-04-03,TMAX,139
USW00093719,2013-07-30,TMIN,217
USR0000NHOF,2013-04-03,TMIN,33
USW00093719,2014-08-08,TMAX,300
USW00093743,2013-04-03,TMIN,61
USC00314144,2006-05-03,TMIN,139
USC00314144,2010-03-24,TMAX,239
USC00316096,2011-07-03,TMAX,300
USC00314689,2014-11-20,TMAX,150
USC00314689,2014-11-20,TMIN,-22
USC00316096,2010-06-22,TMAX,328
USC00314689,2008-08-12,TMIN,150
USC00316676,2005-09-19,TMAX,333
USC00310576,2008-06-04,TMIN,156
USC00316676,2005-09-19,TMIN,228
USC00316096,2010-06-22,TMIN,244
USC00310576,2008-06-04,TMAX,289
USC00310356,2006-07-08,TMIN,144
USC00316676,2007-01-20,TMIN,-6
USC00316676,2007-01-20,TMAX,139
USC00310356,2007-08-30,TMAX,311
USC00310356,2007-08-30,TMIN,211
USC00314684,2015-03-04,TMAX,139
USC00315830,2011-05-01,TMAX,250
USC00310356,2006-07-08,TMAX,239
USC00314689,2005-01-27,TMAX,156
USC00316676,2015-07-09,TMIN,239
USC00316676,2015-07-09,TMAX,328
USC00314684,2011-10-15,TMAX,244
USC00314684,2011-10-15,TMIN,94
USC00315830,2013-08-05,TMIN,183
USW00093743,2008-02-22,TMIN,33
USC00315830,2013-08-05,TMAX,289
USW00093743,2008-02-22,TMAX,117
USC00316096,2011-07-03,TMIN,206
USC00314144,2009-12-18,TMIN,-33
USR0000NNWB,2010-01-09,TMAX,17
USR0000NNWB,2008-01-14,TMIN,6
USR0000NNWB,2008-01-14,TMAX,122
USC00314689,2008-08-12,TMAX,306
USC00314144,2009-12-18,TMAX,106
USC00310576,2014-04-26,TMIN,89
USC00314689,2005-01-27,TMIN,17
USC00310576,2014-04-26,TMAX,250
USR0000NNWB,2010-01-09,TMIN,-61
USW00093765,2007-09-15,TMAX,278
USR0000NHOF,2010-04-07,TMIN,156
USR0000NCRN,2014-05-16,TMIN,150
USR0000NCRN,2006-05-03,TMIN,128
USR0000NCRN,2011-02-13,TMAX,128
USR0000NCRN,2011-02-13,TMIN,-33
USR0000NHOF,2007-02-23,TMAX,122
USC00314684,2008-08-23,TMAX,300
USC00314684,2008-08-23,TMIN,194
USW00093765,2012-07-31,TMAX,294
USC00314684,2007-09-28,TMAX,306
USC00315830,2014-02-19,TMAX,194
USR0000NCRN,2005-09-22,TMIN,206
USW00093765,2012-07-31,TMIN,233
USC00315830,2014-02-19,TMIN,50
USC00316096,2010-03-02,TMAX,83
USR0000NCRN,2005-09-22,TMAX,317
USC00316096,2010-03-02,TMIN,-22
USC00310356,2011-04-25,TMAX,239
USW00093765,2012-01-03,TMIN,-10
USR0000NHOF,2012-06-07,TMIN,83
USW00093743,2014-06-30,TMIN,183
USR0000NCRN,2006-05-03,TMAX,289
USC00310356,2014-06-30,TMAX,294
USW00093719,2005-01-19,TMIN,-100
USW00093765,2005-10-12,TMIN,183
USW00093765,2005-10-12,TMAX,211
USC00310356,2014-06-30,TMIN,206
USW00013754,2011-10-04,TMIN,89
USC00310356,2011-04-25,TMIN,194
USW00093743,2014-06-30,TMAX,289
USW00093719,2005-01-19,TMAX,28
USW00093743,2008-01-02,TMIN,0
USC00316676,2011-07-26,TMAX,339
USW00093719,2005-11-02,TMIN,44
USR0000NHOF,2009-07-20,TMIN,183
USC00314689,2012-07-08,TMIN,261
USC00316676,2011-07-26,TMIN,233
USC00314689,2012-07-08,TMAX,372
USR0000NHOF,2009-07-20,TMAX,278
USR0000NCRN,2012-03-20,TMAX,250
USR0000NHOF,2012-06-07,TMAX,256
USC00314144,2007-06-09,TMIN,178
USW00093719,2011-04-09,TMAX,183
USR0000NNWB,2011-08-04,TMIN,267
USR0000NNWB,2008-02-05,TMAX,256
USR0000NNWB,2008-02-05,TMIN,117
USR0000NNWB,2010-07-30,TMAX,322
USR0000NNWB,2010-07-30,TMIN,228
USR0000NCRN,2012-01-27,TMAX,200
USW00093719,2011-04-09,TMIN,106
USR0000NCRN,2012-01-27,TMIN,89
USC00317170,2013-11-19,TMIN,56
USW00093719,2010-01-09,TMIN,-67
USC00314689,2009-06-23,TMIN,206
USC00314689,2009-06-23,TMAX,300
USC00317170,2007-12-11,TMIN,122
USC00310356,2012-06-07,TMIN,156
USC00317170,2013-11-19,TMAX,189
USW00093719,2010-01-09,TMAX,17
USC00314144,2007-06-09,TMAX,328
USC00314684,2005-08-16,TMAX,350
USR0000NNWB,2008-05-03,TMIN,150
USC00316676,2012-01-27,TMIN,39
USC00316676,2012-01-27,TMAX,228
USC00314684,2013-07-30,TMAX,317
USC00314684,2013-07-30,TMIN,194
USW00093765,2012-01-03,TMAX,44
USR0000NHOF,2014-06-30,TMAX,317
USR0000NHOF,2014-06-30,TMIN,150
USC00314684,2005-08-16,TMIN,222
USC00317170,2011-06-02,TMIN,200
USC00314684,2012-06-05,TMAX,283
USC00314689,2011-08-02,TMIN,217
USR0000NCRN,2015-04-25,TMAX,189
USR0000NCRN,2015-04-25,TMIN,78
USC00314684,2012-06-05,TMIN,161
USC00314144,2009-05-08,TMIN,167
USR0000NNWB,2008-05-03,TMAX,278
USC00314684,2007-09-28,TMIN,194
USR0000NCRN,2012-03-20,TMIN,122
USW00093719,2005-01-11,TMAX,178
USC00314684,2009-01-12,TMIN,-6
USC00310356,2006-03-15,TMAX,183
USR0000NCRN,2012-03-19,TMIN,128
USC00315830,2012-12-01,TMAX,183
USC00314684,2014-12-25,TMIN,139
USC00314684,2014-12-25,TMAX,217
USR0000NNWB,2011-08-04,TMAX,367
USC00310356,2013-09-23,TMAX,256
USC00310356,2006-03-15,TMIN,72
USR0000NCRN,2009-10-15,TMAX,167
USC00315830,2012-12-01,TMIN,22
USR0000NNWB,2008-04-10,TMAX,267
USC00310356,2013-09-23,TMIN,167
USW00093743,2013-09-23,TMAX,244
USC00315830,2015-08-15,TMIN,194
USW00093743,2009-01-30,TMIN,6
USC00315830,2012-08-31,TMIN,206
USR0000NCRN,2009-10-15,TMIN,150
USC00314684,2005-01-10,TMAX,122
USR0000NCRN,2012-03-19,TMAX,233
USW00093765,2006-11-12,TMAX,200
USR0000NNWB,2015-05-17,TMAX,311
USC00317170,2013-07-30,TMAX,289
USC00310356,2006-10-14,TMIN,78
USC00310356,2006-10-14,TMAX,244
USC00317170,2013-07-30,TMIN,211
USC00315830,2005-07-28,TMAX,339
USC00315830,2005-07-28,TMIN,261
USC00310356,2011-01-12,TMIN,-28
USR0000NNWB,2015-05-17,TMIN,161
USW00093719,2006-01-29,TMIN,44
USR0000NNWB,2008-04-10,TMIN,133
USW00093719,2005-05-09,TMIN,100
USW00093719,2005-05-09,TMAX,261
USR0000NHOF,2010-04-07,TMAX,289
USW00093765,2006-11-12,TMIN,106
USC00310356,2011-01-12,TMAX,56
USW00093719,2006-01-29,TMAX,194
USC00315830,2012-08-31,TMAX,300
USW00093743,2013-09-23,TMIN,156
USC00314684,2005-01-10,TMIN,33
USW00093765,2007-11-08,TMIN,44
USC00317170,2014-02-22,TMIN,56
USC00317170,2014-02-22,TMAX,178
USW00093765,2007-11-08,TMAX,144
USC00316676,2010-12-02,TMAX,206
USC00316676,2010-12-02,TMIN,-6
USC00310356,2006-05-06,TMIN,183
USC00315830,2015-08-15,TMAX,294
USC00316676,2009-03-19,TMIN,44
USR0000NCRN,2015-07-12,TMIN,222
USW00093719,2008-02-13,TMIN,78
USW00093719,2008-02-13,TMAX,217
USC00316676,2009-03-19,TMAX,200
USR0000NCRN,2015-07-12,TMAX,300
USW00093719,2005-01-11,TMIN,39
USC00314684,2009-01-12,TMAX,161
USC00310356,2006-05-06,TMAX,217
USW00093719,2005-11-02,TMAX,183
USC00310356,2009-07-20,TMIN,244
USC00310356,2009-07-20,TMAX,289
USW00093743,2011-04-25,TMIN,189
USW00093743,2011-04-25,TMAX,256
USW00093743,2009-01-30,TMAX,122
USR0000NHOF,2008-09-28,TMIN,156
USR0000NHOF,2008-09-28,TMAX,272
USC00314144,2010-09-25,TMAX,311
USC00314144,2010-09-25,TMIN,239
USC00314684,2011-12-19,TMAX,94
USC00314684,2011-12-19,TMIN,-39
USR0000NHOF,2006-05-06,TMIN,128
USW00093765,2012-07-26,TMIN,261
USW00093765,2012-07-26,TMAX,311
USR0000NHOF,2006-05-06,TMAX,283
USC00315830,2012-10-18,TMAX,261
USC00315830,2012-10-18,TMIN,128
USC00317170,2011-06-02,TMAX,372
USW00093743,2008-01-02,TMAX,150
USR0000NHOF,2007-02-23,TMIN,-50
USR0000NCRN,2010-10-24,TMAX,250
USC00310576,2011-04-03,TMIN,28
USC00317170,2009-12-01,TMIN,39
USR0000NNWB,2008-02-13,TMIN,67
USW00093765,2012-05-05,TMIN,206
USC00316676,2015-01-23,TMAX,167
USC00315830,2009-11-11,TMIN,172
USW00093765,2008-03-07,TMIN,117
USW00093765,2008-03-07,TMAX,211
USC00314684,2010-10-01,TMAX,233
USW00093765,2012-05-05,TMAX,283
USC00315830,2009-11-11,TMAX,228
USC00314689,2008-10-29,TMIN,17
USC00317170,2007-11-16,TMIN,72
USC00316096,2013-12-29,TMAX,194
USR0000NHOF,2012-03-19,TMAX,250
USC00317170,2007-11-16,TMAX,211
USC00316096,2009-07-21,TMIN,178
USR0000NNWB,2014-12-08,TMIN,44
USC00314689,2008-10-29,TMAX,156
USC00314684,2005-06-04,TMIN,183
USC00316676,2015-01-23,TMIN,28
USC00314684,2015-07-31,TMAX,333
USC00314684,2005-05-21,TMAX,239
USC00314684,2006-03-14,TMIN,178
USC00314144,2008-06-17,TMAX,311
USC00314684,2015-07-31,TMIN,228
USW00013754,2007-08-30,TMAX,306
USC00314684,2010-10-01,TMIN,172
USC00314684,2011-03-05,TMIN,6
USR0000NNWB,2008-02-13,TMAX,222
USC00310576,2015-11-03,TMAX,189
USW00013754,2013-04-07,TMIN,44
USW00013754,2013-04-07,TMAX,211
USR0000NNWB,2014-02-19,TMIN,44
USC00314689,2008-12-24,TMAX,200
USC00314689,2008-12-24,TMIN,0
USW00013754,2011-09-29,TMIN,211
USC00314684,2005-05-21,TMIN,122
USC00310576,2015-11-03,TMIN,161
USW00013754,2011-09-29,TMAX,289
USC00316096,2009-07-21,TMAX,289
USC00310576,2006-08-04,TMIN,256
USR0000NCRN,2008-01-13,TMAX,239
USC00314684,2011-03-05,TMAX,167
USC00316676,2009-03-01,TMIN,61
USR0000NCRN,2006-03-15,TMIN,50
USC00314684,2010-05-06,TMIN,167
USC00317170,2008-10-19,TMAX,167
USC00314684,2010-05-06,TMAX,294
USR0000NCRN,2014-04-26,TMAX,233
USC00310356,2014-05-16,TMAX,239
USC00310576,2013-07-31,TMAX,300
USC00310576,2013-07-31,TMIN,194
USW00093765,2005-06-14,TMAX,289
USC00317170,2008-10-19,TMIN,94
USW00013754,2015-12-13,TMAX,250
USW00013754,2015-12-13,TMIN,100
USR0000NHOF,2014-04-24,TMAX,239
USC00310356,2014-05-16,TMIN,222
USR0000NHOF,2012-03-19,TMIN,111
USR0000NCRN,2014-04-26,TMIN,150
USW00013754,2015-01-04,TMIN,189
USC00310576,2006-08-04,TMAX,344
USC00314684,2005-06-04,TMAX,250
USC00316096,2013-12-29,TMIN,100
USC00316676,2009-03-01,TMAX,156
USC00310356,2014-04-24,TMAX,222
USC00316096,2011-12-05,TMAX,217
USW00093765,2012-10-18,TMAX,256
USW00013754,2015-01-04,TMAX,233
USW00093765,2012-10-18,TMIN,133
USR0000NNWB,2014-12-08,TMAX,139
USC00316096,2011-12-05,TMIN,122
USC00310356,2014-04-24,TMIN,117
USW00093719,2009-08-05,TMAX,328
USW00093719,2009-08-05,TMIN,217
USC00316096,2015-05-19,TMIN,183
USC00316096,2015-05-19,TMAX,294
USR0000NCRN,2008-01-13,TMIN,72
USR0000NHOF,2014-04-24,TMIN,39
USC00314144,2008-06-17,TMIN,161
USW00013754,2007-08-30,TMIN,200
USW00013754,2011-04-09,TMIN,117
USC00314689,2014-08-08,TMAX,306
USC00314689,2014-08-08,TMIN,194
USW00013754,2011-04-09,TMAX,189
USW00093719,2010-09-21,TMAX,283
USW00093743,2013-07-31,TMAX,306
USW00093743,2013-07-31,TMIN,239
USW00093765,2005-08-16,TMAX,333
USW00093743,2012-03-19,TMIN,128
USC00314684,2011-07-15,TMIN,167
USR0000NHOF,2014-09-18,TMIN,150
USR0000NHOF,2014-09-18,TMAX,283
USC00310576,2014-06-30,TMAX,283
USC00314689,2005-04-09,TMIN,122
USC00310576,2014-06-30,TMIN,156
USC00315830,2007-01-01,TMAX,222
USR0000NNWB,2011-10-04,TMIN,83
USC00315830,2007-01-01,TMIN,167
USW00093765,2005-08-16,TMIN,256
USC00316676,2010-03-02,TMIN,-11
USC00315830,2014-02-22,TMAX,183
USR0000NHOF,2011-01-12,TMIN,-22
USC00317170,2015-05-17,TMIN,150
USW00093719,2011-05-20,TMIN,156
USW00093719,2011-05-20,TMAX,283
USC00310576,2015-03-05,TMAX,261
USC00310356,2015-04-26,TMIN,133
USR0000NNWB,2012-06-28,TMIN,167
USC00314684,2007-01-20,TMIN,-17
USC00317170,2008-12-18,TMIN,128
USC00317170,2008-12-18,TMAX,167
USC00310356,2015-04-26,TMAX,183
USC00316676,2012-11-13,TMIN,106
USC00316676,2012-11-13,TMAX,267
USC00316676,2012-11-12,TMIN,56
USC00316676,2010-03-02,TMAX,139
USC00314684,2007-01-20,TMAX,128
USC00310576,2011-01-01,TMAX,167
USC00314684,2011-07-15,TMAX,317
USC00310356,2014-09-18,TMIN,200
USC00314689,2008-09-02,TMAX,294
USR0000NNWB,2011-05-08,TMAX,244
USC00314689,2008-02-04,TMAX,228
USC00314689,2008-02-04,TMIN,67
USC00314689,2009-01-12,TMAX,144
USR0000NNWB,2013-04-07,TMIN,22
USR0000NNWB,2013-04-07,TMAX,233
USC00314689,2008-09-27,TMIN,194
USW00093765,2009-08-22,TMIN,239
USC00314689,2009-01-12,TMIN,11
USC00310576,2011-07-27,TMIN,233
USC00310576,2011-07-27,TMAX,272
USC00310576,2013-02-19,TMAX,111
USR0000NNWB,2014-02-19,TMAX,244
USR0000NNWB,2011-05-08,TMIN,133
USC00310576,2013-02-19,TMIN,-39
USW00093765,2009-08-22,TMAX,294
USC00314684,2011-03-10,TMIN,50
USC00314684,2006-03-14,TMAX,267
USC00314689,2008-09-02,TMIN,144
USC00310356,2014-09-18,TMAX,272
USC00314684,2011-03-10,TMAX,178
USC00316096,2009-09-03,TMIN,200
USR0000NCRN,2013-08-05,TMIN,150
USC00315830,2007-02-17,TMAX,100
USC00315830,2007-02-17,TMIN,-72
USC00316096,2009-09-03,TMAX,261
USC00317170,2014-09-14,TMIN,183
USC00315830,2008-11-23,TMAX,106
USC00315830,2008-11-23,TMIN,-17
USR0000NNWB,2005-01-19,TMIN,-111
USC00314689,2008-09-27,TMAX,261
USC00317170,2014-12-25,TMIN,83
USC00317170,2014-12-25,TMAX,206
USR0000NNWB,2005-01-19,TMAX,28
USC00317170,2014-09-14,TMAX,278
USR0000NCRN,2013-08-05,TMAX,289
USC00315830,2007-02-23,TMIN,50
USC00310356,2015-07-10,TMAX,289
USC00315830,2007-02-23,TMAX,167
USW00093719,2014-02-19,TMIN,39
USR0000NNWB,2007-06-28,TMAX,339
USC00314684,2014-09-14,TMAX,300
USC00314684,2014-09-14,TMIN,178
USR0000NNWB,2015-12-13,TMAX,256
USR0000NNWB,2015-12-13,TMIN,111
USR0000NHOF,2015-02-19,TMAX,0
USW00093765,2015-11-14,TMAX,150
USR0000NHOF,2015-02-19,TMIN,-111
USW00013754,2005-01-11,TMIN,78
USW00013754,2005-01-11,TMAX,178
USR0000NHOF,2008-06-04,TMIN,167
USC00310576,2009-10-15,TMAX,161
USC00310576,2009-10-15,TMIN,128
USC00316096,2011-03-17,TMIN,61
USW00093743,2009-05-12,TMIN,100
USR0000NNWB,2007-06-28,TMIN,217
USW00013754,2008-06-16,TMAX,311
USC00310356,2015-02-19,TMIN,-67
USW00093765,2015-11-14,TMIN,39
USR0000NHOF,2014-05-16,TMIN,111
USC00310356,2009-03-02,TMAX,100
USC00310356,2010-03-23,TMAX,211
USC00310356,2010-03-23,TMIN,72
USW00093743,2012-02-12,TMAX,44
USR0000NCRN,2015-08-15,TMIN,161
USR0000NNWB,2015-03-18,TMAX,161
USC00310356,2015-02-19,TMAX,72
USC00314684,2015-05-19,TMIN,194
USR0000NNWB,2015-03-18,TMIN,67
USW00093743,2012-02-12,TMIN,-43
USC00316676,2015-08-21,TMIN,222
USC00316676,2015-08-21,TMAX,311
USC00317170,2015-09-14,TMAX,250
USC00317170,2015-09-14,TMIN,117
USW00093719,2014-02-19,TMAX,256
USC00314684,2015-05-19,TMAX,322
USR0000NHOF,2014-05-16,TMAX,267
USW00013754,2008-06-16,TMIN,200
USR0000NHOF,2008-06-04,TMAX,317
USC00314689,2007-08-02,TMAX,328
USC00314689,2007-08-02,TMIN,189
USC00314684,2010-03-04,TMIN,-6
USC00315830,2009-11-24,TMIN,167
USC00314144,2010-07-03,TMAX,272
USC00314144,2010-07-03,TMIN,106
USC00317170,2012-07-08,TMIN,256
USC00315830,2009-11-24,TMAX,183
USW00013754,2007-09-15,TMIN,200
USC00317170,2012-07-08,TMAX,372
USC00314144,2009-03-19,TMAX,233
USC00314144,2009-03-19,TMIN,28
USC00314689,2006-04-04,TMIN,100
USR0000NNWB,2011-09-29,TMAX,294
USC00310576,2009-02-15,TMIN,50
USC00316676,2015-10-19,TMAX,144
USC00314684,2010-03-04,TMAX,44
USC00314684,2011-07-23,TMAX,394
USR0000NHOF,2012-02-12,TMAX,44
USW00093765,2009-04-20,TMAX,217
USC00314689,2009-08-31,TMAX,311
USC00310576,2005-06-12,TMAX,289
USW00093743,2010-03-23,TMAX,156
USW00093743,2010-03-23,TMIN,67
USC00316096,2015-03-04,TMIN,128
USC00310576,2005-06-12,TMIN,200
USC00315830,2008-09-02,TMAX,300
USC00314689,2006-04-04,TMAX,261
USW00093743,2009-05-12,TMAX,233
USC00314684,2008-07-23,TMAX,361
USC00315830,2008-09-02,TMIN,244
USC00310356,2011-01-28,TMIN,17
USC00316676,2011-07-03,TMAX,333
USC00314689,2009-08-31,TMIN,189
USC00316676,2011-07-03,TMIN,206
USW00093765,2009-04-20,TMIN,167
USC00314684,2008-07-23,TMIN,211
USC00310356,2009-03-02,TMIN,17
USW00013754,2007-09-15,TMAX,283
USC00316096,2010-01-11,TMAX,67
USW00093765,2006-11-11,TMAX,233
USW00093765,2006-11-11,TMIN,128
USC00310576,2011-07-15,TMAX,300
USW00093743,2009-03-02,TMIN,-16
USC00317170,2012-08-29,TMAX,306
USR0000NCRN,2013-01-04,TMIN,0
USC00317170,2012-08-29,TMIN,228
USW00093743,2014-05-16,TMIN,167
USC00316676,2007-07-30,TMAX,306
USC00316676,2007-07-30,TMIN,222
USC00310576,2011-07-15,TMIN,183
USC00314689,2011-12-05,TMAX,217
USC00314689,2011-12-05,TMIN,122
USC00314689,2010-01-11,TMIN,-78
USC00314689,2010-01-11,TMAX,67
USR0000NCRN,2014-09-18,TMIN,172
USW00093743,2009-03-02,TMAX,67
USR0000NCRN,2014-09-18,TMAX,261
USW00093743,2014-05-16,TMAX,261
USR0000NCRN,2013-01-04,TMAX,111
USW00093765,2013-11-02,TMIN,167
USR0000NNWB,2009-01-25,TMIN,0
USC00310356,2015-07-10,TMIN,250
USR0000NNWB,2009-01-25,TMAX,39
USC00310356,2012-02-12,TMAX,117
USC00310356,2012-02-12,TMIN,-39
USR0000NCRN,2006-03-15,TMAX,161
USC00316096,2011-12-19,TMIN,-39
USC00315830,2015-02-20,TMIN,-117
USW00093765,2013-11-02,TMAX,233
USW00013754,2013-11-19,TMIN,72
USC00317170,2012-05-05,TMAX,328
USW00013754,2013-11-19,TMAX,156
USC00315830,2005-05-31,TMAX,244
USC00317170,2012-05-05,TMIN,200
USC00316096,2011-12-19,TMAX,128
USC00315830,2015-02-20,TMAX,-17
USC00314684,2011-07-23,TMIN,244
USC00315830,2008-09-11,TMAX,311
USC00315830,2008-09-11,TMIN,228
USC00315830,2006-01-12,TMAX,183
USW00013754,2014-12-08,TMIN,61
USC00315830,2006-01-12,TMIN,94
USC00310576,2005-05-22,TMIN,89
USW00013754,2014-12-08,TMAX,144
USC00310576,2005-05-22,TMAX,261
USC00314684,2009-06-11,TMIN,178
USC00315830,2005-05-31,TMIN,183
USC00310576,2006-05-03,TMAX,256
USR0000NCRN,2015-08-15,TMAX,300
USC00310576,2006-05-03,TMIN,128
USC00316096,2015-03-04,TMAX,189
USC00317170,2012-10-18,TMAX,272
USC00317170,2012-10-18,TMIN,94
USC00316096,2010-01-11,TMIN,-106
USC00314684,2009-06-11,TMAX,322
USW00093765,2005-06-14,TMIN,250
USR0000NNWB,2007-06-14,TMAX,217
USR0000NNWB,2007-06-14,TMIN,144
USC00317170,2008-05-04,TMAX,283
USC00316676,2015-09-26,TMIN,211
USC00316676,2015-09-26,TMAX,239
USW00013754,2005-10-12,TMIN,183
USW00013754,2005-10-12,TMAX,211
USC00314684,2007-05-19,TMAX,217
USC00315830,2012-05-08,TMIN,178
USC00315830,2012-05-08,TMAX,250
USC00314684,2007-05-19,TMIN,94
USC00314689,2014-06-07,TMAX,278
USC00314689,2006-07-10,TMIN,183
USC00314689,2006-07-10,TMAX,317
USC00314689,2014-06-07,TMIN,167
USR0000NHOF,2015-07-10,TMAX,367
USR0000NHOF,2015-07-10,TMIN,239
USR0000NNWB,2008-12-28,TMAX,256
USR0000NNWB,2008-12-28,TMIN,161
USC00317170,2008-05-04,TMIN,178
USR0000NHOF,2011-01-12,TMAX,28
USW00093719,2013-04-07,TMAX,239
USC00317170,2015-05-17,TMAX,306
USW00093743,2012-03-19,TMAX,228
USW00013754,2008-04-10,TMIN,128
USC00314689,2007-01-20,TMIN,6
USC00314689,2007-01-20,TMAX,111
USW00013754,2011-03-23,TMAX,300
USC00314684,2005-07-12,TMIN,222
USC00314684,2005-07-12,TMAX,311
USW00093719,2005-10-12,TMIN,178
USR0000NNWB,2012-10-18,TMIN,100
USW00093719,2005-10-12,TMAX,211
USW00093719,2012-01-19,TMIN,-6
USW00013754,2008-04-10,TMAX,233
USW00013754,2007-11-16,TMIN,-5
USC00316676,2008-10-10,TMIN,156
USC00310356,2009-12-18,TMAX,100
USC00310356,2009-12-18,TMIN,33
USC00316676,2008-10-10,TMAX,261
USW00093719,2012-01-19,TMAX,117
USC00315830,2014-08-10,TMIN,211
USW00093743,2010-06-17,TMAX,356
USW00013754,2007-11-16,TMAX,111
USC00310576,2011-01-01,TMIN,0
USC00316676,2014-11-20,TMAX,83
USC00314684,2014-08-08,TMAX,311
USC00314684,2014-08-08,TMIN,189
USW00093765,2010-01-09,TMIN,-38
USW00013754,2012-05-05,TMAX,322
USW00013754,2012-05-05,TMIN,200
USW00093743,2010-06-17,TMIN,244
USC00314144,2007-06-14,TMAX,211
USC00316096,2014-01-20,TMAX,144
USC00316096,2014-01-20,TMIN,17
USC00316676,2014-11-20,TMIN,-22
USR0000NNWB,2015-03-14,TMAX,200
USC00314684,2006-09-28,TMAX,272
USC00314684,2006-09-28,TMIN,122
USR0000NNWB,2012-10-18,TMAX,272
USC00314144,2007-06-14,TMIN,111
USC00310576,2009-07-20,TMIN,217
USW00093765,2015-09-14,TMAX,250
USC00310576,2013-09-23,TMAX,222
USR0000NHOF,2009-05-12,TMAX,239
USC00314689,2009-05-17,TMIN,206
USC00317170,2007-05-26,TMIN,133
USR0000NHOF,2014-12-25,TMAX,183
USR0000NNWB,2011-04-09,TMIN,111
USW00093765,2015-05-17,TMAX,261
USR0000NNWB,2011-04-09,TMAX,194
USC00310356,2010-06-17,TMAX,328
USW00093765,2007-04-19,TMAX,150
USW00093765,2007-04-19,TMIN,72
USC00314684,2009-04-30,TMIN,128
USW00093765,2015-05-17,TMIN,172
USC00316676,2010-07-31,TMIN,200
USC00316676,2010-07-31,TMAX,306
USC00314689,2009-05-17,TMAX,244
USC00317170,2007-05-26,TMAX,311
USC00316096,2012-08-13,TMIN,211
USC00315830,2014-08-10,TMAX,278
USW00093719,2008-05-03,TMIN,150
USC00310356,2010-06-17,TMIN,250
USR0000NHOF,2009-05-12,TMIN,44
USW00093743,2009-12-18,TMAX,150
USW00093743,2009-12-18,TMIN,11
USC00310576,2013-09-23,TMIN,156
USW00093765,2015-09-14,TMIN,150
USR0000NNWB,2015-03-14,TMIN,133
USW00013754,2005-05-09,TMIN,106
USW00093719,2008-05-03,TMAX,278
USW00013754,2013-09-25,TMIN,111
USW00013754,2013-09-25,TMAX,222
USC00314689,2014-01-20,TMAX,156
USC00310576,2014-09-18,TMIN,167
USC00310576,2014-09-18,TMAX,261
USR0000NNWB,2012-05-05,TMAX,328
USR0000NNWB,2012-05-05,TMIN,200
USC00314689,2014-01-20,TMIN,28
USW00013754,2005-05-09,TMAX,256
USW00093765,2010-01-09,TMAX,22
USC00310576,2009-07-20,TMAX,283
USC00315830,2007-11-21,TMIN,111
USC00317170,2013-11-02,TMIN,156
USW00093719,2010-07-30,TMAX,311
USW00093719,2010-07-30,TMIN,217
USC00314684,2012-07-08,TMIN,256
USC00314684,2012-07-08,TMAX,372
USC00310356,2015-04-25,TMAX,194
USC00310356,2015-04-25,TMIN,128
USC00314689,2009-02-19,TMIN,-28
USC00317170,2013-11-02,TMAX,239
USW00093765,2007-09-21,TMIN,217
USC00316676,2013-11-01,TMAX,250
USC00316676,2010-09-04,TMIN,217
USC00316676,2013-12-20,TMIN,6
USC00316676,2010-09-04,TMAX,322
USC00316676,2013-11-01,TMIN,111
USR0000NHOF,2015-04-25,TMAX,183
USW00093765,2007-09-21,TMAX,256
USW00013754,2012-10-18,TMAX,267
USC00314689,2009-02-19,TMAX,167
USW00093719,2014-09-14,TMAX,250
USC00310576,2008-04-22,TMAX,217
USC00317170,2009-08-22,TMIN,233
USC00310576,2008-04-22,TMIN,150
USC00317170,2009-08-22,TMAX,339
USC00310356,2014-12-25,TMAX,178
USC00310576,2010-09-14,TMAX,278
USC00314689,2005-01-10,TMAX,183
USW00093719,2014-09-14,TMIN,200
USC00314689,2005-01-10,TMIN,56
USC00310576,2010-09-14,TMIN,144
USC00317170,2008-03-07,TMIN,94
USC00317170,2008-03-07,TMAX,217
USC00314144,2006-10-14,TMIN,0
USC00314144,2006-10-14,TMAX,217
USW00093743,2011-09-11,TMIN,183
USR0000NHOF,2010-06-17,TMAX,350
USR0000NHOF,2010-06-17,TMIN,194
USW00013754,2012-10-18,TMIN,117
USW00093719,2014-12-08,TMIN,56
USC00314684,2013-04-07,TMIN,0
USC00316676,2008-06-02,TMAX,339
USC00316676,2008-06-02,TMIN,194
USC00316096,2015-07-31,TMAX,322
USC00310576,2010-07-17,TMAX,328
USC00310576,2010-07-17,TMIN,261
USR0000NHOF,2011-01-28,TMAX,128
USC00316676,2011-10-30,TMIN,6
USW00093765,2007-10-30,TMIN,100
USC00317170,2015-10-20,TMIN,22
USC00314684,2011-05-01,TMIN,111
USC00317170,2015-10-20,TMAX,217
USC00314689,2008-07-23,TMAX,322
USC00315830,2007-05-10,TMAX,267
USC00314684,2011-05-01,TMAX,244
USC00315830,2007-05-10,TMIN,172
USC00315830,2007-11-21,TMAX,211
USC00314689,2008-07-23,TMIN,217
USR0000NNWB,2007-08-30,TMAX,311
USC00316096,2015-07-31,TMIN,222
USC00314144,2005-09-20,TMIN,206
USC00314684,2013-04-07,TMAX,178
USW00093719,2014-12-08,TMAX,144
USR0000NHOF,2015-04-25,TMIN,67
USC00310356,2014-12-25,TMIN,117
USW00013754,2011-03-23,TMIN,117
USC00316676,2011-10-30,TMAX,117
USW00093765,2005-10-11,TMAX,261
USC00316096,2009-08-31,TMAX,272
USW00093765,2005-10-11,TMIN,206
USC00316676,2013-12-20,TMAX,172
USW00093765,2007-10-30,TMAX,194
USR0000NHOF,2011-01-28,TMIN,-44
USR0000NNWB,2007-08-30,TMIN,178
USW00013754,2012-06-28,TMAX,328
USW00013754,2012-06-28,TMIN,167
USC00316096,2009-08-31,TMIN,211
USC00314144,2005-09-20,TMAX,322
USC00317170,2013-04-07,TMIN,17
USC00314689,2008-03-27,TMIN,56
USC00317170,2013-04-07,TMAX,228
USR0000NNWB,2007-05-26,TMAX,306
USC00316676,2006-01-13,TMIN,94
USC00316676,2006-01-13,TMAX,233
USC00317170,2010-04-24,TMAX,250
USC00315830,2011-06-15,TMAX,289
USC00317170,2010-04-24,TMIN,144
USC00316096,2010-03-04,TMIN,6
USC00316096,2010-03-04,TMAX,106
USC00310576,2005-06-20,TMAX,233
USC00316676,2011-07-04,TMIN,206
USC00314689,2008-06-30,TMIN,244
USC00316096,2014-08-08,TMAX,294
USR0000NHOF,2015-04-26,TMIN,89
USC00316676,2011-07-04,TMAX,344
USR0000NCRN,2012-07-26,TMAX,306
USC00316096,2014-08-08,TMIN,206
USC00314684,2006-04-04,TMAX,278
USC00316096,2011-02-22,TMAX,144
USC00314684,2006-04-04,TMIN,72
USW00093765,2014-09-14,TMIN,194
USC00314689,2009-07-21,TMIN,194
USW00093719,2012-05-05,TMAX,328
USW00093719,2012-05-05,TMIN,206
USC00315830,2011-06-15,TMIN,172
USR0000NCRN,2013-07-31,TMAX,289
USR0000NCRN,2013-07-31,TMIN,222
USW00013754,2014-02-19,TMIN,39
USC00316096,2010-11-19,TMAX,139
USC00314689,2009-07-21,TMAX,300
USW00013754,2015-10-28,TMIN,200
USW00013754,2015-10-28,TMAX,261
USC00310576,2007-05-11,TMAX,272
USR0000NCRN,2013-02-21,TMIN,-11
USR0000NCRN,2013-02-21,TMAX,128
USW00093765,2014-09-14,TMAX,256
USC00310576,2012-08-31,TMIN,178
USC00310576,2012-08-31,TMAX,300
USC00310576,2007-05-11,TMIN,150
USC00314684,2009-09-19,TMAX,261
USC00314684,2009-06-23,TMIN,206
USC00314684,2008-07-10,TMIN,211
USC00314684,2006-08-29,TMAX,339
USC00316676,2012-11-12,TMAX,239
USR0000NNWB,2012-06-28,TMAX,339
USC00314144,2011-05-28,TMAX,278
USC00314144,2011-05-28,TMIN,167
USW00093719,2011-08-15,TMIN,194
USW00093719,2011-08-15,TMAX,317
USW00013754,2015-09-02,TMAX,333
USW00093719,2008-04-03,TMIN,89
USR0000NNWB,2005-01-11,TMAX,194
USW00093719,2008-04-03,TMAX,189
USC00314684,2006-08-29,TMIN,217
USW00013754,2015-09-02,TMIN,200
USC00310576,2015-03-05,TMIN,167
USC00315830,2014-02-22,TMIN,72
USW00093719,2013-04-07,TMIN,28
USR0000NNWB,2005-01-11,TMIN,56
USC00314684,2009-06-23,TMAX,300
USR0000NNWB,2007-04-03,TMIN,133
USW00093719,2006-11-12,TMAX,183
USR0000NCRN,2012-07-26,TMIN,256
USC00310576,2008-07-08,TMAX,311
USR0000NHOF,2015-04-26,TMAX,150
USC00310576,2008-07-08,TMIN,211
USR0000NCRN,2015-07-10,TMAX,344
USR0000NCRN,2015-07-10,TMIN,239
USC00314684,2008-07-10,TMAX,300
USR0000NNWB,2007-04-03,TMAX,294
USR0000NCRN,2007-05-20,TMIN,111
USR0000NCRN,2007-05-20,TMAX,283
USC00310356,2012-03-19,TMAX,189
USC00310356,2012-03-19,TMIN,139
USC00316676,2006-05-05,TMIN,128
USC00316676,2006-05-05,TMAX,278
USW00093719,2010-09-21,TMIN,178
USR0000NNWB,2011-10-04,TMAX,228
USW00093719,2006-11-12,TMIN,94
USC00316096,2010-11-19,TMIN,11
USC00316676,2008-07-15,TMIN,222
USC00316676,2008-07-15,TMAX,328
USC00314684,2009-04-30,TMAX,283
USC00310356,2013-08-05,TMIN,211
USC00310356,2013-08-05,TMAX,294
USR0000NHOF,2009-12-18,TMAX,106
USC00310576,2013-01-18,TMAX,144
USC00314689,2005-06-27,TMAX,300
USC00310576,2013-01-18,TMIN,39
USC00314689,2005-06-27,TMIN,239
USR0000NHOF,2009-12-18,TMIN,-33
USR0000NCRN,2014-04-24,TMAX,189
USR0000NCRN,2014-04-24,TMIN,83
USC00310576,2008-01-20,TMIN,28
USW00093765,2012-02-17,TMIN,78
USR0000NCRN,2015-02-19,TMAX,0
USC00315830,2013-04-03,TMAX,139
USW00093765,2013-04-07,TMIN,67
USC00310576,2008-01-20,TMAX,83
USW00093765,2013-04-07,TMAX,200
USW00093719,2013-11-19,TMAX,161
USC00315830,2011-11-01,TMIN,89
USC00317170,2009-04-20,TMIN,161
USC00316096,2012-08-13,TMAX,294
USR0000NNWB,2007-05-26,TMIN,133
USW00093765,2012-02-17,TMAX,178
USC00317170,2009-04-20,TMAX,267
USW00093743,2013-08-05,TMIN,183
USW00093743,2013-08-05,TMAX,294
USC00315830,2011-11-01,TMAX,189
USR0000NHOF,2014-12-25,TMIN,17
USC00310576,2008-09-12,TMIN,211
USC00314689,2010-03-04,TMIN,17
USC00310576,2008-09-12,TMAX,300
USC00314689,2010-03-04,TMAX,117
USW00093719,2013-11-19,TMIN,61
USC00314689,2012-06-05,TMIN,172
USC00314684,2008-11-04,TMIN,156
USC00314684,2008-11-04,TMAX,183
USR0000NCRN,2011-09-02,TMAX,278
USR0000NCRN,2011-09-02,TMIN,156
USW00093719,2012-10-18,TMAX,267
USC00316096,2011-02-22,TMIN,22
USC00316096,2014-06-07,TMAX,278
USC00316096,2014-06-07,TMIN,167
USW00013754,2015-03-18,TMIN,67
USC00314684,2011-12-05,TMAX,194
USC00314684,2011-12-05,TMIN,28
USC00315830,2007-04-20,TMIN,44
USC00310576,2005-06-20,TMIN,183
USC00315830,2007-04-20,TMAX,222
USC00310576,2010-05-06,TMAX,306
USW00013754,2007-11-13,TMAX,217
USW00013754,2007-11-13,TMIN,89
USC00310576,2010-05-06,TMIN,156
USW00013754,2014-02-19,TMAX,222
USC00315830,2006-07-08,TMIN,178
USC00314684,2009-09-19,TMIN,172
USC00315830,2006-07-08,TMAX,272
USW00093765,2012-08-29,TMIN,233
USR0000NCRN,2005-09-20,TMIN,211
USR0000NCRN,2005-09-20,TMAX,300
USR0000NCRN,2015-02-19,TMIN,-89
USC00315830,2013-04-03,TMIN,72
USW00093719,2012-10-18,TMIN,106
USR0000NHOF,2011-09-11,TMAX,306
USC00314144,2005-11-15,TMAX,239
USW00013754,2008-01-17,TMAX,150
USW00013754,2008-01-17,TMIN,33
USR0000NHOF,2009-03-02,TMIN,-28
USR0000NHOF,2009-03-02,TMAX,44
USC00314144,2005-11-15,TMIN,133
USW00093765,2012-08-29,TMAX,294
USW00093765,2010-06-22,TMAX,317
USR0000NHOF,2011-09-11,TMIN,150
USC00317170,2010-01-09,TMAX,39
USC00317170,2010-01-09,TMIN,-17
USW00013754,2015-03-18,TMAX,183
USW00093765,2010-06-22,TMIN,267
USC00314689,2012-06-05,TMAX,278
USC00310356,2006-08-03,TMAX,289
USW00093719,2011-12-05,TMIN,111
USC00316096,2012-07-07,TMIN,256
USC00314684,2014-04-23,TMAX,283
USC00314684,2014-04-23,TMIN,111
USW00013754,2009-05-28,TMAX,278
USW00013754,2009-05-28,TMIN,183
USC00316676,2009-01-18,TMIN,-94
USW00093719,2014-08-10,TMIN,228
USC00316676,2014-09-18,TMIN,183
USW00013754,2005-10-11,TMIN,206
USC00316676,2014-09-18,TMAX,267
USR0000NHOF,2011-02-15,TMAX,139
USW00093719,2012-08-31,TMIN,189
USW00093719,2012-08-31,TMAX,322
USR0000NHOF,2012-11-14,TMIN,61
USW00093719,2014-08-10,TMAX,294
USC00314144,2005-05-08,TMAX,256
USC00314689,2011-05-01,TMAX,239
USR0000NHOF,2011-02-15,TMIN,-17
USR0000NHOF,2012-11-14,TMAX,111
USC00315830,2014-04-26,TMAX,228
USC00316676,2009-01-18,TMAX,28
USC00314689,2013-11-01,TMAX,272
USC00314689,2013-11-01,TMIN,200
USC00316676,2007-08-02,TMIN,189
USC00310576,2009-02-05,TMIN,-22
USW00093765,2007-11-19,TMAX,200
USC00314689,2011-05-01,TMIN,122
USC00310576,2009-02-05,TMAX,56
USC00315830,2014-04-26,TMIN,144
USC00314689,2007-04-11,TMIN,78
USC00314689,2012-05-08,TMAX,272
USW00093765,2007-11-19,TMIN,83
USC00310576,2013-12-30,TMIN,50
USC00314689,2005-10-12,TMIN,178
USC00314689,2005-10-12,TMAX,217
USC00314144,2007-12-02,TMAX,189
USW00013754,2005-10-11,TMAX,272
USC00314689,2012-05-08,TMIN,128
USC00310356,2010-05-06,TMIN,200
USC00310356,2011-12-07,TMIN,167
USC00314144,2005-05-08,TMIN,94
USC00316676,2011-04-08,TMAX,267
USR0000NHOF,2007-12-29,TMAX,239
USR0000NHOF,2007-12-29,TMIN,128
USW00093765,2005-10-27,TMIN,78
USC00310576,2015-05-20,TMAX,317
USC00316676,2007-08-02,TMAX,311
USR0000NHOF,2012-10-18,TMAX,256
USW00093743,2010-03-24,TMAX,217
USR0000NHOF,2012-10-18,TMIN,72
USC00316096,2012-05-08,TMIN,122
USC00316096,2012-05-08,TMAX,250
USR0000NHOF,2008-04-22,TMAX,211
USR0000NHOF,2008-04-22,TMIN,128
USR0000NHOF,2010-08-01,TMIN,194
USR0000NHOF,2010-08-01,TMAX,278
USW00093765,2014-11-20,TMAX,139
USW00093743,2012-11-14,TMIN,72
USC00310356,2011-12-07,TMAX,206
USW00093743,2010-03-24,TMIN,67
USC00314684,2012-02-12,TMAX,94
USC00310356,2012-10-18,TMAX,217
USC00310576,2010-06-25,TMIN,256
USC00310576,2010-06-25,TMAX,367
USC00310356,2012-10-18,TMIN,144
USW00093719,2006-08-30,TMIN,233
USW00093719,2006-08-30,TMAX,333
USC00310576,2013-12-30,TMAX,211
USR0000NCRN,2013-07-30,TMIN,200
USW00093743,2012-10-18,TMAX,250
USW00093743,2010-05-06,TMAX,272
USW00093743,2012-10-18,TMIN,122
USC00314689,2008-12-03,TMAX,117
USC00314689,2008-12-03,TMIN,-33
USC00314144,2007-12-02,TMIN,-17
USC00310576,2015-05-20,TMIN,200
USR0000NCRN,2013-07-30,TMAX,283
USC00314684,2012-02-12,TMIN,-56
USW00093765,2005-10-27,TMAX,183
USR0000NCRN,2010-10-08,TMAX,261
USC00314684,2005-09-19,TMIN,222
USC00310576,2009-11-07,TMAX,161
USR0000NHOF,2011-12-07,TMIN,106
USR0000NCRN,2010-11-07,TMAX,122
USC00314689,2011-03-10,TMAX,200
USR0000NCRN,2014-12-25,TMAX,183
USC00314144,2008-01-01,TMIN,28
USR0000NCRN,2014-12-25,TMIN,22
USC00316676,2013-04-02,TMIN,72
USC00316096,2014-12-07,TMAX,161
USC00316096,2014-12-07,TMIN,61
USR0000NHOF,2014-06-01,TMIN,89
USC00316096,2009-08-22,TMIN,233
USC00317170,2007-06-14,TMIN,150
USC00317170,2007-06-14,TMAX,233
USR0000NCRN,2007-01-21,TMIN,61
USR0000NCRN,2007-01-21,TMAX,144
USC00314684,2007-06-03,TMIN,189
USC00317170,2011-01-18,TMIN,11
USC00314144,2011-01-30,TMIN,6
USW00093719,2008-02-04,TMIN,44
USR0000NNWB,2013-04-08,TMAX,267
USR0000NNWB,2015-02-20,TMIN,-122
USR0000NNWB,2015-02-20,TMAX,-22
USC00310356,2015-12-15,TMIN,161
USC00310356,2015-12-15,TMAX,200
USC00310576,2009-11-07,TMIN,17
USW00093743,2009-05-17,TMAX,261
USC00316676,2013-04-02,TMAX,228
USC00310356,2008-04-22,TMAX,217
USC00314684,2010-06-08,TMIN,139
USW00093765,2005-12-08,TMAX,144
USC00310356,2008-04-22,TMIN,122
USC00314144,2011-01-30,TMAX,150
USW00093765,2005-12-08,TMIN,61
USW00093743,2009-05-17,TMIN,128
USW00093719,2008-02-04,TMAX,228
USC00314684,2010-06-08,TMAX,278
USR0000NCRN,2010-10-08,TMIN,106
USC00317170,2011-01-18,TMAX,111
USC00315830,2007-08-26,TMIN,239
USC00316096,2015-09-25,TMAX,239
USC00317170,2007-10-27,TMIN,189
USR0000NHOF,2010-03-24,TMIN,28
USR0000NHOF,2010-03-24,TMAX,239
USC00315830,2007-08-26,TMAX,311
USC00314689,2007-04-11,TMAX,172
USC00315830,2014-08-08,TMAX,289
USR0000NCRN,2005-12-10,TMAX,144
USC00316096,2015-09-25,TMIN,211
USC00315830,2014-08-08,TMIN,222
USR0000NNWB,2007-04-20,TMIN,61
USR0000NNWB,2007-04-20,TMAX,206
USC00310576,2005-11-27,TMIN,17
USW00013754,2015-09-14,TMIN,122
USC00310356,2010-05-06,TMAX,233
USC00314684,2005-09-19,TMAX,328
USR0000NNWB,2008-06-26,TMAX,356
USC00315830,2006-09-29,TMIN,150
USR0000NCRN,2007-07-20,TMAX,317
USR0000NCRN,2007-07-20,TMIN,217
USR0000NHOF,2011-12-07,TMAX,233
USC00317170,2007-10-27,TMAX,222
USC00316096,2009-08-22,TMAX,306
USC00314144,2008-01-01,TMAX,189
USC00315830,2006-09-29,TMAX,250
USR0000NNWB,2008-06-26,TMIN,233
USW00093743,2008-04-22,TMAX,200
USR0000NCRN,2010-11-07,TMIN,6
USW00093743,2008-04-22,TMIN,133
USW00093765,2009-01-12,TMAX,83
USW00093765,2009-01-12,TMIN,17
USW00093719,2011-02-01,TMIN,28
USW00013754,2015-09-14,TMAX,261
USW00013754,2013-04-08,TMAX,239
USR0000NCRN,2005-12-10,TMIN,-28
USC00310576,2005-11-27,TMAX,189
USW00013754,2013-04-08,TMIN,100
USW00093765,2014-11-20,TMIN,33
USC00314689,2005-06-14,TMIN,239
USC00314684,2015-07-09,TMAX,339
USW00013754,2007-04-20,TMAX,189
USC00314689,2009-04-30,TMIN,128
USC00314689,2009-04-30,TMAX,278
USW00013754,2007-03-04,TMIN,33
USC00316676,2008-11-23,TMIN,-50
USC00316676,2008-11-23,TMAX,67
USC00310356,2010-07-17,TMAX,300
USW00013754,2007-04-20,TMIN,50
USC00310356,2010-07-17,TMIN,256
USC00316676,2005-03-09,TMAX,178
USC00310576,2009-12-19,TMAX,144
USW00093765,2013-08-05,TMIN,178
USW00093765,2013-08-05,TMAX,283
USC00310576,2007-12-25,TMAX,156
USC00310576,2007-12-25,TMIN,33
USR0000NHOF,2010-05-06,TMAX,306
USC00310576,2009-12-19,TMIN,28
USR0000NHOF,2010-05-06,TMIN,128
USW00013754,2007-03-04,TMAX,111
USC00310356,2012-10-21,TMAX,222
USW00013754,2014-06-01,TMIN,133
USR0000NNWB,2006-11-22,TMIN,78
USR0000NNWB,2006-11-22,TMAX,189
USW00093765,2006-08-29,TMAX,300
USW00093765,2006-08-29,TMIN,267
USW00093765,2005-05-21,TMAX,206
USC00315830,2007-03-28,TMIN,161
USW00013754,2014-06-01,TMAX,233
USC00316096,2014-04-23,TMAX,233
USR0000NNWB,2010-03-02,TMIN,6
USC00316096,2014-04-23,TMIN,78
USW00093765,2005-05-21,TMIN,106
USC00310356,2012-10-21,TMIN,128
USC00310356,2014-01-22,TMIN,-50
USR0000NNWB,2009-06-01,TMAX,306
USC00310356,2014-01-22,TMAX,156
USR0000NNWB,2010-03-02,TMAX,72
USR0000NHOF,2010-09-27,TMAX,222
USR0000NNWB,2009-06-01,TMIN,189
USC00316096,2010-08-21,TMIN,194
USC00314684,2005-08-15,TMAX,328
USC00314684,2005-08-15,TMIN,206
USW00093743,2011-02-15,TMAX,144
USR0000NNWB,2012-08-31,TMAX,328
USR0000NHOF,2009-01-30,TMIN,-44
USW00093743,2010-07-17,TMAX,306
USW00093765,2005-01-10,TMAX,133
USR0000NCRN,2006-08-03,TMIN,272
USW00093743,2010-07-17,TMIN,228
USC00316676,2005-11-27,TMIN,-6
USR0000NNWB,2015-09-14,TMAX,267
USR0000NNWB,2015-09-14,TMIN,117
USC00317170,2014-11-20,TMAX,150
USW00093765,2011-04-09,TMIN,122
USW00093765,2011-04-09,TMAX,183
USC00317170,2014-11-20,TMIN,-17
USW00093765,2005-01-10,TMIN,61
USC00316096,2010-08-21,TMAX,317
USR0000NCRN,2006-08-03,TMAX,339
USC00316096,2011-02-11,TMIN,-50
USW00013754,2015-04-08,TMAX,289
USC00314689,2007-09-28,TMIN,211
USW00013754,2015-02-20,TMIN,-110
USC00310576,2014-09-14,TMAX,311
USC00310576,2014-09-14,TMIN,183
USC00314689,2014-12-25,TMIN,128
USC00314689,2014-12-25,TMAX,211
USR0000NNWB,2012-08-31,TMIN,194
USC00316676,2014-02-22,TMIN,56
USW00013754,2015-04-08,TMIN,161
USR0000NCRN,2011-03-03,TMAX,100
USW00093743,2011-02-15,TMIN,28
USC00316676,2013-09-25,TMIN,106
USC00310576,2009-11-24,TMAX,200
USC00310576,2009-11-24,TMIN,133
USC00316676,2013-09-25,TMAX,228
USC00316676,2014-02-22,TMAX,244
USR0000NHOF,2010-09-27,TMIN,194
USW00093743,2014-01-22,TMAX,6
USR0000NNWB,2010-12-17,TMAX,100
USW00013754,2010-03-02,TMAX,72
USW00013754,2010-03-02,TMIN,-5
USR0000NCRN,2009-04-10,TMAX,222
USR0000NCRN,2009-04-10,TMIN,117
USW00093743,2010-08-01,TMIN,200
USW00093743,2010-08-01,TMAX,278
USC00314684,2007-06-28,TMAX,317
USC00314684,2009-02-14,TMIN,50
USC00314144,2009-10-29,TMIN,94
USC00310576,2010-01-12,TMIN,-50
USC00310576,2010-01-12,TMAX,94
USC00315830,2009-08-06,TMIN,261
USR0000NCRN,2006-04-06,TMIN,83
USR0000NCRN,2006-04-06,TMAX,228
USC00316676,2011-04-08,TMIN,78
USC00315830,2009-08-06,TMAX,306
USC00314144,2009-10-29,TMAX,189
USC00316676,2006-05-02,TMAX,178
USC00314684,2009-02-14,TMAX,206
USC00317170,2014-11-22,TMAX,144
USW00093743,2012-11-14,TMAX,122
USR0000NHOF,2012-10-21,TMIN,44
USC00314684,2015-07-09,TMIN,244
USR0000NHOF,2014-01-22,TMIN,-94
USC00310356,2010-03-24,TMIN,72
USC00310356,2010-03-24,TMAX,139
USC00314144,2006-07-11,TMIN,189
USR0000NHOF,2012-10-21,TMAX,206
USW00093719,2011-02-01,TMAX,150
USC00314144,2006-07-11,TMAX,328
USC00314689,2005-06-14,TMAX,328
USR0000NHOF,2008-03-07,TMAX,211
USR0000NHOF,2008-03-07,TMIN,72
USC00317170,2014-11-22,TMIN,-44
USW00093743,2010-05-06,TMIN,161
USC00314684,2007-06-28,TMIN,206
USR0000NHOF,2014-01-22,TMAX,22
USC00310576,2008-12-02,TMAX,161
USC00316676,2006-05-02,TMIN,61
USC00314144,2006-01-12,TMAX,233
USC00316676,2008-05-04,TMIN,128
USC00316676,2008-05-04,TMAX,278
USR0000NHOF,2009-05-17,TMAX,250
USC00316676,2015-07-31,TMIN,228
USW00093743,2013-07-30,TMAX,294
USC00315830,2015-05-17,TMAX,250
USC00317170,2011-10-15,TMAX,256
USW00093743,2012-10-21,TMAX,211
USW00093743,2013-07-30,TMIN,228
USC00317170,2011-11-01,TMIN,72
USC00315830,2015-05-17,TMIN,172
USC00317170,2011-11-01,TMAX,156
USR0000NHOF,2009-05-17,TMIN,111
USW00093743,2014-01-22,TMIN,-66
USC00316676,2015-07-31,TMAX,317
USR0000NNWB,2010-12-17,TMIN,-17
USC00317170,2011-10-15,TMIN,106
USC00314689,2011-10-30,TMIN,11
USC00310356,2013-07-30,TMIN,217
USC00310356,2013-07-30,TMAX,289
USC00310356,2010-08-01,TMIN,206
USC00310356,2010-08-01,TMAX,317
USC00310576,2008-12-02,TMIN,44
USC00314144,2006-01-12,TMIN,67
USC00310576,2007-05-10,TMAX,256
USC00314144,2008-10-02,TMIN,61
USC00310356,2012-11-14,TMIN,78
USC00316096,2015-10-19,TMAX,150
USC00310356,2012-11-14,TMAX,217
USC00316096,2015-10-19,TMIN,17
USC00314144,2008-10-02,TMAX,217
USC00317170,2013-08-05,TMIN,161
USC00317170,2013-08-05,TMAX,294
USC00310576,2007-05-10,TMIN,156
USC00315830,2007-03-28,TMAX,272
USW00093743,2012-10-21,TMIN,94
USC00314689,2011-10-30,TMAX,133
USR0000NNWB,2013-04-08,TMIN,94
USR0000NCRN,2011-09-11,TMIN,167
USC00316096,2011-10-30,TMIN,17
USR0000NHOF,2014-06-01,TMAX,272
USC00314689,2009-08-22,TMAX,294
USC00316676,2011-09-01,TMIN,150
USC00316676,2012-02-17,TMIN,44
USC00314684,2011-08-15,TMIN,178
USC00317170,2007-10-12,TMIN,106
USW00093765,2015-07-09,TMAX,311
USW00093765,2015-07-09,TMIN,261
USC00314689,2009-08-22,TMIN,244
USC00314144,2009-04-10,TMAX,256
USW00093765,2013-04-08,TMIN,133
USW00093765,2013-04-08,TMAX,217
USC00316676,2012-02-17,TMAX,161
USC00314684,2011-08-15,TMAX,322
USC00314689,2015-07-30,TMIN,206
USW00093743,2008-02-13,TMAX,283
USW00093743,2008-02-13,TMIN,183
USC00314144,2009-04-10,TMIN,72
USC00314684,2014-12-08,TMIN,28
USC00316676,2011-09-01,TMAX,294
USC00314689,2015-07-30,TMAX,339
USC00314689,2011-02-07,TMAX,139
USC00317170,2008-11-04,TMIN,161
USC00314689,2011-02-07,TMIN,17
USC00316096,2013-01-03,TMAX,56
USC00315830,2011-12-05,TMIN,144
USC00316096,2013-01-03,TMIN,0
USC00317170,2013-04-08,TMIN,94
USC00310576,2015-08-21,TMIN,211
USC00317170,2013-04-08,TMAX,267
USR0000NHOF,2007-01-21,TMIN,-67
USR0000NHOF,2007-01-21,TMAX,78
USC00310576,2015-08-21,TMAX,328
USW00013754,2005-04-08,TMIN,161
USC00310576,2007-09-08,TMAX,300
USC00317170,2007-10-12,TMAX,228
USC00310576,2007-09-08,TMIN,156
USW00013754,2005-04-08,TMAX,211
USC00317170,2008-11-04,TMAX,194
USC00314684,2014-12-08,TMAX,89
USW00093719,2006-05-06,TMAX,278
USW00013754,2011-08-04,TMAX,367
USC00315830,2009-01-13,TMIN,33
USC00315830,2006-08-22,TMIN,250
USR0000NHOF,2011-05-20,TMAX,256
USC00315830,2009-01-13,TMAX,133
USR0000NHOF,2011-05-20,TMIN,144
USC00316096,2015-10-20,TMIN,33
USC00316676,2012-05-04,TMIN,167
USC00310356,2014-06-01,TMIN,161
USR0000NHOF,2010-08-26,TMAX,311
USC00314684,2006-02-16,TMIN,17
USR0000NCRN,2015-11-14,TMAX,156
USW00093719,2012-06-05,TMAX,228
USC00310576,2015-07-12,TMIN,222
USC00314689,2012-03-09,TMAX,222
USC00317170,2014-04-23,TMAX,239
USC00310576,2008-07-16,TMAX,317
USW00093719,2006-05-06,TMIN,156
USC00316676,2012-05-04,TMAX,333
USW00093765,2008-06-02,TMAX,289
USC00310576,2011-02-22,TMAX,256
USC00316676,2013-07-29,TMAX,306
USC00316676,2013-07-29,TMIN,217
USC00316096,2011-05-16,TMAX,244
USC00314144,2008-01-16,TMIN,-50
USC00310576,2008-07-16,TMIN,211
USC00310576,2011-02-22,TMIN,78
USW00093765,2008-06-02,TMIN,200
USC00314684,2006-11-12,TMIN,128
USC00310356,2014-06-01,TMAX,294
USW00093765,2012-08-31,TMIN,200
USW00093719,2014-11-20,TMAX,167
USW00093719,2014-11-20,TMIN,6
USR0000NNWB,2007-04-19,TMIN,61
USW00093765,2012-08-31,TMAX,289
USC00314684,2006-11-12,TMAX,267
USR0000NNWB,2007-04-19,TMAX,167
USC00315830,2011-12-05,TMAX,206
USW00093743,2007-12-29,TMIN,144
USR0000NNWB,2006-08-04,TMAX,372
USC00316676,2006-08-21,TMIN,222
USW00093765,2011-03-05,TMAX,206
USC00310576,2007-02-17,TMIN,-39
USW00093765,2011-03-05,TMIN,78
USC00314689,2015-10-20,TMAX,217
USW00093765,2008-03-02,TMAX,133
USW00093765,2008-03-02,TMIN,50
USC00310576,2007-02-17,TMAX,67
USW00013754,2011-05-16,TMAX,261
USC00317170,2011-12-19,TMIN,-28
USC00314144,2005-03-08,TMIN,44
USW00093719,2008-01-06,TMAX,211
USW00093719,2008-01-06,TMIN,50
USC00317170,2012-08-31,TMIN,189
USC00317170,2012-08-31,TMAX,328
USC00315830,2012-06-07,TMIN,144
USC00317170,2011-12-19,TMAX,144
USC00315830,2012-06-07,TMAX,256
USC00310576,2009-03-11,TMAX,178
USC00316676,2006-08-21,TMAX,328
USC00310576,2008-09-11,TMIN,222
USC00314144,2005-04-10,TMAX,228
USW00093765,2007-08-30,TMIN,206
USW00093765,2007-08-30,TMAX,311
USC00314689,2009-04-20,TMIN,161
USR0000NHOF,2015-11-29,TMAX,256
USR0000NHOF,2015-11-29,TMIN,67
USC00314689,2015-10-20,TMIN,17
USC00314684,2015-09-25,TMIN,183
USR0000NNWB,2014-06-01,TMIN,111
USC00316676,2008-07-23,TMAX,367
USC00314684,2013-04-08,TMIN,17
USC00314684,2013-04-08,TMAX,222
USW00093765,2011-01-08,TMAX,89
USR0000NNWB,2014-06-01,TMAX,256
USC00310576,2009-03-11,TMIN,72
USC00316676,2008-07-23,TMIN,217
USC00315830,2006-04-04,TMAX,233
USC00315830,2006-04-04,TMIN,111
USC00314144,2005-03-08,TMAX,183
USW00093743,2007-12-29,TMAX,194
USC00316676,2015-01-22,TMAX,206
USC00316676,2015-01-22,TMIN,22
USW00093765,2014-04-23,TMAX,222
USW00093765,2014-04-23,TMIN,106
USC00314144,2006-08-03,TMAX,372
USC00314689,2009-06-01,TMIN,211
USC00314689,2009-04-20,TMAX,272
USR0000NNWB,2006-08-04,TMIN,267
USC00316676,2009-07-19,TMAX,300
USC00310576,2012-03-20,TMIN,122
USC00310576,2012-03-20,TMAX,250
USC00316676,2009-07-19,TMIN,217
USC00310576,2011-01-25,TMAX,67
USC00310576,2011-01-25,TMIN,6
USC00314689,2009-06-01,TMAX,317
USC00314144,2006-08-03,TMIN,244
USC00310356,2008-02-13,TMIN,122
USC00310356,2008-02-13,TMAX,161
USW00013754,2011-05-16,TMIN,150
USC00314684,2011-10-30,TMAX,100
USC00314684,2011-10-30,TMIN,-11
USC00310576,2014-05-17,TMIN,122
USC00310576,2014-05-17,TMAX,256
USW00093719,2014-06-08,TMIN,150
USW00093719,2014-06-08,TMAX,306
USW00093743,2011-05-20,TMAX,278
USC00314684,2013-02-18,TMAX,33
USC00314689,2007-11-03,TMAX,172
USC00314684,2013-02-18,TMIN,-78
USW00093719,2007-04-20,TMIN,61
USC00314689,2007-11-03,TMIN,100
USC00316096,2011-11-01,TMIN,72
USW00093719,2007-04-20,TMAX,206
USC00316096,2011-11-01,TMAX,156
USW00093743,2011-05-20,TMIN,200
USC00316096,2011-05-16,TMIN,156
USC00317170,2014-04-23,TMIN,150
USC00314689,2014-04-23,TMAX,278
USC00314144,2009-09-01,TMIN,167
USC00310576,2015-07-12,TMAX,344
USC00317170,2009-03-04,TMIN,-39
USC00314689,2007-06-24,TMIN,172
USR0000NHOF,2008-02-13,TMAX,217
USC00310356,2008-03-07,TMIN,111
USR0000NHOF,2008-02-13,TMIN,72
USW00013754,2011-07-23,TMIN,256
USC00314689,2007-10-27,TMIN,194
USC00314689,2007-06-24,TMAX,317
USC00310576,2010-05-18,TMIN,206
USC00310576,2010-05-18,TMAX,267
USR0000NCRN,2012-10-18,TMAX,261
USC00314684,2008-12-28,TMAX,178
USR0000NCRN,2012-10-18,TMIN,117
USC00314689,2007-10-27,TMAX,228
USC00316676,2010-12-16,TMAX,44
USW00093765,2011-10-15,TMAX,244
USC00314684,2008-12-28,TMIN,89
USW00093765,2011-10-15,TMIN,139
USC00317170,2011-05-20,TMAX,294
USC00314684,2011-11-01,TMAX,156
USR0000NCRN,2006-07-11,TMIN,222
USR0000NCRN,2006-07-11,TMAX,306
USW00013754,2011-07-23,TMAX,350
USC00315830,2010-01-09,TMAX,44
USW00093719,2013-04-08,TMIN,94
USW00093719,2013-04-08,TMAX,267
USR0000NHOF,2014-02-19,TMIN,39
USC00317170,2011-05-20,TMIN,161
USW00093765,2005-01-19,TMIN,-78
USC00315830,2010-01-09,TMIN,-44
USC00317170,2015-11-05,TMIN,189
USR0000NNWB,2006-05-06,TMIN,167
USR0000NNWB,2006-05-06,TMAX,283
USC00317170,2009-03-04,TMAX,94
USC00310356,2008-03-07,TMAX,211
USC00314684,2011-11-01,TMIN,22
USW00093765,2005-01-19,TMAX,44
USC00314689,2013-02-18,TMIN,-61
USC00310356,2009-05-17,TMAX,244
USC00310356,2009-05-17,TMIN,206
USC00317170,2008-06-02,TMIN,200
USW00013754,2011-10-16,TMIN,94
USC00310576,2005-09-22,TMIN,200
USR0000NHOF,2015-12-15,TMIN,83
USR0000NHOF,2015-12-15,TMAX,244
USW00013754,2011-10-16,TMAX,250
USC00316096,2009-09-18,TMIN,189
USC00317170,2008-06-02,TMAX,294
USC00316676,2013-11-19,TMIN,94
USC00317170,2007-05-29,TMIN,172
USC00317170,2007-05-29,TMAX,328
USC00314684,2007-06-03,TMAX,261
USC00310576,2014-07-12,TMIN,222
USC00310576,2005-09-22,TMAX,289
USC00316096,2011-10-30,TMAX,139
USR0000NCRN,2011-09-11,TMAX,300
USC00316676,2013-11-19,TMAX,267
USC00310576,2005-10-27,TMAX,178
USC00310576,2014-07-12,TMAX,278
USC00317170,2011-04-09,TMAX,222
USC00314684,2005-07-28,TMIN,228
USC00314684,2005-07-28,TMAX,378
USC00314689,2011-03-10,TMIN,139
USW00093719,2009-10-16,TMIN,106
USC00316676,2010-12-16,TMIN,-72
USC00315830,2010-10-01,TMAX,272
USW00093719,2008-03-20,TMAX,200
USC00316096,2009-09-18,TMAX,256
USW00093719,2009-10-16,TMAX,150
USW00093719,2008-03-20,TMIN,56
USW00093765,2011-07-03,TMAX,311
USC00315830,2010-10-01,TMIN,189
USC00314684,2013-08-05,TMIN,150
USC00310576,2005-10-27,TMIN,39
USC00314684,2013-08-05,TMAX,289
USW00093765,2011-07-03,TMIN,267
USC00317170,2011-04-09,TMIN,117
USC00317170,2007-05-19,TMIN,128
USW00093719,2010-04-13,TMAX,244
USC00315830,2015-03-05,TMAX,167
USR0000NNWB,2009-09-10,TMIN,178
USR0000NNWB,2009-09-10,TMAX,228
USC00314684,2006-02-16,TMAX,189
USC00316096,2013-11-01,TMIN,189
USC00317170,2015-07-09,TMAX,344
USC00317170,2015-07-09,TMIN,239
USC00317170,2010-07-07,TMIN,222
USC00314689,2013-08-05,TMAX,294
USC00314689,2010-11-30,TMAX,239
USW00093765,2008-02-13,TMIN,111
USW00093765,2008-02-13,TMAX,183
USC00314684,2015-10-19,TMIN,0
USR0000NCRN,2015-11-14,TMIN,11
USC00316096,2013-02-18,TMAX,83
USR0000NNWB,2011-04-03,TMAX,217
USC00310356,2014-09-14,TMAX,294
USC00314684,2015-10-19,TMAX,139
USC00310356,2014-09-14,TMIN,211
USC00314689,2013-08-05,TMIN,194
USR0000NNWB,2011-06-10,TMIN,217
USC00314689,2012-03-09,TMIN,117
USW00093719,2012-06-05,TMIN,144
USC00317170,2015-03-04,TMAX,272
USC00317170,2015-03-04,TMIN,83
USR0000NHOF,2010-08-26,TMIN,172
USC00310356,2006-03-05,TMAX,167
USC00310356,2006-03-05,TMIN,6
USC00315830,2005-05-22,TMAX,233
USR0000NNWB,2011-04-03,TMIN,28
USR0000NCRN,2015-01-24,TMIN,39
USR0000NCRN,2015-01-24,TMAX,183
USR0000NHOF,2010-09-07,TMAX,306
USC00315830,2015-03-05,TMIN,117
USC00315830,2005-05-22,TMIN,89
USC00314144,2009-09-01,TMAX,244
USR0000NHOF,2010-09-07,TMIN,139
USC00316096,2013-11-01,TMAX,239
USC00314144,2011-07-05,TMIN,233
USC00314144,2011-07-05,TMAX,328
USW00013754,2005-11-02,TMAX,183
USC00314144,2005-03-17,TMIN,22
USW00093765,2005-01-11,TMAX,200
USR0000NNWB,2005-04-08,TMAX,239
USR0000NNWB,2005-04-08,TMIN,161
USC00316096,2013-11-02,TMAX,222
USR0000NHOF,2014-02-19,TMAX,261
USC00316096,2010-10-01,TMIN,178
USC00316096,2013-11-02,TMIN,128
USC00314144,2005-03-17,TMAX,44
USC00314144,2008-01-16,TMAX,72
USR0000NHOF,2006-03-05,TMAX,144
USR0000NHOF,2006-03-05,TMIN,-78
USC00314689,2013-02-18,TMAX,100
USC00317170,2007-05-19,TMAX,222
USR0000NNWB,2011-06-10,TMAX,350
USW00093719,2010-04-13,TMIN,67
USC00316096,2010-10-01,TMAX,206
USW00093765,2005-01-11,TMIN,72
USC00317170,2015-11-05,TMAX,267
USR0000NNWB,2005-03-28,TMIN,106
USC00317170,2010-07-07,TMAX,378
USC00316096,2013-02-18,TMIN,-72
USC00315830,2006-08-22,TMAX,306
USR0000NHOF,2014-09-14,TMAX,239
USR0000NHOF,2014-09-14,TMIN,183
USC00314689,2013-01-03,TMAX,61
USC00314689,2013-01-03,TMIN,33
USW00013754,2005-11-02,TMIN,61
USC00315830,2006-11-11,TMAX,239
USC00314689,2010-11-30,TMIN,67
USC00315830,2006-11-11,TMIN,122
USW00013754,2011-08-04,TMIN,256
USC00314684,2011-02-11,TMAX,39
USC00314684,2011-02-11,TMIN,-61
USC00316096,2013-08-05,TMIN,150
USC00316096,2013-08-05,TMAX,289
USR0000NNWB,2005-03-28,TMAX,228
USC00316096,2015-10-20,TMAX,211
USW00093765,2011-01-08,TMIN,-10
USC00314689,2014-04-23,TMIN,144
USC00315830,2013-04-08,TMIN,133
USR0000NCRN,2015-05-20,TMAX,294
USR0000NHOF,2015-10-28,TMIN,189
USC00310576,2015-11-29,TMAX,239
USW00093765,2010-03-02,TMAX,94
USW00093765,2010-03-02,TMIN,0
USW00013754,2014-08-08,TMAX,289
USW00013754,2014-08-08,TMIN,217
USC00310356,2015-07-12,TMAX,306
USW00093765,2007-05-29,TMIN,194
USC00315830,2006-01-30,TMAX,167
USR0000NHOF,2006-01-12,TMAX,222
USR0000NHOF,2006-01-12,TMIN,61
USC00310576,2015-11-29,TMIN,78
USC00314144,2006-07-08,TMAX,289
USC00314144,2006-07-08,TMIN,150
USC00316676,2010-11-30,TMIN,44
USW00093765,2007-05-29,TMAX,294
USC00316676,2010-11-30,TMAX,167
USC00314684,2009-04-20,TMAX,239
USR0000NCRN,2015-05-20,TMIN,194
USR0000NHOF,2015-10-28,TMAX,261
USC00317170,2011-08-15,TMIN,189
USC00314689,2008-06-02,TMIN,200
USC00317170,2011-08-15,TMAX,361
USW00013754,2007-06-28,TMIN,211
USR0000NCRN,2012-10-21,TMIN,67
USR0000NCRN,2012-10-21,TMAX,211
USW00093719,2007-11-29,TMIN,44
USW00093719,2011-11-01,TMIN,72
USC00310356,2015-07-12,TMIN,222
USC00315830,2006-01-30,TMIN,128
USC00310356,2005-05-08,TMAX,228
USC00310356,2005-05-08,TMIN,78
USW00093719,2007-11-29,TMAX,178
USC00314684,2009-04-20,TMIN,128
USC00315830,2011-12-20,TMIN,111
USW00093719,2011-11-01,TMAX,161
USR0000NNWB,2011-05-12,TMAX,250
USC00316676,2015-09-02,TMIN,211
USC00316676,2015-09-02,TMAX,289
USC00314689,2005-06-04,TMIN,211
USW00013754,2009-10-16,TMAX,150
USC00310356,2015-09-15,TMIN,167
USC00310356,2009-08-22,TMAX,311
USC00310356,2009-08-22,TMIN,267
USC00314144,2010-08-01,TMIN,194
USC00314144,2010-08-01,TMAX,278
USC00310356,2008-01-02,TMIN,0
USC00316676,2010-12-06,TMIN,-28
USC00316676,2010-12-06,TMAX,72
USC00314689,2005-06-04,TMAX,272
USC00317170,2014-09-18,TMIN,161
USC00317170,2014-09-18,TMAX,267
USR0000NHOF,2010-05-18,TMIN,144
USR0000NHOF,2010-05-18,TMAX,228
USR0000NNWB,2014-08-08,TMAX,300
USW00093765,2014-12-08,TMIN,67
USR0000NCRN,2015-04-01,TMAX,167
USC00314689,2014-02-22,TMIN,39
USW00093765,2010-07-07,TMIN,233
USC00315830,2011-12-20,TMAX,211
USC00315830,2010-08-26,TMIN,211
USR0000NCRN,2015-04-01,TMIN,67
USR0000NNWB,2015-01-04,TMAX,244
USC00315830,2010-08-26,TMAX,300
USR0000NHOF,2005-05-08,TMAX,244
USR0000NHOF,2005-05-08,TMIN,61
USW00093765,2010-07-07,TMAX,361
USC00315830,2011-04-24,TMAX,256
USC00315830,2011-04-24,TMIN,194
USR0000NNWB,2011-12-05,TMAX,211
USC00315830,2008-02-19,TMAX,189
USC00315830,2008-02-19,TMIN,33
USR0000NNWB,2011-12-05,TMIN,211
USC00310356,2008-01-02,TMAX,167
USW00013754,2009-10-16,TMIN,106
USR0000NNWB,2011-05-12,TMIN,122
USC00314684,2012-01-11,TMIN,56
USC00314684,2009-08-22,TMAX,317
USC00314684,2009-08-22,TMIN,233
USC00315830,2013-07-30,TMIN,217
USW00093719,2015-10-28,TMAX,261
USW00013754,2011-08-02,TMIN,222
USW00093765,2010-10-30,TMIN,44
USC00315830,2006-12-13,TMAX,222
USC00314684,2014-11-20,TMAX,61
USC00314689,2011-10-04,TMIN,78
USC00315830,2013-07-30,TMAX,283
USC00314684,2014-11-20,TMIN,-78
USC00316096,2009-06-01,TMIN,172
USC00314689,2011-10-04,TMAX,217
USC00315830,2006-12-13,TMIN,89
USR0000NNWB,2006-04-04,TMIN,72
USR0000NHOF,2015-07-12,TMIN,222
USC00310356,2008-06-17,TMAX,306
USC00316676,2007-10-21,TMAX,278
USR0000NNWB,2006-04-04,TMAX,189
USC00316096,2009-06-01,TMAX,300
USC00317170,2008-03-02,TMIN,44
USW00093765,2010-10-30,TMAX,189
USC00314144,2007-07-20,TMAX,322
USW00093743,2008-06-17,TMIN,200
USR0000NCRN,2015-09-27,TMIN,222
USW00093743,2008-06-17,TMAX,289
USW00093765,2005-02-01,TMIN,11
USC00316676,2007-01-18,TMAX,50
USW00093765,2008-02-04,TMAX,194
USC00317170,2008-03-02,TMAX,161
USW00093765,2008-02-04,TMIN,78
USC00314684,2011-07-03,TMAX,339
USR0000NCRN,2015-09-27,TMAX,250
USC00314144,2010-10-08,TMAX,256
USC00310576,2013-04-08,TMIN,33
USC00310576,2013-04-08,TMAX,222
USC00314684,2011-07-03,TMIN,211
USC00316676,2007-10-21,TMIN,78
USC00316676,2007-01-18,TMIN,11
USW00013754,2007-06-28,TMAX,317
USR0000NHOF,2015-07-12,TMAX,317
USC00315830,2005-02-11,TMAX,128
USC00310356,2006-01-12,TMIN,33
USC00310576,2011-03-03,TMAX,189
USR0000NCRN,2013-09-23,TMAX,228
USW00093765,2009-12-01,TMAX,133
USC00315830,2011-03-17,TMIN,67
USR0000NCRN,2013-09-23,TMIN,117
USC00317170,2010-06-09,TMAX,317
USC00310356,2006-01-12,TMAX,189
USC00310356,2010-09-27,TMIN,222
USR0000NCRN,2014-12-20,TMAX,67
USR0000NCRN,2011-12-07,TMAX,222
USR0000NCRN,2014-12-20,TMIN,11
USC00310356,2010-09-27,TMAX,289
USR0000NHOF,2008-04-10,TMAX,250
USR0000NHOF,2008-04-10,TMIN,111
USW00093765,2009-12-01,TMIN,50
USR0000NCRN,2011-12-07,TMIN,111
USC00315830,2005-02-11,TMIN,-11
USC00314689,2010-06-08,TMIN,161
USC00316676,2012-08-12,TMIN,217
USC00316676,2012-08-12,TMAX,283
USC00314144,2009-07-20,TMAX,278
USC00314144,2009-07-20,TMIN,183
USW00013754,2011-06-10,TMIN,217
USC00317170,2010-06-09,TMIN,167
USW00013754,2011-12-05,TMAX,217
USC00317170,2012-05-08,TMIN,122
USC00314689,2010-06-08,TMAX,294
USC00310356,2012-03-20,TMIN,150
USC00316676,2005-08-06,TMAX,322
USW00013754,2011-12-05,TMIN,117
USR0000NHOF,2009-04-10,TMAX,256
USW00013754,2011-06-10,TMAX,322
USR0000NHOF,2009-04-10,TMIN,72
USC00310356,2012-03-20,TMAX,211
USC00316676,2005-08-06,TMIN,211
USC00317170,2012-05-08,TMAX,267
USR0000NNWB,2014-08-08,TMIN,211
USC00310356,2015-09-15,TMAX,256
USC00314684,2012-01-11,TMAX,144
USW00013754,2013-07-30,TMAX,283
USW00093719,2011-01-25,TMIN,22
USW00013754,2013-07-30,TMIN,211
USW00093719,2011-01-25,TMAX,94
USR0000NNWB,2011-11-01,TMIN,56
USW00093719,2005-03-20,TMIN,78
USW00093719,2014-11-22,TMIN,-27
USW00013754,2010-01-09,TMIN,-60
USC00316096,2013-11-19,TMAX,156
USW00093719,2005-03-20,TMAX,194
USW00093765,2014-01-20,TMAX,139
USR0000NNWB,2011-11-01,TMAX,161
USW00093765,2014-01-20,TMIN,78
USC00316096,2010-05-06,TMIN,139
USC00316096,2010-05-06,TMAX,278
USC00314689,2008-12-09,TMAX,189
USW00093719,2014-11-22,TMAX,150
USC00314689,2008-12-09,TMIN,-6
USW00013754,2010-01-09,TMAX,17
USC00314689,2013-09-25,TMAX,233
USC00310576,2006-05-06,TMIN,183
USC00310576,2006-05-06,TMAX,256
USC00314144,2009-11-25,TMIN,89
USC00314144,2009-11-25,TMAX,122
USC00314689,2012-02-21,TMAX,172
USR0000NNWB,2012-01-19,TMAX,117
USC00314689,2011-02-04,TMIN,11
USW00093765,2008-01-08,TMIN,83
USC00314689,2011-02-04,TMAX,67
USC00317170,2008-02-04,TMIN,72
USW00093719,2006-10-12,TMAX,272
USW00093719,2006-10-12,TMIN,139
USC00316096,2013-11-19,TMIN,61
USC00314689,2013-09-25,TMIN,111
USR0000NNWB,2012-01-19,TMIN,-11
USW00093765,2008-01-08,TMAX,222
USC00317170,2008-02-04,TMAX,228
USC00310356,2014-05-17,TMAX,283
USR0000NCRN,2008-04-14,TMIN,50
USC00316096,2014-11-20,TMAX,139
USC00310356,2007-05-20,TMAX,189
USC00316676,2013-01-18,TMAX,144
USC00316096,2011-10-04,TMIN,72
USC00316096,2011-10-04,TMAX,211
USC00314144,2010-01-12,TMIN,-44
USC00315830,2013-01-05,TMIN,-11
USC00315830,2006-08-04,TMIN,278
USC00316676,2009-05-11,TMIN,156
USR0000NHOF,2015-11-14,TMAX,172
USC00316676,2010-05-16,TMAX,333
USC00314144,2010-01-12,TMAX,61
USR0000NHOF,2015-11-14,TMIN,0
USW00093719,2011-12-05,TMAX,217
USR0000NCRN,2013-04-08,TMIN,133
USR0000NCRN,2013-04-08,TMAX,222
USC00315830,2013-01-05,TMAX,117
USC00315830,2006-08-04,TMAX,322
USR0000NCRN,2008-04-14,TMAX,172
USC00310356,2007-05-20,TMIN,111
USC00316676,2013-01-18,TMIN,39
USC00310576,2012-05-05,TMAX,339
USC00310576,2012-05-05,TMIN,194
USC00316096,2012-07-07,TMAX,328
USC00316096,2014-11-20,TMIN,-22
USW00093765,2005-03-16,TMAX,100
USW00093765,2005-03-16,TMIN,22
USR0000NCRN,2009-07-20,TMAX,272
USC00316676,2009-05-11,TMAX,267
USR0000NCRN,2009-07-20,TMIN,250
USC00310356,2013-04-03,TMIN,89
USR0000NNWB,2015-04-08,TMAX,306
USC00310356,2005-03-10,TMIN,17
USC00310356,2005-03-10,TMAX,67
USR0000NNWB,2015-04-08,TMIN,150
USC00310576,2009-04-11,TMIN,122
USC00310576,2009-04-11,TMAX,256
USC00310356,2013-04-03,TMAX,156
USC00310356,2014-05-17,TMIN,150
USW00093719,2007-08-30,TMAX,306
USC00316096,2014-02-22,TMAX,172
USR0000NCRN,2011-03-21,TMIN,94
USC00310576,2010-08-22,TMAX,322
USW00093743,2014-05-17,TMIN,117
USW00093743,2014-05-17,TMAX,228
USC00310576,2015-04-26,TMIN,111
USR0000NCRN,2011-03-21,TMAX,200
USC00314684,2015-10-20,TMAX,150
USC00310576,2010-08-22,TMIN,189
USC00310576,2015-04-26,TMAX,178
USC00310576,2008-11-10,TMAX,211
USC00310576,2008-11-10,TMIN,50
USR0000NHOF,2013-04-08,TMIN,72
USC00316676,2005-04-09,TMIN,122
USW00093719,2015-09-14,TMIN,133
USC00316676,2005-04-09,TMAX,233
USR0000NHOF,2011-03-08,TMAX,167
USW00093719,2015-09-14,TMAX,256
USR0000NHOF,2013-04-08,TMAX,167
USC00317170,2010-03-02,TMIN,22
USR0000NHOF,2014-05-17,TMAX,250
USW00093765,2008-03-20,TMAX,200
USW00093765,2008-03-20,TMIN,94
USC00314689,2013-11-19,TMIN,50
USC00314689,2013-11-19,TMAX,261
USC00314684,2015-10-20,TMIN,0
USR0000NCRN,2010-01-12,TMIN,-17
USR0000NCRN,2010-01-12,TMAX,78
USC00317170,2010-03-02,TMAX,89
USR0000NNWB,2011-01-08,TMAX,67
USW00093765,2014-12-08,TMAX,144
USC00314684,2013-12-29,TMAX,172
USC00314684,2013-12-29,TMIN,-39
USR0000NNWB,2011-01-08,TMIN,-22
USW00093765,2012-05-08,TMIN,189
USW00093765,2012-05-08,TMAX,256
USR0000NHOF,2014-05-17,TMIN,83
USC00314689,2014-02-22,TMAX,233
USW00093743,2013-04-08,TMIN,111
USW00093743,2013-04-08,TMAX,222
USW00093743,2010-05-18,TMIN,161
USW00093765,2014-09-18,TMAX,267
USR0000NCRN,2006-07-08,TMIN,183
USC00314689,2005-08-16,TMAX,361
USR0000NHOF,2011-03-08,TMIN,-22
USR0000NCRN,2014-06-30,TMAX,294
USR0000NCRN,2014-06-30,TMIN,156
USC00310356,2015-11-14,TMAX,206
USR0000NHOF,2008-02-22,TMAX,89
USC00310356,2015-11-14,TMIN,67
USC00314689,2012-02-21,TMIN,-17
USC00315830,2014-09-14,TMAX,294
USC00315830,2014-09-14,TMIN,211
USC00316096,2014-02-22,TMIN,44
USW00093719,2007-08-30,TMIN,183
USC00310576,2006-03-05,TMAX,144
USC00310576,2006-03-05,TMIN,-28
USW00093743,2009-08-22,TMIN,233
USR0000NCRN,2006-07-08,TMAX,289
USW00093765,2014-09-18,TMIN,189
USC00314689,2005-08-16,TMIN,233
USC00310356,2013-04-08,TMIN,83
USC00310356,2013-04-08,TMAX,189
USW00093743,2010-05-18,TMAX,267
USW00093719,2005-10-11,TMAX,256
USW00093743,2009-08-22,TMAX,311
USW00093719,2005-10-11,TMIN,200
USC00316676,2013-01-03,TMAX,100
USC00314144,2009-10-15,TMAX,150
USC00314144,2009-10-15,TMIN,106
USC00316676,2013-01-03,TMIN,56
USR0000NCRN,2014-01-22,TMIN,-89
USC00310356,2007-02-23,TMAX,161
USC00310356,2007-02-23,TMIN,-6
USC00310356,2010-05-18,TMIN,211
USC00310356,2010-05-18,TMAX,256
USR0000NCRN,2014-01-22,TMAX,-11
USR0000NHOF,2008-02-22,TMIN,11
USC00314144,2010-10-08,TMIN,72
USW00093743,2012-03-20,TMAX,233
USW00093743,2012-03-20,TMIN,122
USC00314144,2007-07-20,TMIN,211
USW00093765,2009-08-17,TMIN,217
USR0000NNWB,2010-04-13,TMIN,89
USR0000NNWB,2010-04-13,TMAX,267
USW00013754,2010-12-17,TMIN,22
USW00093719,2013-08-05,TMIN,172
USW00093719,2011-09-11,TMIN,194
USW00093719,2013-08-05,TMAX,300
USC00314684,2013-11-02,TMAX,272
USC00314144,2008-01-23,TMIN,28
USW00013754,2010-12-17,TMAX,117
USW00093765,2009-08-17,TMAX,294
USC00314689,2015-07-09,TMAX,361
USC00314689,2015-07-09,TMIN,233
USC00310356,2015-10-28,TMAX,228
USC00314684,2009-08-31,TMAX,322
USC00314684,2009-08-31,TMIN,183
USC00314144,2008-01-23,TMAX,150
USC00315830,2008-04-01,TMIN,172
USC00317170,2012-07-26,TMAX,339
USC00315830,2007-02-27,TMAX,183
USC00315830,2009-10-28,TMIN,144
USC00316676,2009-07-21,TMIN,189
USW00093765,2012-06-05,TMAX,233
USW00093765,2012-06-05,TMIN,161
USC00316676,2009-07-21,TMAX,267
USC00310356,2005-07-12,TMAX,300
USC00310356,2005-07-12,TMIN,267
USC00315830,2008-04-01,TMAX,217
USR0000NNWB,2008-10-08,TMIN,94
USR0000NCRN,2012-05-05,TMIN,194
USR0000NNWB,2008-10-08,TMAX,261
USC00317170,2012-07-26,TMIN,228
USC00316676,2015-04-01,TMAX,233
USR0000NCRN,2011-03-03,TMIN,11
USW00093719,2010-03-02,TMAX,72
USW00093719,2010-03-02,TMIN,-6
USR0000NCRN,2012-05-05,TMAX,306
USC00310576,2011-01-12,TMAX,44
USC00310356,2015-10-28,TMIN,167
USC00314684,2005-10-12,TMIN,178
USC00316676,2012-12-09,TMAX,200
USC00316676,2015-04-08,TMIN,122
USC00316676,2015-04-08,TMAX,256
USR0000NHOF,2015-05-20,TMIN,189
USR0000NHOF,2015-05-20,TMAX,328
USR0000NHOF,2015-09-15,TMIN,72
USW00093765,2014-11-22,TMIN,0
USW00093765,2007-06-14,TMAX,233
USW00093765,2007-09-17,TMAX,256
USW00093765,2011-08-04,TMIN,272
USC00314689,2014-09-18,TMIN,161
USC00314689,2014-09-18,TMAX,272
USR0000NNWB,2006-08-30,TMIN,228
USR0000NNWB,2006-08-30,TMAX,328
USR0000NHOF,2015-09-15,TMAX,283
USC00315830,2007-02-27,TMIN,56
USW00093765,2014-11-22,TMAX,150
USC00314689,2010-05-06,TMIN,189
USC00314689,2010-05-06,TMAX,322
USW00013754,2009-09-10,TMIN,183
USC00314684,2005-10-12,TMAX,222
USR0000NNWB,2014-08-10,TMIN,217
USW00093743,2010-10-24,TMIN,89
USW00093743,2010-10-24,TMAX,244
USW00093719,2011-09-11,TMAX,311
USR0000NNWB,2009-05-28,TMAX,300
USC00316676,2013-11-17,TMAX,222
USW00013754,2009-09-10,TMAX,239
USR0000NNWB,2006-10-12,TMAX,267
USC00316676,2015-02-18,TMAX,11
USC00316676,2013-11-17,TMIN,117
USC00316676,2015-02-18,TMIN,-28
USW00093765,2007-06-14,TMIN,156
USR0000NNWB,2006-10-12,TMIN,150
USR0000NNWB,2014-08-10,TMAX,278
USC00316676,2012-12-09,TMIN,94
USR0000NNWB,2009-05-28,TMIN,194
USC00316676,2008-11-10,TMAX,206
USC00316676,2008-11-10,TMIN,22
USR0000NNWB,2014-06-08,TMAX,306
USC00314689,2005-09-19,TMAX,322
USC00314689,2005-09-19,TMIN,239
USC00314689,2015-09-25,TMAX,239
USC00310576,2011-01-12,TMIN,22
USC00316676,2005-03-09,TMIN,-44
USR0000NHOF,2009-01-30,TMAX,111
USC00310356,2011-03-08,TMAX,133
USC00314689,2007-09-28,TMAX,311
USC00314144,2005-12-10,TMIN,-50
USC00316676,2005-06-19,TMAX,272
USC00314689,2015-09-25,TMIN,194
USC00316676,2005-06-19,TMIN,167
USC00310356,2011-03-08,TMIN,44
USC00317170,2009-04-27,TMIN,150
USC00316096,2011-05-01,TMIN,117
USC00316096,2011-05-01,TMAX,233
USC00314144,2005-12-10,TMAX,139
USR0000NHOF,2010-07-17,TMAX,322
USR0000NHOF,2015-09-27,TMAX,256
USC00317170,2009-01-12,TMAX,100
USW00013754,2014-01-20,TMIN,17
USC00315830,2013-04-08,TMAX,222
USW00013754,2015-02-20,TMAX,-27
USC00316676,2005-11-27,TMAX,122
USC00314684,2012-07-07,TMAX,372
USC00316676,2008-03-02,TMIN,17
USR0000NCRN,2005-05-08,TMAX,256
USC00317170,2009-01-12,TMIN,28
USC00316096,2011-02-11,TMAX,33
USC00314684,2012-07-07,TMIN,239
USC00316676,2008-03-02,TMAX,206
USR0000NNWB,2006-01-29,TMAX,189
USR0000NNWB,2006-01-29,TMIN,33
USR0000NHOF,2015-09-27,TMIN,211
USC00314689,2006-09-13,TMAX,244
USC00314689,2006-09-13,TMIN,144
USR0000NCRN,2005-05-08,TMIN,117
USR0000NHOF,2010-07-17,TMIN,228
USW00093765,2011-11-01,TMIN,78
USC00315830,2008-09-12,TMIN,217
USR0000NNWB,2014-01-20,TMAX,178
USC00310356,2015-09-27,TMIN,211
USC00314684,2012-05-08,TMAX,250
USC00310356,2015-09-27,TMAX,228
USC00314689,2014-12-07,TMIN,67
USR0000NNWB,2014-01-20,TMIN,33
USC00315830,2006-05-06,TMIN,189
USC00314689,2014-12-07,TMAX,167
USC00315830,2006-05-06,TMAX,244
USC00315830,2009-10-28,TMAX,250
USC00310576,2006-10-14,TMAX,189
USC00316676,2015-04-01,TMIN,44
USR0000NNWB,2014-06-08,TMIN,156
USC00310356,2011-02-15,TMIN,61
USC00310356,2011-02-15,TMAX,133
USC00314684,2013-11-02,TMIN,161
USC00310576,2006-10-14,TMIN,33
USC00314684,2012-05-08,TMIN,122
USC00310576,2013-07-30,TMIN,200
USC00314689,2009-09-18,TMIN,178
USC00315830,2008-09-12,TMAX,300
USC00316096,2015-07-09,TMAX,339
USC00316096,2015-07-09,TMIN,244
USW00013754,2012-08-31,TMIN,183
USW00093765,2011-11-01,TMAX,167
USW00013754,2012-08-31,TMAX,322
USR0000NCRN,2015-12-15,TMIN,89
USR0000NCRN,2015-12-15,TMAX,239
USC00314689,2015-10-19,TMAX,150
USR0000NHOF,2010-10-24,TMIN,44
USC00314689,2009-03-10,TMAX,283
USC00314689,2009-03-10,TMIN,78
USC00314689,2015-10-19,TMIN,11
USR0000NHOF,2010-10-24,TMAX,250
USC00314689,2009-09-18,TMAX,267
USC00317170,2009-04-27,TMAX,322
USC00310576,2013-07-30,TMAX,294
USW00093719,2005-03-28,TMAX,222
USW00013754,2014-01-20,TMAX,167
USW00093765,2011-08-04,TMAX,333
USC00310356,2008-04-10,TMAX,172
USC00310356,2012-05-05,TMAX,250
USC00310356,2012-05-05,TMIN,206
USC00310356,2010-01-12,TMIN,-44
USC00310356,2010-01-12,TMAX,61
USC00316676,2012-01-19,TMAX,144
USW00013754,2014-06-08,TMAX,283
USC00316676,2008-04-13,TMAX,306
USR0000NCRN,2012-11-14,TMIN,72
USR0000NNWB,2007-10-18,TMAX,294
USC00310356,2009-04-10,TMIN,133
USC00316676,2008-04-13,TMIN,156
USW00093743,2012-05-05,TMAX,294
USW00093743,2012-05-05,TMIN,200
USW00093719,2005-04-08,TMAX,217
USW00093719,2005-04-08,TMIN,161
USW00013754,2011-05-08,TMAX,250
USC00310356,2009-04-10,TMAX,222
USC00315830,2008-03-21,TMIN,33
USC00316676,2012-01-19,TMIN,-6
USW00013754,2014-06-08,TMIN,156
USC00314144,2006-04-06,TMIN,28
USW00093743,2008-04-10,TMAX,206
USW00093743,2008-04-10,TMIN,133
USW00093765,2011-05-20,TMAX,272
USC00314144,2006-04-06,TMAX,239
USC00314689,2010-08-21,TMIN,200
USR0000NHOF,2010-01-12,TMIN,-44
USR0000NNWB,2011-07-23,TMAX,367
USW00093765,2006-09-28,TMAX,256
USC00314144,2009-09-10,TMIN,156
USW00093765,2006-09-28,TMIN,144
USC00310576,2010-12-12,TMAX,167
USW00093743,2010-01-12,TMIN,-21
USR0000NHOF,2008-06-17,TMIN,161
USW00093743,2010-01-12,TMAX,89
USR0000NHOF,2008-06-17,TMAX,311
USR0000NHOF,2010-01-12,TMAX,61
USC00315830,2005-08-07,TMAX,306
USR0000NCRN,2012-11-14,TMAX,117
USR0000NHOF,2012-05-05,TMAX,322
USC00310576,2012-06-07,TMAX,244
USC00314144,2010-03-23,TMAX,178
USC00314144,2010-03-23,TMIN,50
USC00310576,2013-02-21,TMAX,133
USC00310576,2011-03-03,TMIN,17
USW00013754,2011-08-02,TMAX,356
USR0000NNWB,2007-10-18,TMIN,189
USR0000NHOF,2007-05-20,TMIN,106
USC00315830,2011-03-17,TMAX,183
USR0000NHOF,2007-05-20,TMAX,272
USW00013754,2010-04-13,TMAX,239
USC00314684,2014-09-18,TMIN,161
USC00314684,2014-09-18,TMAX,267
USR0000NNWB,2011-07-23,TMIN,244
USW00093719,2015-10-28,TMIN,194
USW00093765,2005-02-01,TMAX,94
USW00013754,2010-04-13,TMIN,89
USW00013754,2011-05-08,TMIN,139
USC00317170,2012-06-05,TMIN,156
USC00317170,2012-06-05,TMAX,244
USR0000NHOF,2012-05-05,TMIN,194
USC00315830,2008-03-21,TMAX,172
USC00314689,2005-07-12,TMIN,244
USR0000NHOF,2012-03-20,TMIN,106
USC00314689,2005-07-12,TMAX,322
USC00315830,2015-01-07,TMAX,139
USR0000NHOF,2012-03-20,TMAX,261
USC00310576,2012-06-07,TMIN,106
USR0000NCRN,2010-03-24,TMIN,72
USW00093719,2007-04-19,TMIN,61
USR0000NCRN,2010-03-24,TMAX,233
USW00093765,2011-01-18,TMIN,56
USW00093765,2011-01-18,TMAX,144
USW00093743,2009-04-10,TMAX,217
USC00310576,2013-02-21,TMIN,-11
USW00093743,2009-04-10,TMIN,128
USW00093719,2007-04-19,TMAX,156
USC00316676,2013-02-18,TMIN,-39
USC00316676,2013-02-18,TMAX,61
USC00310576,2010-12-12,TMIN,56
USC00315830,2005-03-20,TMIN,78
USC00315830,2015-01-07,TMIN,-6
USC00310356,2015-05-20,TMIN,211
USC00310576,2012-10-18,TMIN,83
USW00013754,2011-04-03,TMAX,211
USC00316676,2010-07-17,TMIN,244
USC00316096,2010-06-08,TMAX,289
USW00013754,2012-01-19,TMIN,6
USC00310356,2015-05-20,TMAX,256
USR0000NNWB,2009-10-16,TMIN,100
USR0000NNWB,2009-10-16,TMAX,150
USC00310576,2014-02-19,TMAX,194
USC00315830,2015-12-13,TMAX,200
USC00315830,2015-12-13,TMIN,133
USC00310576,2014-02-19,TMIN,33
USC00310576,2005-02-24,TMAX,94
USC00316096,2010-06-08,TMIN,156
USC00310576,2005-02-24,TMIN,56
USC00314684,2014-06-07,TMIN,167
USC00314684,2014-06-07,TMAX,294
USC00310356,2008-04-10,TMIN,106
USW00013754,2011-04-03,TMIN,33
USC00310356,2010-10-24,TMIN,117
USR0000NNWB,2011-05-16,TMAX,267
USC00310356,2010-10-24,TMAX,228
USR0000NNWB,2011-05-16,TMIN,172
USW00093719,2005-03-28,TMIN,100
USC00310576,2012-10-18,TMAX,183
USC00316676,2012-07-31,TMAX,289
USW00093765,2007-09-17,TMIN,156
USW00093719,2009-01-25,TMIN,0
USW00093743,2010-09-27,TMIN,200
USC00314144,2006-01-14,TMAX,200
USC00315830,2005-03-20,TMAX,183
USW00093743,2010-09-27,TMAX,278
USW00013754,2012-01-19,TMAX,117
USC00314144,2006-01-14,TMIN,89
USW00093719,2009-01-25,TMAX,44
USC00317170,2014-12-08,TMIN,39
USC00316096,2014-09-18,TMIN,172
USR0000NCRN,2010-08-01,TMIN,200
USW00093719,2008-02-05,TMAX,256
USW00013754,2015-03-14,TMAX,211
USW00093765,2005-05-09,TMAX,244
USW00013754,2013-08-05,TMIN,172
USW00013754,2013-08-05,TMAX,294
USR0000NCRN,2010-08-01,TMAX,289
USW00093719,2008-02-05,TMIN,128
USC00317170,2012-01-03,TMIN,-17
USC00315830,2005-08-07,TMIN,222
USC00317170,2012-01-03,TMAX,44
USW00093765,2011-05-20,TMIN,217
USC00310576,2009-01-19,TMIN,28
USC00310576,2009-01-19,TMAX,94
USC00314689,2010-08-21,TMAX,317
USW00013754,2015-03-14,TMIN,128
USC00314144,2009-09-10,TMAX,217
USW00093765,2005-05-09,TMIN,128
USR0000NHOF,2005-07-12,TMIN,206
USC00316676,2011-06-14,TMIN,178
USC00317170,2014-12-08,TMAX,144
USC00316096,2014-09-18,TMAX,267
USC00316676,2010-03-04,TMIN,17
USC00316096,2011-03-10,TMIN,106
USC00316676,2010-07-17,TMAX,328
USC00316676,2010-03-04,TMAX,61
USW00093743,2011-03-08,TMAX,167
USC00316096,2011-03-10,TMAX,189
USW00093743,2011-03-08,TMIN,28
USC00316096,2014-12-25,TMIN,28
USW00013754,2014-08-10,TMIN,222
USW00013754,2014-08-10,TMAX,278
USW00093719,2014-01-20,TMAX,183
USW00093719,2014-01-20,TMIN,33
USR0000NHOF,2005-07-12,TMAX,317
USC00316096,2014-12-25,TMAX,189
USC00316676,2011-06-14,TMAX,306
USC00316676,2012-07-31,TMIN,211
USC00314144,2007-09-16,TMAX,244
USR0000NHOF,2014-09-11,TMAX,328
USW00013754,2013-09-29,TMAX,256
USC00315830,2014-09-30,TMAX,239
USC00316676,2012-11-10,TMIN,11
USR0000NCRN,2014-02-14,TMIN,17
USC00316676,2013-04-21,TMIN,67
USW00093719,2005-08-19,TMAX,333
USC00316676,2013-04-21,TMAX,156
USW00013754,2009-07-24,TMIN,206
USC00315830,2014-09-30,TMIN,189
USC00316676,2009-04-12,TMIN,50
USW00013754,2009-07-24,TMAX,300
USR0000NHOF,2013-01-17,TMIN,44
USW00093719,2013-12-22,TMIN,206
USW00093765,2005-07-13,TMIN,222
USW00093719,2009-09-22,TMIN,222
USR0000NNWB,2015-12-19,TMIN,6
USR0000NNWB,2015-12-19,TMAX,94
USC00316676,2009-04-12,TMAX,233
USW00093765,2005-07-13,TMAX,300
USC00316676,2015-01-26,TMAX,139
USC00310576,2014-04-17,TMIN,44
USC00310576,2010-08-05,TMAX,350
USC00316096,2015-08-03,TMIN,211
USR0000NCRN,2014-02-14,TMAX,117
USC00310576,2005-11-05,TMIN,89
USC00310576,2005-11-05,TMAX,239
USW00013754,2005-04-13,TMIN,78
USC00310576,2007-10-06,TMIN,217
USC00316676,2015-01-26,TMIN,17
USW00013754,2005-04-13,TMAX,139
USC00310576,2006-02-18,TMIN,28
USC00316096,2015-08-03,TMAX,267
USW00013754,2010-02-24,TMAX,100
USW00013754,2010-02-24,TMIN,50
USC00310576,2014-04-17,TMAX,128
USW00093719,2005-08-19,TMIN,222
USC00316676,2012-11-10,TMAX,167
USC00310576,2007-10-06,TMAX,294
USC00310576,2010-08-05,TMIN,217
USR0000NNWB,2012-06-11,TMIN,194
USW00093719,2009-09-22,TMAX,272
USW00093765,2006-10-18,TMAX,239
USW00093719,2013-12-22,TMAX,278
USC00316676,2010-11-14,TMAX,183
USC00310576,2005-08-14,TMIN,222
USC00316676,2010-11-14,TMIN,22
USW00093765,2006-09-26,TMAX,250
USC00310576,2005-02-22,TMIN,72
USW00013754,2015-07-03,TMIN,217
USW00093765,2006-09-26,TMIN,144
USR0000NCRN,2008-07-26,TMIN,200
USR0000NCRN,2008-07-26,TMAX,317
USC00316676,2005-11-13,TMAX,183
USC00316676,2005-11-13,TMIN,17
USR0000NNWB,2011-08-17,TMIN,189
USC00310576,2012-10-25,TMAX,272
USR0000NNWB,2011-08-17,TMAX,322
USC00310576,2012-10-25,TMIN,89
USR0000NNWB,2012-06-11,TMAX,289
USC00314684,2005-10-15,TMAX,222
USC00314684,2005-10-15,TMIN,128
USC00310576,2006-02-18,TMAX,122
USC00316096,2012-10-10,TMAX,211
USR0000NNWB,2010-05-21,TMIN,139
USR0000NNWB,2010-05-21,TMAX,283
USC00316096,2012-10-10,TMIN,111
USC00310576,2014-03-04,TMIN,-6
USC00315830,2011-12-09,TMIN,83
USC00310576,2005-08-14,TMAX,328
USC00310576,2014-03-04,TMAX,183
USR0000NHOF,2010-09-13,TMIN,133
USC00316676,2012-04-25,TMAX,189
USC00316676,2012-04-25,TMIN,39
USC00310576,2005-02-22,TMAX,156
USW00093765,2006-10-18,TMIN,200
USW00013754,2015-07-03,TMAX,306
USC00315830,2011-12-09,TMAX,200
USR0000NHOF,2010-09-13,TMAX,278
USR0000NHOF,2010-01-19,TMIN,-6
USR0000NCRN,2014-08-03,TMIN,217
USC00315830,2012-07-24,TMIN,222
USC00310576,2007-10-25,TMIN,211
USR0000NHOF,2011-10-04,TMIN,56
USR0000NNWB,2007-10-31,TMAX,233
USR0000NNWB,2007-10-31,TMIN,94
USC00310576,2015-11-05,TMAX,233
USC00316676,2006-01-06,TMIN,44
USR0000NHOF,2012-07-06,TMAX,339
USR0000NCRN,2005-05-04,TMIN,100
USW00093719,2009-08-08,TMIN,189
USW00093719,2009-08-08,TMAX,306
USC00315830,2012-02-10,TMAX,133
USC00314684,2014-11-15,TMAX,67
USC00314689,2006-02-11,TMIN,50
USC00316676,2015-09-05,TMAX,317
USC00314684,2014-11-15,TMIN,-28
USW00093719,2014-06-10,TMIN,222
USR0000NHOF,2012-07-06,TMIN,233
USC00315830,2012-02-10,TMIN,-6
USC00310576,2007-10-25,TMAX,294
USW00093719,2012-11-17,TMAX,144
USC00310576,2006-05-15,TMAX,250
USC00310576,2007-04-18,TMAX,206
USC00310576,2007-04-18,TMIN,72
USR0000NHOF,2008-04-11,TMIN,94
USR0000NHOF,2008-04-11,TMAX,261
USC00316676,2013-01-20,TMIN,0
USR0000NNWB,2010-09-30,TMAX,244
USR0000NCRN,2005-05-04,TMAX,228
USC00314684,2012-10-10,TMAX,133
USR0000NNWB,2010-09-30,TMIN,206
USC00316676,2013-01-20,TMAX,167
USR0000NHOF,2011-10-04,TMAX,217
USW00013754,2015-07-15,TMIN,233
USW00093743,2010-09-13,TMIN,167
USC00316676,2006-01-06,TMAX,194
USW00093719,2012-11-17,TMIN,44
USC00314684,2012-10-10,TMIN,100
USR0000NCRN,2014-08-03,TMAX,228
USR0000NHOF,2013-01-17,TMAX,167
USC00310576,2015-11-05,TMIN,172
USC00316676,2015-09-05,TMIN,206
USW00093765,2007-09-28,TMIN,206
USC00316676,2010-11-26,TMIN,56
USC00314144,2008-07-02,TMIN,106
USC00314144,2009-04-22,TMIN,17
USW00093719,2005-09-13,TMAX,300
USW00093719,2005-09-13,TMIN,228
USC00314689,2006-02-11,TMAX,117
USC00314144,2008-07-02,TMAX,306
USC00310576,2013-10-03,TMIN,117
USC00310576,2013-10-03,TMAX,300
USC00310576,2006-06-30,TMAX,322
USC00310576,2006-06-30,TMIN,194
USW00093765,2013-02-12,TMAX,167
USW00093765,2013-02-12,TMIN,117
USC00315830,2012-07-24,TMAX,317
USC00314144,2009-04-22,TMAX,178
USR0000NNWB,2008-02-12,TMIN,-11
USC00314684,2015-10-29,TMAX,250
USC00316676,2010-11-26,TMAX,217
USR0000NNWB,2008-02-12,TMAX,200
USC00316096,2012-09-05,TMIN,222
USW00013754,2015-07-15,TMAX,322
USC00316096,2012-09-05,TMAX,300
USC00316096,2014-07-14,TMIN,222
USC00316096,2014-07-14,TMAX,300
USC00316676,2014-04-29,TMIN,156
USC00314684,2015-10-29,TMIN,178
USC00316676,2014-04-29,TMAX,256
USW00093719,2014-06-10,TMAX,350
USC00316096,2012-05-13,TMIN,133
USW00093765,2008-05-29,TMAX,228
USW00093765,2008-05-29,TMIN,150
USC00316096,2012-05-13,TMAX,244
USR0000NCRN,2006-04-28,TMAX,256
USR0000NCRN,2006-04-28,TMIN,83
USW00093765,2007-09-28,TMAX,306
USR0000NHOF,2010-01-19,TMAX,189
USC00314144,2010-12-28,TMAX,72
USC00316676,2007-12-04,TMIN,28
USR0000NHOF,2014-05-20,TMIN,50
USC00310356,2012-06-27,TMAX,256
USR0000NHOF,2014-05-20,TMAX,272
USC00310356,2012-06-27,TMIN,189
USC00317170,2009-11-12,TMAX,172
USC00314684,2012-05-13,TMIN,122
USC00314684,2012-05-13,TMAX,250
USC00316096,2014-11-15,TMIN,-22
USC00317170,2012-12-30,TMAX,89
USC00314684,2013-03-26,TMAX,89
USC00310576,2015-03-20,TMIN,67
USC00314684,2013-03-26,TMIN,6
USC00314684,2008-11-24,TMIN,-50
USC00314689,2005-03-10,TMIN,0
USC00314684,2008-11-24,TMAX,122
USW00013754,2010-09-17,TMAX,311
USC00317170,2012-12-30,TMIN,22
USW00013754,2010-09-17,TMIN,211
USC00317170,2009-05-01,TMAX,283
USC00317170,2007-06-23,TMAX,289
USW00013754,2010-05-21,TMAX,267
USC00317170,2009-11-12,TMIN,139
USW00093765,2005-03-07,TMAX,161
USC00314689,2008-07-21,TMAX,372
USW00093719,2009-03-09,TMAX,283
USW00093719,2009-03-09,TMIN,122
USR0000NCRN,2013-09-19,TMAX,261
USC00317170,2007-06-23,TMIN,206
USR0000NCRN,2013-09-19,TMIN,111
USW00013754,2005-07-18,TMAX,306
USW00093765,2005-03-07,TMIN,72
USC00314689,2008-07-21,TMIN,244
USC00317170,2009-05-01,TMIN,178
USR0000NHOF,2005-07-31,TMAX,300
USR0000NCRN,2009-10-11,TMIN,200
USC00316096,2014-11-15,TMAX,89
USW00013754,2005-07-18,TMIN,256
USW00013754,2010-05-21,TMIN,128
USC00314689,2005-03-10,TMAX,117
USW00013754,2013-12-31,TMIN,22
USC00310576,2009-02-06,TMAX,39
USC00314689,2014-11-15,TMAX,72
USC00314689,2014-11-15,TMIN,-28
USR0000NHOF,2006-05-15,TMIN,100
USR0000NHOF,2006-05-15,TMAX,244
USW00013754,2008-10-20,TMIN,56
USR0000NNWB,2012-07-27,TMIN,244
USC00310576,2009-02-06,TMIN,-50
USW00013754,2011-08-17,TMIN,206
USW00093743,2010-12-04,TMIN,-10
USC00317170,2012-02-18,TMIN,50
USW00013754,2008-10-20,TMAX,172
USR0000NNWB,2012-07-27,TMAX,372
USW00093765,2005-09-13,TMAX,294
USW00093743,2007-10-19,TMIN,233
USW00093765,2005-09-13,TMIN,244
USW00013754,2011-08-17,TMAX,317
USC00315830,2009-05-27,TMAX,267
USW00093743,2012-06-27,TMIN,156
USC00314144,2010-12-19,TMAX,67
USC00315830,2009-05-27,TMIN,211
USW00013754,2013-12-31,TMAX,122
USW00093743,2014-05-20,TMIN,89
USR0000NCRN,2008-02-02,TMAX,156
USR0000NCRN,2008-02-02,TMIN,17
USW00093743,2014-05-20,TMAX,233
USC00317170,2012-12-07,TMAX,189
USW00093743,2012-06-27,TMAX,294
USR0000NNWB,2012-11-17,TMIN,50
USC00317170,2012-12-07,TMIN,72
USC00310576,2015-03-20,TMAX,139
USC00310356,2014-05-20,TMIN,144
USW00093719,2005-08-05,TMAX,328
USC00314144,2010-12-19,TMIN,-44
USW00093719,2005-08-05,TMIN,211
USC00310356,2014-05-20,TMAX,244
USR0000NNWB,2012-11-17,TMAX,139
USC00310356,2006-07-15,TMAX,272
USC00310356,2006-07-15,TMIN,206
USC00317170,2013-02-12,TMIN,111
USR0000NHOF,2006-07-15,TMIN,228
USW00093765,2008-11-12,TMIN,83
USW00093765,2008-11-12,TMAX,183
USR0000NHOF,2006-07-15,TMAX,339
USC00310576,2007-08-10,TMIN,244
USC00314689,2012-10-10,TMAX,211
USW00013754,2015-12-19,TMIN,-10
USW00093765,2012-12-30,TMIN,28
USC00314689,2012-10-10,TMIN,128
USC00317170,2011-12-18,TMAX,94
USR0000NCRN,2005-05-24,TMIN,133
USC00316096,2015-11-12,TMAX,228
USC00317170,2011-12-18,TMIN,-6
USC00316096,2015-11-12,TMIN,72
USC00314684,2012-07-11,TMIN,222
USC00314684,2012-07-11,TMAX,322
USW00013754,2015-12-19,TMAX,89
USR0000NCRN,2007-12-24,TMAX,228
USC00317170,2012-08-01,TMAX,283
USW00093743,2010-01-19,TMIN,33
USC00317170,2012-08-26,TMAX,317
USC00316676,2007-12-04,TMAX,222
USC00317170,2012-08-26,TMIN,189
USW00093765,2008-04-13,TMAX,194
USW00093765,2008-04-13,TMIN,111
USC00310576,2007-08-10,TMAX,367
USW00093765,2012-12-30,TMAX,83
USW00093743,2010-01-19,TMAX,161
USC00314689,2008-02-14,TMIN,17
USC00315830,2008-05-08,TMIN,200
USC00315830,2008-05-08,TMAX,250
USR0000NNWB,2010-02-24,TMAX,100
USR0000NNWB,2010-02-24,TMIN,44
USC00314144,2008-04-09,TMAX,189
USC00317170,2012-08-01,TMIN,233
USC00314144,2008-04-09,TMIN,100
USC00314689,2008-02-14,TMAX,206
USR0000NCRN,2007-12-24,TMIN,44
USR0000NCRN,2005-05-24,TMAX,256
USC00310356,2010-01-19,TMIN,61
USC00314684,2012-09-05,TMAX,311
USC00316676,2007-01-15,TMAX,244
USC00315830,2010-04-15,TMIN,78
USC00315830,2010-04-15,TMAX,217
USC00316676,2007-01-15,TMIN,94
USW00093719,2012-02-13,TMIN,-33
USW00093719,2012-02-13,TMAX,111
USW00013754,2012-06-11,TMAX,283
USW00013754,2009-01-02,TMIN,-43
USR0000NNWB,2005-03-15,TMAX,139
USR0000NNWB,2005-03-15,TMIN,-17
USC00310576,2013-08-14,TMIN,228
USW00093719,2005-09-25,TMIN,194
USW00093719,2005-09-25,TMAX,289
USC00310576,2013-08-14,TMAX,322
USC00317170,2013-02-12,TMAX,183
USW00013754,2009-01-02,TMAX,161
USR0000NNWB,2015-07-03,TMIN,222
USR0000NNWB,2015-07-03,TMAX,294
USC00314684,2012-09-05,TMIN,194
USC00310356,2010-01-19,TMAX,150
USC00314144,2010-12-28,TMIN,-61
USR0000NNWB,2014-12-06,TMAX,206
USC00315830,2014-11-25,TMIN,161
USC00315830,2014-11-25,TMAX,206
USC00310576,2010-12-11,TMAX,128
USR0000NNWB,2014-12-06,TMIN,94
USW00093719,2007-03-21,TMIN,78
USW00093719,2007-03-21,TMAX,183
USC00317170,2008-10-08,TMIN,94
USC00317170,2008-10-08,TMAX,261
USW00093743,2008-04-11,TMIN,133
USW00093743,2008-04-11,TMAX,244
USC00310576,2010-12-11,TMIN,-22
USC00317170,2008-05-29,TMAX,239
USC00317170,2008-05-29,TMIN,133
USW00013754,2012-06-11,TMIN,172
USC00310576,2006-05-15,TMIN,133
USW00093719,2010-02-24,TMAX,100
USC00310356,2013-01-17,TMIN,28
USC00310576,2015-05-27,TMIN,156
USC00310356,2010-10-21,TMIN,144
USC00317170,2012-10-10,TMAX,206
USW00093743,2009-04-07,TMAX,122
USC00314689,2012-07-11,TMIN,222
USC00310576,2010-07-08,TMIN,228
USC00314689,2005-01-20,TMIN,-17
USC00317170,2012-10-10,TMIN,133
USW00093743,2014-01-16,TMIN,-10
USC00314689,2005-01-20,TMAX,89
USC00310576,2010-07-08,TMAX,378
USC00314144,2005-05-04,TMAX,250
USC00314689,2012-07-11,TMAX,300
USC00314144,2005-05-04,TMIN,100
USC00310576,2010-01-19,TMIN,39
USC00310576,2010-01-19,TMAX,167
USC00317170,2010-07-01,TMAX,289
USW00093743,2009-04-07,TMIN,44
USC00314144,2006-04-28,TMAX,256
USC00314689,2013-01-07,TMAX,111
USC00314689,2013-01-07,TMIN,0
USW00093719,2008-10-23,TMIN,67
USR0000NNWB,2010-11-30,TMIN,83
USC00315830,2008-03-06,TMAX,206
USC00315830,2008-03-06,TMIN,72
USC00314689,2008-08-13,TMIN,183
USC00314689,2008-08-05,TMAX,356
USR0000NHOF,2008-03-09,TMIN,-33
USC00310356,2010-10-21,TMAX,222
USR0000NHOF,2008-03-09,TMAX,117
USC00310356,2009-04-07,TMAX,194
USR0000NHOF,2011-05-08,TMAX,250
USC00314689,2008-08-13,TMAX,306
USC00310356,2009-04-07,TMIN,78
USW00093719,2008-10-23,TMAX,156
USR0000NHOF,2011-05-08,TMIN,100
USW00093743,2014-01-16,TMAX,94
USC00314689,2008-08-05,TMIN,244
USC00310576,2011-04-22,TMIN,94
USC00317170,2010-07-01,TMIN,211
USC00314684,2015-11-19,TMIN,117
USR0000NHOF,2015-11-27,TMIN,83
USW00093719,2014-06-06,TMAX,294
USR0000NCRN,2007-11-07,TMAX,144
USC00315830,2014-07-03,TMIN,267
USC00314689,2008-09-09,TMAX,328
USC00314689,2008-09-09,TMIN,217
USW00093719,2010-05-21,TMIN,122
USR0000NHOF,2015-11-27,TMAX,250
USW00093719,2010-05-21,TMAX,272
USC00314689,2014-07-14,TMAX,328
USC00314689,2008-11-21,TMAX,139
USC00310576,2015-03-07,TMAX,50
USC00314689,2008-11-21,TMIN,28
USW00013754,2005-09-13,TMAX,300
USW00013754,2005-09-13,TMIN,239
USC00310356,2007-02-27,TMAX,144
USC00314689,2014-07-14,TMIN,228
USC00314144,2006-04-28,TMIN,56
USC00310576,2011-06-30,TMIN,200
USW00093765,2006-12-29,TMAX,178
USW00093765,2007-01-03,TMIN,33
USW00093765,2007-01-03,TMAX,178
USR0000NHOF,2005-07-17,TMAX,311
USC00314684,2015-11-19,TMAX,250
USR0000NHOF,2005-07-17,TMIN,244
USR0000NHOF,2014-01-16,TMAX,50
USR0000NHOF,2014-01-16,TMIN,-28
USW00093765,2006-12-29,TMIN,39
USC00310576,2015-03-07,TMIN,-28
USC00310356,2006-10-10,TMIN,139
USC00310576,2011-06-30,TMAX,283
USC00314684,2009-10-18,TMIN,56
USW00093743,2010-10-21,TMAX,228
USW00093743,2010-10-21,TMIN,111
USR0000NNWB,2008-04-20,TMAX,256
USR0000NNWB,2008-04-20,TMIN,139
USC00310356,2006-10-10,TMAX,244
USC00314684,2007-02-22,TMAX,189
USC00310576,2011-04-22,TMAX,272
USC00315830,2014-06-26,TMIN,256
USC00315830,2006-03-02,TMIN,100
USW00093765,2012-10-10,TMAX,211
USC00317170,2014-11-15,TMAX,94
USW00093765,2012-10-10,TMIN,133
USR0000NHOF,2014-04-17,TMAX,206
USC00317170,2014-11-15,TMIN,-28
USR0000NHOF,2014-04-17,TMIN,0
USW00093765,2010-01-05,TMIN,-32
USR0000NNWB,2010-03-21,TMIN,78
USC00310356,2006-06-30,TMIN,233
USR0000NCRN,2013-04-22,TMIN,89
USC00317170,2013-02-24,TMIN,61
USR0000NCRN,2013-04-22,TMAX,128
USC00317170,2013-02-24,TMAX,161
USW00093765,2005-09-25,TMIN,228
USW00093719,2013-02-12,TMAX,194
USC00310356,2006-06-30,TMAX,289
USW00093719,2013-02-12,TMIN,106
USW00093765,2009-05-29,TMIN,211
USW00093765,2010-01-05,TMAX,44
USW00093765,2007-06-23,TMAX,278
USR0000NCRN,2007-11-17,TMAX,150
USC00310576,2008-10-30,TMAX,156
USC00315830,2015-09-01,TMIN,228
USC00314689,2012-04-25,TMAX,217
USC00314689,2012-04-25,TMIN,67
USW00093765,2009-03-22,TMIN,22
USC00314689,2005-10-15,TMAX,250
USW00093765,2009-03-22,TMAX,150
USC00310576,2008-09-15,TMIN,233
USC00310576,2008-09-15,TMAX,322
USR0000NNWB,2010-03-21,TMAX,228
USW00093719,2007-01-26,TMIN,-39
USW00093719,2007-01-26,TMAX,78
USC00314689,2005-10-15,TMIN,144
USC00315830,2006-03-02,TMAX,172
USW00093765,2007-06-23,TMIN,211
USR0000NNWB,2010-11-30,TMAX,222
USW00093765,2005-09-25,TMAX,278
USW00013754,2014-01-24,TMIN,-105
USC00310576,2015-10-17,TMIN,83
USW00013754,2011-09-04,TMAX,311
USC00316096,2011-02-15,TMIN,-11
USC00310356,2015-11-27,TMAX,206
USC00316096,2011-02-15,TMAX,128
USC00317170,2007-07-31,TMIN,222
USC00310576,2011-12-01,TMAX,128
USW00093719,2007-11-12,TMIN,-11
USC00310356,2014-01-16,TMAX,161
USC00310356,2015-11-27,TMIN,128
USW00013754,2014-09-30,TMIN,183
USW00013754,2014-09-30,TMAX,272
USC00317170,2007-07-31,TMAX,311
USC00310576,2011-12-01,TMIN,22
USC00317170,2011-03-03,TMAX,89
USC00315830,2014-06-26,TMAX,311
USC00310356,2014-01-16,TMIN,67
USC00317170,2011-03-03,TMIN,50
USW00093719,2007-11-12,TMAX,194
USR0000NNWB,2008-05-01,TMIN,78
USW00013754,2007-03-29,TMAX,156
USW00013754,2007-03-29,TMIN,28
USW00013754,2014-01-24,TMAX,0
USC00315830,2008-12-31,TMAX,206
USC00315830,2014-05-14,TMAX,272
USC00315830,2008-12-31,TMIN,44
USC00315830,2014-05-14,TMIN,211
USW00013754,2011-09-04,TMIN,167
USR0000NHOF,2006-06-30,TMAX,311
USR0000NCRN,2012-03-23,TMIN,139
USR0000NCRN,2012-03-23,TMAX,250
USC00310576,2015-10-17,TMAX,261
USW00093765,2009-05-29,TMAX,267
USR0000NNWB,2014-09-30,TMIN,167
USR0000NNWB,2014-09-30,TMAX,272
USR0000NNWB,2008-05-01,TMAX,256
USR0000NHOF,2006-06-30,TMIN,172
USC00314684,2007-02-22,TMIN,61
USR0000NHOF,2009-04-07,TMAX,111
USR0000NCRN,2007-11-07,TMIN,17
USC00315830,2014-08-13,TMAX,306
USW00093765,2013-02-24,TMIN,61
USW00093765,2013-02-24,TMAX,161
USW00093765,2005-12-13,TMIN,-6
USW00013754,2007-01-26,TMIN,-27
USW00013754,2007-01-26,TMAX,83
USC00315830,2011-11-06,TMIN,100
USW00093719,2015-05-13,TMIN,178
USW00093765,2005-12-13,TMAX,78
USR0000NNWB,2005-11-19,TMAX,156
USC00314144,2009-04-27,TMAX,289
USC00310356,2005-07-31,TMAX,289
USC00314689,2015-08-03,TMAX,344
USW00093719,2015-12-19,TMIN,6
USW00093719,2015-12-19,TMAX,89
USR0000NNWB,2009-07-24,TMIN,211
USC00315830,2011-11-06,TMAX,172
USR0000NNWB,2009-07-24,TMAX,306
USW00093765,2007-12-06,TMIN,22
USC00315830,2015-01-21,TMIN,67
USW00093719,2015-01-12,TMIN,72
USC00314684,2011-01-15,TMIN,-78
USR0000NHOF,2006-10-10,TMIN,122
USC00314684,2011-01-15,TMAX,56
USC00314684,2005-12-06,TMAX,122
USR0000NHOF,2010-12-04,TMIN,-44
USR0000NNWB,2005-11-19,TMIN,-17
USW00093719,2015-05-13,TMAX,267
USC00314684,2005-12-06,TMIN,22
USC00315830,2014-08-13,TMIN,250
USC00317170,2010-12-08,TMIN,-28
USR0000NHOF,2010-12-04,TMAX,56
USW00093765,2007-12-06,TMAX,122
USC00310356,2012-07-06,TMIN,267
USC00315830,2015-01-21,TMAX,167
USC00317170,2010-12-08,TMAX,56
USC00310356,2012-07-06,TMAX,300
USC00315830,2007-08-22,TMAX,311
USC00310576,2008-10-08,TMIN,78
USC00310576,2015-07-29,TMAX,311
USW00093743,2013-07-14,TMAX,300
USC00310576,2015-07-29,TMIN,189
USW00093743,2013-07-14,TMIN,256
USC00314144,2007-07-12,TMIN,206
USC00315830,2011-07-17,TMIN,189
USC00315830,2011-07-17,TMAX,294
USC00317170,2013-03-26,TMAX,94
USC00316676,2011-08-13,TMIN,217
USC00317170,2013-03-26,TMIN,33
USC00314144,2009-10-11,TMIN,144
USW00013754,2005-03-15,TMAX,133
USC00314689,2012-05-13,TMIN,133
USC00314689,2012-05-13,TMAX,250
USW00013754,2005-03-15,TMIN,-6
USC00310356,2013-01-17,TMAX,200
USW00093743,2010-09-13,TMAX,278
USC00314144,2009-10-11,TMAX,211
USC00314144,2009-04-27,TMIN,106
USC00314684,2015-09-30,TMAX,306
USC00314689,2012-09-05,TMAX,317
USW00093719,2007-02-15,TMAX,50
USW00093719,2007-02-15,TMIN,-33
USC00310576,2010-07-15,TMAX,306
USC00310576,2010-07-15,TMIN,228
USC00316676,2015-03-29,TMAX,117
USC00316096,2013-01-07,TMIN,11
USC00316096,2013-01-07,TMAX,117
USC00314684,2015-09-30,TMIN,233
USR0000NNWB,2005-04-13,TMIN,61
USC00310356,2013-07-14,TMIN,211
USC00316676,2015-03-29,TMIN,-6
USC00316676,2011-08-13,TMAX,311
USC00314689,2012-09-05,TMIN,211
USC00310356,2005-07-31,TMIN,228
USC00314144,2007-07-12,TMAX,311
USR0000NNWB,2005-04-13,TMAX,117
USC00310356,2013-07-14,TMAX,300
USR0000NHOF,2006-10-10,TMAX,244
USW00093719,2015-01-12,TMAX,194
USC00314689,2015-08-03,TMIN,222
USC00316676,2010-04-28,TMAX,228
USC00310356,2007-02-27,TMIN,67
USR0000NCRN,2009-11-22,TMAX,167
USC00310356,2009-07-15,TMAX,311
USC00310356,2009-07-15,TMIN,217
USR0000NCRN,2009-11-22,TMIN,117
USR0000NHOF,2010-10-21,TMAX,244
USR0000NNWB,2010-04-23,TMAX,244
USR0000NHOF,2010-10-21,TMIN,89
USW00093719,2010-12-26,TMIN,-11
USC00314689,2012-01-25,TMAX,178
USC00314689,2012-01-25,TMIN,44
USW00093765,2005-05-20,TMAX,244
USC00310576,2007-11-30,TMIN,61
USC00310356,2008-03-09,TMIN,17
USC00310356,2008-03-09,TMAX,178
USR0000NNWB,2010-04-23,TMIN,100
USR0000NCRN,2013-07-14,TMAX,300
USW00013754,2014-12-06,TMIN,106
USW00093765,2013-03-26,TMIN,28
USR0000NCRN,2005-01-08,TMAX,322
USR0000NCRN,2005-01-08,TMIN,94
USR0000NHOF,2009-04-07,TMIN,11
USW00093719,2012-06-11,TMIN,183
USW00093719,2012-06-11,TMAX,294
USC00310576,2009-08-24,TMIN,228
USW00093719,2005-11-25,TMAX,122
USC00314684,2009-10-18,TMAX,156
USC00317170,2010-01-05,TMAX,44
USC00310576,2009-08-24,TMAX,294
USC00317170,2010-01-05,TMIN,-28
USW00093719,2014-06-06,TMIN,211
USW00013754,2014-12-06,TMAX,206
USC00316676,2010-04-28,TMIN,106
USW00093765,2013-03-26,TMAX,106
USC00315830,2014-07-03,TMAX,306
USW00093719,2005-11-25,TMIN,6
USR0000NNWB,2007-01-26,TMIN,-33
USR0000NNWB,2007-01-26,TMAX,83
USR0000NCRN,2013-07-14,TMIN,228
USR0000NCRN,2005-02-10,TMAX,256
USR0000NCRN,2005-02-10,TMIN,28
USC00317170,2008-11-12,TMIN,56
USC00315830,2006-03-31,TMAX,211
USR0000NCRN,2007-07-22,TMIN,161
USR0000NCRN,2007-07-22,TMAX,267
USC00316096,2015-02-22,TMIN,117
USC00316096,2012-07-11,TMIN,211
USC00317170,2008-11-12,TMAX,183
USW00093765,2012-08-26,TMAX,300
USC00315830,2006-03-31,TMIN,67
USC00316096,2012-07-11,TMAX,294
USR0000NNWB,2009-01-02,TMIN,-44
USR0000NNWB,2009-01-02,TMAX,156
USW00093765,2012-08-26,TMIN,211
USC00316096,2015-02-22,TMAX,194
USC00310576,2008-10-08,TMAX,228
USC00315830,2007-08-22,TMIN,222
USR0000NHOF,2009-07-15,TMIN,161
USR0000NNWB,2015-07-15,TMAX,328
USC00315830,2010-06-06,TMAX,294
USC00315830,2010-06-06,TMIN,261
USW00093719,2012-12-30,TMAX,83
USW00093719,2012-12-30,TMIN,-6
USC00310356,2010-09-13,TMAX,289
USC00314144,2008-02-02,TMAX,161
USC00314144,2008-02-02,TMIN,-17
USW00093765,2005-05-20,TMIN,144
USC00314144,2005-08-08,TMIN,206
USC00310576,2007-11-30,TMAX,183
USC00314144,2005-08-08,TMAX,272
USW00093719,2010-12-26,TMAX,39
USR0000NNWB,2015-07-15,TMIN,250
USC00310356,2010-09-13,TMIN,194
USR0000NHOF,2009-07-15,TMAX,306
USW00093719,2011-01-19,TMIN,61
USW00093719,2011-01-19,TMAX,139
USC00310576,2015-05-27,TMAX,283
USW00093719,2010-02-24,TMIN,44
USC00314684,2010-01-05,TMAX,11
USW00093743,2010-12-04,TMAX,61
USC00314684,2014-07-14,TMAX,322
USC00316676,2015-08-23,TMIN,194
USW00093765,2005-11-25,TMAX,150
USC00317170,2008-06-29,TMAX,356
USC00316676,2014-12-10,TMIN,50
USW00093719,2007-05-07,TMAX,189
USW00093765,2005-07-21,TMAX,300
USW00093765,2005-07-21,TMIN,244
USW00093719,2007-05-07,TMIN,83
USC00317170,2008-06-29,TMIN,244
USW00093765,2005-11-25,TMIN,33
USW00013754,2012-07-27,TMAX,350
USC00316676,2014-12-10,TMAX,83
USC00317170,2010-05-04,TMAX,261
USR0000NCRN,2013-08-14,TMIN,200
USR0000NCRN,2013-08-14,TMAX,256
USC00316676,2015-08-23,TMAX,294
USW00013754,2005-11-01,TMAX,233
USC00315830,2011-05-09,TMAX,256
USC00310356,2010-08-05,TMAX,306
USC00314144,2006-01-07,TMAX,83
USC00314144,2006-01-07,TMIN,-39
USC00316676,2008-02-06,TMIN,156
USC00315830,2011-05-09,TMIN,122
USC00316676,2008-02-06,TMAX,261
USW00093719,2013-07-14,TMAX,317
USW00093719,2013-07-14,TMIN,239
USW00093743,2009-01-26,TMIN,22
USC00314684,2014-07-14,TMIN,211
USC00316676,2006-08-07,TMIN,206
USC00316676,2006-08-07,TMAX,317
USC00314144,2006-09-18,TMIN,144
USC00314689,2007-03-05,TMIN,-17
USW00093719,2005-03-09,TMIN,-39
USW00013754,2012-07-27,TMIN,250
USC00310356,2010-08-05,TMIN,233
USC00314144,2006-09-18,TMAX,300
USW00093743,2010-08-05,TMAX,306
USW00093743,2009-01-26,TMAX,83
USR0000NNWB,2009-03-22,TMAX,178
USC00316676,2007-04-22,TMAX,244
USW00093765,2005-03-17,TMAX,67
USC00314684,2009-05-06,TMIN,172
USC00314684,2009-05-06,TMAX,239
USC00314144,2006-07-15,TMIN,244
USC00314144,2006-07-15,TMAX,350
USR0000NHOF,2014-09-08,TMAX,267
USC00314684,2009-05-05,TMAX,311
USR0000NHOF,2014-09-08,TMIN,217
USC00310576,2009-06-02,TMIN,189
USC00310576,2009-06-02,TMAX,294
USC00316676,2010-10-09,TMAX,244
USR0000NCRN,2010-10-30,TMIN,33
USR0000NCRN,2005-10-28,TMIN,56
USC00310356,2008-02-02,TMAX,161
USC00310356,2008-02-02,TMIN,33
USC00316676,2010-10-09,TMIN,94
USR0000NNWB,2009-03-22,TMIN,-11
USW00093765,2005-03-17,TMIN,28
USW00093765,2009-03-02,TMAX,72
USW00093719,2013-04-21,TMIN,67
USW00093719,2013-04-21,TMAX,178
USW00013754,2005-11-19,TMIN,28
USC00310356,2014-09-08,TMAX,294
USW00013754,2005-11-01,TMIN,78
USC00314684,2012-08-26,TMAX,256
USC00314684,2012-08-26,TMIN,161
USW00093765,2011-06-09,TMIN,256
USC00310356,2014-09-08,TMIN,217
USC00314689,2005-12-06,TMAX,111
USC00316676,2007-04-22,TMIN,61
USC00317170,2010-05-04,TMIN,217
USR0000NCRN,2010-10-30,TMAX,178
USC00314689,2005-12-06,TMIN,17
USC00310576,2007-06-03,TMIN,167
USW00013754,2005-11-19,TMAX,133
USW00093765,2009-03-02,TMIN,-32
USC00310576,2011-12-22,TMIN,122
USW00093743,2010-08-05,TMIN,228
USC00317170,2012-07-11,TMAX,278
USC00316676,2015-04-21,TMAX,272
USC00316676,2015-04-21,TMIN,178
USR0000NCRN,2012-04-26,TMAX,233
USR0000NCRN,2012-04-26,TMIN,161
USC00315830,2011-12-01,TMAX,122
USC00315830,2011-12-01,TMIN,28
USC00316676,2009-06-21,TMAX,339
USC00310356,2014-09-30,TMAX,244
USC00316676,2009-06-21,TMIN,222
USC00314684,2015-11-06,TMAX,222
USC00314684,2005-09-13,TMIN,206
USC00317170,2010-02-24,TMAX,139
USC00314144,2005-05-24,TMIN,111
USC00314144,2005-05-24,TMAX,289
USC00314684,2012-12-30,TMAX,106
USW00093719,2005-03-09,TMAX,83
USC00314684,2005-09-13,TMAX,283
USC00314689,2010-01-05,TMAX,22
USC00316676,2012-10-10,TMIN,128
USC00316676,2012-10-10,TMAX,156
USW00093743,2011-05-06,TMAX,233
USW00093765,2013-04-21,TMAX,161
USC00317170,2012-06-29,TMAX,361
USW00013754,2013-07-14,TMAX,306
USW00013754,2013-07-14,TMIN,217
USW00013754,2005-09-25,TMIN,200
USW00013754,2005-09-25,TMAX,278
USC00310356,2014-09-30,TMIN,189
USC00317170,2009-10-18,TMIN,89
USC00317170,2009-10-18,TMAX,100
USW00093743,2011-05-06,TMIN,111
USR0000NHOF,2014-09-30,TMIN,156
USR0000NHOF,2014-09-30,TMAX,289
USR0000NNWB,2006-10-18,TMIN,200
USR0000NNWB,2006-10-18,TMAX,256
USC00316676,2007-07-02,TMAX,300
USC00314684,2015-11-06,TMIN,161
USC00314689,2005-05-11,TMAX,289
USC00314689,2010-01-05,TMIN,-56
USW00093765,2012-05-13,TMAX,250
USR0000NNWB,2012-08-10,TMIN,244
USW00093719,2009-05-12,TMAX,228
USW00093743,2013-09-19,TMAX,272
USC00310576,2007-06-03,TMAX,267
USW00093743,2013-09-19,TMIN,156
USR0000NNWB,2011-01-28,TMIN,-28
USR0000NCRN,2008-03-09,TMIN,11
USR0000NNWB,2012-08-10,TMAX,317
USR0000NCRN,2008-03-09,TMAX,133
USR0000NNWB,2008-10-01,TMAX,283
USC00314684,2006-12-29,TMAX,156
USC00314684,2006-12-29,TMIN,-11
USR0000NNWB,2011-01-28,TMAX,133
USR0000NNWB,2008-10-01,TMIN,139
USC00314689,2005-05-11,TMIN,122
USC00317170,2012-07-11,TMIN,222
USW00093765,2011-06-09,TMAX,311
USW00093765,2012-05-13,TMIN,194
USC00316676,2013-11-03,TMAX,194
USC00314689,2011-05-21,TMIN,161
USC00317170,2010-02-24,TMIN,67
USC00310356,2013-09-19,TMAX,289
USC00316676,2013-11-03,TMIN,83
USC00317170,2015-07-03,TMAX,311
USW00013754,2005-12-13,TMIN,0
USW00013754,2005-12-13,TMAX,72
USC00310356,2013-09-19,TMIN,150
USC00314689,2011-05-21,TMAX,294
USC00310576,2011-11-06,TMIN,89
USR0000NNWB,2011-01-19,TMIN,56
USC00317170,2015-07-03,TMIN,211
USR0000NNWB,2011-01-19,TMAX,144
USC00314684,2012-12-30,TMIN,6
USR0000NHOF,2010-08-05,TMIN,222
USR0000NHOF,2010-08-05,TMAX,333
USW00093719,2009-05-12,TMIN,94
USC00310576,2011-11-06,TMAX,156
USC00310576,2011-12-22,TMAX,222
USR0000NCRN,2005-10-28,TMAX,139
USR0000NCRN,2014-09-30,TMIN,172
USR0000NNWB,2011-09-21,TMAX,294
USC00314684,2015-07-03,TMAX,328
USW00093765,2015-01-12,TMAX,189
USC00314684,2015-07-03,TMIN,206
USC00314684,2010-07-01,TMAX,278
USC00314684,2010-07-01,TMIN,200
USR0000NHOF,2007-02-27,TMIN,0
USC00314689,2005-02-12,TMIN,-17
USC00314684,2010-02-24,TMAX,117
USC00314684,2010-02-24,TMIN,44
USC00310576,2015-08-20,TMIN,200
USC00310576,2005-03-04,TMIN,-72
USW00093765,2012-02-18,TMIN,72
USC00314689,2007-04-02,TMIN,167
USC00310576,2005-03-04,TMAX,117
USC00315830,2015-10-17,TMAX,250
USW00093765,2015-01-12,TMIN,83
USR0000NNWB,2014-06-26,TMAX,344
USC00316676,2009-12-14,TMIN,89
USC00315830,2009-02-19,TMIN,117
USR0000NCRN,2007-07-12,TMAX,317
USR0000NCRN,2007-07-12,TMIN,222
USC00315830,2008-11-05,TMAX,200
USW00093765,2009-03-17,TMAX,117
USC00317170,2008-10-12,TMIN,178
USW00093765,2009-03-17,TMIN,67
USC00310576,2010-10-21,TMAX,256
USC00314689,2005-09-13,TMIN,233
USC00310576,2010-10-21,TMIN,128
USW00093719,2015-09-30,TMIN,228
USC00310576,2015-08-20,TMAX,283
USW00093719,2015-09-30,TMAX,306
USR0000NCRN,2006-01-07,TMAX,89
USR0000NCRN,2006-01-07,TMIN,-161
USC00314689,2005-09-13,TMAX,317
USC00316676,2009-12-14,TMAX,189
USR0000NNWB,2011-09-21,TMIN,211
USC00317170,2008-10-12,TMAX,261
USR0000NNWB,2014-06-26,TMIN,239
USC00315830,2015-10-17,TMIN,128
USW00013754,2013-10-30,TMIN,94
USC00315830,2011-04-02,TMAX,183
USC00315830,2011-04-02,TMIN,50
USC00310356,2009-01-26,TMAX,39
USC00310576,2006-04-28,TMAX,233
USC00310576,2006-04-28,TMIN,78
USC00310576,2014-02-14,TMAX,78
USW00093765,2007-07-05,TMIN,244
USW00093719,2010-04-23,TMAX,239
USC00315830,2015-12-19,TMAX,189
USC00314689,2006-03-07,TMIN,28
USC00314684,2006-02-01,TMIN,-17
USC00314684,2006-02-01,TMAX,128
USR0000NNWB,2006-03-31,TMAX,250
USC00316096,2013-07-14,TMAX,306
USR0000NNWB,2006-03-31,TMIN,50
USC00315830,2015-12-19,TMIN,6
USW00093765,2009-05-01,TMIN,200
USW00093765,2007-07-05,TMAX,300
USC00314684,2015-05-13,TMIN,189
USW00093765,2009-05-01,TMAX,244
USC00314684,2013-07-14,TMAX,300
USC00314684,2013-07-14,TMIN,217
USC00316096,2012-12-30,TMAX,83
USC00316096,2012-12-30,TMIN,-28
USW00093765,2012-02-18,TMAX,178
USW00093765,2008-10-18,TMAX,156
USC00310356,2009-01-26,TMIN,28
USW00093765,2008-10-18,TMIN,133
USC00310356,2011-08-08,TMAX,311
USW00013754,2013-02-24,TMAX,161
USC00310356,2011-08-08,TMIN,272
USW00013754,2013-10-30,TMAX,250
USC00317170,2013-11-24,TMIN,17
USC00317170,2013-11-24,TMAX,117
USC00314684,2015-05-13,TMAX,328
USW00013754,2013-02-24,TMIN,39
USR0000NCRN,2010-03-08,TMAX,189
USW00093765,2012-07-11,TMAX,300
USR0000NCRN,2010-03-08,TMIN,6
USC00310356,2012-04-26,TMAX,200
USC00310356,2012-04-26,TMIN,133
USR0000NHOF,2015-08-14,TMIN,167
USC00314684,2009-05-05,TMIN,156
USW00093719,2012-09-05,TMIN,217
USR0000NCRN,2015-12-01,TMIN,128
USW00093719,2012-09-05,TMAX,328
USC00314684,2005-04-06,TMIN,83
USW00093743,2012-04-26,TMAX,233
USW00013754,2005-07-27,TMAX,339
USW00013754,2005-07-27,TMIN,244
USW00013754,2011-06-02,TMAX,367
USR0000NCRN,2015-12-01,TMAX,167
USR0000NCRN,2009-02-16,TMIN,-11
USR0000NNWB,2013-02-24,TMIN,39
USR0000NNWB,2013-02-24,TMAX,172
USW00093743,2012-04-26,TMIN,144
USR0000NCRN,2009-02-16,TMAX,94
USC00314684,2005-04-06,TMAX,261
USW00013754,2007-12-02,TMIN,50
USR0000NCRN,2014-09-30,TMAX,267
USR0000NNWB,2011-10-13,TMAX,278
USR0000NCRN,2014-05-20,TMIN,61
USW00093765,2011-02-14,TMAX,139
USR0000NCRN,2014-05-20,TMAX,228
USR0000NNWB,2011-10-13,TMIN,194
USR0000NHOF,2015-08-14,TMAX,322
USW00013754,2007-12-02,TMAX,200
USW00093765,2011-02-14,TMIN,83
USR0000NNWB,2013-04-21,TMAX,172
USW00093743,2008-02-02,TMAX,272
USW00093743,2008-02-02,TMIN,28
USW00093765,2013-07-14,TMAX,300
USW00093765,2013-07-14,TMIN,256
USW00013754,2014-06-26,TMAX,333
USW00013754,2014-06-26,TMIN,244
USR0000NNWB,2013-04-21,TMIN,61
USC00314144,2011-02-08,TMAX,117
USW00013754,2011-06-02,TMIN,228
USC00310576,2011-01-31,TMIN,28
USC00310576,2014-08-03,TMAX,250
USC00314689,2008-05-29,TMIN,128
USC00310356,2012-10-25,TMIN,167
USC00310356,2012-10-25,TMAX,289
USC00310576,2014-08-03,TMIN,211
USW00093765,2005-10-15,TMIN,161
USR0000NHOF,2009-09-04,TMAX,261
USC00314689,2008-05-29,TMAX,300
USW00093765,2005-10-15,TMAX,256
USW00013754,2009-03-22,TMAX,156
USC00315830,2011-06-30,TMAX,306
USC00315830,2011-06-30,TMIN,222
USW00093765,2012-07-11,TMIN,239
USC00315830,2009-02-19,TMAX,189
USR0000NHOF,2007-02-27,TMAX,189
USC00315830,2008-11-05,TMIN,161
USW00013754,2009-03-22,TMIN,28
USC00314684,2005-01-20,TMAX,11
USW00093743,2012-10-25,TMAX,256
USW00093743,2012-10-25,TMIN,139
USW00093765,2009-10-18,TMIN,83
USR0000NHOF,2012-04-26,TMAX,283
USR0000NHOF,2012-04-26,TMIN,150
USW00093765,2009-10-18,TMAX,111
USW00013754,2013-04-21,TMIN,72
USW00013754,2013-04-21,TMAX,167
USC00310576,2011-01-31,TMAX,194
USW00093765,2009-11-12,TMIN,139
USR0000NHOF,2009-09-04,TMIN,156
USR0000NHOF,2008-02-02,TMAX,161
USR0000NHOF,2008-02-02,TMIN,-17
USW00093765,2009-11-12,TMAX,211
USC00316676,2015-04-09,TMIN,156
USC00316676,2015-04-09,TMAX,300
USC00317170,2013-07-14,TMAX,306
USC00317170,2013-07-14,TMIN,217
USC00314684,2005-01-20,TMIN,-111
USW00093765,2013-04-21,TMIN,89
USC00314684,2013-11-24,TMAX,167
USC00310356,2008-09-15,TMAX,328
USC00310356,2008-09-15,TMIN,233
USC00316096,2013-04-21,TMAX,167
USC00314684,2013-02-12,TMAX,178
USC00310576,2008-08-27,TMIN,228
USW00093743,2013-10-03,TMIN,161
USC00310576,2012-12-12,TMIN,100
USC00310576,2008-08-27,TMAX,300
USR0000NNWB,2009-09-22,TMIN,222
USC00316096,2013-04-21,TMIN,61
USR0000NNWB,2009-09-22,TMAX,272
USW00093743,2013-10-03,TMAX,283
USR0000NHOF,2010-03-08,TMIN,-17
USC00310576,2009-02-13,TMAX,211
USC00310576,2009-02-13,TMIN,44
USR0000NHOF,2010-03-08,TMAX,183
USC00314684,2015-08-03,TMIN,211
USC00310356,2013-10-03,TMIN,194
USC00314684,2013-02-12,TMIN,111
USR0000NNWB,2009-08-08,TMIN,200
USC00310356,2006-04-28,TMIN,100
USR0000NNWB,2007-05-07,TMIN,78
USC00314689,2013-04-21,TMAX,156
USC00315830,2007-10-20,TMIN,217
USC00316096,2013-03-26,TMAX,100
USR0000NHOF,2005-05-04,TMAX,222
USW00093765,2010-05-04,TMIN,194
USR0000NHOF,2005-05-04,TMIN,28
USC00316096,2013-03-26,TMIN,6
USR0000NHOF,2014-08-03,TMIN,211
USC00315830,2013-07-14,TMAX,311
USC00315830,2014-07-11,TMIN,222
USC00315830,2013-07-14,TMIN,250
USC00314684,2015-02-22,TMIN,-72
USC00310356,2008-04-11,TMAX,239
USC00310356,2006-04-28,TMAX,228
USR0000NHOF,2014-08-03,TMAX,233
USR0000NNWB,2007-05-07,TMAX,183
USW00013754,2015-10-27,TMIN,161
USC00316676,2006-01-16,TMAX,100
USR0000NNWB,2009-08-08,TMAX,317
USC00310356,2013-10-03,TMAX,256
USC00310576,2014-09-30,TMIN,161
USC00315830,2009-10-27,TMAX,206
USC00310576,2014-09-30,TMAX,250
USW00093719,2005-07-10,TMAX,322
USW00093719,2005-07-10,TMIN,206
USW00093743,2009-11-22,TMAX,172
USW00093743,2009-11-22,TMIN,78
USC00314689,2013-03-26,TMIN,17
USC00310576,2007-09-09,TMIN,150
USC00314684,2013-04-21,TMIN,39
USC00314684,2013-04-21,TMAX,150
USW00093743,2010-03-08,TMIN,11
USW00093743,2010-03-08,TMAX,178
USC00316096,2013-11-24,TMIN,-22
USC00316096,2013-11-24,TMAX,94
USC00315830,2009-10-27,TMIN,144
USC00310576,2007-07-18,TMAX,250
USC00310576,2012-12-12,TMAX,222
USC00314689,2013-03-26,TMAX,106
USC00315830,2007-10-20,TMAX,278
USC00310576,2009-07-15,TMAX,289
USC00314684,2015-08-03,TMAX,350
USW00093743,2013-11-15,TMAX,189
USC00310576,2009-07-15,TMIN,178
USW00093743,2013-11-15,TMIN,22
USC00317170,2012-09-05,TMIN,211
USW00093719,2008-04-20,TMAX,239
USC00314689,2006-02-01,TMAX,189
USC00317170,2012-09-05,TMAX,356
USW00093719,2006-10-18,TMIN,178
USC00314684,2015-02-22,TMAX,128
USC00314689,2006-02-01,TMIN,-22
USC00310356,2009-11-22,TMAX,161
USC00310356,2009-11-22,TMIN,94
USW00093719,2006-10-18,TMAX,267
USR0000NHOF,2005-07-31,TMIN,200
USW00093719,2008-04-20,TMIN,133
USC00316676,2006-01-16,TMIN,-11
USW00093765,2010-05-04,TMAX,233
USR0000NHOF,2012-06-27,TMIN,94
USC00310356,2005-01-08,TMAX,206
USC00315830,2005-10-26,TMAX,194
USC00310356,2014-03-04,TMIN,-33
USW00093719,2005-12-13,TMAX,61
USC00310356,2014-03-04,TMAX,156
USC00316676,2015-09-12,TMAX,289
USC00314689,2015-11-12,TMAX,256
USC00310356,2013-11-15,TMAX,144
USC00314689,2015-11-12,TMIN,83
USW00093765,2015-05-13,TMAX,250
USC00310356,2005-01-08,TMIN,106
USC00316676,2015-02-14,TMAX,28
USC00316676,2015-02-14,TMIN,-67
USW00093765,2015-05-13,TMIN,178
USC00316676,2008-12-20,TMIN,122
USC00316676,2008-12-20,TMAX,233
USC00316676,2015-09-12,TMIN,211
USC00310356,2005-05-04,TMAX,222
USW00093719,2005-12-13,TMIN,-17
USW00093719,2015-07-03,TMAX,306
USC00314684,2010-01-05,TMIN,-83
USC00314144,2007-07-22,TMIN,122
USC00314144,2007-07-22,TMAX,272
USW00093719,2009-03-22,TMIN,0
USC00310356,2006-05-15,TMIN,139
USR0000NHOF,2014-03-04,TMIN,-50
USW00093765,2008-03-18,TMAX,183
USW00093719,2015-07-03,TMIN,217
USR0000NCRN,2010-09-05,TMIN,156
USW00093719,2009-03-22,TMAX,161
USC00317170,2012-02-18,TMAX,183
USW00093765,2008-03-18,TMIN,44
USR0000NHOF,2014-03-04,TMAX,0
USR0000NCRN,2010-09-05,TMAX,300
USW00093743,2007-10-19,TMAX,278
USR0000NHOF,2014-02-14,TMAX,161
USC00310356,2006-05-15,TMAX,228
USC00317170,2015-03-03,TMAX,94
USC00310356,2005-05-04,TMIN,133
USC00317170,2015-09-30,TMIN,228
USC00315830,2006-11-08,TMAX,217
USC00315830,2006-11-08,TMIN,172
USC00310356,2015-05-27,TMIN,228
USC00310356,2015-05-27,TMAX,272
USC00314689,2013-11-24,TMIN,11
USC00314144,2005-11-16,TMIN,150
USC00314689,2013-11-24,TMAX,144
USC00310356,2013-11-15,TMIN,72
USW00013754,2008-07-07,TMIN,211
USC00314144,2005-11-16,TMAX,256
USR0000NNWB,2014-06-10,TMIN,211
USR0000NNWB,2014-06-10,TMAX,350
USC00316676,2008-11-03,TMAX,228
USC00316676,2008-11-03,TMIN,56
USC00315830,2014-07-11,TMAX,300
USC00314689,2013-04-21,TMIN,61
USR0000NHOF,2012-06-27,TMAX,283
USC00310356,2014-08-03,TMIN,222
USR0000NCRN,2010-01-19,TMAX,172
USR0000NCRN,2010-01-19,TMIN,28
USW00013754,2008-07-07,TMAX,294
USC00317170,2015-03-03,TMIN,11
USC00317170,2015-09-30,TMAX,306
USW00013754,2015-10-27,TMAX,211
USW00013754,2012-11-17,TMIN,61
USW00013754,2012-11-17,TMAX,150
USR0000NHOF,2015-05-27,TMIN,183
USR0000NHOF,2015-05-27,TMAX,294
USW00093719,2008-05-01,TMAX,233
USW00093719,2008-05-01,TMIN,67
USR0000NHOF,2014-02-14,TMIN,0
USC00315830,2007-10-22,TMIN,172
USC00315830,2007-10-22,TMAX,267
USR0000NCRN,2005-02-26,TMIN,-22
USC00315830,2005-10-26,TMIN,72
USR0000NCRN,2005-02-26,TMAX,122
USC00310356,2014-08-03,TMAX,250
USW00093765,2005-06-03,TMAX,250
USC00310576,2008-10-30,TMIN,17
USW00093719,2008-10-06,TMIN,111
USR0000NNWB,2011-03-28,TMIN,6
USC00310356,2013-08-14,TMIN,233
USC00316096,2010-01-05,TMAX,22
USC00310356,2013-08-14,TMAX,294
USR0000NHOF,2008-09-15,TMIN,222
USR0000NHOF,2008-09-15,TMAX,328
USC00316096,2010-01-05,TMIN,-72
USR0000NHOF,2009-10-11,TMAX,211
USC00316676,2007-03-18,TMAX,111
USW00013754,2007-11-21,TMAX,244
USR0000NHOF,2009-10-11,TMIN,144
USW00093765,2015-07-03,TMAX,283
USW00093765,2015-07-03,TMIN,233
USC00314144,2006-05-15,TMAX,261
USC00317170,2013-04-21,TMIN,56
USW00093765,2010-02-24,TMAX,111
USC00316676,2006-09-01,TMIN,228
USC00314144,2006-05-15,TMIN,122
USW00093765,2010-02-24,TMIN,56
USC00317170,2011-05-02,TMAX,289
USR0000NCRN,2015-05-27,TMAX,272
USW00093765,2012-09-05,TMIN,261
USW00093765,2010-12-12,TMAX,167
USC00310356,2011-05-06,TMIN,100
USW00093765,2012-09-05,TMAX,294
USR0000NCRN,2015-04-03,TMIN,161
USR0000NCRN,2015-04-03,TMAX,228
USW00013754,2009-08-08,TMIN,194
USR0000NCRN,2010-12-16,TMIN,-83
USC00315830,2014-04-17,TMAX,167
USC00315830,2014-04-17,TMIN,56
USW00013754,2009-08-08,TMAX,294
USR0000NCRN,2010-12-16,TMAX,133
USC00315830,2006-06-30,TMAX,294
USC00317170,2011-05-02,TMIN,106
USC00315830,2006-06-30,TMIN,217
USR0000NCRN,2015-05-27,TMIN,206
USW00013754,2007-11-21,TMIN,83
USW00093765,2010-12-12,TMIN,61
USC00316676,2006-09-01,TMAX,250
USC00314144,2005-06-15,TMIN,228
USW00013754,2014-06-10,TMIN,206
USW00013754,2014-06-10,TMAX,311
USR0000NCRN,2013-10-03,TMAX,283
USC00314144,2011-02-08,TMIN,-22
USC00310576,2011-04-26,TMAX,272
USW00093743,2008-09-15,TMIN,244
USW00093743,2008-09-15,TMAX,311
USC00315830,2007-01-26,TMAX,100
USC00317170,2012-06-29,TMIN,217
USC00314684,2013-11-24,TMIN,6
USC00310576,2011-10-28,TMAX,267
USC00310356,2015-08-14,TMAX,306
USC00314689,2013-02-12,TMAX,189
USC00314689,2013-02-12,TMIN,106
USC00310356,2015-08-14,TMIN,222
USC00310576,2011-10-28,TMIN,133
USC00316676,2007-07-02,TMIN,167
USC00317170,2013-04-21,TMAX,167
USC00315830,2007-01-26,TMIN,-33
USC00310576,2006-01-28,TMIN,-56
USC00317170,2008-03-18,TMAX,189
USC00317170,2008-03-18,TMIN,33
USC00316676,2007-03-18,TMIN,-17
USR0000NNWB,2005-12-13,TMIN,-11
USR0000NNWB,2005-12-13,TMAX,61
USC00310576,2010-07-28,TMAX,317
USC00310576,2011-05-27,TMAX,322
USR0000NCRN,2013-10-03,TMIN,144
USC00310576,2011-05-27,TMIN,189
USC00314144,2005-06-15,TMAX,356
USW00013754,2011-10-13,TMIN,200
USC00310576,2010-07-28,TMIN,211
USC00314684,2008-12-13,TMIN,-28
USC00310576,2006-01-28,TMAX,156
USC00314684,2008-12-13,TMAX,144
USC00310576,2011-04-26,TMIN,161
USW00013754,2011-10-13,TMAX,283
USC00314144,2010-05-15,TMIN,206
USW00013754,2005-08-19,TMAX,328
USW00013754,2005-08-19,TMIN,233
USC00316676,2009-04-29,TMAX,294
USR0000NHOF,2009-11-22,TMAX,150
USR0000NHOF,2009-11-22,TMIN,28
USR0000NCRN,2012-08-15,TMIN,217
USW00093719,2010-03-21,TMAX,222
USC00310576,2014-01-16,TMAX,156
USC00310576,2014-01-16,TMIN,39
USC00317170,2008-04-23,TMAX,244
USW00093719,2010-03-21,TMIN,61
USC00310576,2006-08-01,TMAX,350
USR0000NCRN,2009-01-20,TMIN,-44
USC00310576,2006-08-01,TMIN,239
USC00316676,2009-04-29,TMIN,128
USR0000NCRN,2009-01-20,TMAX,67
USC00310356,2011-05-06,TMAX,239
USC00310576,2007-06-28,TMAX,317
USR0000NCRN,2012-08-15,TMAX,306
USR0000NCRN,2014-03-04,TMIN,-33
USC00317170,2008-04-23,TMIN,167
USC00310576,2006-04-08,TMAX,283
USW00093719,2008-10-06,TMAX,267
USC00310576,2007-09-09,TMAX,306
USR0000NCRN,2006-05-15,TMIN,161
USC00314684,2013-01-07,TMIN,-17
USC00310356,2010-03-08,TMIN,17
USC00310356,2010-03-08,TMAX,122
USR0000NCRN,2006-05-15,TMAX,239
USC00310576,2009-05-16,TMIN,194
USR0000NHOF,2006-04-28,TMAX,233
USC00310576,2009-05-16,TMAX,261
USW00093765,2015-09-30,TMIN,228
USW00093765,2015-09-30,TMAX,283
USC00314684,2013-01-07,TMAX,78
USC00310576,2006-04-08,TMIN,94
USR0000NCRN,2014-09-08,TMAX,272
USR0000NCRN,2014-09-08,TMIN,217
USR0000NHOF,2006-04-28,TMIN,50
USW00093719,2013-02-24,TMIN,39
USR0000NCRN,2014-03-04,TMAX,6
USC00315830,2012-06-03,TMAX,272
USR0000NHOF,2009-01-26,TMIN,17
USR0000NHOF,2009-01-26,TMAX,67
USC00314684,2006-12-11,TMAX,144
USC00314684,2006-12-11,TMIN,-39
USC00310576,2007-06-28,TMIN,194
USW00093743,2009-10-11,TMAX,228
USW00093743,2009-10-11,TMIN,167
USC00315830,2007-08-14,TMIN,228
USC00316096,2013-02-12,TMAX,178
USC00316096,2013-02-12,TMIN,100
USC00317170,2012-05-13,TMIN,128
USC00317170,2012-05-13,TMAX,250
USC00310576,2009-04-07,TMAX,244
USC00310576,2009-04-07,TMIN,78
USR0000NCRN,2006-07-15,TMIN,228
USR0000NCRN,2006-07-15,TMAX,344
USC00314144,2010-05-15,TMAX,311
USC00314144,2008-07-26,TMAX,300
USC00314144,2008-07-26,TMIN,172
USR0000NNWB,2011-03-28,TMAX,94
USW00093719,2013-02-24,TMAX,172
USW00013754,2009-09-22,TMIN,222
USW00013754,2009-09-22,TMAX,278
USC00315830,2007-08-14,TMAX,328
USW00013754,2012-08-10,TMAX,300
USW00013754,2012-08-10,TMIN,233
USC00314144,2010-01-19,TMIN,-6
USC00314144,2010-01-19,TMAX,189
USC00315830,2012-06-03,TMIN,144
USC00317170,2015-05-13,TMAX,267
USC00317170,2015-05-13,TMIN,172
USC00310356,2010-12-04,TMIN,22
USC00310576,2009-11-26,TMIN,89
USC00310356,2009-10-11,TMAX,278
USC00310356,2010-12-04,TMAX,89
USC00310576,2009-11-26,TMAX,144
USC00310356,2009-10-11,TMIN,189
USW00093765,2005-06-03,TMIN,217
USC00316096,2013-07-14,TMIN,222
USR0000NCRN,2010-12-19,TMAX,67
USW00093719,2008-05-29,TMAX,233
USR0000NNWB,2013-04-22,TMIN,61
USR0000NNWB,2013-04-22,TMAX,144
USR0000NCRN,2005-11-16,TMAX,261
USC00310576,2012-06-03,TMAX,272
USC00310576,2012-06-03,TMIN,122
USC00316676,2015-08-15,TMAX,300
USC00314144,2006-01-17,TMIN,89
USR0000NCRN,2008-10-11,TMAX,217
USC00314689,2011-01-17,TMAX,128
USC00314689,2011-01-17,TMIN,0
USC00314689,2013-02-24,TMIN,72
USC00314689,2013-02-24,TMAX,167
USC00314144,2006-01-17,TMAX,172
USC00310576,2010-02-24,TMAX,139
USC00310576,2010-02-24,TMIN,67
USR0000NNWB,2006-12-29,TMAX,183
USC00317170,2014-03-04,TMIN,-44
USR0000NCRN,2015-01-15,TMIN,11
USR0000NCRN,2008-10-11,TMIN,200
USC00316676,2012-02-21,TMAX,122
USC00316096,2012-11-17,TMIN,56
USC00314684,2009-09-22,TMIN,156
USC00317170,2009-12-14,TMAX,189
USC00317170,2009-12-14,TMIN,94
USC00316096,2012-11-17,TMAX,144
USC00314684,2009-09-22,TMAX,289
USC00315830,2012-10-10,TMAX,217
USW00013754,2010-01-19,TMAX,183
USC00315830,2012-10-10,TMIN,133
USC00314144,2006-09-02,TMIN,161
USW00093719,2005-04-06,TMIN,89
USC00314144,2006-09-02,TMAX,283
USW00013754,2010-01-19,TMIN,17
USC00314689,2007-01-26,TMIN,-44
USR0000NCRN,2005-11-16,TMIN,194
USC00316676,2015-08-15,TMIN,178
USW00093719,2005-04-06,TMAX,278
USC00315830,2012-12-12,TMAX,194
USR0000NCRN,2015-01-15,TMAX,83
USC00316096,2011-10-17,TMIN,172
USR0000NHOF,2006-08-08,TMAX,344
USC00310356,2005-02-22,TMAX,133
USC00310356,2005-02-22,TMIN,83
USW00093719,2008-06-06,TMIN,233
USW00093719,2008-06-06,TMAX,361
USR0000NNWB,2010-05-04,TMAX,256
USW00093765,2006-05-15,TMIN,183
USW00093743,2009-01-20,TMAX,72
USW00093765,2006-05-15,TMAX,244
USC00316096,2015-12-19,TMIN,-28
USC00316096,2015-12-19,TMAX,89
USR0000NNWB,2010-05-04,TMIN,206
USC00315830,2012-03-17,TMAX,250
USC00316676,2007-05-12,TMIN,172
USC00316676,2009-10-10,TMAX,289
USC00316676,2005-05-03,TMAX,244
USR0000NNWB,2012-01-20,TMIN,6
USC00317170,2014-03-04,TMAX,0
USR0000NHOF,2006-08-08,TMIN,222
USW00093743,2009-01-20,TMIN,-32
USR0000NNWB,2006-12-29,TMIN,6
USC00316096,2011-10-17,TMAX,267
USW00013754,2013-04-22,TMIN,89
USW00013754,2013-04-22,TMAX,133
USC00316676,2014-09-30,TMIN,172
USC00316676,2014-09-30,TMAX,239
USC00310576,2014-06-26,TMAX,322
USW00093765,2005-12-06,TMIN,-11
USW00093719,2015-05-27,TMIN,189
USC00315830,2011-10-13,TMAX,272
USW00013754,2012-08-26,TMAX,311
USC00315830,2011-10-13,TMIN,206
USW00093719,2015-05-27,TMAX,300
USC00310356,2006-08-01,TMAX,300
USC00310356,2006-08-01,TMIN,194
USW00093765,2005-12-06,TMAX,133
USC00310576,2014-06-26,TMIN,228
USC00316676,2007-05-12,TMAX,289
USC00315830,2012-12-12,TMIN,100
USC00314689,2015-12-19,TMAX,139
USR0000NCRN,2010-11-21,TMIN,39
USC00316096,2015-09-23,TMAX,244
USR0000NCRN,2010-11-21,TMAX,211
USC00316096,2015-09-23,TMIN,200
USW00013754,2011-05-19,TMAX,256
USC00314684,2005-08-19,TMIN,211
USC00314684,2005-08-19,TMAX,311
USC00310576,2014-12-24,TMAX,194
USW00013754,2011-05-19,TMIN,111
USC00314684,2009-02-20,TMAX,172
USC00315830,2007-12-17,TMIN,0
USC00314684,2013-08-14,TMIN,217
USR0000NCRN,2005-08-08,TMIN,222
USR0000NCRN,2013-11-25,TMIN,-50
USR0000NCRN,2013-11-25,TMAX,72
USC00314684,2012-01-25,TMAX,194
USC00310576,2014-12-24,TMIN,78
USC00314684,2013-08-14,TMAX,322
USR0000NHOF,2011-08-30,TMIN,161
USC00314144,2005-02-10,TMAX,156
USW00013754,2006-12-29,TMIN,28
USC00317170,2009-07-24,TMIN,217
USC00317170,2009-07-24,TMAX,311
USW00093719,2011-09-04,TMIN,161
USC00315830,2015-05-13,TMAX,261
USW00093719,2011-09-04,TMAX,317
USC00316676,2014-04-16,TMAX,244
USC00314144,2005-02-10,TMIN,72
USC00314684,2009-02-20,TMIN,-28
USC00316676,2014-04-16,TMIN,44
USC00314144,2009-12-03,TMIN,72
USR0000NCRN,2010-09-13,TMAX,272
USR0000NCRN,2010-09-13,TMIN,150
USR0000NHOF,2011-08-30,TMAX,289
USR0000NCRN,2007-04-23,TMIN,72
USC00314144,2009-12-03,TMAX,200
USC00315830,2015-05-13,TMIN,206
USC00315830,2011-12-22,TMAX,217
USW00093719,2013-04-22,TMIN,72
USC00314684,2005-04-13,TMIN,89
USC00314689,2008-08-22,TMIN,189
USR0000NCRN,2010-07-28,TMIN,211
USW00013754,2009-03-17,TMIN,67
USR0000NCRN,2005-08-08,TMAX,272
USC00314144,2006-10-10,TMAX,256
USC00314144,2006-10-10,TMIN,117
USC00314689,2005-09-25,TMIN,206
USR0000NCRN,2010-07-28,TMAX,306
USC00315830,2011-12-22,TMIN,111
USC00314689,2015-12-19,TMIN,-11
USR0000NHOF,2014-05-31,TMAX,300
USR0000NHOF,2014-05-31,TMIN,117
USC00315830,2013-07-13,TMAX,311
USC00310356,2010-12-19,TMIN,-28
USC00310356,2010-12-19,TMAX,61
USC00315830,2013-07-13,TMIN,222
USC00314689,2015-10-29,TMAX,261
USW00093719,2013-04-22,TMAX,150
USC00314689,2008-08-22,TMAX,306
USC00314144,2010-10-21,TMIN,89
USC00314684,2005-04-13,TMAX,150
USR0000NHOF,2009-02-13,TMAX,200
USR0000NHOF,2009-02-13,TMIN,0
USC00314684,2010-05-21,TMIN,111
USC00314684,2012-01-25,TMIN,22
USC00314684,2010-05-21,TMAX,250
USW00013754,2009-03-17,TMAX,111
USC00314684,2014-09-07,TMIN,206
USC00314684,2014-09-07,TMAX,311
USR0000NCRN,2011-12-01,TMAX,122
USR0000NCRN,2011-12-01,TMIN,-17
USR0000NNWB,2010-01-19,TMIN,22
USR0000NNWB,2010-01-19,TMAX,200
USC00316096,2012-06-11,TMAX,278
USC00314144,2010-10-21,TMAX,244
USC00314689,2015-10-29,TMIN,183
USC00316096,2012-06-11,TMIN,183
USC00316676,2005-05-03,TMIN,100
USC00315830,2012-03-17,TMIN,167
USW00093719,2013-10-03,TMIN,156
USC00314689,2014-09-07,TMIN,228
USR0000NNWB,2015-05-27,TMIN,206
USR0000NNWB,2015-05-27,TMAX,306
USC00314684,2012-06-11,TMIN,183
USC00314684,2008-09-09,TMAX,322
USC00314684,2008-09-09,TMIN,200
USC00314684,2012-06-11,TMAX,311
USC00314689,2014-09-07,TMAX,322
USC00310356,2009-01-20,TMIN,22
USR0000NNWB,2008-03-22,TMIN,83
USR0000NNWB,2008-03-22,TMAX,244
USC00315830,2013-03-26,TMAX,150
USC00315830,2013-03-26,TMIN,17
USW00013754,2012-04-25,TMAX,222
USC00310356,2011-06-30,TMIN,222
USW00013754,2012-04-25,TMIN,50
USC00310356,2009-01-20,TMAX,117
USW00013754,2015-01-12,TMIN,78
USW00013754,2015-01-12,TMAX,200
USC00315830,2012-01-18,TMIN,50
USR0000NNWB,2010-06-24,TMIN,250
USW00093765,2010-05-07,TMAX,272
USC00314684,2009-01-10,TMAX,100
USC00314684,2009-01-10,TMIN,-28
USW00093765,2013-08-14,TMAX,267
USC00314689,2015-09-23,TMAX,244
USC00314684,2005-07-23,TMAX,328
USC00310356,2011-06-30,TMAX,278
USR0000NNWB,2006-09-26,TMAX,250
USC00315830,2010-08-20,TMAX,311
USC00315830,2010-08-20,TMIN,250
USR0000NNWB,2006-09-26,TMIN,128
USC00310356,2007-09-07,TMIN,211
USC00314689,2015-09-23,TMIN,189
USR0000NNWB,2007-08-05,TMIN,222
USC00315830,2012-01-18,TMAX,156
USW00093765,2013-12-22,TMIN,178
USW00093765,2013-08-14,TMIN,211
USC00315830,2007-05-07,TMAX,167
USW00093719,2009-01-02,TMAX,161
USC00316676,2006-04-27,TMAX,189
USW00013754,2009-03-09,TMAX,289
USC00316676,2014-02-13,TMAX,106
USC00316676,2006-04-27,TMIN,122
USW00093743,2007-09-07,TMAX,294
USW00093743,2007-09-07,TMIN,211
USW00013754,2009-03-09,TMIN,122
USC00314684,2008-08-05,TMIN,222
USC00314144,2008-06-19,TMIN,94
USC00314144,2008-06-19,TMAX,306
USC00317170,2014-06-10,TMIN,211
USC00317170,2014-06-10,TMAX,367
USC00314684,2012-11-17,TMIN,28
USW00013754,2014-11-15,TMAX,100
USW00013754,2014-11-15,TMIN,0
USC00314684,2007-01-26,TMIN,-50
USC00316676,2014-02-13,TMIN,-11
USW00093719,2009-01-02,TMIN,-56
USC00314684,2008-08-05,TMAX,333
USC00310576,2006-03-31,TMIN,22
USW00093765,2013-12-22,TMAX,233
USC00315830,2007-05-07,TMIN,94
USC00314689,2005-12-13,TMIN,22
USC00314689,2005-12-13,TMAX,122
USR0000NCRN,2015-11-27,TMAX,228
USW00093743,2011-06-30,TMAX,311
USW00093719,2012-07-27,TMIN,250
USC00310576,2015-07-03,TMIN,206
USC00316676,2011-04-07,TMAX,206
USC00316676,2011-04-07,TMIN,22
USW00093719,2012-07-27,TMAX,361
USW00093743,2011-06-30,TMIN,222
USR0000NCRN,2015-11-27,TMIN,117
USC00310576,2015-07-03,TMAX,317
USC00310576,2006-03-31,TMAX,244
USC00314689,2015-11-06,TMAX,267
USC00314689,2015-11-06,TMIN,167
USC00310356,2007-09-07,TMAX,322
USR0000NNWB,2008-05-08,TMAX,256
USR0000NCRN,2011-10-28,TMIN,117
USC00315830,2009-01-14,TMIN,6
USC00317170,2009-01-28,TMAX,222
USC00315830,2009-01-14,TMAX,133
USC00314689,2007-01-15,TMAX,228
USC00314689,2007-01-15,TMIN,133
USC00317170,2009-01-28,TMIN,78
USC00316676,2013-09-18,TMAX,244
USC00317170,2013-08-14,TMAX,272
USR0000NNWB,2007-08-05,TMAX,356
USC00316096,2010-09-06,TMIN,167
USW00013754,2008-08-24,TMAX,294
USC00316676,2013-09-18,TMIN,139
USC00310576,2009-09-11,TMIN,178
USC00316096,2014-09-07,TMAX,294
USC00316096,2014-09-07,TMIN,222
USC00314144,2005-06-30,TMIN,222
USW00013754,2008-08-24,TMIN,200
USR0000NHOF,2006-08-01,TMAX,344
USC00317170,2013-08-14,TMIN,161
USC00314689,2005-06-25,TMIN,194
USW00093719,2013-10-03,TMAX,306
USW00013754,2012-08-26,TMIN,211
USW00093765,2009-07-24,TMIN,228
USW00093765,2009-07-24,TMAX,294
USC00314684,2005-07-22,TMAX,333
USC00314684,2005-07-22,TMIN,228
USC00316676,2006-06-29,TMAX,311
USC00316096,2010-09-06,TMAX,300
USC00316676,2006-06-29,TMIN,244
USR0000NHOF,2009-02-16,TMAX,83
USC00314689,2010-12-29,TMIN,-50
USR0000NNWB,2012-01-20,TMAX,150
USC00316676,2009-10-10,TMIN,128
USC00314689,2005-06-25,TMAX,306
USC00310356,2006-08-08,TMIN,239
USC00310356,2006-08-08,TMAX,289
USR0000NHOF,2009-02-16,TMIN,-56
USC00314144,2005-06-30,TMAX,333
USC00315830,2011-05-31,TMIN,233
USW00093765,2014-03-04,TMIN,-21
USC00310576,2009-09-11,TMAX,228
USW00093765,2010-05-07,TMIN,194
USR0000NNWB,2010-06-24,TMAX,372
USR0000NCRN,2011-10-28,TMAX,183
USC00315830,2013-02-12,TMAX,178
USC00316676,2011-08-01,TMAX,361
USC00316676,2005-05-11,TMIN,100
USW00093719,2011-11-06,TMAX,194
USC00314684,2006-01-06,TMAX,183
USC00314684,2006-01-06,TMIN,33
USC00316676,2011-08-01,TMIN,228
USC00315830,2011-07-28,TMIN,244
USC00315830,2013-02-12,TMIN,128
USC00315830,2011-07-28,TMAX,311
USC00314684,2005-07-23,TMIN,222
USR0000NNWB,2008-05-08,TMIN,167
USC00316676,2005-05-11,TMAX,261
USW00093719,2011-11-06,TMIN,83
USC00316096,2009-09-08,TMIN,206
USC00316096,2014-12-20,TMAX,67
USW00013754,2014-06-06,TMAX,283
USC00315830,2011-05-31,TMAX,361
USR0000NHOF,2006-08-01,TMIN,211
USC00316096,2013-02-24,TMIN,44
USC00314684,2011-05-02,TMIN,111
USC00316096,2014-12-20,TMIN,17
USC00316096,2013-02-24,TMAX,156
USW00093765,2014-03-04,TMAX,22
USW00013754,2008-03-18,TMAX,178
USC00314684,2011-05-02,TMAX,244
USW00013754,2008-03-18,TMIN,6
USW00013754,2014-06-06,TMIN,200
USC00314689,2007-08-08,TMAX,383
USC00314689,2007-08-08,TMIN,272
USC00315830,2007-10-18,TMAX,283
USC00315830,2007-10-18,TMIN,211
USC00316096,2009-09-08,TMAX,267
USW00013754,2006-12-29,TMAX,178
USC00314684,2007-01-26,TMAX,111
USR0000NHOF,2010-12-19,TMAX,67
USC00314689,2010-04-11,TMIN,61
USC00315830,2010-03-08,TMAX,161
USC00316676,2005-03-26,TMIN,100
USC00314684,2007-01-15,TMAX,233
USW00093719,2011-06-09,TMIN,222
USW00093743,2011-04-22,TMIN,128
USC00314684,2007-01-15,TMIN,122
USC00314144,2006-11-24,TMIN,50
USC00315830,2012-03-08,TMIN,117
USC00314144,2006-11-24,TMAX,183
USC00314689,2006-05-15,TMAX,239
USC00314689,2005-05-30,TMAX,278
USW00093743,2008-01-01,TMAX,283
USR0000NNWB,2014-08-13,TMIN,200
USR0000NNWB,2014-08-13,TMAX,317
USC00314684,2012-06-29,TMIN,189
USC00314689,2005-05-30,TMIN,194
USC00314689,2006-05-15,TMIN,128
USC00314684,2012-06-29,TMAX,333
USC00315830,2012-03-08,TMAX,222
USW00093719,2011-06-09,TMAX,361
USC00314689,2014-03-04,TMAX,39
USW00093765,2014-09-07,TMAX,294
USW00093765,2014-09-07,TMIN,239
USW00093743,2008-01-01,TMIN,61
USR0000NCRN,2014-10-01,TMIN,172
USR0000NCRN,2014-10-01,TMAX,272
USC00317170,2011-11-06,TMIN,72
USC00315830,2010-03-08,TMIN,0
USC00317170,2011-11-06,TMAX,183
USC00315830,2007-03-10,TMAX,206
USC00315830,2007-03-10,TMIN,50
USC00316096,2009-11-12,TMIN,117
USC00316676,2005-03-26,TMAX,194
USC00316096,2009-11-12,TMAX,178
USC00314684,2013-04-22,TMIN,44
USC00314684,2013-04-22,TMAX,172
USW00093743,2011-04-22,TMAX,228
USR0000NCRN,2014-12-11,TMAX,100
USC00316676,2015-08-03,TMIN,222
USC00317170,2013-12-22,TMIN,178
USR0000NCRN,2008-06-19,TMIN,144
USR0000NCRN,2008-06-19,TMAX,317
USC00310576,2015-01-03,TMAX,150
USC00310356,2015-10-17,TMAX,239
USC00310576,2015-01-03,TMIN,78
USC00310356,2015-10-17,TMIN,139
USR0000NNWB,2006-09-30,TMIN,89
USR0000NCRN,2011-06-30,TMIN,206
USR0000NNWB,2009-09-01,TMIN,189
USC00317170,2015-05-27,TMAX,294
USW00013754,2010-05-04,TMAX,244
USR0000NNWB,2006-09-30,TMAX,267
USC00314144,2010-10-30,TMAX,178
USC00316676,2009-07-14,TMAX,267
USC00316676,2009-07-14,TMIN,200
USR0000NHOF,2006-01-28,TMAX,161
USC00317170,2015-05-27,TMIN,194
USC00314684,2012-08-01,TMIN,217
USW00013754,2008-09-03,TMAX,317
USC00314144,2010-11-08,TMIN,-33
USC00316676,2015-08-03,TMAX,333
USC00314684,2012-08-01,TMAX,311
USC00310576,2009-08-04,TMAX,306
USC00310576,2009-08-04,TMIN,211
USC00315830,2008-05-29,TMAX,261
USW00093765,2010-11-18,TMAX,183
USC00315830,2008-05-29,TMIN,139
USW00013754,2008-09-03,TMIN,167
USC00317170,2013-12-22,TMAX,267
USC00316096,2014-03-04,TMAX,6
USR0000NCRN,2015-04-28,TMIN,72
USC00315830,2010-10-25,TMIN,167
USR0000NCRN,2015-04-28,TMAX,200
USC00315830,2010-10-25,TMAX,250
USW00093765,2010-11-18,TMIN,56
USR0000NCRN,2011-06-30,TMAX,322
USC00316096,2014-03-04,TMIN,-39
USR0000NHOF,2006-01-28,TMIN,-89
USR0000NCRN,2014-12-11,TMIN,-28
USW00093743,2012-01-12,TMAX,161
USC00315830,2014-05-20,TMAX,233
USC00316096,2009-09-22,TMAX,272
USC00310356,2006-01-28,TMIN,-94
USW00093765,2006-01-06,TMAX,89
USC00316676,2005-02-12,TMIN,-39
USW00093765,2006-01-06,TMIN,33
USC00316676,2005-02-12,TMAX,94
USC00316096,2009-09-22,TMIN,222
USW00093765,2015-02-14,TMAX,111
USC00316096,2013-04-22,TMIN,83
USC00316096,2013-04-22,TMAX,128
USC00310576,2012-03-23,TMIN,117
USC00310576,2012-03-23,TMAX,244
USC00314684,2012-01-13,TMAX,156
USW00093719,2005-07-18,TMIN,244
USC00314684,2013-10-03,TMIN,122
USW00093765,2015-02-14,TMIN,-77
USC00316676,2015-09-30,TMIN,233
USW00093743,2010-02-24,TMIN,50
USC00315830,2014-05-20,TMIN,94
USC00314689,2008-11-12,TMAX,167
USW00093743,2013-07-13,TMAX,294
USW00093743,2013-07-13,TMIN,233
USC00316676,2005-07-31,TMAX,311
USC00316676,2006-10-18,TMIN,156
USC00316676,2006-10-18,TMAX,228
USW00093743,2013-11-25,TMIN,-43
USW00093743,2010-02-24,TMAX,122
USW00093743,2013-11-25,TMAX,72
USC00314689,2013-04-22,TMAX,156
USC00310356,2010-02-24,TMAX,144
USC00310356,2010-02-24,TMIN,67
USC00310356,2006-03-31,TMAX,206
USC00310356,2006-03-31,TMIN,100
USR0000NCRN,2007-11-06,TMIN,83
USC00310356,2006-01-28,TMAX,156
USC00314689,2013-04-22,TMIN,44
USC00314689,2014-03-04,TMIN,-72
USR0000NCRN,2007-11-06,TMAX,222
USW00093719,2006-12-11,TMAX,172
USC00316096,2015-11-19,TMAX,217
USC00310356,2011-04-22,TMIN,139
USW00093765,2014-01-24,TMIN,-88
USW00013754,2011-12-30,TMIN,0
USC00310576,2013-03-26,TMAX,106
USW00093765,2014-01-24,TMAX,6
USC00310576,2013-03-26,TMIN,22
USC00314684,2014-06-10,TMAX,317
USW00013754,2011-12-30,TMAX,172
USW00013754,2011-12-09,TMAX,178
USR0000NNWB,2014-11-25,TMIN,150
USR0000NNWB,2014-11-25,TMAX,189
USW00093765,2015-04-21,TMAX,233
USW00093765,2015-04-21,TMIN,172
USC00316096,2010-05-21,TMIN,111
USC00316096,2010-05-21,TMAX,261
USW00013754,2011-12-09,TMIN,22
USC00314684,2012-01-13,TMIN,11
USC00314684,2014-06-10,TMIN,211
USC00316676,2005-10-15,TMAX,206
USR0000NHOF,2010-02-24,TMAX,106
USR0000NHOF,2010-02-24,TMIN,44
USW00093719,2006-12-11,TMIN,-28
USC00314684,2013-10-03,TMAX,300
USC00316096,2015-11-19,TMIN,178
USC00314144,2008-07-11,TMIN,206
USC00314144,2008-07-11,TMAX,283
USC00310356,2011-04-22,TMAX,239
USC00316676,2005-10-15,TMIN,133
USC00316676,2015-09-30,TMAX,294
USR0000NCRN,2006-09-02,TMAX,267
USC00310356,2009-04-22,TMIN,156
USW00093719,2005-07-18,TMAX,328
USC00310356,2009-04-22,TMAX,200
USR0000NHOF,2006-03-31,TMAX,239
USR0000NHOF,2006-03-31,TMIN,0
USR0000NCRN,2006-09-02,TMIN,172
USC00315830,2011-09-10,TMAX,311
USC00315830,2011-09-10,TMIN,194
USR0000NHOF,2011-04-22,TMAX,206
USR0000NNWB,2007-11-12,TMIN,-6
USW00013754,2014-08-13,TMIN,228
USC00316676,2011-02-20,TMAX,217
USC00316676,2011-02-20,TMIN,6
USW00013754,2014-08-13,TMAX,311
USR0000NNWB,2015-09-03,TMIN,206
USC00314144,2009-12-21,TMIN,-67
USR0000NNWB,2007-11-12,TMAX,194
USC00314144,2009-12-21,TMAX,83
USC00316096,2013-08-14,TMIN,200
USC00316096,2013-08-14,TMAX,267
USR0000NCRN,2015-08-14,TMIN,167
USR0000NNWB,2015-09-03,TMAX,322
USC00314684,2014-03-04,TMIN,-72
USC00314684,2014-03-04,TMAX,161
USC00314144,2010-11-01,TMIN,56
USW00093719,2009-05-19,TMAX,183
USC00315830,2011-03-18,TMIN,100
USW00093765,2009-12-14,TMIN,94
USC00314684,2006-05-15,TMAX,256
USR0000NHOF,2015-07-03,TMAX,311
USR0000NHOF,2015-07-03,TMIN,211
USC00317170,2015-04-21,TMAX,244
USC00317170,2015-04-21,TMIN,178
USW00093743,2011-08-30,TMIN,200
USW00093719,2009-05-19,TMIN,106
USC00314689,2010-12-29,TMAX,67
USW00093765,2009-12-14,TMAX,156
USW00093765,2013-04-22,TMIN,106
USW00093719,2010-01-19,TMIN,11
USW00093719,2010-01-19,TMAX,194
USW00093765,2011-11-06,TMIN,111
USW00093765,2011-11-06,TMAX,178
USC00316676,2008-03-26,TMIN,17
USC00310356,2014-05-31,TMIN,178
USC00314684,2006-05-15,TMIN,128
USW00093765,2013-04-22,TMAX,139
USC00316676,2008-03-26,TMAX,156
USC00315830,2011-03-18,TMAX,189
USC00310576,2009-11-10,TMIN,78
USC00314684,2009-05-01,TMAX,256
USC00314689,2012-06-11,TMAX,306
USC00314689,2012-11-17,TMIN,33
USC00314689,2012-11-17,TMAX,139
USW00093765,2010-11-28,TMIN,6
USR0000NHOF,2009-01-20,TMIN,-50
USR0000NHOF,2009-01-20,TMAX,56
USC00314684,2009-05-01,TMIN,133
USC00314689,2008-11-24,TMAX,150
USR0000NHOF,2010-07-15,TMIN,222
USC00314689,2010-04-11,TMAX,233
USW00093765,2010-11-28,TMAX,122
USW00093765,2013-10-03,TMIN,172
USW00093765,2013-10-03,TMAX,267
USW00093719,2008-05-08,TMIN,172
USW00093719,2008-05-08,TMAX,256
USR0000NHOF,2010-07-15,TMAX,317
USC00310576,2009-11-10,TMAX,239
USC00314689,2012-06-11,TMIN,194
USC00314689,2008-11-24,TMIN,-28
USC00316676,2011-09-27,TMAX,233
USC00310356,2012-01-12,TMIN,111
USC00310356,2012-01-12,TMAX,161
USC00310576,2009-02-04,TMAX,83
USW00093719,2011-04-11,TMIN,128
USW00093719,2011-04-11,TMAX,289
USC00314144,2005-06-06,TMIN,183
USC00310576,2009-02-04,TMIN,11
USW00093765,2011-08-17,TMIN,211
USC00316676,2011-09-27,TMIN,206
USW00093765,2011-08-17,TMAX,311
USC00314144,2010-11-01,TMAX,189
USW00093743,2009-02-13,TMIN,50
USR0000NNWB,2008-01-09,TMIN,133
USR0000NNWB,2008-01-09,TMAX,233
USC00314144,2005-06-06,TMAX,322
USW00093743,2009-02-13,TMAX,206
USR0000NHOF,2015-10-17,TMIN,78
USW00093743,2011-08-30,TMAX,300
USR0000NNWB,2009-09-01,TMAX,244
USW00013754,2014-11-25,TMAX,200
USC00314689,2008-07-14,TMAX,322
USC00314689,2008-07-14,TMIN,217
USC00314144,2010-11-08,TMAX,172
USC00314684,2010-12-31,TMAX,67
USW00093719,2007-07-05,TMAX,306
USC00314689,2011-10-17,TMIN,133
USW00013754,2014-11-25,TMIN,167
USC00314689,2011-10-17,TMAX,300
USC00310356,2011-08-30,TMIN,217
USC00317170,2013-04-22,TMIN,61
USC00317170,2013-04-22,TMAX,133
USW00093743,2010-07-15,TMAX,306
USW00093743,2010-07-15,TMIN,250
USR0000NHOF,2007-10-19,TMIN,206
USC00310356,2014-05-31,TMAX,244
USC00310356,2011-08-30,TMAX,311
USC00314689,2008-03-28,TMIN,150
USW00093765,2012-02-13,TMAX,72
USC00317170,2015-02-14,TMAX,122
USR0000NHOF,2011-04-22,TMIN,72
USW00013754,2010-05-04,TMIN,206
USC00310356,2010-07-15,TMAX,283
USC00317170,2014-09-07,TMAX,322
USC00317170,2014-09-07,TMIN,217
USC00310356,2010-07-15,TMIN,233
USW00093765,2012-02-13,TMIN,-38
USC00317170,2015-02-14,TMIN,-83
USC00314684,2015-07-15,TMIN,222
USC00314689,2009-03-22,TMAX,156
USR0000NCRN,2014-04-30,TMIN,194
USW00093743,2008-12-26,TMIN,83
USR0000NCRN,2014-04-30,TMAX,256
USW00093743,2008-12-26,TMAX,156
USC00314684,2015-07-15,TMAX,322
USC00314144,2010-10-30,TMIN,0
USC00314689,2009-03-22,TMIN,-6
USW00013754,2007-09-12,TMIN,222
USC00310356,2009-02-13,TMAX,211
USC00310356,2009-02-13,TMIN,94
USR0000NCRN,2015-08-14,TMAX,300
USC00316676,2011-06-10,TMAX,356
USC00317170,2013-10-03,TMAX,289
USR0000NHOF,2015-10-17,TMAX,233
USC00310576,2005-09-13,TMAX,289
USC00310576,2005-09-13,TMIN,233
USC00314689,2013-08-14,TMIN,211
USC00316676,2011-06-10,TMIN,200
USW00093765,2015-05-27,TMIN,211
USW00093765,2015-05-27,TMAX,261
USC00314144,2010-10-10,TMIN,78
USC00314144,2010-10-10,TMAX,283
USC00314689,2013-08-14,TMAX,344
USC00315830,2012-12-30,TMAX,139
USC00315830,2012-12-30,TMIN,22
USC00314684,2010-12-31,TMIN,-61
USC00316676,2012-02-21,TMIN,-11
USC00315830,2012-04-25,TMIN,61
USC00314144,2011-01-26,TMAX,150
USC00315830,2012-04-25,TMAX,200
USC00314689,2008-03-28,TMAX,261
USC00317170,2010-05-07,TMIN,183
USC00315830,2006-07-15,TMIN,267
USC00317170,2010-05-07,TMAX,311
USW00013754,2007-09-12,TMAX,283
USC00315830,2006-04-08,TMIN,178
USR0000NHOF,2007-10-19,TMAX,283
USR0000NCRN,2007-05-26,TMAX,267
USR0000NCRN,2007-05-26,TMIN,122
USC00315830,2006-04-08,TMAX,222
USC00316676,2006-02-01,TMIN,-22
USC00317170,2013-10-03,TMIN,156
USC00316676,2006-02-01,TMAX,139
USC00310356,2015-07-03,TMAX,294
USC00310356,2015-07-03,TMIN,233
USC00314144,2011-01-26,TMIN,61
USW00093719,2007-07-05,TMIN,178
USR0000NHOF,2010-12-19,TMIN,-44
USW00093719,2014-01-24,TMIN,-110
USW00093719,2014-01-24,TMAX,-10
USC00314684,2012-11-17,TMAX,139
USC00317170,2015-12-19,TMAX,106
USC00315830,2007-03-30,TMIN,11
USW00013754,2012-01-20,TMAX,167
USC00315830,2007-03-30,TMAX,189
USC00314144,2006-08-08,TMIN,233
USC00314144,2006-08-08,TMAX,356
USC00316096,2009-12-14,TMAX,150
USC00317170,2015-12-19,TMIN,0
USC00316096,2009-12-14,TMIN,78
USC00314144,2009-11-22,TMIN,28
USC00310576,2009-09-17,TMAX,306
USC00315830,2010-02-24,TMAX,150
USC00315830,2010-02-24,TMIN,61
USC00314689,2010-09-06,TMAX,306
USC00314684,2007-08-04,TMAX,306
USC00317170,2014-09-30,TMIN,156
USC00314144,2009-11-22,TMAX,150
USC00314684,2007-08-04,TMIN,189
USW00093765,2007-01-26,TMAX,78
USC00316676,2011-06-16,TMAX,289
USR0000NCRN,2014-01-16,TMAX,67
USC00316676,2012-02-28,TMAX,183
USW00013754,2009-09-01,TMIN,194
USW00093765,2010-04-07,TMAX,211
USC00310576,2013-04-22,TMIN,72
USC00310576,2013-04-22,TMAX,167
USR0000NCRN,2014-01-16,TMIN,-22
USW00093765,2007-01-26,TMIN,-16
USR0000NNWB,2008-12-22,TMAX,33
USC00314689,2015-04-21,TMIN,167
USC00316676,2009-06-25,TMIN,183
USC00316676,2009-06-25,TMAX,317
USC00310576,2014-05-20,TMIN,67
USC00310576,2014-05-20,TMAX,222
USR0000NNWB,2008-12-22,TMIN,-56
USW00013754,2009-09-01,TMAX,261
USC00314689,2015-04-21,TMAX,261
USR0000NNWB,2011-05-19,TMIN,122
USC00310356,2005-05-24,TMIN,150
USC00317170,2014-09-30,TMAX,261
USR0000NNWB,2008-05-29,TMIN,133
USR0000NCRN,2011-01-03,TMIN,-44
USW00093765,2011-12-18,TMIN,-21
USC00310576,2010-12-06,TMIN,6
USW00093719,2008-10-18,TMAX,133
USW00093719,2008-10-18,TMIN,111
USC00315830,2013-10-03,TMIN,128
USR0000NNWB,2008-05-29,TMAX,256
USC00315830,2013-10-03,TMAX,289
USC00310576,2007-06-16,TMIN,128
USC00317170,2007-11-04,TMIN,44
USC00317170,2007-11-04,TMAX,206
USR0000NCRN,2014-04-17,TMAX,172
USR0000NCRN,2014-04-17,TMIN,50
USC00310576,2007-06-16,TMAX,244
USR0000NNWB,2014-01-24,TMIN,-106
USC00316096,2015-11-06,TMAX,250
USC00310356,2005-05-24,TMAX,233
USW00093765,2011-12-18,TMAX,100
USR0000NNWB,2007-02-15,TMAX,50
USW00093765,2012-06-11,TMIN,233
USW00093765,2012-06-11,TMAX,272
USC00314689,2010-09-06,TMIN,150
USW00093765,2008-01-02,TMIN,0
USW00093765,2008-01-02,TMAX,56
USR0000NNWB,2013-03-26,TMAX,100
USC00316096,2015-11-06,TMIN,172
USR0000NNWB,2007-02-15,TMIN,-33
USW00013754,2010-04-23,TMAX,239
USC00310576,2009-09-17,TMIN,178
USR0000NNWB,2013-03-26,TMIN,-6
USC00315830,2007-03-07,TMAX,183
USC00315830,2007-03-07,TMIN,17
USC00310576,2010-12-06,TMAX,78
USW00013754,2013-02-12,TMAX,183
USW00013754,2013-02-12,TMIN,100
USW00013754,2010-04-23,TMIN,83
USW00093765,2010-11-04,TMAX,211
USR0000NNWB,2012-10-10,TMIN,122
USC00314144,2006-06-30,TMIN,183
USR0000NCRN,2009-05-11,TMAX,222
USR0000NCRN,2009-05-11,TMIN,122
USC00310576,2010-08-31,TMIN,161
USC00310576,2010-12-25,TMAX,89
USC00316096,2013-07-13,TMAX,294
USC00316096,2013-07-13,TMIN,217
USC00310576,2010-12-25,TMIN,-17
USW00093765,2006-12-11,TMIN,0
USW00013754,2010-03-21,TMAX,217
USC00314144,2009-07-15,TMIN,161
USW00013754,2010-03-21,TMIN,56
USW00093765,2014-06-10,TMIN,222
USC00310576,2010-08-31,TMAX,350
USW00093765,2014-06-10,TMAX,283
USW00093719,2013-12-31,TMIN,17
USW00093765,2010-04-07,TMIN,167
USC00314144,2009-07-15,TMAX,306
USR0000NHOF,2005-05-24,TMIN,100
USR0000NNWB,2005-11-25,TMIN,-6
USC00314689,2006-10-18,TMIN,183
USC00317170,2012-06-11,TMAX,294
USC00315830,2014-12-27,TMAX,156
USR0000NCRN,2008-07-02,TMAX,306
USC00314689,2005-02-05,TMIN,28
USC00316096,2015-04-21,TMIN,133
USR0000NHOF,2007-06-13,TMIN,133
USR0000NCRN,2011-08-08,TMAX,356
USC00314689,2006-10-18,TMAX,272
USW00013754,2008-06-06,TMIN,228
USW00013754,2008-06-06,TMAX,344
USC00317170,2009-03-02,TMIN,6
USC00317170,2009-03-02,TMAX,72
USW00093743,2010-07-28,TMAX,300
USR0000NNWB,2005-11-25,TMAX,111
USW00093743,2010-07-28,TMIN,244
USW00093765,2006-12-11,TMAX,156
USR0000NCRN,2011-08-08,TMIN,250
USR0000NNWB,2012-10-10,TMAX,222
USC00310356,2011-10-28,TMAX,233
USC00316676,2012-02-29,TMIN,72
USW00013754,2008-05-29,TMIN,133
USW00093719,2006-09-26,TMIN,122
USW00093719,2010-05-04,TMAX,267
USW00093719,2010-05-04,TMIN,189
USC00310356,2011-10-28,TMIN,144
USW00093765,2010-05-21,TMIN,139
USR0000NCRN,2009-04-07,TMAX,117
USW00013754,2008-05-29,TMAX,222
USW00093765,2010-05-21,TMAX,250
USW00093765,2015-03-03,TMAX,156
USC00317170,2012-11-17,TMIN,39
USC00317170,2012-11-17,TMAX,139
USW00093765,2015-03-03,TMIN,28
USW00013754,2012-01-20,TMIN,0
USC00316676,2012-02-29,TMAX,189
USC00314144,2006-06-30,TMAX,328
USR0000NCRN,2009-04-07,TMIN,28
USR0000NHOF,2005-05-24,TMAX,239
USW00093719,2006-09-26,TMAX,250
USC00314144,2007-08-06,TMIN,233
USW00013754,2013-03-26,TMAX,100
USR0000NHOF,2010-07-28,TMAX,311
USW00093719,2013-12-31,TMAX,128
USR0000NHOF,2010-07-28,TMIN,200
USC00316676,2011-06-16,TMIN,167
USR0000NNWB,2011-05-19,TMAX,272
USW00013754,2013-03-26,TMIN,17
USC00314144,2007-08-06,TMAX,317
USC00314689,2013-07-13,TMAX,289
USW00093765,2010-07-01,TMAX,283
USC00316676,2012-02-28,TMIN,61
USW00093765,2010-07-01,TMIN,217
USC00310576,2006-07-15,TMIN,244
USC00310576,2006-07-15,TMAX,333
USC00317170,2012-04-25,TMAX,211
USC00317170,2012-04-25,TMIN,44
USC00314689,2013-07-13,TMIN,217
USW00093765,2005-08-19,TMIN,244
USW00093765,2010-11-04,TMIN,111
USR0000NHOF,2008-07-26,TMIN,172
USR0000NNWB,2007-12-02,TMIN,28
USR0000NNWB,2007-12-02,TMAX,194
USC00314144,2009-02-01,TMAX,144
USC00314684,2011-10-17,TMAX,244
USW00093765,2015-12-19,TMIN,28
USW00093765,2015-12-19,TMAX,89
USR0000NNWB,2012-12-30,TMAX,89
USW00013754,2015-05-13,TMIN,172
USW00093719,2011-08-17,TMIN,189
USC00316676,2013-11-24,TMIN,39
USC00316676,2013-11-24,TMAX,183
USC00315830,2006-11-14,TMIN,111
USC00315830,2006-11-14,TMAX,211
USW00093719,2011-08-17,TMAX,322
USW00093719,2009-03-17,TMAX,106
USW00093719,2008-03-18,TMAX,178
USR0000NNWB,2012-12-30,TMIN,-22
USW00093719,2008-03-18,TMIN,17
USC00310356,2013-04-22,TMAX,167
USC00316676,2013-07-13,TMIN,222
USR0000NNWB,2005-01-18,TMIN,-89
USW00013754,2007-08-02,TMAX,300
USW00013754,2007-08-02,TMIN,194
USC00314684,2011-10-17,TMIN,67
USW00013754,2015-05-13,TMAX,261
USW00093743,2013-04-22,TMIN,89
USW00093743,2013-04-22,TMAX,139
USC00316676,2014-09-07,TMIN,217
USC00315830,2012-01-30,TMAX,150
USC00316676,2013-07-13,TMAX,250
USC00316676,2014-09-07,TMAX,306
USC00314144,2010-11-21,TMIN,11
USC00314144,2010-11-21,TMAX,217
USC00314689,2015-09-30,TMAX,283
USW00013754,2009-05-19,TMIN,111
USW00013754,2009-05-19,TMAX,189
USC00314689,2015-09-30,TMIN,233
USW00093719,2015-07-15,TMAX,328
USW00093719,2013-03-26,TMAX,106
USW00093719,2013-03-26,TMIN,6
USC00315830,2014-03-04,TMIN,-28
USW00093719,2005-04-13,TMIN,67
USC00315830,2014-03-04,TMAX,44
USW00093719,2005-04-13,TMAX,117
USC00314689,2015-02-22,TMAX,161
USW00093765,2012-12-07,TMAX,194
USC00310576,2011-08-30,TMAX,328
USC00314689,2009-01-10,TMIN,0
USR0000NCRN,2010-12-19,TMIN,-6
USC00315830,2013-08-14,TMIN,239
USC00315830,2013-08-14,TMAX,300
USC00310576,2011-08-30,TMIN,200
USW00093719,2011-09-21,TMIN,206
USW00093719,2011-09-21,TMAX,289
USW00093765,2012-12-07,TMIN,89
USC00315830,2015-09-01,TMAX,261
USR0000NCRN,2007-11-17,TMIN,-22
USW00093719,2009-03-17,TMIN,56
USC00314689,2015-02-22,TMIN,111
USC00316096,2015-09-30,TMAX,294
USC00314684,2006-10-18,TMIN,161
USC00314684,2006-10-18,TMAX,228
USC00316676,2005-10-09,TMAX,278
USR0000NNWB,2007-11-03,TMAX,189
USR0000NNWB,2007-11-03,TMIN,50
USC00316676,2005-10-09,TMIN,217
USR0000NCRN,2013-11-15,TMAX,211
USW00093719,2014-09-30,TMAX,278
USR0000NCRN,2013-11-15,TMIN,0
USC00314144,2009-02-01,TMIN,-50
USC00316096,2012-04-25,TMAX,206
USR0000NNWB,2015-05-13,TMAX,289
USR0000NNWB,2015-05-13,TMIN,178
USC00316096,2012-04-25,TMIN,56
USW00093719,2014-09-30,TMIN,167
USC00316096,2015-09-30,TMIN,217
USC00314689,2009-01-10,TMAX,172
USR0000NNWB,2005-01-18,TMAX,-11
USC00316676,2009-10-30,TMAX,189
USC00310356,2011-10-04,TMIN,106
USW00093719,2009-07-24,TMAX,300
USW00013754,2008-04-20,TMIN,150
USW00093743,2008-07-26,TMIN,156
USW00093743,2008-07-26,TMAX,228
USW00013754,2008-05-01,TMAX,211
USW00013754,2008-05-01,TMIN,67
USC00314684,2015-11-12,TMAX,194
USW00093719,2009-07-24,TMIN,200
USC00314684,2015-11-12,TMIN,78
USR0000NNWB,2011-09-04,TMAX,333
USC00310576,2010-03-08,TMIN,-6
USC00310576,2010-03-08,TMAX,189
USC00316096,2012-01-25,TMIN,33
USC00315830,2015-07-03,TMIN,228
USW00013754,2010-09-30,TMAX,261
USW00013754,2010-09-30,TMIN,206
USC00315830,2015-07-03,TMAX,300
USW00093719,2012-10-10,TMAX,222
USW00093765,2014-09-30,TMAX,261
USW00093765,2014-09-30,TMIN,183
USW00093765,2005-08-19,TMAX,317
USR0000NHOF,2008-07-26,TMAX,300
USR0000NNWB,2008-10-20,TMIN,28
USR0000NNWB,2014-01-24,TMAX,-17
USC00316096,2012-01-25,TMAX,194
USR0000NCRN,2005-03-21,TMIN,72
USC00315830,2015-05-27,TMIN,228
USR0000NHOF,2011-10-28,TMIN,94
USC00315830,2015-05-27,TMAX,267
USR0000NNWB,2008-10-20,TMAX,189
USR0000NHOF,2011-10-28,TMAX,167
USR0000NCRN,2006-06-30,TMAX,317
USR0000NNWB,2013-02-12,TMIN,100
USR0000NNWB,2011-09-04,TMIN,167
USR0000NCRN,2006-06-30,TMIN,206
USW00013754,2008-04-20,TMAX,217
USR0000NNWB,2013-02-12,TMAX,200
USW00093719,2012-10-10,TMIN,128
USC00317170,2011-05-30,TMAX,344
USW00093765,2005-04-06,TMAX,228
USC00317170,2010-12-28,TMAX,83
USC00316676,2010-03-26,TMIN,78
USC00316676,2010-03-26,TMAX,233
USR0000NCRN,2005-03-21,TMAX,178
USW00013754,2005-07-10,TMAX,311
USC00316676,2009-10-30,TMIN,128
USW00093719,2015-07-15,TMIN,244
USC00317170,2010-12-28,TMIN,-6
USR0000NCRN,2009-07-15,TMAX,306
USC00315830,2012-01-30,TMIN,17
USC00310356,2011-10-04,TMAX,211
USR0000NCRN,2009-07-15,TMIN,211
USC00315830,2008-12-24,TMAX,183
USR0000NHOF,2013-04-22,TMIN,50
USR0000NHOF,2013-04-22,TMAX,150
USC00315830,2008-12-24,TMIN,44
USW00013754,2005-07-10,TMIN,200
USW00093765,2008-06-29,TMIN,256
USW00093765,2008-06-29,TMAX,294
USC00310356,2008-07-26,TMAX,311
USW00093765,2012-11-17,TMIN,56
USW00093765,2014-11-15,TMAX,94
USW00093765,2014-11-15,TMIN,6
USW00093765,2005-04-06,TMIN,161
USC00310576,2011-02-05,TMIN,39
USC00314684,2012-04-25,TMAX,183
USC00317170,2009-03-22,TMIN,22
USC00314684,2012-04-25,TMIN,44
USC00317170,2009-03-22,TMAX,178
USW00093765,2009-09-22,TMIN,239
USC00314689,2009-12-14,TMAX,189
USC00317170,2011-05-30,TMIN,189
USW00093765,2012-11-17,TMAX,144
USC00314689,2009-12-14,TMIN,67
USW00093765,2009-09-22,TMAX,283
USC00310576,2011-02-05,TMAX,72
USC00310356,2008-07-26,TMIN,233
USW00013754,2012-10-10,TMIN,128
USW00013754,2012-10-10,TMAX,217
USW00093719,2012-08-26,TMIN,189
USW00093719,2012-08-26,TMAX,311
USC00316676,2014-08-02,TMAX,244
USR0000NNWB,2008-03-18,TMAX,189
USR0000NNWB,2008-03-18,TMIN,17
USC00316676,2014-08-02,TMIN,222
USC00310356,2009-02-16,TMIN,39
USC00310356,2009-02-16,TMAX,122
USC00314689,2009-10-18,TMIN,67
USC00314684,2008-11-12,TMAX,156
USR0000NHOF,2007-07-22,TMIN,122
USR0000NHOF,2007-07-22,TMAX,272
USR0000NCRN,2006-10-10,TMAX,272
USR0000NCRN,2006-10-10,TMIN,156
USC00310576,2007-06-29,TMIN,206
USC00314144,2009-04-07,TMIN,11
USC00310576,2006-11-29,TMAX,233
USC00315830,2013-04-22,TMIN,94
USC00314689,2009-10-18,TMAX,139
USC00315830,2013-04-22,TMAX,150
USC00314684,2008-11-12,TMIN,28
USC00314144,2009-04-07,TMAX,111
USR0000NNWB,2014-06-06,TMAX,294
USR0000NHOF,2007-09-07,TMAX,294
USR0000NHOF,2011-12-01,TMAX,122
USC00316676,2005-01-24,TMIN,-94
USC00317170,2007-08-21,TMAX,389
USR0000NHOF,2011-12-01,TMIN,-28
USW00093719,2013-07-13,TMAX,311
USC00317170,2007-08-21,TMIN,256
USW00093719,2013-07-13,TMIN,228
USR0000NHOF,2007-09-07,TMIN,139
USR0000NNWB,2011-11-06,TMIN,139
USR0000NNWB,2011-11-06,TMAX,194
USC00314684,2008-11-21,TMAX,144
USC00316676,2015-12-10,TMIN,39
USC00314684,2008-11-21,TMIN,-6
USR0000NCRN,2011-09-18,TMIN,172
USC00316676,2015-12-10,TMAX,206
USC00317170,2010-12-12,TMAX,161
USC00310576,2007-06-29,TMAX,322
USR0000NNWB,2011-04-11,TMIN,161
USC00316676,2012-05-13,TMIN,100
USC00316676,2012-05-13,TMAX,256
USC00310576,2012-11-30,TMAX,139
USC00310576,2012-11-30,TMIN,-11
USW00093743,2007-06-13,TMIN,183
USC00310576,2006-11-08,TMAX,222
USR0000NNWB,2006-05-15,TMIN,133
USC00314689,2009-09-08,TMIN,211
USC00310576,2006-11-08,TMIN,133
USR0000NNWB,2006-05-15,TMAX,261
USC00310356,2005-07-17,TMIN,267
USR0000NHOF,2012-08-15,TMIN,211
USC00315830,2010-08-05,TMIN,228
USC00315830,2010-08-05,TMAX,306
USC00316676,2012-09-05,TMIN,200
USC00314684,2009-11-12,TMIN,122
USC00317170,2010-05-21,TMIN,128
USC00310576,2006-11-29,TMIN,94
USC00314689,2009-09-08,TMAX,261
USW00093765,2007-04-10,TMIN,6
USC00314684,2007-04-02,TMAX,267
USC00314684,2007-04-02,TMIN,67
USW00093719,2012-04-25,TMAX,222
USW00093719,2012-04-25,TMIN,50
USR0000NCRN,2011-09-18,TMAX,211
USC00316096,2011-01-30,TMAX,194
USC00310356,2005-07-17,TMAX,306
USC00314684,2013-02-24,TMAX,78
USC00314684,2013-02-24,TMIN,44
USW00013754,2005-11-25,TMAX,139
USR0000NNWB,2011-04-11,TMAX,289
USC00314689,2006-01-06,TMAX,183
USC00314689,2006-01-06,TMIN,33
USW00013754,2005-11-25,TMIN,28
USW00093743,2007-06-13,TMAX,267
USW00093765,2007-04-10,TMAX,156
USC00316096,2011-01-30,TMIN,11
USW00093719,2013-08-14,TMAX,256
USW00093719,2013-08-14,TMIN,211
USR0000NNWB,2010-01-05,TMIN,-72
USW00013754,2015-05-27,TMAX,283
USR0000NNWB,2012-04-25,TMIN,50
USW00093743,2009-02-16,TMAX,100
USW00093719,2006-05-15,TMIN,144
USW00093719,2006-05-15,TMAX,267
USR0000NHOF,2011-06-30,TMAX,317
USR0000NHOF,2011-06-30,TMIN,189
USC00314684,2015-04-21,TMAX,267
USW00013754,2010-01-05,TMAX,28
USC00314684,2015-04-21,TMIN,172
USC00317170,2015-07-15,TMIN,250
USC00317170,2015-07-15,TMAX,333
USC00317170,2009-08-08,TMIN,194
USC00317170,2009-08-08,TMAX,317
USW00093765,2008-10-02,TMIN,122
USW00093765,2008-10-02,TMAX,217
USW00013754,2010-01-05,TMIN,-60
USR0000NCRN,2012-07-06,TMAX,311
USR0000NNWB,2012-04-25,TMAX,228
USW00013754,2015-05-27,TMIN,178
USC00315830,2012-10-25,TMIN,139
USW00013754,2013-07-13,TMAX,300
USC00317170,2012-01-10,TMAX,150
USC00317170,2012-01-10,TMIN,67
USC00315830,2012-10-25,TMAX,267
USC00314684,2015-02-14,TMAX,22
USC00314684,2009-03-22,TMIN,-22
USW00093743,2009-02-16,TMIN,0
USW00013754,2013-07-13,TMIN,211
USC00314684,2015-02-14,TMIN,-78
USC00310356,2008-12-26,TMIN,89
USW00013754,2013-10-03,TMIN,144
USW00013754,2013-10-03,TMAX,289
USR0000NNWB,2012-08-26,TMAX,322
USR0000NNWB,2012-08-26,TMIN,183
USC00310356,2008-12-26,TMAX,150
USC00314684,2009-03-22,TMAX,133
USR0000NCRN,2012-07-06,TMIN,250
USR0000NNWB,2009-03-17,TMAX,106
USR0000NNWB,2009-03-17,TMIN,56
USR0000NHOF,2015-04-03,TMIN,139
USW00013754,2008-05-08,TMIN,189
USW00013754,2008-05-08,TMAX,250
USR0000NHOF,2015-04-03,TMAX,267
USR0000NNWB,2014-11-15,TMAX,94
USR0000NNWB,2014-11-15,TMIN,-11
USC00317170,2009-08-16,TMIN,211
USC00314684,2005-09-25,TMAX,311
USW00013754,2015-09-03,TMIN,206
USR0000NCRN,2007-11-02,TMAX,183
USW00013754,2015-09-03,TMAX,317
USC00316676,2005-01-24,TMAX,-6
USC00317170,2010-12-12,TMIN,17
USW00093765,2010-04-25,TMIN,183
USW00093765,2010-04-25,TMAX,228
USR0000NNWB,2010-01-05,TMAX,28
USR0000NCRN,2007-11-02,TMIN,117
USC00310356,2011-05-08,TMIN,144
USC00310356,2011-05-08,TMAX,233
USC00310356,2011-12-01,TMIN,39
USC00317170,2009-08-16,TMAX,311
USW00013754,2009-06-04,TMIN,194
USW00013754,2009-06-04,TMAX,283
USC00314684,2015-12-19,TMIN,-22
USC00314684,2015-12-19,TMAX,178
USC00315830,2012-08-10,TMAX,300
USC00315830,2012-08-10,TMIN,233
USC00310356,2007-06-13,TMAX,272
USC00310356,2007-06-13,TMIN,194
USW00093719,2014-03-04,TMIN,-43
USW00093719,2014-03-04,TMAX,6
USC00314684,2008-07-21,TMAX,339
USC00314684,2008-07-21,TMIN,228
USR0000NHOF,2015-12-01,TMIN,111
USC00310356,2011-12-01,TMAX,144
USR0000NHOF,2015-12-01,TMAX,167
USC00314684,2005-09-25,TMIN,200
USC00314684,2009-11-12,TMAX,217
USW00093719,2008-05-29,TMIN,128
USC00316676,2012-09-05,TMAX,306
USR0000NCRN,2010-10-21,TMAX,233
USW00013754,2011-04-11,TMAX,250
USW00093743,2012-03-23,TMIN,133
USW00093743,2012-03-23,TMAX,244
USC00316676,2007-12-29,TMIN,83
USC00316676,2007-12-29,TMAX,211
USW00013754,2008-10-01,TMIN,156
USR0000NCRN,2015-10-22,TMIN,100
USC00314144,2007-12-24,TMIN,-6
USW00013754,2007-02-15,TMAX,50
USR0000NCRN,2015-10-22,TMAX,267
USW00093765,2005-04-13,TMIN,83
USW00093765,2005-04-13,TMAX,161
USW00013754,2005-08-05,TMAX,317
USR0000NCRN,2009-04-22,TMIN,61
USW00013754,2005-08-05,TMIN,222
USR0000NNWB,2009-05-19,TMIN,106
USW00013754,2007-02-15,TMIN,-32
USC00310576,2009-06-01,TMAX,317
USC00314144,2007-12-24,TMAX,150
USC00316676,2013-12-16,TMIN,17
USC00316096,2015-02-14,TMAX,117
USR0000NCRN,2012-06-27,TMAX,289
USC00316096,2015-02-14,TMIN,-89
USR0000NHOF,2012-03-23,TMIN,122
USR0000NHOF,2012-03-23,TMAX,278
USR0000NCRN,2012-06-27,TMIN,122
USR0000NCRN,2014-06-02,TMAX,250
USW00013754,2011-04-11,TMIN,172
USC00317170,2010-11-18,TMIN,44
USW00093719,2010-01-05,TMIN,-67
USW00013754,2008-02-12,TMAX,194
USC00316096,2009-10-18,TMIN,72
USW00013754,2008-02-12,TMIN,-10
USC00316096,2009-10-18,TMAX,94
USC00310356,2008-01-01,TMAX,167
USW00013754,2008-10-01,TMAX,261
USW00093719,2010-01-05,TMAX,28
USC00315830,2013-10-30,TMIN,133
USC00310576,2009-06-01,TMIN,178
USC00314144,2010-12-16,TMAX,139
USC00314684,2013-07-13,TMIN,211
USC00314684,2005-12-13,TMIN,11
USC00314684,2005-12-13,TMAX,122
USC00316676,2011-07-06,TMIN,233
USC00314689,2005-02-05,TMAX,139
USR0000NNWB,2015-01-12,TMAX,172
USR0000NNWB,2015-01-12,TMIN,72
USC00314684,2013-07-13,TMAX,250
USC00310356,2010-07-28,TMAX,300
USC00317170,2009-09-22,TMIN,222
USC00317170,2009-09-22,TMAX,283
USC00315830,2010-01-19,TMIN,39
USC00315830,2010-01-19,TMAX,167
USC00316676,2011-07-06,TMAX,339
USC00316096,2015-04-21,TMAX,239
USC00317170,2012-06-11,TMIN,178
USC00310356,2010-07-28,TMIN,261
USR0000NHOF,2007-06-13,TMAX,256
USW00013754,2008-03-22,TMAX,233
USC00315830,2014-12-27,TMIN,11
USC00314144,2010-12-16,TMIN,-78
USR0000NCRN,2009-04-22,TMAX,189
USC00314144,2011-03-10,TMAX,178
USR0000NCRN,2008-04-01,TMAX,222
USR0000NCRN,2008-04-01,TMIN,178
USC00314684,2014-09-30,TMIN,150
USC00314684,2014-09-30,TMAX,233
USW00013754,2008-01-09,TMAX,233
USR0000NNWB,2009-05-19,TMAX,200
USW00093765,2009-08-08,TMIN,206
USW00093765,2009-08-08,TMAX,294
USW00013754,2008-01-09,TMIN,128
USW00093765,2012-04-25,TMAX,206
USW00093765,2012-04-25,TMIN,106
USW00013754,2008-03-22,TMIN,94
USR0000NCRN,2008-07-02,TMIN,156
USC00314144,2011-03-10,TMIN,89
USC00315830,2013-10-30,TMAX,256
USC00310356,2012-08-15,TMAX,300
USC00316676,2013-12-16,TMAX,133
USW00013754,2011-11-06,TMAX,189
USR0000NNWB,2014-03-04,TMIN,-56
USR0000NNWB,2014-03-04,TMAX,-6
USW00093765,2013-07-13,TMAX,300
USW00093765,2013-07-13,TMIN,228
USC00310576,2011-01-06,TMAX,111
USC00310576,2011-01-06,TMIN,0
USC00310356,2015-12-01,TMAX,167
USC00310356,2015-04-03,TMIN,94
USR0000NNWB,2008-06-06,TMAX,367
USW00093765,2008-04-14,TMIN,83
USW00093765,2008-04-14,TMAX,156
USR0000NCRN,2006-08-08,TMIN,239
USR0000NCRN,2006-08-08,TMAX,344
USW00013754,2013-08-14,TMIN,206
USW00013754,2013-08-14,TMAX,256
USR0000NNWB,2008-06-06,TMIN,239
USC00310576,2008-11-09,TMAX,244
USC00310356,2015-12-01,TMIN,122
USC00314144,2008-12-25,TMIN,61
USC00310356,2005-02-26,TMAX,117
USC00317170,2010-05-21,TMAX,267
USR0000NCRN,2010-10-21,TMIN,100
USR0000NNWB,2014-06-06,TMIN,206
USR0000NHOF,2012-08-15,TMAX,317
USW00093765,2015-07-15,TMIN,244
USC00315830,2005-09-13,TMAX,300
USC00314144,2008-12-25,TMAX,194
USC00314684,2009-12-14,TMAX,178
USC00314684,2009-12-14,TMIN,56
USW00093765,2015-07-15,TMAX,306
USC00310356,2007-07-22,TMIN,189
USC00310356,2007-07-22,TMAX,300
USC00314689,2014-09-30,TMIN,156
USC00314689,2014-09-30,TMAX,261
USW00013754,2011-11-06,TMIN,94
USC00315830,2005-09-13,TMIN,228
USC00310576,2008-11-09,TMIN,56
USC00310356,2015-04-03,TMAX,200
USC00317170,2009-05-29,TMIN,217
USW00093743,2012-08-15,TMAX,300
USR0000NCRN,2011-08-03,TMAX,344
USC00317170,2010-11-18,TMAX,178
USR0000NCRN,2014-06-02,TMIN,94
USR0000NNWB,2009-03-09,TMAX,294
USR0000NNWB,2009-03-09,TMIN,139
USC00314689,2011-02-15,TMIN,-50
USR0000NCRN,2011-06-14,TMIN,189
USC00314689,2011-02-15,TMAX,211
USC00315830,2006-09-12,TMIN,156
USC00314144,2006-09-15,TMAX,283
USW00093765,2008-10-12,TMAX,256
USW00093765,2008-10-12,TMIN,189
USC00314689,2008-12-13,TMIN,-6
USC00314689,2008-12-13,TMAX,128
USC00310356,2012-08-15,TMIN,261
USC00315830,2006-09-12,TMAX,244
USR0000NCRN,2011-06-14,TMAX,278
USC00314144,2006-09-15,TMIN,178
USW00093743,2012-08-15,TMIN,222
USC00317170,2009-05-29,TMAX,317
USC00316096,2015-10-29,TMIN,183
USW00013754,2014-03-04,TMIN,-32
USC00316096,2014-09-30,TMIN,167
USC00316096,2014-09-30,TMAX,267
USW00013754,2014-03-04,TMAX,11
USR0000NCRN,2011-08-03,TMIN,228
USW00093719,2006-12-29,TMAX,172
USW00093719,2006-12-29,TMIN,6
USW00093719,2014-11-15,TMAX,100
USC00316096,2015-10-29,TMAX,250
USW00093719,2014-11-15,TMIN,-5
USW00093743,2011-05-08,TMAX,244
USC00310356,2008-01-01,TMIN,83
USC00317170,2013-07-13,TMAX,317
USW00093743,2011-05-08,TMIN,144
USC00317170,2013-07-13,TMIN,222
USC00310356,2005-02-26,TMIN,11
USC00310576,2014-02-14,TMIN,39
USC00310356,2009-05-11,TMAX,272
USW00093719,2011-05-19,TMAX,261
USR0000NNWB,2013-04-20,TMIN,72
USC00314684,2006-03-02,TMAX,250
USR0000NNWB,2013-04-20,TMAX,194
USC00310356,2009-11-26,TMIN,111
USC00314684,2006-03-02,TMIN,94
USC00310356,2009-11-26,TMAX,139
USC00316676,2006-12-29,TMAX,167
USC00316096,2012-01-10,TMIN,56
USC00316676,2006-12-29,TMIN,0
USW00013754,2008-01-12,TMAX,178
USC00310576,2014-09-29,TMIN,156
USC00314684,2010-03-21,TMAX,244
USW00013754,2008-01-12,TMIN,89
USR0000NNWB,2008-01-04,TMIN,-89
USC00314684,2011-12-01,TMAX,122
USC00310576,2014-09-29,TMAX,278
USW00093765,2009-02-24,TMIN,-32
USR0000NNWB,2008-01-04,TMAX,67
USW00093719,2012-06-03,TMIN,128
USR0000NNWB,2015-05-26,TMAX,317
USC00310576,2012-05-13,TMAX,256
USC00314684,2007-07-08,TMAX,322
USC00310576,2013-12-17,TMAX,144
USC00315830,2013-03-27,TMAX,133
USC00317170,2011-05-21,TMIN,156
USC00315830,2013-03-27,TMIN,11
USC00310576,2013-12-17,TMIN,22
USW00093719,2012-06-03,TMAX,278
USW00093719,2011-10-17,TMIN,150
USC00316096,2012-01-10,TMAX,150
USC00316676,2005-12-06,TMAX,122
USC00316676,2005-12-06,TMIN,28
USC00317170,2011-05-21,TMAX,306
USR0000NCRN,2011-07-23,TMAX,311
USR0000NCRN,2011-07-23,TMIN,261
USR0000NNWB,2015-05-26,TMIN,167
USW00093765,2009-02-24,TMAX,72
USC00310576,2012-05-13,TMIN,122
USC00314684,2011-09-12,TMIN,178
USC00314144,2008-02-19,TMAX,150
USR0000NHOF,2011-12-09,TMAX,194
USC00314684,2015-01-12,TMAX,111
USW00013754,2015-05-26,TMAX,283
USC00314689,2015-08-23,TMAX,311
USR0000NNWB,2013-01-07,TMIN,6
USW00093719,2008-04-23,TMAX,239
USC00314689,2011-12-18,TMAX,89
USW00093719,2008-04-23,TMIN,144
USC00314684,2015-01-12,TMIN,-83
USW00013754,2013-04-20,TMIN,94
USW00013754,2013-04-20,TMAX,200
USR0000NNWB,2013-01-07,TMAX,128
USC00310356,2011-09-28,TMIN,228
USC00314144,2011-02-09,TMIN,-50
USW00093765,2005-01-20,TMAX,100
USC00316676,2009-06-08,TMAX,278
USW00093765,2005-01-20,TMIN,-6
USC00314684,2011-12-01,TMIN,6
USW00013754,2015-05-26,TMIN,161
USR0000NHOF,2011-12-09,TMIN,0
USC00314684,2011-09-12,TMAX,317
USC00314684,2010-03-21,TMIN,17
USW00093719,2011-10-17,TMAX,294
USC00314684,2009-10-30,TMIN,117
USC00310356,2011-09-28,TMAX,267
USC00317170,2009-06-25,TMIN,194
USC00314144,2008-02-19,TMIN,22
USR0000NNWB,2008-01-20,TMAX,28
USR0000NCRN,2009-04-27,TMAX,256
USC00314689,2012-03-22,TMAX,267
USC00317170,2011-02-14,TMIN,56
USC00317170,2009-06-25,TMAX,328
USC00314684,2009-10-30,TMAX,200
USC00314689,2015-08-23,TMIN,172
USR0000NNWB,2008-01-20,TMIN,-67
USC00317170,2013-10-30,TMAX,239
USC00314689,2012-03-22,TMIN,139
USC00316676,2009-06-08,TMIN,183
USC00316676,2014-05-19,TMAX,228
USW00093719,2011-08-30,TMIN,200
USW00093719,2009-06-15,TMIN,206
USC00317170,2015-11-06,TMIN,172
USW00013754,2012-01-02,TMAX,161
USC00314689,2007-02-22,TMIN,106
USC00316676,2011-04-30,TMIN,106
USW00013754,2012-01-02,TMIN,17
USW00093743,2009-12-01,TMAX,128
USC00314144,2008-05-08,TMAX,250
USW00093719,2013-04-20,TMIN,78
USC00316676,2011-03-02,TMIN,0
USW00093743,2009-11-26,TMIN,89
USR0000NCRN,2005-10-10,TMAX,239
USW00093743,2009-11-26,TMAX,183
USR0000NCRN,2005-10-10,TMIN,206
USR0000NCRN,2015-04-22,TMAX,233
USC00317170,2008-04-01,TMIN,172
USW00093719,2013-04-20,TMAX,200
USW00093719,2014-04-29,TMIN,183
USC00314144,2008-05-08,TMIN,183
USC00314689,2013-07-15,TMAX,322
USR0000NNWB,2012-07-24,TMAX,350
USC00317170,2008-02-14,TMAX,161
USC00310356,2005-03-27,TMAX,206
USC00316096,2011-06-16,TMIN,167
USC00316676,2008-07-14,TMIN,167
USC00310356,2005-03-27,TMIN,117
USC00316096,2011-06-16,TMAX,294
USC00314689,2013-07-15,TMIN,211
USC00314689,2007-02-22,TMAX,228
USC00316676,2011-04-30,TMAX,250
USC00317170,2009-07-15,TMAX,311
USC00317170,2009-07-15,TMIN,183
USC00315830,2011-03-11,TMAX,178
USR0000NNWB,2006-09-12,TMAX,244
USR0000NNWB,2006-09-12,TMIN,144
USW00093719,2009-06-15,TMAX,289
USR0000NNWB,2012-07-24,TMIN,222
USC00317170,2011-02-14,TMAX,217
USR0000NCRN,2015-04-22,TMIN,89
USC00316096,2009-08-16,TMAX,306
USW00093765,2010-12-08,TMAX,39
USR0000NCRN,2015-12-19,TMIN,-22
USR0000NCRN,2015-12-19,TMAX,89
USC00314684,2007-07-08,TMIN,200
USC00315830,2010-10-21,TMAX,256
USC00317170,2008-04-01,TMAX,228
USW00093765,2014-09-08,TMAX,278
USW00093765,2010-12-08,TMIN,-49
USW00093765,2014-09-08,TMIN,228
USC00314684,2008-04-20,TMIN,161
USR0000NCRN,2008-04-11,TMIN,128
USW00093719,2006-04-28,TMAX,228
USW00093719,2006-04-28,TMIN,94
USC00316676,2014-05-19,TMIN,117
USC00315830,2010-10-21,TMIN,122
USR0000NCRN,2008-04-11,TMAX,278
USC00314684,2008-04-20,TMAX,283
USW00093719,2014-04-29,TMAX,294
USC00310576,2009-06-17,TMAX,244
USW00093743,2009-12-01,TMIN,44
USC00314689,2006-07-14,TMIN,244
USC00316096,2013-01-20,TMIN,28
USC00310576,2005-12-13,TMIN,-6
USC00317170,2015-11-06,TMAX,272
USC00310576,2005-12-13,TMAX,117
USC00316096,2009-08-16,TMIN,200
USC00316096,2013-01-20,TMAX,183
USC00310576,2009-06-17,TMIN,206
USW00013754,2012-10-11,TMAX,200
USW00093765,2011-06-30,TMAX,322
USC00314689,2006-07-14,TMAX,333
USW00013754,2012-10-11,TMIN,100
USW00093765,2011-06-30,TMIN,239
USC00314144,2005-11-05,TMIN,89
USC00314144,2005-11-05,TMAX,250
USR0000NNWB,2009-05-12,TMAX,244
USR0000NNWB,2009-05-12,TMIN,78
USC00314684,2014-12-10,TMIN,28
USR0000NNWB,2012-10-11,TMAX,222
USR0000NNWB,2012-10-11,TMIN,94
USR0000NCRN,2014-11-25,TMIN,161
USW00093719,2005-05-11,TMIN,100
USC00314144,2008-04-03,TMAX,183
USR0000NCRN,2014-11-25,TMAX,194
USC00310576,2005-02-01,TMIN,6
USR0000NNWB,2009-04-19,TMAX,250
USR0000NNWB,2009-04-19,TMIN,117
USW00013754,2009-10-11,TMAX,211
USW00013754,2009-10-11,TMIN,161
USR0000NNWB,2009-11-12,TMAX,156
USC00314684,2005-08-05,TMAX,333
USR0000NCRN,2007-07-30,TMAX,294
USC00314144,2008-04-03,TMIN,72
USR0000NCRN,2012-01-30,TMIN,0
USW00093719,2005-05-11,TMAX,278
USR0000NHOF,2015-03-30,TMIN,-17
USR0000NNWB,2007-08-23,TMAX,311
USC00310356,2011-12-09,TMIN,72
USC00315830,2015-11-27,TMIN,128
USC00315830,2015-11-27,TMAX,217
USC00314144,2008-05-30,TMAX,267
USC00314144,2008-05-30,TMIN,94
USR0000NNWB,2007-08-23,TMIN,233
USW00013754,2009-11-06,TMAX,156
USW00013754,2009-11-06,TMIN,33
USW00093765,2006-08-07,TMIN,217
USR0000NNWB,2009-11-12,TMIN,122
USR0000NHOF,2015-03-30,TMAX,189
USR0000NHOF,2010-02-25,TMAX,39
USW00093765,2006-08-07,TMAX,306
USC00314684,2007-04-22,TMIN,72
USC00314684,2007-04-22,TMAX,250
USW00093765,2007-08-15,TMIN,233
USC00310576,2005-02-01,TMAX,83
USR0000NHOF,2011-09-28,TMAX,306
USR0000NHOF,2011-09-28,TMIN,189
USR0000NHOF,2010-02-25,TMIN,-11
USR0000NCRN,2012-11-11,TMIN,39
USC00310576,2014-11-16,TMAX,111
USC00316096,2012-03-22,TMIN,144
USW00093765,2014-02-14,TMAX,111
USR0000NCRN,2012-06-11,TMIN,200
USR0000NHOF,2014-03-03,TMIN,-28
USC00310576,2008-06-06,TMIN,233
USC00310576,2008-06-06,TMAX,356
USR0000NCRN,2012-06-11,TMAX,272
USR0000NHOF,2014-03-03,TMAX,200
USW00093765,2007-08-15,TMAX,311
USW00093765,2014-02-14,TMIN,33
USW00093719,2010-03-26,TMIN,72
USC00316676,2008-09-14,TMAX,328
USC00314144,2006-07-01,TMAX,322
USC00314144,2006-07-01,TMIN,200
USW00093719,2010-03-26,TMAX,228
USW00013754,2011-01-24,TMAX,44
USC00317170,2007-08-26,TMIN,239
USC00316676,2008-09-14,TMIN,217
USC00314684,2005-08-05,TMIN,200
USC00316676,2012-01-25,TMIN,22
USR0000NHOF,2007-02-24,TMAX,128
USC00316096,2012-03-22,TMAX,233
USW00093765,2006-01-16,TMIN,11
USW00093765,2006-01-16,TMAX,133
USC00310576,2009-01-14,TMIN,22
USW00093719,2014-07-14,TMIN,233
USC00310576,2009-01-14,TMAX,106
USC00310576,2014-11-16,TMIN,6
USC00316676,2013-07-15,TMIN,217
USC00310356,2011-12-09,TMAX,122
USW00093719,2014-07-14,TMAX,339
USR0000NCRN,2012-01-30,TMAX,144
USC00316676,2013-07-15,TMAX,311
USR0000NHOF,2007-02-24,TMIN,-72
USC00315830,2005-01-08,TMAX,200
USC00315830,2005-01-08,TMIN,100
USC00316676,2012-01-25,TMAX,222
USR0000NCRN,2007-07-30,TMIN,228
USC00315830,2013-08-13,TMAX,322
USW00093719,2015-01-26,TMAX,128
USC00314689,2007-02-15,TMIN,-28
USR0000NHOF,2015-07-04,TMAX,339
USC00317170,2010-06-06,TMAX,367
USC00317170,2010-06-06,TMIN,239
USR0000NHOF,2015-07-04,TMIN,217
USW00093765,2008-11-24,TMIN,-5
USW00093765,2008-11-24,TMAX,150
USC00315830,2012-11-30,TMIN,0
USC00310576,2013-02-13,TMIN,89
USR0000NNWB,2012-01-18,TMIN,33
USR0000NNWB,2005-03-02,TMAX,89
USC00314144,2010-01-06,TMAX,44
USC00316676,2011-02-02,TMAX,189
USR0000NCRN,2007-10-03,TMIN,217
USC00314144,2010-01-06,TMIN,-61
USC00310576,2012-11-17,TMIN,61
USW00093719,2015-10-17,TMAX,217
USW00013754,2010-12-26,TMAX,50
USW00093719,2015-10-17,TMIN,106
USC00315830,2008-03-22,TMAX,200
USC00315830,2008-03-22,TMIN,133
USC00314689,2011-12-18,TMIN,0
USC00310356,2015-07-04,TMAX,278
USW00013754,2013-10-02,TMIN,133
USC00310356,2015-07-04,TMIN,228
USC00314684,2014-12-10,TMAX,67
USC00314144,2011-02-09,TMAX,89
USW00013754,2013-10-02,TMAX,300
USC00310576,2013-02-13,TMAX,183
USC00317170,2013-10-30,TMIN,94
USR0000NCRN,2009-04-27,TMIN,133
USC00315830,2007-04-18,TMAX,206
USC00315830,2007-04-18,TMIN,83
USR0000NNWB,2012-01-18,TMAX,150
USW00013754,2010-12-26,TMIN,-10
USW00093719,2010-08-20,TMAX,317
USW00093719,2010-08-20,TMIN,211
USC00315830,2012-11-30,TMAX,167
USR0000NCRN,2007-10-03,TMAX,311
USC00317170,2014-09-08,TMAX,267
USC00310576,2012-11-17,TMAX,150
USW00093743,2010-10-02,TMAX,228
USC00316676,2010-12-18,TMAX,106
USC00310356,2010-02-25,TMAX,122
USC00310356,2015-03-30,TMIN,-6
USC00310356,2010-02-25,TMIN,33
USW00093765,2014-08-03,TMIN,222
USC00315830,2013-12-22,TMAX,228
USW00093765,2014-08-03,TMAX,250
USC00314684,2012-08-10,TMIN,222
USC00314144,2005-10-28,TMAX,144
USR0000NCRN,2012-11-11,TMAX,233
USC00315830,2013-08-13,TMIN,239
USW00093743,2010-02-25,TMAX,61
USW00093743,2010-02-25,TMIN,6
USC00314689,2007-02-15,TMAX,50
USW00093719,2015-01-26,TMIN,17
USC00314144,2005-10-28,TMIN,67
USC00316676,2010-12-18,TMIN,-17
USW00013754,2015-01-21,TMIN,28
USW00013754,2015-01-21,TMAX,189
USC00317170,2014-09-08,TMIN,222
USC00316676,2011-02-02,TMIN,33
USR0000NNWB,2005-03-02,TMIN,-11
USC00310576,2005-09-25,TMIN,217
USC00314689,2008-05-01,TMAX,244
USC00314689,2008-05-01,TMIN,89
USC00310576,2005-09-25,TMAX,272
USW00093743,2010-10-02,TMIN,161
USW00093765,2015-11-19,TMIN,189
USC00310356,2015-03-30,TMAX,111
USC00314689,2007-07-06,TMIN,172
USW00093719,2012-02-10,TMAX,117
USC00314689,2007-07-06,TMAX,333
USC00315830,2013-12-22,TMIN,139
USW00093765,2015-11-19,TMAX,222
USW00093719,2012-02-10,TMIN,-22
USC00314684,2012-08-10,TMAX,322
USC00314144,2006-04-08,TMAX,283
USW00013754,2011-01-24,TMIN,-16
USC00314689,2012-04-26,TMIN,128
USC00314689,2012-04-26,TMAX,278
USW00093743,2009-09-11,TMAX,250
USC00314689,2011-06-16,TMAX,300
USC00316676,2007-12-10,TMAX,244
USC00316676,2007-12-10,TMIN,83
USC00310576,2013-01-17,TMAX,250
USW00093719,2008-04-14,TMIN,44
USW00093719,2008-04-14,TMAX,144
USC00314684,2013-04-20,TMAX,283
USC00316096,2011-12-18,TMAX,89
USC00310576,2013-01-17,TMIN,100
USC00314689,2012-12-07,TMAX,189
USC00314689,2011-09-30,TMIN,122
USC00314689,2012-12-07,TMIN,67
USC00310576,2007-06-13,TMIN,144
USC00316096,2011-12-18,TMIN,-33
USC00314689,2011-09-30,TMAX,289
USC00310576,2007-06-13,TMAX,294
USC00310356,2015-12-19,TMIN,17
USW00093719,2005-07-27,TMIN,239
USW00093743,2009-09-11,TMIN,178
USR0000NHOF,2015-12-19,TMAX,94
USR0000NNWB,2014-08-03,TMIN,217
USC00315830,2008-08-12,TMIN,189
USW00013754,2012-07-24,TMAX,339
USW00093719,2010-01-18,TMIN,28
USW00093719,2010-01-18,TMAX,144
USC00316096,2010-05-04,TMIN,189
USC00314684,2013-04-20,TMIN,106
USW00013754,2012-07-24,TMIN,222
USC00314689,2007-06-25,TMAX,328
USR0000NHOF,2015-03-20,TMAX,211
USW00093719,2009-05-01,TMIN,167
USW00093719,2009-05-01,TMAX,278
USR0000NNWB,2015-10-17,TMAX,222
USR0000NNWB,2015-10-17,TMIN,106
USW00093719,2005-07-27,TMAX,372
USC00314689,2011-06-16,TMIN,189
USR0000NNWB,2014-08-03,TMAX,233
USC00310356,2015-12-19,TMAX,189
USC00315830,2007-09-25,TMIN,178
USW00093765,2010-04-23,TMAX,244
USR0000NHOF,2007-01-16,TMAX,172
USR0000NHOF,2007-01-16,TMIN,67
USC00314689,2007-04-22,TMIN,94
USC00316676,2012-08-26,TMAX,244
USC00314689,2007-04-10,TMAX,161
USC00316676,2012-08-26,TMIN,178
USC00314689,2005-01-28,TMIN,-72
USC00314684,2012-04-26,TMAX,217
USC00314689,2005-01-28,TMAX,33
USC00314144,2010-02-25,TMAX,39
USC00314144,2010-02-25,TMIN,-11
USW00093719,2008-09-26,TMAX,278
USW00093719,2008-09-26,TMIN,217
USW00093765,2010-04-23,TMIN,150
USC00314689,2007-04-10,TMIN,-6
USC00314684,2012-04-26,TMIN,72
USC00315830,2007-09-25,TMAX,283
USC00317170,2013-07-15,TMIN,217
USW00093765,2013-10-30,TMIN,128
USC00316676,2008-09-09,TMAX,311
USW00093765,2013-07-15,TMAX,300
USW00093765,2013-07-15,TMIN,233
USC00316676,2008-09-09,TMIN,206
USR0000NHOF,2009-02-06,TMIN,-122
USW00093765,2006-11-08,TMAX,206
USR0000NNWB,2014-01-16,TMAX,67
USC00317170,2013-07-15,TMAX,322
USR0000NNWB,2014-01-16,TMIN,-17
USC00315830,2011-09-04,TMIN,189
USC00315830,2011-09-04,TMAX,294
USW00093765,2013-10-30,TMAX,233
USR0000NHOF,2009-02-06,TMAX,94
USC00317170,2011-12-01,TMAX,117
USC00317170,2011-12-01,TMIN,17
USC00310356,2015-03-20,TMIN,61
USW00093765,2006-11-08,TMIN,139
USW00013754,2012-01-18,TMAX,161
USR0000NHOF,2015-12-19,TMIN,-22
USC00315830,2014-09-29,TMAX,272
USC00310356,2011-12-22,TMIN,139
USW00013754,2014-02-14,TMIN,17
USC00310356,2011-12-22,TMAX,178
USW00093719,2013-07-15,TMAX,328
USW00093719,2013-07-15,TMIN,222
USC00314684,2014-06-26,TMAX,328
USC00314684,2014-06-26,TMIN,233
USW00013754,2014-02-14,TMAX,144
USC00316676,2010-06-25,TMAX,361
USR0000NHOF,2014-11-16,TMIN,-22
USC00314689,2007-06-23,TMAX,322
USC00314689,2007-06-23,TMIN,206
USW00093765,2015-01-26,TMIN,22
USW00093765,2015-01-26,TMAX,122
USC00315830,2009-08-08,TMIN,228
USC00317170,2015-11-19,TMIN,117
USR0000NHOF,2014-11-16,TMAX,144
USC00315830,2009-08-08,TMAX,294
USC00310356,2014-11-16,TMIN,22
USW00093765,2010-03-26,TMAX,183
USC00310356,2013-02-13,TMAX,150
USC00310356,2013-02-13,TMIN,89
USC00317170,2012-04-26,TMAX,283
USC00317170,2012-04-26,TMIN,122
USW00093743,2013-02-13,TMAX,133
USW00093743,2013-02-13,TMIN,83
USR0000NCRN,2015-03-07,TMIN,-61
USC00310356,2014-11-16,TMAX,94
USC00314689,2010-11-06,TMIN,61
USC00310576,2008-10-25,TMIN,144
USR0000NCRN,2005-09-14,TMAX,267
USR0000NCRN,2005-09-14,TMIN,239
USC00310356,2007-05-26,TMAX,256
USR0000NCRN,2015-03-07,TMAX,111
USW00013754,2014-08-03,TMAX,233
USW00013754,2014-08-03,TMIN,217
USW00093765,2010-03-26,TMIN,78
USW00013754,2007-08-29,TMIN,194
USR0000NHOF,2013-02-13,TMAX,139
USC00314144,2009-12-15,TMAX,172
USC00314689,2005-06-29,TMIN,228
USR0000NHOF,2015-03-20,TMIN,78
USW00013754,2015-02-22,TMIN,128
USR0000NHOF,2008-04-09,TMAX,189
USR0000NHOF,2008-04-09,TMIN,100
USR0000NCRN,2011-02-21,TMAX,183
USC00315830,2008-08-12,TMAX,289
USC00316676,2007-07-21,TMAX,322
USC00316676,2006-06-30,TMAX,300
USW00013754,2015-02-22,TMAX,200
USC00316676,2006-06-30,TMIN,189
USR0000NCRN,2008-05-08,TMIN,206
USR0000NCRN,2008-05-08,TMAX,256
USW00013754,2007-08-29,TMAX,306
USC00314689,2007-06-25,TMIN,206
USC00315830,2014-09-29,TMIN,189
USR0000NCRN,2011-02-21,TMIN,117
USR0000NHOF,2013-02-13,TMIN,78
USC00316676,2007-07-21,TMIN,206
USR0000NNWB,2014-02-14,TMAX,167
USC00314689,2014-12-10,TMIN,28
USC00314689,2014-12-10,TMAX,122
USC00316096,2013-04-20,TMIN,94
USC00316096,2013-04-20,TMAX,222
USC00314144,2009-12-15,TMIN,128
USC00317170,2015-11-19,TMAX,250
USC00316096,2010-05-04,TMAX,233
USR0000NNWB,2014-02-14,TMIN,11
USR0000NNWB,2012-06-03,TMAX,283
USW00093765,2013-10-02,TMIN,144
USW00093765,2013-10-02,TMAX,261
USC00316676,2008-08-18,TMIN,194
USC00316676,2008-08-18,TMAX,289
USC00310356,2007-07-12,TMAX,294
USC00310356,2007-07-12,TMIN,233
USC00310356,2007-05-26,TMIN,167
USR0000NNWB,2012-06-03,TMIN,128
USW00013754,2012-01-18,TMIN,44
USC00310576,2012-09-05,TMIN,189
USC00310576,2012-09-05,TMAX,300
USW00093743,2012-06-11,TMAX,261
USC00314684,2013-07-15,TMAX,317
USC00314684,2013-07-15,TMIN,211
USR0000NCRN,2015-07-04,TMAX,311
USR0000NCRN,2006-12-04,TMIN,-17
USR0000NCRN,2015-07-04,TMIN,250
USW00013754,2010-01-18,TMIN,33
USW00093719,2014-02-14,TMAX,167
USW00013754,2010-01-18,TMAX,144
USW00093719,2014-02-14,TMIN,17
USC00314689,2010-05-04,TMIN,206
USC00317170,2007-08-25,TMAX,350
USC00315830,2012-12-02,TMIN,39
USC00315830,2012-12-02,TMAX,189
USC00317170,2007-08-25,TMIN,233
USC00316096,2012-04-26,TMAX,233
USC00314689,2010-05-04,TMAX,311
USC00316096,2012-04-26,TMIN,117
USC00310356,2009-12-01,TMIN,61
USC00310356,2009-12-01,TMAX,183
USC00316676,2010-11-20,TMAX,144
USR0000NNWB,2007-10-30,TMAX,217
USR0000NHOF,2012-06-11,TMIN,172
USR0000NHOF,2012-06-11,TMAX,256
USC00314689,2008-08-08,TMIN,211
USC00314689,2008-08-08,TMAX,328
USW00093765,2005-03-15,TMAX,128
USW00093743,2012-06-11,TMIN,228
USW00013754,2007-10-15,TMAX,239
USW00013754,2007-10-15,TMIN,122
USW00093765,2005-03-15,TMIN,0
USW00093743,2009-02-06,TMIN,-88
USW00093743,2009-02-06,TMAX,83
USC00315830,2006-08-01,TMAX,333
USC00315830,2006-05-14,TMAX,233
USC00315830,2006-08-01,TMIN,239
USC00315830,2006-05-14,TMIN,167
USC00316676,2010-11-20,TMIN,11
USW00013754,2010-05-07,TMIN,167
USC00314689,2005-06-20,TMIN,178
USC00315830,2006-10-10,TMIN,183
USW00093719,2006-02-01,TMAX,117
USC00310576,2012-06-27,TMIN,111
USR0000NCRN,2014-08-13,TMIN,211
USR0000NCRN,2014-08-13,TMAX,317
USC00314689,2014-06-26,TMAX,333
USW00093719,2011-08-30,TMAX,294
USC00315830,2006-10-10,TMAX,267
USC00314689,2014-06-26,TMIN,239
USR0000NCRN,2010-02-25,TMIN,0
USW00093719,2014-05-14,TMAX,311
USW00093719,2014-05-14,TMIN,194
USC00314144,2006-04-08,TMIN,172
USC00316676,2008-07-14,TMAX,317
USC00316096,2013-07-15,TMAX,311
USC00316096,2013-07-15,TMIN,222
USR0000NCRN,2010-02-25,TMAX,44
USW00013754,2010-05-07,TMAX,283
USW00093719,2006-02-01,TMIN,-11
USW00093719,2014-01-16,TMIN,-10
USC00314684,2008-10-18,TMAX,228
USR0000NCRN,2006-12-04,TMAX,117
USC00314684,2008-10-18,TMIN,106
USC00310356,2012-06-11,TMIN,239
USC00310356,2012-06-11,TMAX,278
USC00315830,2011-03-11,TMIN,61
USW00093719,2013-10-02,TMIN,144
USR0000NNWB,2007-10-30,TMIN,28
USW00093719,2013-10-02,TMAX,311
USC00310356,2009-02-06,TMIN,-50
USW00093719,2015-05-26,TMIN,156
USW00093719,2015-05-26,TMAX,300
USC00310576,2012-06-27,TMAX,267
USC00316676,2015-09-06,TMAX,300
USC00310356,2009-02-06,TMAX,133
USW00093719,2014-01-16,TMAX,94
USC00316676,2015-09-06,TMIN,228
USW00093765,2013-04-20,TMAX,211
USC00310576,2014-03-03,TMAX,211
USC00310576,2014-03-03,TMIN,33
USC00316676,2014-04-17,TMAX,128
USW00093719,2014-09-08,TMAX,272
USC00316676,2009-09-08,TMAX,228
USC00316676,2014-04-17,TMIN,50
USW00093719,2014-09-08,TMIN,228
USR0000NHOF,2005-09-14,TMAX,261
USC00310356,2009-09-11,TMIN,178
USC00315830,2005-08-14,TMIN,244
USR0000NHOF,2005-09-14,TMIN,228
USC00314689,2015-03-03,TMAX,172
USC00316676,2009-09-08,TMIN,217
USW00013754,2007-10-27,TMAX,244
USC00316676,2011-03-02,TMAX,133
USC00317170,2013-04-20,TMIN,106
USC00317170,2013-04-20,TMAX,233
USW00093765,2010-06-06,TMAX,294
USC00310356,2009-09-11,TMAX,267
USW00093765,2010-06-06,TMIN,250
USC00316676,2008-11-21,TMIN,-6
USR0000NHOF,2009-11-26,TMAX,183
USW00093765,2008-12-07,TMAX,89
USC00310576,2011-07-28,TMIN,228
USW00093765,2008-12-07,TMIN,-10
USC00314684,2005-03-10,TMIN,-44
USR0000NNWB,2006-04-28,TMAX,244
USC00310576,2011-07-28,TMAX,333
USC00316096,2014-12-10,TMIN,33
USC00316676,2008-11-21,TMAX,150
USR0000NNWB,2006-04-28,TMIN,89
USC00314689,2009-04-12,TMIN,72
USC00314689,2009-04-12,TMAX,211
USC00314684,2005-03-10,TMAX,83
USR0000NHOF,2009-11-26,TMIN,56
USR0000NCRN,2009-08-24,TMIN,267
USC00310356,2015-03-20,TMAX,156
USR0000NCRN,2009-08-24,TMAX,294
USC00316096,2014-12-10,TMAX,117
USC00314689,2006-03-31,TMAX,233
USC00314689,2013-01-20,TMIN,61
USC00314684,2006-09-01,TMIN,217
USC00316676,2011-11-05,TMIN,83
USC00316676,2011-11-05,TMAX,161
USW00093719,2008-07-07,TMAX,300
USC00310576,2006-09-19,TMIN,194
USC00310576,2006-09-19,TMAX,278
USR0000NHOF,2010-10-02,TMAX,222
USW00093719,2014-08-03,TMAX,239
USC00310356,2005-03-20,TMIN,94
USW00093719,2014-08-03,TMIN,222
USW00093765,2008-12-13,TMAX,83
USC00317170,2014-12-06,TMAX,206
USW00093719,2008-07-07,TMIN,206
USW00093765,2013-04-20,TMIN,106
USC00317170,2014-12-06,TMIN,83
USW00093765,2009-07-15,TMAX,300
USW00093765,2009-07-15,TMIN,206
USW00093765,2008-12-13,TMIN,11
USC00315830,2009-02-13,TMIN,83
USR0000NHOF,2010-10-02,TMIN,139
USC00316096,2014-06-26,TMIN,244
USR0000NHOF,2007-07-12,TMAX,311
USR0000NHOF,2007-07-12,TMIN,206
USC00314689,2007-05-07,TMAX,183
USC00314689,2013-01-20,TMAX,178
USC00314689,2007-05-07,TMIN,72
USW00093719,2009-05-29,TMIN,206
USC00314689,2006-03-31,TMIN,56
USW00093719,2009-05-29,TMAX,311
USC00314684,2006-09-01,TMAX,250
USR0000NNWB,2010-01-18,TMIN,33
USR0000NNWB,2010-01-18,TMAX,161
USW00013754,2007-10-27,TMIN,172
USC00310576,2014-01-24,TMIN,-33
USC00310576,2014-01-24,TMAX,67
USC00310356,2005-03-20,TMAX,156
USC00315830,2009-02-13,TMAX,222
USC00316096,2014-06-26,TMAX,322
USC00317170,2008-02-14,TMIN,28
USR0000NCRN,2012-12-31,TMAX,117
USR0000NCRN,2006-02-18,TMIN,22
USC00310576,2007-11-21,TMAX,217
USW00093765,2011-08-30,TMAX,289
USR0000NCRN,2006-10-18,TMIN,211
USR0000NCRN,2006-10-18,TMAX,256
USW00093765,2011-08-30,TMIN,211
USC00314684,2013-10-30,TMAX,233
USC00314684,2013-10-30,TMIN,78
USW00093719,2011-05-02,TMAX,278
USC00316676,2006-12-11,TMIN,-39
USC00314689,2008-04-20,TMIN,178
USC00314144,2011-04-08,TMIN,78
USC00315830,2009-11-22,TMAX,161
USC00315830,2009-11-22,TMIN,89
USW00093765,2011-05-21,TMIN,194
USC00310356,2014-07-03,TMAX,306
USW00093765,2011-05-21,TMAX,306
USR0000NCRN,2012-09-05,TMIN,239
USC00314144,2011-04-08,TMAX,261
USR0000NCRN,2012-09-05,TMAX,300
USC00316676,2006-12-11,TMAX,150
USW00093719,2005-03-17,TMIN,22
USC00314684,2011-06-16,TMAX,283
USC00315830,2013-02-13,TMAX,161
USC00315830,2007-06-08,TMAX,283
USC00310576,2013-08-13,TMAX,339
USC00315830,2007-06-08,TMIN,244
USC00315830,2013-02-13,TMIN,78
USR0000NCRN,2014-04-18,TMAX,167
USC00310356,2014-07-03,TMIN,267
USR0000NCRN,2014-04-18,TMIN,72
USR0000NNWB,2014-07-14,TMAX,344
USW00093719,2011-05-02,TMIN,100
USC00314689,2012-08-10,TMAX,306
USC00314689,2012-08-10,TMIN,239
USC00314684,2009-04-12,TMIN,50
USC00310576,2011-04-11,TMIN,133
USC00310576,2011-04-11,TMAX,222
USR0000NHOF,2007-04-04,TMIN,172
USR0000NNWB,2014-07-14,TMIN,228
USC00315830,2011-10-05,TMIN,100
USR0000NNWB,2011-01-24,TMAX,61
USW00093719,2005-03-17,TMAX,44
USR0000NNWB,2011-04-22,TMIN,117
USW00013754,2010-03-26,TMAX,228
USW00093743,2012-12-31,TMAX,111
USW00093743,2012-12-31,TMIN,-32
USC00310576,2013-04-20,TMIN,133
USC00310576,2013-04-20,TMAX,256
USR0000NHOF,2007-04-04,TMAX,294
USW00093765,2006-03-07,TMIN,22
USC00316676,2008-07-01,TMAX,317
USR0000NCRN,2005-04-13,TMIN,78
USR0000NCRN,2005-04-13,TMAX,150
USW00093765,2006-03-07,TMAX,122
USW00013754,2009-05-27,TMIN,200
USC00314684,2014-02-14,TMAX,33
USR0000NHOF,2012-12-31,TMAX,117
USC00316676,2008-07-01,TMIN,200
USC00315830,2011-10-05,TMAX,239
USR0000NNWB,2013-03-27,TMIN,6
USW00013754,2010-03-26,TMIN,72
USR0000NNWB,2011-01-24,TMIN,-11
USC00314684,2014-06-06,TMAX,344
USC00314684,2009-04-12,TMAX,228
USC00315830,2008-02-02,TMAX,156
USC00315830,2008-02-02,TMIN,89
USC00310356,2012-12-31,TMAX,83
USC00314689,2011-11-05,TMIN,67
USW00013754,2009-05-27,TMAX,272
USC00310356,2012-12-31,TMIN,6
USR0000NNWB,2008-10-02,TMIN,94
USC00314689,2011-11-05,TMAX,139
USR0000NNWB,2008-10-02,TMAX,228
USR0000NNWB,2013-03-27,TMAX,133
USW00093743,2009-03-05,TMAX,111
USC00314684,2014-06-06,TMIN,200
USR0000NNWB,2011-04-22,TMAX,206
USW00093743,2009-03-05,TMIN,-38
USR0000NHOF,2012-12-31,TMIN,-50
USC00310576,2013-08-13,TMIN,228
USC00314689,2012-10-24,TMIN,100
USC00310576,2010-05-15,TMIN,161
USW00093765,2011-07-06,TMAX,322
USC00314684,2012-03-22,TMIN,139
USC00314684,2012-03-22,TMAX,267
USC00310576,2009-01-23,TMAX,111
USC00317170,2012-10-11,TMIN,100
USC00314684,2014-08-03,TMAX,250
USC00310576,2010-05-15,TMAX,339
USC00314684,2014-08-03,TMIN,206
USC00316676,2015-11-02,TMIN,156
USW00013754,2015-09-01,TMAX,311
USC00315830,2013-10-02,TMIN,128
USC00314689,2014-09-08,TMAX,244
USC00314689,2014-09-08,TMIN,217
USC00315830,2008-11-09,TMIN,150
USC00310576,2009-01-23,TMIN,-33
USC00316676,2015-11-02,TMAX,267
USC00315830,2013-10-02,TMAX,283
USR0000NHOF,2012-05-13,TMAX,244
USC00317170,2012-10-11,TMAX,206
USC00316676,2008-08-22,TMIN,200
USW00093719,2006-08-07,TMIN,206
USW00093719,2006-08-07,TMAX,339
USC00314144,2010-04-06,TMIN,161
USW00093765,2015-11-06,TMIN,178
USR0000NNWB,2010-03-26,TMIN,72
USR0000NNWB,2009-04-07,TMAX,117
USC00315830,2008-01-22,TMIN,-6
USR0000NNWB,2009-04-07,TMIN,44
USC00314689,2006-03-02,TMIN,94
USR0000NHOF,2006-05-14,TMIN,78
USR0000NHOF,2006-05-14,TMAX,250
USR0000NHOF,2006-07-01,TMAX,311
USR0000NHOF,2006-07-01,TMIN,183
USR0000NHOF,2012-05-13,TMIN,89
USC00315830,2008-01-22,TMAX,156
USR0000NNWB,2010-03-26,TMAX,228
USC00314689,2012-10-24,TMAX,278
USC00316676,2005-05-23,TMIN,167
USW00093719,2005-05-04,TMIN,89
USC00310356,2013-07-16,TMIN,239
USC00314689,2009-07-15,TMAX,306
USC00314689,2009-07-15,TMIN,211
USW00093743,2013-07-16,TMAX,311
USW00093743,2013-07-16,TMIN,239
USW00093743,2014-07-03,TMIN,233
USC00310576,2010-02-25,TMAX,106
USC00310356,2013-07-16,TMAX,311
USC00310576,2010-02-25,TMIN,44
USW00093743,2014-07-03,TMAX,306
USW00013754,2013-03-27,TMIN,6
USC00310356,2012-05-13,TMIN,194
USC00314689,2010-08-04,TMIN,217
USC00314689,2010-08-04,TMAX,333
USC00314684,2011-06-16,TMIN,167
USC00310356,2012-05-13,TMAX,256
USW00013754,2013-03-27,TMAX,133
USW00093719,2005-05-04,TMAX,217
USC00315830,2013-12-31,TMAX,128
USW00093743,2012-05-13,TMIN,200
USC00316676,2005-05-23,TMAX,256
USC00310356,2006-05-14,TMIN,139
USC00310356,2006-05-14,TMAX,222
USW00093765,2015-11-06,TMAX,233
USC00315830,2015-05-26,TMIN,217
USC00315830,2013-12-31,TMIN,56
USC00315830,2015-05-26,TMAX,250
USW00093743,2012-05-13,TMAX,239
USR0000NNWB,2015-01-26,TMIN,22
USC00314684,2009-03-09,TMIN,122
USC00310576,2005-08-19,TMIN,217
USC00310356,2011-04-26,TMIN,200
USR0000NNWB,2015-01-26,TMAX,117
USW00013754,2015-09-01,TMIN,222
USC00310576,2005-08-19,TMAX,317
USC00310356,2011-04-26,TMAX,250
USC00314684,2009-03-09,TMAX,278
USC00316096,2014-08-03,TMAX,228
USC00314684,2015-08-23,TMIN,156
USW00093719,2012-08-01,TMIN,217
USC00316676,2009-04-21,TMAX,272
USR0000NCRN,2010-05-21,TMIN,117
USC00315830,2015-08-03,TMIN,228
USC00315830,2015-08-03,TMAX,306
USC00315830,2006-02-10,TMIN,-56
USR0000NCRN,2010-05-21,TMAX,267
USW00093765,2012-03-08,TMAX,222
USC00316676,2009-04-21,TMIN,150
USW00093765,2012-03-08,TMIN,156
USW00013754,2014-07-14,TMIN,233
USW00013754,2014-07-14,TMAX,322
USC00316676,2011-03-24,TMAX,306
USR0000NCRN,2006-03-14,TMAX,306
USC00315830,2007-10-09,TMIN,217
USR0000NHOF,2007-10-06,TMIN,172
USR0000NHOF,2007-10-06,TMAX,272
USC00316676,2011-03-24,TMIN,111
USC00317170,2014-12-10,TMIN,33
USC00315830,2007-10-09,TMAX,306
USW00093719,2012-01-18,TMAX,156
USR0000NHOF,2008-05-30,TMIN,94
USC00316676,2007-05-28,TMIN,133
USW00093743,2010-01-06,TMAX,56
USW00093743,2012-11-17,TMIN,44
USW00093743,2012-11-17,TMAX,144
USW00093743,2010-01-06,TMIN,-38
USR0000NNWB,2015-11-03,TMIN,161
USW00093719,2012-01-18,TMIN,28
USR0000NNWB,2006-08-07,TMIN,217
USC00317170,2007-06-09,TMIN,233
USW00093719,2006-01-16,TMIN,-6
USR0000NNWB,2006-08-07,TMAX,356
USW00093719,2006-01-16,TMAX,167
USC00310356,2012-11-17,TMIN,61
USC00310356,2012-11-17,TMAX,144
USC00315830,2006-02-10,TMAX,111
USC00314684,2011-08-09,TMAX,367
USR0000NHOF,2008-05-30,TMAX,267
USC00317170,2014-12-10,TMAX,128
USC00310356,2014-04-18,TMAX,172
USR0000NHOF,2010-06-18,TMAX,317
USW00093743,2013-11-24,TMAX,100
USC00315830,2011-02-27,TMIN,111
USW00013754,2009-05-12,TMIN,106
USW00093765,2011-05-19,TMIN,172
USC00314144,2006-10-18,TMIN,122
USC00314144,2006-10-18,TMAX,267
USR0000NHOF,2010-06-18,TMIN,189
USR0000NHOF,2014-04-18,TMAX,194
USC00317170,2007-06-05,TMIN,211
USW00093765,2005-07-23,TMAX,322
USW00013754,2011-10-28,TMAX,211
USC00314144,2006-05-14,TMIN,111
USC00314144,2006-05-14,TMAX,267
USR0000NHOF,2013-04-20,TMIN,39
USR0000NHOF,2013-04-20,TMAX,189
USR0000NHOF,2014-04-18,TMIN,50
USC00314689,2005-07-22,TMAX,333
USC00310356,2011-02-21,TMAX,156
USC00314689,2005-07-22,TMIN,239
USC00310356,2014-04-18,TMIN,83
USW00093765,2005-07-23,TMIN,239
USC00316676,2008-07-21,TMAX,306
USR0000NNWB,2009-11-06,TMAX,161
USR0000NHOF,2010-04-15,TMIN,-17
USC00316676,2008-07-21,TMIN,222
USW00013754,2005-05-11,TMIN,117
USW00093743,2013-11-24,TMIN,-32
USR0000NHOF,2010-04-15,TMAX,228
USW00013754,2005-05-11,TMAX,278
USW00093719,2013-03-27,TMAX,139
USW00093719,2013-03-27,TMIN,22
USR0000NNWB,2009-11-06,TMIN,22
USR0000NHOF,2010-01-06,TMIN,-61
USC00317170,2011-08-30,TMAX,294
USC00317170,2011-08-30,TMIN,206
USR0000NHOF,2010-01-06,TMAX,44
USC00310356,2009-03-05,TMAX,78
USW00093719,2006-09-12,TMIN,150
USC00310356,2009-03-05,TMIN,-11
USC00316676,2009-12-02,TMAX,139
USR0000NNWB,2010-04-25,TMAX,267
USC00316676,2006-03-31,TMAX,217
USW00013754,2015-01-26,TMIN,17
USW00013754,2015-01-26,TMAX,133
USC00316096,2011-11-05,TMIN,94
USC00316676,2006-03-31,TMIN,33
USC00314689,2011-05-28,TMAX,283
USC00314689,2009-12-20,TMIN,0
USC00316096,2011-11-05,TMAX,156
USC00316096,2010-03-21,TMAX,217
USC00314684,2010-06-06,TMAX,328
USC00314684,2010-06-06,TMIN,222
USC00314144,2005-11-14,TMAX,261
USC00315830,2014-12-24,TMIN,72
USC00316096,2011-10-13,TMAX,267
USC00314689,2009-12-20,TMAX,72
USW00093765,2012-06-03,TMAX,283
USC00316676,2009-12-02,TMIN,44
USC00314684,2011-06-30,TMIN,211
USC00316096,2014-08-03,TMIN,211
USR0000NNWB,2012-03-03,TMAX,211
USC00315830,2010-09-27,TMIN,256
USC00314684,2014-02-14,TMIN,0
USC00314684,2015-08-23,TMAX,311
USC00316096,2010-08-04,TMIN,211
USC00316096,2010-08-04,TMAX,311
USR0000NNWB,2010-04-25,TMIN,167
USW00093719,2012-08-01,TMAX,289
USR0000NHOF,2010-10-30,TMIN,0
USR0000NCRN,2015-03-20,TMIN,89
USC00314689,2011-05-28,TMIN,189
USC00315830,2014-12-24,TMAX,189
USR0000NCRN,2015-03-20,TMAX,194
USC00315830,2010-09-27,TMAX,283
USC00314684,2011-06-30,TMAX,317
USR0000NHOF,2010-10-30,TMAX,178
USC00314144,2005-11-14,TMIN,83
USC00310356,2008-05-30,TMAX,244
USW00093765,2012-06-03,TMIN,178
USR0000NCRN,2006-05-14,TMAX,256
USW00093743,2008-05-30,TMAX,250
USW00093743,2008-05-30,TMIN,144
USC00314684,2005-06-03,TMIN,172
USR0000NHOF,2012-11-17,TMAX,133
USC00316676,2007-05-28,TMAX,300
USC00314684,2011-08-09,TMIN,222
USR0000NCRN,2006-05-14,TMIN,161
USW00093765,2006-01-07,TMAX,72
USW00093765,2011-05-19,TMAX,250
USC00310356,2005-12-13,TMIN,-33
USW00093765,2006-09-01,TMIN,200
USC00310356,2005-12-13,TMAX,117
USC00314684,2012-10-11,TMIN,72
USW00093765,2006-01-07,TMIN,-5
USW00093765,2006-09-01,TMAX,267
USC00314684,2012-10-11,TMAX,217
USC00314684,2005-06-03,TMAX,217
USW00093719,2006-09-12,TMAX,239
USR0000NHOF,2012-11-17,TMIN,17
USC00316096,2012-10-24,TMIN,94
USR0000NNWB,2009-05-01,TMIN,172
USC00310356,2008-05-30,TMIN,156
USC00316096,2012-10-24,TMAX,261
USC00315830,2007-09-18,TMIN,161
USR0000NNWB,2009-05-01,TMAX,283
USC00316096,2010-03-21,TMIN,61
USR0000NNWB,2010-08-29,TMIN,189
USW00093765,2015-10-17,TMAX,211
USC00310356,2010-01-06,TMAX,33
USC00310356,2010-01-06,TMIN,-50
USC00314689,2014-08-03,TMAX,256
USW00093765,2015-10-17,TMIN,117
USR0000NNWB,2010-08-29,TMAX,317
USC00314689,2014-08-03,TMIN,211
USC00315830,2007-09-18,TMAX,256
USC00316096,2011-10-13,TMIN,194
USC00314689,2006-03-02,TMAX,256
USC00314144,2010-04-06,TMAX,306
USC00316676,2008-08-22,TMAX,306
USR0000NHOF,2007-06-04,TMAX,311
USW00093765,2009-06-25,TMAX,306
USW00093765,2006-04-28,TMAX,239
USC00314684,2005-11-28,TMIN,44
USC00314684,2005-06-29,TMIN,228
USC00315830,2007-05-30,TMIN,206
USW00093765,2006-04-28,TMIN,117
USC00314684,2005-11-28,TMAX,211
USW00093765,2009-06-25,TMIN,222
USR0000NHOF,2011-04-26,TMIN,178
USR0000NHOF,2010-05-21,TMAX,272
USC00315830,2015-01-03,TMAX,150
USC00315830,2015-01-03,TMIN,100
USC00315830,2007-05-30,TMAX,294
USR0000NCRN,2010-01-06,TMAX,50
USW00093743,2008-09-01,TMAX,211
USW00093743,2008-09-01,TMIN,106
USR0000NHOF,2010-05-21,TMIN,89
USC00314684,2005-06-29,TMAX,300
USC00314684,2013-01-20,TMAX,144
USR0000NCRN,2011-12-22,TMAX,211
USC00315830,2012-07-11,TMAX,306
USR0000NNWB,2009-10-11,TMIN,161
USW00093765,2012-03-17,TMAX,261
USC00315830,2008-12-09,TMAX,167
USC00310356,2006-10-18,TMIN,72
USC00310356,2006-10-18,TMAX,244
USC00310356,2005-04-13,TMIN,122
USC00314684,2011-10-13,TMAX,250
USR0000NNWB,2015-01-21,TMAX,200
USC00310356,2005-04-13,TMAX,156
USR0000NCRN,2011-12-22,TMIN,156
USC00310576,2013-11-24,TMAX,189
USC00316676,2010-10-31,TMIN,56
USC00317170,2010-04-23,TMAX,244
USC00316676,2010-10-31,TMAX,183
USC00317170,2010-04-23,TMIN,106
USR0000NNWB,2015-01-21,TMIN,33
USC00315830,2012-07-11,TMIN,217
USR0000NCRN,2010-01-06,TMIN,-33
USR0000NHOF,2011-04-26,TMAX,256
USC00316676,2012-04-26,TMIN,67
USR0000NHOF,2012-09-05,TMIN,194
USC00314689,2011-12-01,TMAX,122
USR0000NHOF,2012-09-05,TMAX,300
USC00314689,2011-12-01,TMIN,6
USC00310356,2010-10-30,TMIN,100
USC00314684,2014-09-08,TMAX,294
USC00316676,2012-04-26,TMAX,217
USW00013754,2014-04-29,TMIN,200
USC00314684,2014-09-08,TMIN,217
USC00316096,2011-09-30,TMIN,161
USW00093743,2012-09-05,TMIN,250
USW00093743,2012-09-05,TMAX,294
USW00093743,2010-05-21,TMIN,133
USW00093743,2010-05-21,TMAX,250
USC00314684,2007-08-21,TMAX,356
USW00013754,2014-04-29,TMAX,272
USC00314684,2011-10-13,TMIN,194
USC00315830,2013-04-20,TMAX,233
USC00315830,2013-04-20,TMIN,111
USR0000NNWB,2005-11-18,TMAX,67
USC00314144,2008-03-02,TMAX,161
USC00317170,2014-02-14,TMAX,167
USC00317170,2014-02-14,TMIN,6
USR0000NNWB,2005-05-04,TMAX,239
USR0000NNWB,2005-05-04,TMIN,94
USR0000NNWB,2007-08-29,TMAX,317
USR0000NNWB,2007-08-29,TMIN,194
USC00315830,2013-11-15,TMAX,233
USC00315830,2013-11-15,TMIN,61
USC00310356,2010-10-30,TMAX,256
USR0000NHOF,2015-04-22,TMAX,272
USR0000NHOF,2015-04-22,TMIN,83
USR0000NCRN,2006-07-01,TMAX,289
USR0000NCRN,2006-07-01,TMIN,211
USR0000NNWB,2005-11-18,TMIN,-11
USC00314144,2008-03-02,TMIN,-28
USR0000NNWB,2009-10-11,TMAX,222
USC00314689,2009-08-16,TMIN,211
USC00314684,2013-01-20,TMIN,-39
USC00310576,2009-07-24,TMAX,311
USW00093719,2010-04-07,TMAX,311
USC00314689,2007-07-13,TMIN,222
USC00314689,2007-07-13,TMAX,311
USR0000NCRN,2006-02-18,TMAX,106
USC00314689,2010-10-09,TMIN,94
USC00310576,2015-12-11,TMIN,72
USW00093719,2012-10-11,TMIN,100
USC00314144,2008-12-28,TMAX,239
USC00314689,2010-10-09,TMAX,272
USR0000NNWB,2014-04-29,TMIN,172
USR0000NHOF,2006-10-18,TMIN,172
USR0000NHOF,2007-05-26,TMAX,272
USC00310356,2010-10-02,TMIN,178
USR0000NHOF,2006-10-18,TMAX,250
USR0000NHOF,2007-05-26,TMIN,78
USC00314144,2008-12-28,TMIN,156
USR0000NNWB,2014-04-29,TMAX,289
USW00093719,2012-10-11,TMAX,211
USC00316676,2008-10-13,TMAX,256
USR0000NCRN,2012-12-31,TMIN,-44
USC00315830,2011-02-23,TMIN,17
USC00317170,2011-06-30,TMAX,317
USC00315830,2011-02-23,TMAX,111
USC00317170,2014-08-03,TMAX,239
USC00317170,2014-08-03,TMIN,211
USC00317170,2007-08-26,TMAX,328
USC00310576,2007-08-03,TMAX,306
USC00317170,2011-06-30,TMIN,122
USW00013754,2005-05-04,TMAX,211
USW00013754,2005-05-04,TMIN,106
USC00310576,2015-12-11,TMAX,217
USW00093719,2010-04-07,TMIN,150
USC00310576,2007-08-03,TMIN,189
USC00316676,2008-10-13,TMIN,156
USC00310576,2009-07-24,TMIN,228
USC00310576,2007-11-21,TMIN,89
USC00316676,2007-01-25,TMIN,11
USC00316676,2007-01-25,TMAX,128
USC00310356,2010-10-02,TMAX,233
USC00310356,2008-09-01,TMIN,239
USC00315830,2012-01-14,TMAX,94
USC00314684,2006-02-11,TMIN,-28
USC00314684,2009-07-15,TMAX,289
USC00314684,2009-07-15,TMIN,178
USC00314684,2006-02-11,TMAX,122
USC00314684,2011-02-09,TMIN,-33
USC00310356,2015-04-22,TMIN,156
USR0000NNWB,2006-01-07,TMAX,83
USC00316096,2011-12-01,TMAX,117
USR0000NCRN,2006-09-18,TMIN,167
USC00314689,2009-08-16,TMAX,300
USR0000NNWB,2006-01-07,TMIN,-33
USR0000NHOF,2007-09-26,TMIN,139
USR0000NHOF,2007-09-26,TMAX,300
USC00316096,2011-12-01,TMIN,-17
USR0000NCRN,2006-09-18,TMAX,294
USC00310356,2008-09-01,TMAX,328
USC00310356,2015-04-22,TMAX,244
USC00316096,2015-08-23,TMAX,306
USR0000NNWB,2008-10-06,TMIN,111
USR0000NNWB,2008-10-06,TMAX,267
USC00314689,2005-11-25,TMAX,183
USC00310576,2005-09-14,TMAX,261
USC00310576,2005-09-14,TMIN,244
USW00013754,2013-01-07,TMIN,28
USC00310576,2006-05-14,TMIN,117
USC00310576,2006-05-14,TMAX,244
USW00013754,2013-01-07,TMAX,122
USR0000NHOF,2014-09-29,TMIN,161
USR0000NHOF,2014-09-29,TMAX,256
USC00314689,2005-11-25,TMIN,22
USC00315830,2012-01-14,TMIN,-33
USC00310576,2013-11-24,TMIN,44
USC00316096,2015-08-23,TMIN,189
USC00310356,2014-09-29,TMIN,194
USC00310356,2014-09-29,TMAX,283
USW00093765,2012-03-17,TMIN,161
USC00314689,2010-11-06,TMAX,156
USC00316676,2010-04-11,TMAX,217
USC00316676,2010-04-11,TMIN,50
USC00316096,2014-09-08,TMAX,272
USW00093765,2012-10-11,TMAX,211
USC00316096,2014-09-08,TMIN,211
USR0000NHOF,2014-07-03,TMAX,311
USR0000NHOF,2009-03-05,TMAX,144
USC00316676,2015-11-12,TMAX,206
USW00093765,2012-10-11,TMIN,111
USR0000NHOF,2009-03-05,TMIN,-78
USW00093743,2010-10-30,TMAX,172
USC00317170,2007-05-12,TMAX,294
USC00314689,2009-03-17,TMAX,111
USC00314689,2009-03-17,TMIN,83
USC00314689,2009-05-05,TMAX,289
USC00310576,2015-07-04,TMAX,306
USC00310576,2015-07-04,TMIN,217
USW00013754,2009-11-12,TMIN,128
USC00317170,2007-05-12,TMIN,183
USW00093743,2011-04-26,TMAX,261
USC00310576,2009-09-22,TMAX,278
USW00093719,2012-07-24,TMIN,222
USC00316096,2010-11-18,TMIN,17
USR0000NCRN,2009-01-26,TMAX,78
USR0000NHOF,2014-07-03,TMIN,217
USR0000NHOF,2009-12-01,TMAX,128
USW00093719,2005-06-11,TMIN,178
USC00314144,2009-08-24,TMAX,306
USW00093719,2008-06-15,TMAX,289
USC00310576,2009-09-22,TMIN,194
USC00310356,2014-12-27,TMIN,50
USW00093719,2008-06-15,TMIN,206
USC00310356,2014-12-27,TMAX,144
USW00093719,2015-10-29,TMIN,178
USW00093719,2012-07-24,TMAX,344
USR0000NHOF,2009-12-01,TMIN,17
USC00314684,2011-03-20,TMIN,50
USW00093719,2015-10-29,TMAX,261
USW00093743,2011-04-26,TMIN,200
USC00310576,2013-02-24,TMAX,106
USW00093743,2010-10-30,TMIN,61
USR0000NCRN,2013-07-16,TMAX,317
USW00013754,2013-09-19,TMIN,133
USC00317170,2014-01-16,TMAX,100
USC00317170,2014-01-16,TMIN,28
USC00314689,2005-07-10,TMIN,211
USC00310356,2006-07-01,TMAX,289
USC00310356,2006-07-01,TMIN,228
USW00093719,2009-10-11,TMAX,211
USW00013754,2013-09-19,TMAX,261
USW00093719,2009-10-11,TMIN,161
USC00314689,2005-05-20,TMAX,261
USC00316676,2015-10-21,TMAX,228
USR0000NHOF,2007-06-04,TMIN,167
USW00093765,2011-07-06,TMIN,267
USC00314689,2005-05-20,TMIN,189
USC00314684,2006-11-08,TMAX,189
USC00314684,2006-11-08,TMIN,111
USC00316676,2015-10-21,TMIN,44
USC00316096,2012-08-10,TMAX,294
USC00316676,2008-12-17,TMIN,100
USW00013754,2011-04-22,TMIN,111
USR0000NCRN,2013-07-16,TMIN,217
USC00316096,2012-08-10,TMIN,222
USW00093719,2006-01-07,TMAX,78
USW00093719,2006-01-07,TMIN,-22
USR0000NHOF,2007-07-01,TMAX,289
USW00013754,2009-11-12,TMAX,167
USC00314689,2009-05-05,TMIN,161
USC00316676,2008-12-17,TMAX,228
USC00316676,2015-11-12,TMIN,83
USC00315830,2011-02-01,TMAX,128
USC00315830,2011-02-01,TMIN,33
USC00316096,2009-07-15,TMAX,306
USR0000NCRN,2010-09-08,TMIN,228
USC00316096,2009-07-15,TMIN,178
USR0000NCRN,2010-09-08,TMAX,306
USW00013754,2011-04-22,TMAX,222
USR0000NHOF,2007-07-01,TMIN,156
USW00093719,2012-02-18,TMAX,183
USR0000NHOF,2009-12-15,TMIN,128
USC00316096,2010-11-18,TMAX,178
USC00316676,2007-12-28,TMAX,161
USR0000NHOF,2014-12-27,TMAX,194
USR0000NNWB,2011-03-21,TMAX,250
USC00316096,2010-10-09,TMIN,89
USC00310356,2010-05-21,TMIN,172
USC00316096,2010-10-09,TMAX,267
USC00310576,2015-09-30,TMIN,206
USR0000NCRN,2008-05-30,TMIN,133
USW00093765,2005-02-12,TMIN,0
USW00093765,2005-02-12,TMAX,122
USC00315830,2010-01-18,TMIN,106
USC00315830,2010-01-18,TMAX,150
USC00314684,2009-01-28,TMIN,44
USC00310576,2015-09-30,TMAX,289
USC00310356,2010-05-21,TMAX,267
USW00013754,2009-04-07,TMAX,122
USC00316676,2007-12-28,TMIN,28
USR0000NNWB,2012-01-02,TMAX,161
USR0000NCRN,2008-05-30,TMAX,283
USR0000NNWB,2011-03-21,TMIN,106
USC00316676,2005-03-29,TMIN,100
USC00310356,2012-09-05,TMAX,283
USR0000NHOF,2015-07-15,TMIN,211
USR0000NHOF,2015-07-15,TMAX,333
USW00013754,2008-10-23,TMIN,78
USC00316676,2005-03-29,TMAX,228
USW00093765,2014-01-16,TMAX,100
USR0000NHOF,2014-12-27,TMIN,-17
USC00316096,2011-09-30,TMAX,283
USC00310356,2009-12-15,TMIN,106
USW00093765,2008-02-14,TMIN,33
USC00314684,2007-08-21,TMIN,250
USW00093765,2008-02-14,TMAX,117
USW00093765,2014-01-16,TMIN,6
USW00013754,2008-10-23,TMAX,183
USC00314684,2009-01-28,TMAX,94
USC00310356,2009-12-15,TMAX,161
USW00093743,2009-12-15,TMAX,172
USW00013754,2009-04-07,TMIN,33
USW00093743,2009-12-15,TMIN,139
USR0000NHOF,2008-09-01,TMAX,289
USR0000NHOF,2008-09-01,TMIN,133
USC00314689,2012-01-10,TMAX,144
USC00314689,2012-01-10,TMIN,67
USW00093719,2011-01-10,TMIN,-28
USR0000NCRN,2014-03-03,TMIN,-22
USW00093719,2011-01-10,TMAX,6
USC00314684,2011-03-20,TMAX,244
USC00315830,2005-10-15,TMIN,156
USR0000NCRN,2014-03-03,TMAX,189
USW00093719,2005-06-11,TMAX,283
USC00314144,2009-08-24,TMIN,178
USC00310576,2013-02-24,TMIN,78
USR0000NCRN,2009-01-26,TMIN,22
USW00093719,2012-02-18,TMIN,50
USR0000NHOF,2009-12-15,TMAX,172
USC00315830,2005-10-15,TMAX,256
USC00310356,2007-02-24,TMAX,117
USC00310356,2007-02-24,TMIN,-39
USC00315830,2007-09-22,TMAX,294
USW00093765,2010-09-30,TMAX,278
USW00013754,2010-09-24,TMAX,311
USW00013754,2010-09-24,TMIN,200
USR0000NNWB,2012-01-02,TMIN,22
USW00093765,2010-09-30,TMIN,211
USC00315830,2006-01-28,TMAX,133
USC00315830,2007-09-22,TMIN,222
USC00315830,2006-01-28,TMIN,-33
USC00314684,2011-02-09,TMAX,117
USW00013754,2008-12-03,TMAX,117
USR0000NCRN,2014-09-29,TMIN,178
USR0000NCRN,2014-09-29,TMAX,244
USR0000NNWB,2006-02-01,TMIN,-17
USR0000NNWB,2006-02-01,TMAX,133
USW00013754,2008-12-03,TMIN,-32
USC00310356,2015-07-15,TMIN,256
USC00310356,2015-07-15,TMAX,283
USC00310356,2012-09-05,TMIN,261
USC00314689,2013-04-20,TMAX,250
USC00315830,2013-11-24,TMAX,156
USC00315830,2013-11-24,TMIN,56
USW00093765,2006-06-30,TMAX,283
USW00093765,2006-06-30,TMIN,228
USC00317170,2008-05-01,TMAX,244
USR0000NHOF,2012-10-11,TMAX,206
USR0000NHOF,2012-10-11,TMIN,61
USC00317170,2008-05-01,TMIN,89
USC00310356,2009-09-04,TMAX,267
USC00310356,2009-09-04,TMIN,206
USW00013754,2011-09-21,TMAX,289
USC00314684,2015-03-03,TMAX,172
USW00093765,2013-01-07,TMAX,117
USR0000NCRN,2015-02-15,TMAX,28
USC00316676,2006-11-23,TMIN,78
USC00316676,2006-11-23,TMAX,200
USR0000NCRN,2015-02-15,TMIN,-83
USR0000NNWB,2012-03-17,TMAX,278
USW00093765,2012-06-29,TMIN,261
USR0000NHOF,2015-03-07,TMIN,-67
USC00317170,2010-11-04,TMAX,200
USW00093765,2008-04-20,TMAX,206
USC00316676,2008-06-18,TMIN,206
USR0000NNWB,2012-02-13,TMIN,-44
USC00316676,2008-06-18,TMAX,333
USW00093765,2014-06-06,TMIN,222
USC00310356,2012-10-11,TMAX,217
USC00310356,2012-10-11,TMIN,133
USC00316096,2014-03-03,TMIN,-22
USW00093765,2008-04-20,TMIN,150
USC00316096,2014-03-03,TMAX,200
USC00310576,2014-12-27,TMIN,17
USR0000NNWB,2012-02-13,TMAX,106
USW00093743,2012-10-11,TMIN,106
USW00013754,2011-09-21,TMIN,211
USR0000NCRN,2015-12-11,TMAX,200
USR0000NCRN,2015-12-11,TMIN,67
USC00310576,2014-12-27,TMAX,172
USW00093743,2012-10-11,TMAX,206
USC00315830,2008-12-04,TMAX,144
USR0000NHOF,2015-03-07,TMAX,156
USR0000NHOF,2009-08-24,TMIN,178
USR0000NHOF,2005-11-05,TMAX,239
USW00093743,2010-09-08,TMIN,239
USW00093719,2009-11-07,TMIN,11
USW00013754,2005-11-18,TMAX,100
USC00314144,2008-09-15,TMIN,222
USC00314144,2008-09-15,TMAX,328
USW00013754,2005-11-18,TMIN,17
USR0000NHOF,2005-11-05,TMIN,56
USW00093719,2009-11-07,TMAX,178
USC00314684,2014-03-03,TMIN,17
USC00314684,2011-02-15,TMAX,211
USC00314684,2014-03-03,TMAX,211
USR0000NHOF,2007-12-24,TMIN,-6
USC00314689,2006-05-14,TMIN,139
USC00314689,2007-05-12,TMIN,183
USR0000NCRN,2011-03-10,TMAX,183
USR0000NHOF,2007-12-24,TMAX,150
USR0000NNWB,2012-03-17,TMIN,156
USW00093765,2011-03-03,TMAX,106
USW00093765,2014-04-17,TMIN,61
USR0000NHOF,2009-08-24,TMAX,306
USW00093719,2010-06-24,TMAX,361
USC00314684,2015-03-03,TMIN,17
USC00317170,2010-11-04,TMIN,144
USW00013754,2011-03-28,TMIN,22
USC00317170,2007-08-15,TMIN,206
USC00317170,2007-08-15,TMAX,339
USW00093765,2011-03-03,TMIN,22
USW00093765,2012-06-29,TMAX,294
USC00315830,2006-10-18,TMIN,211
USC00315830,2006-10-18,TMAX,244
USW00093719,2005-10-15,TMIN,144
USW00093719,2005-10-15,TMAX,261
USC00314684,2007-06-23,TMIN,206
USW00093765,2014-04-17,TMAX,172
USC00314684,2011-02-15,TMIN,0
USC00314684,2007-06-23,TMAX,333
USC00314689,2006-05-14,TMAX,239
USC00315830,2008-12-04,TMIN,6
USC00314689,2009-06-25,TMAX,328
USC00316096,2010-03-26,TMAX,222
USC00310576,2007-01-26,TMIN,0
USC00310576,2007-01-26,TMAX,111
USC00316096,2011-06-01,TMAX,306
USC00315830,2015-11-15,TMIN,22
USC00310576,2005-01-08,TMAX,222
USC00310576,2005-01-08,TMIN,89
USC00316096,2010-03-26,TMIN,72
USW00093719,2005-03-15,TMAX,128
USC00317170,2008-10-18,TMAX,167
USC00316676,2010-06-10,TMAX,300
USC00317170,2008-10-18,TMIN,122
USC00315830,2015-11-15,TMAX,150
USC00310576,2013-04-21,TMIN,67
USC00310576,2013-04-21,TMAX,156
USC00315830,2011-04-22,TMAX,222
USC00316676,2010-06-10,TMIN,189
USW00093719,2005-03-15,TMIN,-17
USC00316096,2014-04-29,TMAX,272
USC00315830,2014-01-24,TMAX,44
USC00310356,2007-12-24,TMAX,183
USC00316676,2013-02-12,TMAX,189
USC00317170,2015-01-12,TMAX,167
USC00315830,2014-01-24,TMIN,-72
USC00310356,2007-12-24,TMIN,89
USW00093765,2015-02-22,TMIN,111
USR0000NHOF,2011-06-14,TMAX,289
USC00316096,2014-04-29,TMIN,211
USC00316676,2013-02-12,TMIN,128
USW00093765,2015-02-22,TMAX,161
USR0000NHOF,2011-06-14,TMIN,156
USC00314684,2012-01-10,TMIN,56
USC00316096,2015-01-26,TMIN,11
USC00316096,2015-01-26,TMAX,128
USC00314689,2011-08-09,TMIN,228
USC00314689,2011-08-09,TMAX,350
USW00093765,2010-12-28,TMAX,83
USW00093765,2013-01-07,TMIN,33
USC00314684,2008-10-22,TMAX,228
USC00315830,2010-10-06,TMAX,200
USC00310576,2014-11-25,TMAX,222
USC00314689,2014-03-03,TMIN,39
USW00093765,2014-06-06,TMAX,278
USC00314689,2014-03-03,TMAX,217
USC00315830,2011-03-16,TMIN,89
USC00316676,2006-12-14,TMIN,78
USW00013754,2008-09-26,TMAX,272
USC00317170,2015-01-12,TMIN,50
USW00093719,2012-07-11,TMIN,222
USW00093719,2012-07-11,TMAX,294
USC00316676,2006-12-14,TMAX,228
USR0000NNWB,2007-03-21,TMIN,89
USR0000NCRN,2013-12-17,TMIN,28
USR0000NNWB,2007-03-21,TMAX,178
USC00315830,2014-01-16,TMIN,39
USC00314689,2009-06-25,TMIN,189
USW00013754,2008-09-26,TMIN,200
USC00315830,2011-04-22,TMIN,133
USC00310576,2014-11-25,TMIN,172
USC00310356,2006-12-04,TMIN,61
USW00093719,2013-11-24,TMIN,-10
USC00315830,2011-03-16,TMAX,194
USW00093719,2013-11-24,TMAX,94
USC00315830,2010-10-06,TMIN,178
USC00316096,2011-06-01,TMIN,189
USC00314144,2008-03-09,TMIN,-33
USC00314144,2008-03-09,TMAX,117
USC00310356,2006-12-04,TMAX,150
USW00093743,2007-12-24,TMAX,156
USW00013754,2010-06-06,TMAX,339
USW00013754,2010-06-06,TMIN,239
USR0000NCRN,2013-12-17,TMAX,150
USC00314684,2008-10-22,TMIN,44
USC00315830,2014-01-16,TMAX,150
USW00093765,2007-11-12,TMAX,283
USW00093765,2007-11-12,TMIN,6
USW00093743,2007-12-24,TMIN,44
USC00314689,2007-05-12,TMAX,306
USW00093743,2010-09-08,TMAX,300
USC00314689,2005-04-06,TMAX,283
USW00093765,2011-10-17,TMIN,211
USW00093765,2011-10-17,TMAX,256
USW00093765,2006-03-31,TMAX,211
USW00093765,2006-03-31,TMIN,72
USW00093765,2011-05-02,TMAX,244
USW00093765,2009-03-09,TMAX,222
USW00013754,2013-11-24,TMIN,-5
USC00314689,2011-09-12,TMAX,311
USC00314684,2012-12-07,TMAX,117
USC00314684,2012-12-07,TMIN,56
USW00093765,2005-08-05,TMIN,233
USR0000NCRN,2009-02-01,TMAX,228
USR0000NNWB,2007-03-29,TMIN,33
USC00314144,2008-12-12,TMAX,161
USW00093765,2009-03-09,TMIN,100
USR0000NCRN,2009-02-01,TMIN,17
USW00013754,2013-11-24,TMAX,100
USC00314144,2008-12-12,TMIN,0
USW00093765,2011-05-02,TMIN,128
USC00314684,2006-05-14,TMIN,100
USC00315830,2009-07-24,TMIN,222
USC00315830,2009-07-24,TMAX,300
USC00310576,2013-11-15,TMAX,150
USR0000NNWB,2008-11-12,TMIN,56
USR0000NNWB,2008-11-12,TMAX,178
USC00317170,2014-04-17,TMIN,22
USC00310576,2013-11-15,TMIN,-17
USC00314684,2006-05-14,TMAX,250
USC00310356,2007-10-19,TMAX,278
USC00316676,2012-01-04,TMAX,50
USC00317170,2014-03-03,TMIN,0
USC00317170,2014-03-03,TMAX,183
USC00315830,2009-08-04,TMAX,300
USC00315830,2009-08-04,TMIN,228
USW00093765,2005-08-05,TMAX,306
USC00314689,2011-09-12,TMIN,194
USC00316676,2012-01-04,TMIN,-78
USC00317170,2008-03-28,TMAX,283
USW00013754,2005-06-11,TMAX,278
USR0000NNWB,2010-09-17,TMAX,317
USC00317170,2014-07-14,TMIN,222
USW00093743,2013-07-15,TMAX,300
USW00093743,2013-07-15,TMIN,239
USW00093765,2007-03-24,TMAX,217
USC00317170,2014-07-14,TMAX,339
USR0000NHOF,2006-04-08,TMIN,89
USW00093719,2008-02-12,TMAX,200
USC00314684,2014-09-29,TMAX,267
USW00093719,2008-02-12,TMIN,-28
USR0000NHOF,2006-04-08,TMAX,272
USC00310576,2010-10-25,TMIN,78
USC00310576,2010-10-25,TMAX,267
USW00093719,2009-10-18,TMIN,78
USC00316096,2011-07-06,TMIN,244
USC00316096,2011-07-06,TMAX,300
USC00314689,2007-08-17,TMIN,250
USC00316676,2007-11-22,TMIN,83
USW00013754,2005-06-11,TMIN,183
USW00093743,2010-12-07,TMAX,22
USC00314684,2014-09-29,TMIN,139
USR0000NNWB,2010-09-17,TMIN,217
USC00316676,2007-11-22,TMAX,250
USC00314144,2009-01-20,TMIN,-50
USW00093743,2010-12-07,TMIN,-43
USC00314144,2009-01-20,TMAX,56
USC00314684,2010-03-26,TMIN,61
USC00314684,2010-03-26,TMAX,228
USC00310356,2013-07-15,TMIN,244
USC00310576,2007-12-17,TMIN,28
USC00310576,2009-11-22,TMAX,183
USR0000NCRN,2013-04-21,TMIN,61
USR0000NCRN,2013-04-21,TMAX,161
USC00310576,2009-11-22,TMIN,67
USW00093765,2014-03-03,TMIN,-5
USW00093765,2014-03-03,TMAX,178
USC00310356,2013-07-15,TMAX,317
USC00310576,2007-12-17,TMAX,217
USW00013754,2009-06-15,TMIN,194
USC00317170,2008-03-28,TMIN,150
USC00317170,2014-04-17,TMAX,178
USC00310356,2005-07-29,TMAX,367
USC00314689,2011-07-06,TMIN,239
USC00314689,2011-07-06,TMAX,344
USC00310356,2005-11-05,TMIN,94
USC00310576,2007-03-08,TMIN,33
USC00310576,2007-03-08,TMAX,200
USC00310576,2014-05-31,TMAX,233
USC00310356,2015-03-07,TMAX,28
USC00317170,2007-05-07,TMAX,194
USC00314684,2011-12-18,TMAX,100
USR0000NNWB,2010-06-06,TMAX,350
USR0000NNWB,2010-06-06,TMIN,250
USC00310356,2005-11-05,TMAX,211
USR0000NHOF,2013-04-21,TMIN,28
USR0000NHOF,2013-04-21,TMAX,267
USC00310576,2006-01-07,TMAX,72
USC00317170,2007-05-07,TMIN,89
USC00310576,2006-01-07,TMIN,-39
USW00093743,2009-08-24,TMAX,294
USW00093743,2009-08-24,TMIN,233
USC00314684,2011-05-21,TMIN,144
USC00314684,2011-05-21,TMAX,278
USC00314689,2005-04-06,TMIN,78
USW00093719,2010-06-24,TMIN,239
USR0000NNWB,2007-03-29,TMAX,156
USC00316676,2005-09-13,TMAX,278
USC00316676,2005-09-13,TMIN,217
USC00310356,2015-03-07,TMIN,-44
USW00093719,2005-01-18,TMAX,-17
USC00316676,2012-03-22,TMIN,139
USC00316676,2012-03-22,TMAX,256
USR0000NCRN,2011-03-10,TMIN,106
USW00013754,2011-03-28,TMAX,94
USC00310356,2005-07-29,TMIN,233
USR0000NCRN,2011-11-06,TMIN,94
USR0000NCRN,2011-11-06,TMAX,178
USW00093719,2005-01-18,TMIN,-78
USC00315830,2014-12-19,TMAX,161
USC00314689,2014-09-29,TMIN,161
USC00314689,2014-09-29,TMAX,261
USW00093719,2006-03-02,TMIN,89
USC00316676,2010-09-21,TMIN,150
USW00013754,2011-12-01,TMAX,133
USW00013754,2011-12-01,TMIN,6
USR0000NCRN,2013-07-15,TMAX,306
USC00316676,2010-09-21,TMAX,306
USC00316096,2010-07-01,TMAX,278
USW00093765,2010-03-21,TMIN,83
USR0000NCRN,2013-07-15,TMIN,222
USC00314684,2008-08-13,TMIN,139
USC00314684,2008-08-13,TMAX,306
USC00310356,2010-09-08,TMIN,233
USC00310356,2010-09-08,TMAX,306
USW00013754,2009-06-15,TMAX,278
USC00316096,2014-09-29,TMIN,172
USC00316096,2014-09-29,TMAX,244
USC00316096,2010-07-01,TMIN,189
USW00093719,2006-03-02,TMAX,267
USC00310356,2009-08-24,TMAX,300
USC00315830,2012-04-26,TMIN,133
USC00310356,2007-10-19,TMIN,233
USC00314684,2011-12-18,TMIN,-22
USW00093743,2013-04-21,TMIN,78
USW00093743,2013-04-21,TMAX,178
USC00310356,2013-04-21,TMIN,111
USC00310356,2013-04-21,TMAX,150
USC00316096,2009-06-25,TMIN,178
USR0000NHOF,2007-02-25,TMIN,11
USW00093765,2010-03-21,TMAX,211
USC00315830,2014-12-19,TMIN,17
USC00316096,2009-06-25,TMAX,311
USC00315830,2012-04-26,TMAX,233
USC00315830,2009-05-19,TMIN,100
USC00310576,2014-05-31,TMIN,122
USC00315830,2009-05-19,TMAX,178
USC00315830,2012-11-17,TMIN,61
USC00315830,2012-11-17,TMAX,144
USC00315830,2011-04-11,TMAX,228
USC00315830,2011-04-11,TMIN,111
USR0000NCRN,2015-03-15,TMAX,217
USW00093765,2015-08-03,TMAX,267
USW00013754,2013-12-22,TMAX,256
USC00310576,2006-10-10,TMAX,250
USC00316676,2009-12-20,TMAX,83
USW00013754,2014-04-17,TMIN,56
USC00310576,2006-10-10,TMIN,161
USC00317170,2013-01-07,TMIN,17
USC00316676,2015-09-23,TMAX,272
USW00093765,2013-11-24,TMAX,106
USC00316676,2015-09-23,TMIN,211
USW00013754,2011-01-19,TMIN,67
USW00013754,2011-01-19,TMAX,133
USW00093743,2007-06-16,TMIN,156
USW00093719,2007-09-14,TMIN,222
USR0000NCRN,2008-09-15,TMIN,239
USR0000NCRN,2008-09-15,TMAX,328
USW00093743,2007-06-16,TMAX,256
USC00317170,2013-01-07,TMAX,122
USW00093719,2010-05-07,TMAX,300
USW00013754,2013-12-22,TMIN,206
USC00316676,2009-12-20,TMIN,-11
USC00314144,2009-03-01,TMAX,67
USC00317170,2011-10-17,TMAX,294
USC00316676,2005-06-18,TMIN,161
USC00316096,2010-02-24,TMAX,111
USC00316096,2010-02-24,TMIN,44
USC00310356,2011-06-14,TMAX,289
USC00314144,2009-03-01,TMIN,39
USW00013754,2014-04-17,TMAX,183
USW00093765,2008-04-23,TMIN,161
USC00316096,2015-05-13,TMIN,156
USW00093765,2008-04-23,TMAX,239
USC00314689,2015-07-03,TMAX,322
USW00093719,2010-05-07,TMIN,178
USC00310356,2011-06-14,TMIN,222
USC00314689,2015-07-03,TMIN,206
USW00093765,2013-11-24,TMIN,-10
USC00316096,2015-05-13,TMAX,256
USC00317170,2015-02-22,TMAX,189
USW00093765,2008-05-01,TMAX,211
USC00315830,2013-04-21,TMIN,83
USC00310356,2007-06-16,TMAX,256
USC00314689,2012-08-26,TMIN,167
USR0000NNWB,2014-04-17,TMAX,183
USC00314689,2010-02-24,TMAX,133
USR0000NNWB,2014-04-17,TMIN,39
USC00314689,2010-02-24,TMIN,56
USW00093719,2012-08-10,TMAX,311
USC00310356,2007-06-16,TMIN,144
USW00093719,2012-08-10,TMIN,250
USC00310576,2012-04-26,TMIN,50
USC00316676,2005-01-12,TMIN,61
USC00316676,2005-01-12,TMAX,189
USC00310576,2009-10-11,TMAX,311
USC00310576,2009-10-11,TMIN,167
USR0000NNWB,2015-09-30,TMIN,233
USC00310576,2014-09-08,TMAX,294
USC00310576,2012-04-26,TMAX,211
USC00314144,2005-03-27,TMAX,189
USC00314689,2012-08-26,TMAX,300
USW00013754,2012-09-05,TMAX,317
USC00315830,2013-04-21,TMAX,161
USW00093719,2007-09-14,TMAX,294
USC00316676,2010-01-18,TMIN,111
USC00316676,2010-01-18,TMAX,244
USW00093765,2008-05-01,TMIN,94
USR0000NHOF,2011-08-08,TMAX,356
USR0000NNWB,2006-06-30,TMAX,317
USR0000NHOF,2005-07-29,TMAX,283
USR0000NNWB,2006-06-30,TMIN,194
USR0000NCRN,2008-04-09,TMIN,106
USC00314144,2005-03-27,TMIN,89
USR0000NHOF,2005-07-29,TMIN,206
USR0000NHOF,2010-12-07,TMIN,-89
USR0000NHOF,2010-12-07,TMAX,17
USR0000NHOF,2011-08-08,TMIN,222
USW00013754,2012-09-05,TMIN,211
USR0000NCRN,2008-04-09,TMAX,178
USR0000NCRN,2010-08-05,TMAX,311
USR0000NCRN,2010-08-05,TMIN,222
USC00316676,2013-12-28,TMIN,-6
USW00093719,2008-11-12,TMIN,56
USW00093719,2012-05-13,TMAX,256
USC00316676,2014-11-15,TMAX,83
USC00314684,2009-08-16,TMIN,206
USC00316676,2014-03-03,TMIN,56
USC00316096,2011-05-21,TMAX,289
USC00316676,2014-03-03,TMAX,228
USW00093719,2012-05-13,TMIN,128
USW00093719,2008-11-12,TMAX,178
USW00093719,2011-05-19,TMIN,122
USC00315830,2006-08-28,TMAX,306
USC00310576,2005-05-04,TMAX,206
USC00316676,2010-07-18,TMAX,328
USC00316676,2008-12-22,TMIN,-6
USW00093719,2007-01-03,TMIN,-11
USC00310576,2005-05-04,TMIN,89
USC00316676,2014-11-15,TMIN,11
USC00316676,2008-12-22,TMAX,189
USC00314689,2012-12-30,TMIN,17
USC00314689,2012-12-30,TMAX,106
USW00093765,2012-08-01,TMIN,239
USC00316676,2013-03-26,TMAX,106
USC00310356,2009-05-11,TMIN,194
USC00316676,2013-03-26,TMIN,11
USW00093765,2007-02-15,TMAX,44
USW00093765,2007-02-15,TMIN,-27
USW00093743,2011-08-08,TMAX,361
USC00316676,2010-07-18,TMIN,228
USC00315830,2011-08-04,TMAX,322
USC00310576,2015-11-27,TMAX,222
USC00310576,2015-11-27,TMIN,89
USW00093743,2011-08-08,TMIN,267
USC00314689,2013-07-14,TMAX,306
USC00314689,2013-07-14,TMIN,222
USC00314684,2009-08-16,TMAX,311
USC00316096,2011-05-21,TMIN,150
USW00093719,2010-04-23,TMIN,94
USW00093719,2007-01-03,TMAX,178
USW00093719,2014-12-06,TMAX,222
USR0000NCRN,2008-11-28,TMAX,183
USR0000NCRN,2010-07-07,TMAX,361
USW00093719,2014-12-06,TMIN,94
USR0000NCRN,2010-05-15,TMAX,267
USR0000NCRN,2010-05-15,TMIN,194
USC00317170,2015-08-03,TMIN,222
USW00093719,2007-09-11,TMAX,339
USC00317170,2015-08-03,TMAX,300
USW00093765,2012-08-01,TMAX,283
USC00315830,2011-08-04,TMIN,283
USC00315830,2011-08-30,TMAX,311
USC00315830,2011-08-30,TMIN,217
USR0000NNWB,2015-10-27,TMAX,206
USR0000NCRN,2010-07-07,TMIN,217
USR0000NNWB,2015-10-27,TMIN,144
USC00316676,2005-06-18,TMAX,278
USC00317170,2015-02-22,TMIN,100
USW00093719,2007-09-11,TMIN,233
USC00316676,2013-12-28,TMAX,128
USC00317170,2009-02-20,TMAX,83
USR0000NNWB,2012-09-05,TMAX,333
USC00317170,2009-02-20,TMIN,6
USR0000NHOF,2007-06-16,TMIN,106
USC00316096,2015-07-03,TMAX,306
USC00316096,2015-07-03,TMIN,211
USR0000NHOF,2007-06-16,TMAX,272
USR0000NCRN,2008-11-28,TMIN,33
USC00317170,2011-10-17,TMIN,139
USC00316096,2012-08-26,TMAX,306
USC00316676,2006-05-14,TMIN,111
USC00316676,2006-05-14,TMAX,250
USC00316096,2012-08-26,TMIN,200
USC00315830,2006-08-28,TMIN,228
USR0000NHOF,2007-08-11,TMIN,206
USR0000NHOF,2007-08-11,TMAX,300
USC00315830,2012-06-11,TMIN,233
USC00315830,2012-06-11,TMAX,278
USR0000NNWB,2012-09-05,TMIN,217
USC00310576,2014-09-08,TMIN,222
USC00314689,2007-08-17,TMAX,344
USR0000NNWB,2015-09-30,TMAX,306
USC00316676,2008-02-22,TMAX,67
USC00310576,2010-06-18,TMIN,211
USC00310576,2010-06-18,TMAX,344
USW00013754,2012-05-13,TMAX,250
USW00093743,2009-09-04,TMAX,283
USW00093765,2010-12-03,TMIN,0
USC00314684,2007-04-10,TMIN,-28
USC00314684,2014-12-20,TMAX,106
USC00316676,2013-10-02,TMAX,256
USC00310576,2014-08-13,TMIN,211
USC00310576,2008-05-08,TMAX,272
USC00310576,2014-08-13,TMAX,333
USW00093719,2010-09-30,TMAX,250
USW00093719,2014-04-17,TMAX,183
USR0000NHOF,2009-05-11,TMAX,217
USR0000NHOF,2009-05-11,TMIN,83
USW00093719,2014-04-17,TMIN,50
USC00310576,2008-05-08,TMIN,111
USW00093719,2010-09-30,TMIN,206
USC00316676,2013-10-02,TMIN,106
USW00013754,2012-05-13,TMIN,133
USC00314689,2014-04-29,TMAX,272
USC00314689,2008-06-25,TMIN,189
USC00314689,2015-05-13,TMAX,178
USC00314684,2014-12-20,TMIN,-6
USC00310576,2008-03-03,TMIN,22
USC00316676,2013-07-14,TMAX,294
USR0000NNWB,2007-04-06,TMIN,28
USR0000NNWB,2007-08-02,TMIN,189
USC00316676,2013-07-14,TMIN,222
USW00093743,2009-09-04,TMIN,183
USR0000NNWB,2007-04-06,TMAX,144
USW00093719,2014-06-26,TMAX,344
USC00310576,2008-03-03,TMAX,178
USW00093719,2014-06-26,TMIN,250
USR0000NNWB,2007-08-02,TMAX,322
USC00314684,2007-04-10,TMAX,133
USW00093765,2010-12-03,TMAX,94
USC00315830,2008-06-06,TMAX,300
USC00310356,2007-08-11,TMIN,233
USC00316676,2015-05-26,TMIN,150
USC00317170,2007-12-06,TMIN,22
USW00093765,2010-12-28,TMIN,-27
USC00314689,2011-01-30,TMAX,189
USR0000NNWB,2008-07-07,TMAX,294
USC00316676,2013-08-13,TMIN,222
USC00316676,2013-08-13,TMAX,322
USC00314689,2011-01-30,TMIN,11
USC00317170,2007-12-06,TMAX,100
USW00093765,2015-08-03,TMIN,217
USR0000NHOF,2010-09-08,TMAX,317
USC00310576,2007-09-07,TMAX,322
USW00013754,2012-03-08,TMIN,78
USC00310576,2007-09-07,TMIN,178
USC00316096,2010-11-06,TMIN,50
USR0000NCRN,2015-03-15,TMIN,128
USR0000NNWB,2008-07-07,TMIN,211
USC00316096,2010-11-06,TMAX,139
USC00314684,2006-09-26,TMAX,250
USC00310576,2007-06-05,TMIN,200
USC00317170,2015-10-29,TMAX,256
USC00316676,2015-05-26,TMAX,278
USC00314684,2006-09-26,TMIN,117
USR0000NCRN,2012-10-11,TMAX,206
USR0000NCRN,2012-10-11,TMIN,83
USC00310576,2013-09-19,TMAX,256
USC00314684,2012-01-10,TMAX,78
USW00093765,2007-05-07,TMAX,172
USC00310576,2013-09-19,TMIN,106
USW00093765,2007-05-07,TMIN,94
USC00317170,2015-10-29,TMIN,189
USR0000NHOF,2010-09-08,TMIN,178
USC00310356,2007-08-11,TMAX,300
USW00013754,2012-03-08,TMAX,233
USC00317170,2009-03-17,TMIN,83
USC00314144,2010-08-05,TMIN,222
USC00314144,2010-08-05,TMAX,333
USC00317170,2009-03-17,TMAX,117
USC00315830,2008-06-06,TMIN,244
USC00315830,2015-07-15,TMAX,294
USW00093719,2012-03-03,TMAX,211
USC00314144,2010-03-08,TMIN,-17
USW00093719,2006-03-31,TMAX,250
USC00314144,2010-03-08,TMAX,183
USW00093719,2006-03-31,TMIN,39
USC00314689,2010-03-26,TMIN,161
USC00315830,2009-07-15,TMAX,300
USC00314689,2010-03-26,TMAX,233
USR0000NHOF,2006-12-04,TMIN,-56
USC00315830,2009-07-15,TMIN,206
USR0000NHOF,2011-11-06,TMAX,189
USR0000NHOF,2006-01-07,TMAX,72
USR0000NHOF,2006-01-07,TMIN,-56
USC00316676,2014-09-29,TMIN,167
USC00314689,2006-12-29,TMAX,161
USC00314689,2006-12-29,TMIN,0
USC00314144,2005-02-26,TMIN,-50
USR0000NHOF,2011-11-06,TMIN,72
USC00316676,2014-09-29,TMAX,267
USR0000NCRN,2012-10-25,TMAX,261
USR0000NNWB,2012-05-13,TMAX,261
USW00093719,2011-03-21,TMIN,106
USW00093719,2011-03-21,TMAX,250
USW00093765,2005-07-10,TMAX,294
USW00093765,2007-07-31,TMIN,222
USW00093765,2005-07-10,TMIN,211
USC00315830,2005-04-13,TMIN,122
USW00093765,2007-07-31,TMAX,294
USC00310356,2006-01-07,TMIN,-28
USC00315830,2005-04-13,TMAX,167
USC00310576,2012-01-30,TMAX,133
USC00310576,2007-06-05,TMAX,322
USR0000NCRN,2012-10-25,TMIN,122
USR0000NNWB,2012-05-13,TMIN,133
USC00314689,2007-08-31,TMIN,183
USC00314689,2007-08-31,TMAX,328
USC00310356,2006-01-07,TMAX,133
USC00310576,2012-01-30,TMIN,0
USW00093743,2009-05-11,TMAX,233
USW00093743,2009-05-11,TMIN,122
USC00314144,2005-02-26,TMAX,122
USW00093765,2007-08-25,TMAX,306
USC00315830,2010-05-21,TMIN,144
USW00093765,2007-08-25,TMIN,250
USW00093719,2011-10-13,TMAX,278
USW00093719,2011-10-13,TMIN,189
USC00315830,2010-05-21,TMAX,250
USC00314689,2014-04-29,TMIN,133
USW00013754,2015-09-30,TMAX,300
USC00315830,2011-07-14,TMIN,233
USC00316676,2011-08-04,TMAX,372
USC00314689,2008-06-25,TMAX,350
USC00314684,2005-05-11,TMAX,272
USW00093719,2006-06-30,TMAX,322
USW00093719,2006-06-30,TMIN,194
USC00315830,2015-07-15,TMIN,256
USW00093719,2012-03-03,TMIN,133
USC00316676,2011-08-04,TMIN,233
USW00013754,2015-09-30,TMIN,217
USC00316676,2010-09-26,TMIN,178
USC00310356,2011-11-06,TMAX,161
USR0000NHOF,2006-12-04,TMAX,106
USW00093743,2011-06-14,TMAX,289
USC00314144,2008-09-01,TMAX,289
USC00314684,2005-05-11,TMIN,111
USC00314144,2008-09-01,TMIN,133
USR0000NNWB,2006-03-02,TMAX,261
USC00314689,2006-12-11,TMAX,167
USW00093743,2011-06-14,TMIN,200
USC00310576,2006-11-21,TMAX,117
USC00314689,2006-12-11,TMIN,0
USC00310576,2006-11-21,TMIN,22
USR0000NNWB,2006-03-02,TMIN,117
USC00316676,2010-09-26,TMAX,322
USW00013754,2012-03-17,TMAX,267
USW00013754,2012-03-17,TMIN,150
USC00315830,2011-07-14,TMAX,344
USC00310356,2011-11-06,TMIN,106
USC00316676,2008-02-22,TMIN,6
USC00314689,2008-11-12,TMIN,11
USW00093719,2009-10-18,TMAX,94
USC00310576,2011-12-09,TMIN,22
USC00317170,2010-01-18,TMAX,156
USR0000NCRN,2013-02-13,TMIN,83
USW00013754,2005-03-02,TMIN,-6
USC00315830,2015-09-30,TMIN,228
USR0000NNWB,2010-05-07,TMIN,194
USC00314144,2005-10-10,TMAX,283
USC00315830,2015-09-30,TMAX,294
USC00317170,2010-01-18,TMIN,111
USC00314144,2005-10-10,TMIN,200
USW00093719,2012-04-26,TMIN,139
USC00316676,2005-06-05,TMIN,206
USC00316676,2005-06-05,TMAX,278
USC00314684,2015-05-26,TMIN,133
USC00314684,2015-05-26,TMAX,294
USC00314144,2007-11-17,TMIN,-67
USC00314689,2006-09-01,TMAX,244
USW00093719,2012-04-26,TMAX,289
USC00314144,2007-11-17,TMAX,144
USR0000NCRN,2013-02-13,TMAX,128
USC00315830,2006-09-30,TMIN,106
USC00317170,2008-12-13,TMIN,22
USC00317170,2008-12-13,TMAX,94
USW00093719,2005-07-13,TMAX,317
USC00310576,2012-02-17,TMAX,161
USC00310576,2012-02-17,TMIN,28
USW00013754,2014-09-29,TMIN,183
USW00013754,2014-09-29,TMAX,250
USC00315830,2006-09-30,TMAX,244
USR0000NNWB,2008-06-15,TMAX,294
USC00310576,2013-03-27,TMAX,117
USC00316676,2006-08-22,TMAX,311
USC00310576,2013-03-27,TMIN,22
USW00093765,2014-12-06,TMAX,194
USC00310356,2010-09-15,TMAX,300
USW00013754,2005-03-02,TMAX,94
USW00093765,2014-12-06,TMIN,106
USR0000NNWB,2008-06-15,TMIN,217
USC00316676,2006-08-22,TMIN,228
USR0000NNWB,2010-05-07,TMAX,322
USR0000NHOF,2009-09-11,TMIN,150
USC00316676,2015-05-13,TMAX,311
USC00314684,2005-11-25,TMAX,194
USW00093719,2010-11-28,TMIN,-17
USC00316096,2012-12-07,TMIN,78
USC00314684,2006-03-31,TMAX,217
USC00314684,2006-03-31,TMIN,39
USR0000NHOF,2012-01-30,TMIN,-39
USR0000NNWB,2008-10-23,TMAX,183
USR0000NHOF,2010-12-16,TMIN,-78
USR0000NHOF,2012-01-30,TMAX,150
USC00314684,2007-02-15,TMAX,117
USC00314684,2007-02-15,TMIN,-44
USC00314684,2005-11-25,TMIN,11
USC00310356,2006-02-18,TMIN,-39
USR0000NHOF,2014-11-25,TMIN,150
USR0000NHOF,2014-11-25,TMAX,194
USW00093719,2010-11-28,TMAX,117
USC00317170,2014-04-29,TMIN,161
USC00315830,2014-06-10,TMAX,283
USC00315830,2014-06-10,TMIN,211
USR0000NHOF,2009-09-11,TMAX,256
USC00314684,2007-05-07,TMAX,189
USC00314684,2007-05-07,TMIN,67
USC00317170,2014-04-29,TMAX,278
USC00316096,2015-03-03,TMAX,150
USC00316096,2012-12-07,TMAX,183
USC00310356,2014-08-13,TMIN,250
USR0000NNWB,2008-10-23,TMIN,39
USC00316676,2008-07-25,TMIN,194
USR0000NHOF,2010-12-16,TMAX,139
USR0000NNWB,2006-05-14,TMIN,133
USR0000NNWB,2006-05-14,TMAX,261
USC00316676,2008-07-25,TMAX,294
USC00316096,2015-03-03,TMIN,28
USW00093765,2006-03-02,TMAX,178
USW00093765,2006-03-02,TMIN,117
USC00310356,2014-08-13,TMAX,289
USC00316676,2015-05-13,TMIN,200
USR0000NNWB,2014-05-14,TMIN,194
USC00316676,2008-08-05,TMIN,217
USC00316676,2013-04-20,TMAX,267
USR0000NNWB,2012-04-26,TMAX,289
USR0000NNWB,2012-04-26,TMIN,156
USC00314684,2013-10-02,TMAX,267
USW00093719,2010-09-25,TMAX,322
USC00315830,2007-12-07,TMIN,17
USR0000NNWB,2009-07-15,TMAX,317
USC00316676,2013-04-20,TMIN,122
USR0000NNWB,2009-07-15,TMIN,194
USW00093719,2015-02-22,TMIN,122
USW00093719,2015-02-22,TMAX,189
USW00093719,2012-03-17,TMAX,267
USW00093719,2012-03-17,TMIN,144
USW00093765,2006-02-01,TMIN,17
USC00315830,2010-07-15,TMAX,283
USC00315830,2010-07-15,TMIN,228
USC00315830,2007-12-07,TMAX,139
USR0000NNWB,2009-10-18,TMIN,72
USW00093719,2006-05-14,TMAX,261
USC00314684,2009-06-25,TMIN,183
USW00093743,2008-05-08,TMAX,250
USC00315830,2005-05-04,TMAX,206
USC00315830,2005-05-04,TMIN,100
USR0000NCRN,2014-11-16,TMAX,144
USR0000NCRN,2014-11-16,TMIN,11
USW00093719,2006-11-08,TMAX,228
USW00093719,2006-11-08,TMIN,133
USC00314684,2009-06-25,TMAX,322
USR0000NCRN,2011-09-28,TMAX,294
USW00093743,2010-09-15,TMIN,189
USW00093743,2010-09-15,TMAX,294
USC00310356,2008-05-08,TMIN,189
USC00314684,2013-10-02,TMIN,94
USC00310356,2008-05-08,TMAX,233
USW00093719,2006-05-14,TMIN,117
USW00093719,2010-09-25,TMIN,183
USW00093765,2011-03-01,TMIN,33
USR0000NNWB,2014-05-14,TMAX,317
USR0000NCRN,2008-09-01,TMAX,306
USW00093765,2006-02-01,TMAX,106
USR0000NCRN,2008-12-10,TMIN,61
USW00093765,2005-05-11,TMIN,117
USR0000NHOF,2006-02-18,TMAX,100
USR0000NNWB,2010-08-20,TMAX,322
USW00093765,2005-05-11,TMAX,239
USC00315830,2013-07-15,TMAX,311
USC00315830,2013-07-15,TMIN,239
USR0000NNWB,2011-06-30,TMIN,217
USR0000NNWB,2010-08-20,TMIN,222
USR0000NCRN,2008-12-10,TMAX,278
USC00314684,2007-05-12,TMIN,89
USC00314684,2007-05-12,TMAX,300
USW00093719,2010-04-25,TMAX,267
USR0000NCRN,2007-01-26,TMIN,44
USC00316676,2008-08-05,TMAX,344
USC00310356,2010-09-15,TMIN,217
USW00093719,2010-04-25,TMIN,161
USR0000NCRN,2008-09-01,TMIN,167
USR0000NNWB,2011-06-30,TMAX,333
USW00093719,2015-10-27,TMIN,139
USR0000NNWB,2009-10-18,TMAX,94
USW00093719,2015-10-27,TMAX,211
USC00314684,2011-07-06,TMIN,217
USR0000NCRN,2011-09-28,TMIN,217
USC00314144,2005-03-21,TMIN,50
USC00317170,2014-06-06,TMAX,278
USR0000NNWB,2014-09-29,TMIN,167
USC00314684,2011-07-06,TMAX,356
USW00093719,2005-07-13,TMIN,217
USW00013754,2012-02-10,TMAX,128
USW00013754,2012-02-10,TMIN,-16
USC00317170,2014-06-06,TMIN,200
USC00310356,2010-07-04,TMIN,194
USC00310356,2010-07-04,TMAX,300
USC00314144,2005-03-21,TMAX,200
USR0000NHOF,2006-02-18,TMIN,6
USR0000NNWB,2014-09-29,TMAX,244
USC00314684,2006-01-16,TMIN,-11
USW00093719,2013-08-13,TMIN,239
USW00093719,2013-08-13,TMAX,328
USR0000NHOF,2011-12-22,TMAX,244
USW00093765,2012-04-26,TMIN,167
USC00310576,2015-02-15,TMAX,117
USC00310576,2015-02-15,TMIN,-39
USC00317170,2015-05-26,TMIN,150
USC00317170,2013-10-02,TMIN,139
USC00317170,2015-05-26,TMAX,311
USW00093765,2012-04-26,TMAX,244
USC00317170,2013-10-02,TMAX,300
USW00013754,2015-08-03,TMIN,211
USW00013754,2015-08-03,TMAX,261
USR0000NNWB,2014-09-08,TMAX,261
USC00310576,2006-10-18,TMAX,250
USW00013754,2015-10-17,TMAX,222
USW00013754,2015-10-17,TMIN,117
USR0000NCRN,2012-12-12,TMIN,100
USC00310576,2006-10-18,TMIN,44
USR0000NCRN,2012-12-12,TMAX,117
USR0000NHOF,2011-12-22,TMIN,161
USC00317170,2007-12-08,TMAX,222
USR0000NNWB,2015-02-22,TMAX,183
USC00310576,2011-07-17,TMAX,289
USC00315830,2014-03-03,TMIN,44
USC00315830,2014-03-03,TMAX,178
USW00093765,2014-04-29,TMIN,211
USW00093719,2009-07-15,TMAX,300
USC00310576,2010-05-21,TMIN,122
USC00315830,2015-07-29,TMIN,228
USW00093719,2009-07-15,TMIN,178
USW00093765,2014-04-29,TMAX,272
USC00315830,2008-11-29,TMIN,83
USW00013754,2007-04-06,TMAX,139
USC00317170,2007-12-08,TMIN,50
USC00314144,2007-06-16,TMIN,106
USC00315830,2008-11-29,TMAX,139
USC00314144,2007-06-16,TMAX,272
USC00310576,2010-05-21,TMAX,278
USC00310576,2005-04-13,TMAX,128
USR0000NNWB,2014-09-08,TMIN,222
USW00013754,2013-07-15,TMIN,228
USC00316676,2010-03-07,TMAX,133
USW00093719,2011-03-06,TMIN,83
USC00315830,2009-03-22,TMIN,33
USR0000NCRN,2005-11-05,TMAX,256
USC00315830,2009-03-22,TMAX,156
USC00316676,2010-06-25,TMIN,244
USW00093743,2011-12-22,TMIN,133
USR0000NCRN,2005-11-05,TMIN,111
USW00093743,2011-12-22,TMAX,206
USW00093719,2012-03-08,TMAX,239
USW00093719,2012-03-08,TMIN,78
USC00310576,2008-10-25,TMAX,206
USW00013754,2014-01-16,TMIN,-10
USW00093765,2015-05-26,TMIN,217
USC00314689,2013-04-20,TMIN,117
USW00093765,2015-05-26,TMAX,267
USW00093719,2011-03-06,TMAX,217
USW00013754,2013-07-15,TMAX,311
USC00316676,2010-03-07,TMIN,-22
USC00316676,2010-08-04,TMIN,217
USW00093765,2011-12-01,TMAX,128
USW00093765,2011-12-01,TMIN,17
USW00013754,2013-08-13,TMIN,228
USR0000NCRN,2011-02-02,TMAX,172
USC00317170,2011-10-13,TMAX,283
USW00093743,2008-04-09,TMAX,194
USW00093743,2008-04-09,TMIN,106
USC00316676,2010-08-04,TMAX,311
USC00317170,2011-10-13,TMIN,194
USR0000NNWB,2011-08-30,TMAX,306
USR0000NNWB,2011-08-30,TMIN,200
USW00093719,2011-06-30,TMIN,211
USR0000NNWB,2012-02-10,TMAX,122
USR0000NNWB,2012-02-10,TMIN,-17
USW00013754,2014-01-16,TMAX,89
USW00013754,2013-08-13,TMAX,322
USW00093719,2011-06-30,TMAX,317
USC00310576,2005-04-13,TMIN,78
USR0000NNWB,2015-02-22,TMIN,128
USW00093765,2008-03-28,TMAX,217
USC00316096,2009-10-30,TMIN,133
USW00013754,2012-06-03,TMIN,128
USC00315830,2013-09-19,TMIN,150
USR0000NNWB,2015-08-03,TMIN,233
USR0000NNWB,2015-08-03,TMAX,289
USR0000NCRN,2011-02-02,TMIN,133
USC00310356,2014-11-25,TMIN,156
USC00314144,2005-09-14,TMIN,211
USW00013754,2009-10-18,TMIN,78
USC00317170,2010-03-26,TMIN,78
USC00316096,2009-10-30,TMAX,217
USC00310356,2012-01-30,TMIN,56
USC00310576,2010-09-13,TMAX,278
USC00310576,2010-09-13,TMIN,189
USC00310356,2012-01-30,TMAX,144
USC00317170,2010-03-26,TMAX,222
USW00013754,2009-10-18,TMAX,94
USC00315830,2012-10-11,TMAX,222
USW00013754,2012-06-03,TMAX,272
USC00317170,2009-03-09,TMIN,139
USC00310356,2006-02-18,TMAX,183
USC00314684,2006-01-16,TMAX,94
USC00317170,2015-01-26,TMIN,6
USC00317170,2015-01-26,TMAX,122
USW00093719,2009-11-12,TMIN,122
USC00315830,2006-01-07,TMAX,139
USC00315830,2006-01-07,TMIN,-17
USC00314144,2005-09-14,TMAX,278
USC00317170,2012-08-10,TMAX,311
USR0000NCRN,2006-04-08,TMAX,244
USC00317170,2009-03-09,TMAX,294
USW00093719,2009-11-12,TMAX,161
USW00093743,2012-01-30,TMIN,0
USW00093743,2012-01-30,TMAX,150
USC00317170,2012-08-10,TMIN,244
USC00315830,2013-09-19,TMAX,256
USR0000NCRN,2006-04-08,TMIN,106
USC00315830,2012-10-11,TMIN,122
USC00310356,2014-11-25,TMAX,183
USR0000NCRN,2015-03-30,TMAX,178
USC00314684,2007-08-31,TMIN,167
USC00315830,2010-07-28,TMIN,233
USR0000NCRN,2009-03-01,TMAX,89
USR0000NCRN,2009-03-01,TMIN,56
USC00314684,2006-08-07,TMIN,211
USC00314684,2006-08-07,TMAX,317
USC00314684,2007-08-31,TMAX,317
USC00314144,2007-11-02,TMAX,178
USW00093743,2007-07-01,TMAX,300
USW00093743,2007-07-01,TMIN,206
USW00093765,2008-03-28,TMIN,161
USC00310576,2011-07-17,TMIN,156
USC00316676,2012-10-24,TMIN,72
USC00310356,2008-04-09,TMAX,150
USC00316676,2012-10-24,TMAX,256
USC00310356,2008-04-09,TMIN,94
USC00315830,2015-07-29,TMAX,300
USC00314144,2007-11-02,TMIN,117
USC00315830,2010-07-28,TMAX,306
USW00013754,2009-04-19,TMIN,94
USW00013754,2009-04-19,TMAX,233
USW00013754,2007-04-06,TMIN,50
USC00314684,2009-03-17,TMAX,111
USC00314684,2009-03-17,TMIN,83
USR0000NCRN,2015-03-30,TMIN,39
USW00093765,2010-01-18,TMIN,56
USC00310576,2015-07-15,TMIN,217
USW00013754,2014-09-08,TMAX,272
USW00093765,2010-01-18,TMAX,156
USW00013754,2014-09-08,TMIN,222
USW00013754,2011-08-30,TMAX,294
USC00310576,2010-04-15,TMIN,33
USC00310576,2010-04-15,TMAX,183
USC00310576,2015-07-15,TMAX,306
USW00093719,2013-01-07,TMIN,6
USW00013754,2011-08-30,TMIN,211
USW00093719,2013-01-07,TMAX,122
USW00093743,2008-05-08,TMIN,200
USC00314689,2006-09-26,TMIN,128
USW00093765,2011-03-01,TMAX,161
USC00315830,2011-08-17,TMAX,311
USC00317170,2010-03-21,TMAX,233
USC00314144,2009-01-25,TMIN,6
USR0000NHOF,2011-05-06,TMAX,233
USR0000NHOF,2011-05-06,TMIN,33
USC00310356,2007-07-01,TMAX,294
USC00317170,2010-03-21,TMIN,83
USC00315830,2007-10-13,TMAX,233
USC00314144,2009-01-25,TMAX,44
USW00013754,2008-06-15,TMAX,278
USW00013754,2008-06-15,TMIN,200
USC00314689,2005-11-28,TMIN,156
USC00314684,2013-08-13,TMIN,228
USC00314684,2013-08-13,TMAX,344
USW00013754,2012-07-11,TMIN,222
USW00013754,2008-11-12,TMIN,39
USW00013754,2008-11-12,TMAX,172
USC00314144,2007-07-30,TMAX,294
USC00314144,2007-07-30,TMIN,211
USC00316676,2007-11-28,TMIN,11
USC00316676,2007-11-28,TMAX,222
USC00315830,2007-10-13,TMIN,106
USW00093719,2015-08-03,TMIN,222
USC00317170,2014-09-29,TMIN,161
USC00317170,2014-09-29,TMAX,244
USW00093719,2015-08-03,TMAX,283
USC00315830,2009-08-21,TMIN,256
USW00013754,2010-08-20,TMAX,317
USC00310356,2010-12-07,TMAX,50
USW00013754,2010-08-20,TMIN,217
USC00310356,2012-12-12,TMIN,111
USC00310356,2012-12-12,TMAX,200
USC00317170,2007-07-05,TMIN,183
USC00310576,2012-10-11,TMAX,217
USC00310576,2012-10-11,TMIN,100
USC00310356,2015-02-15,TMIN,-67
USC00310356,2010-12-07,TMIN,-39
USC00310356,2015-02-15,TMAX,106
USC00315830,2009-08-21,TMAX,311
USC00310356,2007-07-01,TMIN,228
USR0000NHOF,2010-07-04,TMIN,111
USC00310576,2015-12-19,TMIN,22
USC00315830,2005-02-03,TMAX,100
USW00093765,2014-09-29,TMIN,189
USW00093765,2014-09-29,TMAX,250
USW00093743,2013-03-27,TMIN,22
USR0000NNWB,2010-12-26,TMIN,-17
USR0000NNWB,2010-12-26,TMAX,33
USC00315830,2005-02-03,TMIN,11
USW00093719,2014-03-03,TMIN,-21
USC00310576,2015-12-19,TMAX,194
USW00093719,2014-03-03,TMAX,200
USC00310576,2007-03-04,TMIN,72
USC00317170,2011-06-09,TMAX,361
USR0000NHOF,2013-03-27,TMAX,128
USR0000NHOF,2013-03-27,TMIN,-22
USC00314684,2014-04-17,TMAX,128
USC00314684,2010-11-18,TMIN,0
USW00013754,2012-07-11,TMAX,294
USR0000NHOF,2007-01-26,TMAX,89
USW00093743,2013-03-27,TMAX,133
USC00314689,2005-11-28,TMAX,233
USR0000NHOF,2010-07-04,TMAX,306
USC00314684,2010-11-18,TMAX,183
USC00310356,2010-05-15,TMAX,250
USC00310356,2010-05-15,TMIN,206
USC00310576,2007-03-04,TMAX,206
USC00310356,2013-03-27,TMAX,94
USR0000NHOF,2007-01-26,TMIN,-67
USC00310576,2014-07-03,TMIN,233
USR0000NHOF,2015-02-15,TMIN,-94
USC00310576,2014-07-03,TMAX,333
USC00310356,2013-03-27,TMIN,28
USC00315830,2008-02-26,TMAX,167
USC00315830,2008-02-26,TMIN,56
USR0000NCRN,2007-06-16,TMIN,139
USR0000NCRN,2007-06-16,TMAX,256
USR0000NHOF,2015-02-15,TMAX,11
USC00316096,2013-08-13,TMAX,317
USC00316096,2013-08-13,TMIN,228
USC00316676,2010-02-24,TMIN,67
USW00093765,2007-03-24,TMIN,139
USC00315830,2014-09-08,TMAX,300
USC00315830,2014-09-08,TMIN,217
USC00314684,2015-01-26,TMIN,-11
USC00314684,2006-06-30,TMAX,317
USC00310576,2006-02-15,TMAX,189
USC00314684,2006-06-30,TMIN,194
USC00314684,2005-02-12,TMAX,83
USC00315830,2014-08-03,TMAX,239
USR0000NNWB,2006-11-08,TMAX,222
USR0000NNWB,2006-11-08,TMIN,133
USC00315830,2014-08-03,TMIN,217
USC00314684,2015-01-26,TMAX,122
USC00315830,2005-09-25,TMIN,211
USC00315830,2005-09-25,TMAX,317
USR0000NNWB,2012-03-08,TMAX,228
USC00310576,2006-02-15,TMIN,6
USR0000NNWB,2012-03-08,TMIN,89
USC00314684,2005-02-12,TMIN,-33
USC00315830,2014-02-14,TMIN,22
USC00315830,2007-05-21,TMAX,272
USR0000NNWB,2008-09-26,TMAX,294
USR0000NNWB,2008-09-26,TMIN,211
USC00316676,2015-04-27,TMIN,89
USC00310576,2011-12-09,TMAX,128
USC00316676,2015-04-27,TMAX,128
USR0000NNWB,2012-07-11,TMIN,222
USW00093765,2014-06-26,TMIN,261
USR0000NNWB,2012-07-11,TMAX,300
USR0000NHOF,2012-12-12,TMAX,100
USC00316676,2015-07-03,TMAX,317
USC00316676,2015-07-03,TMIN,211
USC00314689,2010-01-18,TMIN,94
USC00314689,2010-01-18,TMAX,228
USC00315830,2014-02-14,TMAX,111
USW00093765,2014-06-26,TMAX,311
USR0000NHOF,2012-12-12,TMIN,50
USC00314144,2011-02-21,TMAX,244
USC00315830,2005-12-13,TMIN,39
USC00315830,2005-12-13,TMAX,111
USR0000NNWB,2007-01-03,TMIN,0
USW00093743,2012-12-12,TMAX,117
USR0000NNWB,2007-01-03,TMAX,194
USW00013754,2011-01-28,TMIN,-32
USC00316676,2009-08-30,TMAX,306
USC00316676,2009-08-30,TMIN,222
USC00316676,2009-01-10,TMAX,100
USW00093743,2012-12-12,TMIN,72
USC00316676,2009-01-10,TMIN,-17
USC00316096,2011-08-09,TMAX,344
USW00013754,2011-01-28,TMAX,139
USC00314689,2008-07-16,TMIN,183
USC00314689,2008-07-16,TMAX,317
USC00317170,2008-04-20,TMAX,239
USC00317170,2008-04-20,TMIN,167
USC00316676,2010-02-24,TMAX,133
USC00316096,2011-08-09,TMIN,228
USC00317170,2007-07-05,TMAX,311
USC00316096,2010-01-18,TMAX,144
USR0000NCRN,2005-03-27,TMIN,111
USC00310356,2006-04-08,TMIN,111
USC00314684,2010-05-04,TMAX,311
USC00314684,2010-05-04,TMIN,206
USC00314684,2014-04-29,TMIN,133
USC00314684,2014-04-29,TMAX,267
USC00310356,2006-04-08,TMAX,222
USW00093765,2009-02-20,TMIN,-5
USC00315830,2006-04-28,TMAX,239
USW00093765,2009-02-20,TMAX,72
USC00315830,2006-04-28,TMIN,94
USC00314689,2013-08-13,TMIN,228
USC00314689,2013-08-13,TMAX,344
USC00316676,2010-01-05,TMAX,39
USC00314144,2011-02-21,TMIN,89
USR0000NCRN,2005-03-27,TMAX,189
USC00316676,2010-01-05,TMIN,-67
USC00316096,2010-01-18,TMIN,22
USC00314684,2014-04-17,TMIN,22
USC00315830,2007-05-21,TMIN,183
USC00314689,2010-07-01,TMAX,272
USC00316676,2012-12-30,TMAX,111
USW00013754,2014-03-03,TMIN,-16
USW00013754,2014-03-03,TMAX,206
USC00310356,2015-12-11,TMIN,117
USC00314689,2007-04-12,TMAX,250
USC00314144,2009-02-16,TMAX,83
USC00316096,2013-10-02,TMIN,117
USC00316096,2011-09-12,TMIN,194
USC00316096,2014-04-17,TMIN,44
USC00316096,2013-10-02,TMAX,283
USC00314684,2005-05-20,TMIN,139
USC00317170,2008-04-13,TMAX,239
USC00317170,2008-04-13,TMIN,144
USC00315830,2009-10-11,TMIN,189
USC00310576,2006-11-14,TMIN,83
USC00314684,2006-03-07,TMAX,111
USW00093765,2015-10-29,TMIN,200
USC00315830,2009-10-11,TMAX,289
USW00013754,2009-07-15,TMAX,300
USC00316096,2014-04-17,TMAX,172
USC00314684,2005-05-20,TMAX,250
USW00013754,2014-05-14,TMAX,300
USW00093765,2014-07-14,TMAX,300
USW00013754,2014-05-14,TMIN,183
USC00317170,2014-06-26,TMAX,339
USC00310576,2007-03-12,TMAX,194
USC00314689,2007-04-12,TMIN,156
USC00310356,2010-12-16,TMIN,-50
USC00314144,2009-02-16,TMIN,-56
USR0000NNWB,2014-03-03,TMIN,-33
USR0000NHOF,2010-05-15,TMIN,194
USR0000NNWB,2014-03-03,TMAX,172
USC00310356,2015-12-11,TMAX,206
USC00315830,2012-05-13,TMIN,194
USC00315830,2012-05-13,TMAX,244
USC00314689,2009-10-30,TMAX,256
USC00310356,2005-02-10,TMAX,128
USC00317170,2014-06-26,TMIN,239
USC00310356,2010-12-16,TMAX,56
USW00093765,2015-10-29,TMAX,233
USC00310576,2010-06-16,TMAX,367
USC00310576,2011-01-07,TMAX,78
USW00093765,2013-08-13,TMIN,244
USC00315830,2011-07-26,TMIN,244
USW00093765,2013-08-13,TMAX,300
USR0000NHOF,2015-12-11,TMAX,239
USR0000NHOF,2015-12-11,TMIN,67
USW00013754,2012-04-26,TMAX,267
USC00310576,2011-01-07,TMIN,-6
USW00013754,2012-04-26,TMIN,144
USC00314689,2014-04-17,TMAX,167
USC00317170,2007-11-12,TMAX,189
USW00013754,2007-01-03,TMAX,189
USC00317170,2007-11-12,TMIN,17
USC00314689,2014-04-17,TMIN,28
USC00314689,2006-09-26,TMAX,311
USC00315830,2011-08-17,TMIN,211
USW00013754,2007-01-03,TMIN,11
USW00013754,2009-07-15,TMIN,189
USW00093765,2011-10-13,TMIN,211
USC00310576,2012-06-11,TMAX,311
USW00013754,2011-06-30,TMAX,328
USW00093719,2014-09-29,TMIN,167
USW00093743,2010-07-04,TMIN,150
USW00093719,2014-09-29,TMAX,256
USW00013754,2011-06-30,TMIN,217
USC00310576,2006-11-14,TMAX,228
USC00316096,2011-09-12,TMAX,294
USW00093765,2011-10-13,TMAX,261
USW00093743,2010-07-04,TMAX,294
USR0000NHOF,2008-05-08,TMAX,250
USC00310576,2010-06-16,TMIN,233
USC00315830,2013-02-24,TMIN,39
USC00310356,2005-02-10,TMIN,22
USC00315830,2013-02-24,TMAX,156
USC00315830,2011-07-26,TMAX,317
USC00310576,2012-06-11,TMIN,161
USR0000NHOF,2008-05-08,TMIN,183
USR0000NCRN,2007-01-16,TMIN,78
USR0000NCRN,2007-01-16,TMAX,167
USC00317170,2013-08-13,TMAX,328
USC00315830,2009-04-07,TMIN,67
USW00093765,2012-08-10,TMIN,250
USC00315830,2011-12-29,TMIN,-6
USR0000NHOF,2010-09-15,TMIN,156
USC00314689,2008-03-18,TMAX,172
USC00314689,2008-03-18,TMIN,11
USC00314689,2006-01-16,TMIN,11
USW00093743,2013-12-17,TMIN,39
USW00093719,2013-10-30,TMAX,256
USC00314689,2006-01-16,TMAX,150
USW00093719,2008-10-02,TMIN,100
USW00093719,2008-10-02,TMAX,222
USR0000NHOF,2010-09-15,TMAX,306
USW00013754,2007-03-21,TMIN,94
USW00013754,2007-03-21,TMAX,183
USW00093743,2010-05-15,TMAX,267
USW00093719,2013-10-30,TMIN,94
USW00093743,2010-05-15,TMIN,200
USW00093765,2012-08-10,TMAX,306
USW00093765,2006-05-14,TMAX,228
USC00316676,2011-01-14,TMAX,61
USC00316676,2008-05-29,TMAX,222
USC00316676,2008-05-29,TMIN,133
USC00316676,2012-12-30,TMIN,33
USC00315830,2006-03-16,TMIN,56
USC00315830,2012-09-05,TMIN,217
USC00315830,2012-09-05,TMAX,306
USC00315830,2009-04-07,TMAX,206
USC00315830,2006-03-16,TMAX,172
USR0000NCRN,2012-01-12,TMIN,100
USC00310576,2008-02-02,TMAX,222
USC00310576,2008-02-02,TMIN,28
USW00093743,2013-12-17,TMAX,144
USC00315830,2011-12-29,TMAX,144
USW00093765,2006-05-14,TMIN,167
USR0000NCRN,2012-01-12,TMAX,167
USC00316676,2011-01-14,TMIN,-72
USC00314689,2006-06-30,TMAX,322
USC00314689,2006-06-30,TMIN,206
USC00314689,2015-05-26,TMAX,233
USW00093719,2005-11-01,TMIN,56
USW00093765,2014-07-14,TMIN,261
USC00314689,2013-10-02,TMAX,294
USW00013754,2005-10-15,TMIN,150
USW00013754,2005-10-15,TMAX,250
USR0000NHOF,2010-05-15,TMAX,311
USR0000NNWB,2009-06-15,TMAX,300
USC00316676,2006-08-20,TMIN,222
USR0000NNWB,2009-06-15,TMIN,206
USW00093719,2010-06-06,TMIN,239
USW00013754,2012-02-13,TMAX,100
USC00316096,2015-05-26,TMIN,167
USC00310576,2007-03-12,TMIN,39
USC00316096,2015-05-26,TMAX,278
USC00314689,2009-10-30,TMIN,139
USC00317170,2013-08-13,TMIN,222
USW00093719,2010-06-06,TMAX,344
USC00310576,2012-07-06,TMIN,244
USC00314689,2013-10-02,TMIN,150
USC00315830,2005-02-22,TMIN,83
USC00314144,2006-03-14,TMAX,283
USC00315830,2011-10-28,TMAX,244
USC00314684,2010-01-18,TMIN,78
USC00314684,2010-01-18,TMAX,222
USC00315830,2011-10-28,TMIN,83
USC00314144,2006-03-14,TMIN,128
USC00310576,2012-07-06,TMAX,361
USC00314689,2006-08-07,TMIN,217
USC00314689,2006-08-07,TMAX,339
USC00317170,2011-06-09,TMIN,228
USC00316676,2006-08-20,TMAX,317
USW00093719,2011-12-01,TMAX,122
USW00093719,2011-12-01,TMIN,0
USC00314684,2006-03-07,TMIN,17
USW00013754,2012-02-13,TMIN,-49
USC00315830,2005-02-22,TMAX,139
USW00093719,2005-11-01,TMAX,233
USC00314689,2010-07-01,TMIN,211
USW00093743,2012-01-12,TMIN,94
USR0000NCRN,2013-01-17,TMIN,56
USC00310356,2013-07-13,TMIN,211
USW00093765,2006-08-08,TMIN,239
USR0000NCRN,2014-08-02,TMAX,244
USW00093765,2006-08-08,TMAX,311
USC00315830,2014-01-15,TMAX,178
USC00310576,2009-06-26,TMIN,206
USR0000NCRN,2014-08-02,TMIN,217
USR0000NHOF,2012-03-11,TMIN,-28
USC00316676,2008-06-06,TMIN,228
USC00310576,2009-06-26,TMAX,328
USC00310356,2011-06-17,TMIN,244
USC00315830,2014-01-15,TMIN,22
USC00316676,2006-03-01,TMAX,211
USC00314689,2012-01-30,TMIN,6
USR0000NHOF,2012-03-11,TMAX,183
USR0000NNWB,2015-12-10,TMIN,89
USR0000NNWB,2007-01-27,TMIN,28
USC00316676,2008-06-06,TMAX,361
USR0000NNWB,2007-01-27,TMAX,178
USC00315830,2013-12-16,TMIN,11
USR0000NCRN,2008-07-11,TMAX,278
USW00093719,2011-02-27,TMAX,272
USC00314684,2007-03-21,TMIN,100
USC00317170,2011-06-29,TMAX,278
USC00314144,2008-05-09,TMIN,161
USC00314144,2008-05-09,TMAX,294
USC00317170,2011-06-29,TMIN,122
USW00093719,2014-10-02,TMIN,161
USC00315830,2013-12-16,TMAX,183
USW00093719,2014-10-02,TMAX,278
USC00317170,2008-10-22,TMIN,67
USC00316676,2011-04-21,TMIN,167
USC00315830,2012-10-09,TMAX,217
USC00315830,2012-10-09,TMIN,133
USW00093765,2013-10-04,TMIN,161
USW00093765,2013-10-04,TMAX,272
USR0000NNWB,2015-12-10,TMAX,217
USC00316676,2011-04-21,TMAX,317
USC00314684,2012-07-27,TMAX,356
USC00310356,2011-06-17,TMAX,289
USW00013754,2012-11-10,TMAX,206
USR0000NCRN,2010-08-23,TMIN,233
USR0000NCRN,2010-08-23,TMAX,294
USC00314684,2009-11-21,TMAX,150
USC00314684,2009-11-21,TMIN,67
USR0000NNWB,2010-10-25,TMIN,144
USC00310356,2007-10-25,TMAX,272
USR0000NNWB,2010-10-25,TMAX,239
USC00316096,2010-11-26,TMIN,144
USW00093743,2011-08-03,TMIN,256
USC00310356,2007-06-03,TMAX,250
USC00310356,2007-10-25,TMIN,217
USC00310356,2007-06-03,TMIN,206
USC00314684,2010-04-25,TMIN,139
USW00013754,2011-11-30,TMAX,133
USC00316676,2014-08-13,TMAX,311
USW00013754,2011-11-30,TMIN,28
USW00093743,2011-08-03,TMAX,333
USC00314689,2012-01-30,TMAX,150
USC00316676,2014-08-13,TMIN,217
USR0000NNWB,2014-10-02,TMAX,278
USW00093719,2015-03-07,TMIN,-55
USC00316676,2006-03-01,TMIN,78
USW00013754,2012-11-10,TMIN,17
USW00093743,2011-03-16,TMAX,194
USW00093743,2011-03-16,TMIN,83
USW00093719,2015-03-07,TMAX,144
USC00310576,2013-02-25,TMIN,39
USC00310576,2010-09-21,TMIN,144
USC00310576,2013-02-25,TMAX,167
USC00314684,2007-03-21,TMAX,250
USR0000NCRN,2008-10-29,TMAX,167
USR0000NCRN,2008-10-29,TMIN,17
USR0000NHOF,2013-01-08,TMAX,178
USC00310576,2010-09-21,TMAX,317
USC00316096,2010-11-26,TMAX,222
USR0000NNWB,2014-10-02,TMIN,156
USR0000NHOF,2013-01-08,TMIN,-11
USC00314684,2010-04-25,TMAX,244
USR0000NNWB,2012-01-25,TMIN,28
USC00310576,2011-12-29,TMIN,-6
USC00310356,2009-02-23,TMIN,-17
USC00316096,2012-12-12,TMAX,117
USC00315830,2010-02-23,TMAX,150
USC00315830,2010-02-23,TMIN,39
USW00093719,2007-09-22,TMIN,217
USW00093719,2014-04-30,TMAX,272
USR0000NHOF,2008-12-10,TMIN,167
USW00093719,2014-04-30,TMIN,206
USR0000NNWB,2009-01-14,TMIN,-11
USC00315830,2015-12-20,TMAX,89
USR0000NNWB,2009-01-14,TMAX,78
USC00310576,2006-02-02,TMIN,-11
USC00310576,2006-02-02,TMAX,178
USC00310576,2008-03-18,TMAX,133
USC00310576,2008-03-18,TMIN,17
USC00315830,2010-03-27,TMIN,67
USC00315830,2015-12-20,TMIN,6
USC00315830,2010-03-27,TMAX,194
USC00315830,2007-02-24,TMAX,128
USC00315830,2007-02-24,TMIN,-22
USW00093743,2012-04-24,TMAX,189
USW00093743,2012-04-24,TMIN,78
USC00314684,2006-04-08,TMAX,300
USC00316676,2012-06-02,TMIN,194
USC00310356,2007-11-02,TMIN,156
USC00310356,2007-11-02,TMAX,267
USC00316676,2006-05-16,TMIN,117
USC00316096,2012-12-12,TMIN,72
USC00316676,2006-05-16,TMAX,256
USR0000NHOF,2012-04-24,TMIN,33
USR0000NHOF,2006-04-27,TMAX,139
USW00093765,2011-03-23,TMAX,222
USR0000NHOF,2006-04-27,TMIN,94
USC00314144,2006-08-23,TMIN,222
USC00314144,2006-08-23,TMAX,300
USC00310356,2009-02-23,TMAX,156
USR0000NHOF,2012-04-24,TMAX,183
USR0000NNWB,2012-01-25,TMAX,194
USW00093719,2007-09-22,TMAX,311
USC00314689,2011-04-07,TMAX,250
USC00314689,2011-04-30,TMAX,239
USR0000NNWB,2009-06-04,TMAX,306
USW00093765,2006-03-30,TMIN,78
USC00314689,2011-04-30,TMIN,117
USW00093765,2013-11-14,TMIN,-32
USC00314684,2014-06-25,TMAX,317
USC00314684,2014-06-25,TMIN,217
USR0000NNWB,2009-06-04,TMIN,200
USC00310576,2011-12-29,TMAX,106
USC00314689,2014-11-14,TMIN,39
USC00314684,2012-07-27,TMIN,244
USC00310356,2013-07-11,TMAX,294
USC00310356,2013-07-11,TMIN,239
USW00093743,2013-07-11,TMAX,300
USW00093743,2013-07-11,TMIN,250
USW00093719,2011-02-27,TMIN,39
USC00314689,2014-11-14,TMAX,133
USW00093765,2013-11-14,TMAX,144
USW00093765,2006-03-30,TMAX,200
USC00310576,2013-03-25,TMIN,61
USC00314689,2011-04-07,TMIN,94
USW00093719,2015-05-28,TMIN,178
USW00093719,2015-05-28,TMAX,300
USR0000NHOF,2008-12-10,TMAX,206
USW00013754,2009-08-24,TMIN,217
USW00013754,2009-08-24,TMAX,311
USC00316096,2010-04-15,TMIN,33
USC00317170,2008-10-22,TMAX,161
USW00093765,2009-04-06,TMAX,206
USC00316096,2014-07-03,TMIN,233
USC00310576,2013-03-25,TMAX,106
USW00093765,2009-04-06,TMIN,128
USR0000NCRN,2009-03-23,TMIN,0
USC00316096,2014-07-03,TMAX,306
USR0000NCRN,2008-07-11,TMIN,222
USR0000NCRN,2009-03-23,TMAX,189
USC00316096,2010-04-15,TMAX,194
USR0000NCRN,2014-05-14,TMAX,267
USR0000NCRN,2014-05-14,TMIN,189
USC00314144,2009-10-19,TMIN,0
USC00310356,2013-01-08,TMIN,44
USC00314689,2013-11-25,TMAX,61
USC00315830,2014-12-11,TMAX,122
USC00315830,2007-10-06,TMIN,211
USC00315830,2007-10-06,TMAX,283
USC00317170,2008-10-23,TMIN,56
USR0000NCRN,2014-04-16,TMAX,117
USC00317170,2011-12-22,TMAX,244
USR0000NCRN,2014-04-16,TMIN,33
USC00317170,2010-09-25,TMAX,328
USC00310356,2015-02-14,TMAX,33
USC00310356,2015-02-14,TMIN,-39
USC00310576,2014-02-13,TMIN,11
USC00317170,2008-10-23,TMAX,189
USR0000NCRN,2011-05-27,TMAX,272
USR0000NHOF,2011-03-16,TMAX,217
USC00310356,2013-01-08,TMAX,128
USR0000NCRN,2007-02-19,TMIN,61
USW00093743,2007-10-25,TMIN,217
USC00310576,2014-02-13,TMAX,111
USC00314684,2011-09-21,TMAX,233
USW00013754,2015-05-28,TMAX,283
USR0000NNWB,2008-07-21,TMAX,361
USR0000NNWB,2008-07-21,TMIN,239
USC00315830,2010-09-30,TMAX,267
USW00093765,2012-01-20,TMAX,167
USR0000NNWB,2011-11-30,TMAX,133
USW00093743,2007-10-25,TMAX,267
USR0000NNWB,2011-11-30,TMIN,72
USC00314689,2013-11-25,TMIN,-61
USC00310576,2005-12-14,TMIN,-28
USC00310576,2005-12-14,TMAX,56
USR0000NCRN,2012-11-30,TMIN,-28
USC00315830,2008-03-09,TMIN,6
USC00317170,2011-12-22,TMIN,150
USW00093743,2009-02-23,TMAX,72
USC00315830,2010-09-30,TMIN,217
USW00013754,2015-05-28,TMIN,167
USW00013754,2013-02-11,TMAX,183
USC00315830,2011-01-08,TMIN,22
USR0000NHOF,2015-02-14,TMIN,-94
USC00316096,2012-01-30,TMAX,144
USW00093743,2009-02-23,TMIN,-27
USC00314684,2008-09-15,TMIN,228
USW00093765,2012-09-06,TMIN,217
USC00314684,2008-09-15,TMAX,328
USW00093765,2012-09-06,TMAX,300
USR0000NCRN,2011-05-27,TMIN,222
USC00314684,2011-10-27,TMAX,239
USC00314684,2011-10-27,TMIN,67
USW00093743,2013-11-04,TMAX,156
USW00093743,2007-06-03,TMAX,256
USC00314684,2007-10-04,TMIN,194
USC00316676,2007-07-13,TMIN,217
USC00316676,2007-07-11,TMAX,306
USC00316676,2007-07-11,TMIN,222
USW00093743,2013-11-04,TMIN,50
USC00315830,2011-01-08,TMAX,89
USC00315830,2015-01-27,TMAX,128
USC00316096,2013-11-25,TMAX,72
USW00013754,2013-02-11,TMIN,83
USW00093765,2011-03-20,TMAX,161
USC00316096,2012-02-13,TMIN,-61
USC00316096,2012-01-30,TMIN,-22
USW00013754,2015-03-29,TMAX,100
USW00013754,2015-03-29,TMIN,-5
USC00310576,2015-08-04,TMIN,211
USC00315830,2015-01-27,TMIN,11
USC00314144,2009-09-23,TMIN,189
USR0000NHOF,2011-03-16,TMIN,56
USR0000NHOF,2010-08-29,TMAX,300
USR0000NHOF,2015-02-14,TMAX,133
USC00315830,2009-10-10,TMAX,278
USC00315830,2009-10-10,TMIN,256
USC00314144,2009-09-23,TMAX,289
USC00316096,2013-11-25,TMIN,-39
USC00310576,2015-08-04,TMAX,267
USW00093765,2005-11-05,TMAX,228
USC00315830,2014-12-11,TMIN,0
USW00093765,2005-11-05,TMIN,150
USC00314684,2008-12-17,TMIN,83
USW00013754,2014-10-02,TMIN,161
USW00013754,2014-10-02,TMAX,278
USC00310576,2008-09-26,TMAX,239
USC00314689,2014-05-20,TMIN,106
USC00317170,2014-12-27,TMIN,-11
USC00314689,2014-05-20,TMAX,217
USW00093719,2006-02-18,TMAX,100
USC00310576,2008-09-26,TMIN,189
USW00093743,2013-01-08,TMIN,44
USW00093719,2015-09-12,TMAX,283
USW00093743,2013-01-08,TMAX,167
USC00310576,2012-07-12,TMIN,217
USC00310576,2012-07-12,TMAX,283
USC00317170,2014-12-27,TMAX,167
USC00316676,2014-03-05,TMIN,-33
USC00316676,2005-05-31,TMIN,178
USC00315830,2013-04-24,TMIN,78
USR0000NNWB,2015-05-28,TMAX,306
USR0000NNWB,2015-05-28,TMIN,189
USC00314144,2009-10-19,TMAX,156
USC00314684,2011-09-27,TMAX,272
USR0000NHOF,2010-05-22,TMIN,111
USR0000NHOF,2010-05-22,TMAX,289
USC00314684,2011-09-27,TMIN,206
USW00093719,2006-02-18,TMIN,22
USR0000NCRN,2005-02-13,TMIN,0
USC00314684,2008-12-17,TMAX,183
USR0000NCRN,2005-02-13,TMAX,194
USC00310356,2010-10-06,TMAX,217
USC00310356,2010-10-06,TMIN,117
USW00093765,2012-01-20,TMIN,22
USW00093743,2012-03-11,TMIN,11
USC00310576,2006-11-24,TMIN,72
USC00310576,2006-11-24,TMAX,161
USW00093743,2012-03-11,TMAX,161
USC00316676,2011-10-17,TMIN,72
USC00315830,2013-04-24,TMAX,206
USC00317170,2012-09-06,TMIN,233
USC00317170,2012-09-06,TMAX,361
USC00314684,2010-04-07,TMIN,139
USC00314684,2010-04-07,TMAX,311
USW00013754,2012-12-02,TMIN,22
USR0000NCRN,2012-11-30,TMAX,172
USC00310356,2010-05-22,TMAX,256
USR0000NCRN,2012-02-10,TMIN,-28
USC00317170,2009-04-06,TMAX,261
USC00310356,2010-05-22,TMIN,183
USW00093765,2008-06-25,TMAX,294
USC00317170,2009-04-06,TMIN,172
USC00314684,2010-05-14,TMAX,228
USC00316676,2010-07-14,TMAX,328
USC00316676,2010-07-14,TMIN,244
USC00314684,2010-05-14,TMIN,156
USR0000NCRN,2005-08-20,TMIN,250
USR0000NCRN,2005-08-20,TMAX,356
USW00093765,2008-06-25,TMIN,228
USC00314684,2007-10-04,TMAX,317
USW00093719,2015-09-12,TMIN,217
USC00315830,2015-07-02,TMIN,250
USW00013754,2007-01-27,TMIN,17
USW00013754,2007-01-27,TMAX,178
USC00315830,2006-09-02,TMIN,172
USW00093743,2010-05-22,TMIN,150
USC00316676,2005-05-31,TMAX,194
USC00310356,2010-11-08,TMIN,44
USC00316676,2011-10-17,TMAX,250
USC00315830,2006-09-02,TMAX,261
USC00317170,2010-09-25,TMIN,233
USC00310576,2011-11-07,TMIN,83
USW00093743,2010-05-22,TMAX,267
USC00310576,2011-11-07,TMAX,189
USC00316676,2014-03-05,TMAX,6
USC00315830,2015-07-02,TMAX,289
USC00314684,2011-09-21,TMIN,172
USC00310356,2010-11-08,TMAX,128
USR0000NCRN,2012-02-10,TMAX,122
USW00013754,2015-12-10,TMIN,83
USW00093765,2011-03-20,TMIN,94
USC00317170,2013-10-04,TMAX,294
USC00316676,2012-06-02,TMAX,300
USR0000NHOF,2006-12-29,TMIN,-17
USC00314684,2010-12-28,TMIN,-78
USC00310356,2015-01-03,TMAX,139
USC00310356,2015-01-03,TMIN,11
USC00316676,2008-08-13,TMIN,144
USC00316676,2008-08-13,TMAX,294
USC00315830,2005-06-30,TMIN,228
USR0000NHOF,2006-12-29,TMAX,178
USC00315830,2005-06-30,TMAX,289
USC00310356,2009-05-27,TMAX,272
USC00314144,2006-02-15,TMAX,200
USC00316676,2008-12-13,TMIN,6
USC00316676,2008-12-13,TMAX,139
USC00310356,2009-05-27,TMIN,217
USW00093719,2011-12-30,TMAX,178
USC00314689,2012-02-13,TMIN,-22
USC00314684,2015-03-17,TMIN,22
USW00093719,2007-03-18,TMIN,-17
USC00316096,2012-09-06,TMAX,300
USR0000NCRN,2012-08-26,TMIN,206
USC00316096,2011-08-29,TMIN,200
USW00093719,2011-12-30,TMIN,17
USC00310576,2005-06-06,TMAX,289
USC00314144,2010-08-06,TMIN,239
USC00314144,2010-08-06,TMAX,311
USW00093765,2008-01-09,TMIN,144
USW00093765,2008-01-09,TMAX,200
USC00316096,2012-09-06,TMIN,211
USC00314684,2014-10-02,TMIN,144
USC00314684,2015-03-17,TMAX,256
USW00093719,2008-02-01,TMAX,222
USW00093719,2008-02-01,TMIN,78
USC00314684,2006-10-09,TMIN,161
USW00093719,2007-03-18,TMAX,94
USR0000NNWB,2009-08-24,TMIN,217
USR0000NNWB,2009-08-24,TMAX,311
USC00314684,2014-10-02,TMAX,272
USC00310576,2005-06-06,TMIN,206
USR0000NHOF,2010-11-08,TMIN,-33
USC00314144,2006-02-15,TMIN,22
USR0000NNWB,2008-07-26,TMAX,339
USW00093743,2009-05-27,TMAX,283
USW00093743,2009-05-27,TMIN,206
USR0000NHOF,2010-07-19,TMAX,322
USC00310576,2009-10-31,TMIN,144
USC00314684,2010-12-28,TMAX,11
USW00093765,2008-10-04,TMAX,239
USR0000NNWB,2008-07-26,TMIN,206
USC00314684,2013-10-04,TMIN,133
USC00314689,2011-08-29,TMAX,333
USC00314689,2011-08-29,TMIN,194
USC00310576,2009-10-31,TMAX,228
USC00316096,2010-10-20,TMAX,244
USC00314684,2009-06-08,TMAX,278
USC00314684,2009-06-08,TMIN,194
USC00314684,2006-06-28,TMAX,267
USC00314684,2013-10-04,TMAX,294
USC00315830,2012-06-12,TMIN,239
USR0000NHOF,2005-08-20,TMAX,356
USW00093765,2007-02-22,TMAX,161
USC00315830,2012-06-12,TMAX,278
USR0000NHOF,2010-11-08,TMAX,172
USC00314684,2014-11-14,TMAX,144
USC00314684,2014-11-14,TMIN,39
USC00314689,2010-07-27,TMAX,333
USC00314689,2010-07-27,TMIN,222
USC00310576,2013-09-18,TMAX,244
USR0000NHOF,2010-07-19,TMIN,239
USC00310576,2013-09-18,TMIN,128
USW00013754,2008-07-21,TMAX,344
USW00013754,2008-07-21,TMIN,228
USC00310356,2012-03-17,TMAX,200
USC00310356,2012-03-17,TMIN,156
USC00316096,2012-05-14,TMIN,200
USC00316096,2012-05-14,TMAX,250
USR0000NHOF,2005-08-20,TMIN,217
USC00314689,2012-02-13,TMAX,83
USC00314684,2006-06-28,TMIN,233
USW00093719,2010-01-20,TMAX,211
USW00013754,2008-10-25,TMIN,172
USR0000NHOF,2006-02-10,TMAX,106
USW00093719,2005-10-09,TMAX,250
USW00093719,2005-10-09,TMIN,200
USR0000NHOF,2006-02-10,TMIN,-106
USW00013754,2007-06-16,TMAX,261
USC00314689,2014-09-06,TMAX,322
USW00013754,2011-05-09,TMIN,106
USR0000NNWB,2015-09-12,TMIN,217
USC00314689,2014-09-06,TMIN,211
USC00316096,2013-10-04,TMAX,278
USW00093743,2009-12-14,TMAX,139
USC00316096,2011-08-29,TMAX,322
USW00093743,2009-12-14,TMIN,89
USC00310576,2005-04-14,TMIN,67
USC00310576,2010-03-21,TMAX,261
USC00317170,2007-05-30,TMIN,189
USC00316096,2013-10-04,TMIN,150
USC00310576,2005-04-14,TMAX,156
USC00310356,2009-12-14,TMIN,89
USR0000NNWB,2015-09-12,TMAX,278
USC00316676,2007-01-03,TMIN,6
USC00316676,2007-01-03,TMAX,144
USR0000NCRN,2006-04-27,TMAX,150
USR0000NCRN,2006-04-27,TMIN,94
USC00317170,2013-04-24,TMIN,67
USC00317170,2013-04-24,TMAX,233
USC00310576,2015-07-02,TMAX,306
USC00314684,2011-02-20,TMIN,-17
USR0000NHOF,2007-03-28,TMIN,139
USC00315830,2013-02-11,TMAX,161
USC00315830,2013-02-11,TMIN,78
USC00317170,2015-05-28,TMIN,172
USC00314684,2008-03-22,TMIN,72
USC00314684,2008-03-22,TMAX,194
USC00317170,2015-05-28,TMAX,294
USC00310356,2009-12-14,TMAX,189
USC00310576,2015-07-02,TMIN,222
USW00093719,2010-01-20,TMIN,28
USW00093719,2006-03-30,TMAX,206
USW00013754,2011-05-09,TMAX,267
USC00310576,2010-03-21,TMIN,44
USR0000NNWB,2010-11-18,TMIN,28
USC00314689,2012-05-14,TMIN,178
USW00093765,2005-11-19,TMIN,17
USR0000NCRN,2012-08-26,TMAX,306
USC00314684,2006-10-09,TMAX,228
USC00314689,2012-05-14,TMAX,261
USR0000NNWB,2010-11-18,TMAX,178
USR0000NHOF,2009-12-14,TMAX,156
USR0000NHOF,2009-12-14,TMIN,78
USC00310576,2005-05-12,TMIN,94
USC00310576,2005-05-12,TMAX,311
USW00093765,2013-04-24,TMIN,72
USR0000NHOF,2007-06-08,TMAX,322
USR0000NHOF,2007-06-08,TMIN,200
USW00093765,2013-04-24,TMAX,206
USW00093765,2005-11-19,TMAX,144
USC00317170,2007-05-30,TMAX,300
USC00315830,2015-10-01,TMAX,283
USW00093719,2010-08-29,TMAX,306
USC00315830,2015-10-01,TMIN,228
USW00093719,2006-03-30,TMIN,28
USC00310576,2007-10-14,TMIN,78
USC00310356,2006-09-12,TMAX,278
USC00310356,2006-09-12,TMIN,150
USC00316676,2006-01-05,TMAX,94
USC00316676,2006-01-05,TMIN,44
USW00093719,2013-11-14,TMIN,-38
USW00093719,2010-08-29,TMIN,189
USC00314689,2012-09-06,TMAX,328
USW00093719,2007-12-17,TMIN,-33
USR0000NCRN,2014-12-24,TMAX,200
USW00093719,2013-11-14,TMAX,150
USC00310576,2007-10-14,TMAX,250
USC00314684,2007-05-21,TMIN,139
USC00314684,2007-05-21,TMAX,278
USC00314689,2012-09-06,TMIN,233
USR0000NCRN,2008-05-09,TMIN,194
USR0000NCRN,2008-05-09,TMAX,283
USW00093765,2008-10-04,TMIN,111
USW00093719,2008-11-29,TMAX,100
USC00310356,2007-05-13,TMIN,189
USC00310356,2007-05-13,TMAX,256
USR0000NCRN,2006-08-28,TMAX,322
USR0000NCRN,2007-09-27,TMIN,217
USR0000NCRN,2006-08-28,TMIN,217
USR0000NCRN,2006-03-08,TMAX,144
USW00013754,2010-01-20,TMAX,200
USR0000NHOF,2012-03-17,TMAX,272
USC00315830,2015-10-27,TMAX,183
USC00314689,2010-10-20,TMAX,244
USC00314689,2010-10-20,TMIN,111
USC00315830,2015-10-27,TMIN,161
USC00314684,2012-09-06,TMIN,211
USC00310576,2007-02-15,TMIN,-6
USC00314684,2012-09-06,TMAX,322
USC00310576,2007-02-15,TMAX,122
USW00093765,2006-08-20,TMAX,300
USW00013754,2010-01-20,TMIN,28
USR0000NCRN,2006-03-08,TMIN,-28
USW00093765,2011-06-29,TMIN,239
USW00093743,2010-07-19,TMAX,300
USC00314689,2014-07-03,TMIN,239
USW00093743,2007-11-02,TMIN,133
USW00093743,2007-11-02,TMAX,189
USR0000NHOF,2009-05-27,TMIN,161
USC00310576,2005-09-26,TMIN,178
USW00093719,2008-11-29,TMIN,61
USW00093765,2005-01-07,TMAX,217
USW00093719,2005-03-07,TMIN,11
USC00314689,2014-07-03,TMAX,339
USC00310576,2005-09-26,TMAX,294
USW00013754,2013-04-24,TMIN,61
USW00013754,2013-04-24,TMAX,217
USW00093719,2007-01-27,TMIN,28
USW00093719,2007-01-27,TMAX,178
USW00093765,2005-01-07,TMIN,106
USW00093765,2011-06-29,TMAX,294
USW00093765,2006-08-20,TMIN,256
USR0000NHOF,2012-03-17,TMIN,139
USC00316096,2014-11-14,TMAX,83
USW00093743,2010-11-08,TMIN,11
USC00316096,2014-11-14,TMIN,-17
USC00310356,2011-03-16,TMIN,100
USR0000NCRN,2007-11-09,TMAX,144
USR0000NHOF,2011-06-17,TMIN,200
USC00314684,2012-05-14,TMIN,150
USC00310356,2011-03-16,TMAX,161
USC00310356,2012-04-24,TMAX,161
USC00315830,2005-09-12,TMAX,283
USC00315830,2005-09-12,TMIN,222
USC00314684,2012-05-14,TMAX,239
USR0000NHOF,2011-06-17,TMAX,311
USR0000NCRN,2009-09-23,TMAX,289
USW00093743,2010-11-08,TMAX,172
USC00314684,2006-04-08,TMIN,133
USC00310356,2012-04-24,TMIN,83
USW00093765,2014-10-02,TMIN,167
USR0000NCRN,2007-11-09,TMIN,39
USR0000NCRN,2015-02-14,TMAX,106
USW00093765,2014-10-02,TMAX,267
USC00314689,2006-06-28,TMAX,317
USC00314689,2006-06-28,TMIN,222
USC00310356,2006-04-27,TMAX,228
USC00310356,2006-04-27,TMIN,133
USC00314689,2005-03-17,TMIN,17
USC00314689,2005-03-17,TMAX,33
USR0000NCRN,2015-02-14,TMIN,-89
USW00013754,2015-12-10,TMAX,222
USC00310356,2010-07-19,TMIN,233
USR0000NCRN,2013-07-11,TMAX,294
USR0000NCRN,2013-07-11,TMIN,244
USC00310356,2010-07-19,TMAX,294
USR0000NNWB,2009-08-16,TMIN,217
USW00013754,2008-07-26,TMIN,200
USW00013754,2008-07-26,TMAX,300
USR0000NNWB,2009-08-16,TMAX,317
USC00315830,2010-12-19,TMAX,94
USC00310576,2008-04-20,TMIN,128
USC00310576,2008-04-20,TMAX,261
USW00093719,2013-04-24,TMAX,239
USC00314689,2010-04-15,TMAX,217
USR0000NNWB,2009-09-08,TMIN,206
USW00093765,2007-02-22,TMIN,94
USW00093719,2005-03-07,TMAX,222
USR0000NCRN,2015-01-21,TMAX,161
USC00316096,2011-01-19,TMIN,50
USW00093719,2013-04-24,TMIN,72
USC00314689,2015-11-26,TMAX,222
USC00314689,2008-09-15,TMAX,311
USC00316676,2010-01-04,TMAX,22
USR0000NCRN,2010-08-27,TMIN,200
USC00316096,2011-01-19,TMAX,122
USR0000NCRN,2010-08-27,TMAX,294
USC00314689,2012-12-12,TMAX,189
USC00316676,2010-01-04,TMIN,-56
USC00314689,2008-09-15,TMIN,233
USC00310576,2007-11-08,TMAX,167
USR0000NNWB,2009-09-08,TMAX,267
USW00093743,2012-03-17,TMIN,150
USC00316096,2010-10-20,TMIN,94
USC00316096,2011-04-07,TMAX,217
USC00316096,2011-04-07,TMIN,117
USC00316676,2011-08-17,TMIN,178
USR0000NHOF,2007-05-13,TMIN,83
USW00093765,2015-05-28,TMIN,172
USR0000NHOF,2007-05-13,TMAX,200
USC00314689,2010-04-15,TMIN,33
USW00093765,2015-05-28,TMAX,261
USR0000NCRN,2012-04-24,TMAX,189
USW00013754,2008-10-25,TMAX,250
USR0000NCRN,2012-04-24,TMIN,67
USC00316676,2008-12-27,TMAX,150
USC00316676,2008-12-27,TMIN,78
USC00314689,2012-12-12,TMIN,61
USW00093743,2012-03-17,TMAX,239
USC00316676,2011-08-17,TMAX,311
USR0000NNWB,2010-01-20,TMIN,44
USR0000NNWB,2010-01-20,TMAX,222
USR0000NCRN,2015-01-21,TMIN,28
USW00093765,2012-03-23,TMIN,144
USC00310576,2009-07-14,TMAX,272
USC00310576,2009-07-14,TMIN,206
USC00310576,2007-08-14,TMIN,183
USW00093765,2012-03-23,TMAX,250
USR0000NHOF,2015-01-03,TMAX,194
USR0000NHOF,2015-01-03,TMIN,89
USW00093719,2008-04-13,TMIN,89
USR0000NNWB,2007-03-24,TMAX,300
USW00093743,2010-07-19,TMIN,256
USR0000NHOF,2009-05-27,TMAX,278
USC00310576,2005-11-25,TMAX,122
USC00310576,2005-11-25,TMIN,6
USC00317170,2014-10-02,TMIN,150
USC00317170,2014-10-02,TMAX,267
USR0000NNWB,2007-03-24,TMIN,156
USC00315830,2010-12-19,TMIN,-11
USW00093719,2008-04-13,TMAX,222
USR0000NCRN,2007-09-27,TMAX,278
USR0000NHOF,2011-08-03,TMAX,356
USC00316676,2008-07-16,TMIN,211
USC00310576,2007-11-08,TMIN,17
USW00093719,2010-11-04,TMAX,200
USW00093719,2010-11-04,TMIN,106
USC00314689,2015-11-26,TMIN,83
USC00316676,2008-07-16,TMAX,317
USR0000NHOF,2011-08-03,TMIN,200
USR0000NHOF,2006-09-12,TMAX,239
USC00314689,2006-11-07,TMIN,94
USR0000NHOF,2006-09-12,TMIN,100
USR0000NNWB,2013-04-24,TMIN,78
USC00310356,2005-08-20,TMIN,250
USR0000NNWB,2013-04-24,TMAX,239
USC00310356,2005-08-20,TMAX,317
USC00310576,2007-08-14,TMAX,328
USR0000NHOF,2007-10-03,TMIN,189
USR0000NHOF,2007-10-03,TMAX,289
USC00317170,2013-10-04,TMIN,161
USC00316096,2012-02-13,TMAX,61
USW00093743,2010-10-06,TMAX,194
USW00093743,2010-10-06,TMIN,67
USR0000NCRN,2009-05-16,TMAX,250
USW00093719,2011-02-14,TMAX,222
USC00314144,2007-05-07,TMIN,67
USW00093765,2007-02-27,TMIN,56
USW00093765,2007-02-27,TMAX,178
USC00310576,2011-07-26,TMAX,328
USC00316676,2011-05-15,TMAX,294
USR0000NCRN,2005-04-14,TMIN,78
USR0000NCRN,2005-04-14,TMAX,144
USR0000NCRN,2009-05-16,TMIN,200
USC00315830,2007-01-15,TMAX,211
USC00315830,2007-01-15,TMIN,117
USW00013754,2008-11-21,TMAX,72
USC00316676,2007-12-23,TMAX,183
USC00316676,2007-12-23,TMIN,111
USC00316676,2011-05-15,TMIN,178
USC00310576,2011-07-26,TMIN,233
USC00314144,2008-12-19,TMIN,117
USC00314144,2007-05-07,TMAX,194
USC00310576,2014-12-19,TMIN,17
USC00314689,2009-05-19,TMIN,94
USC00314689,2009-05-19,TMAX,194
USR0000NNWB,2010-02-23,TMAX,133
USR0000NNWB,2010-02-23,TMIN,72
USR0000NNWB,2015-09-23,TMIN,211
USC00315830,2012-04-24,TMAX,194
USC00315830,2012-04-24,TMIN,67
USC00316676,2015-04-07,TMIN,89
USC00314689,2010-03-08,TMIN,22
USC00310576,2015-02-14,TMAX,50
USC00310576,2015-02-14,TMIN,-39
USR0000NNWB,2012-03-23,TMIN,144
USR0000NNWB,2012-03-23,TMAX,294
USC00310356,2011-11-07,TMIN,111
USC00310356,2011-11-07,TMAX,172
USC00310576,2014-12-19,TMAX,128
USC00314689,2010-03-08,TMAX,178
USC00316676,2015-04-07,TMAX,256
USW00013754,2008-11-21,TMIN,0
USR0000NNWB,2007-11-25,TMIN,67
USC00314144,2010-05-22,TMAX,289
USC00315830,2007-10-02,TMIN,206
USC00314689,2007-12-10,TMAX,256
USC00314689,2007-12-10,TMIN,133
USC00314689,2011-04-11,TMAX,289
USC00314689,2011-02-20,TMIN,0
USC00314689,2013-12-31,TMIN,67
USC00314689,2011-04-11,TMIN,161
USW00013754,2008-08-05,TMAX,339
USR0000NCRN,2013-10-30,TMAX,233
USC00316676,2010-08-05,TMIN,217
USC00316676,2010-08-05,TMAX,333
USC00314684,2005-01-07,TMAX,233
USC00314684,2005-01-07,TMIN,117
USC00310576,2008-02-27,TMIN,78
USC00316676,2006-07-31,TMAX,300
USW00013754,2008-08-05,TMIN,233
USW00093765,2006-05-16,TMIN,144
USC00314144,2010-05-22,TMIN,111
USW00093719,2005-09-12,TMIN,211
USW00093765,2006-05-16,TMAX,217
USC00314144,2008-12-19,TMAX,222
USR0000NCRN,2006-12-15,TMIN,83
USR0000NCRN,2006-12-15,TMAX,206
USW00093719,2011-02-14,TMIN,50
USR0000NNWB,2007-11-25,TMAX,111
USC00316676,2014-06-10,TMIN,217
USC00314689,2011-02-20,TMAX,206
USW00093765,2013-11-25,TMIN,-27
USC00316096,2010-05-07,TMIN,167
USC00316096,2010-05-07,TMAX,294
USR0000NNWB,2012-09-06,TMIN,222
USR0000NNWB,2012-09-06,TMAX,333
USC00316676,2014-06-10,TMAX,289
USC00315830,2007-10-02,TMAX,283
USW00093719,2005-09-12,TMAX,289
USW00093765,2013-11-25,TMAX,72
USW00013754,2015-11-15,TMIN,-5
USW00093719,2013-07-11,TMIN,233
USR0000NNWB,2015-09-23,TMAX,244
USW00013754,2010-02-23,TMAX,133
USW00013754,2010-02-23,TMIN,61
USC00314684,2010-12-12,TMAX,67
USR0000NCRN,2011-05-08,TMAX,233
USR0000NCRN,2011-10-04,TMIN,72
USR0000NCRN,2011-05-06,TMAX,228
USR0000NCRN,2015-04-10,TMIN,189
USC00316676,2005-06-20,TMAX,278
USR0000NNWB,2015-11-12,TMAX,261
USC00310576,2009-01-20,TMIN,22
USR0000NCRN,2015-04-10,TMAX,244
USR0000NCRN,2011-05-06,TMIN,72
USC00315830,2009-07-14,TMAX,283
USC00315830,2009-07-14,TMIN,211
USC00310576,2009-01-20,TMAX,122
USC00314144,2005-02-13,TMIN,-28
USC00310576,2007-08-11,TMAX,350
USC00314144,2005-02-13,TMAX,244
USC00310356,2010-12-25,TMIN,-28
USC00316676,2012-06-26,TMAX,306
USR0000NCRN,2010-06-26,TMAX,317
USC00310356,2006-09-15,TMIN,144
USC00310356,2006-09-15,TMAX,278
USC00315830,2013-09-18,TMIN,150
USC00314684,2014-03-05,TMIN,-72
USC00314684,2014-03-05,TMAX,-6
USC00310576,2011-09-17,TMAX,194
USC00316676,2012-06-26,TMIN,178
USR0000NCRN,2006-11-21,TMAX,139
USR0000NCRN,2006-11-21,TMIN,50
USC00310356,2008-12-10,TMIN,22
USC00310356,2008-12-10,TMAX,183
USC00316676,2005-06-20,TMIN,183
USC00314684,2010-12-12,TMIN,17
USC00310576,2006-04-27,TMAX,150
USC00310576,2006-04-27,TMIN,89
USC00310576,2011-09-17,TMIN,161
USW00093719,2012-11-10,TMIN,17
USR0000NNWB,2015-11-12,TMIN,83
USR0000NHOF,2011-11-07,TMIN,67
USC00316096,2011-10-27,TMAX,244
USC00310576,2012-06-12,TMAX,289
USC00316096,2011-10-27,TMIN,161
USC00316676,2012-10-25,TMIN,106
USC00316676,2012-10-25,TMAX,272
USC00316096,2011-03-07,TMAX,133
USC00316096,2011-03-07,TMIN,33
USC00315830,2015-05-28,TMAX,267
USR0000NCRN,2012-02-24,TMAX,189
USW00093765,2008-07-14,TMAX,289
USW00093765,2008-07-14,TMIN,244
USC00314684,2006-03-30,TMAX,206
USC00314684,2006-03-30,TMIN,22
USW00013754,2007-12-17,TMIN,-27
USW00013754,2007-12-17,TMAX,72
USW00093719,2013-07-11,TMAX,328
USW00093719,2012-11-10,TMAX,211
USC00314689,2009-11-21,TMAX,150
USC00310576,2012-06-12,TMIN,183
USC00310356,2013-04-24,TMIN,100
USR0000NHOF,2011-11-07,TMAX,233
USC00314689,2009-11-21,TMIN,78
USR0000NHOF,2013-04-24,TMIN,50
USR0000NHOF,2013-04-24,TMAX,183
USR0000NCRN,2011-05-08,TMIN,122
USW00093719,2010-09-20,TMIN,161
USW00093719,2010-09-20,TMAX,311
USC00310356,2013-04-24,TMAX,178
USC00317170,2009-05-12,TMIN,94
USW00093719,2012-10-09,TMAX,150
USC00315830,2015-05-28,TMIN,178
USW00093743,2013-04-24,TMIN,72
USW00093743,2013-04-24,TMAX,211
USW00093719,2012-10-09,TMIN,122
USC00314684,2009-04-06,TMAX,272
USC00314684,2009-04-06,TMIN,67
USC00317170,2009-05-12,TMAX,244
USW00013754,2015-11-15,TMAX,178
USC00316676,2006-07-31,TMIN,233
USW00013754,2015-07-02,TMAX,328
USW00093743,2011-07-07,TMIN,267
USW00093743,2007-10-03,TMAX,289
USW00093743,2011-07-07,TMAX,306
USC00310576,2009-03-05,TMAX,89
USC00310576,2008-05-01,TMAX,200
USC00314689,2011-06-29,TMAX,344
USC00310576,2008-05-01,TMIN,67
USC00316096,2013-08-15,TMAX,206
USC00314689,2011-06-29,TMIN,217
USW00093765,2006-04-08,TMAX,228
USW00093743,2012-02-10,TMAX,111
USW00093743,2012-02-10,TMIN,-16
USW00013754,2007-09-11,TMIN,233
USC00317170,2008-08-22,TMAX,306
USC00317170,2008-08-22,TMIN,194
USC00315830,2006-09-19,TMIN,244
USW00013754,2007-09-11,TMAX,317
USC00315830,2006-09-19,TMAX,278
USR0000NCRN,2013-01-08,TMAX,167
USW00093719,2010-02-23,TMIN,56
USC00317170,2013-02-11,TMIN,61
USC00310356,2006-08-28,TMIN,228
USC00317170,2014-03-05,TMAX,44
USC00316096,2010-05-14,TMIN,167
USC00316096,2011-01-15,TMAX,78
USC00310356,2012-02-10,TMAX,100
USW00013754,2012-09-06,TMIN,211
USC00310576,2009-03-05,TMIN,-39
USW00013754,2012-09-06,TMAX,322
USW00093765,2006-04-08,TMIN,117
USR0000NCRN,2013-01-08,TMIN,39
USC00316096,2013-08-15,TMIN,178
USR0000NHOF,2006-01-06,TMAX,83
USC00310356,2015-01-21,TMIN,61
USW00093719,2010-02-23,TMAX,128
USR0000NHOF,2006-01-06,TMIN,28
USC00310356,2012-02-10,TMIN,33
USC00317170,2014-03-05,TMIN,0
USC00310356,2011-07-07,TMIN,267
USC00310356,2011-07-07,TMAX,300
USR0000NHOF,2010-12-25,TMIN,-67
USR0000NCRN,2015-07-16,TMIN,217
USC00314689,2006-03-30,TMAX,211
USC00314689,2006-03-30,TMIN,39
USR0000NCRN,2015-07-16,TMAX,322
USC00314684,2007-06-05,TMAX,322
USC00310576,2014-04-16,TMAX,233
USR0000NHOF,2010-12-25,TMAX,94
USW00093765,2006-11-14,TMIN,106
USC00316096,2013-12-31,TMIN,6
USW00093765,2006-11-14,TMAX,206
USC00317170,2011-11-30,TMAX,122
USC00317170,2011-11-30,TMIN,22
USC00316096,2013-12-31,TMAX,117
USC00314689,2011-08-13,TMAX,283
USC00310576,2008-04-11,TMAX,244
USC00310576,2014-04-16,TMIN,44
USR0000NNWB,2006-08-08,TMIN,233
USW00093765,2012-10-09,TMIN,139
USW00093719,2006-05-16,TMAX,211
USR0000NNWB,2006-08-08,TMAX,350
USR0000NHOF,2015-03-15,TMIN,61
USC00316096,2011-09-27,TMAX,261
USR0000NHOF,2015-03-15,TMAX,233
USW00013754,2008-09-09,TMAX,294
USW00013754,2008-09-09,TMIN,206
USW00093765,2014-03-05,TMIN,11
USW00093765,2012-10-09,TMAX,183
USW00093765,2014-03-05,TMAX,50
USR0000NHOF,2008-02-07,TMIN,6
USR0000NHOF,2008-02-07,TMAX,211
USC00314684,2007-06-05,TMIN,206
USC00310576,2008-04-11,TMIN,133
USC00314684,2013-07-11,TMAX,311
USC00314684,2013-07-11,TMIN,222
USW00093719,2006-05-16,TMIN,117
USC00316096,2011-09-27,TMIN,200
USC00310356,2006-08-28,TMAX,306
USC00317170,2013-02-11,TMAX,178
USW00093743,2007-10-03,TMIN,222
USC00310576,2009-02-16,TMAX,117
USC00314689,2011-10-27,TMAX,261
USC00314689,2011-10-27,TMIN,139
USW00093765,2013-02-11,TMAX,167
USW00093765,2013-02-11,TMIN,94
USC00310576,2014-10-02,TMIN,139
USC00310576,2014-10-02,TMAX,272
USW00093765,2011-11-30,TMIN,44
USC00317170,2008-09-15,TMIN,244
USR0000NHOF,2011-07-07,TMIN,239
USR0000NHOF,2011-07-07,TMAX,322
USC00316096,2011-01-15,TMIN,-61
USC00316676,2007-06-25,TMIN,194
USC00314689,2008-11-03,TMIN,150
USC00310356,2006-01-06,TMAX,133
USR0000NNWB,2006-02-18,TMIN,17
USC00317170,2008-09-15,TMAX,333
USR0000NNWB,2006-02-18,TMAX,89
USW00093765,2011-11-30,TMAX,133
USC00310576,2012-01-18,TMAX,206
USW00013754,2015-07-02,TMIN,233
USR0000NCRN,2013-04-24,TMIN,56
USR0000NCRN,2013-04-24,TMAX,206
USW00093719,2012-05-14,TMIN,189
USC00316676,2014-11-14,TMAX,189
USC00316676,2014-11-14,TMIN,67
USW00093719,2012-05-14,TMAX,267
USC00310576,2012-01-18,TMIN,117
USR0000NCRN,2013-10-30,TMIN,94
USW00093765,2013-07-11,TMIN,250
USC00314684,2009-01-02,TMIN,-56
USC00314684,2009-01-02,TMAX,50
USC00316096,2011-06-29,TMAX,283
USC00310576,2008-02-27,TMAX,211
USC00316096,2011-06-29,TMIN,217
USC00310576,2009-02-16,TMIN,39
USW00093765,2013-07-11,TMAX,294
USC00310356,2006-01-06,TMIN,-6
USC00316676,2007-06-25,TMAX,317
USC00314689,2013-12-31,TMAX,111
USC00310356,2015-01-21,TMAX,150
USC00310576,2014-08-02,TMAX,250
USW00013754,2012-03-23,TMIN,128
USW00013754,2012-03-23,TMAX,278
USC00314689,2010-12-02,TMAX,128
USC00314689,2010-12-02,TMIN,-17
USC00310576,2014-08-02,TMIN,217
USC00314689,2013-08-15,TMAX,239
USC00314684,2011-03-03,TMAX,183
USC00315830,2007-01-27,TMAX,150
USC00314144,2007-07-18,TMAX,328
USR0000NCRN,2007-05-13,TMAX,228
USC00316096,2010-05-14,TMAX,267
USC00314144,2007-07-18,TMIN,217
USW00093719,2015-03-29,TMAX,100
USW00093719,2015-03-29,TMIN,-21
USC00315830,2007-01-27,TMIN,0
USR0000NNWB,2015-07-02,TMIN,233
USC00310576,2015-12-20,TMAX,100
USC00310576,2015-12-20,TMIN,0
USC00316096,2010-03-08,TMIN,-17
USC00314684,2011-03-03,TMIN,-6
USW00013754,2007-09-27,TMIN,217
USW00013754,2007-09-27,TMAX,278
USC00314684,2011-01-19,TMIN,22
USC00317170,2013-07-11,TMAX,322
USC00317170,2013-07-11,TMIN,233
USC00314684,2011-01-19,TMAX,67
USC00316096,2010-03-08,TMAX,178
USW00013754,2005-06-03,TMAX,272
USW00013754,2015-03-07,TMIN,-38
USC00314144,2008-02-23,TMIN,78
USC00314144,2008-02-23,TMAX,172
USC00314689,2013-08-15,TMIN,172
USW00013754,2005-06-03,TMIN,211
USW00013754,2015-03-07,TMAX,139
USR0000NNWB,2015-07-02,TMAX,333
USR0000NCRN,2010-06-26,TMIN,244
USC00315830,2013-09-18,TMAX,256
USC00310356,2010-12-25,TMAX,72
USW00013754,2013-07-11,TMIN,233
USC00316096,2011-08-13,TMAX,317
USC00314689,2006-05-16,TMIN,111
USC00316096,2011-08-13,TMIN,211
USR0000NHOF,2007-10-12,TMAX,217
USC00314684,2013-11-25,TMIN,-78
USC00314689,2006-05-16,TMAX,239
USC00314684,2005-03-26,TMIN,83
USR0000NHOF,2007-10-12,TMIN,28
USC00314684,2012-12-12,TMIN,67
USC00314684,2013-11-25,TMAX,44
USC00317170,2008-10-06,TMIN,122
USC00310576,2011-06-07,TMAX,306
USR0000NNWB,2007-12-17,TMIN,-33
USR0000NNWB,2007-12-17,TMAX,67
USR0000NHOF,2014-08-02,TMAX,256
USR0000NHOF,2014-08-02,TMIN,211
USC00314684,2012-12-12,TMAX,206
USC00314689,2010-05-07,TMIN,183
USC00314684,2005-03-26,TMAX,200
USC00310356,2014-08-02,TMIN,222
USC00314144,2006-01-06,TMIN,39
USR0000NHOF,2015-07-16,TMIN,206
USW00093743,2012-08-26,TMIN,200
USC00314144,2009-08-18,TMIN,200
USR0000NHOF,2007-10-25,TMAX,267
USR0000NHOF,2007-10-25,TMIN,200
USC00316676,2014-09-06,TMAX,317
USC00314144,2009-08-18,TMAX,317
USC00314684,2008-10-02,TMIN,83
USR0000NHOF,2015-07-16,TMAX,328
USR0000NNWB,2015-03-29,TMAX,111
USC00314684,2008-10-02,TMAX,256
USC00310356,2014-08-02,TMAX,256
USC00310356,2011-02-10,TMIN,11
USC00310356,2011-02-10,TMAX,100
USR0000NNWB,2015-03-29,TMIN,-33
USC00316676,2014-09-06,TMIN,217
USC00314689,2007-05-28,TMIN,161
USC00314689,2010-05-07,TMAX,328
USC00317170,2008-10-06,TMAX,278
USC00310356,2011-08-03,TMAX,317
USC00315830,2010-01-20,TMIN,28
USC00315830,2010-01-20,TMAX,156
USW00093719,2009-09-08,TMIN,206
USR0000NCRN,2012-07-24,TMIN,222
USC00314144,2006-03-08,TMIN,-50
USC00314144,2006-03-08,TMAX,172
USR0000NHOF,2006-09-15,TMAX,267
USC00316676,2006-06-28,TMAX,256
USW00093719,2012-03-23,TMIN,133
USW00093719,2012-03-23,TMAX,283
USW00093765,2012-05-14,TMIN,222
USW00093765,2012-05-14,TMAX,261
USC00310576,2015-04-21,TMAX,267
USW00013754,2015-11-12,TMIN,72
USC00316676,2015-05-12,TMAX,283
USC00316676,2006-06-28,TMIN,228
USC00316096,2011-02-20,TMAX,144
USC00314689,2006-10-09,TMIN,111
USW00093719,2011-11-30,TMIN,17
USR0000NCRN,2012-07-24,TMAX,328
USC00315830,2013-07-11,TMAX,294
USR0000NCRN,2009-08-04,TMAX,300
USC00315830,2013-07-11,TMIN,261
USR0000NNWB,2014-04-30,TMIN,194
USC00310356,2011-08-03,TMIN,267
USR0000NCRN,2009-08-04,TMIN,267
USC00314689,2006-10-09,TMAX,233
USR0000NHOF,2006-09-15,TMIN,139
USC00315830,2006-12-11,TMAX,156
USR0000NHOF,2012-08-26,TMAX,294
USR0000NHOF,2012-08-26,TMIN,156
USC00315830,2006-12-11,TMIN,-6
USW00013754,2015-11-12,TMAX,239
USW00093719,2009-09-08,TMAX,267
USW00093719,2011-11-30,TMAX,128
USR0000NNWB,2014-04-30,TMAX,261
USR0000NCRN,2011-10-13,TMIN,211
USR0000NCRN,2011-10-13,TMAX,261
USC00314144,2006-01-06,TMAX,156
USC00316096,2014-05-20,TMIN,72
USW00093719,2011-10-05,TMAX,244
USC00314689,2011-09-04,TMAX,311
USC00310576,2012-04-24,TMAX,156
USC00310576,2012-04-24,TMIN,50
USC00316096,2014-05-20,TMAX,233
USC00315830,2010-12-01,TMAX,178
USR0000NNWB,2012-11-10,TMIN,22
USC00316676,2014-01-24,TMIN,-83
USC00316676,2013-08-15,TMIN,178
USC00317170,2013-11-14,TMIN,-33
USC00315830,2006-10-19,TMIN,206
USR0000NCRN,2015-02-23,TMAX,122
USC00315830,2006-10-19,TMAX,256
USC00316676,2014-01-24,TMAX,50
USC00316676,2013-08-15,TMAX,239
USC00317170,2013-11-14,TMAX,139
USC00314684,2006-12-18,TMAX,217
USC00310356,2012-03-11,TMAX,150
USW00093719,2011-10-05,TMIN,94
USC00316676,2009-11-12,TMIN,150
USC00316676,2007-07-13,TMAX,339
USC00316676,2009-11-12,TMAX,172
USC00314689,2011-09-04,TMIN,172
USC00317170,2012-05-14,TMIN,167
USW00093765,2008-08-22,TMAX,289
USC00317170,2012-05-14,TMAX,267
USC00310356,2012-03-11,TMIN,61
USC00316676,2008-05-28,TMAX,294
USC00310356,2005-03-30,TMIN,111
USW00093765,2008-08-22,TMIN,222
USC00315830,2010-12-01,TMIN,128
USW00093743,2007-06-03,TMIN,211
USC00310356,2005-03-30,TMAX,222
USR0000NCRN,2015-02-23,TMIN,-11
USR0000NNWB,2012-11-10,TMAX,228
USC00316676,2008-05-28,TMIN,144
USC00310356,2013-11-04,TMIN,106
USR0000NHOF,2010-08-29,TMIN,150
USC00310576,2011-06-07,TMIN,161
USR0000NNWB,2012-01-10,TMAX,161
USC00310576,2006-09-26,TMAX,239
USC00316676,2005-02-21,TMAX,167
USC00316676,2005-02-21,TMIN,78
USC00310576,2006-09-26,TMIN,122
USR0000NNWB,2012-01-10,TMIN,72
USC00310356,2005-04-14,TMIN,83
USC00310576,2012-11-18,TMAX,144
USC00310356,2005-04-14,TMAX,161
USW00093743,2012-08-26,TMAX,294
USW00093743,2008-12-10,TMAX,194
USW00013754,2011-07-28,TMAX,361
USW00093765,2008-02-01,TMAX,206
USW00093765,2008-02-01,TMIN,100
USC00314144,2009-03-23,TMIN,-28
USC00314144,2009-03-23,TMAX,189
USW00013754,2011-07-28,TMIN,239
USC00310576,2012-11-18,TMIN,72
USW00093719,2013-10-04,TMAX,306
USC00316096,2014-06-25,TMIN,222
USC00310356,2013-11-04,TMAX,183
USC00314684,2006-12-18,TMIN,17
USR0000NNWB,2013-02-11,TMAX,189
USC00315830,2005-05-03,TMAX,222
USC00315830,2005-05-03,TMIN,83
USR0000NNWB,2013-02-11,TMIN,94
USW00013754,2012-12-02,TMAX,206
USC00310576,2010-11-21,TMIN,28
USC00310576,2010-11-21,TMAX,206
USC00316096,2010-12-29,TMAX,94
USC00310356,2012-08-26,TMAX,256
USC00310356,2012-08-26,TMIN,211
USC00316096,2010-12-29,TMIN,-50
USC00314689,2007-05-28,TMAX,306
USC00316096,2014-06-25,TMAX,300
USW00093743,2008-12-10,TMIN,161
USW00093719,2013-10-04,TMIN,161
USC00316096,2011-02-20,TMIN,-11
USC00310356,2006-12-29,TMIN,61
USC00316676,2015-05-12,TMIN,206
USW00013754,2009-01-14,TMIN,-21
USC00314144,2009-06-12,TMIN,189
USC00314144,2009-06-12,TMAX,322
USC00314684,2011-06-29,TMAX,344
USW00013754,2005-09-12,TMAX,278
USW00093765,2010-04-11,TMAX,200
USW00093765,2010-04-11,TMIN,67
USC00315830,2005-12-06,TMIN,33
USR0000NNWB,2012-10-09,TMIN,122
USW00013754,2005-09-12,TMIN,217
USW00093719,2012-09-06,TMIN,222
USW00093719,2012-09-06,TMAX,328
USC00314144,2008-04-01,TMAX,217
USC00316676,2012-12-29,TMAX,94
USC00314684,2014-05-20,TMIN,78
USW00093719,2008-10-12,TMAX,256
USC00316676,2012-12-29,TMIN,6
USC00314684,2011-06-29,TMIN,217
USW00093719,2008-10-12,TMIN,167
USW00013754,2015-09-23,TMIN,206
USW00013754,2014-04-30,TMAX,261
USW00093765,2005-10-09,TMAX,283
USC00310576,2014-07-11,TMAX,322
USC00310576,2014-07-11,TMIN,217
USW00093765,2007-05-30,TMIN,178
USW00093765,2007-05-30,TMAX,283
USW00013754,2015-09-23,TMAX,250
USC00314144,2011-04-04,TMIN,139
USC00315830,2005-12-06,TMAX,144
USW00093765,2005-10-09,TMIN,217
USW00093765,2007-03-18,TMIN,-5
USR0000NHOF,2009-02-23,TMIN,-72
USW00013754,2014-04-30,TMIN,194
USC00314684,2009-06-21,TMAX,350
USC00314684,2009-06-21,TMIN,239
USC00314144,2011-04-04,TMAX,239
USR0000NNWB,2012-10-09,TMAX,150
USR0000NHOF,2009-02-23,TMAX,72
USR0000NCRN,2011-02-08,TMAX,122
USW00093719,2011-02-23,TMIN,0
USW00093719,2011-02-23,TMAX,128
USC00315830,2013-03-25,TMIN,28
USC00310576,2005-10-16,TMAX,228
USW00093765,2011-07-17,TMIN,200
USC00315830,2011-02-07,TMAX,106
USW00093765,2010-12-26,TMIN,-10
USW00093765,2011-07-17,TMAX,300
USR0000NNWB,2015-03-07,TMIN,-56
USC00310576,2005-10-16,TMIN,100
USC00315830,2011-02-07,TMIN,33
USR0000NNWB,2015-03-07,TMAX,150
USC00310576,2012-03-08,TMAX,183
USC00310576,2009-01-26,TMAX,56
USW00093719,2006-08-08,TMIN,233
USC00310576,2012-03-08,TMIN,22
USW00093719,2006-08-08,TMAX,344
USW00013754,2013-07-11,TMAX,306
USW00093765,2010-12-26,TMAX,44
USC00314144,2008-04-01,TMIN,178
USC00310576,2007-08-11,TMIN,228
USC00314684,2014-05-20,TMAX,222
USC00317170,2008-02-01,TMAX,228
USC00317170,2008-02-01,TMIN,83
USR0000NCRN,2011-10-04,TMAX,217
USC00310576,2009-01-26,TMIN,33
USC00315830,2006-01-17,TMIN,100
USC00315830,2006-01-17,TMAX,200
USC00310576,2015-10-01,TMIN,217
USC00310576,2015-10-01,TMAX,300
USC00314684,2012-01-30,TMIN,-22
USC00316096,2011-09-04,TMIN,156
USC00317170,2013-11-25,TMIN,-56
USC00317170,2013-11-25,TMAX,72
USR0000NCRN,2008-10-14,TMIN,117
USC00316096,2011-09-04,TMAX,300
USR0000NCRN,2008-10-14,TMAX,283
USC00315830,2013-03-25,TMAX,144
USC00314684,2012-01-30,TMAX,117
USR0000NCRN,2010-06-16,TMIN,233
USC00316676,2007-04-12,TMAX,200
USW00093765,2007-03-18,TMAX,100
USR0000NCRN,2008-11-09,TMIN,56
USR0000NHOF,2014-04-16,TMAX,144
USC00315830,2008-08-16,TMAX,283
USC00310356,2015-07-16,TMIN,239
USC00310356,2015-07-16,TMAX,283
USR0000NHOF,2014-04-16,TMIN,22
USR0000NNWB,2015-11-15,TMAX,194
USC00314689,2014-03-05,TMAX,50
USC00315830,2014-06-06,TMAX,272
USC00314689,2010-11-26,TMIN,172
USW00013754,2008-06-29,TMAX,328
USW00013754,2008-06-29,TMIN,239
USC00316676,2015-10-29,TMIN,200
USC00315830,2014-10-02,TMIN,167
USC00315830,2014-10-02,TMAX,267
USC00316676,2015-10-29,TMAX,256
USC00314689,2010-11-26,TMAX,206
USC00314144,2005-08-20,TMIN,228
USC00314689,2014-03-05,TMIN,-28
USC00310576,2013-04-24,TMIN,67
USC00310576,2015-04-21,TMIN,178
USW00013754,2009-01-14,TMAX,67
USC00310356,2014-04-16,TMAX,306
USC00310356,2014-04-16,TMIN,39
USR0000NHOF,2010-10-06,TMIN,39
USR0000NNWB,2015-11-15,TMIN,6
USR0000NCRN,2008-11-09,TMAX,194
USC00310576,2013-04-24,TMAX,178
USC00314689,2014-06-25,TMAX,317
USC00314689,2014-06-25,TMIN,228
USC00310576,2009-12-14,TMIN,106
USC00310576,2013-01-21,TMIN,6
USC00310576,2013-01-21,TMAX,189
USC00314689,2007-10-17,TMIN,144
USC00314689,2007-10-17,TMAX,283
USW00013754,2013-10-04,TMIN,156
USC00310576,2009-12-14,TMAX,206
USR0000NCRN,2010-05-22,TMIN,128
USR0000NCRN,2010-05-22,TMAX,272
USC00314144,2005-08-20,TMAX,372
USC00316096,2009-11-21,TMAX,156
USC00316096,2009-11-21,TMIN,94
USC00314684,2010-04-15,TMIN,6
USC00314684,2010-04-15,TMAX,144
USC00314684,2009-08-30,TMIN,222
USC00316676,2007-04-12,TMIN,122
USC00314684,2006-05-16,TMIN,100
USC00314684,2009-08-30,TMAX,317
USR0000NCRN,2010-06-16,TMAX,311
USW00093765,2014-12-27,TMIN,11
USW00093719,2015-12-10,TMAX,217
USW00093765,2014-12-27,TMAX,161
USC00315830,2008-07-07,TMIN,222
USW00093765,2011-12-22,TMIN,150
USW00093719,2015-12-10,TMIN,78
USW00093765,2011-12-22,TMAX,211
USC00314684,2006-05-16,TMAX,261
USR0000NCRN,2011-02-08,TMIN,6
USW00093719,2013-02-11,TMIN,100
USW00093719,2013-02-11,TMAX,194
USW00013754,2013-10-04,TMAX,294
USC00315830,2008-08-16,TMIN,206
USW00013754,2012-10-09,TMAX,167
USW00013754,2012-10-09,TMIN,133
USC00315830,2014-06-06,TMIN,217
USR0000NCRN,2006-01-06,TMAX,100
USR0000NCRN,2006-01-06,TMIN,17
USC00316096,2014-03-05,TMIN,0
USC00316096,2014-03-05,TMAX,39
USW00013754,2010-10-25,TMIN,122
USC00314684,2014-07-03,TMIN,228
USC00315830,2007-04-23,TMIN,100
USC00315830,2007-04-23,TMAX,222
USR0000NHOF,2007-06-03,TMAX,267
USR0000NHOF,2007-06-03,TMIN,194
USW00013754,2010-10-25,TMAX,261
USC00314684,2014-07-03,TMAX,344
USR0000NHOF,2010-10-06,TMAX,189
USC00314684,2011-02-20,TMAX,217
USC00310356,2006-12-29,TMAX,156
USR0000NHOF,2013-03-25,TMIN,0
USW00093765,2006-10-09,TMIN,183
USR0000NNWB,2014-09-06,TMAX,317
USR0000NNWB,2006-09-02,TMAX,289
USW00093719,2007-06-16,TMIN,150
USR0000NNWB,2014-09-06,TMIN,228
USR0000NHOF,2009-10-19,TMIN,0
USC00316096,2014-04-15,TMAX,217
USW00093765,2006-10-09,TMAX,261
USC00310356,2009-07-25,TMIN,228
USC00310356,2009-07-25,TMAX,300
USC00316096,2014-04-15,TMIN,100
USC00316096,2012-04-23,TMAX,150
USR0000NHOF,2009-10-19,TMAX,156
USC00316096,2012-04-23,TMIN,56
USR0000NCRN,2006-08-23,TMIN,217
USW00093765,2006-10-19,TMIN,200
USW00093719,2007-06-16,TMAX,272
USW00093765,2006-10-19,TMAX,250
USR0000NNWB,2006-09-02,TMIN,172
USR0000NCRN,2013-04-25,TMIN,94
USC00316676,2011-04-11,TMAX,222
USC00314689,2007-05-21,TMIN,167
USC00314689,2007-05-21,TMAX,306
USC00310356,2005-06-15,TMAX,283
USR0000NNWB,2006-01-17,TMIN,89
USR0000NNWB,2006-01-17,TMAX,217
USC00310576,2005-01-27,TMAX,72
USR0000NCRN,2013-04-25,TMAX,211
USW00093743,2009-07-25,TMIN,250
USC00310576,2005-01-27,TMIN,-17
USC00310576,2015-09-16,TMIN,94
USC00310576,2015-09-16,TMAX,261
USC00316676,2014-05-20,TMIN,78
USC00316676,2014-05-20,TMAX,233
USW00093719,2012-12-29,TMAX,106
USW00093719,2012-12-29,TMIN,56
USW00093743,2009-07-25,TMAX,306
USR0000NHOF,2010-06-26,TMAX,328
USC00315830,2005-09-26,TMIN,211
USR0000NCRN,2006-08-23,TMAX,311
USC00314689,2012-04-23,TMAX,156
USC00314689,2012-04-23,TMIN,94
USR0000NCRN,2014-10-03,TMIN,183
USR0000NCRN,2014-10-03,TMAX,250
USW00093765,2007-04-06,TMAX,133
USC00314684,2014-04-30,TMAX,283
USC00316676,2010-09-12,TMAX,244
USC00314684,2014-04-30,TMIN,150
USR0000NNWB,2009-11-26,TMIN,78
USW00093743,2012-10-26,TMIN,156
USR0000NNWB,2007-04-23,TMIN,89
USW00093743,2012-10-26,TMAX,250
USR0000NNWB,2014-11-14,TMIN,-17
USC00316676,2010-09-12,TMIN,194
USR0000NCRN,2008-12-25,TMAX,178
USR0000NNWB,2007-04-23,TMAX,283
USR0000NNWB,2014-11-14,TMAX,72
USC00315830,2005-09-26,TMAX,317
USR0000NCRN,2010-12-25,TMIN,-61
USC00310356,2009-10-27,TMIN,156
USW00013754,2014-11-14,TMAX,83
USW00013754,2007-03-18,TMAX,100
USW00013754,2014-11-14,TMIN,33
USW00013754,2007-03-18,TMIN,-21
USW00013754,2012-06-12,TMIN,228
USW00093765,2005-11-13,TMAX,222
USW00093765,2005-11-13,TMIN,78
USR0000NCRN,2010-12-25,TMAX,100
USW00013754,2012-06-12,TMAX,278
USW00093719,2007-11-25,TMAX,111
USC00314144,2009-07-14,TMAX,283
USC00314144,2009-07-14,TMIN,183
USC00316676,2008-10-26,TMIN,111
USC00316676,2008-10-26,TMAX,256
USC00310356,2009-10-27,TMAX,189
USW00093765,2007-04-06,TMIN,44
USW00093719,2007-11-25,TMIN,72
USR0000NNWB,2009-11-26,TMAX,200
USW00093765,2006-11-07,TMIN,117
USC00315830,2013-07-10,TMAX,306
USR0000NHOF,2008-03-18,TMIN,-28
USR0000NCRN,2007-09-01,TMIN,194
USR0000NCRN,2007-09-01,TMAX,300
USR0000NHOF,2012-03-08,TMIN,78
USC00314684,2007-08-08,TMIN,256
USC00315830,2015-11-18,TMAX,206
USR0000NNWB,2014-06-25,TMAX,333
USW00013754,2014-09-06,TMIN,228
USR0000NNWB,2014-06-25,TMIN,228
USW00013754,2014-12-11,TMIN,-27
USW00013754,2014-12-11,TMAX,100
USC00310576,2005-11-01,TMIN,61
USC00310576,2009-06-15,TMAX,272
USC00310576,2009-06-15,TMIN,194
USR0000NCRN,2010-02-23,TMAX,133
USC00310576,2009-12-03,TMIN,122
USC00310356,2005-06-15,TMIN,233
USR0000NCRN,2010-02-23,TMIN,50
USR0000NHOF,2008-03-18,TMAX,172
USR0000NHOF,2012-03-08,TMAX,222
USC00314684,2012-04-23,TMIN,83
USR0000NHOF,2013-04-25,TMIN,67
USR0000NHOF,2013-04-25,TMAX,189
USC00314684,2007-08-08,TMAX,361
USC00316096,2010-04-25,TMAX,228
USW00013754,2008-12-04,TMAX,178
USW00093719,2015-03-20,TMAX,178
USW00013754,2014-09-06,TMAX,317
USW00093743,2013-04-25,TMIN,106
USC00316676,2013-03-24,TMAX,144
USC00316676,2013-03-24,TMIN,33
USC00310576,2008-05-09,TMIN,111
USC00310576,2005-11-01,TMAX,211
USC00310576,2008-05-09,TMAX,272
USC00310356,2013-04-25,TMIN,128
USC00310356,2013-04-25,TMAX,194
USW00093743,2013-04-25,TMAX,211
USC00315830,2013-07-10,TMIN,256
USC00310576,2009-12-03,TMAX,233
USR0000NCRN,2009-08-09,TMAX,311
USW00013754,2005-01-07,TMAX,206
USW00013754,2005-01-07,TMIN,100
USW00093743,2014-01-15,TMAX,156
USC00315830,2015-11-18,TMIN,100
USC00317170,2011-08-29,TMAX,333
USC00317170,2011-08-29,TMIN,200
USW00093743,2014-01-15,TMIN,11
USC00310356,2008-10-14,TMAX,272
USC00314689,2011-12-22,TMIN,156
USC00310356,2007-02-19,TMIN,-17
USC00310356,2007-02-19,TMAX,78
USR0000NHOF,2014-01-15,TMAX,167
USC00314689,2011-12-22,TMAX,239
USR0000NHOF,2014-01-15,TMIN,0
USR0000NHOF,2010-06-26,TMIN,222
USC00316676,2011-04-11,TMIN,128
USW00093765,2006-11-07,TMAX,222
USR0000NCRN,2009-08-09,TMIN,278
USC00310356,2008-10-14,TMIN,161
USC00314689,2006-03-01,TMIN,94
USC00315830,2014-03-06,TMIN,22
USC00315830,2014-03-06,TMAX,61
USR0000NHOF,2009-07-25,TMIN,194
USC00310576,2011-01-24,TMAX,83
USR0000NHOF,2009-07-25,TMAX,294
USC00314144,2010-06-16,TMAX,339
USW00013754,2010-03-27,TMIN,44
USC00310576,2011-01-24,TMIN,-78
USW00013754,2010-03-27,TMAX,128
USR0000NNWB,2012-06-12,TMAX,283
USC00310356,2014-01-15,TMAX,172
USC00310356,2014-01-15,TMIN,61
USC00314144,2010-06-16,TMIN,217
USW00093743,2011-07-14,TMAX,322
USW00093743,2011-07-14,TMIN,206
USC00314689,2006-03-01,TMAX,233
USR0000NNWB,2012-06-12,TMIN,222
USC00314144,2005-07-17,TMAX,333
USR0000NHOF,2011-07-14,TMAX,311
USC00315830,2009-04-22,TMIN,144
USC00310356,2006-07-16,TMAX,283
USR0000NHOF,2006-03-08,TMIN,-78
USR0000NHOF,2010-02-23,TMAX,133
USR0000NHOF,2010-02-23,TMIN,39
USC00314144,2007-12-12,TMIN,122
USC00314144,2007-12-12,TMAX,178
USC00317170,2012-01-20,TMIN,11
USR0000NCRN,2015-07-02,TMIN,244
USC00316676,2013-01-16,TMAX,156
USC00316676,2011-12-09,TMAX,128
USR0000NHOF,2006-03-08,TMAX,150
USW00013754,2013-07-10,TMAX,311
USW00013754,2013-07-10,TMIN,228
USW00093765,2010-05-14,TMAX,261
USC00315830,2012-07-12,TMIN,228
USC00316676,2013-01-16,TMIN,111
USC00316676,2011-12-09,TMIN,6
USC00316676,2012-05-14,TMIN,128
USC00314689,2011-09-21,TMAX,289
USC00314689,2011-09-21,TMIN,200
USC00316096,2011-12-22,TMAX,211
USW00093743,2010-02-23,TMAX,144
USW00093743,2010-02-23,TMIN,50
USC00310576,2010-05-04,TMAX,328
USC00310576,2010-05-04,TMIN,222
USW00013754,2009-04-06,TMAX,239
USR0000NHOF,2005-09-12,TMAX,278
USC00310356,2006-07-16,TMIN,200
USR0000NHOF,2005-09-12,TMIN,200
USW00013754,2009-04-06,TMIN,117
USC00314689,2009-03-02,TMAX,39
USC00314684,2015-10-16,TMAX,233
USC00316676,2012-08-09,TMAX,283
USC00314684,2015-10-16,TMIN,78
USC00316676,2012-08-09,TMIN,211
USR0000NCRN,2015-07-02,TMAX,300
USC00314689,2009-03-02,TMIN,-6
USC00316096,2011-12-22,TMIN,144
USC00316676,2012-05-14,TMAX,244
USC00314689,2010-01-20,TMAX,200
USC00310356,2010-12-06,TMAX,89
USW00093743,2010-08-20,TMAX,306
USW00093719,2014-06-25,TMAX,333
USW00093743,2010-08-20,TMIN,233
USC00316676,2011-08-07,TMAX,317
USW00093719,2014-06-25,TMIN,233
USC00315830,2015-08-04,TMIN,217
USC00316096,2012-07-27,TMAX,328
USC00315830,2015-08-04,TMAX,272
USC00310576,2008-02-07,TMAX,267
USR0000NCRN,2012-10-09,TMAX,178
USW00013754,2015-01-27,TMIN,-5
USR0000NCRN,2012-10-09,TMIN,128
USR0000NCRN,2005-07-31,TMAX,283
USC00310356,2010-12-06,TMIN,-11
USC00316676,2011-08-07,TMIN,244
USC00310576,2008-02-07,TMIN,167
USC00314689,2010-01-20,TMIN,56
USR0000NNWB,2007-07-22,TMAX,261
USC00310576,2011-02-26,TMIN,44
USC00317170,2012-01-20,TMAX,156
USC00315830,2012-07-12,TMAX,294
USW00093765,2010-05-14,TMIN,189
USC00310576,2011-02-26,TMAX,217
USC00314684,2015-05-12,TMAX,294
USC00310356,2011-01-06,TMAX,94
USC00314684,2015-05-12,TMIN,200
USR0000NNWB,2007-07-22,TMIN,167
USR0000NHOF,2015-04-10,TMIN,178
USR0000NCRN,2011-04-04,TMIN,161
USR0000NHOF,2006-09-26,TMAX,250
USC00310356,2011-01-06,TMIN,28
USC00315830,2015-12-01,TMIN,128
USC00316096,2012-07-27,TMIN,267
USR0000NHOF,2006-09-26,TMIN,83
USC00315830,2015-12-01,TMAX,172
USR0000NHOF,2015-04-10,TMAX,289
USC00310356,2010-08-20,TMIN,261
USC00310356,2010-08-20,TMAX,300
USR0000NHOF,2015-01-05,TMIN,-6
USW00093719,2015-12-20,TMAX,133
USW00093743,2009-10-19,TMIN,50
USR0000NHOF,2009-01-23,TMAX,161
USW00093743,2009-10-19,TMAX,172
USC00310576,2013-12-16,TMAX,139
USC00316676,2012-09-06,TMIN,206
USC00316676,2012-09-06,TMAX,311
USW00093719,2015-12-20,TMIN,-21
USR0000NCRN,2012-03-17,TMAX,267
USC00310576,2013-12-16,TMIN,17
USR0000NHOF,2009-01-23,TMIN,-17
USR0000NNWB,2007-09-27,TMIN,211
USR0000NCRN,2011-05-12,TMAX,228
USR0000NCRN,2011-05-12,TMIN,117
USR0000NNWB,2007-09-27,TMAX,306
USR0000NCRN,2013-09-18,TMAX,250
USR0000NCRN,2012-03-17,TMIN,150
USR0000NCRN,2006-09-12,TMAX,244
USR0000NCRN,2010-10-06,TMIN,67
USR0000NNWB,2005-01-07,TMIN,100
USC00315830,2009-04-22,TMAX,217
USC00314689,2014-04-15,TMAX,256
USC00314689,2014-04-15,TMIN,194
USR0000NCRN,2010-10-06,TMAX,200
USR0000NHOF,2011-07-14,TMIN,189
USC00314689,2006-07-31,TMAX,356
USC00314689,2006-01-05,TMAX,183
USC00314144,2005-07-17,TMIN,239
USC00310356,2012-10-26,TMIN,172
USC00317170,2008-01-09,TMIN,144
USC00317170,2008-01-09,TMAX,239
USC00310356,2012-10-26,TMAX,289
USC00314689,2006-07-31,TMIN,239
USC00315830,2007-06-23,TMAX,294
USC00315830,2007-06-23,TMIN,233
USR0000NNWB,2005-01-07,TMAX,211
USC00314689,2006-01-05,TMIN,78
USR0000NCRN,2006-09-12,TMIN,150
USR0000NCRN,2013-09-18,TMIN,128
USC00310356,2009-10-19,TMIN,67
USC00316676,2015-07-28,TMIN,206
USW00093719,2014-09-06,TMAX,333
USC00310356,2010-02-23,TMAX,144
USC00310356,2010-02-23,TMIN,44
USC00314144,2009-02-02,TMIN,-17
USC00317170,2008-09-03,TMIN,161
USW00093719,2014-09-06,TMIN,228
USW00093743,2009-10-27,TMIN,156
USC00314144,2009-12-14,TMAX,156
USC00314144,2009-02-02,TMAX,167
USC00314144,2009-12-14,TMIN,78
USR0000NCRN,2005-02-02,TMIN,0
USC00310576,2006-05-17,TMIN,94
USC00310576,2006-05-17,TMAX,256
USC00317170,2009-08-30,TMIN,233
USR0000NCRN,2005-02-02,TMAX,117
USC00317170,2008-09-03,TMAX,328
USW00093765,2005-06-18,TMIN,194
USC00310356,2006-09-26,TMIN,161
USC00316676,2015-07-28,TMAX,311
USR0000NNWB,2015-01-27,TMIN,-22
USC00310576,2005-08-20,TMIN,244
USC00310576,2005-08-20,TMAX,344
USC00310356,2009-10-19,TMAX,106
USW00013754,2005-10-09,TMAX,267
USW00013754,2005-10-09,TMIN,211
USC00310356,2005-09-12,TMAX,267
USC00310356,2005-09-12,TMIN,222
USW00093743,2009-10-27,TMAX,217
USR0000NNWB,2015-01-27,TMAX,67
USC00310356,2010-06-26,TMIN,261
USC00310356,2010-06-26,TMAX,306
USW00093765,2005-06-18,TMAX,278
USC00317170,2009-08-30,TMAX,333
USC00310356,2006-09-26,TMAX,278
USR0000NHOF,2006-07-16,TMIN,194
USR0000NHOF,2006-07-16,TMAX,317
USC00314684,2012-04-23,TMAX,172
USC00316096,2010-04-25,TMIN,167
USW00013754,2008-12-04,TMIN,-21
USC00314684,2011-04-07,TMIN,17
USC00310576,2009-03-17,TMAX,133
USC00315830,2006-03-30,TMAX,200
USC00315830,2006-03-30,TMIN,56
USC00310576,2013-04-25,TMIN,78
USC00310576,2013-04-25,TMAX,222
USC00316096,2014-04-30,TMIN,189
USW00093719,2008-08-22,TMAX,300
USW00093719,2006-08-20,TMAX,333
USC00316096,2011-07-17,TMIN,167
USC00310576,2009-03-17,TMIN,100
USC00310576,2008-12-09,TMIN,-22
USC00316096,2011-07-17,TMAX,306
USW00093765,2008-05-28,TMAX,256
USW00093765,2008-05-28,TMIN,150
USW00093719,2008-08-22,TMIN,200
USW00093719,2006-08-20,TMIN,228
USC00316096,2014-04-30,TMAX,261
USR0000NHOF,2006-11-29,TMAX,239
USC00314689,2008-03-22,TMAX,222
USR0000NNWB,2010-04-11,TMIN,50
USR0000NCRN,2013-10-05,TMIN,161
USR0000NCRN,2013-10-05,TMAX,294
USC00310356,2005-07-21,TMIN,239
USR0000NHOF,2008-10-14,TMAX,272
USW00093765,2011-08-29,TMAX,300
USC00316096,2014-12-27,TMIN,-11
USR0000NHOF,2007-03-04,TMIN,-39
USC00310576,2008-12-09,TMAX,106
USC00316096,2014-12-27,TMAX,167
USC00316096,2010-04-07,TMIN,161
USR0000NHOF,2008-04-20,TMAX,244
USR0000NHOF,2008-04-20,TMIN,122
USC00314144,2010-11-16,TMAX,228
USC00314689,2008-03-22,TMIN,94
USC00316096,2010-04-07,TMAX,228
USR0000NNWB,2010-04-11,TMAX,250
USW00093765,2011-08-29,TMIN,222
USC00310576,2014-10-03,TMAX,267
USR0000NCRN,2011-03-16,TMAX,211
USR0000NHOF,2006-11-29,TMIN,83
USR0000NNWB,2015-10-01,TMAX,233
USC00314144,2005-03-20,TMIN,72
USW00013754,2011-11-07,TMIN,106
USC00314144,2011-05-08,TMAX,250
USC00316676,2013-12-22,TMIN,117
USR0000NHOF,2007-01-15,TMAX,239
USW00013754,2011-11-07,TMAX,217
USC00316676,2006-04-26,TMIN,156
USC00317170,2010-10-20,TMAX,239
USC00314144,2011-05-08,TMIN,100
USC00317170,2010-10-20,TMIN,133
USR0000NHOF,2007-01-15,TMIN,89
USC00316096,2010-01-04,TMAX,22
USC00316096,2010-01-04,TMIN,-67
USW00093719,2009-11-21,TMAX,156
USW00093719,2009-11-21,TMIN,83
USC00316676,2013-12-22,TMAX,233
USR0000NCRN,2011-03-16,TMIN,83
USC00316676,2006-04-26,TMAX,300
USR0000NNWB,2015-10-01,TMIN,172
USW00093719,2007-04-23,TMIN,78
USW00093719,2007-07-22,TMIN,178
USW00093719,2007-07-22,TMAX,267
USC00316676,2013-10-29,TMAX,217
USC00316676,2013-10-29,TMIN,67
USC00314144,2005-09-12,TMAX,294
USC00314144,2005-09-12,TMIN,194
USC00314144,2005-03-20,TMAX,211
USW00093719,2007-04-23,TMAX,272
USW00093719,2015-01-27,TMIN,-16
USW00093719,2015-01-27,TMAX,89
USW00093719,2012-06-12,TMAX,289
USC00314689,2014-08-01,TMAX,300
USC00317170,2012-04-23,TMAX,156
USC00317170,2012-04-23,TMIN,94
USC00314689,2014-08-01,TMIN,211
USW00093719,2012-06-12,TMIN,222
USC00310576,2014-10-03,TMIN,139
USR0000NHOF,2011-02-10,TMAX,28
USC00310356,2005-07-21,TMAX,306
USC00317170,2015-05-12,TMAX,322
USC00316676,2012-12-12,TMIN,100
USC00317170,2015-05-12,TMIN,211
USR0000NNWB,2011-11-07,TMIN,156
USR0000NNWB,2011-11-07,TMAX,233
USC00316676,2012-12-12,TMAX,222
USC00317170,2014-04-15,TMAX,239
USC00316676,2010-01-20,TMAX,206
USR0000NCRN,2013-11-26,TMIN,33
USC00317170,2014-04-15,TMIN,194
USC00316096,2014-08-01,TMAX,250
USW00013754,2005-06-25,TMAX,283
USC00316096,2014-08-01,TMIN,222
USC00314144,2010-11-16,TMIN,128
USC00316096,2010-12-12,TMIN,50
USC00314689,2012-06-02,TMAX,283
USR0000NCRN,2013-11-26,TMAX,200
USC00315830,2008-08-05,TMAX,317
USC00316676,2010-01-20,TMIN,22
USC00314689,2014-04-30,TMIN,200
USC00314684,2010-12-08,TMAX,6
USW00013754,2007-08-07,TMAX,333
USC00315830,2013-01-21,TMIN,11
USC00310356,2010-09-05,TMAX,317
USC00315830,2009-06-26,TMIN,211
USC00315830,2009-06-26,TMAX,306
USC00317170,2008-10-20,TMIN,50
USC00314689,2014-04-30,TMAX,278
USC00316676,2012-01-30,TMAX,139
USC00310576,2005-08-08,TMIN,228
USW00093743,2008-04-20,TMAX,211
USW00093743,2008-04-20,TMIN,167
USC00315830,2013-01-21,TMAX,172
USC00310576,2005-08-08,TMAX,294
USC00315830,2007-04-10,TMIN,17
USC00315830,2011-03-30,TMAX,156
USC00317170,2008-10-20,TMAX,178
USC00314689,2012-06-02,TMIN,189
USC00316096,2010-12-12,TMAX,161
USC00314689,2006-09-30,TMIN,94
USW00093765,2009-08-30,TMIN,256
USC00310576,2011-06-17,TMIN,189
USC00315830,2011-12-18,TMIN,6
USC00314689,2007-08-15,TMIN,217
USW00093765,2012-04-23,TMAX,172
USW00093765,2012-04-23,TMIN,72
USC00317170,2015-12-20,TMIN,-22
USC00314689,2005-11-05,TMAX,233
USC00317170,2015-12-20,TMAX,128
USW00093765,2007-12-17,TMIN,11
USW00093765,2007-12-17,TMAX,72
USR0000NHOF,2007-03-04,TMAX,106
USC00310576,2011-06-17,TMAX,306
USC00315830,2008-11-21,TMIN,-6
USC00314689,2007-08-15,TMAX,344
USR0000NHOF,2008-10-14,TMIN,72
USC00317170,2015-09-03,TMAX,317
USW00093765,2009-08-30,TMAX,294
USC00316676,2006-01-27,TMIN,-44
USC00310356,2011-09-13,TMAX,294
USC00315830,2008-08-05,TMIN,233
USC00316676,2008-09-15,TMIN,228
USC00316676,2008-09-15,TMAX,322
USR0000NHOF,2011-02-10,TMIN,-56
USC00314689,2006-09-30,TMAX,239
USC00315830,2011-12-18,TMAX,106
USC00310576,2008-12-31,TMAX,167
USC00310576,2009-09-23,TMIN,222
USC00314689,2012-07-05,TMAX,356
USC00310576,2009-09-23,TMAX,278
USC00314689,2012-07-05,TMIN,250
USC00310356,2011-09-13,TMIN,206
USC00310576,2008-12-31,TMIN,39
USW00013754,2005-06-25,TMIN,211
USC00316676,2006-01-27,TMAX,94
USC00317170,2015-09-03,TMIN,194
USC00314689,2005-11-05,TMIN,122
USR0000NNWB,2012-12-29,TMAX,100
USC00310576,2007-09-25,TMAX,289
USR0000NNWB,2012-12-29,TMIN,50
USC00315830,2012-02-21,TMIN,22
USC00314689,2010-01-04,TMIN,-67
USC00310356,2015-11-05,TMIN,183
USW00013754,2015-10-01,TMIN,189
USC00316676,2015-05-28,TMIN,178
USW00013754,2015-10-01,TMAX,239
USC00316676,2015-05-28,TMAX,289
USW00093743,2009-10-10,TMAX,289
USC00310356,2009-10-10,TMIN,200
USW00093743,2009-10-10,TMIN,211
USC00314684,2014-04-15,TMIN,122
USC00315830,2006-06-28,TMAX,289
USC00316676,2005-08-13,TMAX,333
USC00316676,2005-08-13,TMIN,217
USR0000NCRN,2005-09-12,TMAX,272
USC00316676,2008-01-06,TMAX,144
USC00310356,2011-07-14,TMIN,244
USC00314684,2014-04-15,TMAX,267
USR0000NCRN,2005-09-12,TMIN,222
USC00314689,2010-01-04,TMAX,22
USW00093765,2008-07-26,TMAX,294
USC00314689,2013-12-28,TMIN,50
USC00316676,2008-01-06,TMIN,-67
USC00316676,2015-02-13,TMIN,-17
USR0000NCRN,2008-05-01,TMAX,217
USR0000NCRN,2008-05-01,TMIN,72
USC00310356,2011-07-14,TMAX,317
USC00310356,2008-03-18,TMAX,122
USC00310356,2009-10-10,TMAX,278
USR0000NNWB,2011-04-26,TMIN,200
USC00310356,2008-03-18,TMIN,44
USC00315830,2008-02-12,TMAX,178
USC00315830,2008-02-12,TMIN,6
USC00310576,2010-11-01,TMIN,94
USC00317170,2008-05-28,TMAX,222
USC00317170,2008-05-28,TMIN,139
USW00093765,2008-07-26,TMIN,211
USR0000NNWB,2011-04-26,TMAX,283
USC00310356,2005-05-03,TMIN,128
USC00315830,2006-06-28,TMIN,228
USC00314689,2008-02-19,TMIN,28
USR0000NHOF,2005-05-03,TMAX,211
USC00315830,2013-08-16,TMIN,194
USR0000NHOF,2009-10-10,TMAX,300
USR0000NHOF,2009-10-10,TMIN,183
USW00093743,2008-10-14,TMAX,272
USC00315830,2013-08-16,TMAX,244
USC00316096,2012-03-23,TMAX,256
USW00093765,2011-09-27,TMIN,217
USR0000NHOF,2005-05-03,TMIN,72
USC00310356,2014-10-03,TMAX,256
USW00093719,2015-03-20,TMIN,72
USR0000NNWB,2007-03-12,TMIN,39
USC00310356,2014-07-15,TMAX,300
USC00314689,2011-02-12,TMAX,111
USC00314689,2011-02-12,TMIN,67
USR0000NNWB,2007-03-12,TMAX,189
USC00310356,2014-10-03,TMIN,189
USC00314689,2007-07-31,TMIN,222
USC00316676,2007-10-19,TMIN,189
USW00093765,2011-09-27,TMAX,267
USC00314689,2008-02-19,TMAX,211
USC00314684,2011-04-07,TMAX,194
USC00310576,2010-11-01,TMAX,239
USC00310356,2014-07-15,TMIN,239
USR0000NHOF,2014-10-03,TMIN,189
USR0000NHOF,2014-10-03,TMAX,294
USW00093719,2011-10-27,TMAX,267
USC00316096,2011-03-03,TMAX,100
USW00093743,2008-03-18,TMAX,172
USW00093743,2008-03-18,TMIN,22
USC00316096,2011-03-03,TMIN,11
USC00314689,2007-07-31,TMAX,311
USC00314144,2008-12-07,TMIN,-72
USC00316096,2012-03-23,TMIN,117
USC00314144,2008-12-07,TMAX,83
USC00316676,2007-10-19,TMAX,300
USW00093719,2011-10-27,TMIN,133
USC00316676,2011-05-02,TMAX,233
USW00093765,2009-06-21,TMIN,228
USW00093765,2009-06-21,TMAX,322
USC00315830,2005-04-14,TMIN,78
USC00315830,2015-03-29,TMIN,-17
USC00315830,2005-04-14,TMAX,167
USC00314689,2012-07-27,TMIN,261
USR0000NNWB,2014-12-11,TMIN,-22
USC00315830,2008-04-04,TMIN,161
USC00317170,2011-02-20,TMAX,161
USC00315830,2015-03-29,TMAX,111
USC00315830,2008-04-04,TMAX,183
USR0000NNWB,2014-12-11,TMAX,94
USW00093743,2012-03-08,TMAX,217
USC00317170,2010-07-27,TMAX,317
USC00317170,2010-07-27,TMIN,222
USC00317170,2011-02-20,TMIN,22
USR0000NNWB,2010-03-27,TMIN,44
USR0000NNWB,2010-03-27,TMAX,150
USR0000NHOF,2011-04-02,TMIN,-11
USR0000NCRN,2015-01-03,TMAX,189
USW00093765,2015-12-20,TMAX,144
USR0000NCRN,2014-08-14,TMAX,283
USC00310356,2012-03-08,TMAX,211
USC00310356,2012-03-08,TMIN,94
USC00316676,2015-01-07,TMIN,6
USC00314689,2005-02-21,TMAX,167
USC00314689,2005-02-21,TMIN,78
USC00314689,2012-03-23,TMIN,161
USC00314689,2012-03-23,TMAX,278
USC00316676,2015-01-07,TMAX,167
USR0000NCRN,2009-05-27,TMAX,272
USR0000NCRN,2009-05-27,TMIN,200
USC00315830,2015-12-10,TMIN,50
USC00310576,2005-08-05,TMAX,317
USC00310576,2005-08-05,TMIN,211
USR0000NHOF,2011-04-02,TMAX,172
USR0000NCRN,2014-08-14,TMIN,172
USW00093765,2015-12-20,TMIN,6
USC00315830,2015-12-10,TMAX,200
USW00093743,2012-03-08,TMIN,100
USR0000NHOF,2014-07-15,TMIN,228
USC00310356,2013-02-11,TMAX,144
USW00013754,2014-06-25,TMAX,311
USW00013754,2014-06-25,TMIN,228
USC00314684,2006-01-05,TMIN,61
USR0000NHOF,2014-07-15,TMAX,333
USC00314684,2005-07-18,TMIN,239
USC00314684,2005-07-18,TMAX,333
USR0000NHOF,2013-02-11,TMAX,183
USC00314684,2006-01-05,TMAX,111
USR0000NHOF,2013-02-11,TMIN,78
USR0000NHOF,2007-02-19,TMAX,83
USC00315830,2010-07-08,TMAX,333
USC00316676,2011-05-02,TMIN,100
USC00316676,2015-02-13,TMAX,183
USC00310356,2005-05-03,TMAX,222
USC00314689,2012-07-27,TMAX,356
USC00310356,2015-11-05,TMAX,233
USC00315830,2010-07-08,TMIN,250
USC00310576,2009-03-23,TMAX,172
USC00310576,2009-03-23,TMIN,11
USR0000NHOF,2007-02-19,TMIN,-89
USC00310356,2013-02-11,TMIN,39
USC00314689,2013-12-28,TMAX,206
USW00093719,2007-08-21,TMAX,383
USC00314144,2010-02-23,TMAX,133
USR0000NCRN,2015-01-03,TMIN,100
USC00310576,2010-08-06,TMIN,228
USC00310576,2010-08-06,TMAX,344
USW00093719,2007-08-21,TMIN,228
USC00314144,2010-02-23,TMIN,39
USC00314144,2011-05-22,TMIN,144
USC00314144,2011-05-22,TMAX,294
USW00093765,2011-02-23,TMIN,22
USC00314144,2008-11-13,TMIN,117
USC00314144,2008-11-13,TMAX,228
USW00093743,2013-02-11,TMAX,161
USW00093743,2013-02-11,TMIN,89
USW00093765,2011-02-23,TMAX,122
USC00315830,2012-02-21,TMAX,178
USC00314689,2011-08-13,TMIN,217
USW00013754,2015-01-27,TMAX,78
USW00093765,2011-01-28,TMIN,-16
USR0000NHOF,2009-02-04,TMIN,-33
USW00093765,2008-10-20,TMIN,67
USC00310356,2008-05-01,TMAX,194
USW00093765,2014-06-25,TMIN,239
USR0000NNWB,2007-06-16,TMAX,283
USC00310356,2008-05-01,TMIN,100
USW00093719,2010-10-25,TMIN,117
USW00093719,2009-04-06,TMIN,117
USW00093765,2008-10-20,TMAX,178
USC00310356,2008-05-09,TMAX,233
USC00314684,2015-05-28,TMIN,189
USC00314684,2011-12-22,TMIN,144
USC00314684,2015-05-28,TMAX,311
USC00314144,2009-05-16,TMAX,261
USW00093719,2010-10-25,TMAX,250
USC00314144,2009-05-16,TMIN,194
USC00310356,2008-05-09,TMIN,189
USW00093719,2015-11-15,TMIN,17
USW00093719,2009-04-06,TMAX,256
USW00093765,2014-06-25,TMAX,300
USR0000NNWB,2006-10-19,TMAX,272
USC00315830,2009-01-10,TMAX,172
USC00315830,2009-01-10,TMIN,0
USC00316676,2005-03-10,TMAX,89
USC00315830,2011-11-07,TMIN,122
USC00315830,2011-11-07,TMAX,217
USR0000NCRN,2006-05-17,TMIN,94
USC00314689,2011-01-19,TMIN,44
USR0000NCRN,2006-05-17,TMAX,250
USC00317170,2010-01-20,TMIN,56
USR0000NHOF,2011-01-06,TMIN,-39
USC00317170,2010-01-20,TMAX,211
USW00093743,2008-05-09,TMIN,200
USR0000NNWB,2007-06-16,TMIN,161
USW00093743,2008-05-09,TMAX,261
USR0000NHOF,2009-02-04,TMAX,39
USR0000NHOF,2005-07-21,TMIN,233
USR0000NNWB,2006-10-19,TMIN,206
USC00317170,2009-11-21,TMAX,167
USW00093743,2009-09-23,TMAX,289
USC00315830,2008-01-12,TMAX,200
USC00315830,2008-01-12,TMIN,106
USW00013754,2009-08-16,TMAX,300
USR0000NHOF,2007-11-02,TMIN,117
USR0000NHOF,2014-03-06,TMIN,0
USW00013754,2009-08-16,TMIN,211
USR0000NHOF,2014-03-06,TMAX,61
USW00093765,2015-03-07,TMAX,111
USC00316096,2011-04-30,TMAX,239
USC00310576,2005-04-06,TMAX,278
USC00310576,2005-04-06,TMIN,78
USR0000NNWB,2006-03-30,TMAX,222
USR0000NNWB,2006-03-30,TMIN,39
USC00314689,2013-04-24,TMIN,89
USC00314689,2013-04-24,TMAX,244
USW00093765,2015-09-03,TMIN,217
USC00316096,2011-04-30,TMIN,111
USW00093743,2009-09-23,TMIN,217
USC00314144,2007-10-28,TMAX,200
USW00093743,2008-05-01,TMIN,72
USC00310576,2010-05-22,TMIN,128
USC00314684,2012-12-29,TMAX,72
USC00314689,2011-01-19,TMAX,150
USC00310576,2010-05-22,TMAX,278
USC00314684,2012-12-29,TMIN,-28
USC00317170,2009-11-21,TMIN,100
USW00093765,2015-03-07,TMIN,-38
USC00314144,2007-10-28,TMIN,94
USW00093743,2011-02-10,TMIN,-38
USC00315830,2005-10-16,TMAX,261
USC00314684,2011-12-22,TMAX,211
USW00093765,2011-10-27,TMAX,244
USW00093765,2011-10-27,TMIN,194
USC00310356,2009-09-23,TMIN,194
USC00310356,2009-09-23,TMAX,311
USW00093743,2008-05-01,TMAX,211
USC00315830,2005-10-16,TMIN,133
USC00316676,2008-08-16,TMIN,161
USW00093765,2014-04-30,TMAX,256
USR0000NHOF,2011-01-06,TMAX,67
USC00310576,2005-07-10,TMIN,200
USR0000NNWB,2012-12-02,TMAX,206
USW00093719,2010-04-11,TMIN,44
USC00314689,2011-01-15,TMIN,-28
USC00310576,2005-03-08,TMIN,56
USC00314689,2015-05-12,TMAX,289
USC00316096,2015-10-16,TMAX,250
USC00310576,2005-07-10,TMAX,311
USC00316096,2015-10-16,TMIN,78
USC00316096,2013-07-10,TMIN,233
USC00314684,2006-11-14,TMIN,89
USC00314684,2006-11-14,TMAX,161
USW00013754,2015-03-20,TMIN,89
USC00314684,2011-08-29,TMAX,328
USC00314684,2011-08-29,TMIN,189
USC00310576,2005-09-12,TMAX,278
USC00316096,2013-07-10,TMAX,294
USW00093719,2008-07-26,TMIN,200
USC00316676,2010-06-05,TMIN,228
USC00316676,2010-06-05,TMAX,322
USW00093719,2006-06-28,TMIN,217
USW00093719,2007-04-02,TMIN,156
USC00310576,2014-01-15,TMIN,39
USC00310356,2006-02-10,TMAX,100
USW00093719,2010-09-18,TMAX,294
USC00315830,2005-03-02,TMIN,0
USC00310356,2009-07-14,TMAX,239
USR0000NNWB,2012-12-02,TMIN,22
USC00310356,2006-02-10,TMIN,-72
USC00310576,2013-01-08,TMIN,17
USC00316676,2013-11-25,TMIN,-22
USC00316676,2013-11-25,TMAX,67
USC00310576,2013-01-08,TMAX,128
USC00310356,2006-12-15,TMIN,-33
USC00310356,2006-12-15,TMAX,211
USW00093719,2010-04-11,TMAX,228
USC00310356,2009-07-14,TMIN,217
USW00093765,2014-04-30,TMIN,194
USC00310576,2005-09-12,TMIN,217
USC00314689,2011-01-15,TMAX,94
USR0000NHOF,2009-08-21,TMAX,311
USC00314144,2006-11-21,TMIN,33
USR0000NHOF,2009-08-21,TMIN,222
USR0000NHOF,2009-09-23,TMIN,189
USR0000NHOF,2009-09-23,TMAX,289
USC00310576,2009-10-10,TMAX,294
USW00093765,2009-11-07,TMIN,33
USR0000NHOF,2008-05-09,TMAX,294
USW00093765,2009-11-07,TMAX,167
USC00314144,2007-09-01,TMIN,156
USR0000NHOF,2009-11-10,TMAX,228
USC00310576,2010-02-23,TMAX,206
USC00310576,2010-02-23,TMIN,33
USR0000NHOF,2009-11-10,TMIN,117
USC00314144,2007-09-01,TMAX,294
USC00316676,2005-03-10,TMIN,-17
USC00310576,2009-10-10,TMIN,122
USW00093719,2008-07-26,TMAX,306
USR0000NHOF,2008-05-09,TMIN,161
USR0000NNWB,2008-02-01,TMIN,78
USC00315830,2008-10-18,TMAX,239
USC00315830,2008-10-18,TMIN,128
USC00314689,2013-07-10,TMAX,322
USC00314689,2013-07-10,TMIN,233
USC00310576,2005-03-08,TMAX,178
USC00316676,2010-03-08,TMIN,0
USC00316676,2010-03-08,TMAX,178
USR0000NNWB,2008-02-01,TMAX,222
USR0000NHOF,2009-07-14,TMAX,283
USR0000NHOF,2010-12-06,TMIN,-50
USR0000NHOF,2009-07-14,TMIN,183
USW00093765,2014-11-14,TMAX,89
USW00093765,2014-11-14,TMIN,22
USW00013754,2015-03-20,TMAX,194
USC00314144,2006-11-21,TMAX,106
USR0000NHOF,2005-07-21,TMAX,328
USR0000NHOF,2010-12-06,TMAX,44
USW00093765,2015-09-03,TMAX,289
USC00317170,2014-11-14,TMAX,144
USC00317170,2014-11-14,TMIN,39
USC00310356,2007-06-08,TMAX,278
USC00310356,2007-06-08,TMIN,233
USC00310576,2015-07-16,TMAX,322
USC00316096,2012-12-29,TMAX,128
USC00316096,2012-12-29,TMIN,56
USC00310576,2009-04-13,TMIN,56
USC00310576,2009-04-13,TMAX,183
USW00093743,2010-08-29,TMAX,300
USW00093765,2008-09-03,TMIN,172
USC00316096,2010-07-27,TMAX,300
USC00314689,2014-10-02,TMIN,156
USC00314689,2014-10-02,TMAX,272
USW00093719,2005-06-25,TMAX,272
USC00316096,2010-07-27,TMIN,217
USW00093719,2005-06-25,TMIN,211
USR0000NHOF,2015-04-21,TMAX,256
USW00093765,2008-09-03,TMAX,306
USR0000NHOF,2015-04-21,TMIN,111
USR0000NCRN,2014-07-15,TMAX,289
USC00310356,2009-03-23,TMAX,172
USW00013754,2009-09-08,TMIN,211
USW00013754,2012-01-25,TMAX,178
USC00314144,2009-08-04,TMAX,322
USC00314684,2006-09-30,TMAX,228
USR0000NCRN,2010-12-11,TMIN,39
USR0000NHOF,2007-07-08,TMAX,294
USC00310576,2012-01-05,TMIN,-44
USR0000NCRN,2014-07-15,TMIN,239
USW00013754,2012-01-25,TMIN,67
USC00310576,2012-01-05,TMAX,67
USW00013754,2012-01-10,TMIN,72
USC00314144,2009-08-04,TMIN,217
USC00310576,2015-07-16,TMIN,211
USC00310576,2012-10-09,TMAX,194
USC00310576,2012-10-09,TMIN,133
USC00310356,2009-03-23,TMIN,50
USW00013754,2012-01-10,TMAX,156
USW00013754,2009-09-08,TMAX,272
USW00093743,2010-08-29,TMIN,194
USC00314689,2013-10-04,TMAX,294
USW00093765,2007-01-27,TMAX,144
USW00013754,2007-06-16,TMIN,139
USC00314689,2012-12-29,TMAX,94
USC00310576,2008-03-06,TMIN,67
USC00316676,2014-11-25,TMIN,167
USC00316096,2014-10-02,TMIN,150
USC00316096,2014-10-02,TMAX,272
USW00093765,2007-01-27,TMIN,78
USC00316676,2014-11-25,TMAX,222
USC00316676,2008-03-28,TMAX,250
USR0000NHOF,2013-03-25,TMAX,89
USC00314689,2012-12-29,TMIN,39
USR0000NCRN,2014-03-06,TMIN,17
USR0000NCRN,2014-03-06,TMAX,83
USC00314689,2009-01-02,TMIN,-39
USC00314689,2009-01-02,TMAX,133
USC00316676,2008-03-28,TMIN,111
USC00314689,2013-10-04,TMIN,172
USC00310576,2008-03-06,TMAX,206
USC00316676,2013-07-10,TMIN,222
USC00316096,2015-11-26,TMAX,217
USC00316096,2015-11-26,TMIN,122
USR0000NHOF,2007-03-28,TMAX,294
USR0000NHOF,2007-07-08,TMIN,194
USC00316096,2014-09-06,TMAX,300
USW00093719,2009-02-25,TMIN,-67
USC00316096,2014-09-06,TMIN,228
USW00093743,2013-03-25,TMIN,50
USW00093719,2009-02-25,TMAX,106
USC00310356,2013-03-25,TMIN,61
USC00314144,2009-07-25,TMIN,194
USR0000NCRN,2013-08-16,TMIN,200
USC00314144,2009-07-25,TMAX,294
USR0000NCRN,2013-08-16,TMAX,239
USW00093743,2013-03-25,TMAX,100
USC00316676,2013-07-10,TMAX,300
USC00310356,2013-03-25,TMAX,133
USC00310356,2015-04-21,TMIN,178
USC00310356,2015-04-21,TMAX,244
USC00317170,2011-10-27,TMIN,128
USR0000NHOF,2015-02-23,TMAX,133
USC00314689,2006-04-08,TMIN,194
USC00314684,2014-09-06,TMAX,322
USC00314689,2006-04-08,TMAX,283
USC00314684,2014-09-06,TMIN,194
USC00310356,2014-03-06,TMAX,39
USC00316096,2013-04-24,TMIN,56
USC00314689,2007-02-28,TMIN,50
USC00316096,2013-04-24,TMAX,211
USW00013754,2010-06-18,TMIN,222
USW00013754,2010-06-18,TMAX,311
USC00314144,2006-04-27,TMAX,178
USC00310576,2005-01-13,TMIN,122
USC00310576,2005-01-13,TMAX,244
USC00314144,2006-04-27,TMIN,94
USC00310356,2013-08-16,TMIN,189
USC00314144,2006-07-16,TMAX,350
USR0000NHOF,2007-11-02,TMAX,178
USC00314689,2007-02-28,TMAX,178
USC00310576,2008-06-15,TMIN,167
USC00310576,2008-06-15,TMAX,333
USC00314684,2011-08-13,TMAX,317
USC00310356,2014-03-06,TMIN,-22
USR0000NCRN,2009-10-19,TMIN,106
USC00314689,2009-05-06,TMIN,200
USC00314689,2009-05-06,TMAX,289
USC00314684,2011-08-13,TMIN,206
USR0000NHOF,2015-02-23,TMIN,-6
USR0000NCRN,2009-10-19,TMAX,161
USW00093765,2010-01-20,TMIN,72
USW00093765,2010-01-20,TMAX,150
USW00093719,2011-06-29,TMAX,306
USW00093719,2011-06-29,TMIN,228
USC00316676,2014-04-15,TMIN,133
USR0000NHOF,2008-05-01,TMAX,228
USR0000NHOF,2008-05-01,TMIN,22
USC00316676,2014-04-15,TMAX,267
USC00314144,2006-05-17,TMIN,78
USC00314144,2006-05-17,TMAX,256
USC00315830,2006-12-04,TMIN,61
USC00314684,2010-11-28,TMAX,106
USC00314684,2013-04-24,TMAX,183
USC00314684,2006-08-08,TMAX,333
USW00093765,2005-02-05,TMAX,111
USC00317170,2014-06-25,TMAX,333
USW00093765,2005-02-05,TMIN,22
USC00317170,2014-06-25,TMIN,233
USC00314684,2010-11-28,TMIN,-28
USC00314689,2015-10-16,TMIN,94
USC00315830,2015-04-28,TMIN,83
USW00093743,2009-03-23,TMAX,206
USC00314684,2006-09-30,TMIN,78
USC00315830,2015-04-28,TMAX,200
USR0000NCRN,2011-09-13,TMAX,289
USC00317170,2011-10-27,TMAX,261
USR0000NCRN,2010-12-11,TMAX,156
USW00013754,2015-09-12,TMIN,217
USC00314684,2013-04-24,TMIN,72
USW00093765,2011-03-23,TMIN,122
USC00314684,2006-08-08,TMIN,233
USR0000NHOF,2014-02-13,TMAX,89
USR0000NHOF,2014-02-13,TMIN,11
USR0000NCRN,2010-08-06,TMIN,244
USC00315830,2006-12-04,TMAX,156
USR0000NCRN,2010-08-06,TMAX,311
USW00093743,2011-02-10,TMAX,44
USC00314684,2006-11-07,TMAX,194
USC00314684,2006-11-07,TMIN,72
USC00310356,2015-02-23,TMIN,11
USW00013754,2015-09-12,TMAX,300
USR0000NCRN,2011-09-13,TMIN,167
USC00310356,2015-02-23,TMAX,122
USR0000NCRN,2008-02-23,TMAX,222
USR0000NHOF,2009-03-23,TMIN,-28
USR0000NHOF,2009-03-23,TMAX,189
USC00316676,2008-08-16,TMAX,306
USC00314689,2015-10-16,TMAX,256
USW00093719,2006-06-28,TMAX,311
USR0000NCRN,2007-07-01,TMIN,194
USR0000NCRN,2007-07-01,TMAX,294
USC00310576,2014-01-15,TMAX,172
USC00310356,2009-02-04,TMAX,133
USC00314684,2012-03-23,TMIN,139
USC00314684,2012-03-23,TMAX,261
USC00316676,2009-02-12,TMAX,233
USW00013754,2010-11-18,TMAX,178
USC00317170,2015-03-07,TMIN,-67
USR0000NCRN,2005-02-07,TMIN,28
USW00093743,2010-12-06,TMIN,-16
USW00013754,2010-11-18,TMIN,39
USC00314144,2009-08-09,TMAX,328
USC00317170,2015-03-07,TMAX,139
USC00315830,2015-08-24,TMIN,200
USC00315830,2015-08-24,TMAX,294
USW00093719,2009-08-24,TMIN,206
USW00093765,2013-07-10,TMAX,294
USC00316676,2009-02-12,TMIN,133
USC00314144,2009-08-09,TMIN,189
USC00316676,2013-04-24,TMIN,72
USR0000NHOF,2006-12-15,TMAX,194
USW00093743,2010-12-06,TMAX,56
USR0000NNWB,2011-05-09,TMAX,272
USC00310356,2006-03-08,TMAX,139
USC00315830,2012-12-07,TMIN,83
USR0000NHOF,2015-11-05,TMAX,250
USR0000NNWB,2009-04-06,TMIN,111
USR0000NNWB,2015-12-20,TMIN,-17
USC00317170,2011-09-27,TMAX,283
USR0000NHOF,2006-12-15,TMIN,28
USR0000NHOF,2015-11-05,TMIN,178
USC00317170,2011-09-27,TMIN,200
USC00314684,2014-12-27,TMIN,-17
USC00314684,2014-12-27,TMAX,150
USC00310356,2009-08-21,TMAX,306
USC00310356,2009-08-21,TMIN,267
USC00316676,2013-10-04,TMIN,144
USC00316676,2013-10-04,TMAX,289
USR0000NNWB,2015-12-20,TMAX,150
USC00310356,2006-03-08,TMIN,17
USC00316676,2013-04-24,TMAX,183
USW00093719,2009-08-24,TMAX,311
USC00316676,2008-01-01,TMAX,161
USW00093765,2014-09-06,TMAX,306
USW00093765,2014-09-06,TMIN,244
USC00316676,2008-01-01,TMIN,22
USW00093719,2006-10-19,TMIN,200
USC00314684,2010-01-20,TMIN,22
USC00314684,2010-01-20,TMAX,183
USW00013754,2005-05-24,TMAX,233
USW00093719,2006-10-19,TMAX,261
USC00315830,2012-11-18,TMIN,111
USC00315830,2012-11-18,TMAX,144
USW00013754,2007-03-12,TMAX,178
USC00317170,2012-12-29,TMAX,100
USR0000NNWB,2015-03-20,TMIN,72
USC00317170,2013-07-10,TMAX,317
USC00317170,2013-07-10,TMIN,233
USW00013754,2007-03-12,TMIN,39
USW00093765,2013-07-10,TMIN,250
USW00013754,2005-05-24,TMIN,133
USR0000NNWB,2006-06-28,TMAX,322
USW00093719,2011-07-28,TMIN,250
USC00315830,2013-02-25,TMIN,44
USW00093765,2005-03-26,TMAX,189
USC00310356,2005-02-13,TMIN,6
USC00310356,2005-02-13,TMAX,117
USC00310356,2015-09-01,TMAX,261
USC00310356,2015-09-01,TMIN,233
USR0000NNWB,2006-06-28,TMIN,222
USC00316096,2011-09-21,TMAX,278
USC00314684,2006-03-16,TMIN,6
USR0000NCRN,2005-02-01,TMAX,94
USW00093719,2011-07-28,TMAX,361
USC00315830,2013-02-25,TMAX,156
USR0000NCRN,2005-02-01,TMIN,11
USC00314684,2006-03-16,TMAX,167
USW00093765,2005-03-26,TMIN,100
USC00310356,2007-03-28,TMAX,206
USR0000NNWB,2009-04-06,TMAX,261
USR0000NNWB,2011-05-09,TMIN,106
USC00315830,2012-12-07,TMAX,189
USC00314144,2011-01-03,TMIN,-56
USR0000NNWB,2010-06-18,TMIN,217
USR0000NCRN,2009-07-14,TMAX,283
USR0000NCRN,2009-07-14,TMIN,233
USR0000NNWB,2010-06-18,TMAX,317
USR0000NCRN,2011-05-17,TMIN,172
USC00316676,2007-09-29,TMAX,300
USR0000NNWB,2007-12-06,TMAX,72
USC00310356,2009-11-10,TMIN,72
USW00013754,2009-11-26,TMIN,89
USR0000NCRN,2009-06-06,TMIN,200
USC00314689,2007-08-26,TMIN,233
USC00314689,2007-01-27,TMIN,17
USC00314689,2007-08-26,TMAX,350
USC00310576,2013-02-11,TMAX,161
USC00310576,2013-02-11,TMIN,-11
USR0000NCRN,2011-05-17,TMAX,233
USW00093719,2013-07-10,TMAX,322
USC00314144,2011-01-03,TMAX,83
USC00316096,2010-01-20,TMAX,172
USR0000NCRN,2011-04-04,TMAX,222
USW00013754,2007-04-23,TMIN,67
USC00310576,2010-06-11,TMIN,206
USC00310576,2010-06-11,TMAX,344
USW00093765,2011-01-28,TMAX,106
USC00310356,2009-11-10,TMAX,256
USC00316676,2015-11-06,TMIN,183
USC00314684,2010-11-26,TMIN,28
USW00013754,2007-04-23,TMAX,261
USC00314684,2010-11-26,TMAX,200
USR0000NCRN,2005-07-31,TMIN,228
USC00316096,2010-01-20,TMIN,50
USC00315830,2007-11-12,TMAX,172
USC00315830,2007-11-12,TMIN,17
USC00315830,2009-12-21,TMIN,-17
USC00315830,2009-12-21,TMAX,89
USC00316676,2015-11-06,TMAX,272
USC00314684,2005-11-05,TMIN,94
USW00093719,2013-07-10,TMIN,244
USC00317170,2009-06-21,TMAX,322
USR0000NNWB,2007-03-18,TMIN,-17
USW00093719,2009-05-05,TMAX,233
USW00093719,2009-05-05,TMIN,161
USC00314144,2007-11-07,TMIN,-39
USW00013754,2011-06-29,TMIN,222
USR0000NHOF,2010-08-20,TMAX,300
USR0000NHOF,2010-08-20,TMIN,189
USW00013754,2009-11-26,TMAX,189
USR0000NCRN,2006-12-29,TMAX,189
USC00310576,2007-11-16,TMAX,211
USC00310576,2007-11-16,TMIN,44
USC00316676,2007-09-29,TMIN,156
USC00310356,2015-04-10,TMAX,206
USC00315830,2005-12-14,TMIN,-17
USC00315830,2005-12-14,TMAX,111
USC00316096,2011-09-21,TMIN,200
USR0000NCRN,2006-12-29,TMIN,22
USC00314144,2007-11-07,TMAX,133
USW00093765,2011-01-10,TMAX,6
USC00310356,2015-04-10,TMIN,139
USC00314684,2005-11-05,TMAX,239
USC00310356,2015-01-05,TMIN,89
USR0000NHOF,2009-10-27,TMAX,194
USR0000NNWB,2007-12-06,TMIN,6
USW00093719,2014-11-14,TMAX,83
USW00093719,2014-11-14,TMIN,11
USC00310356,2015-01-05,TMAX,178
USC00317170,2009-06-21,TMIN,233
USW00093765,2012-12-29,TMAX,144
USC00315830,2010-10-10,TMIN,206
USR0000NCRN,2009-06-06,TMAX,222
USW00093765,2011-01-10,TMIN,-27
USW00093765,2012-12-29,TMIN,67
USW00013754,2011-06-29,TMAX,311
USR0000NHOF,2009-10-27,TMIN,144
USR0000NNWB,2007-03-18,TMAX,94
USC00315830,2010-10-10,TMAX,261
USC00317170,2012-12-29,TMIN,39
USC00310576,2007-09-25,TMIN,144
USR0000NHOF,2010-08-06,TMIN,239
USC00310356,2009-02-04,TMIN,17
USC00314684,2008-08-31,TMAX,328
USC00314684,2007-01-27,TMIN,-22
USC00314684,2007-01-27,TMAX,89
USC00314684,2008-08-31,TMIN,206
USC00315830,2007-09-09,TMIN,222
USC00315830,2007-09-09,TMAX,289
USR0000NCRN,2009-07-25,TMIN,278
USR0000NCRN,2014-02-13,TMIN,17
USW00013754,2011-04-26,TMAX,278
USC00315830,2009-06-02,TMAX,278
USC00316096,2015-05-12,TMAX,267
USR0000NCRN,2009-07-25,TMAX,306
USC00316096,2015-05-12,TMIN,222
USC00310576,2011-07-07,TMIN,228
USC00315830,2015-04-03,TMAX,194
USC00317170,2007-12-14,TMAX,211
USC00315830,2009-06-02,TMIN,233
USC00317170,2007-12-14,TMIN,100
USW00013754,2011-04-26,TMIN,200
USW00093719,2008-07-14,TMAX,322
USC00314684,2008-11-03,TMAX,244
USC00314684,2008-11-03,TMIN,50
USC00310356,2006-05-17,TMIN,133
USW00093719,2008-01-04,TMIN,-94
USR0000NCRN,2015-04-21,TMAX,244
USC00310356,2006-05-17,TMAX,228
USR0000NCRN,2015-04-21,TMIN,128
USW00093719,2008-07-14,TMIN,217
USR0000NHOF,2015-07-02,TMAX,344
USR0000NHOF,2015-07-02,TMIN,228
USW00093719,2008-01-04,TMAX,72
USC00314144,2011-05-27,TMAX,283
USC00314144,2011-05-27,TMIN,183
USC00316676,2007-05-06,TMAX,250
USC00315830,2015-04-03,TMIN,28
USC00316676,2007-05-06,TMIN,150
USW00093765,2011-03-11,TMAX,139
USC00316676,2011-05-28,TMIN,178
USC00314144,2006-08-28,TMAX,339
USC00310576,2011-07-07,TMAX,328
USC00314689,2008-05-28,TMIN,139
USR0000NCRN,2006-07-16,TMAX,328
USC00314144,2008-11-09,TMAX,189
USC00316676,2014-10-02,TMIN,150
USC00316676,2014-10-02,TMAX,261
USC00315830,2008-06-19,TMIN,167
USC00314144,2008-11-09,TMIN,11
USC00314689,2008-05-28,TMAX,300
USC00310356,2010-08-29,TMAX,317
USC00310356,2010-08-29,TMIN,222
USW00093719,2007-04-02,TMAX,283
USC00310576,2005-05-03,TMAX,217
USC00310576,2005-05-03,TMIN,100
USC00315830,2008-06-19,TMAX,283
USR0000NHOF,2015-09-01,TMIN,228
USW00093719,2010-09-18,TMIN,194
USR0000NHOF,2015-09-01,TMAX,322
USC00315830,2005-03-02,TMAX,100
USR0000NCRN,2006-07-16,TMIN,222
USW00093743,2009-02-04,TMIN,-21
USC00314144,2006-08-28,TMIN,194
USC00316676,2012-04-23,TMAX,194
USC00314684,2013-07-10,TMAX,311
USC00316676,2012-04-23,TMIN,100
USC00316676,2011-05-28,TMAX,294
USC00314684,2013-07-10,TMIN,222
USC00315830,2011-11-30,TMAX,133
USW00093719,2005-01-07,TMIN,100
USC00315830,2011-11-30,TMIN,33
USC00316096,2015-05-28,TMIN,156
USC00314684,2010-10-20,TMAX,261
USC00310356,2007-08-19,TMAX,317
USW00093743,2009-02-04,TMAX,67
USC00316096,2015-05-28,TMAX,267
USC00314684,2010-10-20,TMIN,94
USW00093719,2005-01-07,TMAX,200
USC00310356,2007-08-19,TMIN,244
USC00317170,2014-09-06,TMIN,217
USC00317170,2014-09-06,TMAX,322
USW00093765,2011-03-11,TMIN,72
USC00316676,2014-08-01,TMAX,289
USC00316676,2014-08-01,TMIN,200
USC00317170,2010-05-14,TMAX,339
USC00310576,2014-12-06,TMAX,172
USC00310576,2014-12-06,TMIN,94
USC00317170,2010-11-06,TMAX,144
USC00314689,2006-08-08,TMIN,244
USW00093743,2013-09-18,TMAX,267
USC00314689,2006-08-08,TMAX,333
USC00317170,2010-05-14,TMIN,161
USW00093743,2010-08-06,TMIN,250
USW00093743,2010-08-06,TMAX,300
USW00093765,2006-02-18,TMIN,28
USC00310356,2012-10-09,TMAX,222
USW00093765,2006-02-18,TMAX,117
USC00316676,2008-11-24,TMIN,-39
USW00093743,2013-09-18,TMIN,144
USC00314684,2010-07-27,TMAX,311
USC00310356,2007-03-28,TMIN,156
USC00310576,2014-03-06,TMIN,22
USR0000NHOF,2010-08-06,TMAX,311
USC00317170,2014-04-30,TMIN,194
USC00317170,2014-04-30,TMAX,272
USW00093743,2009-08-21,TMAX,317
USW00013754,2015-12-20,TMIN,-21
USW00013754,2015-12-20,TMAX,139
USW00093743,2009-08-21,TMIN,267
USC00310576,2014-03-06,TMAX,67
USW00093743,2011-01-06,TMAX,89
USW00013754,2007-07-22,TMIN,194
USW00013754,2007-07-22,TMAX,267
USR0000NNWB,2015-03-20,TMAX,183
USC00314144,2008-08-19,TMIN,161
USC00314144,2008-08-19,TMAX,306
USC00310356,2013-09-18,TMAX,289
USC00310356,2013-09-18,TMIN,150
USW00093743,2011-01-06,TMIN,-16
USC00310356,2012-10-09,TMIN,144
USC00314684,2010-07-27,TMIN,206
USC00316676,2008-11-24,TMAX,128
USR0000NHOF,2006-05-17,TMIN,39
USC00310576,2013-08-16,TMAX,239
USC00315830,2012-08-15,TMIN,250
USC00314684,2015-11-26,TMAX,161
USC00310576,2009-09-04,TMIN,183
USC00315830,2012-08-15,TMAX,311
USR0000NHOF,2006-05-17,TMAX,244
USR0000NHOF,2012-10-09,TMIN,122
USC00317170,2010-12-26,TMAX,67
USC00310576,2009-09-04,TMAX,261
USW00013754,2013-11-14,TMAX,139
USC00314684,2015-11-26,TMIN,0
USC00316676,2010-12-15,TMAX,22
USW00013754,2013-11-14,TMIN,-38
USC00316676,2010-12-15,TMIN,-72
USR0000NCRN,2014-02-13,TMAX,139
USW00093743,2009-11-10,TMIN,150
USC00310576,2013-08-16,TMIN,183
USC00317170,2010-12-26,TMIN,-6
USR0000NHOF,2012-10-09,TMAX,122
USW00093743,2012-10-09,TMAX,183
USW00093743,2012-10-09,TMIN,122
USC00310356,2015-07-02,TMAX,283
USC00310356,2015-07-02,TMIN,244
USR0000NNWB,2011-06-29,TMAX,317
USR0000NNWB,2011-06-29,TMIN,228
USC00315830,2010-07-01,TMAX,300
USC00315830,2010-07-01,TMIN,167
USW00093719,2009-01-14,TMIN,-22
USW00093719,2009-01-14,TMAX,67
USC00317170,2010-11-06,TMIN,67
USW00093743,2009-11-10,TMAX,244
USR0000NCRN,2012-10-26,TMIN,156
USR0000NCRN,2012-10-26,TMAX,244
USC00310356,2010-08-06,TMIN,239
USC00310356,2010-08-06,TMAX,311
USW00013754,2008-02-01,TMIN,39
USR0000NCRN,2005-02-07,TMAX,128
USC00317170,2007-08-31,TMIN,194
USC00310356,2015-03-15,TMIN,100
USC00310576,2010-10-10,TMIN,89
USW00013754,2015-04-21,TMIN,139
USC00314684,2005-02-05,TMAX,106
USC00316676,2009-11-21,TMAX,194
USC00316676,2009-11-21,TMIN,100
USW00093743,2010-11-21,TMIN,56
USC00314684,2008-07-14,TMAX,328
USW00093719,2008-06-29,TMAX,344
USW00013754,2015-04-21,TMAX,250
USC00316676,2009-04-06,TMAX,272
USC00316676,2009-04-06,TMIN,72
USC00314144,2007-11-09,TMIN,-17
USW00093719,2008-06-29,TMIN,222
USW00013754,2007-09-22,TMIN,211
USC00314684,2008-07-14,TMIN,183
USR0000NCRN,2007-06-13,TMAX,261
USR0000NCRN,2007-06-13,TMIN,178
USW00093743,2010-11-21,TMAX,194
USW00013754,2007-09-22,TMAX,289
USR0000NCRN,2011-04-22,TMAX,217
USW00093719,2006-07-15,TMAX,333
USC00316676,2015-07-02,TMIN,217
USR0000NCRN,2006-01-28,TMAX,172
USW00093765,2014-11-25,TMAX,211
USC00316676,2011-11-30,TMAX,111
USC00316676,2011-11-30,TMIN,17
USC00314684,2005-05-03,TMAX,239
USC00317170,2014-04-16,TMIN,11
USW00093765,2011-05-30,TMIN,239
USR0000NCRN,2006-01-28,TMIN,-39
USR0000NHOF,2008-01-01,TMAX,-6
USW00093765,2010-08-05,TMIN,233
USW00093765,2010-08-05,TMAX,306
USW00093765,2011-05-30,TMAX,300
USW00093765,2014-02-13,TMAX,161
USW00093765,2014-02-13,TMIN,28
USW00093719,2006-07-15,TMIN,228
USC00314684,2005-05-03,TMIN,83
USC00316676,2015-07-02,TMAX,294
USW00093765,2012-10-25,TMIN,133
USW00093765,2012-10-25,TMAX,261
USR0000NNWB,2006-06-29,TMAX,317
USR0000NNWB,2006-06-29,TMIN,217
USR0000NHOF,2009-05-16,TMAX,261
USC00314144,2007-11-09,TMAX,150
USR0000NHOF,2009-05-16,TMIN,194
USC00310576,2015-01-21,TMAX,189
USW00093719,2007-05-21,TMIN,150
USC00310356,2013-04-23,TMAX,133
USC00316676,2015-03-13,TMIN,67
USC00310356,2013-08-15,TMAX,261
USW00093765,2009-05-19,TMIN,122
USW00093765,2009-05-19,TMAX,183
USR0000NHOF,2005-06-30,TMIN,228
USC00310356,2006-11-30,TMIN,72
USC00310576,2015-01-21,TMIN,44
USC00314684,2008-08-22,TMAX,306
USC00310356,2013-08-15,TMIN,189
USC00317170,2014-08-13,TMIN,211
USC00310356,2013-04-23,TMIN,111
USC00310356,2010-11-21,TMIN,94
USC00317170,2014-08-13,TMAX,328
USC00314684,2005-02-05,TMIN,11
USW00093765,2012-07-27,TMIN,272
USR0000NCRN,2011-04-22,TMIN,122
USR0000NHOF,2013-04-23,TMIN,72
USW00093765,2012-07-27,TMAX,322
USR0000NHOF,2013-04-23,TMAX,178
USC00310356,2010-11-21,TMAX,183
USW00093765,2009-01-28,TMAX,183
USR0000NNWB,2005-12-06,TMIN,-17
USW00093765,2007-08-21,TMAX,322
USC00314689,2015-12-10,TMAX,206
USC00314689,2015-12-10,TMIN,67
USW00093743,2013-04-23,TMIN,100
USW00093743,2013-04-23,TMAX,189
USW00093765,2007-08-21,TMIN,267
USW00093765,2009-01-28,TMIN,56
USC00314684,2008-08-22,TMIN,178
USC00310576,2007-05-07,TMIN,89
USW00093765,2008-08-05,TMIN,261
USC00314144,2007-10-11,TMIN,67
USC00310356,2015-01-27,TMAX,128
USR0000NCRN,2014-03-05,TMIN,0
USC00310576,2008-05-29,TMAX,222
USC00310576,2008-05-29,TMIN,139
USR0000NHOF,2015-08-24,TMIN,189
USR0000NCRN,2014-03-05,TMAX,39
USC00314144,2009-06-26,TMIN,200
USC00314144,2009-06-26,TMAX,328
USC00315830,2011-03-27,TMAX,144
USC00315830,2014-09-07,TMAX,300
USC00314144,2007-10-11,TMAX,233
USC00315830,2014-09-07,TMIN,239
USW00013754,2007-08-05,TMIN,211
USR0000NNWB,2005-03-09,TMAX,83
USR0000NNWB,2012-12-07,TMAX,189
USR0000NHOF,2015-08-24,TMAX,328
USC00316676,2015-03-13,TMAX,178
USC00314684,2009-07-14,TMIN,183
USC00310356,2015-01-27,TMIN,22
USC00314684,2007-08-26,TMIN,217
USR0000NNWB,2014-10-01,TMIN,161
USC00310576,2012-05-14,TMIN,156
USC00310576,2012-05-14,TMAX,256
USR0000NNWB,2014-10-01,TMAX,283
USC00315830,2008-07-10,TMIN,239
USC00314684,2007-08-26,TMAX,333
USC00314684,2009-07-14,TMAX,250
USW00093765,2013-07-12,TMAX,272
USC00316676,2011-09-30,TMIN,172
USW00093765,2013-07-12,TMIN,211
USC00314684,2010-04-11,TMAX,200
USR0000NHOF,2008-01-01,TMIN,-11
USW00093719,2014-08-02,TMAX,256
USW00093719,2014-08-02,TMIN,228
USC00314684,2010-04-11,TMIN,22
USC00314689,2015-11-19,TMAX,217
USC00317170,2014-04-16,TMAX,200
USC00314689,2014-01-15,TMAX,144
USC00316676,2011-09-30,TMAX,283
USC00314144,2006-11-08,TMAX,222
USW00013754,2009-02-25,TMAX,100
USC00314144,2006-11-08,TMIN,83
USC00314684,2015-03-29,TMAX,94
USC00314684,2015-03-29,TMIN,-50
USC00310356,2008-10-29,TMAX,222
USC00310356,2008-10-29,TMIN,44
USW00013754,2009-02-25,TMIN,-55
USC00310356,2015-08-24,TMIN,211
USW00093765,2014-11-25,TMIN,161
USW00093765,2008-08-05,TMAX,306
USC00310576,2007-05-07,TMAX,189
USC00314144,2006-05-16,TMIN,111
USC00314144,2006-05-16,TMAX,239
USC00310576,2012-02-10,TMAX,106
USC00310576,2012-02-10,TMIN,-6
USC00310356,2015-08-24,TMAX,311
USC00314689,2014-01-15,TMIN,6
USC00317170,2013-07-12,TMIN,217
USC00314684,2005-07-13,TMAX,328
USR0000NNWB,2012-12-07,TMIN,78
USW00013754,2014-10-01,TMIN,183
USW00013754,2014-10-01,TMAX,278
USC00310576,2014-04-30,TMIN,172
USC00310576,2014-04-30,TMAX,272
USC00316676,2015-05-27,TMIN,178
USC00315830,2015-03-20,TMIN,78
USC00317170,2013-07-12,TMAX,256
USC00315830,2015-03-20,TMAX,139
USC00314689,2005-10-09,TMAX,278
USC00314689,2005-10-09,TMIN,194
USW00013754,2007-11-03,TMAX,194
USC00315830,2011-03-27,TMIN,61
USW00013754,2007-11-03,TMIN,50
USC00314684,2005-07-13,TMIN,239
USR0000NNWB,2005-03-09,TMIN,-39
USC00316676,2015-05-27,TMAX,289
USR0000NHOF,2005-06-30,TMAX,306
USW00093765,2009-01-02,TMIN,-32
USW00093765,2009-01-02,TMAX,156
USR0000NHOF,2011-05-12,TMIN,117
USW00093765,2011-09-21,TMIN,211
USW00093765,2014-08-02,TMAX,256
USW00093719,2008-10-20,TMIN,44
USC00314144,2010-09-13,TMAX,278
USW00093719,2008-10-20,TMAX,178
USW00093765,2014-08-02,TMIN,233
USW00013754,2006-12-11,TMIN,-21
USC00314144,2010-09-13,TMIN,133
USC00314144,2005-02-22,TMIN,78
USC00314684,2014-01-24,TMIN,-89
USC00316676,2008-07-08,TMIN,211
USW00093765,2011-09-21,TMAX,278
USC00315830,2008-05-01,TMAX,217
USC00315830,2008-05-01,TMIN,83
USC00316676,2008-07-08,TMAX,300
USC00314144,2005-02-22,TMAX,178
USR0000NCRN,2007-09-07,TMAX,311
USC00310576,2014-05-14,TMIN,167
USR0000NHOF,2011-05-12,TMAX,228
USW00093719,2006-06-29,TMIN,211
USR0000NCRN,2009-02-13,TMAX,200
USC00310356,2005-10-28,TMIN,111
USR0000NNWB,2015-02-14,TMAX,128
USR0000NCRN,2009-02-13,TMIN,56
USC00310356,2005-10-28,TMAX,194
USC00314689,2013-07-12,TMAX,306
USW00013754,2006-12-11,TMAX,172
USC00314689,2013-07-12,TMIN,228
USR0000NCRN,2013-08-15,TMIN,183
USW00093765,2008-11-21,TMIN,0
USR0000NNWB,2015-02-14,TMIN,-72
USR0000NCRN,2013-08-15,TMAX,206
USC00310576,2014-05-14,TMAX,328
USC00314689,2009-07-14,TMAX,300
USC00314689,2009-07-14,TMIN,178
USW00093765,2008-11-21,TMAX,78
USC00314684,2013-09-18,TMIN,106
USR0000NNWB,2006-07-15,TMIN,233
USR0000NCRN,2012-04-25,TMIN,83
USC00314689,2007-07-08,TMIN,200
USC00310576,2010-10-06,TMIN,72
USW00013754,2009-12-14,TMIN,83
USW00013754,2011-03-11,TMAX,133
USC00314689,2009-08-08,TMIN,200
USC00314689,2009-08-08,TMAX,322
USC00310576,2007-06-08,TMAX,300
USC00310576,2010-10-06,TMAX,211
USC00314689,2011-05-02,TMIN,117
USC00314684,2014-04-16,TMAX,244
USC00314684,2014-04-16,TMIN,22
USR0000NNWB,2007-09-12,TMIN,217
USC00310576,2015-05-13,TMIN,194
USC00314689,2009-07-24,TMIN,222
USR0000NNWB,2007-09-12,TMAX,267
USC00314689,2009-07-24,TMAX,294
USC00310576,2015-05-13,TMAX,294
USR0000NCRN,2012-04-25,TMAX,194
USR0000NHOF,2007-08-17,TMAX,317
USW00013754,2009-12-14,TMAX,161
USR0000NNWB,2006-07-15,TMAX,333
USC00314684,2014-01-24,TMAX,33
USR0000NCRN,2007-09-07,TMIN,178
USC00314689,2009-10-10,TMAX,306
USR0000NCRN,2012-01-05,TMIN,-6
USR0000NCRN,2012-01-05,TMAX,133
USC00314689,2009-10-10,TMIN,133
USC00314144,2005-02-02,TMIN,-33
USC00316676,2012-06-11,TMIN,178
USR0000NCRN,2006-09-15,TMAX,256
USR0000NHOF,2008-06-19,TMIN,94
USR0000NHOF,2008-06-19,TMAX,306
USC00316676,2012-06-11,TMAX,300
USR0000NHOF,2008-12-26,TMIN,56
USC00317170,2012-02-13,TMIN,-39
USW00013754,2011-03-11,TMIN,22
USR0000NCRN,2006-09-15,TMIN,172
USW00093719,2006-06-29,TMAX,306
USR0000NCRN,2012-10-10,TMIN,117
USC00314144,2009-04-13,TMAX,167
USW00093743,2008-10-29,TMAX,156
USW00093743,2008-10-29,TMIN,39
USC00310576,2012-12-30,TMAX,117
USC00310576,2012-12-30,TMIN,44
USC00310576,2014-11-15,TMAX,89
USC00310576,2014-11-15,TMIN,11
USC00315830,2012-08-26,TMAX,306
USC00317170,2014-02-13,TMIN,11
USC00315830,2012-08-26,TMIN,211
USC00316096,2009-10-10,TMIN,200
USR0000NNWB,2015-04-21,TMAX,244
USC00314684,2013-12-16,TMAX,117
USC00314684,2013-12-16,TMIN,-11
USC00314144,2008-02-07,TMIN,39
USC00314684,2008-05-08,TMIN,117
USC00314684,2008-05-08,TMAX,289
USC00316096,2009-10-10,TMAX,300
USC00314144,2008-02-07,TMAX,211
USW00013754,2015-02-14,TMIN,-77
USC00310356,2006-11-21,TMIN,28
USC00314684,2013-07-12,TMAX,311
USC00314684,2013-07-12,TMIN,217
USW00093765,2011-09-04,TMIN,189
USW00093719,2007-05-21,TMAX,300
USC00316676,2007-05-18,TMAX,194
USC00316676,2007-05-18,TMIN,150
USC00317170,2011-01-19,TMIN,72
USW00013754,2015-02-14,TMAX,117
USC00317170,2011-01-19,TMAX,139
USC00310576,2012-08-10,TMIN,211
USC00310356,2006-11-21,TMAX,139
USC00316096,2009-07-14,TMAX,283
USC00316096,2009-07-14,TMIN,200
USW00093765,2011-09-04,TMAX,294
USC00317170,2014-02-13,TMAX,100
USC00310356,2006-11-30,TMAX,239
USC00310576,2012-08-10,TMAX,311
USR0000NNWB,2015-04-21,TMIN,139
USW00093719,2006-03-16,TMIN,44
USC00316676,2008-09-28,TMIN,172
USR0000NNWB,2012-01-30,TMIN,-17
USR0000NNWB,2012-01-30,TMAX,150
USC00310356,2005-06-30,TMIN,228
USC00310356,2008-01-04,TMIN,-44
USC00315830,2011-04-26,TMIN,211
USC00315830,2011-04-26,TMAX,261
USW00093765,2008-09-09,TMAX,294
USW00093765,2006-04-27,TMIN,100
USW00093765,2008-09-09,TMIN,222
USC00310356,2005-06-30,TMAX,250
USR0000NCRN,2013-02-12,TMIN,106
USC00317170,2008-10-04,TMAX,261
USC00317170,2008-10-04,TMIN,100
USC00314684,2013-09-18,TMAX,244
USR0000NCRN,2012-10-10,TMAX,217
USC00314144,2009-04-13,TMIN,11
USR0000NCRN,2013-02-12,TMAX,172
USC00310356,2008-01-04,TMAX,17
USC00316676,2013-10-03,TMAX,289
USW00093765,2006-04-27,TMAX,161
USC00316676,2008-09-28,TMAX,283
USC00310356,2009-09-17,TMAX,317
USW00093719,2006-03-16,TMAX,189
USC00310356,2009-09-17,TMIN,217
USC00316676,2012-11-17,TMIN,67
USC00316096,2013-07-12,TMAX,261
USR0000NCRN,2013-01-21,TMIN,6
USC00316676,2005-09-25,TMIN,217
USC00316676,2012-11-17,TMAX,150
USR0000NCRN,2013-01-21,TMAX,167
USC00316096,2013-07-12,TMIN,217
USR0000NCRN,2013-04-23,TMIN,78
USR0000NCRN,2013-04-23,TMAX,178
USC00316676,2005-09-25,TMAX,306
USC00310356,2006-02-15,TMAX,100
USC00310356,2006-02-15,TMIN,-17
USC00316676,2013-10-03,TMIN,133
USW00013754,2010-03-08,TMAX,178
USC00316676,2005-01-07,TMAX,233
USW00013754,2010-03-08,TMIN,-16
USC00315830,2009-08-24,TMAX,294
USC00316096,2012-02-18,TMAX,189
USW00093765,2013-09-18,TMAX,244
USW00093765,2013-09-18,TMIN,150
USC00316676,2005-04-13,TMIN,100
USC00316676,2005-04-13,TMAX,150
USC00314144,2011-05-17,TMIN,122
USW00013754,2007-10-31,TMAX,228
USC00317170,2014-10-01,TMAX,267
USR0000NCRN,2007-01-27,TMAX,156
USW00013754,2007-10-31,TMIN,122
USR0000NHOF,2006-05-16,TMIN,67
USR0000NHOF,2006-05-16,TMAX,211
USC00316676,2014-07-14,TMAX,317
USR0000NCRN,2015-07-29,TMAX,322
USR0000NCRN,2015-07-29,TMIN,211
USC00314684,2009-05-29,TMIN,200
USC00316676,2014-07-14,TMIN,211
USC00314684,2009-05-29,TMAX,311
USC00317170,2014-10-01,TMIN,156
USW00013754,2014-08-02,TMAX,244
USC00314689,2009-05-01,TMAX,289
USR0000NCRN,2007-04-18,TMIN,56
USW00093765,2006-07-15,TMIN,239
USC00310576,2015-12-01,TMAX,144
USR0000NCRN,2005-08-14,TMAX,322
USW00093765,2006-07-15,TMAX,306
USC00316676,2011-02-10,TMAX,89
USW00013754,2014-08-02,TMIN,222
USC00315830,2009-11-26,TMAX,178
USR0000NCRN,2005-08-14,TMIN,233
USC00316676,2012-04-24,TMAX,150
USC00316676,2012-04-24,TMIN,39
USC00316096,2014-01-24,TMAX,-11
USR0000NNWB,2006-04-27,TMAX,133
USR0000NNWB,2006-04-27,TMIN,94
USW00093765,2012-03-03,TMAX,200
USW00093765,2012-03-03,TMIN,156
USR0000NCRN,2007-04-18,TMAX,167
USC00316676,2011-02-10,TMIN,-22
USC00310576,2010-12-19,TMAX,56
USW00093765,2014-10-01,TMAX,272
USC00315830,2006-12-29,TMAX,183
USC00315830,2006-12-29,TMIN,50
USC00317170,2014-11-25,TMIN,161
USC00314689,2009-08-30,TMAX,317
USC00317170,2014-11-25,TMAX,206
USW00013754,2011-02-23,TMIN,11
USW00093765,2014-10-01,TMIN,172
USC00314689,2009-08-30,TMIN,228
USR0000NHOF,2009-12-21,TMAX,83
USR0000NNWB,2011-12-30,TMIN,6
USW00013754,2011-07-17,TMIN,189
USC00316676,2015-07-15,TMIN,233
USW00013754,2013-07-12,TMAX,267
USC00317170,2015-09-23,TMAX,239
USW00013754,2013-07-12,TMIN,217
USR0000NHOF,2009-12-21,TMIN,-67
USC00310576,2010-12-19,TMIN,22
USC00316676,2009-10-18,TMAX,128
USC00316676,2010-01-19,TMIN,17
USC00310576,2008-01-08,TMAX,222
USR0000NNWB,2007-09-11,TMAX,344
USC00310356,2006-05-16,TMIN,133
USC00310356,2006-05-16,TMAX,228
USR0000NHOF,2010-10-10,TMIN,78
USC00310576,2008-01-08,TMIN,61
USW00093765,2012-01-25,TMAX,194
USC00316676,2010-01-19,TMAX,161
USW00093765,2012-01-25,TMIN,61
USC00310576,2010-10-02,TMIN,150
USR0000NHOF,2010-03-27,TMIN,6
USC00314144,2011-05-17,TMAX,228
USR0000NHOF,2010-03-27,TMAX,144
USR0000NHOF,2010-10-10,TMAX,283
USC00310576,2010-10-02,TMAX,211
USC00316676,2009-10-18,TMIN,83
USR0000NNWB,2007-09-11,TMIN,239
USC00317170,2015-09-23,TMIN,211
USC00314689,2009-05-01,TMIN,194
USC00316096,2014-01-24,TMIN,-117
USW00093743,2010-06-06,TMIN,250
USC00315830,2013-04-23,TMIN,111
USC00315830,2013-04-23,TMAX,172
USC00316096,2012-06-29,TMAX,306
USR0000NNWB,2014-12-27,TMIN,-6
USR0000NNWB,2014-12-27,TMAX,183
USC00316096,2012-02-18,TMIN,44
USW00093743,2010-06-06,TMAX,306
USR0000NCRN,2009-04-13,TMAX,178
USC00316676,2012-02-27,TMAX,128
USC00316676,2011-06-29,TMAX,339
USC00316676,2011-06-29,TMIN,233
USR0000NNWB,2007-07-05,TMAX,311
USC00315830,2007-08-29,TMAX,306
USR0000NCRN,2015-01-05,TMIN,-6
USR0000NCRN,2015-01-05,TMAX,167
USC00317170,2013-12-16,TMAX,133
USC00314689,2005-06-18,TMAX,289
USC00310576,2012-08-15,TMAX,322
USR0000NHOF,2015-05-13,TMIN,139
USR0000NCRN,2012-03-11,TMIN,-6
USC00310576,2007-04-04,TMAX,289
USR0000NCRN,2012-03-11,TMAX,172
USC00316676,2005-01-28,TMIN,-67
USC00316676,2010-05-21,TMIN,128
USC00316676,2010-05-21,TMAX,256
USC00316676,2005-01-28,TMAX,61
USR0000NCRN,2009-04-13,TMIN,33
USW00093719,2014-02-13,TMAX,106
USC00314144,2005-10-16,TMAX,228
USC00315830,2006-09-26,TMIN,144
USC00315830,2005-11-25,TMAX,172
USC00315830,2005-11-25,TMIN,39
USW00093719,2014-02-13,TMIN,28
USC00315830,2010-12-30,TMAX,89
USR0000NHOF,2015-05-13,TMAX,289
USC00315830,2006-09-26,TMAX,283
USC00314689,2008-12-17,TMIN,78
USC00317170,2013-12-16,TMIN,0
USC00310576,2011-10-13,TMAX,256
USW00093719,2014-04-16,TMAX,128
USW00093719,2014-04-16,TMIN,33
USC00316676,2006-10-09,TMAX,244
USR0000NNWB,2007-06-23,TMIN,200
USC00316676,2006-10-09,TMIN,178
USR0000NCRN,2006-10-19,TMIN,206
USC00317170,2011-09-04,TMIN,178
USC00315830,2010-12-30,TMIN,-28
USR0000NCRN,2006-10-19,TMAX,267
USC00315830,2009-11-26,TMIN,100
USC00314684,2014-01-15,TMIN,6
USC00310576,2015-12-01,TMIN,117
USC00316676,2005-09-12,TMAX,267
USC00316676,2005-09-12,TMIN,211
USC00314689,2005-06-18,TMIN,150
USC00317170,2011-09-04,TMAX,372
USC00314689,2008-12-17,TMAX,189
USR0000NNWB,2014-05-20,TMIN,89
USR0000NHOF,2010-06-06,TMIN,244
USC00316676,2011-05-12,TMAX,239
USC00317170,2009-07-14,TMAX,294
USR0000NNWB,2014-05-20,TMAX,267
USC00316676,2010-04-27,TMIN,144
USC00316676,2012-02-27,TMIN,-22
USC00310356,2005-08-08,TMIN,261
USR0000NNWB,2007-07-05,TMIN,183
USC00317170,2009-07-14,TMIN,206
USR0000NHOF,2010-06-06,TMAX,344
USC00310576,2011-10-13,TMIN,183
USC00314684,2007-03-18,TMIN,-28
USR0000NNWB,2007-06-23,TMAX,294
USC00314684,2014-01-15,TMAX,156
USC00315830,2007-08-29,TMIN,217
USC00310356,2005-08-08,TMAX,306
USC00314144,2005-05-12,TMIN,144
USC00314144,2005-05-12,TMAX,322
USC00314684,2007-03-18,TMAX,106
USC00316676,2011-10-27,TMAX,250
USW00013754,2011-07-17,TMAX,311
USC00316676,2011-10-27,TMIN,67
USW00013754,2014-12-27,TMIN,0
USW00093765,2011-03-21,TMIN,100
USW00093743,2009-05-16,TMIN,206
USW00013754,2014-12-27,TMAX,183
USW00093765,2011-03-21,TMAX,206
USC00310576,2009-08-21,TMAX,333
USR0000NHOF,2010-11-21,TMIN,11
USW00093719,2012-01-20,TMAX,156
USR0000NHOF,2006-03-02,TMAX,261
USW00013754,2011-10-05,TMIN,94
USW00013754,2011-10-05,TMAX,244
USW00013754,2011-02-27,TMIN,56
USW00013754,2011-02-27,TMAX,239
USC00314689,2015-11-19,TMIN,178
USR0000NNWB,2011-12-18,TMAX,100
USR0000NNWB,2011-12-18,TMIN,-17
USC00310576,2009-08-21,TMIN,239
USC00315830,2005-11-01,TMAX,222
USW00093743,2009-05-16,TMAX,256
USW00013754,2005-12-06,TMAX,128
USC00314144,2009-10-31,TMAX,261
USW00013754,2012-12-12,TMIN,78
USC00314684,2011-08-17,TMIN,167
USW00013754,2012-12-12,TMAX,122
USW00093719,2010-04-15,TMIN,22
USW00093719,2010-04-15,TMAX,228
USC00310356,2010-03-27,TMIN,67
USW00013754,2005-12-06,TMIN,-11
USC00317170,2009-05-19,TMIN,111
USC00315830,2014-12-06,TMIN,111
USC00314684,2011-08-17,TMAX,311
USW00093719,2006-04-27,TMAX,139
USW00093719,2006-04-27,TMIN,94
USC00317170,2009-05-19,TMAX,194
USW00093719,2013-07-12,TMAX,267
USW00093719,2013-07-12,TMIN,228
USC00310356,2010-03-27,TMAX,183
USW00093743,2009-12-21,TMAX,94
USR0000NHOF,2010-11-21,TMAX,217
USR0000NCRN,2006-05-16,TMIN,122
USR0000NHOF,2015-01-27,TMAX,67
USC00310576,2010-09-20,TMAX,294
USW00093765,2014-04-16,TMAX,122
USW00013754,2007-08-05,TMAX,333
USW00093765,2014-04-16,TMIN,44
USC00316676,2007-03-01,TMIN,50
USC00316676,2007-03-01,TMAX,161
USR0000NHOF,2015-01-27,TMIN,-33
USW00093719,2014-07-03,TMIN,244
USR0000NCRN,2005-01-13,TMAX,239
USC00317170,2011-04-11,TMIN,144
USC00317170,2011-04-11,TMAX,283
USC00315830,2009-08-24,TMIN,233
USC00316096,2015-12-10,TMAX,217
USC00316096,2015-12-10,TMIN,83
USC00310576,2010-09-20,TMIN,144
USR0000NCRN,2005-01-13,TMIN,67
USC00315830,2005-11-01,TMIN,83
USC00310356,2009-12-21,TMAX,78
USC00315830,2008-07-10,TMAX,294
USR0000NCRN,2006-05-16,TMAX,222
USW00093765,2008-07-21,TMAX,317
USC00316096,2014-01-15,TMAX,156
USC00316096,2014-01-15,TMIN,11
USC00315830,2009-06-15,TMAX,283
USR0000NHOF,2006-03-02,TMIN,133
USW00093765,2008-07-21,TMIN,250
USC00310356,2009-12-21,TMIN,-6
USC00315830,2009-06-15,TMIN,217
USC00315830,2008-04-20,TMIN,167
USC00310576,2013-04-23,TMIN,89
USC00310576,2013-04-23,TMAX,133
USC00314689,2007-01-03,TMIN,0
USC00317170,2010-08-05,TMIN,228
USC00317170,2010-08-05,TMAX,344
USC00314689,2007-01-03,TMAX,183
USC00315830,2008-04-20,TMAX,228
USC00314144,2009-10-31,TMIN,144
USW00093719,2014-10-01,TMAX,278
USW00093719,2014-10-01,TMIN,167
USC00310576,2013-08-15,TMIN,189
USC00310576,2013-08-15,TMAX,250
USC00310356,2014-03-05,TMIN,-22
USW00093719,2012-01-30,TMIN,-11
USC00310356,2014-03-05,TMAX,11
USR0000NNWB,2011-03-11,TMIN,22
USR0000NNWB,2011-03-11,TMAX,117
USC00310576,2010-01-05,TMIN,-22
USC00310356,2015-01-15,TMIN,11
USC00316676,2007-05-26,TMIN,128
USC00316676,2007-05-26,TMAX,278
USR0000NNWB,2010-03-08,TMIN,6
USR0000NNWB,2010-03-08,TMAX,189
USC00310356,2009-05-16,TMIN,194
USC00314689,2015-03-17,TMAX,278
USR0000NNWB,2010-07-01,TMAX,283
USR0000NHOF,2005-10-28,TMAX,139
USR0000NNWB,2010-07-01,TMIN,211
USW00093743,2011-05-12,TMAX,233
USW00093765,2015-11-12,TMIN,94
USC00314684,2015-09-12,TMAX,300
USR0000NNWB,2014-08-02,TMAX,250
USW00013754,2014-05-20,TMIN,89
USC00316676,2015-07-15,TMAX,311
USR0000NNWB,2011-12-30,TMAX,178
USW00013754,2011-02-23,TMAX,117
USR0000NHOF,2005-10-28,TMIN,6
USC00310356,2009-05-16,TMAX,244
USW00013754,2014-05-20,TMAX,256
USR0000NNWB,2014-08-02,TMIN,222
USW00093765,2011-12-09,TMIN,56
USW00093765,2011-12-09,TMAX,200
USC00310576,2010-01-05,TMAX,56
USR0000NHOF,2014-03-05,TMIN,0
USW00093765,2015-11-12,TMAX,222
USR0000NHOF,2014-03-05,TMAX,44
USC00314684,2015-09-12,TMIN,200
USC00316676,2010-02-23,TMAX,194
USC00316676,2010-02-23,TMIN,39
USW00093743,2010-03-27,TMIN,56
USR0000NCRN,2010-06-11,TMAX,317
USC00315830,2014-12-06,TMAX,161
USC00314684,2013-12-22,TMAX,233
USC00314689,2008-04-23,TMIN,161
USC00314689,2008-04-23,TMAX,233
USR0000NNWB,2006-11-14,TMIN,100
USR0000NNWB,2006-11-14,TMAX,233
USC00314144,2010-07-15,TMIN,222
USC00310356,2010-10-10,TMIN,150
USC00317170,2012-10-25,TMIN,128
USC00317170,2012-10-25,TMAX,272
USW00093743,2009-12-21,TMIN,-16
USW00093743,2011-05-12,TMIN,122
USW00093719,2012-01-20,TMIN,6
USC00316676,2013-03-25,TMAX,106
USC00316676,2013-03-25,TMIN,61
USC00310356,2010-10-10,TMAX,256
USC00314144,2010-07-15,TMAX,317
USW00093719,2011-03-28,TMAX,94
USC00317170,2013-09-18,TMIN,117
USW00093719,2012-01-30,TMAX,150
USW00093743,2010-03-27,TMAX,144
USW00093719,2011-03-28,TMIN,11
USW00093743,2010-10-10,TMIN,106
USW00093743,2010-10-10,TMAX,250
USC00310576,2012-09-06,TMIN,194
USC00314689,2008-05-08,TMIN,139
USC00314689,2008-05-08,TMAX,283
USC00310576,2012-09-06,TMAX,317
USC00310356,2006-03-02,TMAX,161
USC00317170,2013-09-18,TMAX,250
USC00310356,2015-01-15,TMAX,61
USW00093719,2007-01-15,TMAX,244
USW00093719,2007-01-15,TMIN,128
USC00310356,2006-03-02,TMIN,-44
USR0000NCRN,2010-06-11,TMIN,206
USC00314684,2013-12-22,TMIN,83
USW00093719,2014-07-03,TMAX,322
USC00316676,2005-01-07,TMIN,122
USW00093765,2011-04-11,TMIN,167
USC00317170,2012-01-25,TMAX,183
USR0000NCRN,2005-06-15,TMIN,239
USR0000NCRN,2005-06-15,TMAX,322
USC00317170,2008-04-14,TMIN,61
USW00093743,2014-06-26,TMAX,322
USW00013754,2010-06-24,TMAX,361
USC00317170,2008-04-14,TMAX,161
USW00093743,2014-06-26,TMIN,239
USC00310576,2010-06-22,TMIN,239
USW00093719,2007-08-25,TMIN,233
USC00316676,2013-08-14,TMIN,228
USC00316676,2013-08-14,TMAX,317
USR0000NCRN,2012-09-06,TMIN,217
USR0000NCRN,2012-09-06,TMAX,300
USW00093719,2009-12-14,TMAX,150
USW00093719,2009-12-14,TMIN,78
USW00013754,2005-04-06,TMAX,267
USW00013754,2010-06-24,TMIN,233
USC00314684,2010-11-06,TMAX,144
USC00310576,2010-06-22,TMAX,356
USC00310356,2014-06-26,TMIN,250
USC00310576,2006-08-08,TMAX,339
USC00310356,2007-04-23,TMIN,122
USR0000NNWB,2010-08-05,TMIN,222
USR0000NHOF,2010-06-16,TMAX,339
USR0000NHOF,2007-04-18,TMAX,167
USC00310356,2007-04-23,TMAX,194
USW00093719,2007-06-23,TMAX,278
USW00093719,2012-12-07,TMIN,78
USR0000NNWB,2010-08-05,TMAX,339
USR0000NHOF,2015-08-20,TMAX,339
USC00316096,2015-05-27,TMIN,183
USC00310356,2014-06-26,TMAX,289
USR0000NHOF,2010-06-16,TMIN,217
USR0000NHOF,2015-08-20,TMIN,217
USC00316096,2015-05-27,TMAX,278
USW00093719,2007-06-23,TMIN,189
USR0000NHOF,2007-04-18,TMIN,28
USC00310576,2006-08-08,TMIN,250
USW00013754,2005-04-06,TMIN,94
USC00316676,2010-11-10,TMAX,189
USW00093765,2012-01-10,TMIN,67
USC00316676,2008-02-01,TMAX,183
USC00316676,2008-02-01,TMIN,22
USC00314144,2008-11-28,TMAX,189
USR0000NHOF,2012-01-12,TMAX,156
USC00314144,2008-11-28,TMIN,6
USR0000NHOF,2005-09-13,TMAX,289
USC00316676,2006-03-07,TMAX,111
USC00314684,2009-07-24,TMIN,222
USC00310576,2006-02-10,TMAX,111
USC00310576,2010-07-04,TMIN,133
USC00310576,2010-07-04,TMAX,283
USC00314684,2009-07-24,TMAX,311
USC00314684,2006-06-29,TMAX,311
USC00314684,2006-06-29,TMIN,222
USW00093719,2008-01-20,TMIN,-44
USR0000NHOF,2005-09-13,TMIN,222
USC00310576,2012-04-25,TMAX,189
USW00093719,2007-04-06,TMAX,139
USC00316676,2006-03-07,TMIN,22
USW00093719,2008-03-22,TMIN,83
USC00310576,2012-04-25,TMIN,44
USC00317170,2009-01-10,TMAX,178
USC00317170,2009-01-10,TMIN,17
USR0000NHOF,2014-06-26,TMAX,361
USW00093719,2008-03-22,TMAX,239
USR0000NHOF,2014-06-26,TMIN,222
USW00093719,2007-04-06,TMIN,33
USR0000NCRN,2010-02-24,TMAX,117
USR0000NCRN,2012-05-14,TMIN,211
USR0000NCRN,2012-05-14,TMAX,244
USW00093765,2007-03-21,TMIN,89
USW00093765,2012-01-10,TMAX,150
USW00093765,2007-03-21,TMAX,189
USC00316676,2010-11-10,TMIN,33
USR0000NHOF,2012-01-12,TMIN,89
USR0000NCRN,2010-02-24,TMIN,44
USW00093719,2008-01-20,TMAX,22
USC00314684,2011-11-06,TMAX,133
USW00013754,2010-11-30,TMIN,61
USR0000NCRN,2006-03-31,TMIN,61
USC00310576,2014-10-01,TMIN,150
USC00310576,2014-10-01,TMAX,272
USC00310576,2005-05-24,TMIN,128
USC00310576,2005-05-24,TMAX,239
USW00093719,2006-01-06,TMAX,83
USC00314689,2015-05-27,TMAX,239
USC00314689,2015-03-29,TMAX,94
USW00093719,2006-01-06,TMIN,17
USR0000NHOF,2008-07-02,TMIN,106
USR0000NHOF,2008-07-02,TMAX,306
USR0000NCRN,2015-08-24,TMIN,183
USR0000NHOF,2005-08-14,TMAX,328
USC00316676,2007-08-31,TMAX,306
USR0000NHOF,2005-08-14,TMIN,194
USC00314689,2014-12-20,TMAX,106
USC00314689,2013-12-16,TMAX,172
USR0000NHOF,2015-10-22,TMIN,78
USR0000NHOF,2007-07-18,TMIN,217
USC00316676,2011-09-12,TMIN,183
USR0000NHOF,2014-04-30,TMIN,200
USC00310576,2010-09-08,TMIN,150
USR0000NHOF,2014-04-30,TMAX,272
USC00310576,2010-09-08,TMAX,311
USC00316676,2007-08-31,TMIN,183
USR0000NNWB,2014-09-07,TMAX,289
USR0000NCRN,2011-08-30,TMAX,289
USR0000NCRN,2006-03-31,TMAX,233
USR0000NCRN,2011-08-30,TMIN,200
USR0000NNWB,2014-09-07,TMIN,228
USR0000NHOF,2007-07-18,TMAX,328
USW00093719,2010-07-01,TMAX,272
USR0000NCRN,2010-10-10,TMIN,111
USW00093719,2015-03-03,TMIN,17
USR0000NCRN,2010-10-10,TMAX,267
USW00093719,2010-07-01,TMIN,211
USW00093719,2015-03-03,TMAX,111
USC00314684,2011-11-06,TMIN,61
USC00314684,2014-08-02,TMAX,250
USC00317170,2008-05-08,TMAX,256
USC00310356,2013-03-26,TMAX,106
USC00316676,2007-01-26,TMIN,-33
USC00316676,2007-01-26,TMAX,106
USC00310356,2013-03-26,TMIN,28
USC00316096,2014-02-13,TMAX,144
USC00316096,2014-02-13,TMIN,17
USW00093743,2013-03-26,TMAX,100
USC00314689,2007-12-14,TMIN,139
USW00093743,2013-03-26,TMIN,17
USC00310356,2014-04-30,TMIN,206
USC00310356,2014-04-30,TMAX,256
USR0000NHOF,2013-03-26,TMAX,89
USR0000NHOF,2013-03-26,TMIN,-22
USR0000NHOF,2015-07-29,TMIN,194
USW00013754,2010-11-30,TMAX,228
USW00013754,2010-04-15,TMAX,217
USW00013754,2010-04-15,TMIN,56
USC00317170,2008-05-08,TMIN,189
USR0000NNWB,2012-10-25,TMAX,289
USR0000NCRN,2015-01-27,TMAX,72
USR0000NHOF,2015-10-22,TMAX,289
USC00314684,2014-08-02,TMIN,206
USC00316676,2011-09-12,TMAX,311
USR0000NCRN,2015-08-24,TMAX,306
USC00315830,2010-01-05,TMAX,33
USC00315830,2010-01-05,TMIN,-61
USC00314684,2009-09-08,TMAX,239
USR0000NNWB,2012-10-25,TMIN,133
USC00314689,2013-12-16,TMIN,28
USR0000NCRN,2015-01-27,TMIN,-22
USW00093719,2007-08-25,TMAX,339
USC00314689,2006-08-20,TMAX,317
USC00314689,2007-12-14,TMAX,250
USC00314689,2006-08-20,TMIN,233
USW00093719,2012-12-07,TMAX,189
USR0000NHOF,2015-07-29,TMAX,344
USC00314684,2009-09-08,TMIN,211
USC00314689,2014-02-13,TMAX,39
USC00310576,2006-02-10,TMIN,-78
USW00093719,2015-11-03,TMIN,167
USC00315830,2008-09-15,TMAX,317
USR0000NHOF,2009-04-22,TMAX,178
USC00316096,2015-07-15,TMIN,239
USR0000NCRN,2015-07-03,TMAX,283
USC00310576,2013-02-12,TMAX,183
USC00310576,2013-02-12,TMIN,139
USC00314144,2009-06-10,TMIN,161
USC00315830,2008-09-15,TMIN,267
USR0000NCRN,2015-07-03,TMIN,217
USW00013754,2007-10-30,TMIN,67
USC00314689,2005-04-13,TMIN,89
USC00314689,2005-04-13,TMAX,150
USR0000NHOF,2014-10-01,TMIN,139
USR0000NCRN,2005-06-30,TMIN,228
USR0000NHOF,2014-10-01,TMAX,300
USR0000NCRN,2015-09-16,TMIN,122
USC00316096,2015-07-15,TMAX,311
USR0000NCRN,2005-06-30,TMAX,306
USR0000NHOF,2009-04-22,TMIN,17
USW00093765,2011-01-19,TMIN,67
USC00314684,2007-01-03,TMAX,139
USW00013754,2007-11-12,TMAX,183
USW00013754,2007-11-12,TMIN,-5
USC00317170,2010-01-19,TMIN,44
USC00317170,2010-01-19,TMAX,206
USW00093719,2007-10-17,TMIN,156
USC00316096,2014-08-02,TMAX,244
USW00093765,2011-01-19,TMAX,106
USC00315830,2005-11-05,TMAX,233
USW00013754,2007-10-30,TMAX,194
USR0000NNWB,2008-10-18,TMAX,128
USC00314684,2015-05-27,TMIN,183
USR0000NNWB,2008-10-18,TMIN,106
USC00314684,2015-05-27,TMAX,306
USC00316096,2013-10-03,TMIN,144
USC00316096,2013-10-03,TMAX,283
USC00316096,2014-08-02,TMIN,217
USC00314684,2007-01-03,TMIN,-6
USR0000NHOF,2006-11-08,TMAX,211
USC00310576,2006-03-02,TMIN,67
USC00314684,2009-08-08,TMAX,311
USW00093719,2015-11-03,TMAX,200
USC00314689,2010-05-21,TMIN,150
USC00314689,2014-08-02,TMAX,256
USC00314689,2010-05-21,TMAX,283
USC00314689,2014-08-02,TMIN,200
USC00314689,2006-06-29,TMAX,322
USW00093743,2009-04-22,TMAX,194
USC00314689,2006-06-29,TMIN,233
USR0000NCRN,2013-01-17,TMAX,217
USC00316096,2010-04-11,TMAX,206
USW00093765,2010-01-19,TMIN,50
USC00316096,2010-04-11,TMIN,33
USW00093765,2010-01-19,TMAX,172
USC00316676,2005-07-31,TMIN,228
USC00310356,2013-07-13,TMAX,261
USC00314689,2005-08-19,TMIN,222
USC00310576,2006-03-02,TMAX,256
USW00093743,2009-04-22,TMIN,83
USW00093765,2013-12-31,TMAX,122
USC00315830,2014-11-15,TMAX,67
USC00315830,2014-11-15,TMIN,6
USC00310356,2014-10-01,TMIN,183
USC00317170,2010-04-07,TMIN,156
USC00310356,2014-10-01,TMAX,278
USR0000NHOF,2006-11-08,TMIN,128
USC00314144,2009-06-10,TMAX,289
USC00314684,2009-08-08,TMIN,189
USR0000NCRN,2015-09-16,TMAX,278
USR0000NNWB,2005-04-06,TMIN,100
USC00317170,2010-04-07,TMAX,317
USC00314144,2010-07-28,TMAX,311
USC00314144,2010-07-28,TMIN,200
USC00314684,2012-02-18,TMIN,39
USC00314684,2012-02-18,TMAX,167
USW00093765,2013-12-31,TMIN,33
USR0000NNWB,2005-04-06,TMAX,294
USC00310356,2006-11-08,TMIN,44
USC00315830,2005-11-05,TMIN,133
USC00314684,2015-09-23,TMIN,194
USC00314689,2015-07-15,TMIN,256
USW00093719,2014-09-07,TMAX,306
USW00093719,2014-09-07,TMIN,233
USC00314689,2015-07-15,TMAX,333
USR0000NNWB,2007-05-30,TMIN,167
USC00310576,2010-11-05,TMAX,206
USR0000NNWB,2007-05-30,TMAX,306
USC00310576,2010-11-05,TMIN,106
USC00314144,2010-03-27,TMIN,6
USC00310356,2008-07-02,TMIN,206
USC00317170,2014-01-24,TMIN,-72
USC00317170,2014-01-24,TMAX,11
USC00317170,2011-08-17,TMIN,183
USW00093719,2005-05-20,TMAX,256
USW00093719,2005-05-20,TMIN,133
USC00310356,2008-07-02,TMAX,278
USC00314144,2010-03-27,TMAX,144
USC00317170,2010-04-25,TMIN,167
USW00013754,2010-08-05,TMAX,328
USC00314689,2012-11-10,TMIN,22
USR0000NNWB,2006-03-16,TMIN,33
USR0000NNWB,2006-03-16,TMAX,194
USR0000NCRN,2006-08-01,TMAX,339
USC00314689,2014-02-13,TMIN,-17
USW00093719,2014-08-13,TMIN,222
USC00314689,2013-10-03,TMIN,144
USC00314689,2013-10-03,TMAX,300
USW00013754,2010-08-05,TMIN,228
USW00093719,2014-08-13,TMAX,322
USW00093765,2008-06-06,TMIN,244
USW00093765,2008-06-06,TMAX,289
USC00314684,2010-11-06,TMIN,28
USR0000NCRN,2006-08-01,TMIN,233
USC00314689,2012-11-10,TMAX,222
USW00093743,2008-07-02,TMIN,122
USW00093743,2008-07-02,TMAX,256
USC00316676,2011-09-19,TMIN,172
USC00316676,2009-03-11,TMIN,94
USC00314689,2006-04-27,TMAX,172
USC00314689,2006-04-27,TMIN,100
USC00314689,2012-03-02,TMAX,272
USW00093765,2008-05-08,TMIN,206
USW00093765,2008-05-08,TMAX,250
USC00316676,2014-01-15,TMAX,172
USC00316676,2014-01-15,TMIN,33
USC00314689,2012-03-02,TMIN,106
USC00310576,2010-06-06,TMAX,333
USC00314689,2009-11-12,TMIN,106
USC00315830,2008-09-26,TMAX,283
USC00317170,2010-04-25,TMAX,272
USC00314684,2015-09-23,TMAX,267
USC00310576,2010-06-06,TMIN,244
USW00093719,2007-10-17,TMAX,278
USR0000NCRN,2013-07-13,TMAX,294
USR0000NCRN,2013-07-13,TMIN,222
USC00310356,2006-11-08,TMAX,206
USC00315830,2008-09-26,TMIN,211
USC00315830,2007-09-19,TMIN,194
USR0000NNWB,2007-05-21,TMAX,306
USC00315830,2011-01-24,TMIN,-28
USC00316676,2009-03-11,TMAX,194
USC00310356,2015-10-22,TMIN,128
USC00310356,2015-10-22,TMAX,250
USC00316676,2010-04-05,TMAX,300
USC00317170,2011-08-17,TMAX,344
USC00316676,2010-04-05,TMIN,150
USC00314689,2009-09-22,TMIN,172
USC00314689,2009-09-22,TMAX,289
USC00316676,2010-05-14,TMAX,222
USC00310576,2008-07-26,TMIN,194
USC00310576,2008-07-26,TMAX,294
USC00316676,2010-05-14,TMIN,156
USC00310576,2012-10-10,TMAX,161
USC00310576,2012-10-10,TMIN,133
USC00315830,2007-09-19,TMAX,278
USR0000NNWB,2007-05-21,TMIN,144
USC00315830,2011-01-24,TMAX,44
USR0000NNWB,2008-08-24,TMAX,328
USW00093765,2009-08-16,TMIN,217
USC00310356,2006-01-17,TMAX,122
USC00310356,2006-01-17,TMIN,-39
USC00310576,2006-08-28,TMIN,211
USC00310356,2010-06-16,TMIN,256
USR0000NCRN,2010-07-15,TMAX,311
USW00093719,2012-10-25,TMAX,272
USC00310576,2012-07-24,TMAX,339
USR0000NCRN,2010-07-15,TMIN,250
USW00013754,2008-10-18,TMIN,117
USC00317170,2014-08-02,TMIN,217
USC00310576,2012-07-24,TMIN,217
USC00310356,2012-09-06,TMIN,267
USC00310356,2014-12-11,TMIN,11
USC00310356,2012-04-25,TMAX,189
USC00310356,2012-04-25,TMIN,117
USC00316676,2008-08-08,TMAX,356
USC00310576,2013-11-25,TMIN,-22
USR0000NCRN,2009-12-03,TMAX,183
USC00316676,2008-08-08,TMIN,211
USC00310356,2012-09-06,TMAX,294
USW00093719,2005-11-19,TMAX,139
USW00013754,2008-10-18,TMAX,139
USC00316676,2015-12-19,TMIN,17
USC00310356,2006-09-02,TMIN,161
USC00316676,2015-12-19,TMAX,194
USW00093743,2012-09-06,TMAX,300
USC00310356,2006-09-02,TMAX,272
USC00310356,2015-04-28,TMIN,100
USC00314689,2010-01-19,TMIN,50
USC00317170,2014-08-02,TMAX,244
USC00310356,2015-04-28,TMAX,189
USR0000NHOF,2006-02-15,TMAX,189
USC00314689,2010-01-19,TMAX,189
USW00093719,2005-11-19,TMIN,-22
USC00310356,2010-06-16,TMAX,328
USC00314689,2014-06-10,TMIN,206
USC00314689,2014-06-10,TMAX,333
USW00093719,2012-10-25,TMIN,128
USC00310576,2006-08-28,TMAX,328
USW00093743,2012-09-06,TMIN,222
USC00310356,2014-12-11,TMAX,111
USW00093743,2012-04-25,TMIN,89
USC00315830,2007-03-12,TMAX,178
USR0000NHOF,2012-05-14,TMIN,156
USC00310356,2012-10-10,TMAX,194
USC00310356,2012-10-10,TMIN,133
USC00315830,2015-03-07,TMIN,-39
USW00093719,2010-08-05,TMIN,222
USW00093719,2010-08-05,TMAX,333
USC00310576,2007-07-22,TMAX,272
USC00316096,2010-01-19,TMIN,17
USW00093765,2006-06-29,TMAX,272
USW00093765,2006-06-29,TMIN,233
USR0000NNWB,2006-12-11,TMAX,178
USW00093743,2012-10-10,TMAX,211
USW00093719,2011-12-09,TMIN,17
USW00093719,2011-12-09,TMAX,183
USW00093743,2012-10-10,TMIN,122
USC00316096,2010-01-19,TMAX,167
USW00093743,2012-04-25,TMAX,194
USC00310576,2007-07-22,TMIN,167
USR0000NCRN,2006-11-24,TMAX,183
USC00314144,2009-05-11,TMAX,217
USC00310576,2013-11-25,TMAX,72
USC00317170,2008-01-02,TMIN,17
USC00315830,2007-03-12,TMIN,39
USR0000NNWB,2009-12-14,TMAX,172
USC00317170,2008-01-02,TMAX,78
USC00316096,2009-07-24,TMIN,206
USC00314144,2009-05-11,TMIN,83
USC00316096,2013-09-18,TMAX,244
USW00093765,2009-01-10,TMAX,167
USW00093765,2009-01-10,TMIN,-5
USR0000NHOF,2012-04-25,TMAX,211
USR0000NHOF,2012-04-25,TMIN,56
USR0000NNWB,2009-12-14,TMIN,83
USR0000NCRN,2006-11-24,TMIN,50
USC00316096,2013-09-18,TMIN,144
USC00316096,2009-07-24,TMAX,294
USC00314689,2011-11-06,TMAX,189
USC00314689,2011-11-06,TMIN,78
USR0000NHOF,2006-11-21,TMIN,39
USC00316676,2005-12-13,TMIN,28
USW00093765,2014-08-13,TMIN,228
USW00093765,2014-08-13,TMAX,300
USC00316676,2005-12-13,TMAX,128
USR0000NHOF,2015-04-28,TMIN,28
USR0000NHOF,2015-04-28,TMAX,217
USR0000NHOF,2012-06-03,TMAX,272
USR0000NCRN,2010-11-01,TMAX,189
USC00314144,2005-02-02,TMAX,117
USW00093765,2007-01-15,TMAX,206
USW00093765,2007-01-15,TMIN,128
USR0000NHOF,2012-06-03,TMIN,94
USW00093743,2008-06-19,TMIN,133
USW00093743,2008-06-19,TMAX,272
USC00316676,2013-02-24,TMIN,72
USW00093765,2011-04-11,TMAX,233
USC00317170,2012-02-13,TMAX,100
USC00316676,2013-02-24,TMAX,100
USR0000NHOF,2006-09-02,TMAX,272
USR0000NHOF,2006-09-02,TMIN,167
USC00310356,2012-06-03,TMAX,283
USC00317170,2012-01-25,TMIN,39
USC00317170,2011-02-01,TMIN,44
USC00314689,2011-05-02,TMAX,283
USR0000NCRN,2010-11-01,TMIN,72
USC00314689,2007-07-08,TMAX,289
USC00310356,2012-06-03,TMIN,172
USC00316676,2015-02-22,TMIN,-67
USR0000NHOF,2009-09-17,TMAX,256
USR0000NHOF,2007-08-17,TMIN,256
USC00310576,2007-06-08,TMIN,133
USC00310576,2013-10-30,TMAX,239
USC00317170,2011-02-01,TMAX,156
USW00093743,2012-06-03,TMAX,272
USW00093743,2012-06-03,TMIN,133
USC00310576,2013-10-30,TMIN,94
USR0000NHOF,2009-09-17,TMIN,194
USC00316676,2015-02-22,TMAX,150
USC00316676,2013-11-14,TMAX,83
USC00315830,2014-10-01,TMIN,178
USR0000NHOF,2008-10-29,TMAX,150
USR0000NHOF,2012-09-06,TMAX,283
USR0000NHOF,2008-10-29,TMIN,-6
USR0000NHOF,2014-12-11,TMAX,111
USC00316096,2015-09-12,TMAX,289
USR0000NCRN,2014-06-26,TMAX,317
USR0000NCRN,2014-06-26,TMIN,244
USR0000NHOF,2012-09-06,TMIN,206
USC00310356,2008-06-19,TMIN,200
USC00315830,2010-06-18,TMIN,233
USC00315830,2010-06-18,TMAX,306
USR0000NHOF,2006-11-21,TMAX,122
USR0000NNWB,2014-07-03,TMIN,233
USR0000NNWB,2014-07-03,TMAX,317
USC00316096,2015-09-12,TMIN,211
USC00316676,2005-06-12,TMAX,283
USC00310356,2008-06-19,TMAX,294
USR0000NHOF,2014-12-11,TMIN,-28
USC00317170,2010-11-28,TMAX,122
USW00093719,2006-09-30,TMAX,244
USC00315830,2014-10-01,TMAX,267
USC00316676,2013-11-14,TMIN,-22
USR0000NHOF,2008-12-26,TMAX,144
USW00013754,2012-01-30,TMIN,-10
USW00013754,2012-01-30,TMAX,156
USC00310576,2010-09-15,TMIN,161
USC00310576,2010-09-15,TMAX,333
USC00314689,2005-05-03,TMIN,94
USC00314144,2010-07-07,TMAX,361
USC00314144,2010-07-07,TMIN,206
USR0000NCRN,2006-11-08,TMAX,239
USC00314144,2005-09-13,TMAX,300
USC00314144,2005-09-13,TMIN,211
USR0000NCRN,2006-11-08,TMIN,128
USC00317170,2010-11-28,TMIN,17
USC00316676,2005-06-12,TMIN,178
USW00093719,2006-09-30,TMIN,89
USC00310356,2007-07-18,TMAX,300
USR0000NHOF,2011-05-27,TMIN,178
USC00315830,2015-03-07,TMAX,28
USR0000NHOF,2012-05-14,TMAX,256
USC00317170,2008-09-09,TMAX,317
USC00317170,2008-09-09,TMIN,211
USC00316096,2011-05-02,TMAX,244
USW00093719,2015-04-21,TMAX,244
USR0000NCRN,2005-06-06,TMIN,222
USW00093719,2015-04-21,TMIN,144
USC00317170,2013-12-31,TMIN,33
USC00314689,2013-09-18,TMIN,111
USC00314144,2010-06-11,TMIN,178
USC00314144,2010-06-11,TMAX,317
USC00317170,2013-12-31,TMAX,128
USC00316096,2011-01-17,TMAX,100
USC00317170,2008-10-02,TMAX,217
USC00310356,2007-04-18,TMAX,200
USC00316676,2014-03-04,TMIN,-44
USC00316676,2014-03-04,TMAX,194
USR0000NCRN,2005-06-06,TMAX,311
USW00013754,2014-09-07,TMAX,306
USC00317170,2008-10-02,TMIN,111
USW00093719,2011-12-18,TMAX,94
USC00314144,2010-02-24,TMIN,44
USC00314689,2006-12-18,TMIN,78
USC00314689,2014-04-16,TMIN,22
USC00316096,2012-11-10,TMIN,6
USC00314689,2013-09-18,TMAX,244
USC00316676,2013-01-07,TMIN,17
USW00093719,2005-12-06,TMAX,78
USW00093719,2011-12-18,TMIN,-22
USC00310356,2005-08-14,TMAX,322
USC00310356,2005-08-14,TMIN,267
USW00093719,2014-11-25,TMIN,161
USW00093719,2014-11-25,TMAX,211
USC00317170,2009-05-05,TMAX,239
USC00317170,2009-05-05,TMIN,178
USC00316096,2011-05-02,TMIN,89
USC00316676,2013-01-07,TMAX,94
USW00093719,2005-12-06,TMIN,-17
USC00314144,2010-02-24,TMAX,106
USW00013754,2014-09-07,TMIN,233
USC00314684,2010-01-19,TMIN,11
USC00315830,2008-06-15,TMAX,283
USC00314689,2015-09-12,TMAX,283
USC00314689,2015-09-12,TMIN,206
USC00315830,2008-06-15,TMIN,222
USW00093719,2015-02-14,TMAX,128
USR0000NCRN,2015-10-17,TMAX,222
USR0000NCRN,2015-10-17,TMIN,117
USR0000NNWB,2008-09-03,TMAX,333
USC00310356,2015-07-29,TMIN,250
USC00316676,2007-03-25,TMAX,306
USW00093719,2015-02-14,TMIN,-71
USC00316676,2013-04-22,TMIN,78
USW00093765,2009-08-16,TMAX,300
USC00316676,2013-04-22,TMAX,178
USC00316676,2011-09-19,TMAX,217
USR0000NNWB,2008-08-24,TMIN,200
USC00316676,2007-03-25,TMIN,128
USC00310356,2007-04-18,TMIN,94
USR0000NNWB,2008-09-03,TMIN,167
USC00310356,2015-07-29,TMAX,311
USC00314689,2007-10-04,TMAX,306
USC00314689,2007-10-04,TMIN,211
USC00314684,2010-01-19,TMAX,144
USR0000NHOF,2007-04-23,TMIN,39
USR0000NHOF,2007-04-23,TMAX,261
USC00316096,2014-06-10,TMIN,211
USC00314684,2006-04-27,TMAX,183
USW00093719,2005-06-03,TMIN,194
USC00316096,2014-06-10,TMAX,289
USC00316096,2011-01-17,TMIN,-17
USR0000NHOF,2006-01-17,TMIN,89
USC00314144,2009-12-01,TMAX,128
USC00315830,2007-12-26,TMAX,122
USR0000NHOF,2006-01-17,TMAX,211
USC00314144,2009-12-01,TMIN,17
USW00093719,2005-06-03,TMAX,272
USC00314684,2006-04-27,TMIN,117
USC00317170,2015-11-12,TMIN,78
USC00314689,2014-04-16,TMAX,239
USC00316096,2012-11-10,TMAX,189
USW00093719,2011-01-28,TMAX,133
USR0000NNWB,2006-01-06,TMAX,83
USC00316096,2011-11-06,TMIN,89
USC00316096,2011-11-06,TMAX,178
USC00316096,2009-08-08,TMAX,294
USR0000NNWB,2006-01-06,TMIN,17
USC00314689,2007-03-18,TMAX,83
USW00093719,2011-01-28,TMIN,-39
USC00314689,2007-03-18,TMIN,-6
USW00093743,2013-02-12,TMAX,178
USR0000NNWB,2010-04-15,TMAX,239
USW00093743,2013-02-12,TMIN,106
USW00093743,2008-01-04,TMAX,206
USC00315830,2006-02-18,TMAX,172
USC00310356,2012-05-14,TMIN,211
USC00316096,2015-03-29,TMAX,94
USR0000NNWB,2010-04-15,TMIN,28
USC00310356,2012-05-14,TMAX,244
USC00310356,2013-02-12,TMIN,117
USC00316096,2009-08-08,TMIN,183
USR0000NCRN,2010-03-27,TMAX,128
USC00310356,2007-07-18,TMIN,217
USC00317170,2008-08-05,TMAX,356
USR0000NNWB,2006-12-11,TMIN,-17
USC00317170,2008-08-05,TMIN,239
USR0000NHOF,2006-02-15,TMIN,6
USC00315830,2006-02-18,TMIN,61
USC00310576,2011-03-16,TMAX,172
USC00317170,2008-07-21,TMAX,356
USC00314684,2005-06-25,TMAX,311
USR0000NHOF,2012-10-10,TMAX,200
USR0000NHOF,2012-10-10,TMIN,100
USC00314684,2005-06-25,TMIN,183
USW00093743,2012-05-14,TMIN,211
USW00093743,2012-05-14,TMAX,250
USC00310356,2013-02-12,TMAX,150
USC00317170,2008-07-21,TMIN,133
USC00316676,2013-07-12,TMAX,317
USC00316676,2013-07-12,TMIN,222
USC00317170,2011-03-20,TMAX,172
USR0000NHOF,2013-02-12,TMIN,94
USC00316676,2006-05-15,TMIN,139
USC00316676,2006-05-15,TMAX,256
USW00093743,2010-06-16,TMAX,317
USW00093743,2010-06-16,TMIN,239
USW00093743,2008-01-04,TMIN,-71
USC00314684,2014-02-13,TMAX,44
USC00317170,2011-03-20,TMIN,61
USC00314684,2014-02-13,TMIN,-39
USW00093719,2007-04-10,TMIN,-17
USC00314689,2014-12-20,TMIN,11
USC00316676,2008-08-31,TMAX,317
USC00316676,2008-08-31,TMIN,211
USC00317170,2008-06-06,TMIN,239
USC00314689,2006-12-18,TMAX,228
USC00317170,2008-06-06,TMAX,361
USW00093719,2007-04-10,TMAX,172
USC00310576,2011-03-16,TMIN,83
USC00310356,2015-08-20,TMIN,239
USR0000NHOF,2013-02-12,TMAX,183
USC00316676,2005-11-28,TMIN,89
USC00316676,2005-11-28,TMAX,206
USC00314144,2005-03-30,TMIN,61
USR0000NCRN,2005-09-13,TMAX,306
USR0000NCRN,2005-09-13,TMIN,233
USC00316096,2013-12-16,TMAX,139
USC00310356,2015-08-20,TMAX,289
USC00317170,2015-11-12,TMAX,250
USC00316096,2015-03-29,TMIN,-28
USC00310576,2008-03-09,TMIN,28
USC00310576,2008-03-09,TMAX,217
USC00316096,2014-04-16,TMAX,117
USC00316096,2014-04-16,TMIN,28
USC00316096,2013-12-16,TMIN,0
USW00013754,2014-07-03,TMIN,233
USC00314144,2005-03-30,TMAX,239
USW00013754,2014-07-03,TMAX,306
USR0000NCRN,2010-03-27,TMIN,50
USR0000NHOF,2011-05-27,TMAX,278
USC00310576,2007-04-04,TMIN,133
USC00315830,2006-01-06,TMIN,50
USR0000NNWB,2005-05-03,TMIN,100
USC00310356,2015-08-04,TMAX,278
USC00310356,2010-06-11,TMIN,233
USC00310356,2010-06-11,TMAX,278
USC00310356,2013-10-30,TMIN,161
USR0000NCRN,2005-07-17,TMIN,250
USC00310576,2009-10-27,TMIN,144
USR0000NNWB,2005-05-03,TMAX,233
USW00093743,2010-01-20,TMIN,39
USW00093743,2010-01-20,TMAX,150
USW00093743,2012-07-24,TMIN,228
USR0000NCRN,2013-02-25,TMIN,33
USC00314689,2013-11-14,TMAX,128
USW00093719,2013-08-15,TMIN,189
USW00093719,2013-08-15,TMAX,239
USC00310356,2010-01-20,TMIN,61
USW00093743,2012-07-24,TMAX,317
USC00310356,2010-01-20,TMAX,150
USC00310356,2013-10-30,TMAX,250
USR0000NNWB,2008-11-29,TMAX,94
USC00310576,2005-10-26,TMIN,61
USC00310356,2015-08-04,TMIN,206
USC00314684,2005-09-12,TMAX,272
USC00314684,2005-09-12,TMIN,189
USC00317170,2008-03-22,TMIN,94
USC00310576,2005-06-30,TMIN,217
USC00317170,2008-03-22,TMAX,256
USC00310576,2005-06-30,TMAX,306
USR0000NNWB,2008-11-29,TMIN,72
USR0000NHOF,2010-01-20,TMAX,206
USR0000NNWB,2010-09-18,TMAX,306
USW00093765,2014-05-20,TMIN,100
USW00093765,2014-05-20,TMAX,233
USC00310576,2009-10-27,TMAX,178
USC00310576,2015-04-28,TMIN,67
USC00310576,2015-04-28,TMAX,211
USR0000NHOF,2010-01-20,TMIN,17
USC00317170,2015-09-12,TMIN,211
USR0000NCRN,2013-02-25,TMAX,67
USR0000NHOF,2009-04-13,TMAX,167
USW00093765,2008-10-23,TMAX,189
USW00093719,2014-01-15,TMAX,161
USW00093719,2014-01-15,TMIN,28
USC00310576,2008-01-06,TMAX,144
USC00315830,2006-04-27,TMAX,183
USC00315830,2006-04-27,TMIN,133
USR0000NHOF,2012-07-24,TMIN,211
USC00314684,2012-02-13,TMAX,44
USC00314689,2012-10-09,TMAX,133
USR0000NCRN,2005-12-14,TMIN,-22
USC00316676,2008-04-08,TMAX,133
USC00317170,2015-07-02,TMAX,328
USC00317170,2015-07-02,TMIN,222
USR0000NCRN,2005-12-14,TMAX,67
USC00316676,2008-04-08,TMIN,100
USC00310576,2008-01-06,TMIN,-33
USC00314689,2012-10-09,TMIN,100
USR0000NHOF,2009-04-13,TMIN,11
USW00093743,2007-10-12,TMAX,222
USR0000NHOF,2005-10-16,TMAX,228
USW00093765,2008-10-23,TMIN,67
USC00314689,2013-11-14,TMIN,-44
USW00013754,2015-03-03,TMAX,150
USW00013754,2015-03-03,TMIN,39
USR0000NHOF,2012-07-24,TMAX,339
USC00317170,2010-04-15,TMIN,39
USC00314684,2012-02-13,TMIN,-56
USC00316096,2014-11-25,TMAX,194
USW00093743,2012-02-17,TMAX,183
USC00314144,2010-08-27,TMIN,189
USC00314144,2010-08-27,TMAX,306
USR0000NHOF,2015-12-20,TMIN,-28
USR0000NHOF,2015-12-20,TMAX,161
USC00316096,2014-11-25,TMIN,161
USW00093743,2007-10-12,TMIN,94
USR0000NHOF,2005-10-16,TMIN,50
USC00317170,2010-04-15,TMAX,233
USC00310356,2015-12-20,TMIN,17
USW00093743,2010-06-11,TMAX,317
USC00310576,2005-10-26,TMAX,167
USW00013754,2008-12-22,TMAX,56
USR0000NHOF,2015-08-04,TMIN,222
USR0000NCRN,2009-06-10,TMIN,189
USC00315830,2005-08-05,TMAX,311
USW00013754,2008-12-22,TMIN,-38
USC00315830,2005-08-05,TMIN,228
USC00315830,2009-03-17,TMAX,139
USR0000NHOF,2010-11-01,TMAX,189
USC00315830,2009-03-17,TMIN,89
USC00317170,2011-03-21,TMIN,100
USW00093719,2010-11-18,TMAX,178
USR0000NHOF,2015-09-16,TMAX,289
USC00317170,2011-03-21,TMAX,256
USW00093719,2010-11-18,TMIN,22
USC00310356,2012-07-24,TMAX,306
USW00093719,2015-11-12,TMAX,256
USR0000NHOF,2015-08-04,TMAX,306
USW00093719,2015-11-12,TMIN,78
USR0000NHOF,2010-11-01,TMIN,56
USR0000NHOF,2010-06-11,TMAX,317
USC00316096,2013-11-14,TMIN,-56
USC00314684,2011-11-30,TMIN,22
USC00316676,2013-07-11,TMIN,222
USR0000NHOF,2009-12-03,TMAX,200
USW00093719,2009-08-16,TMAX,300
USW00013754,2007-08-25,TMIN,222
USW00093719,2013-03-25,TMAX,100
USR0000NHOF,2015-09-16,TMIN,111
USW00093719,2013-03-25,TMIN,39
USR0000NHOF,2006-06-29,TMAX,294
USR0000NHOF,2006-06-29,TMIN,189
USW00093719,2007-08-23,TMIN,233
USR0000NHOF,2010-06-11,TMIN,178
USC00310356,2012-02-17,TMIN,94
USW00093719,2012-04-24,TMAX,189
USW00093719,2012-04-24,TMIN,50
USW00093719,2009-08-16,TMIN,211
USC00317170,2015-09-12,TMAX,283
USC00310576,2005-07-29,TMIN,222
USC00314144,2009-09-17,TMAX,256
USC00314684,2011-09-04,TMAX,311
USC00316676,2005-01-20,TMIN,-117
USC00316676,2005-01-20,TMAX,28
USC00314144,2007-06-13,TMAX,256
USC00316096,2012-10-09,TMAX,172
USC00314144,2007-06-13,TMIN,133
USC00315830,2006-12-20,TMIN,39
USR0000NNWB,2010-09-18,TMIN,200
USW00013754,2013-11-25,TMIN,-16
USW00013754,2013-11-25,TMAX,61
USC00315830,2006-12-20,TMAX,172
USW00093743,2009-12-03,TMIN,94
USW00093719,2007-12-06,TMAX,78
USW00093743,2009-12-03,TMAX,217
USW00093743,2010-06-11,TMIN,206
USW00093719,2007-12-06,TMIN,-6
USC00316096,2012-10-09,TMIN,122
USC00310576,2005-07-29,TMAX,300
USC00314684,2011-09-04,TMIN,161
USC00310356,2014-12-24,TMAX,178
USC00316096,2009-06-08,TMAX,283
USC00310576,2006-01-06,TMAX,89
USW00093719,2007-08-23,TMAX,306
USC00316096,2009-06-08,TMIN,178
USC00310356,2012-07-24,TMIN,233
USC00310576,2006-01-06,TMIN,44
USW00093765,2015-07-02,TMAX,300
USC00310356,2014-12-24,TMIN,83
USC00314144,2009-09-17,TMIN,178
USC00314144,2008-05-29,TMIN,100
USC00316676,2008-12-07,TMIN,-17
USC00316676,2008-12-07,TMAX,139
USR0000NCRN,2010-01-05,TMAX,33
USW00093765,2015-07-02,TMIN,261
USR0000NCRN,2010-01-05,TMIN,33
USR0000NCRN,2009-06-10,TMAX,294
USC00314144,2008-05-29,TMAX,239
USR0000NCRN,2012-11-18,TMIN,122
USR0000NCRN,2012-11-18,TMAX,150
USW00093743,2012-02-17,TMIN,56
USC00317170,2012-04-24,TMIN,50
USW00093743,2014-09-07,TMIN,239
USC00316096,2012-03-02,TMAX,194
USW00093719,2006-04-08,TMAX,283
USC00315830,2014-04-16,TMAX,206
USC00315830,2014-04-16,TMIN,39
USW00093765,2007-05-21,TMIN,183
USC00317170,2012-04-24,TMAX,194
USW00093765,2007-05-21,TMAX,272
USC00316096,2012-03-02,TMIN,117
USW00013754,2013-08-15,TMAX,222
USC00314684,2011-01-17,TMAX,133
USC00314684,2011-01-17,TMIN,-17
USW00093719,2013-12-16,TMIN,17
USC00316096,2009-06-21,TMIN,206
USC00314684,2010-09-06,TMAX,289
USW00013754,2013-08-15,TMIN,183
USC00314144,2006-03-02,TMAX,272
USW00093743,2014-09-07,TMAX,294
USW00093719,2013-12-16,TMAX,144
USC00314684,2010-02-23,TMAX,161
USC00314684,2010-02-23,TMIN,56
USC00310356,2010-11-01,TMIN,133
USW00093719,2006-04-08,TMIN,94
USC00316096,2009-06-21,TMAX,322
USW00093743,2010-12-11,TMAX,156
USW00093743,2010-12-11,TMIN,50
USC00314689,2009-01-23,TMAX,150
USW00093719,2012-01-10,TMAX,161
USW00093743,2009-08-04,TMIN,233
USC00310576,2011-04-02,TMIN,28
USC00310356,2010-11-01,TMAX,233
USR0000NNWB,2009-07-14,TMAX,300
USR0000NNWB,2009-07-14,TMIN,206
USC00314684,2011-04-11,TMIN,94
USC00314684,2011-04-11,TMAX,283
USW00093743,2009-08-04,TMAX,300
USW00093765,2007-04-02,TMIN,167
USC00316096,2013-04-23,TMIN,83
USC00314144,2006-03-02,TMIN,89
USC00314689,2005-09-12,TMAX,283
USR0000NCRN,2011-07-07,TMIN,256
USC00314689,2005-09-12,TMIN,189
USC00310356,2015-10-01,TMIN,222
USC00310576,2013-10-04,TMAX,300
USR0000NCRN,2011-07-07,TMAX,306
USC00314684,2007-12-14,TMAX,256
USC00316676,2011-01-08,TMIN,0
USC00314144,2010-08-23,TMAX,306
USC00314684,2007-12-14,TMIN,111
USC00310356,2015-10-01,TMAX,278
USC00310356,2005-01-13,TMAX,172
USC00315830,2008-07-26,TMAX,300
USW00093743,2012-08-10,TMAX,294
USW00093743,2012-08-10,TMIN,244
USC00316096,2011-11-30,TMAX,122
USC00315830,2008-07-26,TMIN,211
USC00316096,2013-04-23,TMAX,178
USC00310576,2013-10-04,TMIN,133
USC00315830,2005-04-06,TMIN,122
USW00093719,2012-01-10,TMIN,61
USC00315830,2015-04-21,TMAX,233
USW00093719,2008-09-15,TMIN,233
USW00093719,2008-09-15,TMAX,333
USC00315830,2015-04-21,TMIN,183
USR0000NHOF,2014-09-07,TMAX,311
USC00314689,2007-12-03,TMAX,189
USW00013754,2013-09-18,TMAX,250
USR0000NHOF,2014-09-07,TMIN,217
USC00310356,2012-08-10,TMAX,300
USC00310356,2012-08-10,TMIN,239
USC00314684,2011-12-09,TMAX,111
USC00316676,2015-11-26,TMAX,172
USC00314144,2010-08-23,TMIN,217
USC00316676,2015-11-26,TMIN,28
USC00315830,2005-04-06,TMAX,233
USC00314684,2011-12-09,TMIN,0
USW00093743,2007-11-17,TMAX,150
USW00093743,2007-11-17,TMIN,-16
USW00093765,2007-04-02,TMAX,233
USW00093743,2010-11-01,TMAX,194
USC00315830,2010-05-04,TMIN,211
USC00310356,2015-09-16,TMIN,189
USW00093743,2013-10-30,TMAX,228
USC00310576,2012-03-17,TMAX,244
USC00310576,2012-03-17,TMIN,122
USR0000NHOF,2005-11-16,TMAX,239
USC00310356,2010-12-11,TMIN,-6
USW00093743,2013-10-30,TMIN,111
USR0000NHOF,2015-10-01,TMAX,233
USC00310356,2009-08-04,TMAX,283
USC00310356,2009-08-04,TMIN,228
USW00093765,2012-04-24,TMAX,200
USW00093765,2012-04-24,TMIN,78
USW00013754,2007-11-25,TMIN,78
USW00013754,2007-11-25,TMAX,117
USR0000NHOF,2015-10-01,TMIN,167
USC00310356,2009-12-03,TMIN,128
USR0000NHOF,2005-11-16,TMIN,139
USC00310356,2010-12-11,TMAX,133
USC00317170,2014-07-03,TMIN,239
USW00013754,2007-07-05,TMAX,294
USW00093743,2009-04-13,TMIN,56
USW00013754,2009-07-14,TMAX,278
USW00013754,2009-07-14,TMIN,200
USC00310356,2015-12-20,TMAX,83
USW00093743,2012-07-31,TMAX,283
USW00013754,2007-07-05,TMIN,189
USC00314144,2007-05-13,TMIN,72
USW00093743,2009-04-13,TMAX,172
USC00317170,2015-12-10,TMAX,211
USC00317170,2014-07-03,TMAX,317
USW00093743,2012-07-31,TMIN,217
USC00317170,2015-12-10,TMIN,94
USC00314144,2007-05-13,TMAX,217
USC00315830,2010-05-04,TMAX,239
USW00093743,2010-11-01,TMIN,89
USC00314689,2006-07-15,TMIN,256
USC00314689,2006-07-15,TMAX,339
USC00315830,2005-06-11,TMAX,278
USC00317170,2010-03-08,TMIN,28
USC00317170,2010-03-08,TMAX,183
USC00316676,2009-04-27,TMIN,128
USC00316676,2009-04-27,TMAX,317
USW00013754,2009-01-10,TMAX,172
USW00013754,2009-01-10,TMIN,-21
USC00314689,2014-08-13,TMIN,217
USC00310356,2009-04-13,TMAX,167
USC00314689,2014-08-13,TMAX,322
USC00310576,2008-06-19,TMIN,128
USC00310356,2014-09-07,TMAX,294
USC00310576,2011-04-02,TMAX,139
USC00314689,2013-04-23,TMIN,89
USC00310576,2008-06-19,TMAX,306
USC00310356,2014-09-07,TMIN,217
USC00314689,2013-04-23,TMAX,167
USC00314689,2009-01-23,TMIN,6
USC00310356,2015-09-16,TMAX,267
USR0000NHOF,2014-12-24,TMIN,122
USR0000NHOF,2014-12-24,TMAX,217
USC00315830,2005-06-11,TMIN,206
USC00310356,2014-06-02,TMIN,161
USC00310576,2010-03-27,TMIN,56
USW00093719,2014-12-27,TMIN,-5
USC00310576,2010-03-27,TMAX,239
USW00093765,2013-03-25,TMAX,111
USW00093765,2013-03-25,TMIN,56
USC00310356,2009-12-03,TMAX,211
USC00310356,2005-10-16,TMIN,167
USC00310356,2005-10-16,TMAX,239
USC00314689,2013-12-22,TMIN,50
USC00310576,2012-08-26,TMAX,267
USC00310576,2012-08-26,TMIN,189
USW00093719,2014-12-27,TMAX,183
USC00314684,2010-11-11,TMIN,33
USC00310356,2009-04-13,TMIN,111
USC00314689,2013-12-22,TMAX,256
USC00316676,2013-07-11,TMAX,306
USC00314684,2011-11-30,TMAX,106
USC00316096,2013-11-14,TMAX,144
USC00310356,2012-02-17,TMAX,161
USR0000NHOF,2014-05-14,TMIN,183
USC00310356,2007-10-03,TMAX,294
USC00310356,2012-11-18,TMIN,94
USR0000NNWB,2008-08-05,TMAX,361
USC00314144,2005-02-07,TMIN,-17
USR0000NNWB,2008-08-05,TMIN,244
USR0000NHOF,2015-01-21,TMAX,206
USC00310356,2007-10-03,TMIN,217
USR0000NCRN,2007-05-07,TMAX,333
USR0000NHOF,2015-01-21,TMIN,28
USC00314144,2010-01-05,TMAX,28
USC00314144,2010-01-05,TMIN,-94
USR0000NHOF,2011-10-13,TMAX,267
USW00013754,2012-05-14,TMIN,172
USW00013754,2012-05-14,TMAX,267
USC00315830,2009-03-09,TMAX,228
USC00310356,2012-11-18,TMAX,139
USC00315830,2009-03-09,TMIN,128
USR0000NHOF,2014-05-14,TMAX,306
USC00310356,2008-02-07,TMIN,33
USC00316676,2008-11-12,TMIN,22
USC00316676,2008-11-12,TMAX,150
USC00314144,2007-11-20,TMIN,44
USC00314144,2005-04-14,TMIN,44
USC00314144,2005-04-14,TMAX,172
USW00013754,2014-01-15,TMIN,22
USC00310356,2015-03-15,TMAX,161
USC00310356,2008-02-07,TMAX,167
USC00314689,2011-12-09,TMIN,17
USC00314144,2007-11-20,TMAX,217
USW00093743,2014-05-14,TMAX,278
USC00314689,2010-05-14,TMAX,333
USC00314689,2010-05-14,TMIN,178
USW00093743,2014-05-14,TMIN,183
USR0000NNWB,2006-05-16,TMIN,117
USR0000NNWB,2006-05-16,TMAX,211
USC00314689,2011-12-09,TMAX,139
USC00314684,2013-11-14,TMIN,-61
USR0000NHOF,2009-10-31,TMIN,144
USR0000NHOF,2006-08-28,TMIN,189
USC00314684,2013-02-11,TMIN,-17
USC00314684,2010-03-08,TMIN,-28
USC00316676,2015-10-16,TMAX,239
USC00314684,2010-03-08,TMAX,150
USC00316676,2015-10-16,TMIN,100
USR0000NCRN,2006-06-29,TMAX,294
USR0000NCRN,2006-06-29,TMIN,222
USR0000NCRN,2011-02-09,TMIN,-11
USC00317170,2012-12-12,TMAX,183
USC00315830,2007-11-14,TMIN,106
USC00315830,2007-11-14,TMAX,211
USC00314684,2005-05-30,TMAX,289
USW00093719,2014-03-05,TMIN,6
USW00093719,2014-03-05,TMAX,56
USC00314689,2009-04-06,TMAX,278
USC00314689,2009-04-06,TMIN,178
USW00093765,2006-03-16,TMAX,167
USR0000NHOF,2006-08-28,TMAX,317
USC00314684,2013-02-11,TMAX,144
USW00093765,2006-03-16,TMIN,78
USW00093719,2012-01-25,TMAX,183
USW00093719,2012-01-25,TMIN,33
USR0000NHOF,2011-10-13,TMIN,183
USC00315830,2005-05-24,TMIN,139
USR0000NHOF,2009-10-31,TMAX,261
USC00315830,2005-05-24,TMAX,250
USC00317170,2010-04-11,TMAX,244
USW00093765,2005-06-25,TMIN,211
USC00317170,2010-04-11,TMIN,56
USC00310356,2005-12-14,TMAX,117
USW00093765,2015-09-12,TMAX,283
USW00093765,2015-09-12,TMIN,228
USC00317170,2014-05-20,TMIN,78
USC00317170,2014-05-20,TMAX,250
USW00093765,2005-06-25,TMAX,283
USC00317170,2012-12-12,TMIN,78
USC00310356,2005-12-14,TMIN,-33
USW00013754,2014-01-15,TMAX,156
USC00314684,2013-11-14,TMAX,72
USW00093743,2012-11-18,TMAX,150
USC00315830,2009-01-18,TMAX,106
USR0000NCRN,2011-06-17,TMIN,200
USR0000NCRN,2011-06-17,TMAX,294
USR0000NHOF,2012-11-18,TMIN,106
USC00317170,2007-05-21,TMIN,150
USC00317170,2007-05-21,TMAX,311
USR0000NHOF,2012-11-18,TMAX,144
USC00316096,2011-04-11,TMAX,239
USW00093765,2005-09-12,TMAX,283
USR0000NCRN,2011-11-07,TMIN,89
USC00315830,2009-01-18,TMIN,-33
USC00314144,2006-06-29,TMAX,311
USC00314144,2006-06-29,TMIN,217
USW00093743,2013-02-25,TMIN,28
USR0000NCRN,2011-11-07,TMAX,222
USC00316096,2013-07-11,TMAX,300
USW00093765,2005-09-12,TMIN,228
USC00316096,2013-07-11,TMIN,244
USR0000NHOF,2012-02-10,TMIN,-44
USW00093765,2008-09-15,TMAX,306
USC00310576,2010-10-10,TMAX,272
USR0000NCRN,2012-08-10,TMAX,294
USR0000NHOF,2013-02-25,TMIN,17
USR0000NHOF,2013-02-25,TMAX,72
USR0000NCRN,2012-08-10,TMIN,239
USC00310576,2009-12-21,TMIN,0
USC00314684,2013-08-15,TMIN,161
USC00310576,2009-12-21,TMAX,94
USC00314684,2013-08-15,TMAX,244
USC00316676,2006-03-13,TMIN,156
USC00310576,2010-01-20,TMAX,200
USC00310356,2011-10-13,TMAX,272
USC00310356,2011-10-13,TMIN,178
USR0000NHOF,2012-02-10,TMAX,117
USC00316096,2011-04-11,TMIN,144
USW00093765,2008-09-15,TMIN,239
USC00310576,2010-01-20,TMIN,39
USW00093743,2013-02-25,TMAX,78
USR0000NNWB,2012-05-14,TMIN,194
USR0000NNWB,2012-05-14,TMAX,272
USC00310356,2013-02-25,TMIN,39
USC00310576,2010-08-20,TMIN,239
USW00093743,2012-11-18,TMIN,117
USW00093719,2015-07-02,TMAX,328
USC00310356,2013-02-25,TMAX,161
USR0000NCRN,2006-02-15,TMAX,189
USW00093719,2015-07-02,TMIN,233
USC00314689,2013-07-11,TMIN,228
USW00093719,2007-09-12,TMIN,222
USR0000NCRN,2006-02-15,TMIN,22
USC00310356,2014-05-14,TMAX,261
USC00315830,2013-10-04,TMIN,178
USC00310356,2014-10-02,TMIN,183
USC00310356,2014-10-02,TMAX,294
USC00315830,2013-10-04,TMAX,283
USC00310356,2014-05-14,TMIN,211
USW00093719,2007-09-12,TMAX,272
USC00315830,2009-06-17,TMAX,283
USC00314689,2013-07-11,TMAX,311
USW00093743,2008-02-07,TMAX,300
USC00317170,2012-10-09,TMAX,156
USC00315830,2009-06-17,TMIN,211
USC00317170,2012-10-09,TMIN,122
USC00316676,2009-08-08,TMIN,183
USC00316676,2009-08-08,TMAX,294
USC00314684,2005-06-18,TMAX,283
USC00314684,2005-06-18,TMIN,144
USC00315830,2007-07-22,TMIN,189
USC00315830,2007-07-22,TMAX,267
USR0000NNWB,2008-11-21,TMAX,67
USR0000NNWB,2008-11-21,TMIN,-11
USR0000NHOF,2014-10-02,TMIN,133
USR0000NHOF,2014-10-02,TMAX,306
USC00310576,2010-08-20,TMAX,317
USW00093719,2005-11-05,TMIN,106
USW00093719,2005-11-05,TMAX,244
USW00093743,2008-02-07,TMIN,94
USW00013754,2013-03-25,TMAX,100
USW00093719,2008-08-24,TMIN,194
USW00013754,2013-03-25,TMIN,44
USR0000NHOF,2006-02-02,TMAX,178
USR0000NCRN,2005-09-26,TMIN,183
USW00013754,2013-12-16,TMAX,133
USW00013754,2013-12-16,TMIN,17
USR0000NCRN,2005-09-26,TMAX,294
USW00013754,2005-05-03,TMAX,194
USC00314689,2005-07-23,TMIN,222
USW00013754,2005-05-03,TMIN,111
USC00314684,2012-10-09,TMIN,100
USC00310356,2012-06-12,TMIN,239
USC00310356,2012-06-12,TMAX,267
USW00093765,2015-12-10,TMAX,217
USW00093765,2015-12-10,TMIN,111
USC00317170,2012-01-30,TMIN,-6
USC00315830,2010-04-23,TMIN,144
USC00315830,2009-11-06,TMAX,194
USW00093719,2015-09-23,TMAX,244
USC00315830,2010-04-23,TMAX,228
USC00316676,2008-05-08,TMIN,106
USC00314684,2012-10-09,TMAX,139
USW00093765,2012-11-10,TMIN,28
USC00315830,2015-01-12,TMIN,-33
USC00310356,2006-02-02,TMAX,150
USC00316096,2013-02-11,TMAX,161
USW00013754,2014-03-05,TMIN,6
USW00013754,2014-03-05,TMAX,50
USC00316096,2013-02-11,TMIN,83
USW00093765,2013-08-15,TMIN,183
USR0000NHOF,2007-11-17,TMAX,144
USW00093765,2013-08-15,TMAX,211
USC00310576,2006-10-19,TMAX,233
USW00093765,2012-11-10,TMAX,178
USR0000NHOF,2007-11-17,TMIN,-67
USC00317170,2010-02-23,TMAX,139
USC00317170,2010-02-23,TMIN,89
USW00093719,2011-03-11,TMIN,22
USW00093719,2011-03-11,TMAX,128
USC00310576,2006-10-19,TMIN,200
USC00315830,2015-01-12,TMAX,172
USC00317170,2012-01-30,TMAX,144
USC00316676,2008-05-08,TMAX,278
USR0000NCRN,2005-07-17,TMAX,317
USC00310356,2006-06-29,TMIN,233
USC00314689,2007-11-28,TMAX,172
USC00310356,2005-05-12,TMIN,167
USC00310356,2005-05-12,TMAX,233
USR0000NHOF,2009-12-03,TMIN,72
USC00314689,2013-02-11,TMAX,178
USC00310356,2006-06-29,TMAX,289
USC00314689,2005-03-26,TMAX,178
USR0000NCRN,2014-09-07,TMAX,289
USC00314689,2005-03-26,TMIN,94
USC00316676,2009-07-24,TMIN,222
USC00314689,2013-02-11,TMIN,78
USW00013754,2007-08-25,TMAX,328
USC00316676,2009-07-24,TMAX,311
USR0000NCRN,2014-09-07,TMIN,228
USC00314689,2007-11-28,TMIN,6
USC00310576,2015-10-22,TMIN,67
USC00317170,2008-06-25,TMIN,194
USC00317170,2008-07-14,TMAX,328
USW00093765,2012-12-12,TMIN,83
USW00093719,2015-09-23,TMIN,200
USC00310576,2015-10-22,TMAX,250
USC00315830,2009-11-06,TMIN,50
USR0000NHOF,2014-06-02,TMIN,67
USC00310356,2009-06-26,TMIN,261
USR0000NHOF,2014-06-02,TMAX,300
USC00317170,2008-07-14,TMIN,222
USC00314144,2007-02-19,TMIN,-89
USW00093765,2012-12-12,TMAX,122
USR0000NNWB,2009-10-10,TMAX,317
USR0000NNWB,2009-10-10,TMIN,183
USC00314144,2007-02-19,TMAX,83
USW00093719,2011-12-22,TMIN,172
USC00317170,2008-06-25,TMAX,344
USW00093719,2011-12-22,TMAX,256
USC00310356,2009-06-26,TMAX,322
USR0000NCRN,2011-02-09,TMAX,94
USC00310356,2006-02-02,TMIN,-33
USC00310356,2012-07-12,TMAX,294
USW00093765,2010-02-23,TMAX,144
USW00093765,2010-02-23,TMIN,56
USC00317170,2013-08-15,TMIN,183
USC00317170,2013-08-15,TMAX,233
USC00314144,2010-06-06,TMAX,344
USC00316676,2013-04-23,TMIN,89
USC00314144,2010-06-06,TMIN,244
USC00315830,2010-09-04,TMAX,333
USW00013754,2012-04-24,TMAX,194
USW00013754,2012-04-24,TMIN,50
USC00316676,2013-04-23,TMAX,150
USC00315830,2010-09-04,TMIN,244
USC00316096,2011-12-09,TMAX,194
USC00310576,2015-08-24,TMIN,183
USC00310576,2015-08-24,TMAX,306
USR0000NNWB,2013-03-25,TMAX,94
USC00316096,2011-12-09,TMIN,11
USR0000NHOF,2012-07-12,TMIN,211
USW00093765,2006-09-30,TMAX,239
USW00093743,2009-10-31,TMAX,267
USC00316676,2009-02-28,TMAX,228
USC00314684,2005-05-30,TMIN,178
USR0000NNWB,2008-06-29,TMAX,350
USC00314689,2011-09-27,TMAX,294
USR0000NNWB,2008-09-09,TMAX,322
USR0000NNWB,2008-09-09,TMIN,217
USR0000NNWB,2008-06-29,TMIN,239
USC00315830,2014-02-13,TMIN,22
USC00314689,2011-09-27,TMIN,217
USW00093719,2008-07-21,TMAX,356
USR0000NHOF,2009-06-26,TMIN,200
USW00093719,2008-07-21,TMIN,228
USR0000NHOF,2009-06-26,TMAX,328
USW00093743,2009-10-31,TMIN,189
USC00315830,2014-02-13,TMAX,144
USW00093765,2006-09-30,TMIN,111
USC00316676,2009-02-28,TMIN,61
USR0000NHOF,2012-07-12,TMAX,289
USC00316676,2006-11-07,TMAX,189
USC00316676,2006-11-07,TMIN,56
USR0000NNWB,2012-04-24,TMAX,217
USR0000NNWB,2012-04-24,TMIN,56
USC00314689,2014-11-25,TMIN,156
USC00314689,2014-11-25,TMAX,211
USR0000NCRN,2010-07-19,TMAX,300
USC00314689,2005-01-07,TMAX,233
USC00314689,2005-01-07,TMIN,128
USR0000NCRN,2010-07-19,TMIN,256
USC00310576,2008-07-02,TMIN,144
USC00310576,2008-07-02,TMAX,300
USW00093743,2012-06-12,TMAX,278
USC00310356,2012-07-12,TMIN,233
USC00314684,2008-02-01,TMAX,117
USC00314684,2008-02-01,TMIN,-11
USC00310576,2015-05-28,TMIN,178
USC00310576,2015-05-28,TMAX,283
USW00093743,2012-06-12,TMIN,228
USR0000NNWB,2014-03-05,TMAX,50
USR0000NNWB,2014-03-05,TMIN,-6
USR0000NHOF,2012-06-12,TMAX,261
USR0000NNWB,2013-03-25,TMIN,33
USC00310356,2009-10-31,TMIN,156
USW00093719,2013-11-25,TMIN,-43
USR0000NHOF,2005-05-12,TMIN,128
USC00310356,2009-10-31,TMAX,250
USR0000NHOF,2005-05-12,TMAX,311
USW00093743,2012-07-12,TMIN,222
USW00093743,2012-07-12,TMAX,289
USR0000NNWB,2014-01-15,TMAX,156
USW00093719,2013-11-25,TMAX,78
USR0000NNWB,2014-01-15,TMIN,17
USR0000NCRN,2014-10-02,TMIN,144
USR0000NCRN,2014-10-02,TMAX,267
USW00013754,2009-10-10,TMAX,311
USW00013754,2009-10-10,TMIN,194
USR0000NHOF,2012-06-12,TMIN,222
USC00314689,2005-07-13,TMAX,317
USR0000NHOF,2006-02-02,TMIN,-39
USC00316676,2006-03-13,TMAX,272
USR0000NCRN,2012-06-12,TMIN,228
USC00310576,2007-01-27,TMAX,89
USR0000NHOF,2005-08-08,TMIN,178
USC00310356,2013-01-21,TMIN,67
USR0000NHOF,2005-08-08,TMAX,261
USC00310356,2011-05-27,TMIN,228
USC00314689,2008-06-06,TMIN,244
USC00314689,2008-06-06,TMAX,367
USC00316676,2007-09-28,TMIN,194
USR0000NHOF,2008-05-29,TMIN,100
USC00310576,2011-07-14,TMIN,228
USC00315830,2013-08-15,TMAX,256
USC00314689,2014-10-01,TMIN,150
USC00314689,2014-10-01,TMAX,267
USC00310576,2014-09-07,TMAX,317
USW00093765,2009-10-10,TMAX,283
USC00314144,2008-10-14,TMIN,72
USW00093765,2009-10-10,TMIN,200
USC00315830,2013-08-15,TMIN,189
USC00314144,2008-10-14,TMAX,272
USR0000NHOF,2008-05-29,TMAX,239
USC00310356,2005-06-06,TMAX,256
USR0000NCRN,2009-09-17,TMAX,261
USR0000NCRN,2009-09-17,TMIN,250
USW00093719,2015-09-03,TMIN,200
USW00013754,2014-02-13,TMAX,128
USW00013754,2014-02-13,TMIN,22
USR0000NHOF,2006-11-24,TMIN,0
USR0000NHOF,2006-11-24,TMAX,172
USR0000NNWB,2006-04-08,TMAX,272
USW00013754,2010-09-18,TMIN,189
USW00013754,2013-04-23,TMAX,183
USW00093719,2015-09-03,TMAX,311
USW00013754,2010-09-18,TMAX,294
USC00310356,2005-06-06,TMIN,217
USC00310356,2011-05-27,TMAX,272
USC00310576,2011-07-14,TMAX,361
USR0000NNWB,2006-04-08,TMIN,89
USW00013754,2013-04-23,TMIN,89
USR0000NHOF,2008-11-09,TMIN,11
USW00013754,2007-06-23,TMAX,278
USC00310576,2014-09-07,TMIN,233
USW00013754,2005-05-20,TMIN,139
USC00314144,2009-06-06,TMAX,211
USC00310356,2012-12-30,TMAX,139
USC00310356,2012-12-30,TMIN,28
USR0000NHOF,2015-01-15,TMIN,11
USR0000NHOF,2015-01-15,TMAX,89
USW00013754,2011-12-18,TMAX,94
USC00316676,2011-01-01,TMAX,172
USC00316676,2007-09-28,TMAX,294
USR0000NHOF,2006-11-30,TMIN,78
USR0000NHOF,2006-11-30,TMAX,244
USW00093743,2011-05-27,TMAX,283
USW00093743,2012-12-30,TMAX,89
USR0000NCRN,2015-10-01,TMIN,189
USC00316096,2014-10-01,TMIN,167
USC00316096,2014-10-01,TMAX,267
USW00013754,2011-12-18,TMIN,-10
USR0000NCRN,2014-05-31,TMAX,272
USW00013754,2005-05-20,TMAX,250
USR0000NNWB,2015-03-03,TMIN,33
USW00013754,2007-06-23,TMIN,200
USC00316096,2011-08-17,TMIN,178
USR0000NCRN,2014-05-31,TMIN,117
USW00093765,2013-12-16,TMAX,133
USC00310356,2013-01-21,TMAX,144
USC00316096,2011-08-17,TMAX,317
USR0000NNWB,2015-03-03,TMAX,89
USW00093719,2007-03-24,TMIN,150
USC00317170,2012-07-27,TMIN,250
USC00314144,2009-06-06,TMIN,183
USW00093765,2013-12-16,TMIN,39
USR0000NCRN,2009-06-26,TMIN,217
USR0000NCRN,2009-06-26,TMAX,306
USW00093765,2008-10-06,TMIN,139
USW00093765,2008-10-06,TMAX,272
USW00093719,2007-03-24,TMAX,294
USC00317170,2012-07-27,TMAX,361
USW00093743,2012-12-30,TMIN,-16
USR0000NHOF,2008-11-09,TMAX,189
USR0000NCRN,2005-03-30,TMIN,72
USC00310356,2013-10-04,TMAX,256
USW00093743,2008-11-09,TMIN,50
USR0000NHOF,2013-01-21,TMIN,-22
USW00093765,2010-09-25,TMAX,289
USR0000NHOF,2013-01-21,TMAX,172
USC00310356,2006-10-19,TMIN,72
USC00310356,2006-10-19,TMAX,244
USC00310356,2013-10-04,TMIN,200
USC00314689,2009-06-21,TMAX,339
USC00314689,2005-11-13,TMAX,233
USW00093719,2009-09-01,TMAX,250
USW00093719,2013-09-18,TMAX,256
USW00093719,2013-09-18,TMIN,139
USC00317170,2014-01-15,TMAX,150
USC00316096,2010-08-05,TMIN,222
USC00316096,2010-08-05,TMAX,311
USC00314689,2009-06-21,TMIN,228
USC00314689,2005-11-13,TMIN,44
USW00093743,2008-11-09,TMAX,183
USC00316096,2013-03-25,TMIN,33
USW00093743,2013-10-04,TMAX,283
USC00316676,2006-03-30,TMAX,217
USC00314689,2009-06-08,TMIN,206
USC00316096,2013-12-22,TMIN,194
USR0000NCRN,2015-05-13,TMIN,156
USR0000NNWB,2007-09-22,TMIN,222
USC00316676,2006-03-30,TMIN,28
USC00316676,2013-02-11,TMIN,-11
USC00316096,2013-12-22,TMAX,239
USW00093765,2010-09-25,TMIN,189
USC00316676,2013-02-11,TMAX,161
USC00316096,2015-07-02,TMAX,306
USC00316096,2015-07-02,TMIN,228
USC00316676,2007-07-29,TMIN,206
USC00316096,2013-03-25,TMAX,100
USR0000NNWB,2007-09-22,TMAX,306
USC00316676,2007-07-29,TMAX,306
USR0000NCRN,2005-03-30,TMAX,222
USC00310576,2015-04-03,TMIN,22
USC00315830,2011-03-05,TMAX,194
USR0000NNWB,2008-09-15,TMIN,233
USR0000NNWB,2008-09-15,TMAX,333
USC00317170,2014-01-15,TMIN,22
USR0000NCRN,2005-10-16,TMIN,106
USR0000NCRN,2005-10-16,TMAX,250
USC00315830,2005-03-04,TMIN,-44
USW00093743,2008-05-29,TMAX,239
USW00013754,2011-12-22,TMAX,244
USW00093743,2008-05-29,TMIN,139
USC00310576,2015-04-03,TMAX,211
USR0000NCRN,2015-08-20,TMIN,228
USW00093743,2013-01-21,TMIN,22
USC00314689,2015-07-02,TMAX,328
USW00093743,2013-01-21,TMAX,167
USC00315830,2011-03-05,TMIN,78
USC00314689,2015-07-02,TMIN,233
USC00315830,2005-03-04,TMAX,106
USC00314684,2005-03-17,TMIN,22
USW00013754,2011-12-22,TMIN,172
USC00314689,2013-03-25,TMAX,94
USC00314684,2005-03-17,TMAX,61
USC00315830,2008-02-21,TMAX,144
USC00314144,2007-08-20,TMIN,239
USC00315830,2008-02-21,TMIN,28
USW00093765,2008-03-22,TMIN,111
USC00317170,2011-09-21,TMIN,206
USR0000NNWB,2013-04-23,TMIN,94
USC00314689,2013-03-25,TMIN,39
USR0000NNWB,2013-04-23,TMAX,189
USC00310576,2008-01-17,TMIN,-11
USC00317170,2011-09-21,TMAX,283
USW00093765,2008-03-22,TMAX,206
USC00310356,2008-05-29,TMAX,267
USC00310356,2008-05-29,TMIN,139
USR0000NCRN,2015-08-20,TMAX,311
USC00314144,2007-08-20,TMAX,339
USC00310576,2008-01-17,TMAX,89
USC00314689,2014-01-24,TMIN,-89
USW00093765,2005-05-03,TMAX,194
USW00093765,2005-05-03,TMIN,128
USW00093765,2009-07-14,TMAX,283
USW00093765,2009-07-14,TMIN,217
USC00315830,2007-02-15,TMIN,-22
USC00316676,2011-05-21,TMIN,150
USC00316676,2011-05-21,TMAX,283
USC00315830,2012-03-23,TMIN,144
USC00315830,2012-03-23,TMAX,244
USR0000NCRN,2012-06-03,TMIN,111
USC00315830,2006-06-29,TMAX,289
USC00314684,2014-10-01,TMIN,144
USC00314684,2010-08-05,TMIN,206
USC00314684,2010-08-05,TMAX,322
USC00314684,2014-10-01,TMAX,267
USR0000NNWB,2007-01-15,TMAX,233
USR0000NCRN,2005-03-20,TMAX,194
USR0000NNWB,2012-12-12,TMIN,61
USC00315830,2006-06-29,TMIN,228
USR0000NNWB,2012-12-12,TMAX,111
USC00314684,2012-10-25,TMAX,278
USC00315830,2013-07-12,TMIN,222
USC00316096,2012-08-01,TMAX,272
USC00316676,2011-11-06,TMIN,83
USC00316676,2011-11-06,TMAX,150
USW00093719,2008-01-09,TMIN,122
USC00317170,2011-12-09,TMAX,189
USC00315830,2010-03-21,TMAX,211
USC00315830,2010-03-21,TMIN,89
USC00315830,2007-02-15,TMAX,117
USR0000NNWB,2014-04-16,TMAX,133
USC00317170,2009-10-10,TMAX,317
USC00317170,2009-10-10,TMIN,206
USW00093719,2008-01-09,TMAX,233
USC00314684,2012-10-25,TMIN,72
USR0000NCRN,2012-06-03,TMAX,272
USC00310356,2011-05-12,TMIN,139
USC00315830,2013-07-12,TMAX,300
USR0000NNWB,2014-04-16,TMIN,28
USC00316096,2012-08-01,TMIN,206
USR0000NNWB,2007-01-15,TMIN,117
USR0000NNWB,2011-07-17,TMAX,322
USW00093719,2009-01-10,TMIN,-22
USC00314144,2006-02-02,TMAX,183
USC00314684,2007-08-15,TMAX,328
USW00093719,2007-05-30,TMAX,289
USW00013754,2012-12-07,TMIN,83
USC00316096,2012-06-29,TMIN,250
USC00310356,2010-06-06,TMAX,283
USW00093719,2009-01-10,TMAX,178
USC00317170,2009-09-08,TMAX,272
USR0000NHOF,2014-11-15,TMAX,117
USC00310576,2012-08-15,TMIN,222
USR0000NHOF,2014-11-15,TMIN,-50
USC00310356,2010-06-06,TMIN,250
USC00314144,2010-07-19,TMIN,239
USC00315830,2006-01-06,TMAX,139
USC00314144,2010-07-19,TMAX,322
USC00317170,2009-09-08,TMIN,217
USR0000NNWB,2011-07-17,TMIN,178
USC00310356,2014-11-15,TMIN,6
USC00315830,2005-07-27,TMIN,244
USC00314144,2011-04-22,TMAX,206
USC00314144,2011-04-22,TMIN,72
USW00013754,2010-07-01,TMAX,272
USW00013754,2010-07-01,TMIN,217
USC00310356,2015-05-13,TMAX,250
USC00315830,2005-07-27,TMAX,322
USC00310356,2015-05-13,TMIN,206
USC00310356,2014-11-15,TMAX,67
USC00317170,2009-01-02,TMIN,-11
USC00314684,2007-08-15,TMIN,200
USR0000NCRN,2005-03-20,TMIN,89
USR0000NNWB,2011-06-09,TMAX,361
USR0000NNWB,2011-06-09,TMIN,228
USW00013754,2012-12-07,TMAX,178
USC00314144,2006-02-02,TMIN,-17
USW00093719,2007-05-30,TMIN,150
USC00317170,2009-01-02,TMAX,161
USC00310576,2014-03-05,TMAX,28
USC00310576,2014-03-05,TMIN,-6
USC00315830,2012-01-02,TMIN,67
USC00315830,2006-08-08,TMAX,317
USR0000NCRN,2008-02-07,TMIN,67
USR0000NCRN,2008-02-07,TMAX,228
USW00013754,2007-01-15,TMAX,239
USW00013754,2007-01-15,TMIN,117
USR0000NNWB,2014-02-13,TMAX,89
USR0000NNWB,2014-02-13,TMIN,22
USC00315830,2006-08-08,TMIN,267
USC00314144,2011-07-07,TMAX,328
USC00316676,2005-08-19,TMAX,322
USC00310356,2006-11-24,TMIN,22
USC00310356,2006-11-24,TMAX,178
USC00316676,2009-03-22,TMIN,-6
USC00316676,2009-03-22,TMAX,133
USR0000NHOF,2012-12-30,TMAX,78
USR0000NHOF,2012-12-30,TMIN,-33
USC00316676,2005-08-19,TMIN,217
USW00013754,2014-04-16,TMAX,128
USC00314144,2011-07-07,TMIN,233
USC00315830,2008-03-18,TMAX,172
USC00314689,2014-01-24,TMAX,39
USC00314684,2015-12-10,TMAX,189
USR0000NCRN,2015-10-01,TMAX,239
USC00314684,2015-12-10,TMIN,28
USC00316676,2011-01-01,TMIN,-17
USR0000NHOF,2007-01-27,TMIN,22
USR0000NHOF,2007-01-27,TMAX,178
USC00315830,2008-03-18,TMIN,44
USC00314684,2014-08-13,TMIN,206
USC00315830,2008-01-13,TMIN,89
USC00310576,2006-05-16,TMIN,122
USC00310576,2006-05-16,TMAX,217
USC00315830,2008-01-13,TMAX,128
USC00314684,2014-08-13,TMAX,322
USC00315830,2009-04-19,TMAX,217
USW00093743,2011-05-27,TMIN,222
USC00314144,2009-02-13,TMAX,200
USW00013754,2014-04-16,TMIN,33
USC00314144,2009-02-13,TMIN,0
USC00310356,2011-05-12,TMAX,244
USC00310576,2007-04-23,TMAX,272
USC00310356,2007-10-12,TMAX,256
USC00316676,2011-05-12,TMIN,128
USC00310576,2006-01-17,TMAX,206
USC00316676,2012-10-09,TMIN,128
USC00316676,2010-04-27,TMAX,289
USW00093765,2009-05-05,TMAX,239
USW00013754,2008-09-15,TMAX,328
USW00093765,2009-05-05,TMIN,194
USW00093765,2015-09-23,TMAX,244
USW00093765,2015-09-23,TMIN,211
USW00093719,2010-03-08,TMAX,178
USC00315830,2013-11-25,TMIN,-22
USC00315830,2013-11-25,TMAX,78
USC00317170,2011-12-09,TMIN,11
USC00315830,2012-01-02,TMAX,183
USW00093719,2010-03-08,TMIN,17
USW00013754,2008-09-15,TMIN,239
USC00310576,2007-04-23,TMIN,83
USC00314684,2006-08-20,TMIN,222
USR0000NCRN,2010-11-08,TMIN,-6
USR0000NCRN,2010-11-08,TMAX,172
USW00093765,2005-01-25,TMIN,0
USC00310356,2005-02-01,TMAX,83
USC00314689,2009-02-20,TMIN,-17
USC00314689,2009-02-20,TMAX,144
USC00315830,2009-04-19,TMIN,139
USR0000NCRN,2013-10-04,TMIN,144
USR0000NCRN,2013-10-04,TMAX,283
USW00093765,2005-01-25,TMAX,78
USC00310356,2005-02-01,TMIN,11
USC00314684,2006-08-20,TMAX,328
USC00310576,2006-01-17,TMIN,72
USC00316676,2012-10-09,TMAX,189
USR0000NNWB,2007-04-10,TMAX,183
USC00310356,2007-10-12,TMIN,100
USR0000NNWB,2007-04-10,TMIN,-11
USC00314689,2009-06-08,TMAX,317
USR0000NCRN,2015-05-13,TMAX,256
USW00093743,2013-10-04,TMIN,172
USR0000NHOF,2005-06-06,TMAX,306
USC00314689,2011-11-30,TMIN,28
USW00093765,2005-07-18,TMIN,267
USC00310356,2005-03-21,TMAX,194
USW00013754,2008-01-18,TMAX,100
USR0000NCRN,2006-02-02,TMIN,0
USW00093765,2005-07-18,TMAX,300
USR0000NCRN,2006-02-02,TMAX,272
USC00314689,2011-11-30,TMAX,128
USC00316676,2014-06-25,TMAX,306
USC00310356,2010-01-05,TMIN,-50
USC00314689,2007-06-09,TMIN,228
USR0000NNWB,2007-11-21,TMIN,83
USC00316676,2014-06-25,TMIN,222
USR0000NNWB,2009-02-25,TMIN,-56
USC00314684,2012-04-24,TMAX,133
USC00314684,2012-04-24,TMIN,39
USC00310356,2010-01-05,TMAX,33
USC00314689,2007-06-09,TMAX,333
USC00310356,2005-03-21,TMIN,83
USC00314144,2005-12-14,TMAX,50
USC00310356,2012-11-30,TMIN,39
USC00315830,2005-03-15,TMAX,133
USW00093765,2010-03-08,TMAX,156
USC00310356,2007-05-07,TMIN,89
USC00310576,2005-02-26,TMAX,139
USC00310356,2007-11-17,TMIN,28
USC00315830,2009-12-14,TMAX,189
USC00310576,2006-06-29,TMIN,233
USC00315830,2005-03-15,TMIN,-11
USC00310576,2006-09-12,TMAX,233
USC00310576,2006-09-12,TMIN,122
USC00315830,2009-12-14,TMIN,61
USW00093719,2008-08-05,TMAX,356
USW00093719,2008-08-05,TMIN,239
USC00310576,2006-06-29,TMAX,306
USC00314144,2005-12-14,TMIN,-67
USC00310356,2007-11-17,TMAX,111
USW00093765,2010-03-08,TMIN,33
USC00314144,2007-05-26,TMAX,272
USR0000NNWB,2009-01-10,TMAX,178
USW00093743,2010-01-05,TMIN,-49
USR0000NNWB,2011-02-23,TMAX,128
USC00314689,2011-01-09,TMIN,-72
USR0000NHOF,2009-08-04,TMIN,217
USR0000NCRN,2012-07-12,TMIN,222
USR0000NCRN,2012-07-12,TMAX,294
USW00093743,2012-11-30,TMAX,150
USR0000NNWB,2011-02-27,TMIN,56
USW00093743,2012-11-30,TMIN,-16
USC00317170,2013-04-23,TMIN,106
USC00317170,2013-04-23,TMAX,183
USC00316096,2014-08-13,TMAX,311
USR0000NNWB,2011-02-27,TMAX,261
USC00314689,2007-12-03,TMIN,122
USR0000NCRN,2007-07-18,TMAX,317
USR0000NHOF,2010-12-11,TMIN,0
USC00316096,2014-08-13,TMIN,200
USR0000NNWB,2011-02-23,TMIN,0
USW00093743,2010-01-05,TMAX,39
USC00314689,2012-10-25,TMAX,278
USR0000NNWB,2009-01-10,TMIN,-17
USR0000NNWB,2007-11-21,TMAX,250
USC00310356,2005-11-16,TMIN,194
USC00316096,2010-02-23,TMAX,128
USC00316096,2010-02-23,TMIN,50
USC00315830,2014-03-05,TMIN,0
USC00315830,2015-02-14,TMAX,28
USW00093719,2009-02-24,TMAX,67
USR0000NHOF,2009-08-04,TMAX,322
USC00310356,2005-11-16,TMAX,217
USR0000NNWB,2009-02-25,TMAX,117
USC00314684,2013-12-31,TMIN,44
USC00314144,2007-05-26,TMIN,183
USC00315830,2014-03-05,TMAX,44
USC00315830,2015-02-14,TMIN,-67
USR0000NHOF,2010-12-11,TMAX,106
USC00314689,2012-10-25,TMIN,122
USC00310576,2005-02-26,TMIN,-17
USC00314689,2011-03-07,TMAX,194
USC00315830,2014-04-30,TMAX,261
USR0000NCRN,2008-05-29,TMAX,250
USR0000NCRN,2008-05-29,TMIN,139
USW00093765,2015-03-29,TMAX,94
USR0000NCRN,2011-01-26,TMAX,150
USC00314684,2007-07-31,TMIN,217
USC00310576,2015-01-27,TMIN,39
USC00310576,2015-01-27,TMAX,122
USW00013754,2013-09-18,TMIN,144
USC00314684,2007-07-31,TMAX,289
USC00314144,2005-09-26,TMAX,306
USC00314684,2013-04-23,TMIN,56
USC00314684,2013-04-23,TMAX,156
USR0000NCRN,2013-11-04,TMIN,61
USR0000NCRN,2010-01-20,TMIN,33
USR0000NCRN,2010-01-20,TMAX,183
USR0000NHOF,2012-08-10,TMAX,294
USC00314144,2005-09-26,TMIN,161
USC00310576,2009-04-22,TMIN,133
USC00314144,2005-08-14,TMIN,206
USC00310356,2012-11-30,TMAX,144
USR0000NCRN,2012-06-12,TMAX,272
USC00314684,2010-09-06,TMIN,117
USC00315830,2014-08-02,TMAX,294
USC00314684,2010-11-11,TMAX,178
USW00093719,2008-08-24,TMAX,311
USC00315830,2014-08-02,TMIN,222
USC00315830,2006-05-16,TMIN,139
USR0000NCRN,2011-01-26,TMIN,67
USC00315830,2006-05-16,TMAX,239
USW00093765,2010-04-15,TMIN,67
USW00093765,2010-04-15,TMAX,189
USC00317170,2013-03-25,TMIN,0
USC00314689,2011-01-09,TMAX,44
USC00316096,2011-11-30,TMIN,-6
USC00314144,2005-08-14,TMAX,344
USC00316676,2011-06-04,TMAX,306
USC00317170,2013-03-25,TMAX,111
USC00310576,2009-04-22,TMAX,244
USR0000NHOF,2012-08-10,TMIN,233
USC00314684,2009-05-19,TMIN,89
USR0000NCRN,2010-06-06,TMIN,250
USC00315830,2012-09-06,TMIN,261
USC00310356,2015-05-28,TMIN,217
USC00315830,2012-09-06,TMAX,306
USC00310356,2015-05-28,TMAX,267
USC00316676,2011-01-08,TMAX,89
USC00317170,2012-11-10,TMIN,22
USR0000NCRN,2013-07-12,TMIN,222
USC00310356,2007-08-17,TMIN,250
USW00013754,2005-03-09,TMIN,0
USW00093765,2012-01-30,TMIN,22
USW00093765,2012-01-30,TMAX,144
USW00093719,2005-05-03,TMAX,206
USW00093719,2005-05-03,TMIN,100
USC00310356,2007-05-07,TMAX,172
USC00315830,2014-04-30,TMIN,211
USW00013754,2005-03-09,TMAX,78
USR0000NCRN,2010-06-06,TMAX,311
USR0000NCRN,2013-07-12,TMAX,267
USC00314144,2007-09-07,TMIN,139
USR0000NHOF,2015-05-28,TMIN,156
USR0000NHOF,2015-05-28,TMAX,294
USC00310356,2007-08-17,TMAX,300
USC00314684,2009-05-19,TMAX,144
USC00316676,2011-06-04,TMIN,133
USW00093719,2009-10-10,TMAX,317
USW00093719,2009-10-10,TMIN,183
USR0000NCRN,2013-11-04,TMAX,139
USC00316676,2014-10-01,TMIN,156
USW00093719,2011-07-17,TMIN,172
USC00316676,2014-10-01,TMAX,261
USC00310356,2014-06-02,TMAX,256
USW00093765,2015-03-29,TMIN,-16
USW00093719,2011-07-17,TMAX,311
USW00013754,2008-01-18,TMIN,28
USC00317170,2012-11-10,TMAX,206
USC00314144,2007-09-07,TMAX,294
USR0000NHOF,2007-05-07,TMAX,194
USC00310576,2007-01-27,TMIN,0
USR0000NHOF,2007-05-07,TMIN,67
USR0000NNWB,2007-08-25,TMAX,344
USR0000NCRN,2015-08-04,TMIN,244
USC00310576,2009-05-27,TMIN,183
USC00314689,2010-08-05,TMIN,222
USC00314689,2010-08-05,TMAX,333
USC00314689,2012-04-24,TMAX,183
USC00314689,2012-04-24,TMIN,56
USC00314144,2010-06-26,TMIN,222
USC00310576,2007-09-21,TMIN,217
USC00315830,2005-07-10,TMAX,300
USC00310576,2014-12-11,TMIN,17
USC00317170,2015-03-29,TMAX,106
USC00317170,2015-03-29,TMIN,-39
USC00314684,2010-05-07,TMIN,178
USC00314684,2010-05-07,TMAX,317
USC00314689,2011-08-17,TMIN,183
USC00314689,2011-08-17,TMAX,300
USR0000NCRN,2015-08-04,TMAX,294
USC00315830,2005-07-10,TMIN,217
USW00093719,2014-05-20,TMAX,267
USC00316676,2008-02-14,TMIN,44
USR0000NHOF,2012-11-30,TMIN,-39
USW00093765,2014-07-03,TMIN,239
USC00310356,2008-11-09,TMAX,244
USW00093719,2012-12-12,TMAX,111
USW00093765,2009-09-08,TMAX,272
USW00093765,2009-09-08,TMIN,211
USC00310356,2008-11-09,TMIN,111
USC00316676,2008-02-14,TMAX,222
USW00093765,2014-07-03,TMAX,311
USC00310576,2007-09-21,TMAX,239
USC00310356,2012-01-05,TMAX,117
USC00315830,2010-09-24,TMAX,289
USC00310576,2009-05-27,TMAX,278
USC00315830,2010-09-24,TMIN,228
USW00093719,2014-05-20,TMIN,89
USW00093719,2008-09-03,TMAX,322
USW00093719,2008-09-03,TMIN,161
USC00316676,2010-10-20,TMIN,111
USC00314144,2010-06-26,TMAX,328
USW00093719,2009-09-01,TMIN,189
USR0000NCRN,2005-05-12,TMAX,311
USC00315830,2007-06-16,TMIN,156
USR0000NHOF,2006-10-19,TMIN,178
USC00314684,2014-11-25,TMIN,161
USC00314684,2014-11-25,TMAX,211
USW00013754,2008-11-29,TMAX,100
USR0000NHOF,2006-10-19,TMAX,256
USR0000NHOF,2005-06-06,TMIN,172
USC00315830,2009-02-06,TMIN,-67
USW00093719,2007-12-02,TMIN,33
USC00315830,2012-05-14,TMIN,211
USC00315830,2012-05-14,TMAX,256
USW00093719,2008-09-09,TMAX,311
USC00315830,2007-06-16,TMAX,256
USW00093719,2008-09-09,TMIN,211
USW00093719,2007-12-02,TMAX,200
USC00315830,2009-02-06,TMAX,83
USC00310576,2014-12-11,TMAX,139
USW00093719,2013-04-23,TMAX,189
USW00013754,2008-11-29,TMIN,72
USR0000NCRN,2009-10-31,TMAX,261
USW00093719,2006-11-14,TMIN,89
USW00093719,2006-11-14,TMAX,233
USR0000NHOF,2012-07-31,TMAX,300
USC00316676,2008-03-01,TMAX,144
USR0000NHOF,2012-02-17,TMAX,178
USR0000NCRN,2006-03-02,TMAX,222
USW00093719,2013-04-23,TMIN,89
USR0000NCRN,2015-05-28,TMIN,161
USR0000NCRN,2015-05-28,TMAX,267
USR0000NCRN,2006-03-02,TMIN,-78
USR0000NHOF,2012-07-31,TMIN,194
USR0000NCRN,2005-05-12,TMIN,161
USR0000NCRN,2014-11-15,TMAX,89
USR0000NCRN,2014-11-15,TMIN,-11
USC00316676,2008-03-01,TMIN,-22
USR0000NHOF,2012-02-17,TMIN,39
USC00316096,2011-05-06,TMAX,228
USC00316676,2010-10-20,TMAX,267
USC00310356,2012-01-05,TMIN,-39
USW00093719,2009-07-14,TMIN,200
USC00316096,2009-08-30,TMIN,233
USR0000NNWB,2011-12-22,TMAX,250
USR0000NHOF,2010-01-05,TMIN,-94
USC00314689,2012-02-18,TMAX,189
USC00314689,2010-02-23,TMAX,156
USC00314689,2010-02-23,TMIN,28
USW00093719,2009-07-14,TMAX,283
USC00314144,2010-01-20,TMIN,17
USC00314144,2010-01-20,TMAX,206
USC00316676,2010-07-27,TMIN,217
USW00093765,2013-04-23,TMIN,100
USR0000NCRN,2012-12-30,TMAX,83
USW00013754,2005-11-05,TMIN,106
USW00013754,2005-11-05,TMAX,228
USR0000NCRN,2007-08-06,TMAX,311
USC00316676,2010-07-27,TMAX,317
USW00093765,2013-04-23,TMAX,183
USR0000NNWB,2011-12-22,TMIN,183
USC00314684,2015-07-02,TMIN,217
USR0000NNWB,2007-08-25,TMIN,233
USC00314689,2008-02-01,TMAX,211
USC00314689,2008-02-01,TMIN,56
USW00093719,2009-02-24,TMIN,-50
USC00314684,2009-03-02,TMIN,-6
USC00314684,2009-03-02,TMAX,50
USC00316096,2015-03-17,TMAX,272
USR0000NHOF,2010-01-05,TMAX,28
USC00310356,2013-07-12,TMAX,289
USW00093743,2013-07-12,TMAX,267
USW00093743,2013-07-12,TMIN,228
USC00316096,2009-08-30,TMAX,306
USC00316096,2015-03-17,TMIN,67
USR0000NCRN,2007-08-06,TMIN,239
USC00314684,2015-07-02,TMAX,294
USC00314689,2012-02-18,TMIN,50
USC00310356,2013-07-12,TMIN,233
USR0000NCRN,2015-12-20,TMIN,-28
USR0000NCRN,2015-12-20,TMAX,150
USR0000NCRN,2012-12-30,TMIN,-22
USC00316096,2012-10-25,TMIN,117
USC00316096,2012-10-25,TMAX,272
USC00314689,2012-06-29,TMIN,222
USC00310576,2006-09-02,TMAX,267
USC00314689,2012-06-29,TMAX,378
USW00093765,2009-05-12,TMAX,217
USW00093743,2012-01-05,TMIN,0
USC00310576,2015-09-01,TMAX,267
USW00093743,2012-01-05,TMAX,133
USC00316096,2012-04-24,TMIN,44
USR0000NHOF,2012-11-30,TMAX,161
USC00316676,2009-09-22,TMIN,183
USC00316676,2009-09-22,TMAX,278
USC00310576,2015-09-01,TMIN,211
USW00093719,2012-12-12,TMIN,67
USR0000NNWB,2011-10-05,TMAX,250
USC00316096,2012-04-24,TMAX,189
USC00310576,2006-09-02,TMIN,178
USC00314684,2005-10-09,TMIN,206
USC00314684,2005-10-09,TMAX,283
USC00314689,2012-08-01,TMIN,211
USW00093765,2014-01-15,TMAX,150
USC00314689,2012-08-01,TMAX,306
USW00093765,2014-01-15,TMIN,28
USC00314689,2011-03-07,TMIN,28
USW00013754,2011-06-09,TMAX,344
USW00013754,2007-04-10,TMAX,167
USW00013754,2011-06-09,TMIN,228
USW00093765,2009-05-12,TMIN,117
USW00013754,2007-04-10,TMIN,-10
USW00093719,2008-11-21,TMAX,78
USC00314684,2013-03-25,TMAX,78
USC00316096,2011-05-06,TMIN,67
USC00314684,2013-12-31,TMAX,133
USW00093719,2008-11-21,TMIN,-6
USC00314684,2013-03-25,TMIN,33
USR0000NNWB,2011-10-05,TMIN,94
USR0000NCRN,2007-07-18,TMIN,222
USR0000NNWB,2014-09-24,TMAX,239
USC00317170,2007-08-31,TMAX,311
USC00314144,2006-02-18,TMIN,33
USW00093719,2015-04-09,TMIN,144
USW00013754,2005-11-04,TMIN,67
USC00317170,2008-06-05,TMAX,367
USC00315830,2010-04-25,TMIN,172
USC00315830,2010-04-25,TMAX,217
USW00093719,2015-04-09,TMAX,261
USW00093765,2014-12-19,TMAX,122
USC00317170,2008-06-05,TMIN,244
USC00314689,2013-04-16,TMIN,122
USW00093719,2005-10-14,TMIN,161
USC00310356,2011-03-18,TMIN,83
USW00093719,2005-10-14,TMAX,217
USC00315830,2014-09-10,TMAX,272
USR0000NNWB,2011-05-27,TMAX,311
USR0000NNWB,2011-05-27,TMIN,200
USC00315830,2014-09-10,TMIN,211
USC00314689,2013-04-16,TMAX,250
USC00315830,2005-02-10,TMAX,167
USC00314689,2012-09-03,TMAX,300
USR0000NCRN,2014-05-19,TMAX,217
USR0000NNWB,2015-03-06,TMAX,56
USC00316676,2005-09-15,TMAX,250
USC00316676,2005-09-15,TMIN,228
USC00314684,2010-06-24,TMAX,356
USW00093719,2009-04-21,TMIN,144
USC00314684,2010-06-24,TMIN,222
USW00093719,2009-04-21,TMAX,250
USC00317170,2007-08-19,TMIN,200
USC00314689,2012-09-03,TMIN,228
USR0000NHOF,2010-07-02,TMAX,272
USR0000NHOF,2010-07-02,TMIN,133
USR0000NNWB,2007-11-19,TMAX,211
USR0000NNWB,2007-11-19,TMIN,83
USW00093765,2014-11-17,TMAX,233
USR0000NCRN,2014-05-19,TMIN,78
USW00093765,2014-11-17,TMIN,106
USW00093743,2011-05-09,TMAX,250
USR0000NNWB,2015-03-06,TMIN,-22
USW00013754,2005-11-04,TMAX,228
USR0000NNWB,2014-02-28,TMIN,-6
USW00093765,2014-12-19,TMIN,11
USC00315830,2008-08-06,TMIN,261
USC00316096,2012-09-03,TMIN,228
USC00316096,2012-09-03,TMAX,283
USW00013754,2011-11-04,TMIN,100
USW00013754,2011-11-04,TMAX,167
USW00093719,2011-07-01,TMAX,322
USC00315830,2008-08-06,TMAX,333
USW00013754,2013-01-17,TMAX,200
USC00316676,2012-06-09,TMAX,283
USC00310576,2010-05-20,TMAX,239
USR0000NNWB,2008-01-23,TMIN,50
USW00013754,2013-01-17,TMIN,61
USC00310356,2011-03-18,TMAX,178
USR0000NNWB,2005-01-28,TMIN,-67
USR0000NNWB,2008-01-23,TMAX,144
USC00316676,2012-06-09,TMIN,139
USC00315830,2005-02-10,TMIN,61
USC00314689,2010-11-04,TMAX,161
USW00093765,2007-07-13,TMAX,300
USC00317170,2008-01-12,TMAX,172
USC00317170,2008-01-12,TMIN,100
USR0000NNWB,2014-02-28,TMAX,72
USC00317170,2011-03-27,TMAX,72
USW00093765,2007-07-13,TMIN,211
USC00317170,2011-03-27,TMIN,61
USC00316096,2013-04-16,TMIN,133
USC00310576,2008-11-05,TMAX,200
USC00316096,2013-04-16,TMAX,244
USC00310576,2010-05-20,TMIN,144
USR0000NHOF,2008-10-09,TMIN,139
USR0000NCRN,2014-08-05,TMAX,289
USR0000NCRN,2014-08-05,TMIN,217
USC00310576,2008-11-05,TMIN,167
USW00093765,2006-12-30,TMAX,183
USW00093765,2006-12-30,TMIN,78
USR0000NHOF,2008-10-09,TMAX,261
USW00093719,2011-07-01,TMIN,200
USW00093765,2007-07-18,TMIN,222
USW00013754,2010-01-16,TMIN,-27
USC00316096,2012-03-10,TMAX,133
USC00310576,2012-01-26,TMIN,39
USW00093743,2010-07-02,TMAX,289
USC00315830,2013-03-29,TMAX,133
USC00315830,2013-03-29,TMIN,22
USR0000NHOF,2011-01-07,TMAX,78
USW00093765,2009-03-11,TMIN,94
USR0000NNWB,2010-01-16,TMAX,183
USC00314689,2009-08-04,TMAX,328
USW00093743,2010-07-02,TMIN,194
USC00317170,2009-12-02,TMIN,56
USC00317170,2009-12-02,TMAX,211
USC00314684,2012-08-27,TMAX,311
USW00093743,2011-05-09,TMIN,122
USC00316096,2014-06-27,TMAX,306
USC00314684,2012-08-27,TMIN,178
USW00093765,2009-03-11,TMAX,217
USW00093719,2014-04-28,TMAX,278
USR0000NNWB,2010-01-16,TMIN,-17
USR0000NNWB,2007-05-08,TMIN,117
USC00314689,2005-06-11,TMIN,178
USW00093743,2011-03-18,TMIN,83
USR0000NCRN,2015-01-07,TMIN,-33
USW00093743,2011-03-18,TMAX,194
USW00093719,2014-04-28,TMIN,139
USC00316096,2015-03-30,TMAX,172
USC00316096,2014-04-19,TMAX,133
USC00316096,2015-03-30,TMIN,-22
USW00013754,2007-12-24,TMAX,144
USC00316096,2014-04-19,TMIN,94
USW00093719,2007-06-08,TMAX,333
USW00093719,2007-06-08,TMIN,217
USR0000NHOF,2011-01-07,TMIN,-39
USC00316676,2006-04-29,TMAX,239
USC00316676,2006-04-29,TMIN,83
USR0000NNWB,2007-05-08,TMAX,206
USW00013754,2007-12-24,TMIN,39
USW00013754,2010-01-16,TMAX,167
USC00314689,2015-10-27,TMAX,178
USC00314684,2010-04-14,TMIN,89
USW00093765,2012-06-27,TMIN,161
USR0000NNWB,2009-11-10,TMIN,139
USR0000NNWB,2009-07-23,TMIN,217
USC00314144,2010-07-29,TMIN,211
USR0000NNWB,2009-07-23,TMAX,328
USW00093765,2012-07-10,TMIN,228
USR0000NNWB,2011-09-28,TMAX,322
USC00314144,2010-07-29,TMAX,311
USW00093765,2012-07-10,TMAX,311
USC00314144,2006-09-19,TMAX,306
USR0000NNWB,2011-09-28,TMIN,206
USW00013754,2009-09-21,TMIN,183
USC00315830,2012-04-29,TMAX,222
USC00315830,2012-04-29,TMIN,139
USW00013754,2009-09-21,TMAX,278
USW00093765,2007-07-18,TMAX,306
USC00314144,2006-09-19,TMIN,183
USC00316096,2014-06-27,TMIN,206
USW00093719,2014-02-28,TMAX,72
USW00093719,2015-05-24,TMAX,283
USC00314689,2015-10-27,TMIN,122
USC00314689,2009-08-04,TMIN,217
USC00314684,2010-04-14,TMAX,250
USC00314684,2007-08-29,TMAX,328
USW00093765,2012-06-27,TMAX,294
USW00013754,2011-12-08,TMIN,11
USW00013754,2011-12-08,TMAX,128
USW00093719,2014-02-28,TMIN,6
USC00314689,2014-04-19,TMAX,178
USR0000NNWB,2009-11-10,TMAX,233
USC00316676,2010-09-07,TMIN,161
USC00316676,2010-09-07,TMAX,294
USC00310576,2011-09-21,TMIN,161
USC00314684,2007-08-29,TMIN,178
USC00310576,2011-09-21,TMAX,256
USW00093719,2015-05-24,TMIN,133
USC00314689,2014-04-19,TMIN,78
USC00310576,2007-07-08,TMAX,322
USC00317170,2012-10-23,TMIN,72
USC00314684,2006-01-28,TMAX,100
USR0000NNWB,2015-10-21,TMIN,78
USC00314684,2005-10-26,TMIN,56
USR0000NNWB,2015-10-21,TMAX,267
USC00314689,2015-03-30,TMAX,144
USC00314689,2007-04-18,TMAX,211
USC00316676,2014-09-25,TMIN,178
USC00316676,2014-09-25,TMAX,239
USR0000NCRN,2006-10-11,TMIN,156
USC00315830,2012-08-11,TMAX,300
USC00315830,2012-08-11,TMIN,228
USC00316096,2011-03-16,TMAX,211
USC00316096,2011-03-16,TMIN,78
USC00314144,2008-02-03,TMAX,217
USC00314144,2008-02-03,TMIN,22
USR0000NCRN,2014-02-16,TMAX,94
USR0000NCRN,2014-02-16,TMIN,0
USR0000NNWB,2005-03-10,TMIN,-6
USC00310576,2013-01-01,TMAX,122
USR0000NCRN,2006-10-11,TMAX,256
USR0000NNWB,2012-02-21,TMIN,-17
USC00310576,2006-03-14,TMAX,239
USC00310576,2006-03-14,TMIN,94
USW00013754,2015-05-24,TMAX,267
USW00013754,2005-06-05,TMIN,206
USW00093719,2011-12-21,TMIN,106
USC00314684,2005-10-26,TMAX,156
USC00315830,2006-09-27,TMAX,256
USC00310356,2011-07-06,TMIN,261
USC00310576,2006-07-03,TMAX,333
USC00317170,2012-10-13,TMAX,211
USC00317170,2012-10-13,TMIN,78
USC00315830,2006-09-27,TMIN,144
USW00013754,2005-06-05,TMAX,294
USC00310356,2011-05-09,TMIN,156
USW00093719,2011-12-21,TMAX,228
USC00310356,2011-05-09,TMAX,233
USC00310576,2006-07-03,TMIN,217
USW00013754,2015-03-06,TMAX,39
USC00310576,2013-01-01,TMIN,-17
USC00316676,2011-12-02,TMIN,-22
USW00093719,2009-03-21,TMAX,122
USW00093765,2014-07-02,TMIN,267
USC00317170,2013-04-16,TMIN,144
USC00317170,2013-04-16,TMAX,244
USC00315830,2012-12-11,TMIN,161
USW00093765,2006-08-06,TMIN,228
USW00093765,2014-07-02,TMAX,306
USC00315830,2013-07-20,TMIN,250
USW00093765,2006-08-06,TMAX,306
USC00314689,2010-05-15,TMAX,339
USC00314689,2014-12-26,TMIN,0
USC00314689,2014-12-26,TMAX,161
USW00093765,2010-10-31,TMIN,106
USW00093765,2005-05-05,TMAX,194
USC00314689,2010-05-15,TMIN,200
USC00310576,2015-10-18,TMAX,217
USC00315830,2012-12-11,TMAX,211
USC00316676,2011-12-02,TMAX,128
USC00315830,2013-07-20,TMAX,306
USW00093719,2009-03-21,TMIN,22
USR0000NNWB,2014-04-28,TMIN,139
USC00310576,2011-02-27,TMIN,50
USR0000NNWB,2014-04-28,TMAX,272
USW00093719,2008-03-08,TMIN,50
USC00314689,2007-04-18,TMIN,67
USC00310576,2011-02-27,TMAX,156
USC00315830,2007-01-24,TMIN,0
USC00310576,2015-07-14,TMAX,261
USC00315830,2007-01-24,TMAX,117
USC00310576,2006-03-07,TMIN,11
USW00093765,2015-01-03,TMAX,222
USC00310576,2006-03-07,TMAX,111
USW00093719,2008-03-08,TMAX,211
USW00093765,2015-01-03,TMIN,106
USR0000NNWB,2005-03-10,TMAX,117
USC00310576,2015-07-14,TMIN,211
USC00310356,2011-07-06,TMAX,294
USW00013754,2015-05-24,TMIN,139
USW00013754,2015-03-06,TMIN,-16
USC00315830,2005-04-07,TMIN,172
USW00093765,2007-07-08,TMAX,294
USW00013754,2009-07-23,TMAX,306
USC00314689,2011-01-24,TMIN,-28
USC00314144,2008-05-07,TMIN,78
USC00314144,2008-05-07,TMAX,272
USW00013754,2014-02-28,TMIN,6
USR0000NHOF,2011-07-06,TMAX,311
USW00013754,2009-07-23,TMIN,217
USR0000NCRN,2005-01-09,TMAX,256
USW00013754,2014-02-28,TMAX,78
USW00093765,2008-11-09,TMAX,183
USC00314689,2014-06-27,TMAX,339
USC00314689,2014-06-27,TMIN,222
USC00314144,2006-09-30,TMIN,61
USC00314144,2006-09-30,TMAX,261
USC00314684,2013-04-16,TMIN,122
USR0000NCRN,2005-01-09,TMIN,-44
USC00314684,2013-04-16,TMAX,211
USR0000NNWB,2015-05-24,TMAX,289
USR0000NHOF,2011-07-06,TMIN,228
USC00314684,2006-01-28,TMIN,-39
USW00093765,2007-07-08,TMIN,222
USC00316096,2010-05-15,TMAX,278
USC00316096,2010-05-15,TMIN,189
USC00317170,2012-10-23,TMAX,250
USW00093765,2012-10-13,TMAX,217
USW00093765,2012-10-13,TMIN,111
USC00314689,2011-01-24,TMAX,67
USC00310576,2010-11-27,TMAX,250
USR0000NNWB,2005-01-28,TMAX,17
USC00316676,2013-11-22,TMIN,106
USC00316676,2013-11-22,TMAX,183
USR0000NCRN,2010-01-07,TMAX,67
USR0000NNWB,2015-05-24,TMIN,133
USC00316096,2015-09-06,TMIN,228
USR0000NCRN,2010-01-07,TMIN,-33
USC00310576,2010-11-27,TMIN,61
USR0000NHOF,2005-06-29,TMIN,222
USW00093743,2011-07-06,TMIN,261
USW00093765,2008-11-09,TMIN,67
USR0000NCRN,2008-08-27,TMIN,233
USC00316676,2005-11-01,TMIN,56
USW00013754,2007-08-15,TMIN,211
USC00317170,2014-11-17,TMAX,217
USC00317170,2014-11-17,TMIN,83
USC00314144,2009-06-02,TMIN,200
USC00314144,2009-06-02,TMAX,306
USR0000NNWB,2006-11-09,TMIN,117
USC00315830,2008-03-19,TMAX,217
USC00315830,2008-03-19,TMIN,156
USW00013754,2007-08-15,TMAX,317
USW00093765,2012-10-23,TMIN,94
USW00093765,2012-10-23,TMAX,233
USW00093719,2007-11-24,TMAX,117
USW00093719,2007-11-24,TMIN,11
USC00315830,2005-04-07,TMAX,228
USR0000NCRN,2008-08-27,TMAX,300
USR0000NNWB,2006-11-09,TMAX,228
USW00093719,2015-09-24,TMIN,206
USR0000NNWB,2012-02-21,TMAX,178
USW00093743,2011-07-06,TMAX,311
USR0000NHOF,2005-06-29,TMAX,261
USW00093765,2009-10-12,TMAX,222
USC00310576,2007-07-08,TMIN,206
USC00314689,2010-11-04,TMIN,122
USW00093765,2009-10-12,TMIN,161
USW00093719,2013-09-20,TMAX,278
USW00093719,2013-09-20,TMIN,161
USC00316096,2011-06-10,TMIN,211
USW00093719,2015-09-24,TMAX,250
USC00316096,2011-06-10,TMAX,289
USC00314144,2008-12-18,TMAX,161
USC00316096,2015-09-06,TMAX,272
USC00314144,2008-12-18,TMIN,117
USC00316676,2005-11-01,TMAX,228
USC00310576,2005-12-12,TMIN,-22
USC00310576,2005-12-12,TMAX,61
USC00314144,2005-08-06,TMIN,200
USW00093765,2005-05-05,TMIN,133
USC00314144,2005-08-06,TMAX,328
USC00314144,2011-04-23,TMIN,161
USW00093765,2009-08-21,TMAX,306
USR0000NCRN,2013-07-20,TMAX,300
USC00314689,2014-01-17,TMAX,133
USC00316676,2013-02-14,TMAX,139
USC00316676,2013-02-14,TMIN,56
USC00314689,2014-01-17,TMIN,-11
USC00314684,2010-06-25,TMIN,233
USR0000NHOF,2011-08-02,TMIN,200
USW00093765,2009-08-21,TMIN,267
USC00314684,2010-06-25,TMAX,339
USR0000NCRN,2009-03-18,TMIN,67
USR0000NCRN,2013-07-20,TMIN,256
USW00093765,2014-01-23,TMIN,-66
USC00315830,2013-02-23,TMIN,72
USC00315830,2013-02-23,TMAX,150
USC00316096,2009-08-04,TMAX,306
USR0000NCRN,2009-03-18,TMAX,183
USC00310356,2008-01-05,TMAX,94
USC00316096,2010-08-03,TMAX,306
USW00013754,2011-09-28,TMAX,311
USW00093719,2009-07-23,TMAX,317
USR0000NCRN,2006-07-03,TMAX,322
USR0000NCRN,2006-07-03,TMIN,222
USC00316096,2012-10-23,TMIN,56
USC00316096,2012-10-23,TMAX,244
USC00310576,2008-09-03,TMIN,150
USC00310576,2008-09-03,TMAX,300
USC00316096,2010-08-03,TMIN,228
USC00314684,2014-06-27,TMAX,344
USC00310576,2015-08-23,TMIN,211
USC00314684,2014-02-28,TMIN,-39
USC00310576,2015-08-23,TMAX,306
USC00314684,2014-02-28,TMAX,133
USC00314684,2008-10-26,TMIN,83
USC00314684,2008-10-26,TMAX,267
USR0000NHOF,2011-08-02,TMAX,350
USC00314684,2014-06-27,TMIN,217
USW00093719,2009-07-23,TMIN,217
USC00316096,2009-08-04,TMIN,217
USC00314144,2007-12-15,TMIN,89
USW00093719,2010-11-20,TMAX,206
USC00315830,2014-11-24,TMAX,194
USC00316676,2013-01-06,TMIN,-6
USC00316676,2013-01-06,TMAX,122
USC00316096,2010-02-26,TMAX,94
USC00316096,2010-02-26,TMIN,-11
USC00317170,2010-10-31,TMIN,111
USC00310576,2009-02-01,TMIN,0
USC00310356,2005-07-11,TMAX,306
USC00314684,2010-05-15,TMIN,183
USC00316676,2013-04-16,TMIN,150
USC00316676,2013-04-16,TMAX,217
USC00314684,2010-10-06,TMIN,50
USC00310356,2005-07-11,TMIN,244
USW00093743,2013-08-11,TMIN,261
USW00093743,2013-08-11,TMAX,333
USC00317170,2010-10-31,TMAX,239
USC00314144,2007-12-15,TMAX,122
USW00093719,2010-11-20,TMIN,6
USW00093719,2014-11-17,TMIN,100
USW00093719,2014-05-31,TMAX,289
USW00093719,2014-05-31,TMIN,150
USW00013754,2011-09-28,TMIN,206
USR0000NCRN,2007-10-12,TMIN,78
USR0000NCRN,2007-10-12,TMAX,228
USC00314684,2010-10-06,TMAX,194
USC00316676,2006-09-12,TMAX,256
USW00013754,2012-10-13,TMIN,117
USC00315830,2014-11-24,TMIN,89
USW00013754,2012-10-13,TMAX,206
USC00316676,2006-09-12,TMIN,156
USC00310576,2009-02-01,TMAX,94
USC00314684,2010-05-15,TMAX,322
USC00310356,2007-08-09,TMAX,306
USW00093719,2014-11-17,TMAX,244
USR0000NNWB,2011-09-30,TMIN,150
USC00310356,2007-08-09,TMIN,278
USC00310356,2013-08-11,TMIN,250
USC00317170,2007-09-11,TMIN,239
USR0000NCRN,2007-11-30,TMAX,139
USC00314689,2010-08-03,TMIN,206
USC00316676,2009-06-11,TMIN,183
USC00314689,2010-08-03,TMAX,317
USC00310576,2009-09-09,TMAX,267
USC00310576,2009-09-09,TMIN,200
USC00317170,2008-02-22,TMIN,33
USC00317170,2008-02-22,TMAX,100
USC00316096,2014-01-17,TMIN,-33
USW00013754,2011-02-15,TMIN,0
USW00093765,2014-04-28,TMAX,256
USR0000NNWB,2009-10-12,TMAX,183
USR0000NNWB,2009-10-12,TMIN,128
USR0000NCRN,2008-03-22,TMIN,117
USC00316676,2009-06-11,TMAX,289
USR0000NCRN,2008-03-22,TMAX,222
USC00310576,2012-04-29,TMAX,183
USW00093765,2014-04-28,TMIN,156
USC00310356,2011-06-07,TMIN,222
USC00316676,2006-08-01,TMIN,228
USW00093765,2009-03-21,TMAX,122
USW00093719,2012-11-11,TMAX,228
USW00093765,2007-06-15,TMIN,133
USW00093719,2012-11-11,TMIN,44
USC00315830,2014-08-12,TMIN,239
USC00315830,2014-08-12,TMAX,300
USW00093719,2013-09-30,TMIN,133
USW00093719,2013-09-30,TMAX,250
USC00316676,2006-08-01,TMAX,333
USW00093765,2007-06-15,TMAX,244
USC00316676,2010-06-17,TMAX,322
USW00093719,2005-03-27,TMAX,178
USW00093719,2005-03-27,TMIN,100
USC00316096,2014-02-28,TMIN,6
USC00316096,2014-02-28,TMAX,67
USC00316096,2014-01-17,TMAX,139
USW00093765,2009-03-21,TMIN,22
USC00316676,2010-06-17,TMIN,217
USR0000NHOF,2009-08-31,TMIN,194
USC00310576,2012-04-29,TMIN,117
USC00316096,2011-01-24,TMAX,39
USC00317170,2015-05-24,TMAX,317
USC00314689,2009-08-07,TMAX,294
USC00314144,2009-06-09,TMAX,294
USC00314144,2009-06-09,TMIN,178
USR0000NHOF,2012-12-08,TMIN,122
USC00316676,2006-04-01,TMIN,144
USC00316676,2009-10-17,TMAX,150
USC00314689,2009-08-07,TMIN,194
USC00314684,2015-04-02,TMIN,11
USC00314684,2015-04-02,TMAX,178
USW00013754,2011-07-01,TMAX,322
USW00013754,2011-07-01,TMIN,206
USR0000NCRN,2007-11-30,TMIN,33
USC00314689,2006-11-13,TMIN,94
USR0000NHOF,2009-08-31,TMAX,250
USC00314144,2011-02-05,TMAX,167
USW00013754,2015-09-24,TMIN,211
USC00310356,2011-06-07,TMAX,289
USC00310356,2014-09-26,TMAX,250
USW00013754,2015-09-24,TMAX,244
USC00316096,2011-01-24,TMIN,-22
USC00317170,2007-09-11,TMAX,344
USW00013754,2011-02-15,TMAX,139
USC00314144,2011-02-05,TMIN,44
USC00315830,2015-02-16,TMAX,-11
USC00315830,2015-02-16,TMIN,-72
USR0000NHOF,2014-09-26,TMIN,167
USC00310356,2014-09-26,TMIN,183
USR0000NHOF,2014-09-26,TMAX,228
USC00316676,2009-10-17,TMIN,94
USR0000NCRN,2013-11-16,TMIN,144
USR0000NHOF,2008-04-21,TMAX,194
USR0000NHOF,2008-04-21,TMIN,111
USC00316676,2006-04-01,TMAX,250
USR0000NHOF,2012-12-08,TMAX,189
USC00317170,2015-05-24,TMIN,106
USR0000NCRN,2013-11-16,TMAX,222
USR0000NHOF,2011-05-09,TMIN,94
USR0000NNWB,2011-07-01,TMAX,333
USR0000NCRN,2014-09-26,TMIN,183
USC00314689,2010-12-31,TMIN,-22
USW00013754,2013-09-20,TMAX,272
USR0000NNWB,2006-02-15,TMIN,33
USW00013754,2013-09-20,TMIN,161
USC00314684,2012-07-06,TMAX,372
USC00314684,2012-07-06,TMIN,217
USR0000NCRN,2013-08-11,TMIN,239
USW00093719,2006-02-10,TMIN,-61
USW00013754,2005-10-10,TMAX,244
USR0000NCRN,2013-08-11,TMAX,311
USC00314144,2006-10-11,TMAX,278
USC00314144,2006-10-11,TMIN,144
USW00093719,2012-10-13,TMAX,217
USR0000NNWB,2009-09-21,TMIN,167
USR0000NNWB,2009-09-21,TMAX,283
USC00314144,2010-01-07,TMAX,78
USW00013754,2005-10-10,TMIN,206
USR0000NCRN,2015-03-18,TMAX,144
USC00316676,2015-12-17,TMAX,206
USC00316676,2015-12-17,TMIN,94
USR0000NHOF,2008-05-31,TMIN,156
USC00310576,2006-08-21,TMAX,306
USW00093765,2014-02-28,TMAX,72
USC00316676,2009-02-01,TMAX,100
USW00093719,2005-05-05,TMAX,194
USR0000NNWB,2006-02-15,TMAX,194
USC00314689,2010-12-31,TMAX,144
USC00310576,2015-11-13,TMIN,83
USW00093719,2005-05-05,TMIN,111
USR0000NHOF,2006-07-03,TMIN,222
USC00310576,2010-10-09,TMIN,89
USC00310576,2006-08-21,TMIN,239
USC00310576,2010-10-09,TMAX,261
USW00093719,2006-02-10,TMAX,122
USR0000NHOF,2005-07-11,TMAX,300
USR0000NHOF,2005-07-11,TMIN,194
USR0000NHOF,2006-07-03,TMAX,322
USR0000NHOF,2008-05-31,TMAX,294
USW00093719,2012-10-13,TMIN,100
USR0000NCRN,2014-12-10,TMIN,33
USC00310356,2008-09-14,TMIN,233
USC00310356,2008-09-14,TMAX,328
USW00093743,2008-01-16,TMIN,-16
USW00093743,2008-01-16,TMAX,206
USR0000NCRN,2015-03-18,TMIN,72
USR0000NHOF,2011-10-29,TMAX,111
USR0000NHOF,2011-10-29,TMIN,33
USC00316096,2009-10-27,TMIN,150
USC00317170,2007-08-19,TMAX,333
USW00093765,2006-07-13,TMIN,261
USC00314144,2011-04-23,TMAX,239
USC00314689,2005-06-11,TMAX,294
USC00314684,2010-08-03,TMIN,194
USC00314684,2010-08-03,TMAX,306
USW00093765,2006-07-13,TMAX,300
USW00013754,2005-08-18,TMIN,239
USC00310576,2012-01-26,TMAX,178
USC00314144,2010-01-07,TMIN,-67
USC00316676,2015-07-05,TMIN,233
USW00093719,2007-08-26,TMAX,322
USR0000NCRN,2014-12-10,TMAX,122
USW00093743,2008-09-14,TMIN,244
USC00310356,2011-10-29,TMAX,167
USW00093743,2008-09-14,TMAX,300
USC00310356,2011-10-29,TMIN,111
USR0000NNWB,2011-12-08,TMIN,89
USC00316676,2006-01-31,TMIN,67
USC00316676,2015-07-05,TMAX,311
USW00093765,2012-08-14,TMIN,256
USW00093765,2012-08-14,TMAX,306
USC00310356,2010-07-02,TMAX,300
USC00310356,2010-07-02,TMIN,211
USC00316096,2009-10-27,TMAX,200
USW00093719,2007-08-26,TMIN,228
USR0000NCRN,2015-01-07,TMAX,61
USC00316096,2012-03-10,TMIN,6
USC00316676,2006-01-31,TMAX,183
USC00315830,2008-12-13,TMAX,122
USC00315830,2008-12-13,TMIN,17
USC00316676,2006-05-11,TMAX,228
USC00315830,2015-04-27,TMIN,94
USC00316096,2009-08-07,TMIN,189
USC00310356,2013-07-20,TMAX,294
USC00310356,2013-07-20,TMIN,239
USC00314684,2014-04-19,TMAX,183
USC00316096,2009-08-07,TMAX,300
USC00314684,2010-08-22,TMIN,189
USR0000NHOF,2011-05-09,TMAX,256
USR0000NNWB,2012-10-13,TMAX,233
USC00316676,2006-01-08,TMAX,83
USC00314684,2010-08-22,TMAX,311
USC00316676,2006-01-08,TMIN,-33
USC00315830,2015-04-27,TMAX,133
USC00310356,2015-11-15,TMIN,67
USW00093743,2013-07-20,TMAX,306
USW00093743,2013-07-20,TMIN,261
USR0000NNWB,2012-10-13,TMIN,94
USC00314684,2014-04-19,TMIN,50
USW00093765,2011-02-09,TMAX,78
USC00316676,2009-11-22,TMAX,167
USR0000NCRN,2014-09-26,TMAX,222
USC00310356,2013-08-11,TMAX,300
USR0000NNWB,2011-07-01,TMIN,200
USW00093765,2014-01-23,TMAX,56
USW00093765,2015-05-24,TMIN,156
USW00093765,2015-05-24,TMAX,261
USC00317170,2012-07-10,TMIN,222
USC00316676,2009-11-22,TMIN,61
USR0000NNWB,2011-09-30,TMAX,306
USR0000NHOF,2011-03-18,TMAX,239
USC00310576,2012-02-13,TMIN,-28
USC00314684,2015-09-15,TMIN,89
USC00314689,2010-02-26,TMAX,94
USC00314689,2010-02-26,TMIN,-6
USC00317170,2012-07-10,TMAX,322
USC00310576,2012-02-13,TMAX,56
USR0000NHOF,2011-03-18,TMIN,50
USC00310356,2015-11-15,TMAX,206
USC00317170,2014-07-02,TMIN,233
USR0000NCRN,2009-06-25,TMIN,239
USW00013754,2013-09-30,TMIN,144
USW00013754,2013-09-30,TMAX,250
USW00093743,2008-05-31,TMAX,261
USW00013754,2013-11-03,TMAX,183
USW00093743,2008-05-31,TMIN,217
USW00093719,2007-04-12,TMAX,261
USC00314684,2012-10-23,TMIN,33
USR0000NCRN,2008-05-07,TMAX,267
USC00314684,2012-10-23,TMAX,228
USC00310356,2006-07-03,TMIN,228
USC00316676,2009-02-01,TMIN,-44
USW00093765,2014-02-28,TMIN,17
USC00310576,2015-11-13,TMAX,244
USR0000NHOF,2008-09-14,TMIN,222
USC00316676,2006-05-11,TMIN,139
USR0000NHOF,2008-09-14,TMAX,317
USC00310356,2006-07-03,TMAX,300
USR0000NCRN,2008-05-07,TMIN,111
USR0000NNWB,2015-09-24,TMIN,206
USW00013754,2013-11-03,TMIN,106
USC00314684,2015-09-15,TMAX,244
USW00093719,2009-10-12,TMAX,189
USW00093719,2010-01-16,TMIN,-39
USW00093719,2010-01-16,TMAX,167
USW00093719,2011-11-04,TMIN,89
USW00093719,2011-11-04,TMAX,167
USW00093719,2009-10-12,TMIN,139
USR0000NCRN,2009-06-25,TMAX,317
USC00310576,2008-07-25,TMIN,200
USC00310576,2008-07-25,TMAX,294
USW00093765,2011-02-09,TMIN,-5
USW00093719,2007-04-12,TMIN,144
USC00310356,2008-05-31,TMAX,256
USR0000NNWB,2015-09-24,TMAX,250
USC00317170,2014-02-28,TMIN,0
USC00317170,2014-02-28,TMAX,67
USC00317170,2014-07-02,TMAX,361
USW00013754,2005-08-18,TMAX,294
USW00093719,2006-07-13,TMIN,239
USW00093719,2006-07-13,TMAX,328
USC00310576,2015-10-18,TMIN,67
USR0000NCRN,2007-01-17,TMIN,44
USC00315830,2011-03-21,TMIN,100
USC00316096,2015-01-25,TMIN,-11
USC00310356,2013-01-20,TMIN,39
USC00315830,2011-08-31,TMAX,311
USC00316096,2015-01-25,TMAX,111
USC00315830,2006-04-07,TMIN,144
USR0000NCRN,2007-01-17,TMAX,72
USC00315830,2011-08-31,TMIN,206
USW00093765,2006-05-11,TMAX,244
USC00315830,2006-04-07,TMAX,228
USC00314684,2009-10-12,TMAX,211
USC00310356,2013-01-20,TMAX,156
USC00314684,2011-03-01,TMIN,61
USC00310576,2007-02-27,TMAX,189
USC00315830,2006-07-03,TMAX,306
USW00093765,2006-05-11,TMIN,167
USC00310576,2007-02-27,TMIN,56
USR0000NHOF,2009-03-18,TMIN,0
USC00314684,2014-09-25,TMAX,228
USC00314144,2005-09-16,TMAX,317
USC00317170,2009-08-23,TMIN,217
USC00314144,2005-09-16,TMIN,228
USC00317170,2009-08-23,TMAX,300
USW00093743,2013-01-20,TMAX,167
USC00316096,2011-02-14,TMIN,72
USC00314684,2011-03-01,TMAX,278
USR0000NHOF,2009-03-18,TMAX,200
USW00093765,2012-09-03,TMIN,217
USW00013754,2014-09-10,TMIN,222
USW00093765,2012-09-03,TMAX,283
USC00315830,2008-02-06,TMIN,139
USC00310576,2009-01-30,TMAX,128
USC00314684,2014-09-25,TMIN,156
USC00315830,2008-02-06,TMAX,194
USC00316676,2009-06-09,TMAX,306
USC00316676,2009-06-09,TMIN,194
USW00093743,2013-01-20,TMIN,39
USC00315830,2006-07-03,TMIN,256
USC00317170,2010-04-14,TMAX,172
USW00093719,2005-10-10,TMAX,239
USR0000NNWB,2014-09-10,TMAX,300
USR0000NNWB,2014-09-10,TMIN,211
USW00093719,2005-10-10,TMIN,194
USC00315830,2008-11-22,TMIN,-39
USR0000NCRN,2009-06-17,TMAX,261
USW00013754,2010-07-18,TMIN,222
USC00314684,2013-07-20,TMIN,233
USC00314144,2008-09-14,TMIN,222
USW00093719,2007-10-02,TMIN,189
USW00013754,2008-09-01,TMAX,289
USW00013754,2010-07-18,TMAX,311
USW00013754,2008-09-01,TMIN,178
USC00310356,2006-10-11,TMAX,244
USC00310576,2010-05-05,TMAX,267
USW00013754,2010-11-20,TMIN,11
USC00314144,2008-09-14,TMAX,317
USC00317170,2010-04-14,TMIN,94
USC00314684,2013-07-20,TMAX,333
USC00310576,2014-08-12,TMAX,294
USC00314684,2009-10-12,TMIN,122
USR0000NNWB,2011-03-06,TMIN,78
USC00310576,2013-02-23,TMIN,39
USC00315830,2009-04-08,TMAX,206
USC00315830,2009-04-08,TMIN,28
USC00316096,2014-11-17,TMAX,228
USC00316096,2014-11-17,TMIN,94
USW00093719,2007-10-02,TMAX,289
USC00310576,2013-02-23,TMAX,122
USC00314684,2005-05-05,TMAX,233
USW00093765,2005-11-18,TMAX,100
USC00314684,2005-05-05,TMIN,61
USC00315830,2011-03-21,TMAX,189
USW00093765,2005-11-18,TMIN,22
USC00310576,2014-08-12,TMIN,211
USR0000NCRN,2009-06-17,TMIN,228
USC00310576,2011-07-23,TMAX,367
USC00310576,2010-05-05,TMIN,189
USW00013754,2014-09-10,TMAX,300
USC00315830,2008-10-02,TMAX,267
USW00013754,2005-10-14,TMAX,211
USC00310356,2009-10-30,TMIN,144
USC00310356,2009-10-30,TMAX,200
USW00093765,2013-07-20,TMAX,294
USW00093765,2013-07-20,TMIN,244
USC00315830,2015-05-24,TMAX,256
USR0000NCRN,2008-02-03,TMAX,250
USC00315830,2015-05-24,TMIN,150
USR0000NCRN,2008-02-03,TMIN,22
USR0000NNWB,2005-01-25,TMIN,-11
USC00314689,2010-11-07,TMIN,28
USC00310576,2009-01-30,TMIN,17
USR0000NNWB,2005-01-25,TMAX,111
USC00317170,2012-11-11,TMAX,228
USC00317170,2012-11-11,TMIN,44
USC00317170,2008-11-09,TMAX,206
USR0000NHOF,2013-01-20,TMIN,11
USC00317170,2008-11-09,TMIN,67
USW00013754,2005-10-14,TMIN,167
USW00093719,2006-08-06,TMIN,222
USC00314144,2010-12-07,TMIN,-89
USW00093719,2011-09-28,TMAX,311
USW00013754,2008-01-23,TMIN,44
USW00013754,2008-01-23,TMAX,144
USW00093719,2012-07-10,TMIN,222
USW00093719,2012-07-10,TMAX,328
USW00093719,2011-09-28,TMIN,200
USW00093719,2006-08-06,TMAX,317
USC00317170,2008-10-01,TMAX,278
USC00310356,2007-11-29,TMAX,156
USC00314144,2010-12-07,TMAX,17
USC00310356,2007-11-29,TMIN,83
USC00310576,2005-02-12,TMIN,-28
USC00317170,2007-07-18,TMIN,217
USC00310576,2005-02-12,TMAX,144
USC00317170,2008-10-01,TMIN,178
USC00317170,2007-07-18,TMAX,328
USC00314144,2006-04-02,TMIN,117
USC00316676,2014-01-17,TMAX,61
USC00314144,2006-01-09,TMAX,222
USC00317170,2013-09-20,TMAX,267
USW00093765,2011-05-28,TMIN,228
USC00310356,2005-01-09,TMAX,172
USC00310356,2005-01-09,TMIN,78
USC00317170,2013-09-20,TMIN,189
USC00315830,2013-10-31,TMAX,244
USR0000NCRN,2005-08-06,TMAX,317
USR0000NNWB,2009-03-21,TMAX,128
USR0000NCRN,2005-08-06,TMIN,222
USC00317170,2015-01-03,TMAX,167
USC00317170,2015-01-03,TMIN,78
USW00093765,2011-05-28,TMAX,283
USC00314689,2006-01-15,TMIN,17
USC00314689,2006-01-15,TMAX,83
USC00314144,2006-04-02,TMAX,261
USC00315830,2008-10-02,TMIN,111
USC00315830,2013-10-31,TMIN,144
USC00314689,2010-11-07,TMAX,117
USR0000NNWB,2009-03-21,TMIN,22
USC00317170,2013-07-20,TMAX,328
USC00314144,2006-01-09,TMIN,83
USC00316096,2011-07-16,TMIN,167
USC00316676,2014-01-17,TMIN,0
USC00315830,2014-02-28,TMIN,22
USR0000NCRN,2015-05-15,TMAX,228
USC00315830,2014-02-28,TMAX,106
USR0000NCRN,2015-05-15,TMIN,94
USC00317170,2013-07-20,TMIN,239
USR0000NHOF,2013-01-20,TMAX,178
USC00316096,2011-07-16,TMAX,294
USC00314689,2012-07-06,TMAX,367
USC00314689,2012-07-06,TMIN,228
USC00314684,2014-07-11,TMAX,311
USW00013754,2015-02-16,TMAX,11
USW00013754,2015-02-16,TMIN,-55
USC00316096,2011-02-14,TMAX,144
USC00315830,2011-12-30,TMIN,61
USC00314689,2015-12-17,TMIN,111
USC00314689,2015-12-17,TMAX,233
USR0000NCRN,2005-04-12,TMIN,100
USW00093719,2006-05-11,TMAX,267
USC00314684,2014-07-11,TMIN,211
USC00317170,2014-09-25,TMIN,206
USC00317170,2014-09-25,TMAX,228
USC00314689,2013-11-22,TMIN,100
USC00314689,2013-11-22,TMAX,233
USW00093765,2015-09-24,TMAX,244
USW00093719,2006-05-11,TMIN,144
USC00310576,2013-09-30,TMIN,122
USC00310576,2013-09-30,TMAX,256
USC00315830,2006-11-23,TMIN,72
USC00315830,2006-11-23,TMAX,172
USW00093719,2011-07-26,TMAX,278
USW00093765,2006-02-17,TMIN,100
USC00315830,2011-11-04,TMIN,139
USC00315830,2011-11-04,TMAX,172
USW00093765,2007-03-01,TMIN,67
USW00093719,2006-12-14,TMIN,100
USR0000NNWB,2014-01-23,TMAX,44
USC00317170,2015-08-20,TMIN,228
USC00317170,2012-04-29,TMAX,189
USC00317170,2012-04-29,TMIN,117
USC00310576,2015-10-29,TMAX,250
USC00314689,2014-11-17,TMAX,233
USC00310576,2011-10-29,TMIN,111
USC00314689,2014-11-17,TMIN,61
USW00093765,2015-01-07,TMAX,72
USR0000NNWB,2014-01-23,TMIN,-83
USC00315830,2008-09-10,TMAX,311
USC00314689,2015-03-19,TMAX,144
USC00314684,2011-04-02,TMIN,33
USC00310576,2014-11-24,TMIN,72
USC00310576,2014-11-24,TMAX,206
USR0000NCRN,2015-07-06,TMAX,294
USR0000NCRN,2015-07-06,TMIN,233
USC00317170,2015-08-20,TMAX,333
USC00315830,2008-09-10,TMIN,228
USC00316096,2015-12-17,TMAX,233
USW00093743,2008-08-23,TMAX,206
USW00093743,2008-08-23,TMIN,133
USR0000NHOF,2015-08-23,TMIN,156
USR0000NHOF,2015-08-23,TMAX,328
USC00317170,2013-03-29,TMAX,167
USW00093765,2014-09-25,TMIN,200
USW00093765,2007-09-07,TMAX,300
USW00093765,2014-09-25,TMAX,250
USC00316096,2010-08-26,TMIN,189
USC00310576,2008-01-09,TMAX,233
USR0000NHOF,2010-05-20,TMIN,117
USR0000NHOF,2010-05-20,TMAX,261
USW00093719,2014-09-10,TMAX,300
USC00317170,2013-03-29,TMIN,-11
USW00093719,2014-09-10,TMIN,228
USR0000NNWB,2008-03-08,TMIN,44
USR0000NNWB,2008-03-08,TMAX,211
USC00315830,2011-12-30,TMAX,167
USC00316096,2010-08-26,TMAX,300
USW00093765,2015-09-24,TMIN,211
USR0000NCRN,2005-06-29,TMAX,250
USC00310576,2008-01-09,TMIN,72
USC00316676,2010-07-03,TMIN,139
USR0000NCRN,2005-09-16,TMAX,317
USR0000NCRN,2005-09-16,TMIN,239
USW00093765,2006-02-17,TMAX,183
USC00310576,2014-08-05,TMAX,261
USC00316676,2010-07-03,TMAX,272
USC00310576,2014-08-05,TMIN,217
USC00314689,2013-08-10,TMAX,344
USW00093719,2006-12-14,TMAX,167
USC00317170,2012-05-11,TMIN,94
USC00317170,2012-05-11,TMAX,250
USC00314689,2013-08-10,TMIN,244
USR0000NCRN,2005-06-29,TMIN,228
USW00093719,2011-07-26,TMIN,239
USC00310356,2009-07-17,TMAX,317
USC00310356,2009-07-17,TMIN,222
USW00093765,2007-03-01,TMAX,206
USC00316096,2015-12-17,TMIN,144
USW00093765,2015-01-07,TMIN,-27
USR0000NCRN,2013-12-18,TMIN,-28
USC00310576,2011-07-23,TMIN,256
USC00316096,2013-07-20,TMIN,250
USW00093743,2013-02-15,TMIN,11
USC00314689,2010-03-25,TMIN,83
USC00315830,2013-04-16,TMIN,167
USC00315830,2013-04-16,TMAX,250
USW00093765,2007-03-29,TMAX,156
USW00093743,2013-02-15,TMAX,133
USC00314689,2008-08-18,TMIN,183
USR0000NNWB,2009-01-11,TMAX,167
USR0000NNWB,2009-04-21,TMIN,161
USR0000NNWB,2009-04-21,TMAX,250
USC00317170,2015-04-02,TMIN,11
USC00314689,2008-08-18,TMAX,306
USW00093743,2010-12-01,TMIN,44
USW00093743,2010-12-01,TMAX,200
USC00314689,2010-03-25,TMAX,239
USR0000NHOF,2013-02-15,TMAX,156
USC00316096,2013-07-20,TMAX,306
USC00310356,2012-02-23,TMAX,178
USR0000NCRN,2005-04-12,TMAX,156
USC00317170,2014-12-19,TMAX,122
USW00093765,2005-03-27,TMAX,189
USW00013754,2010-11-20,TMAX,200
USC00310356,2006-10-11,TMIN,139
USC00315830,2008-10-23,TMIN,78
USC00315830,2008-10-23,TMAX,183
USC00310356,2013-02-15,TMIN,22
USW00093765,2005-03-27,TMIN,117
USR0000NNWB,2011-12-21,TMAX,222
USW00093765,2012-04-29,TMAX,211
USW00093765,2012-04-29,TMIN,144
USW00013754,2009-03-21,TMIN,28
USW00013754,2009-03-21,TMAX,122
USC00310356,2013-02-15,TMAX,111
USC00317170,2014-12-19,TMIN,-11
USR0000NNWB,2011-12-21,TMIN,117
USR0000NCRN,2013-12-18,TMAX,122
USR0000NNWB,2009-01-11,TMIN,67
USW00093719,2010-08-03,TMIN,228
USW00013754,2009-02-19,TMIN,44
USR0000NNWB,2012-10-23,TMIN,78
USR0000NNWB,2006-03-03,TMIN,50
USC00314684,2011-04-02,TMAX,128
USR0000NCRN,2006-01-09,TMAX,178
USC00310356,2008-08-23,TMAX,300
USR0000NNWB,2012-10-23,TMAX,267
USR0000NNWB,2006-03-03,TMAX,128
USC00310356,2008-08-23,TMIN,228
USW00013754,2007-09-19,TMIN,194
USR0000NHOF,2007-11-29,TMIN,44
USC00310576,2015-10-29,TMIN,194
USW00093765,2007-03-29,TMIN,56
USR0000NHOF,2006-10-11,TMAX,233
USC00310576,2011-10-29,TMAX,144
USR0000NHOF,2006-10-11,TMIN,111
USR0000NHOF,2007-11-29,TMAX,183
USW00093719,2007-03-07,TMIN,6
USW00093719,2007-03-07,TMAX,211
USW00013754,2009-02-19,TMAX,194
USW00093719,2010-08-03,TMAX,311
USR0000NHOF,2013-02-15,TMIN,-22
USR0000NNWB,2015-02-16,TMAX,-6
USC00314689,2013-07-20,TMAX,333
USC00314689,2013-07-20,TMIN,239
USW00093765,2013-03-29,TMAX,139
USC00317170,2015-04-02,TMAX,222
USC00310356,2007-05-30,TMIN,167
USC00310356,2007-05-30,TMAX,267
USW00093719,2010-09-04,TMAX,300
USW00093719,2010-09-04,TMIN,172
USW00093765,2013-03-29,TMIN,33
USC00310356,2012-02-23,TMIN,133
USW00013754,2007-09-19,TMAX,272
USW00093765,2007-05-08,TMAX,244
USW00093765,2007-05-08,TMIN,122
USR0000NNWB,2015-02-16,TMIN,-78
USW00093765,2009-12-02,TMAX,222
USW00093765,2009-12-02,TMIN,94
USW00013754,2008-02-26,TMIN,33
USC00317170,2012-06-27,TMIN,122
USR0000NNWB,2013-01-17,TMAX,139
USR0000NCRN,2014-07-14,TMIN,228
USR0000NNWB,2013-01-17,TMIN,50
USW00013754,2011-09-30,TMIN,167
USR0000NCRN,2014-07-14,TMAX,300
USC00314684,2008-10-13,TMIN,139
USC00314684,2008-10-13,TMAX,256
USC00316676,2010-03-06,TMAX,111
USW00093743,2010-03-22,TMAX,183
USC00314144,2009-06-25,TMAX,322
USW00093765,2015-08-20,TMAX,294
USC00314684,2009-02-24,TMAX,72
USW00093765,2015-08-20,TMIN,233
USC00310356,2014-08-05,TMAX,256
USC00310356,2014-08-05,TMIN,228
USC00310356,2011-01-07,TMIN,6
USC00314144,2009-06-25,TMIN,161
USC00310356,2011-01-07,TMAX,78
USC00316676,2010-03-06,TMIN,-6
USW00013754,2010-12-28,TMAX,83
USC00310356,2010-03-22,TMIN,94
USR0000NCRN,2008-09-14,TMAX,322
USC00314689,2012-08-27,TMAX,311
USC00314689,2012-08-27,TMIN,206
USW00093765,2012-11-11,TMAX,222
USW00093765,2008-02-22,TMIN,56
USW00093765,2008-02-22,TMAX,183
USC00316096,2012-05-11,TMAX,239
USW00093765,2012-11-11,TMIN,56
USC00316676,2013-12-21,TMAX,217
USR0000NNWB,2015-09-13,TMAX,267
USW00013754,2010-12-28,TMIN,-43
USR0000NNWB,2015-09-13,TMIN,150
USC00314144,2009-07-17,TMAX,311
USC00314144,2009-07-17,TMIN,194
USC00316096,2012-05-11,TMIN,83
USC00316676,2013-12-21,TMIN,44
USC00316676,2013-08-10,TMAX,322
USW00093743,2010-03-22,TMIN,106
USC00310356,2008-01-16,TMIN,-6
USW00013754,2013-03-29,TMIN,-16
USW00093765,2009-01-18,TMAX,111
USW00093719,2014-01-23,TMIN,-77
USR0000NHOF,2014-08-05,TMAX,328
USR0000NHOF,2014-08-05,TMIN,217
USR0000NCRN,2015-01-13,TMIN,28
USC00316096,2012-07-06,TMAX,311
USW00013754,2013-03-29,TMAX,156
USC00314689,2011-07-16,TMIN,161
USW00093743,2010-01-07,TMAX,78
USW00093743,2010-01-07,TMIN,-32
USC00316096,2012-07-06,TMIN,244
USW00093765,2009-01-18,TMIN,-27
USR0000NHOF,2014-02-16,TMAX,139
USR0000NCRN,2010-07-29,TMAX,306
USC00316676,2006-10-16,TMIN,39
USC00314689,2011-07-16,TMAX,289
USC00310576,2015-09-29,TMIN,233
USC00310356,2010-01-07,TMIN,-50
USC00310356,2008-01-16,TMAX,122
USC00310576,2005-09-24,TMIN,200
USC00310576,2005-09-24,TMAX,300
USW00013754,2011-09-30,TMAX,294
USW00093765,2010-08-03,TMIN,233
USW00093765,2010-08-03,TMAX,300
USW00093719,2008-07-16,TMIN,206
USC00314684,2009-02-24,TMIN,-72
USC00310356,2010-01-07,TMAX,56
USC00310576,2007-05-12,TMIN,156
USC00310576,2015-09-29,TMAX,256
USW00093719,2008-07-01,TMIN,183
USW00093719,2013-04-16,TMIN,150
USW00093719,2013-04-16,TMAX,256
USC00310576,2007-05-12,TMAX,294
USW00093719,2008-07-16,TMAX,317
USW00093719,2008-07-01,TMAX,300
USR0000NCRN,2015-01-13,TMAX,150
USC00316676,2013-08-10,TMIN,233
USR0000NCRN,2008-09-14,TMIN,233
USC00310356,2010-03-22,TMAX,189
USW00093765,2008-06-05,TMAX,289
USW00093765,2013-04-16,TMAX,244
USC00310356,2013-11-16,TMIN,72
USC00316096,2012-08-27,TMIN,222
USW00013754,2015-09-13,TMIN,150
USC00310576,2011-10-17,TMAX,250
USW00013754,2014-04-28,TMIN,144
USW00093765,2013-04-16,TMIN,167
USC00310356,2005-04-12,TMIN,111
USC00310576,2012-11-16,TMIN,78
USC00314689,2009-10-27,TMAX,167
USW00093743,2013-11-16,TMAX,233
USC00310576,2012-11-16,TMAX,144
USR0000NCRN,2007-04-11,TMAX,283
USR0000NCRN,2007-04-11,TMIN,6
USC00316676,2015-12-11,TMAX,222
USC00310356,2005-04-12,TMAX,194
USW00093743,2013-11-16,TMIN,150
USC00314684,2009-08-07,TMAX,311
USW00013754,2015-09-13,TMAX,267
USC00314684,2012-09-03,TMIN,217
USC00314684,2012-09-03,TMAX,339
USW00093765,2010-10-31,TMAX,233
USW00093743,2011-01-07,TMIN,-27
USW00093743,2011-01-07,TMAX,89
USC00310356,2005-06-29,TMIN,228
USC00310576,2011-10-17,TMIN,78
USC00314684,2009-08-07,TMIN,183
USC00310356,2005-06-29,TMAX,289
USC00314684,2006-11-13,TMAX,144
USC00317170,2010-08-03,TMIN,228
USC00317170,2010-08-03,TMAX,322
USC00310356,2013-11-16,TMAX,211
USC00314684,2015-11-30,TMIN,94
USC00316096,2012-08-27,TMAX,300
USW00093765,2008-06-05,TMIN,244
USC00314684,2006-11-13,TMIN,89
USW00013754,2014-04-28,TMAX,267
USC00316676,2015-12-11,TMIN,83
USR0000NCRN,2007-12-26,TMIN,56
USW00093719,2007-06-25,TMAX,317
USC00315830,2013-09-30,TMIN,150
USC00315830,2013-09-30,TMAX,261
USC00314144,2008-03-22,TMIN,83
USC00314144,2008-03-22,TMAX,239
USR0000NNWB,2010-07-18,TMIN,233
USR0000NNWB,2010-07-18,TMAX,322
USW00093719,2007-06-25,TMIN,200
USW00093765,2010-09-17,TMIN,250
USC00314689,2009-04-19,TMAX,261
USW00093719,2007-05-08,TMIN,111
USR0000NCRN,2011-04-23,TMAX,256
USR0000NCRN,2011-04-23,TMIN,189
USC00314689,2006-05-11,TMIN,150
USC00314689,2006-05-11,TMAX,300
USC00314689,2009-04-19,TMIN,111
USW00093719,2007-05-08,TMAX,211
USW00093719,2010-09-13,TMIN,161
USW00093719,2010-09-13,TMAX,272
USC00317170,2009-10-12,TMIN,128
USR0000NCRN,2007-12-26,TMAX,106
USC00314684,2015-11-30,TMAX,233
USC00314689,2009-10-27,TMIN,133
USC00314689,2011-04-10,TMIN,128
USR0000NCRN,2007-06-24,TMAX,294
USC00314689,2011-04-10,TMAX,200
USC00317170,2015-08-02,TMIN,217
USC00310576,2007-02-16,TMAX,122
USR0000NCRN,2007-06-24,TMIN,194
USC00314689,2012-05-11,TMIN,111
USC00310576,2007-02-16,TMIN,-11
USC00314689,2012-05-11,TMAX,228
USC00317170,2015-08-02,TMAX,350
USR0000NNWB,2007-12-24,TMAX,150
USR0000NNWB,2007-12-24,TMIN,33
USW00093765,2010-09-17,TMAX,289
USC00317170,2009-10-12,TMAX,194
USR0000NCRN,2010-07-29,TMIN,233
USR0000NCRN,2010-03-22,TMIN,94
USW00093719,2014-01-23,TMAX,50
USC00316676,2006-10-16,TMAX,206
USR0000NCRN,2012-03-18,TMAX,233
USC00317170,2012-09-03,TMIN,222
USC00317170,2012-09-03,TMAX,294
USC00316096,2012-10-13,TMAX,211
USC00316096,2012-10-13,TMIN,94
USC00316096,2014-12-26,TMIN,0
USC00315830,2008-11-24,TMIN,-17
USC00316096,2012-01-02,TMAX,150
USC00316096,2014-12-26,TMAX,156
USC00315830,2008-11-24,TMAX,150
USR0000NCRN,2012-03-18,TMIN,133
USC00315830,2009-05-29,TMIN,256
USC00314689,2014-09-25,TMIN,189
USC00314689,2014-09-25,TMAX,222
USC00315830,2009-05-29,TMAX,278
USR0000NCRN,2013-02-15,TMAX,139
USW00013754,2008-12-24,TMAX,206
USR0000NCRN,2013-02-15,TMIN,11
USC00314684,2012-05-11,TMAX,233
USW00093719,2013-07-20,TMAX,339
USC00314684,2007-10-17,TMAX,267
USC00314144,2009-12-16,TMAX,122
USC00314144,2009-12-16,TMIN,-33
USC00310576,2007-05-19,TMAX,172
USC00316676,2011-09-03,TMAX,289
USC00314144,2005-02-23,TMAX,167
USR0000NNWB,2010-08-30,TMAX,344
USW00093719,2013-07-20,TMIN,244
USC00314144,2005-02-23,TMIN,39
USC00314684,2012-11-30,TMIN,-44
USR0000NHOF,2010-12-01,TMIN,17
USR0000NNWB,2010-08-30,TMIN,178
USW00093743,2009-10-30,TMIN,150
USW00093743,2009-10-30,TMAX,222
USC00310576,2007-05-19,TMIN,106
USC00314684,2012-05-11,TMIN,89
USC00314684,2012-11-30,TMAX,133
USR0000NHOF,2011-01-31,TMAX,83
USC00315830,2010-01-16,TMIN,-11
USW00013754,2010-12-11,TMAX,167
USC00316096,2010-10-06,TMIN,56
USC00314689,2012-10-13,TMAX,233
USC00314689,2012-10-13,TMIN,83
USW00013754,2010-12-25,TMIN,-49
USC00315830,2012-01-29,TMIN,61
USC00316676,2014-04-19,TMAX,189
USC00316676,2014-04-19,TMIN,78
USR0000NHOF,2007-05-30,TMAX,289
USC00316096,2014-09-25,TMIN,189
USC00315830,2012-01-29,TMAX,167
USW00093719,2012-04-29,TMAX,194
USW00093719,2012-04-29,TMIN,128
USW00093719,2012-10-23,TMIN,78
USW00093719,2012-10-23,TMAX,256
USW00013754,2008-02-26,TMAX,211
USC00317170,2012-06-27,TMAX,289
USC00316096,2014-09-25,TMAX,244
USC00315830,2010-01-16,TMAX,172
USC00316096,2010-10-06,TMAX,189
USW00013754,2009-01-11,TMIN,72
USR0000NHOF,2010-12-01,TMAX,200
USC00316096,2012-01-02,TMIN,-17
USW00093743,2009-03-18,TMAX,172
USC00314684,2005-06-12,TMIN,194
USW00013754,2010-12-11,TMIN,39
USW00093743,2009-03-18,TMIN,50
USC00314684,2005-06-12,TMAX,300
USW00013754,2010-12-25,TMAX,106
USW00013754,2008-12-24,TMIN,33
USR0000NCRN,2009-07-17,TMAX,294
USC00316676,2005-03-03,TMIN,-44
USR0000NCRN,2009-07-17,TMIN,272
USC00316676,2005-03-03,TMAX,94
USW00093719,2013-03-29,TMIN,-6
USW00013754,2009-01-11,TMAX,178
USR0000NHOF,2007-05-30,TMIN,111
USW00093719,2013-03-29,TMAX,167
USR0000NNWB,2010-11-20,TMAX,206
USW00093765,2013-09-20,TMIN,178
USC00316676,2011-09-03,TMIN,178
USC00317170,2009-08-21,TMIN,261
USR0000NCRN,2009-01-02,TMAX,156
USR0000NHOF,2010-03-22,TMAX,189
USC00314684,2007-10-17,TMIN,83
USW00013754,2015-10-21,TMIN,78
USR0000NNWB,2013-03-29,TMAX,167
USR0000NNWB,2013-03-29,TMIN,-11
USW00013754,2013-07-20,TMIN,250
USC00314684,2006-05-11,TMIN,94
USR0000NNWB,2007-02-18,TMIN,-11
USR0000NNWB,2007-02-18,TMAX,89
USR0000NCRN,2007-01-03,TMIN,6
USR0000NNWB,2013-04-16,TMIN,150
USR0000NNWB,2013-04-16,TMAX,261
USR0000NHOF,2009-10-30,TMIN,128
USW00093765,2015-08-02,TMIN,244
USC00314684,2006-05-11,TMAX,222
USR0000NHOF,2009-10-30,TMAX,206
USW00013754,2013-07-20,TMAX,311
USW00093719,2008-09-28,TMAX,283
USW00013754,2012-04-29,TMAX,189
USW00013754,2012-04-29,TMIN,139
USC00310576,2008-03-02,TMAX,194
USW00093765,2007-03-10,TMAX,206
USR0000NNWB,2006-07-13,TMIN,244
USR0000NNWB,2006-07-13,TMAX,339
USC00314689,2010-08-26,TMIN,194
USR0000NCRN,2009-01-02,TMIN,-50
USC00317170,2009-08-21,TMAX,333
USR0000NHOF,2010-01-07,TMAX,78
USC00310576,2008-03-02,TMIN,33
USC00314689,2007-08-04,TMIN,211
USR0000NHOF,2010-01-07,TMIN,-67
USC00316676,2010-02-26,TMAX,56
USC00316676,2010-02-26,TMIN,0
USW00093719,2008-09-28,TMIN,178
USC00314689,2010-08-26,TMAX,317
USR0000NNWB,2012-04-29,TMAX,200
USR0000NNWB,2012-04-29,TMIN,133
USW00093765,2007-11-03,TMAX,200
USW00093765,2013-09-20,TMAX,267
USC00310576,2008-07-22,TMAX,350
USW00013754,2013-04-16,TMIN,150
USW00013754,2013-04-16,TMAX,244
USC00310356,2009-03-18,TMAX,117
USC00310356,2009-03-18,TMIN,61
USR0000NHOF,2011-01-31,TMIN,33
USC00310576,2012-06-04,TMIN,183
USW00093719,2006-11-09,TMAX,228
USC00310576,2005-07-18,TMIN,256
USC00310576,2005-07-18,TMAX,317
USW00093765,2007-03-10,TMIN,61
USR0000NNWB,2010-11-20,TMIN,17
USC00310576,2008-07-22,TMIN,211
USW00093765,2011-07-01,TMAX,317
USW00093765,2011-07-01,TMIN,217
USW00093719,2006-11-09,TMIN,117
USC00310576,2005-11-26,TMIN,-28
USC00316096,2011-04-10,TMAX,228
USC00310576,2005-11-26,TMAX,117
USW00093765,2015-08-02,TMAX,300
USW00093719,2007-06-15,TMIN,128
USW00093719,2007-06-15,TMAX,239
USC00310576,2008-05-31,TMAX,278
USC00310576,2008-05-31,TMIN,144
USC00314684,2014-11-17,TMAX,106
USC00314684,2014-11-17,TMIN,28
USR0000NCRN,2007-01-03,TMAX,200
USW00013754,2015-10-21,TMAX,256
USW00093765,2007-11-03,TMIN,72
USC00314689,2011-03-16,TMAX,183
USC00314689,2011-03-16,TMIN,111
USR0000NHOF,2010-03-22,TMIN,83
USC00316676,2012-03-21,TMIN,128
USC00316676,2012-03-21,TMAX,278
USC00310576,2012-06-04,TMAX,272
USC00316096,2011-04-10,TMIN,111
USR0000NHOF,2014-02-16,TMIN,-17
USW00093765,2007-09-07,TMIN,206
USR0000NCRN,2010-03-22,TMAX,183
USW00093719,2011-12-08,TMIN,17
USW00093765,2015-07-05,TMIN,261
USC00314689,2009-09-17,TMIN,206
USC00317170,2007-07-13,TMIN,217
USC00314684,2009-10-27,TMAX,156
USC00317170,2007-07-13,TMAX,306
USC00316676,2010-01-06,TMAX,39
USW00093719,2012-06-27,TMAX,289
USR0000NHOF,2008-04-26,TMAX,278
USW00093719,2012-06-27,TMIN,133
USC00316676,2010-01-06,TMIN,-61
USC00315830,2013-04-17,TMIN,128
USC00315830,2013-04-17,TMAX,233
USR0000NHOF,2008-07-15,TMAX,289
USW00093719,2013-07-19,TMAX,333
USW00093719,2013-07-19,TMIN,244
USR0000NNWB,2011-01-10,TMIN,-28
USR0000NNWB,2014-05-31,TMAX,289
USR0000NHOF,2008-07-15,TMIN,200
USC00314689,2009-09-17,TMAX,256
USW00013754,2005-07-23,TMAX,317
USC00316096,2010-04-28,TMIN,56
USW00013754,2005-07-23,TMIN,233
USC00314689,2011-11-04,TMIN,78
USC00314689,2011-11-04,TMAX,194
USW00013754,2010-06-10,TMAX,328
USC00310576,2006-05-12,TMIN,89
USC00310576,2006-05-12,TMAX,239
USC00316096,2010-04-28,TMAX,200
USR0000NHOF,2015-04-08,TMIN,150
USW00013754,2010-02-26,TMAX,94
USW00013754,2010-02-26,TMIN,-10
USC00310576,2012-08-11,TMAX,306
USC00310576,2012-08-11,TMIN,233
USC00316676,2011-03-07,TMAX,217
USC00310576,2007-05-26,TMAX,272
USC00310576,2007-05-26,TMIN,122
USW00093719,2007-06-09,TMAX,328
USC00310356,2007-04-22,TMAX,244
USC00314689,2006-08-28,TMAX,322
USR0000NNWB,2011-01-10,TMAX,0
USC00310576,2005-06-26,TMIN,233
USC00310356,2007-02-16,TMIN,-78
USR0000NCRN,2012-03-22,TMIN,156
USR0000NCRN,2012-03-22,TMAX,156
USW00013754,2011-07-26,TMIN,244
USC00314689,2008-06-05,TMIN,244
USC00316096,2011-11-04,TMIN,72
USC00310576,2005-06-26,TMAX,283
USR0000NNWB,2011-02-07,TMAX,106
USC00314689,2008-06-05,TMAX,361
USC00317170,2008-07-01,TMIN,206
USR0000NNWB,2007-06-08,TMAX,333
USR0000NNWB,2007-06-08,TMIN,222
USC00316676,2012-03-08,TMAX,194
USC00317170,2008-07-01,TMAX,311
USC00316676,2012-03-08,TMIN,28
USC00316096,2011-11-04,TMAX,167
USC00317170,2014-07-11,TMAX,289
USC00310356,2007-02-16,TMAX,56
USW00013754,2011-07-26,TMAX,283
USW00093719,2010-12-08,TMIN,-61
USW00093719,2014-09-26,TMIN,172
USW00093719,2010-12-08,TMAX,39
USW00093719,2014-09-26,TMAX,228
USC00317170,2014-07-11,TMIN,206
USC00310576,2012-10-13,TMAX,228
USC00310576,2012-10-13,TMIN,67
USC00314689,2006-08-28,TMIN,217
USC00314144,2008-11-12,TMIN,0
USC00314689,2009-07-16,TMAX,328
USC00314689,2009-07-16,TMIN,200
USR0000NNWB,2014-05-31,TMIN,156
USC00314684,2013-02-14,TMAX,122
USC00314684,2013-02-14,TMIN,22
USC00314684,2009-10-27,TMIN,111
USC00316676,2011-03-07,TMIN,22
USC00314144,2008-11-12,TMAX,178
USW00093743,2009-01-25,TMAX,56
USC00310356,2007-04-22,TMIN,94
USW00013754,2010-06-10,TMIN,228
USC00314689,2009-08-23,TMIN,206
USC00314689,2009-08-23,TMAX,294
USC00315830,2008-06-18,TMIN,211
USC00315830,2008-06-18,TMAX,311
USR0000NCRN,2009-06-02,TMAX,283
USW00093719,2014-06-27,TMAX,311
USW00013754,2013-02-23,TMAX,167
USR0000NCRN,2009-06-02,TMIN,228
USW00093719,2014-06-27,TMIN,222
USW00093719,2010-12-18,TMIN,-39
USW00093719,2010-12-18,TMAX,39
USC00310576,2011-05-31,TMAX,339
USC00316676,2011-07-23,TMIN,239
USC00316676,2012-04-28,TMAX,267
USC00316676,2012-04-28,TMIN,144
USC00316676,2011-07-23,TMAX,372
USC00310576,2011-05-31,TMIN,189
USR0000NHOF,2007-04-22,TMIN,11
USW00013754,2013-02-23,TMIN,78
USC00315830,2011-07-01,TMAX,311
USC00316676,2012-07-24,TMIN,217
USW00093719,2014-12-24,TMIN,128
USW00093719,2013-11-03,TMAX,178
USW00093765,2009-04-21,TMAX,206
USC00314689,2008-10-13,TMAX,267
USC00310576,2009-06-22,TMAX,317
USW00093765,2011-01-15,TMAX,72
USC00315830,2011-07-01,TMIN,217
USC00315830,2009-10-12,TMAX,217
USC00316676,2005-02-22,TMAX,183
USC00316676,2005-02-22,TMIN,78
USC00310576,2009-06-22,TMIN,189
USC00314684,2007-01-24,TMIN,-11
USW00013754,2014-11-24,TMIN,194
USW00013754,2014-11-24,TMAX,233
USC00314684,2007-01-24,TMAX,100
USC00315830,2009-10-12,TMIN,167
USW00093743,2010-09-03,TMAX,333
USR0000NHOF,2007-04-22,TMAX,272
USW00013754,2013-07-19,TMIN,233
USW00093719,2007-07-18,TMAX,328
USC00314689,2014-04-28,TMIN,122
USC00314689,2014-04-28,TMAX,283
USC00310356,2008-02-19,TMAX,167
USW00093719,2007-07-18,TMIN,228
USW00093719,2012-08-27,TMAX,317
USC00310356,2008-02-19,TMIN,56
USW00093719,2007-06-09,TMIN,211
USC00317170,2010-09-24,TMIN,183
USC00316096,2015-07-29,TMIN,211
USW00093719,2012-08-27,TMIN,217
USR0000NCRN,2014-03-01,TMIN,11
USR0000NCRN,2014-03-01,TMAX,144
USR0000NHOF,2015-04-08,TMAX,306
USC00310356,2008-11-04,TMAX,244
USC00310356,2008-11-04,TMIN,78
USC00316096,2015-07-29,TMAX,328
USW00013754,2013-07-19,TMAX,311
USC00316096,2009-07-16,TMIN,178
USC00317170,2010-09-24,TMAX,333
USC00316096,2010-11-04,TMAX,206
USC00316096,2010-11-04,TMIN,106
USW00093743,2010-09-03,TMIN,222
USC00310576,2008-05-07,TMIN,111
USC00310576,2008-05-07,TMAX,250
USR0000NCRN,2008-04-21,TMAX,211
USR0000NCRN,2012-06-04,TMAX,283
USC00316096,2009-07-16,TMAX,289
USC00314689,2006-02-17,TMIN,106
USC00314689,2006-02-17,TMAX,228
USW00013754,2005-03-27,TMAX,189
USW00013754,2005-03-27,TMIN,111
USW00093719,2005-09-15,TMAX,256
USW00093719,2005-09-15,TMIN,244
USW00093719,2006-04-07,TMIN,133
USW00093719,2006-04-07,TMAX,294
USR0000NCRN,2012-06-04,TMIN,194
USW00093743,2008-11-04,TMAX,200
USW00093743,2008-11-04,TMIN,161
USW00093743,2009-01-25,TMIN,17
USC00316676,2011-08-16,TMAX,311
USR0000NCRN,2005-07-11,TMAX,300
USR0000NCRN,2005-07-11,TMIN,222
USW00093765,2008-10-01,TMIN,172
USC00316096,2013-02-14,TMAX,111
USC00316096,2015-09-15,TMIN,94
USC00316096,2015-09-15,TMAX,267
USW00093743,2008-01-05,TMAX,239
USC00316096,2013-02-14,TMIN,33
USR0000NHOF,2008-11-04,TMIN,156
USC00314689,2015-07-29,TMAX,333
USC00314689,2015-07-29,TMIN,217
USC00315830,2013-08-11,TMIN,250
USC00315830,2013-08-11,TMAX,311
USC00310576,2011-07-06,TMIN,239
USW00093765,2014-01-17,TMAX,144
USR0000NHOF,2008-11-04,TMAX,189
USW00093765,2014-01-17,TMIN,-5
USR0000NCRN,2005-05-11,TMAX,272
USW00093765,2008-10-01,TMAX,261
USC00317170,2013-07-19,TMAX,328
USC00317170,2013-07-19,TMIN,233
USC00316096,2015-09-01,TMIN,228
USC00314684,2014-07-02,TMIN,217
USR0000NNWB,2005-03-27,TMIN,100
USC00314684,2014-07-02,TMAX,322
USR0000NNWB,2012-01-29,TMIN,0
USR0000NCRN,2005-05-11,TMIN,111
USW00013754,2012-11-11,TMIN,56
USC00317170,2015-03-30,TMAX,150
USC00317170,2015-03-30,TMIN,-6
USC00314144,2010-03-22,TMAX,189
USC00314144,2010-03-22,TMIN,83
USC00314684,2006-04-29,TMAX,239
USC00316676,2011-08-16,TMIN,178
USC00314684,2006-04-29,TMIN,56
USR0000NNWB,2012-01-29,TMAX,133
USC00316096,2015-09-01,TMAX,306
USC00316096,2009-08-23,TMIN,217
USC00317170,2011-12-21,TMIN,111
USR0000NHOF,2006-10-17,TMAX,228
USW00093765,2005-08-18,TMIN,250
USW00093765,2005-08-18,TMAX,306
USR0000NCRN,2010-09-02,TMAX,283
USR0000NHOF,2006-09-01,TMIN,189
USR0000NCRN,2010-09-02,TMIN,194
USC00316676,2011-04-25,TMAX,294
USR0000NHOF,2006-10-17,TMIN,128
USC00315830,2006-11-09,TMAX,228
USR0000NCRN,2012-06-10,TMIN,178
USR0000NCRN,2010-03-07,TMIN,-44
USR0000NCRN,2012-06-10,TMAX,278
USR0000NCRN,2010-03-07,TMAX,156
USC00310576,2012-07-27,TMAX,333
USW00013754,2010-08-30,TMAX,328
USW00013754,2010-08-30,TMIN,172
USC00315830,2006-11-09,TMIN,133
USC00316096,2009-08-23,TMAX,283
USC00316676,2011-04-25,TMIN,172
USC00316096,2012-07-10,TMAX,317
USC00317170,2011-12-21,TMAX,222
USW00093765,2007-03-25,TMIN,94
USC00314684,2006-01-08,TMAX,72
USC00314689,2007-03-04,TMIN,44
USC00310576,2011-07-06,TMAX,333
USW00093743,2008-10-30,TMIN,6
USC00314689,2007-03-04,TMAX,189
USC00314684,2009-08-04,TMIN,211
USW00093743,2008-10-30,TMAX,139
USR0000NCRN,2010-07-02,TMAX,272
USW00093719,2010-02-26,TMAX,94
USW00093719,2010-02-26,TMIN,-11
USC00314684,2009-08-04,TMAX,311
USC00314684,2006-01-08,TMIN,-17
USR0000NCRN,2010-07-02,TMIN,150
USC00310576,2012-07-27,TMIN,228
USC00316096,2012-07-10,TMIN,217
USR0000NCRN,2007-11-29,TMIN,72
USR0000NCRN,2007-11-29,TMAX,189
USR0000NNWB,2005-03-27,TMAX,178
USC00314689,2012-07-10,TMIN,228
USC00314689,2012-07-10,TMAX,367
USW00093743,2013-12-29,TMIN,117
USC00317170,2015-07-05,TMAX,333
USC00314689,2006-08-22,TMIN,233
USC00314689,2006-08-22,TMAX,306
USC00314689,2013-09-30,TMIN,128
USR0000NNWB,2014-09-26,TMAX,222
USC00317170,2015-07-05,TMIN,244
USC00317170,2008-03-08,TMAX,211
USC00314689,2013-09-30,TMAX,244
USW00093743,2013-11-23,TMIN,100
USW00093765,2013-07-19,TMAX,300
USW00093765,2013-07-19,TMIN,267
USC00314684,2005-10-14,TMIN,156
USW00093765,2008-01-12,TMAX,172
USC00317170,2008-03-08,TMIN,83
USW00093743,2013-11-23,TMAX,194
USR0000NNWB,2014-09-26,TMIN,167
USC00310576,2013-10-31,TMAX,244
USR0000NNWB,2010-02-26,TMAX,106
USR0000NNWB,2010-02-26,TMIN,-11
USR0000NNWB,2011-02-07,TMIN,22
USC00315830,2014-11-17,TMAX,150
USC00315830,2014-11-17,TMIN,72
USC00310576,2012-12-02,TMIN,11
USC00316096,2015-04-02,TMIN,11
USC00310576,2013-10-31,TMIN,89
USC00316096,2015-04-02,TMAX,206
USW00093743,2013-12-29,TMAX,194
USC00316096,2014-04-28,TMIN,128
USC00317170,2009-09-21,TMIN,161
USC00317170,2009-09-21,TMAX,294
USC00316096,2014-04-28,TMAX,261
USC00317170,2010-05-15,TMAX,344
USC00317170,2010-05-15,TMIN,200
USC00310576,2012-12-02,TMAX,178
USR0000NNWB,2011-02-15,TMIN,11
USR0000NNWB,2011-02-15,TMAX,139
USW00013754,2014-09-26,TMIN,189
USR0000NCRN,2010-11-15,TMIN,0
USC00316096,2013-09-30,TMIN,117
USC00316096,2013-09-30,TMAX,239
USW00093719,2008-01-23,TMAX,139
USW00093719,2008-02-21,TMIN,11
USW00093743,2008-01-05,TMIN,-38
USC00314684,2011-12-02,TMAX,122
USC00314684,2009-03-21,TMAX,156
USC00315830,2011-05-21,TMIN,178
USW00093765,2015-03-06,TMIN,-21
USC00314684,2014-01-23,TMAX,-6
USW00093719,2015-08-20,TMAX,328
USW00093765,2015-03-06,TMAX,28
USC00315830,2011-05-21,TMAX,289
USW00093719,2015-08-20,TMIN,233
USW00013754,2012-11-11,TMAX,233
USC00314684,2011-12-02,TMIN,-28
USC00314684,2009-03-21,TMIN,17
USR0000NCRN,2010-11-15,TMAX,200
USW00093765,2011-12-08,TMAX,128
USW00013754,2014-09-26,TMAX,228
USC00314684,2005-10-14,TMAX,206
USW00093765,2008-01-12,TMIN,100
USC00314684,2014-01-23,TMIN,-94
USW00093743,2008-02-19,TMAX,144
USW00093743,2008-02-19,TMIN,11
USC00310576,2015-02-16,TMAX,17
USR0000NHOF,2007-02-16,TMAX,50
USW00093719,2005-01-28,TMIN,-67
USW00093719,2005-01-28,TMAX,6
USC00310576,2015-02-16,TMIN,-33
USW00013754,2005-05-23,TMIN,167
USR0000NHOF,2007-02-16,TMIN,-100
USW00093765,2011-12-08,TMIN,44
USW00013754,2005-05-23,TMAX,283
USW00093719,2008-01-23,TMIN,39
USW00093719,2008-02-21,TMAX,122
USW00093719,2005-03-10,TMAX,111
USR0000NHOF,2006-09-01,TMAX,244
USC00316676,2012-07-24,TMAX,328
USC00314689,2008-10-13,TMIN,139
USC00314684,2012-08-14,TMAX,317
USC00315830,2011-05-02,TMIN,122
USW00093719,2012-01-29,TMIN,6
USC00314689,2007-01-24,TMIN,6
USC00314689,2007-01-24,TMAX,83
USR0000NCRN,2013-12-31,TMIN,0
USW00093719,2012-01-29,TMAX,133
USR0000NCRN,2012-12-08,TMIN,133
USW00093765,2011-12-02,TMAX,161
USC00314144,2009-03-05,TMAX,144
USR0000NCRN,2013-12-31,TMAX,117
USC00315830,2007-09-15,TMAX,272
USC00317170,2009-11-06,TMAX,161
USR0000NNWB,2007-03-07,TMAX,211
USR0000NNWB,2007-03-07,TMIN,6
USW00093765,2011-12-02,TMIN,0
USC00314144,2009-03-05,TMIN,-78
USC00317170,2009-11-06,TMIN,50
USC00314689,2014-08-04,TMIN,211
USC00315830,2007-05-08,TMIN,117
USC00315830,2009-06-05,TMIN,211
USC00314689,2011-03-20,TMIN,56
USR0000NHOF,2010-06-07,TMAX,300
USR0000NHOF,2010-06-07,TMIN,167
USC00310356,2011-08-31,TMAX,311
USC00310356,2011-08-31,TMIN,206
USW00093743,2008-10-09,TMIN,206
USR0000NCRN,2012-12-08,TMAX,200
USC00314684,2012-08-14,TMIN,211
USW00093743,2011-08-31,TMAX,306
USC00314689,2014-08-04,TMAX,256
USR0000NNWB,2015-07-05,TMAX,339
USR0000NNWB,2015-07-05,TMIN,244
USW00093743,2011-08-31,TMIN,183
USR0000NNWB,2012-08-27,TMIN,222
USC00315830,2007-05-08,TMAX,244
USR0000NNWB,2012-08-27,TMAX,328
USW00013754,2014-05-31,TMIN,156
USC00310576,2011-04-08,TMAX,256
USC00316676,2014-12-06,TMAX,167
USC00315830,2014-04-19,TMAX,167
USR0000NNWB,2013-04-17,TMIN,122
USC00315830,2009-01-11,TMAX,161
USR0000NNWB,2013-04-17,TMAX,294
USR0000NHOF,2011-08-31,TMAX,294
USR0000NHOF,2011-08-31,TMIN,144
USC00315830,2014-04-19,TMIN,100
USC00317170,2015-03-06,TMIN,-17
USC00315830,2009-01-11,TMIN,133
USC00317170,2015-03-06,TMAX,39
USW00093719,2015-11-18,TMAX,244
USW00013754,2015-09-29,TMIN,228
USC00310576,2008-09-10,TMAX,306
USC00310576,2008-09-10,TMIN,206
USW00093765,2006-04-29,TMAX,183
USW00093765,2006-04-29,TMIN,89
USC00314684,2011-01-24,TMAX,72
USC00310576,2011-04-08,TMIN,89
USW00093719,2008-11-09,TMIN,39
USC00316676,2007-12-16,TMAX,211
USC00316676,2014-12-06,TMIN,89
USC00314689,2015-12-11,TMAX,222
USC00314689,2015-12-11,TMIN,111
USC00314684,2014-09-26,TMIN,178
USC00314684,2014-09-26,TMAX,217
USW00013754,2005-09-15,TMAX,256
USW00013754,2005-09-15,TMIN,244
USC00314689,2005-10-14,TMAX,222
USC00316096,2010-08-22,TMIN,228
USC00315830,2011-05-02,TMAX,250
USC00314689,2009-03-21,TMIN,17
USW00093719,2008-11-09,TMAX,200
USC00314689,2009-03-21,TMAX,222
USR0000NHOF,2008-07-22,TMAX,344
USC00314689,2005-10-14,TMIN,161
USC00316676,2007-12-16,TMIN,94
USC00316096,2010-08-22,TMAX,311
USW00013754,2015-09-29,TMAX,300
USW00093719,2013-04-17,TMAX,283
USC00315830,2009-06-05,TMAX,278
USC00310356,2010-06-07,TMIN,228
USW00093743,2008-03-22,TMAX,200
USW00013754,2007-09-07,TMAX,294
USW00013754,2007-09-07,TMIN,194
USR0000NNWB,2015-09-29,TMIN,239
USR0000NNWB,2015-09-29,TMAX,300
USC00314684,2005-06-11,TMAX,306
USC00310356,2010-06-07,TMAX,283
USC00316096,2014-02-15,TMAX,122
USW00013754,2005-01-12,TMIN,89
USC00314684,2006-07-02,TMAX,317
USC00316096,2014-09-26,TMIN,183
USC00316096,2014-09-26,TMAX,228
USC00314684,2006-07-02,TMIN,194
USW00013754,2015-07-05,TMIN,250
USC00310356,2012-10-13,TMAX,228
USW00013754,2015-07-05,TMAX,322
USC00314684,2005-06-11,TMIN,167
USW00093743,2008-03-03,TMIN,28
USW00093743,2008-03-22,TMIN,133
USC00314689,2014-09-26,TMIN,178
USC00314144,2005-07-11,TMIN,206
USC00314689,2014-09-26,TMAX,211
USC00310356,2012-05-12,TMIN,161
USC00310356,2012-05-12,TMAX,250
USW00093765,2011-04-02,TMAX,189
USC00316096,2010-06-25,TMIN,228
USW00013754,2011-03-03,TMAX,100
USR0000NNWB,2012-12-11,TMIN,106
USW00093743,2008-10-09,TMAX,250
USR0000NCRN,2012-09-04,TMIN,222
USC00316096,2014-08-04,TMAX,256
USR0000NCRN,2012-09-04,TMAX,294
USC00316096,2010-06-25,TMAX,317
USC00316096,2014-08-04,TMIN,217
USC00316096,2014-01-23,TMIN,-89
USR0000NNWB,2012-12-11,TMAX,217
USW00093719,2013-04-17,TMIN,117
USC00310356,2012-10-13,TMIN,150
USC00316096,2014-02-15,TMIN,17
USW00093743,2010-06-07,TMAX,294
USW00093743,2008-07-22,TMIN,167
USW00093743,2010-06-07,TMIN,222
USR0000NHOF,2012-10-13,TMAX,100
USR0000NHOF,2012-10-13,TMIN,72
USW00013754,2007-06-08,TMIN,222
USC00314689,2015-04-02,TMAX,228
USC00314689,2015-04-02,TMIN,22
USC00310356,2008-03-22,TMAX,161
USC00316096,2014-01-23,TMAX,44
USW00013754,2008-08-13,TMIN,194
USW00013754,2008-08-13,TMAX,228
USW00093765,2011-04-02,TMIN,61
USW00013754,2014-05-31,TMAX,278
USC00316096,2014-07-02,TMIN,244
USC00316096,2014-07-02,TMAX,300
USC00314689,2011-03-20,TMAX,233
USW00013754,2005-01-12,TMAX,228
USC00310356,2015-04-08,TMIN,161
USW00093743,2008-03-03,TMAX,194
USW00093743,2008-07-22,TMAX,256
USC00310356,2009-06-17,TMIN,211
USR0000NNWB,2008-08-26,TMAX,306
USR0000NNWB,2008-08-26,TMIN,222
USW00013754,2005-09-24,TMIN,211
USW00093743,2012-10-13,TMAX,217
USW00093743,2012-10-13,TMIN,106
USC00310356,2015-04-08,TMAX,200
USW00013754,2005-09-24,TMAX,311
USC00315830,2006-05-12,TMAX,239
USW00013754,2014-06-27,TMAX,306
USC00315830,2011-08-08,TMAX,344
USC00315830,2011-08-08,TMIN,256
USW00013754,2014-06-27,TMIN,211
USC00310356,2009-06-17,TMAX,267
USW00013754,2007-06-08,TMAX,317
USC00315830,2006-05-12,TMIN,111
USR0000NHOF,2008-07-22,TMIN,183
USW00093765,2010-11-20,TMIN,33
USW00093765,2010-11-20,TMAX,189
USW00093743,2009-04-08,TMAX,144
USC00316676,2012-10-23,TMIN,61
USR0000NCRN,2012-05-12,TMIN,78
USW00093743,2009-04-08,TMIN,39
USW00093765,2012-11-30,TMAX,161
USR0000NCRN,2012-05-12,TMAX,244
USW00093719,2011-09-30,TMIN,156
USW00093719,2015-07-05,TMIN,250
USW00093719,2011-09-30,TMAX,300
USC00317170,2011-12-02,TMIN,-17
USC00317170,2014-09-26,TMIN,178
USC00317170,2014-09-26,TMAX,222
USW00093765,2005-11-04,TMIN,89
USW00093765,2005-11-04,TMAX,211
USR0000NHOF,2009-04-08,TMAX,150
USC00315830,2008-04-23,TMIN,161
USC00317170,2011-12-02,TMAX,167
USC00315830,2007-06-03,TMAX,267
USC00316676,2008-02-02,TMIN,6
USC00310576,2014-05-19,TMAX,233
USC00317170,2011-12-08,TMIN,28
USC00316676,2009-08-16,TMIN,211
USC00310356,2009-04-08,TMAX,194
USC00310356,2009-04-08,TMIN,44
USC00317170,2011-12-08,TMAX,194
USW00093719,2015-11-18,TMIN,100
USW00093765,2012-07-06,TMAX,311
USC00316676,2008-02-02,TMAX,222
USW00093765,2012-07-06,TMIN,278
USC00310356,2008-07-15,TMAX,300
USC00310576,2007-03-30,TMAX,161
USR0000NHOF,2012-06-10,TMIN,156
USR0000NHOF,2012-06-10,TMAX,294
USC00310356,2008-07-15,TMIN,239
USW00093719,2015-07-05,TMAX,333
USC00310576,2014-05-19,TMIN,89
USW00013754,2009-03-04,TMIN,-82
USW00013754,2009-03-04,TMAX,78
USC00315830,2008-04-23,TMAX,233
USW00093743,2012-06-10,TMIN,194
USC00310356,2012-06-10,TMAX,278
USR0000NCRN,2015-12-18,TMAX,194
USC00314689,2006-04-01,TMIN,167
USW00093743,2008-07-15,TMAX,261
USC00314689,2009-05-27,TMIN,189
USC00316676,2010-08-03,TMIN,217
USC00316676,2010-08-03,TMAX,300
USC00314689,2009-05-27,TMAX,300
USC00316676,2015-05-24,TMIN,128
USW00093765,2009-04-21,TMIN,150
USW00093743,2008-07-15,TMIN,167
USW00093719,2013-11-03,TMIN,94
USW00093765,2014-09-26,TMIN,194
USW00093765,2014-09-26,TMAX,233
USW00093719,2005-03-10,TMIN,0
USW00093765,2012-11-30,TMIN,-5
USC00316676,2015-05-24,TMAX,267
USC00316676,2014-05-14,TMAX,317
USC00310356,2012-06-10,TMIN,217
USR0000NNWB,2005-11-28,TMAX,239
USR0000NHOF,2009-04-08,TMIN,-11
USW00093743,2012-06-10,TMAX,278
USW00093765,2010-05-15,TMAX,261
USW00093765,2010-05-15,TMIN,206
USW00093765,2008-09-28,TMIN,217
USC00315830,2007-06-03,TMIN,211
USW00093765,2008-09-28,TMAX,267
USR0000NCRN,2015-12-18,TMIN,67
USC00317170,2013-02-14,TMAX,117
USW00093765,2011-01-15,TMIN,-49
USC00316676,2014-05-14,TMIN,178
USW00093765,2015-03-30,TMAX,156
USR0000NNWB,2007-09-07,TMAX,306
USR0000NNWB,2007-09-07,TMIN,183
USW00093765,2015-03-30,TMIN,56
USR0000NNWB,2005-11-28,TMIN,156
USC00317170,2013-02-14,TMIN,39
USC00310576,2007-03-30,TMIN,17
USC00310356,2010-03-07,TMAX,128
USC00310356,2010-03-07,TMIN,11
USW00013754,2013-08-11,TMIN,228
USW00013754,2013-08-11,TMAX,333
USR0000NHOF,2014-03-01,TMIN,0
USR0000NHOF,2014-03-01,TMAX,139
USR0000NNWB,2010-06-10,TMIN,233
USW00093719,2014-01-17,TMAX,144
USR0000NNWB,2010-06-10,TMAX,339
USR0000NNWB,2014-06-27,TMIN,211
USC00316676,2010-01-16,TMIN,-28
USC00314689,2015-09-15,TMIN,100
USC00310576,2007-10-13,TMAX,228
USR0000NCRN,2006-09-19,TMIN,211
USR0000NNWB,2013-02-23,TMIN,61
USC00314144,2010-12-04,TMIN,-44
USC00315830,2010-06-16,TMAX,333
USW00093765,2006-01-08,TMAX,133
USC00316676,2010-01-16,TMAX,172
USR0000NCRN,2006-09-19,TMAX,267
USR0000NNWB,2014-06-27,TMAX,306
USC00314684,2009-07-16,TMIN,178
USC00315830,2007-09-15,TMIN,217
USC00314689,2014-02-15,TMAX,156
USR0000NHOF,2010-03-07,TMIN,-61
USR0000NHOF,2010-03-07,TMAX,161
USC00314689,2014-02-15,TMIN,56
USC00315830,2013-07-19,TMAX,317
USC00315830,2013-07-19,TMIN,272
USW00013754,2013-04-17,TMAX,267
USC00314684,2009-07-23,TMIN,206
USC00314684,2009-07-23,TMAX,300
USC00314689,2005-07-27,TMAX,378
USC00314689,2005-07-27,TMIN,250
USC00315830,2005-04-12,TMIN,100
USC00315830,2005-04-12,TMAX,200
USW00013754,2013-04-17,TMIN,117
USC00314684,2009-07-16,TMAX,306
USC00314684,2011-01-24,TMIN,-89
USW00093765,2006-01-08,TMIN,56
USC00315830,2010-06-16,TMIN,250
USW00093719,2008-10-10,TMAX,233
USW00013754,2012-12-11,TMIN,117
USC00315830,2009-04-12,TMIN,83
USC00315830,2005-05-05,TMAX,211
USC00315830,2005-05-05,TMIN,144
USW00013754,2012-12-11,TMAX,228
USC00314144,2007-06-29,TMAX,322
USC00315830,2009-04-12,TMAX,244
USC00314144,2007-06-29,TMIN,211
USC00316676,2014-06-09,TMIN,189
USW00093765,2013-02-14,TMIN,50
USC00315830,2008-02-14,TMIN,33
USC00316676,2014-06-09,TMAX,283
USC00315830,2008-02-14,TMAX,167
USR0000NCRN,2015-10-18,TMAX,144
USR0000NCRN,2015-10-18,TMIN,17
USC00316676,2009-08-16,TMAX,300
USW00093765,2013-02-14,TMAX,111
USC00316096,2009-09-17,TMIN,200
USW00093743,2010-03-07,TMAX,161
USW00093743,2010-03-07,TMIN,-21
USC00310576,2007-10-13,TMIN,78
USC00314689,2006-07-02,TMAX,294
USC00314689,2006-07-02,TMIN,194
USR0000NNWB,2014-11-24,TMIN,194
USW00093719,2014-01-17,TMIN,-16
USR0000NNWB,2014-11-24,TMAX,217
USR0000NNWB,2013-02-23,TMAX,89
USR0000NNWB,2006-02-10,TMAX,122
USC00314689,2015-09-15,TMAX,267
USW00093719,2008-10-10,TMIN,189
USC00310356,2008-03-03,TMIN,-17
USC00310356,2009-01-25,TMAX,128
USR0000NNWB,2006-02-10,TMIN,-61
USC00316096,2009-09-17,TMAX,256
USC00314144,2010-12-04,TMAX,56
USC00310356,2008-03-03,TMAX,144
USC00310356,2009-01-25,TMIN,28
USW00093719,2014-12-24,TMAX,228
USC00316676,2006-07-02,TMAX,300
USC00316676,2006-07-02,TMIN,211
USW00093765,2007-03-25,TMAX,206
USW00013754,2010-12-18,TMIN,-60
USR0000NHOF,2012-06-04,TMAX,272
USR0000NHOF,2012-06-04,TMIN,167
USC00314684,2007-04-18,TMAX,211
USW00093743,2011-08-02,TMAX,328
USW00093743,2011-08-02,TMIN,239
USC00314684,2011-03-16,TMIN,56
USC00315830,2015-09-29,TMAX,267
USC00314684,2005-03-29,TMIN,94
USC00314684,2014-01-17,TMAX,50
USC00314684,2014-01-17,TMIN,-22
USC00315830,2005-09-24,TMIN,211
USC00315830,2005-09-24,TMAX,317
USW00093743,2008-05-07,TMIN,111
USW00093743,2008-05-07,TMAX,244
USC00314144,2010-11-11,TMIN,17
USW00013754,2010-12-18,TMAX,117
USC00316676,2010-11-18,TMAX,200
USC00315830,2007-07-12,TMIN,233
USW00093765,2006-12-14,TMAX,161
USC00314684,2015-05-24,TMAX,272
USC00315830,2007-07-12,TMAX,306
USC00310356,2014-12-10,TMIN,50
USC00310576,2011-10-14,TMAX,272
USC00310576,2007-09-22,TMIN,211
USC00314689,2005-08-14,TMIN,222
USC00310576,2007-09-22,TMAX,289
USC00315830,2015-09-29,TMIN,217
USC00314689,2005-09-15,TMAX,294
USC00314684,2011-03-16,TMAX,161
USC00315830,2007-03-19,TMAX,139
USC00310356,2014-12-10,TMAX,72
USC00317170,2011-05-28,TMAX,289
USC00315830,2007-03-19,TMIN,-28
USC00310576,2011-10-14,TMIN,167
USC00314144,2010-11-11,TMAX,172
USC00314689,2005-09-15,TMIN,239
USC00314684,2015-05-24,TMIN,106
USC00314684,2007-04-18,TMIN,56
USW00093719,2005-08-18,TMIN,222
USC00310576,2013-08-11,TMIN,222
USC00316676,2015-11-27,TMAX,228
USW00093719,2009-05-16,TMAX,256
USC00316676,2015-11-27,TMIN,100
USR0000NCRN,2008-08-18,TMAX,306
USR0000NCRN,2008-08-18,TMIN,206
USC00310576,2013-08-11,TMAX,339
USC00314684,2005-03-29,TMAX,228
USC00310356,2012-12-08,TMAX,189
USC00315830,2008-10-29,TMAX,156
USC00310356,2012-12-08,TMIN,106
USC00314684,2006-02-17,TMAX,211
USR0000NCRN,2011-10-29,TMAX,139
USR0000NCRN,2011-10-29,TMIN,61
USC00316676,2008-09-26,TMAX,228
USC00316676,2008-09-26,TMIN,178
USC00314684,2006-02-17,TMIN,17
USC00314689,2005-05-31,TMIN,172
USR0000NCRN,2011-02-10,TMIN,-50
USC00310576,2014-09-26,TMAX,233
USW00013754,2005-05-05,TMAX,183
USR0000NHOF,2007-01-03,TMIN,-28
USR0000NHOF,2007-01-03,TMAX,189
USW00013754,2005-05-05,TMIN,122
USC00316676,2010-11-18,TMIN,28
USC00316676,2010-09-06,TMAX,283
USC00316676,2010-09-06,TMIN,161
USC00310576,2009-04-08,TMIN,33
USW00093719,2005-08-18,TMAX,317
USC00310576,2010-06-07,TMIN,211
USC00310356,2009-08-31,TMAX,300
USC00310356,2009-08-31,TMIN,233
USC00310576,2009-04-08,TMAX,128
USC00310356,2008-05-07,TMIN,172
USC00310356,2008-05-07,TMAX,267
USC00310576,2014-09-26,TMIN,189
USC00310576,2010-06-07,TMAX,367
USC00317170,2014-04-28,TMIN,133
USC00317170,2009-03-11,TMAX,267
USW00093765,2006-12-14,TMIN,122
USC00315830,2012-02-18,TMAX,183
USC00315830,2012-10-13,TMAX,228
USC00315830,2012-10-13,TMIN,122
USR0000NHOF,2010-05-05,TMAX,283
USW00093719,2005-11-04,TMIN,67
USR0000NHOF,2010-05-05,TMIN,156
USR0000NCRN,2013-04-17,TMIN,106
USW00093719,2011-06-02,TMIN,211
USR0000NCRN,2013-04-17,TMAX,239
USW00093765,2013-09-30,TMIN,144
USC00316676,2007-11-12,TMAX,139
USC00316676,2007-11-12,TMIN,-6
USW00093765,2013-09-30,TMAX,250
USR0000NNWB,2011-07-26,TMAX,261
USR0000NNWB,2011-07-26,TMIN,239
USC00314689,2005-01-18,TMAX,11
USW00093719,2005-11-04,TMAX,233
USC00310356,2007-11-14,TMIN,122
USC00310356,2012-06-04,TMIN,200
USC00314144,2007-12-11,TMIN,94
USC00314689,2010-04-14,TMAX,261
USC00317170,2015-01-07,TMAX,122
USC00316676,2009-05-18,TMIN,100
USC00317170,2010-02-26,TMAX,106
USC00317170,2010-02-26,TMIN,17
USW00013754,2012-01-04,TMIN,-71
USW00013754,2012-01-04,TMAX,56
USC00310356,2012-06-04,TMAX,278
USC00316676,2009-05-18,TMAX,278
USC00310576,2009-10-30,TMIN,111
USC00310576,2009-10-30,TMAX,189
USC00315830,2012-02-18,TMIN,56
USR0000NCRN,2006-09-30,TMIN,89
USR0000NCRN,2006-09-30,TMAX,256
USC00317170,2011-05-28,TMIN,194
USW00093719,2011-06-02,TMAX,367
USC00314144,2007-12-11,TMAX,261
USC00314689,2005-08-14,TMAX,339
USC00310356,2007-11-14,TMAX,189
USC00310356,2012-04-29,TMIN,144
USR0000NCRN,2011-09-20,TMAX,267
USW00093743,2012-06-04,TMIN,200
USC00316676,2012-09-03,TMIN,222
USC00310356,2014-07-14,TMIN,239
USC00317170,2011-11-04,TMIN,72
USC00316676,2012-09-03,TMAX,322
USC00310356,2014-07-14,TMAX,294
USR0000NHOF,2012-04-29,TMIN,122
USC00317170,2011-11-04,TMAX,156
USR0000NCRN,2011-09-20,TMIN,178
USC00317170,2009-03-21,TMIN,28
USC00316676,2006-01-15,TMIN,6
USC00317170,2009-03-21,TMAX,139
USC00316676,2006-01-15,TMAX,117
USR0000NHOF,2008-05-07,TMIN,78
USR0000NHOF,2008-05-07,TMAX,272
USC00317170,2009-03-11,TMIN,106
USC00310356,2012-04-29,TMAX,239
USR0000NHOF,2012-04-29,TMAX,206
USW00013754,2009-11-10,TMIN,139
USR0000NCRN,2006-10-17,TMIN,156
USC00315830,2011-06-14,TMAX,294
USC00314689,2005-01-18,TMIN,-78
USC00315830,2011-06-14,TMIN,206
USC00316676,2013-07-19,TMAX,322
USC00316676,2013-07-19,TMIN,228
USC00314689,2011-06-10,TMIN,217
USW00093743,2012-06-04,TMAX,278
USC00315830,2006-03-03,TMAX,189
USW00093743,2012-04-29,TMIN,133
USR0000NCRN,2006-10-17,TMAX,233
USC00314689,2011-06-10,TMAX,344
USC00315830,2006-03-03,TMIN,61
USC00315830,2011-09-12,TMIN,256
USC00315830,2011-09-12,TMAX,300
USW00013754,2009-11-10,TMAX,217
USW00093743,2012-04-29,TMAX,222
USR0000NHOF,2008-04-03,TMAX,183
USC00314689,2008-07-07,TMAX,294
USC00315830,2008-10-29,TMIN,33
USC00310576,2005-06-19,TMAX,272
USC00314684,2009-08-23,TMIN,200
USC00314684,2009-08-23,TMAX,328
USC00310576,2005-06-19,TMIN,161
USW00013754,2009-10-12,TMAX,194
USW00013754,2009-10-12,TMIN,156
USC00315830,2010-12-16,TMAX,117
USC00314684,2015-03-30,TMIN,-44
USC00315830,2010-12-16,TMIN,-50
USC00316676,2015-02-21,TMAX,-33
USC00314689,2006-09-14,TMIN,189
USW00093743,2008-04-21,TMIN,128
USC00314144,2006-07-03,TMAX,350
USC00314144,2006-07-03,TMIN,217
USW00093765,2010-01-16,TMIN,0
USW00093765,2010-01-16,TMAX,189
USW00093743,2008-04-21,TMAX,217
USC00317170,2008-12-07,TMIN,11
USW00093719,2006-12-30,TMIN,17
USW00093719,2006-12-30,TMAX,178
USC00314144,2009-04-30,TMIN,144
USC00310356,2007-01-03,TMAX,128
USC00317170,2012-08-14,TMIN,222
USC00316676,2015-02-21,TMIN,-122
USC00316676,2010-08-20,TMAX,300
USC00310576,2013-03-29,TMAX,144
USC00310576,2013-03-29,TMIN,0
USC00317170,2008-12-07,TMAX,94
USC00314684,2006-08-06,TMIN,233
USC00314684,2006-08-06,TMAX,294
USC00316096,2015-10-27,TMIN,156
USC00310356,2014-05-19,TMIN,139
USW00013754,2007-01-24,TMAX,111
USC00316676,2010-08-20,TMIN,233
USC00314684,2015-03-30,TMAX,94
USC00317170,2012-08-14,TMAX,339
USW00013754,2007-01-24,TMIN,-5
USC00310356,2007-01-03,TMIN,67
USC00310356,2013-01-01,TMAX,117
USC00310356,2013-01-01,TMIN,17
USC00310356,2007-08-03,TMAX,306
USC00314689,2012-10-23,TMAX,267
USR0000NHOF,2015-11-15,TMAX,206
USC00317170,2014-04-19,TMAX,128
USC00317170,2014-04-19,TMIN,83
USW00013754,2011-05-27,TMAX,294
USW00093743,2013-01-01,TMIN,83
USC00310576,2008-05-02,TMIN,72
USC00316676,2012-05-11,TMIN,78
USR0000NHOF,2013-01-01,TMIN,83
USW00013754,2011-05-27,TMIN,206
USC00316676,2012-05-11,TMAX,239
USW00093719,2009-09-21,TMIN,161
USW00093719,2009-09-21,TMAX,283
USC00314144,2007-06-24,TMAX,300
USC00314144,2007-06-24,TMIN,161
USR0000NHOF,2013-01-01,TMAX,133
USW00093719,2015-03-06,TMIN,-21
USW00093743,2013-01-01,TMAX,144
USC00314684,2010-02-26,TMAX,89
USC00314689,2014-02-28,TMIN,-17
USC00310356,2014-05-19,TMAX,283
USW00093719,2015-03-06,TMAX,50
USC00314689,2014-02-28,TMAX,133
USC00310576,2014-09-10,TMAX,283
USC00310576,2014-09-10,TMIN,211
USC00317170,2007-08-17,TMIN,250
USC00314684,2010-02-26,TMIN,-39
USC00310356,2007-08-03,TMIN,239
USW00093719,2007-02-18,TMIN,-11
USW00093719,2007-02-18,TMAX,89
USC00314689,2012-10-23,TMIN,78
USC00317170,2007-08-17,TMAX,322
USC00310576,2008-05-02,TMAX,233
USR0000NNWB,2014-11-17,TMAX,233
USR0000NNWB,2014-11-17,TMIN,83
USC00314689,2006-09-14,TMAX,267
USC00316096,2015-10-27,TMAX,222
USW00093765,2005-10-14,TMAX,206
USW00093765,2005-10-14,TMIN,167
USR0000NCRN,2006-09-01,TMAX,256
USC00317170,2010-01-16,TMIN,11
USC00317170,2010-01-16,TMAX,178
USC00316676,2015-05-14,TMAX,267
USC00316676,2015-05-14,TMIN,150
USC00310356,2008-04-21,TMIN,150
USR0000NCRN,2011-02-10,TMAX,39
USR0000NCRN,2006-09-01,TMIN,183
USC00314684,2015-08-15,TMAX,311
USC00316096,2010-04-14,TMIN,83
USR0000NNWB,2010-09-13,TMAX,283
USR0000NNWB,2010-09-13,TMIN,172
USC00316096,2010-04-14,TMAX,161
USC00314689,2012-03-10,TMIN,17
USW00093743,2014-05-19,TMIN,106
USW00093719,2007-09-07,TMAX,311
USW00013754,2014-11-17,TMAX,239
USW00093743,2014-05-19,TMAX,228
USC00310576,2009-11-12,TMAX,178
USC00310576,2009-11-12,TMIN,161
USR0000NHOF,2008-04-03,TMIN,72
USC00317170,2014-04-28,TMAX,261
USR0000NCRN,2008-05-31,TMAX,278
USR0000NCRN,2008-05-31,TMIN,211
USC00310576,2011-08-31,TMAX,289
USC00314684,2015-08-15,TMIN,167
USW00093719,2009-05-16,TMIN,200
USC00314144,2009-04-30,TMAX,250
USC00310576,2011-08-31,TMIN,172
USC00317170,2012-08-27,TMAX,317
USR0000NHOF,2014-05-19,TMAX,250
USC00317170,2012-08-27,TMIN,211
USR0000NNWB,2007-01-24,TMIN,0
USC00314684,2015-08-02,TMIN,211
USR0000NNWB,2007-01-24,TMAX,100
USC00314684,2015-08-02,TMAX,344
USR0000NHOF,2014-05-19,TMIN,72
USC00310576,2008-12-04,TMIN,-6
USC00315830,2012-08-01,TMIN,233
USW00093765,2014-04-19,TMAX,139
USW00093719,2015-10-21,TMAX,244
USC00314684,2005-02-25,TMIN,17
USC00314144,2006-10-17,TMAX,222
USR0000NNWB,2005-05-05,TMAX,200
USR0000NNWB,2005-05-05,TMIN,117
USC00316096,2015-11-30,TMAX,172
USW00093719,2010-07-18,TMIN,228
USC00314144,2006-10-17,TMIN,122
USW00093719,2010-07-18,TMAX,322
USW00013754,2008-08-08,TMIN,206
USW00013754,2008-08-08,TMAX,306
USR0000NHOF,2015-11-15,TMIN,-17
USW00093743,2009-08-31,TMAX,278
USR0000NCRN,2007-09-26,TMAX,300
USW00093743,2009-08-31,TMIN,217
USC00314684,2005-02-25,TMAX,83
USR0000NCRN,2007-09-26,TMIN,183
USW00093719,2015-10-21,TMIN,78
USC00316676,2009-07-16,TMIN,183
USC00317170,2014-01-23,TMAX,50
USW00093719,2007-09-07,TMIN,178
USW00093765,2014-04-19,TMIN,111
USC00314144,2005-05-11,TMIN,83
USC00314144,2005-05-11,TMAX,294
USC00315830,2012-08-01,TMAX,294
USW00013754,2014-11-17,TMIN,100
USW00093765,2011-11-04,TMIN,128
USC00314689,2012-03-10,TMAX,122
USC00314684,2006-07-13,TMIN,239
USC00314684,2006-07-13,TMAX,317
USW00093765,2011-11-04,TMAX,178
USC00310576,2008-12-04,TMAX,122
USC00310576,2005-04-12,TMIN,89
USC00310576,2005-04-12,TMAX,139
USC00316096,2015-11-30,TMIN,128
USC00317170,2014-01-23,TMIN,-72
USC00316676,2009-07-16,TMAX,306
USC00314689,2010-04-14,TMIN,111
USW00093719,2007-01-24,TMAX,100
USW00093719,2007-01-24,TMIN,-6
USC00317170,2015-01-07,TMIN,-28
USR0000NNWB,2014-04-19,TMAX,122
USC00316676,2010-07-15,TMIN,228
USR0000NNWB,2014-04-19,TMIN,83
USC00314689,2010-01-16,TMIN,-6
USW00093719,2005-06-05,TMIN,206
USC00314689,2010-01-16,TMAX,167
USR0000NNWB,2008-08-08,TMIN,211
USC00316676,2010-07-15,TMAX,289
USR0000NHOF,2011-01-30,TMIN,6
USC00315830,2013-09-20,TMAX,272
USC00314689,2015-09-06,TMIN,211
USR0000NNWB,2012-01-04,TMIN,-78
USC00314689,2015-11-30,TMIN,111
USC00314689,2013-07-19,TMAX,339
USR0000NNWB,2012-01-04,TMAX,61
USC00314689,2013-07-19,TMIN,239
USR0000NNWB,2008-08-08,TMAX,317
USR0000NCRN,2008-03-27,TMAX,222
USC00314684,2015-07-05,TMIN,239
USC00316676,2009-02-05,TMAX,61
USC00314684,2009-04-19,TMAX,267
USC00316096,2013-07-19,TMAX,306
USC00316096,2013-07-19,TMIN,233
USC00316676,2007-01-16,TMAX,250
USC00316676,2007-01-16,TMIN,100
USW00093765,2011-03-27,TMAX,106
USW00093765,2011-03-27,TMIN,39
USC00314684,2015-07-05,TMAX,322
USC00315830,2010-05-20,TMIN,206
USC00310356,2006-05-12,TMAX,222
USC00315830,2010-05-20,TMAX,244
USC00310356,2010-04-12,TMIN,133
USC00316676,2009-02-05,TMIN,-44
USC00314684,2009-04-19,TMIN,94
USC00314144,2007-09-09,TMIN,211
USC00314144,2007-09-09,TMAX,272
USC00310356,2006-05-12,TMIN,139
USC00310356,2010-04-12,TMAX,206
USC00316676,2009-12-15,TMAX,178
USC00315830,2008-03-28,TMAX,217
USW00093719,2011-12-29,TMAX,150
USR0000NCRN,2013-11-23,TMAX,183
USW00093719,2011-12-29,TMIN,-28
USC00316676,2015-01-25,TMIN,17
USC00315830,2009-12-20,TMIN,-11
USC00310356,2013-03-29,TMAX,133
USC00316676,2015-01-25,TMAX,100
USC00314684,2007-03-05,TMAX,111
USC00316096,2011-12-02,TMAX,167
USC00315830,2014-09-26,TMIN,189
USC00315830,2014-09-26,TMAX,250
USC00310356,2013-03-29,TMIN,28
USC00316676,2005-03-20,TMIN,78
USC00316676,2005-03-20,TMAX,161
USC00310576,2013-01-20,TMIN,6
USC00310576,2013-01-20,TMAX,161
USC00316096,2011-12-02,TMIN,-22
USC00315830,2008-03-28,TMIN,156
USC00317170,2014-01-17,TMIN,-17
USR0000NHOF,2009-01-02,TMAX,161
USC00315830,2013-09-20,TMIN,178
USC00316676,2009-12-15,TMIN,83
USW00093719,2005-06-05,TMAX,306
USC00314689,2015-11-30,TMAX,239
USR0000NNWB,2010-12-28,TMIN,-56
USR0000NNWB,2010-12-28,TMAX,78
USC00310356,2008-10-30,TMIN,50
USC00317170,2014-01-17,TMAX,139
USC00314689,2015-09-06,TMAX,283
USW00093765,2014-06-27,TMAX,300
USR0000NCRN,2008-03-27,TMIN,106
USW00093765,2014-06-27,TMIN,233
USC00315830,2011-03-24,TMAX,228
USC00314684,2007-03-05,TMIN,-33
USW00093743,2011-06-07,TMIN,189
USC00310576,2011-05-06,TMAX,206
USC00310356,2008-10-30,TMAX,172
USC00316676,2010-04-23,TMIN,83
USC00310356,2008-04-03,TMIN,33
USC00310356,2008-04-03,TMAX,194
USC00310356,2006-09-01,TMIN,200
USC00310356,2006-09-01,TMAX,272
USC00317170,2012-07-06,TMIN,239
USC00314689,2015-08-02,TMIN,222
USC00314689,2015-08-02,TMAX,339
USC00316676,2010-10-21,TMAX,244
USC00316676,2010-10-21,TMIN,106
USC00317170,2012-07-06,TMAX,356
USC00314684,2013-07-19,TMAX,344
USC00310356,2006-10-17,TMAX,244
USC00315830,2011-06-16,TMIN,217
USC00314684,2013-07-19,TMIN,228
USW00013754,2005-11-28,TMAX,228
USC00315830,2011-06-16,TMAX,283
USC00317170,2011-09-10,TMAX,328
USC00314684,2013-09-30,TMIN,111
USC00310356,2006-10-17,TMIN,72
USC00310576,2008-09-14,TMIN,222
USR0000NNWB,2006-04-07,TMAX,283
USC00310576,2011-08-14,TMAX,317
USC00316676,2013-12-17,TMAX,150
USC00316676,2013-12-17,TMIN,22
USC00314144,2009-03-18,TMAX,200
USC00314689,2013-02-14,TMAX,117
USC00314689,2013-02-14,TMIN,33
USR0000NNWB,2007-08-15,TMIN,211
USC00314144,2009-03-18,TMIN,0
USC00310576,2011-08-14,TMIN,222
USR0000NNWB,2007-08-15,TMAX,339
USR0000NCRN,2014-09-10,TMAX,294
USR0000NCRN,2014-09-10,TMIN,211
USW00013754,2005-11-28,TMIN,172
USW00093719,2008-12-06,TMIN,-33
USR0000NNWB,2006-04-07,TMIN,133
USW00093765,2009-09-21,TMIN,183
USW00093765,2009-09-21,TMAX,283
USW00093719,2008-12-06,TMAX,128
USW00093765,2011-07-14,TMAX,311
USC00310576,2008-09-14,TMAX,328
USC00314684,2013-09-30,TMAX,244
USC00310576,2005-06-29,TMIN,222
USC00317170,2011-04-02,TMIN,44
USR0000NHOF,2007-11-14,TMIN,67
USR0000NHOF,2007-11-14,TMAX,244
USC00315830,2007-08-31,TMIN,206
USC00314684,2014-04-28,TMIN,106
USC00315830,2007-08-31,TMAX,294
USW00013754,2012-01-29,TMAX,133
USC00314684,2014-04-28,TMAX,294
USC00317170,2012-11-30,TMAX,167
USC00317170,2012-11-30,TMIN,-11
USR0000NHOF,2006-05-12,TMIN,50
USR0000NHOF,2006-05-12,TMAX,228
USC00315830,2005-12-12,TMIN,0
USC00315830,2005-12-12,TMAX,117
USC00316676,2010-04-23,TMAX,244
USC00310576,2005-06-29,TMAX,278
USC00310576,2013-04-17,TMAX,244
USC00310576,2013-04-17,TMIN,111
USW00093765,2007-01-24,TMAX,111
USC00315830,2007-07-21,TMIN,211
USC00317170,2011-09-10,TMIN,172
USW00013754,2006-12-30,TMAX,183
USW00013754,2006-12-30,TMIN,50
USC00317170,2011-04-02,TMAX,194
USW00013754,2014-04-19,TMAX,133
USC00315830,2007-07-21,TMAX,283
USW00013754,2014-04-19,TMIN,100
USW00093765,2011-07-14,TMIN,239
USC00317170,2008-03-06,TMAX,211
USC00314684,2011-11-04,TMIN,6
USC00317170,2009-07-23,TMIN,222
USC00317170,2009-07-23,TMAX,311
USC00317170,2008-03-06,TMIN,72
USC00314684,2011-11-04,TMAX,200
USW00093765,2007-01-24,TMIN,6
USW00013754,2012-01-29,TMIN,-5
USR0000NHOF,2009-01-25,TMAX,44
USW00093719,2011-12-08,TMAX,117
USC00315830,2011-03-24,TMIN,111
USC00315830,2009-05-11,TMAX,272
USR0000NCRN,2006-05-12,TMIN,111
USR0000NCRN,2006-05-12,TMAX,233
USR0000NCRN,2010-08-31,TMAX,344
USC00316096,2015-05-24,TMIN,122
USC00310356,2010-09-03,TMAX,317
USR0000NHOF,2014-09-10,TMAX,328
USR0000NHOF,2014-09-10,TMIN,206
USW00093765,2010-02-26,TMIN,0
USW00013754,2012-02-21,TMAX,183
USW00093743,2009-01-02,TMIN,-21
USC00316096,2015-05-24,TMAX,267
USW00013754,2012-02-21,TMIN,11
USC00310356,2009-06-25,TMAX,283
USW00093743,2009-01-02,TMAX,156
USW00093765,2011-12-21,TMIN,133
USW00013754,2010-09-13,TMAX,267
USC00310356,2009-06-25,TMIN,228
USW00093743,2007-11-14,TMAX,206
USC00310356,2013-04-17,TMAX,250
USW00093765,2010-02-26,TMAX,89
USW00093743,2007-11-14,TMIN,89
USC00316096,2015-07-05,TMAX,300
USC00316096,2015-07-05,TMIN,239
USR0000NHOF,2011-01-30,TMAX,206
USW00093743,2013-04-17,TMIN,122
USW00093743,2013-04-17,TMAX,228
USC00316676,2014-02-28,TMIN,-6
USC00310356,2013-04-17,TMIN,150
USR0000NCRN,2010-08-31,TMIN,183
USR0000NHOF,2010-04-12,TMIN,44
USR0000NCRN,2007-04-22,TMIN,50
USC00314689,2008-02-12,TMIN,0
USC00316676,2014-02-28,TMAX,144
USR0000NCRN,2007-04-22,TMAX,272
USC00317170,2013-09-30,TMIN,122
USC00317170,2013-09-30,TMAX,233
USC00314689,2008-02-12,TMAX,194
USC00314144,2008-05-31,TMIN,156
USW00093719,2014-04-19,TMAX,133
USW00013754,2010-09-13,TMIN,167
USC00314144,2010-03-07,TMIN,-61
USC00314689,2015-07-05,TMAX,328
USC00314689,2015-07-05,TMIN,244
USC00314144,2010-03-07,TMAX,161
USC00315830,2015-07-14,TMIN,217
USW00093765,2012-08-27,TMAX,300
USC00317170,2007-06-15,TMIN,117
USR0000NHOF,2014-12-10,TMAX,133
USC00317170,2007-06-15,TMAX,256
USR0000NHOF,2015-10-18,TMAX,161
USR0000NCRN,2013-01-01,TMIN,100
USR0000NHOF,2015-10-18,TMIN,6
USC00310356,2009-01-02,TMIN,0
USC00310356,2009-01-02,TMAX,44
USW00093765,2012-08-27,TMIN,233
USW00093743,2008-04-03,TMIN,83
USC00315830,2015-07-14,TMAX,267
USW00093719,2014-04-19,TMIN,94
USR0000NHOF,2014-12-10,TMIN,0
USR0000NCRN,2013-01-01,TMAX,144
USC00315830,2012-11-16,TMIN,83
USW00093765,2008-03-08,TMIN,67
USC00315830,2012-11-16,TMAX,150
USC00317170,2014-06-27,TMAX,356
USW00093765,2008-03-08,TMAX,200
USC00317170,2014-06-27,TMIN,222
USC00314689,2009-02-13,TMAX,200
USC00314684,2010-01-16,TMAX,156
USW00093765,2011-12-21,TMAX,206
USC00314689,2009-02-13,TMIN,61
USR0000NHOF,2005-11-26,TMAX,128
USW00093743,2008-04-03,TMAX,178
USC00314684,2012-07-10,TMIN,228
USC00314684,2012-07-10,TMAX,372
USC00314684,2010-01-16,TMIN,-50
USR0000NHOF,2005-11-26,TMIN,-56
USC00310356,2011-08-02,TMIN,239
USR0000NHOF,2010-04-12,TMAX,250
USC00314144,2008-05-31,TMAX,294
USC00310356,2014-09-10,TMIN,206
USC00310356,2005-11-26,TMIN,33
USC00310356,2015-10-18,TMIN,83
USR0000NCRN,2008-08-23,TMAX,306
USC00314689,2006-01-08,TMIN,11
USR0000NCRN,2008-08-23,TMIN,200
USC00310576,2011-01-19,TMAX,89
USW00093743,2013-03-29,TMAX,144
USC00310356,2005-11-26,TMAX,72
USW00093743,2013-03-29,TMIN,6
USR0000NHOF,2013-03-29,TMAX,156
USR0000NNWB,2006-12-30,TMIN,17
USR0000NHOF,2013-03-29,TMIN,-33
USC00316676,2010-03-25,TMIN,56
USC00316676,2015-01-21,TMAX,194
USC00316676,2010-03-25,TMAX,250
USR0000NHOF,2007-08-03,TMIN,172
USR0000NNWB,2006-12-30,TMAX,183
USW00093743,2011-06-07,TMAX,294
USC00314689,2006-01-08,TMAX,139
USC00310356,2015-10-18,TMAX,217
USC00315830,2009-05-11,TMIN,161
USR0000NHOF,2008-02-19,TMAX,139
USC00314689,2006-08-06,TMIN,239
USR0000NHOF,2009-01-25,TMIN,6
USC00314689,2006-08-06,TMAX,311
USR0000NHOF,2008-02-19,TMIN,-28
USR0000NHOF,2009-06-25,TMIN,161
USC00310576,2011-01-19,TMIN,56
USR0000NHOF,2009-06-25,TMAX,322
USC00316096,2015-08-02,TMAX,322
USC00316096,2010-01-16,TMIN,-33
USC00316096,2010-01-16,TMAX,183
USC00314689,2006-07-13,TMIN,244
USC00316676,2014-08-04,TMAX,228
USC00316676,2014-08-04,TMIN,217
USC00314689,2006-07-13,TMAX,328
USC00316096,2015-08-02,TMIN,206
USR0000NHOF,2014-07-14,TMIN,222
USW00093765,2008-07-01,TMIN,233
USR0000NHOF,2014-07-14,TMAX,333
USC00314689,2011-12-02,TMIN,-11
USW00093765,2005-06-20,TMIN,167
USC00310356,2011-08-02,TMAX,317
USC00316676,2015-01-21,TMIN,39
USC00310576,2011-05-06,TMIN,61
USC00316676,2015-04-22,TMAX,239
USC00316676,2014-02-15,TMAX,167
USC00314689,2011-12-02,TMAX,161
USW00093765,2005-06-20,TMAX,250
USC00316676,2015-04-22,TMIN,106
USC00314684,2005-09-15,TMAX,250
USC00314684,2005-09-15,TMIN,233
USR0000NHOF,2013-04-17,TMIN,89
USR0000NHOF,2007-08-03,TMAX,300
USR0000NHOF,2013-04-17,TMAX,189
USC00310356,2014-09-10,TMAX,267
USC00316676,2014-02-15,TMIN,22
USR0000NNWB,2012-11-11,TMIN,44
USW00093765,2009-07-23,TMAX,294
USW00093765,2009-07-23,TMIN,222
USC00310356,2010-05-05,TMAX,217
USC00314689,2015-09-01,TMAX,300
USC00314689,2015-09-01,TMIN,222
USC00310356,2010-05-05,TMIN,194
USW00093765,2008-07-01,TMAX,283
USC00314689,2006-04-29,TMIN,72
USR0000NNWB,2010-12-18,TMIN,-17
USC00316676,2005-03-15,TMAX,83
USR0000NNWB,2010-12-18,TMAX,39
USC00316676,2005-03-15,TMIN,-28
USC00315830,2008-01-06,TMAX,183
USC00314689,2015-05-24,TMAX,183
USC00315830,2008-01-06,TMIN,-39
USR0000NCRN,2012-04-29,TMAX,200
USR0000NCRN,2012-04-29,TMIN,133
USR0000NNWB,2012-11-11,TMAX,250
USC00310356,2010-09-03,TMIN,233
USC00315830,2009-12-20,TMAX,78
USC00316096,2010-03-25,TMIN,72
USW00013754,2012-10-23,TMIN,72
USR0000NHOF,2009-07-17,TMAX,311
USC00314689,2014-05-18,TMIN,111
USC00314689,2014-05-18,TMAX,244
USW00013754,2013-04-15,TMIN,150
USW00013754,2013-04-15,TMAX,217
USC00310576,2007-09-18,TMAX,261
USR0000NNWB,2005-04-07,TMAX,244
USC00316096,2010-09-24,TMIN,200
USC00316096,2011-05-30,TMIN,178
USR0000NNWB,2005-04-07,TMIN,144
USR0000NCRN,2014-11-18,TMAX,156
USR0000NCRN,2014-11-18,TMIN,-28
USW00013754,2007-06-09,TMIN,211
USR0000NNWB,2010-10-31,TMIN,100
USC00317170,2011-08-16,TMIN,222
USW00013754,2007-06-09,TMAX,328
USC00310576,2012-04-30,TMAX,183
USR0000NCRN,2014-12-07,TMAX,156
USC00310576,2012-04-30,TMIN,106
USC00316096,2011-05-30,TMAX,300
USW00093719,2014-08-05,TMAX,311
USR0000NNWB,2014-02-16,TMIN,-11
USC00316676,2014-09-24,TMIN,161
USC00316676,2014-09-24,TMAX,183
USC00310576,2011-05-02,TMIN,89
USC00310576,2011-05-02,TMAX,222
USW00093765,2014-06-09,TMIN,233
USW00093765,2014-06-09,TMAX,278
USW00093719,2014-08-05,TMIN,228
USC00310576,2007-11-05,TMAX,206
USW00093765,2008-10-10,TMIN,200
USC00310576,2007-11-05,TMIN,33
USC00316676,2006-07-03,TMAX,317
USC00315830,2007-02-16,TMAX,56
USC00315830,2007-02-16,TMIN,-33
USC00316096,2010-09-24,TMAX,294
USC00316676,2006-07-03,TMIN,211
USW00093765,2008-10-10,TMAX,239
USR0000NNWB,2014-02-16,TMAX,122
USC00317170,2011-08-16,TMAX,333
USC00317170,2010-03-06,TMIN,22
USC00317170,2007-06-08,TMAX,344
USC00310576,2009-03-18,TMAX,111
USC00310576,2009-03-18,TMIN,61
USC00310576,2007-09-18,TMIN,133
USW00093743,2011-09-20,TMAX,267
USC00314689,2013-09-29,TMIN,133
USC00314689,2013-09-29,TMAX,244
USC00314689,2015-09-24,TMAX,244
USW00093719,2006-09-27,TMAX,256
USC00314689,2015-09-24,TMIN,172
USR0000NHOF,2012-12-02,TMIN,17
USC00315830,2006-04-30,TMAX,183
USC00317170,2007-06-08,TMIN,222
USW00093765,2013-01-01,TMAX,133
USC00315830,2006-04-30,TMIN,67
USW00093719,2008-05-31,TMAX,300
USW00093719,2006-09-27,TMIN,122
USW00093719,2005-02-25,TMIN,-11
USC00314684,2014-02-27,TMAX,50
USR0000NNWB,2010-10-31,TMAX,244
USC00317170,2010-03-06,TMAX,133
USR0000NCRN,2014-12-07,TMIN,61
USW00093719,2005-02-25,TMAX,39
USW00093765,2011-01-03,TMIN,-32
USW00093719,2010-12-25,TMAX,94
USW00093765,2011-01-03,TMAX,106
USW00093719,2010-12-25,TMIN,-56
USC00314684,2014-02-27,TMIN,-39
USW00013754,2005-01-27,TMAX,100
USC00314689,2008-03-06,TMIN,61
USW00093765,2014-12-26,TMIN,17
USC00315830,2015-08-02,TMIN,228
USC00315830,2015-08-02,TMAX,300
USW00013754,2008-08-06,TMAX,350
USW00013754,2008-08-06,TMIN,239
USW00093765,2014-12-26,TMAX,156
USC00314689,2008-03-06,TMAX,194
USW00093719,2008-05-31,TMIN,189
USW00093765,2013-01-17,TMIN,61
USW00093765,2013-01-17,TMAX,217
USC00316096,2013-07-21,TMIN,239
USC00310576,2014-01-18,TMIN,0
USC00314689,2014-02-27,TMIN,-28
USC00317170,2011-05-06,TMIN,83
USC00314689,2014-02-27,TMAX,122
USC00317170,2011-05-06,TMAX,256
USR0000NNWB,2013-02-15,TMAX,178
USC00310576,2014-01-18,TMAX,139
USR0000NNWB,2013-02-15,TMIN,-6
USC00314689,2008-05-06,TMIN,178
USC00314689,2008-05-06,TMAX,256
USC00316676,2010-05-15,TMIN,167
USC00315830,2012-01-26,TMIN,61
USR0000NHOF,2011-10-17,TMIN,150
USR0000NCRN,2015-12-12,TMAX,233
USR0000NCRN,2015-12-12,TMIN,122
USC00316676,2010-05-15,TMAX,328
USC00310576,2013-08-10,TMIN,244
USR0000NNWB,2007-03-25,TMAX,233
USC00316096,2013-07-21,TMAX,289
USW00013754,2007-06-25,TMAX,306
USW00013754,2006-12-14,TMAX,172
USW00013754,2009-08-07,TMAX,289
USW00093743,2010-07-16,TMAX,311
USW00093743,2010-07-16,TMIN,267
USC00314684,2009-05-18,TMIN,94
USC00314684,2009-05-18,TMAX,272
USR0000NNWB,2007-03-25,TMIN,78
USC00310356,2011-10-05,TMAX,217
USW00093765,2007-12-24,TMAX,156
USW00093765,2007-12-24,TMIN,61
USC00314684,2006-03-03,TMIN,50
USW00093765,2011-07-16,TMIN,228
USW00013754,2012-06-09,TMIN,150
USW00013754,2012-06-09,TMAX,306
USW00093765,2011-07-16,TMAX,300
USC00314684,2006-03-03,TMAX,261
USW00093719,2007-06-13,TMIN,178
USC00310576,2013-08-10,TMAX,328
USR0000NCRN,2011-11-04,TMAX,167
USR0000NNWB,2013-04-15,TMIN,161
USR0000NNWB,2013-04-15,TMAX,222
USR0000NHOF,2012-02-11,TMAX,94
USC00314689,2012-11-11,TMAX,239
USC00314689,2012-11-11,TMIN,33
USC00314144,2010-10-09,TMIN,50
USC00314144,2010-10-09,TMAX,267
USR0000NHOF,2010-07-16,TMAX,322
USC00316096,2014-02-27,TMIN,-11
USC00314144,2007-05-29,TMIN,122
USC00316096,2014-02-27,TMAX,117
USR0000NHOF,2011-10-17,TMAX,289
USR0000NHOF,2012-02-11,TMIN,-28
USR0000NHOF,2010-07-16,TMIN,250
USC00315830,2012-03-03,TMIN,122
USC00315830,2012-03-03,TMAX,194
USC00314144,2007-05-29,TMAX,317
USR0000NCRN,2011-11-04,TMIN,94
USW00093719,2007-06-13,TMAX,267
USW00093719,2006-10-16,TMAX,200
USW00093719,2010-03-25,TMIN,67
USW00093719,2010-03-25,TMAX,233
USC00310356,2007-03-08,TMIN,56
USC00314689,2013-07-21,TMAX,328
USW00093765,2010-08-22,TMIN,233
USC00314689,2013-07-21,TMIN,233
USW00093765,2010-08-22,TMAX,311
USC00315830,2005-11-26,TMIN,11
USC00310356,2009-04-12,TMIN,94
USC00310356,2009-04-12,TMAX,244
USC00315830,2005-11-26,TMAX,139
USW00093719,2009-03-11,TMIN,100
USC00314684,2015-09-06,TMAX,306
USW00093719,2009-03-11,TMAX,267
USW00093719,2006-10-16,TMIN,50
USC00310356,2007-03-08,TMAX,183
USC00314684,2015-09-06,TMIN,211
USW00093719,2013-02-15,TMAX,161
USW00093765,2013-01-01,TMIN,100
USW00093719,2013-02-15,TMIN,0
USC00310576,2006-04-07,TMIN,133
USW00093743,2013-03-30,TMIN,61
USC00314684,2009-01-19,TMIN,0
USC00314684,2009-01-19,TMAX,61
USC00310576,2006-04-07,TMAX,294
USC00314144,2007-06-04,TMAX,311
USC00316676,2011-07-01,TMAX,311
USC00310356,2015-11-28,TMAX,217
USC00316676,2011-07-01,TMIN,189
USC00310356,2015-11-28,TMIN,122
USR0000NHOF,2013-03-30,TMAX,167
USR0000NHOF,2013-03-30,TMIN,33
USW00013754,2005-06-14,TMAX,317
USW00093765,2012-08-11,TMAX,294
USR0000NNWB,2006-01-15,TMAX,100
USW00013754,2015-07-06,TMAX,317
USR0000NNWB,2006-01-15,TMIN,11
USW00013754,2015-07-06,TMIN,233
USW00093743,2013-03-30,TMAX,178
USW00093743,2012-02-13,TMAX,67
USC00316676,2012-11-15,TMIN,78
USC00316676,2012-11-15,TMAX,117
USW00093719,2011-08-31,TMAX,294
USC00310356,2011-10-17,TMIN,156
USC00310356,2011-10-17,TMAX,233
USR0000NHOF,2012-12-02,TMAX,194
USR0000NNWB,2006-10-16,TMIN,44
USC00314144,2007-06-04,TMIN,167
USC00317170,2015-08-15,TMIN,178
USW00013754,2005-09-16,TMIN,244
USC00314684,2011-06-10,TMAX,361
USR0000NNWB,2006-10-16,TMAX,217
USW00093719,2011-08-31,TMIN,183
USC00314689,2005-11-15,TMAX,261
USW00093765,2010-03-06,TMIN,6
USW00093765,2010-03-06,TMAX,122
USW00013754,2005-09-16,TMAX,306
USC00310356,2013-03-30,TMIN,39
USW00093765,2012-08-11,TMIN,239
USC00314689,2011-04-25,TMIN,189
USC00314144,2005-03-16,TMAX,83
USC00314144,2005-03-16,TMIN,-11
USR0000NNWB,2015-07-06,TMAX,328
USW00093719,2013-10-31,TMAX,256
USW00013754,2015-01-25,TMIN,6
USW00013754,2015-01-25,TMAX,128
USR0000NHOF,2009-11-23,TMAX,189
USC00310576,2012-09-03,TMAX,322
USR0000NHOF,2009-11-23,TMIN,122
USW00093719,2008-04-09,TMAX,172
USW00093719,2008-04-09,TMIN,100
USC00316676,2013-07-21,TMIN,222
USR0000NCRN,2011-05-01,TMAX,228
USR0000NNWB,2015-07-06,TMIN,239
USC00310356,2012-02-13,TMAX,44
USC00315830,2006-04-02,TMAX,228
USC00316676,2013-07-21,TMAX,317
USW00013754,2005-06-14,TMIN,239
USC00315830,2013-11-22,TMAX,239
USC00315830,2013-11-22,TMIN,133
USC00314689,2005-03-27,TMAX,167
USC00314689,2011-04-25,TMAX,300
USW00093719,2007-06-05,TMAX,322
USC00314689,2005-03-27,TMIN,100
USW00093765,2006-02-10,TMAX,100
USW00093743,2012-12-02,TMIN,28
USR0000NHOF,2015-11-28,TMAX,244
USC00310576,2012-09-03,TMIN,211
USR0000NHOF,2015-11-28,TMIN,78
USW00093719,2007-10-30,TMIN,44
USW00093719,2008-08-26,TMAX,294
USW00093719,2007-12-08,TMIN,22
USW00093719,2008-08-26,TMIN,217
USC00317170,2013-01-01,TMAX,133
USC00317170,2013-01-01,TMIN,72
USC00310356,2012-02-13,TMIN,-39
USW00093719,2007-10-30,TMAX,206
USC00310356,2013-03-30,TMAX,128
USC00316096,2010-06-24,TMIN,233
USW00093743,2012-02-13,TMIN,-38
USC00315830,2014-04-20,TMAX,133
USR0000NNWB,2009-08-23,TMAX,306
USC00315830,2014-04-20,TMIN,106
USW00093719,2007-11-01,TMIN,122
USC00317170,2008-01-14,TMIN,44
USW00093743,2011-09-20,TMIN,189
USC00317170,2008-01-14,TMAX,133
USC00315830,2013-11-16,TMIN,167
USC00316676,2007-12-31,TMAX,172
USC00314684,2011-06-10,TMIN,211
USW00093719,2007-06-05,TMIN,217
USC00315830,2010-02-27,TMAX,106
USC00315830,2010-02-27,TMIN,11
USC00310356,2012-07-25,TMAX,306
USC00310576,2005-08-18,TMIN,211
USC00310576,2005-08-18,TMAX,306
USC00316676,2007-12-31,TMIN,83
USC00310356,2012-07-25,TMIN,233
USR0000NCRN,2005-02-06,TMIN,22
USR0000NCRN,2012-03-09,TMIN,22
USC00316676,2013-09-20,TMAX,250
USC00316096,2013-09-29,TMIN,156
USC00316676,2013-09-20,TMIN,128
USR0000NCRN,2005-02-06,TMAX,178
USR0000NCRN,2014-06-28,TMAX,289
USW00013754,2011-08-08,TMAX,361
USW00013754,2011-08-08,TMIN,239
USR0000NNWB,2009-08-23,TMIN,211
USR0000NCRN,2014-06-28,TMIN,217
USR0000NNWB,2006-02-17,TMAX,228
USC00316096,2013-09-29,TMAX,244
USW00093719,2007-11-01,TMAX,261
USC00315830,2013-11-16,TMAX,250
USC00317170,2008-10-13,TMIN,156
USC00317170,2008-10-13,TMAX,261
USR0000NCRN,2012-03-09,TMAX,172
USR0000NNWB,2006-02-17,TMIN,94
USR0000NHOF,2012-02-13,TMIN,-72
USC00314144,2010-08-21,TMAX,311
USC00314144,2010-08-21,TMIN,172
USC00315830,2015-05-15,TMIN,106
USC00310356,2015-03-18,TMIN,56
USC00314689,2012-06-27,TMAX,283
USC00314689,2012-06-27,TMIN,133
USC00317170,2015-02-21,TMAX,144
USC00316096,2010-06-24,TMAX,333
USW00093743,2009-11-23,TMAX,200
USC00315830,2015-05-15,TMAX,217
USC00317170,2009-10-17,TMIN,94
USR0000NNWB,2015-01-25,TMAX,139
USW00093743,2009-11-23,TMIN,133
USW00093743,2012-07-25,TMAX,300
USW00093743,2012-07-25,TMIN,228
USC00317170,2009-10-17,TMAX,122
USC00316096,2014-05-18,TMIN,100
USC00316096,2014-05-18,TMAX,228
USR0000NNWB,2015-01-25,TMIN,-6
USC00310356,2009-11-23,TMIN,111
USC00310356,2009-11-23,TMAX,172
USC00314689,2005-11-15,TMIN,144
USC00317170,2007-10-16,TMAX,256
USC00314684,2015-08-20,TMAX,289
USC00310576,2009-08-31,TMAX,322
USR0000NHOF,2012-02-13,TMAX,100
USC00317170,2007-10-16,TMIN,106
USR0000NNWB,2006-12-02,TMAX,183
USR0000NNWB,2006-12-02,TMIN,72
USW00013754,2010-06-07,TMAX,289
USC00310576,2009-08-31,TMIN,228
USC00314684,2015-08-20,TMIN,217
USW00013754,2010-06-07,TMIN,183
USW00093719,2014-02-16,TMAX,128
USC00316676,2007-01-23,TMIN,22
USC00316676,2007-01-23,TMAX,72
USW00093719,2014-02-16,TMIN,-5
USC00317170,2015-02-21,TMIN,-100
USC00310356,2015-03-18,TMAX,217
USW00093765,2015-11-30,TMAX,178
USR0000NCRN,2011-05-01,TMIN,106
USW00093743,2009-04-12,TMAX,156
USW00093765,2015-11-30,TMIN,133
USC00314684,2012-03-21,TMIN,122
USW00013754,2005-01-25,TMAX,100
USW00093743,2008-06-18,TMIN,167
USC00316096,2012-11-11,TMIN,39
USC00310576,2012-01-20,TMAX,117
USC00315830,2009-06-01,TMAX,283
USC00315830,2009-06-01,TMIN,206
USC00314144,2007-11-30,TMAX,144
USW00093719,2013-01-01,TMAX,144
USW00093719,2013-01-01,TMIN,89
USC00314144,2010-04-28,TMAX,194
USC00314684,2012-03-21,TMAX,283
USC00315830,2015-11-06,TMAX,267
USC00314144,2010-04-28,TMIN,17
USC00316676,2011-05-16,TMAX,267
USC00310576,2011-04-23,TMAX,206
USW00093743,2008-06-18,TMAX,261
USC00314144,2008-12-26,TMIN,39
USC00316096,2012-11-11,TMAX,228
USC00314144,2007-11-30,TMIN,-17
USC00315830,2010-01-07,TMIN,-50
USW00013754,2009-02-04,TMAX,50
USW00013754,2009-02-04,TMIN,-21
USC00316676,2005-04-11,TMIN,28
USC00316676,2005-04-11,TMAX,228
USR0000NNWB,2010-04-14,TMIN,72
USR0000NNWB,2010-04-14,TMAX,167
USW00013754,2005-01-25,TMIN,22
USW00013754,2012-08-14,TMIN,217
USW00013754,2013-10-31,TMIN,111
USW00013754,2014-08-05,TMAX,300
USW00013754,2014-08-05,TMIN,222
USW00013754,2012-08-14,TMAX,322
USC00315830,2011-04-08,TMAX,222
USC00310576,2012-01-20,TMIN,11
USC00315830,2011-04-08,TMIN,133
USW00013754,2013-10-31,TMAX,233
USC00315830,2010-01-07,TMAX,56
USC00310576,2011-04-23,TMIN,128
USR0000NCRN,2015-03-04,TMAX,172
USC00315830,2015-11-13,TMIN,117
USW00093743,2012-04-30,TMAX,239
USW00093743,2012-04-30,TMIN,122
USC00315830,2011-10-29,TMAX,161
USW00093719,2005-06-20,TMAX,250
USC00315830,2011-10-29,TMIN,106
USC00317170,2010-09-13,TMAX,278
USC00310576,2011-03-10,TMAX,183
USW00013754,2008-05-31,TMAX,283
USW00013754,2008-05-31,TMIN,189
USC00315830,2009-03-21,TMIN,33
USC00315830,2009-03-21,TMAX,194
USC00314689,2007-07-02,TMIN,161
USW00093719,2008-02-22,TMIN,17
USR0000NCRN,2005-05-21,TMAX,211
USW00093719,2008-02-22,TMAX,89
USC00317170,2010-09-13,TMIN,183
USC00314684,2008-11-09,TMAX,217
USC00317170,2009-01-11,TMIN,89
USR0000NNWB,2011-08-31,TMIN,183
USC00314684,2008-11-09,TMIN,22
USC00314144,2008-12-26,TMAX,178
USC00317170,2013-04-15,TMIN,156
USC00317170,2013-04-15,TMAX,239
USR0000NNWB,2009-08-07,TMIN,200
USC00314684,2010-12-30,TMIN,-72
USR0000NNWB,2009-08-07,TMAX,306
USC00317170,2009-01-11,TMAX,161
USC00314684,2010-12-30,TMAX,56
USW00093719,2005-06-20,TMIN,161
USW00093765,2013-07-21,TMAX,283
USW00093765,2013-07-21,TMIN,239
USC00310356,2012-04-30,TMAX,217
USC00310356,2012-04-30,TMIN,144
USC00315830,2015-11-13,TMAX,217
USR0000NNWB,2011-08-31,TMAX,306
USR0000NCRN,2015-03-04,TMIN,128
USR0000NHOF,2012-04-30,TMAX,250
USC00310576,2011-09-12,TMAX,311
USC00310576,2011-09-12,TMIN,167
USC00310356,2007-05-12,TMIN,194
USC00310356,2007-05-12,TMAX,244
USC00315830,2007-04-06,TMIN,44
USR0000NNWB,2006-09-27,TMAX,267
USC00315830,2007-04-06,TMAX,194
USR0000NHOF,2006-05-11,TMIN,117
USR0000NHOF,2006-05-11,TMAX,256
USC00317170,2014-12-26,TMAX,156
USR0000NNWB,2006-09-27,TMIN,133
USR0000NHOF,2011-11-04,TMIN,106
USC00316096,2009-11-25,TMAX,133
USR0000NHOF,2011-11-04,TMAX,161
USC00310576,2008-11-04,TMAX,200
USC00315830,2009-07-17,TMAX,300
USC00315830,2009-07-17,TMIN,239
USC00310576,2008-11-04,TMIN,156
USC00316096,2009-11-25,TMIN,106
USW00093743,2011-02-23,TMIN,11
USC00314684,2013-04-15,TMAX,267
USR0000NHOF,2008-03-27,TMIN,106
USC00315830,2015-07-06,TMAX,300
USC00315830,2015-07-06,TMIN,250
USC00310576,2005-07-13,TMIN,222
USW00093719,2013-07-21,TMIN,239
USC00310576,2005-07-13,TMAX,283
USW00093743,2014-05-15,TMAX,272
USC00310356,2007-07-21,TMIN,194
USC00314684,2013-04-15,TMIN,150
USC00310356,2007-07-21,TMAX,300
USW00093743,2014-05-15,TMIN,228
USC00317170,2014-12-26,TMIN,0
USC00317170,2015-09-13,TMAX,256
USC00317170,2015-09-13,TMIN,211
USW00093719,2012-06-09,TMIN,161
USR0000NHOF,2008-03-27,TMAX,228
USW00093719,2012-06-09,TMAX,317
USR0000NHOF,2010-10-22,TMIN,22
USR0000NHOF,2014-05-15,TMIN,178
USW00093743,2011-02-23,TMAX,133
USC00314689,2006-11-09,TMAX,233
USR0000NNWB,2007-03-19,TMAX,161
USC00315830,2013-11-03,TMAX,200
USC00316676,2009-05-27,TMAX,278
USC00316676,2009-05-27,TMIN,189
USC00315830,2012-06-04,TMAX,278
USW00093719,2012-08-11,TMAX,294
USC00310356,2011-11-04,TMIN,100
USR0000NCRN,2015-01-22,TMIN,17
USC00310356,2011-02-23,TMIN,22
USW00093719,2012-08-11,TMIN,222
USC00310356,2011-11-04,TMAX,178
USR0000NNWB,2007-03-19,TMIN,-28
USR0000NHOF,2014-05-15,TMAX,283
USW00013754,2007-04-12,TMAX,267
USC00315830,2015-11-06,TMIN,178
USC00310356,2011-02-23,TMAX,83
USC00315830,2012-06-04,TMIN,228
USR0000NCRN,2007-05-30,TMIN,156
USR0000NCRN,2015-01-22,TMAX,156
USR0000NHOF,2008-06-18,TMAX,294
USC00310356,2006-05-11,TMIN,156
USC00315830,2013-11-03,TMIN,122
USC00314689,2006-11-09,TMIN,133
USC00310356,2006-05-11,TMAX,206
USC00316676,2008-09-13,TMIN,217
USC00316676,2008-09-13,TMAX,317
USC00314684,2013-01-06,TMIN,-33
USR0000NCRN,2013-02-23,TMAX,167
USC00310576,2008-02-03,TMAX,167
USR0000NCRN,2007-05-30,TMAX,306
USW00093719,2010-12-11,TMAX,139
USW00093719,2010-12-11,TMIN,11
USC00314684,2013-01-06,TMAX,106
USR0000NHOF,2008-06-18,TMIN,128
USW00013754,2007-04-12,TMIN,139
USR0000NCRN,2013-02-23,TMIN,83
USC00310576,2008-02-03,TMIN,22
USR0000NHOF,2012-04-30,TMIN,111
USR0000NCRN,2005-05-21,TMIN,106
USC00314689,2011-01-08,TMIN,-22
USC00314684,2010-11-07,TMAX,111
USC00310356,2011-01-30,TMAX,100
USW00013754,2013-02-15,TMAX,150
USC00315830,2012-07-10,TMIN,244
USC00315830,2012-07-10,TMAX,311
USC00314684,2010-08-26,TMIN,178
USW00013754,2013-02-15,TMIN,6
USC00314684,2010-11-07,TMIN,6
USW00093719,2009-04-08,TMAX,156
USC00314684,2010-08-26,TMAX,272
USW00013754,2010-04-14,TMAX,161
USW00093765,2015-09-15,TMIN,122
USW00093719,2009-04-08,TMIN,22
USW00093765,2005-12-07,TMAX,89
USW00093765,2005-12-07,TMIN,-28
USC00316096,2012-06-27,TMAX,283
USW00013754,2010-04-14,TMIN,94
USW00093719,2006-01-15,TMIN,11
USC00315830,2006-01-09,TMIN,17
USW00093743,2012-02-11,TMIN,-21
USC00317170,2010-09-17,TMAX,317
USW00093765,2010-06-25,TMIN,267
USR0000NCRN,2014-11-24,TMIN,178
USW00093765,2010-06-25,TMAX,317
USR0000NCRN,2014-11-24,TMAX,211
USR0000NNWB,2008-05-31,TMAX,311
USR0000NNWB,2008-05-31,TMIN,200
USC00315830,2006-01-09,TMAX,161
USC00314684,2011-03-27,TMIN,33
USR0000NNWB,2008-07-16,TMAX,322
USC00310576,2014-04-28,TMIN,139
USC00310576,2014-04-28,TMAX,244
USC00316096,2015-01-14,TMIN,11
USC00314689,2008-04-13,TMIN,150
USC00310356,2011-01-30,TMIN,17
USW00093743,2012-02-11,TMAX,117
USC00317170,2010-09-17,TMIN,211
USR0000NCRN,2006-05-11,TMAX,244
USC00310356,2005-03-08,TMIN,94
USW00093765,2015-09-15,TMAX,256
USW00093719,2013-04-15,TMAX,222
USC00315830,2008-01-17,TMAX,150
USC00315830,2012-01-26,TMAX,194
USC00315830,2008-01-17,TMIN,33
USC00314144,2008-08-27,TMIN,172
USW00013754,2014-02-16,TMIN,6
USC00310576,2006-07-13,TMIN,244
USW00093719,2013-04-15,TMIN,161
USC00314144,2008-08-27,TMAX,272
USW00093765,2008-02-21,TMAX,139
USW00093765,2008-02-21,TMIN,28
USC00316096,2015-01-14,TMAX,44
USC00310356,2011-10-05,TMIN,111
USW00013754,2007-06-25,TMIN,206
USC00310356,2005-03-08,TMAX,144
USW00093743,2009-04-12,TMIN,56
USC00310576,2006-07-13,TMAX,322
USC00310576,2011-12-03,TMAX,172
USR0000NCRN,2006-08-02,TMIN,256
USW00013754,2006-12-14,TMIN,117
USC00314684,2013-07-21,TMAX,328
USC00310356,2010-07-16,TMAX,289
USC00310356,2010-07-16,TMIN,256
USC00310576,2011-12-03,TMIN,0
USC00314684,2013-07-21,TMIN,222
USC00310356,2005-02-12,TMIN,6
USC00310356,2005-02-12,TMAX,89
USC00316096,2015-09-24,TMIN,200
USW00093719,2006-01-15,TMAX,94
USW00013754,2014-02-16,TMAX,122
USC00316096,2015-09-24,TMAX,239
USR0000NCRN,2014-08-12,TMAX,306
USC00315830,2012-05-11,TMIN,122
USC00316096,2012-06-27,TMIN,128
USC00315830,2012-05-11,TMAX,250
USR0000NCRN,2006-08-02,TMAX,339
USR0000NCRN,2014-08-12,TMIN,228
USR0000NCRN,2006-05-11,TMIN,161
USC00314684,2011-03-27,TMAX,117
USR0000NNWB,2008-07-16,TMIN,200
USC00314144,2007-10-20,TMAX,267
USW00093719,2014-12-20,TMIN,11
USC00314684,2009-08-21,TMAX,328
USC00314144,2007-10-20,TMIN,72
USC00315830,2005-06-26,TMAX,294
USW00013754,2008-09-28,TMIN,178
USC00316676,2015-05-23,TMIN,106
USC00310576,2011-03-10,TMIN,56
USC00316676,2015-05-23,TMAX,228
USR0000NHOF,2011-10-05,TMIN,56
USC00314684,2015-01-03,TMAX,133
USC00315830,2005-06-26,TMIN,211
USC00316676,2014-09-10,TMIN,217
USR0000NHOF,2011-10-05,TMAX,239
USC00316676,2009-09-10,TMAX,261
USC00314684,2015-01-03,TMIN,78
USC00316676,2014-09-10,TMAX,261
USC00317170,2014-05-31,TMAX,278
USC00315830,2012-07-31,TMIN,228
USR0000NNWB,2008-03-19,TMAX,250
USC00316676,2009-09-10,TMIN,178
USC00315830,2012-07-31,TMAX,306
USC00314689,2011-01-08,TMAX,67
USR0000NNWB,2007-09-25,TMAX,300
USC00310576,2009-04-27,TMAX,311
USR0000NNWB,2007-09-25,TMIN,139
USC00314689,2007-07-02,TMAX,283
USR0000NNWB,2008-03-19,TMIN,128
USC00310576,2008-01-13,TMIN,94
USC00310356,2008-06-18,TMAX,306
USC00310576,2008-01-13,TMAX,156
USC00310576,2009-04-27,TMIN,139
USC00317170,2013-07-21,TMAX,306
USC00317170,2013-07-21,TMIN,228
USW00093765,2013-04-15,TMIN,161
USW00093765,2013-04-15,TMAX,217
USC00310356,2008-06-18,TMIN,228
USW00013754,2008-09-28,TMAX,278
USC00310576,2013-12-18,TMAX,178
USC00317170,2014-06-09,TMIN,178
USW00013754,2005-04-07,TMAX,239
USC00316676,2010-01-15,TMIN,-50
USC00316676,2010-01-15,TMAX,122
USW00013754,2005-04-07,TMIN,161
USC00310356,2012-02-11,TMIN,56
USC00310576,2012-10-14,TMAX,206
USC00310576,2012-10-14,TMIN,89
USC00316676,2009-06-24,TMAX,294
USR0000NCRN,2011-05-09,TMAX,250
USC00310576,2010-03-22,TMAX,233
USW00093719,2015-01-25,TMIN,6
USW00093719,2015-01-25,TMAX,139
USC00310576,2010-03-22,TMIN,72
USR0000NCRN,2008-03-03,TMAX,300
USR0000NHOF,2009-04-12,TMIN,17
USR0000NHOF,2009-04-12,TMAX,178
USR0000NCRN,2008-03-03,TMIN,22
USC00310576,2010-07-29,TMIN,211
USC00316676,2009-06-24,TMIN,178
USC00310576,2010-07-29,TMAX,328
USC00310576,2013-12-18,TMIN,33
USC00317170,2014-06-09,TMAX,289
USC00314684,2009-08-21,TMIN,228
USR0000NNWB,2014-08-05,TMAX,317
USR0000NNWB,2014-08-05,TMIN,222
USR0000NCRN,2011-05-09,TMIN,94
USC00317170,2014-05-31,TMIN,139
USW00093719,2014-12-20,TMAX,67
USC00310576,2011-02-03,TMIN,67
USC00315830,2011-08-14,TMAX,306
USC00315830,2011-08-14,TMIN,256
USW00093719,2006-11-13,TMIN,100
USW00093719,2006-11-13,TMAX,156
USR0000NNWB,2012-06-09,TMIN,156
USC00310576,2011-02-03,TMAX,211
USR0000NNWB,2012-06-09,TMAX,328
USC00310356,2012-02-11,TMAX,122
USW00013754,2009-08-07,TMIN,206
USR0000NHOF,2011-09-20,TMAX,239
USR0000NHOF,2011-09-20,TMIN,144
USC00316676,2014-07-13,TMIN,194
USW00093719,2014-06-09,TMIN,200
USW00093719,2014-06-09,TMAX,300
USW00093765,2006-02-15,TMAX,144
USW00093765,2006-02-15,TMIN,44
USR0000NCRN,2009-04-12,TMIN,44
USC00314684,2013-02-15,TMAX,106
USR0000NCRN,2009-04-12,TMAX,167
USW00093719,2010-03-06,TMAX,117
USW00013754,2010-01-07,TMAX,72
USW00093719,2010-06-07,TMAX,283
USC00314689,2010-09-24,TMAX,350
USW00093719,2010-06-07,TMIN,200
USW00013754,2010-01-07,TMIN,-55
USR0000NNWB,2007-09-14,TMAX,294
USR0000NCRN,2005-05-06,TMAX,128
USC00317170,2015-07-06,TMAX,311
USC00314684,2013-02-15,TMIN,-17
USC00317170,2015-07-06,TMIN,233
USW00093719,2010-03-06,TMIN,-11
USW00093765,2014-09-24,TMAX,261
USC00310356,2013-07-22,TMAX,278
USC00317170,2009-04-08,TMAX,172
USC00317170,2009-04-08,TMIN,39
USC00310356,2013-07-22,TMIN,239
USR0000NHOF,2009-03-10,TMIN,61
USW00093743,2013-07-22,TMAX,300
USC00310576,2008-03-28,TMIN,106
USC00314689,2011-09-03,TMIN,189
USW00093743,2013-07-22,TMIN,244
USC00314144,2009-10-13,TMAX,244
USC00310576,2006-08-06,TMAX,306
USC00310576,2008-03-28,TMAX,233
USC00314144,2009-10-13,TMIN,111
USW00093765,2005-09-16,TMAX,311
USW00093765,2005-09-16,TMIN,239
USW00093765,2014-09-24,TMIN,183
USC00310576,2006-08-06,TMIN,233
USR0000NHOF,2009-03-10,TMAX,194
USC00314689,2010-09-24,TMIN,211
USC00310576,2012-05-11,TMIN,89
USW00013754,2007-12-04,TMAX,94
USR0000NHOF,2012-01-29,TMIN,-33
USC00314689,2011-09-03,TMAX,294
USW00013754,2007-12-04,TMIN,17
USR0000NHOF,2012-01-29,TMAX,128
USW00013754,2014-04-20,TMAX,133
USW00013754,2014-04-20,TMIN,100
USC00310576,2005-05-23,TMAX,283
USC00314689,2005-04-11,TMIN,56
USC00317170,2008-05-06,TMAX,256
USC00314689,2005-04-11,TMAX,250
USR0000NCRN,2005-02-12,TMIN,-33
USR0000NCRN,2005-02-12,TMAX,161
USC00310576,2015-03-14,TMAX,167
USR0000NHOF,2013-04-15,TMIN,144
USW00013754,2010-02-27,TMAX,106
USC00317170,2008-05-06,TMIN,144
USC00310576,2012-03-18,TMAX,256
USW00093765,2011-08-31,TMIN,178
USW00093719,2009-07-17,TMIN,211
USR0000NNWB,2006-01-09,TMAX,217
USR0000NCRN,2005-05-06,TMIN,83
USC00310576,2005-10-14,TMIN,161
USW00093743,2007-12-11,TMAX,244
USW00093743,2007-12-11,TMIN,100
USR0000NNWB,2006-01-09,TMIN,106
USC00310576,2012-05-11,TMAX,239
USW00093765,2011-08-31,TMAX,294
USC00310576,2012-03-18,TMIN,139
USC00310576,2005-05-23,TMIN,178
USW00093719,2010-11-11,TMIN,61
USC00316676,2007-04-18,TMAX,211
USC00316676,2007-04-18,TMIN,67
USR0000NHOF,2007-10-22,TMIN,117
USR0000NHOF,2007-10-22,TMAX,261
USW00093719,2009-07-17,TMAX,322
USC00310576,2005-10-14,TMAX,206
USW00013754,2010-02-27,TMIN,-32
USR0000NNWB,2011-08-08,TMIN,244
USC00314689,2007-07-18,TMIN,222
USC00315830,2010-12-26,TMAX,94
USC00310356,2007-12-11,TMAX,200
USW00013754,2007-03-05,TMIN,-10
USC00314684,2006-12-03,TMIN,28
USC00314684,2006-12-03,TMAX,156
USC00310356,2007-12-11,TMIN,44
USR0000NHOF,2007-10-26,TMIN,211
USR0000NNWB,2014-02-27,TMAX,144
USW00093743,2011-12-19,TMAX,133
USC00317170,2008-05-31,TMAX,317
USC00317170,2008-05-31,TMIN,194
USR0000NHOF,2014-06-07,TMAX,306
USC00316676,2005-07-27,TMAX,344
USC00315830,2007-11-08,TMIN,39
USW00093743,2011-12-19,TMIN,-32
USC00314684,2008-08-18,TMIN,178
USC00315830,2007-11-08,TMAX,133
USC00314684,2008-08-18,TMAX,283
USR0000NNWB,2014-02-27,TMIN,-22
USR0000NHOF,2007-12-15,TMIN,89
USR0000NHOF,2015-12-12,TMIN,100
USW00093765,2012-03-21,TMAX,233
USC00310576,2013-03-30,TMIN,0
USR0000NCRN,2014-09-11,TMAX,289
USC00310576,2013-04-15,TMIN,67
USC00310576,2013-04-15,TMAX,261
USC00310576,2005-02-23,TMAX,128
USC00317170,2013-01-17,TMIN,67
USC00310576,2005-02-23,TMIN,22
USR0000NNWB,2008-08-12,TMAX,317
USC00310356,2012-12-11,TMAX,200
USR0000NNWB,2008-08-12,TMIN,144
USC00317170,2013-01-17,TMAX,161
USC00315830,2015-04-23,TMAX,222
USR0000NHOF,2007-12-15,TMAX,122
USC00315830,2015-04-23,TMIN,161
USR0000NCRN,2014-09-11,TMIN,200
USR0000NNWB,2011-08-08,TMAX,367
USC00316676,2007-07-05,TMAX,317
USW00013754,2008-11-22,TMIN,-38
USW00093765,2015-07-06,TMIN,250
USC00310356,2006-07-13,TMIN,217
USC00314684,2015-05-23,TMIN,89
USC00316676,2015-02-16,TMAX,0
USC00316676,2015-02-16,TMIN,-61
USW00013754,2014-02-27,TMIN,-10
USW00013754,2014-02-27,TMAX,133
USW00093765,2015-07-06,TMAX,294
USC00310356,2006-07-13,TMAX,294
USR0000NCRN,2006-07-04,TMAX,311
USR0000NCRN,2006-07-04,TMIN,217
USC00310576,2008-04-23,TMIN,150
USC00317170,2014-02-16,TMAX,122
USC00317170,2014-02-16,TMIN,-11
USC00310576,2008-04-23,TMAX,222
USC00314689,2007-07-18,TMAX,328
USC00314684,2015-05-23,TMAX,228
USW00013754,2008-11-22,TMAX,61
USC00315830,2010-05-05,TMIN,183
USC00315830,2009-12-16,TMIN,72
USC00316676,2007-07-05,TMIN,172
USC00316676,2005-07-27,TMIN,239
USR0000NHOF,2014-06-07,TMIN,144
USW00013754,2015-10-18,TMAX,150
USW00013754,2015-10-18,TMIN,56
USW00013754,2008-07-16,TMIN,222
USC00314684,2010-01-15,TMIN,-61
USC00315830,2010-05-05,TMAX,256
USC00314684,2010-01-15,TMAX,111
USC00314684,2013-01-01,TMIN,-50
USC00317170,2014-09-24,TMIN,150
USC00317170,2014-09-24,TMAX,233
USW00013754,2008-07-16,TMAX,300
USR0000NNWB,2007-09-14,TMIN,222
USR0000NHOF,2007-10-26,TMAX,228
USC00315830,2009-12-16,TMAX,167
USC00314684,2013-01-01,TMAX,117
USR0000NHOF,2012-09-03,TMIN,217
USR0000NHOF,2013-04-15,TMAX,189
USR0000NHOF,2012-09-03,TMAX,294
USC00317170,2015-05-23,TMIN,89
USC00315830,2005-01-09,TMAX,194
USC00315830,2005-01-09,TMIN,78
USC00317170,2015-05-23,TMAX,283
USC00317170,2010-11-30,TMIN,72
USC00310576,2015-01-13,TMAX,178
USW00013754,2012-10-14,TMAX,272
USC00314689,2013-02-15,TMIN,0
USC00315830,2014-01-18,TMIN,39
USR0000NCRN,2011-01-19,TMIN,61
USR0000NHOF,2007-12-11,TMIN,94
USC00310576,2010-10-22,TMAX,256
USC00310356,2012-01-29,TMIN,72
USC00310576,2010-10-22,TMIN,89
USC00310356,2012-01-29,TMAX,150
USR0000NCRN,2011-01-19,TMAX,128
USW00013754,2012-10-14,TMIN,117
USC00314144,2007-05-30,TMIN,111
USC00314689,2013-02-15,TMAX,167
USC00314684,2009-02-15,TMAX,122
USC00317170,2010-01-15,TMAX,167
USW00013754,2008-10-31,TMAX,167
USW00093765,2011-05-27,TMIN,233
USC00317170,2008-09-01,TMAX,300
USC00317170,2008-09-01,TMIN,211
USC00314684,2007-08-14,TMIN,189
USR0000NCRN,2012-07-27,TMIN,261
USR0000NHOF,2007-12-11,TMAX,261
USC00314684,2009-02-15,TMIN,28
USC00310356,2006-07-04,TMAX,300
USC00310356,2006-07-04,TMIN,228
USC00314144,2006-03-07,TMAX,128
USC00310576,2006-11-23,TMIN,72
USC00310576,2006-11-23,TMAX,128
USW00093719,2011-10-14,TMAX,250
USW00093719,2011-10-14,TMIN,144
USC00314144,2006-03-07,TMIN,6
USC00317170,2010-01-15,TMIN,-6
USR0000NCRN,2012-07-27,TMAX,328
USW00013754,2012-04-30,TMAX,256
USR0000NCRN,2010-08-21,TMAX,311
USR0000NCRN,2010-08-21,TMIN,211
USR0000NCRN,2013-04-15,TMIN,150
USW00093743,2012-10-23,TMAX,228
USW00093719,2011-07-16,TMIN,172
USR0000NCRN,2013-04-15,TMAX,211
USW00093719,2011-07-16,TMAX,300
USC00310356,2014-09-11,TMIN,217
USR0000NCRN,2014-04-28,TMIN,133
USC00316096,2013-01-01,TMAX,144
USC00316096,2013-01-01,TMIN,83
USW00093719,2008-08-06,TMAX,356
USW00093719,2008-08-06,TMIN,244
USW00013754,2013-09-29,TMIN,167
USR0000NCRN,2014-04-28,TMAX,256
USR0000NNWB,2014-09-24,TMIN,156
USW00093719,2011-03-23,TMAX,306
USC00314684,2005-10-10,TMAX,228
USC00310356,2014-09-11,TMAX,294
USC00310576,2008-04-01,TMIN,150
USW00013754,2012-04-30,TMIN,117
USC00317170,2009-05-18,TMIN,106
USC00310576,2008-04-01,TMAX,206
USC00314144,2007-05-30,TMAX,289
USC00317170,2009-05-18,TMAX,156
USC00314689,2007-01-23,TMIN,39
USC00314689,2007-01-23,TMAX,94
USW00093719,2011-03-23,TMIN,106
USC00314684,2005-10-10,TMIN,178
USR0000NNWB,2008-11-22,TMIN,-56
USW00013754,2008-10-31,TMIN,-10
USR0000NHOF,2006-07-04,TMAX,317
USR0000NHOF,2006-07-04,TMIN,211
USC00310576,2015-01-13,TMIN,72
USC00315830,2012-06-09,TMIN,150
USC00315830,2012-06-09,TMAX,289
USR0000NNWB,2008-11-22,TMAX,67
USW00093743,2012-01-29,TMAX,133
USC00315830,2014-01-18,TMAX,139
USC00314144,2007-07-21,TMAX,261
USC00314144,2010-04-24,TMIN,106
USC00314689,2006-08-31,TMIN,228
USC00314689,2006-08-31,TMAX,300
USC00314689,2011-07-14,TMAX,361
USC00314689,2013-12-21,TMIN,183
USW00093719,2013-09-29,TMIN,156
USW00093719,2013-09-29,TMAX,261
USC00314144,2010-04-24,TMAX,233
USC00314684,2009-05-16,TMAX,272
USR0000NNWB,2015-10-18,TMAX,150
USR0000NNWB,2015-10-18,TMIN,44
USC00314684,2009-05-16,TMIN,189
USW00013754,2009-12-02,TMIN,72
USR0000NHOF,2011-12-19,TMIN,-56
USR0000NNWB,2014-04-20,TMAX,133
USR0000NNWB,2014-04-20,TMIN,100
USC00314689,2011-07-14,TMIN,228
USC00316096,2010-06-17,TMIN,222
USC00314684,2014-08-05,TMIN,217
USC00310356,2012-09-03,TMAX,300
USW00093743,2013-04-15,TMIN,156
USW00093743,2013-04-15,TMAX,206
USC00314684,2015-09-13,TMAX,300
USC00314684,2015-09-13,TMIN,189
USC00310356,2013-04-15,TMIN,72
USC00310356,2013-04-15,TMAX,228
USW00093743,2012-09-03,TMIN,239
USW00013754,2006-12-12,TMIN,-5
USW00093743,2012-09-03,TMAX,283
USC00314689,2011-09-10,TMIN,183
USR0000NHOF,2011-12-19,TMAX,139
USC00310576,2012-01-14,TMIN,0
USC00310576,2015-03-14,TMIN,61
USW00013754,2006-12-12,TMAX,178
USC00310356,2012-09-03,TMIN,250
USC00314684,2014-08-05,TMAX,256
USC00314689,2011-09-10,TMAX,311
USW00013754,2009-12-02,TMAX,228
USC00316096,2010-06-17,TMAX,339
USC00317170,2014-05-18,TMIN,106
USW00093719,2014-09-24,TMIN,167
USW00093719,2014-09-24,TMAX,250
USW00013754,2008-09-10,TMAX,278
USC00314144,2007-07-21,TMIN,133
USW00013754,2008-09-10,TMIN,217
USR0000NCRN,2007-08-03,TMIN,211
USR0000NCRN,2007-08-03,TMAX,306
USR0000NNWB,2011-04-10,TMAX,233
USC00315830,2011-12-03,TMAX,161
USC00315830,2011-12-03,TMIN,17
USC00316096,2010-10-24,TMAX,244
USC00317170,2010-11-30,TMAX,233
USW00093719,2007-07-13,TMAX,306
USR0000NNWB,2010-01-07,TMAX,78
USR0000NNWB,2010-01-07,TMIN,-61
USW00093743,2012-01-29,TMIN,0
USC00316096,2010-10-24,TMIN,67
USC00316096,2013-02-15,TMIN,0
USC00316096,2013-02-15,TMAX,150
USC00314684,2007-08-14,TMAX,333
USC00310356,2006-08-02,TMAX,289
USC00310356,2006-08-02,TMIN,194
USR0000NHOF,2011-09-21,TMIN,200
USC00314689,2013-12-21,TMAX,267
USR0000NHOF,2011-09-21,TMAX,283
USC00315830,2015-10-21,TMIN,67
USW00093719,2007-07-13,TMIN,211
USW00093765,2011-05-27,TMAX,289
USC00315830,2015-10-21,TMAX,206
USC00317170,2014-05-18,TMAX,228
USC00316676,2010-09-14,TMIN,144
USR0000NNWB,2011-04-10,TMIN,128
USC00316676,2010-09-14,TMAX,267
USR0000NNWB,2010-02-27,TMAX,117
USW00093719,2010-11-11,TMAX,167
USR0000NNWB,2010-02-27,TMIN,-6
USC00310576,2012-01-14,TMAX,89
USW00093765,2012-03-21,TMIN,156
USR0000NHOF,2015-12-12,TMAX,261
USC00310356,2012-12-11,TMIN,156
USR0000NCRN,2013-07-22,TMIN,244
USR0000NCRN,2007-05-12,TMIN,167
USR0000NCRN,2007-05-12,TMAX,289
USW00093765,2008-09-01,TMAX,300
USW00093765,2008-09-01,TMIN,189
USC00314684,2009-11-25,TMIN,100
USC00314684,2009-11-25,TMAX,133
USC00317170,2015-03-19,TMIN,50
USR0000NHOF,2015-03-18,TMIN,61
USC00314689,2014-09-24,TMIN,144
USW00093719,2015-08-14,TMAX,306
USC00317170,2015-03-19,TMAX,139
USC00315830,2005-06-19,TMAX,278
USC00315830,2005-06-19,TMIN,200
USC00314689,2006-03-03,TMAX,250
USC00315830,2012-10-14,TMAX,267
USW00013754,2007-03-25,TMIN,89
USC00314689,2014-09-24,TMAX,206
USW00093719,2015-08-14,TMIN,206
USR0000NHOF,2014-11-18,TMIN,-50
USC00314689,2005-05-10,TMIN,100
USC00310576,2012-02-28,TMAX,172
USR0000NHOF,2015-03-18,TMAX,178
USC00310356,2009-12-20,TMIN,0
USW00093765,2007-12-29,TMIN,161
USW00093765,2007-12-29,TMAX,211
USC00310356,2009-12-20,TMAX,67
USR0000NCRN,2013-08-10,TMIN,233
USC00314689,2005-05-10,TMAX,283
USC00314684,2014-05-18,TMIN,111
USC00314144,2005-05-31,TMIN,106
USR0000NCRN,2013-08-10,TMAX,311
USC00310576,2012-02-29,TMAX,178
USR0000NNWB,2008-08-16,TMAX,300
USR0000NNWB,2008-08-16,TMIN,206
USC00310576,2012-02-28,TMIN,56
USC00314684,2014-05-18,TMAX,222
USR0000NHOF,2014-11-18,TMAX,128
USW00093765,2014-08-05,TMIN,228
USC00314689,2006-03-03,TMIN,61
USC00315830,2012-10-14,TMIN,133
USW00093719,2015-07-06,TMAX,317
USC00310576,2009-09-21,TMAX,267
USC00316676,2013-12-30,TMAX,217
USW00093719,2015-07-06,TMIN,244
USC00317170,2013-02-15,TMIN,0
USC00314144,2008-09-27,TMAX,272
USC00314144,2008-09-27,TMIN,156
USC00316676,2013-12-30,TMIN,50
USC00310576,2007-08-17,TMIN,250
USR0000NNWB,2006-11-13,TMIN,111
USC00317170,2014-08-05,TMAX,306
USC00317170,2014-08-05,TMIN,222
USR0000NNWB,2009-12-02,TMIN,72
USR0000NNWB,2006-11-13,TMAX,156
USC00316096,2014-09-24,TMIN,161
USC00316096,2014-09-24,TMAX,250
USW00013754,2007-03-25,TMAX,206
USC00310576,2012-02-29,TMIN,56
USC00310576,2008-12-28,TMIN,117
USC00316676,2010-05-19,TMAX,217
USW00093765,2011-08-16,TMIN,222
USC00315830,2011-12-21,TMIN,111
USC00315830,2011-12-21,TMAX,211
USW00093765,2011-08-16,TMAX,306
USW00093765,2014-02-27,TMIN,11
USW00093765,2014-02-27,TMAX,106
USC00314689,2010-10-24,TMIN,94
USC00310576,2008-12-28,TMAX,222
USC00317170,2013-02-15,TMAX,167
USC00310356,2012-12-02,TMIN,72
USC00310576,2007-08-17,TMAX,328
USC00310356,2012-12-02,TMAX,167
USC00316676,2010-05-19,TMIN,167
USC00317170,2007-12-24,TMAX,178
USC00310576,2009-09-21,TMIN,156
USC00317170,2007-12-24,TMIN,50
USC00314689,2010-10-24,TMAX,256
USW00093765,2014-08-05,TMAX,294
USC00310576,2010-07-07,TMIN,183
USR0000NCRN,2006-03-07,TMAX,133
USW00093765,2006-01-31,TMAX,128
USR0000NHOF,2012-07-25,TMAX,322
USC00317170,2014-02-27,TMIN,-17
USC00316096,2011-09-10,TMAX,300
USC00315830,2011-03-28,TMIN,28
USC00317170,2014-02-27,TMAX,150
USR0000NNWB,2008-08-06,TMAX,361
USC00316676,2014-07-13,TMAX,311
USR0000NNWB,2008-08-06,TMIN,256
USC00314684,2007-10-29,TMIN,61
USR0000NNWB,2010-06-07,TMAX,294
USR0000NNWB,2010-06-07,TMIN,211
USC00317170,2013-01-06,TMIN,22
USC00317170,2013-01-06,TMAX,89
USC00315830,2011-03-28,TMAX,67
USC00317170,2011-12-29,TMAX,150
USC00316096,2011-09-10,TMIN,161
USC00317170,2011-12-29,TMIN,-22
USC00314144,2009-06-17,TMAX,256
USW00093765,2006-01-31,TMIN,61
USC00315830,2006-04-02,TMIN,133
USW00093743,2012-12-02,TMAX,172
USC00314684,2013-09-29,TMIN,128
USC00310356,2013-08-10,TMIN,261
USC00314684,2013-09-29,TMAX,244
USC00310356,2013-08-10,TMAX,300
USR0000NHOF,2009-12-20,TMIN,-39
USC00314144,2009-06-17,TMIN,189
USR0000NHOF,2009-12-20,TMAX,78
USC00316676,2005-12-11,TMAX,117
USC00315830,2013-04-15,TMIN,150
USC00315830,2013-04-15,TMAX,228
USC00310576,2012-10-23,TMIN,56
USC00310576,2012-10-23,TMAX,222
USC00310356,2007-12-15,TMAX,211
USC00310356,2007-12-15,TMIN,100
USC00316676,2005-12-11,TMIN,-33
USW00093719,2013-10-31,TMIN,111
USR0000NNWB,2010-12-08,TMIN,-78
USC00317170,2015-08-15,TMAX,317
USW00093719,2015-04-02,TMIN,28
USW00093719,2007-12-08,TMAX,217
USW00013754,2008-01-15,TMAX,83
USW00093719,2015-04-02,TMAX,228
USW00013754,2008-01-15,TMIN,-32
USW00093765,2006-02-10,TMIN,-38
USW00093743,2007-12-15,TMAX,194
USC00310356,2014-11-18,TMIN,39
USW00013754,2011-03-06,TMIN,94
USW00013754,2011-03-06,TMAX,211
USC00316096,2011-07-14,TMAX,306
USC00316096,2011-07-14,TMIN,206
USW00093765,2013-02-15,TMAX,139
USW00093765,2013-02-15,TMIN,33
USC00310576,2010-07-07,TMAX,356
USR0000NCRN,2006-03-07,TMIN,-11
USW00093743,2007-12-15,TMIN,94
USC00310356,2014-11-18,TMAX,206
USC00314689,2009-02-05,TMAX,33
USW00093743,2009-12-20,TMAX,83
USC00314684,2007-10-29,TMAX,211
USC00315830,2005-11-28,TMIN,161
USR0000NHOF,2012-07-25,TMIN,211
USW00093719,2008-03-19,TMAX,256
USW00093719,2008-03-19,TMIN,144
USC00315830,2005-11-28,TMAX,211
USW00093719,2006-11-21,TMAX,128
USW00013754,2009-08-23,TMIN,222
USW00013754,2009-08-23,TMAX,300
USC00314689,2009-02-05,TMIN,-61
USW00013754,2011-10-14,TMAX,256
USW00013754,2011-10-14,TMIN,144
USR0000NNWB,2010-12-08,TMAX,44
USW00093719,2006-11-21,TMIN,50
USR0000NNWB,2010-03-25,TMIN,83
USR0000NNWB,2010-03-25,TMAX,233
USW00093743,2009-12-20,TMIN,-16
USC00317170,2007-11-03,TMAX,194
USW00093719,2013-07-21,TMAX,317
USC00315830,2005-06-05,TMIN,211
USR0000NNWB,2009-12-02,TMAX,222
USC00314144,2005-05-06,TMIN,89
USR0000NCRN,2008-10-19,TMIN,83
USC00316096,2015-05-23,TMIN,78
USC00316096,2015-05-23,TMAX,267
USR0000NNWB,2009-02-04,TMIN,-22
USC00317170,2012-08-11,TMAX,294
USC00315830,2015-12-17,TMIN,117
USC00314144,2005-05-06,TMAX,172
USC00315830,2015-12-17,TMAX,206
USW00093743,2009-03-10,TMAX,189
USW00093765,2015-02-21,TMAX,133
USW00093719,2014-02-27,TMIN,-16
USW00093719,2014-02-27,TMAX,144
USR0000NHOF,2014-04-28,TMIN,111
USC00316676,2015-07-13,TMIN,228
USW00093765,2013-09-29,TMIN,161
USC00317170,2012-08-11,TMIN,217
USR0000NCRN,2008-11-29,TMIN,72
USR0000NCRN,2008-10-19,TMAX,172
USW00093765,2015-02-21,TMIN,-66
USC00314689,2007-04-21,TMIN,56
USC00314684,2011-09-28,TMAX,300
USR0000NNWB,2008-01-22,TMIN,-11
USC00314684,2014-09-24,TMIN,139
USC00314684,2014-09-24,TMAX,178
USC00316096,2011-04-25,TMIN,183
USR0000NNWB,2008-12-09,TMIN,-11
USR0000NNWB,2009-02-04,TMAX,50
USC00316096,2010-01-15,TMIN,-44
USC00315830,2010-04-06,TMAX,228
USC00316096,2011-04-25,TMAX,261
USC00310356,2014-06-07,TMIN,206
USC00315830,2010-04-06,TMIN,167
USC00310356,2011-12-19,TMAX,89
USW00093743,2012-12-11,TMIN,117
USW00093743,2012-12-11,TMAX,222
USC00316096,2010-01-15,TMAX,156
USR0000NHOF,2012-12-11,TMAX,206
USR0000NHOF,2014-04-28,TMAX,294
USR0000NCRN,2008-11-29,TMAX,106
USC00316676,2006-12-19,TMIN,61
USC00316676,2006-12-19,TMAX,239
USR0000NHOF,2014-06-28,TMIN,200
USC00310356,2011-12-19,TMIN,22
USR0000NNWB,2007-08-26,TMAX,311
USW00013754,2007-03-05,TMAX,167
USR0000NHOF,2015-01-22,TMIN,0
USC00314684,2011-09-28,TMIN,206
USC00315830,2010-12-26,TMIN,-44
USC00316676,2015-09-28,TMAX,256
USC00310356,2014-04-28,TMIN,167
USR0000NHOF,2006-07-13,TMIN,244
USR0000NHOF,2006-07-13,TMAX,317
USC00310576,2013-03-30,TMAX,172
USR0000NCRN,2013-07-22,TMAX,294
USC00310356,2014-04-28,TMAX,228
USC00316676,2015-09-28,TMIN,222
USC00316676,2015-07-13,TMAX,300
USR0000NNWB,2009-07-17,TMIN,217
USR0000NNWB,2006-02-11,TMAX,117
USW00093765,2013-09-29,TMAX,261
USW00093743,2009-03-10,TMIN,89
USC00314144,2006-07-04,TMAX,333
USC00314144,2006-07-04,TMIN,206
USW00093765,2014-02-16,TMAX,94
USC00314689,2010-06-17,TMIN,206
USW00093765,2014-02-16,TMIN,0
USR0000NNWB,2009-07-17,TMAX,328
USC00314689,2010-06-17,TMAX,333
USC00314684,2009-01-11,TMIN,-17
USR0000NHOF,2014-06-28,TMAX,294
USW00093765,2015-11-18,TMIN,122
USC00310356,2015-10-29,TMIN,194
USR0000NNWB,2007-08-26,TMIN,233
USC00310356,2015-10-29,TMAX,233
USR0000NHOF,2015-01-22,TMAX,172
USC00314684,2009-01-11,TMAX,178
USR0000NNWB,2008-01-22,TMAX,183
USR0000NHOF,2012-12-11,TMIN,100
USC00310356,2015-12-12,TMIN,144
USC00316676,2006-05-10,TMIN,83
USC00314684,2014-12-19,TMAX,111
USC00315830,2014-01-23,TMAX,44
USC00316676,2006-05-10,TMAX,200
USW00093719,2011-04-10,TMAX,222
USW00093765,2009-10-17,TMIN,89
USW00013754,2010-10-31,TMIN,100
USW00013754,2010-03-25,TMAX,211
USW00093765,2009-10-17,TMAX,144
USC00316676,2006-12-30,TMAX,183
USR0000NNWB,2011-10-14,TMAX,250
USC00316676,2006-12-30,TMIN,28
USR0000NCRN,2007-07-21,TMIN,183
USR0000NCRN,2007-07-21,TMAX,261
USC00316676,2005-09-23,TMIN,189
USR0000NNWB,2011-10-14,TMIN,150
USW00013754,2010-10-31,TMAX,233
USC00316676,2005-09-23,TMAX,294
USC00315830,2014-01-23,TMIN,-67
USW00093719,2005-09-16,TMIN,233
USW00093765,2007-10-15,TMAX,239
USR0000NHOF,2015-10-29,TMIN,178
USC00315830,2005-06-05,TMAX,272
USC00316676,2015-09-01,TMAX,256
USC00316676,2015-09-01,TMIN,233
USC00314684,2005-05-31,TMIN,172
USR0000NHOF,2015-10-29,TMAX,278
USW00013754,2010-03-25,TMIN,78
USC00314684,2005-05-31,TMAX,211
USW00093719,2005-09-16,TMAX,311
USC00314689,2010-01-15,TMIN,-11
USC00314689,2010-01-15,TMAX,156
USW00093719,2005-04-07,TMAX,239
USW00093719,2011-04-10,TMIN,128
USW00093765,2007-10-15,TMIN,144
USW00093719,2005-04-07,TMIN,139
USC00314689,2015-05-23,TMAX,167
USW00093719,2007-03-19,TMAX,150
USW00093719,2007-03-19,TMIN,-39
USC00314684,2007-09-07,TMAX,333
USC00314684,2007-09-07,TMIN,161
USC00310356,2014-06-28,TMAX,311
USC00310356,2014-06-07,TMAX,289
USC00310356,2014-06-28,TMIN,222
USC00314684,2014-12-19,TMIN,-11
USC00310356,2015-01-22,TMAX,144
USC00310356,2015-01-22,TMIN,44
USR0000NCRN,2008-06-18,TMAX,300
USW00093765,2015-11-18,TMAX,239
USC00310356,2009-03-10,TMIN,100
USC00315830,2012-04-30,TMAX,250
USC00315830,2012-04-30,TMIN,144
USR0000NNWB,2008-12-09,TMAX,194
USW00093765,2008-05-31,TMAX,256
USW00093765,2008-05-31,TMIN,217
USC00310356,2015-12-12,TMAX,183
USC00310356,2009-03-10,TMAX,172
USR0000NCRN,2008-06-18,TMIN,172
USC00315830,2008-08-13,TMAX,289
USC00310576,2009-07-23,TMAX,306
USC00317170,2013-09-29,TMIN,139
USC00317170,2013-09-29,TMAX,250
USW00093765,2007-07-06,TMIN,250
USW00093765,2007-07-06,TMAX,300
USC00310576,2015-04-08,TMAX,244
USC00310576,2010-08-03,TMIN,217
USC00310576,2010-08-03,TMAX,311
USW00093765,2013-01-06,TMIN,28
USW00013754,2009-07-17,TMAX,306
USW00013754,2009-07-17,TMIN,211
USC00310576,2015-04-08,TMIN,106
USR0000NNWB,2006-02-11,TMIN,50
USW00093765,2009-04-08,TMAX,133
USW00093765,2013-01-06,TMAX,100
USW00093765,2009-04-08,TMIN,39
USC00315830,2008-08-13,TMIN,189
USC00310576,2009-07-23,TMIN,206
USC00317170,2007-11-03,TMIN,100
USW00013754,2011-08-31,TMIN,189
USR0000NHOF,2010-10-22,TMAX,206
USC00316676,2009-01-13,TMAX,172
USC00310356,2015-01-13,TMIN,61
USC00310356,2010-11-15,TMIN,56
USC00315830,2007-12-02,TMIN,67
USC00314689,2013-03-29,TMAX,150
USC00314689,2013-03-29,TMIN,-11
USC00310356,2011-06-05,TMIN,211
USW00093765,2013-08-10,TMIN,239
USW00013754,2007-06-15,TMAX,239
USW00093765,2013-08-10,TMAX,300
USC00315830,2007-12-02,TMAX,167
USR0000NHOF,2009-12-16,TMAX,122
USW00093765,2010-11-30,TMAX,211
USW00093743,2013-12-18,TMAX,128
USC00314144,2007-09-30,TMAX,261
USC00314144,2005-06-29,TMIN,217
USW00093743,2013-12-18,TMIN,-10
USC00316676,2011-07-27,TMAX,278
USC00314684,2006-08-22,TMIN,228
USW00013754,2007-06-15,TMIN,139
USW00093765,2015-02-16,TMIN,-60
USR0000NNWB,2015-08-02,TMIN,228
USR0000NNWB,2015-08-02,TMAX,356
USC00310356,2006-04-02,TMIN,128
USW00093743,2009-12-16,TMAX,150
USW00093743,2009-12-16,TMIN,6
USC00314689,2005-10-26,TMIN,61
USC00314144,2005-05-21,TMIN,106
USW00013754,2009-06-11,TMIN,189
USC00316676,2008-07-10,TMIN,217
USW00093743,2012-02-23,TMIN,128
USW00013754,2011-02-21,TMAX,233
USW00013754,2011-02-21,TMIN,100
USC00310356,2011-06-05,TMAX,283
USW00093765,2015-02-16,TMAX,39
USW00013754,2012-09-03,TMIN,228
USW00013754,2012-09-03,TMAX,294
USC00310356,2015-01-13,TMAX,156
USC00314689,2005-10-26,TMAX,178
USC00314144,2005-06-29,TMAX,278
USC00316676,2005-05-10,TMIN,94
USC00314684,2006-08-22,TMAX,322
USC00316676,2007-11-19,TMIN,72
USR0000NCRN,2013-01-20,TMAX,178
USC00316676,2008-07-10,TMAX,294
USR0000NNWB,2006-11-21,TMIN,50
USR0000NCRN,2010-02-27,TMAX,106
USR0000NCRN,2010-02-27,TMIN,-11
USC00314689,2006-10-16,TMAX,206
USC00316676,2007-11-19,TMAX,200
USC00310356,2015-04-23,TMAX,244
USC00310356,2015-04-23,TMIN,156
USR0000NHOF,2014-02-28,TMIN,-22
USC00317170,2011-01-03,TMIN,6
USC00317170,2011-01-03,TMAX,122
USR0000NHOF,2014-02-28,TMAX,94
USC00316676,2014-05-18,TMIN,111
USC00315830,2005-01-12,TMIN,111
USC00316676,2009-09-17,TMAX,294
USC00314689,2006-10-16,TMIN,44
USC00310356,2006-04-30,TMAX,233
USR0000NHOF,2009-12-16,TMIN,-33
USW00093765,2010-11-30,TMIN,83
USR0000NHOF,2007-01-17,TMAX,67
USR0000NHOF,2007-01-17,TMIN,0
USC00316676,2005-05-10,TMAX,278
USR0000NHOF,2006-04-02,TMAX,250
USC00314144,2007-09-30,TMIN,89
USC00310356,2006-04-30,TMIN,72
USR0000NHOF,2006-04-02,TMIN,83
USR0000NCRN,2013-01-20,TMIN,44
USC00316676,2008-05-06,TMIN,144
USC00316676,2008-05-06,TMAX,244
USR0000NCRN,2014-05-15,TMIN,228
USR0000NNWB,2006-11-21,TMAX,122
USC00315830,2005-08-18,TMIN,233
USC00315830,2005-08-18,TMAX,333
USR0000NCRN,2014-05-15,TMAX,267
USC00316676,2014-05-18,TMAX,217
USC00316676,2011-07-27,TMIN,233
USC00310356,2010-11-15,TMAX,156
USC00310576,2010-01-07,TMAX,72
USW00093719,2009-01-11,TMAX,172
USC00310576,2010-01-07,TMIN,-17
USW00093719,2009-01-11,TMIN,67
USW00093719,2013-01-17,TMAX,156
USC00316676,2011-01-27,TMAX,150
USW00093765,2005-02-25,TMAX,56
USC00317170,2013-08-10,TMAX,367
USC00310576,2008-04-21,TMAX,217
USC00314144,2010-07-16,TMAX,322
USC00314144,2010-07-16,TMIN,250
USW00093719,2013-01-17,TMIN,61
USC00314684,2013-09-20,TMIN,111
USC00314144,2005-05-21,TMAX,239
USC00310356,2008-11-29,TMIN,106
USR0000NNWB,2008-07-01,TMIN,183
USC00310576,2008-04-21,TMIN,139
USC00314684,2010-03-25,TMIN,56
USC00315830,2009-03-01,TMIN,56
USC00317170,2013-08-10,TMIN,217
USW00093765,2009-05-16,TMAX,244
USC00310576,2013-11-16,TMAX,200
USC00310576,2013-11-16,TMIN,22
USW00093765,2009-05-16,TMIN,194
USC00315830,2012-06-29,TMAX,306
USC00314144,2005-02-06,TMAX,189
USC00314144,2005-02-06,TMIN,39
USC00315830,2009-03-01,TMAX,133
USC00314684,2006-01-15,TMIN,0
USW00013754,2015-04-09,TMIN,144
USR0000NHOF,2010-07-29,TMIN,211
USC00314684,2006-01-15,TMAX,106
USW00013754,2015-04-09,TMAX,256
USC00314684,2013-09-20,TMAX,256
USW00093765,2005-02-25,TMIN,11
USW00013754,2009-06-11,TMAX,300
USR0000NHOF,2010-07-29,TMAX,311
USC00317170,2007-07-06,TMAX,344
USC00316096,2013-03-29,TMAX,144
USC00317170,2014-09-10,TMIN,206
USC00310356,2013-09-30,TMIN,150
USR0000NCRN,2012-02-11,TMAX,111
USW00093743,2013-04-16,TMIN,156
USC00310356,2013-09-30,TMAX,256
USW00093743,2013-04-16,TMAX,239
USR0000NCRN,2009-10-30,TMIN,178
USC00316676,2008-11-11,TMIN,6
USR0000NNWB,2010-12-25,TMIN,-39
USC00316676,2008-11-11,TMAX,178
USC00310356,2011-01-31,TMIN,61
USC00310356,2013-04-16,TMIN,156
USC00310356,2011-01-31,TMAX,133
USC00310356,2013-04-16,TMAX,217
USC00316676,2011-01-27,TMIN,6
USC00310356,2010-10-09,TMIN,150
USC00310356,2010-10-09,TMAX,256
USR0000NCRN,2012-02-11,TMIN,-17
USC00317170,2014-09-10,TMAX,289
USC00316096,2014-06-09,TMAX,272
USC00317170,2007-07-06,TMIN,222
USR0000NNWB,2010-12-25,TMAX,100
USR0000NNWB,2008-07-01,TMAX,300
USC00316096,2013-03-29,TMIN,-28
USR0000NNWB,2006-07-03,TMAX,350
USR0000NNWB,2006-07-03,TMIN,217
USC00314684,2010-03-25,TMAX,228
USC00310356,2008-11-29,TMAX,150
USC00316096,2014-06-09,TMIN,189
USW00093743,2013-09-30,TMIN,144
USW00093743,2010-10-09,TMAX,267
USC00310356,2009-12-16,TMAX,161
USC00314689,2009-01-19,TMIN,11
USC00314689,2009-01-19,TMAX,106
USC00310356,2009-12-16,TMIN,78
USR0000NHOF,2013-04-16,TMIN,117
USR0000NHOF,2013-04-16,TMAX,200
USW00093743,2013-09-30,TMAX,256
USC00316676,2007-04-21,TMIN,39
USC00310576,2008-01-04,TMAX,44
USC00310576,2008-01-04,TMIN,-44
USR0000NCRN,2014-04-20,TMAX,133
USC00315830,2006-05-11,TMIN,161
USR0000NCRN,2013-09-30,TMAX,244
USC00315830,2014-04-28,TMIN,150
USW00013754,2008-07-01,TMAX,300
USC00315830,2014-04-28,TMAX,250
USC00316676,2012-01-18,TMIN,94
USW00013754,2008-07-01,TMIN,194
USC00315830,2006-05-11,TMAX,244
USR0000NCRN,2010-10-22,TMAX,211
USR0000NCRN,2010-10-22,TMIN,44
USR0000NCRN,2014-04-20,TMIN,106
USC00316676,2011-06-02,TMIN,200
USC00310356,2013-07-21,TMAX,289
USC00310356,2013-07-21,TMIN,244
USC00317170,2014-12-24,TMAX,206
USW00093719,2011-05-27,TMIN,189
USC00316096,2013-09-20,TMAX,261
USC00314684,2005-03-02,TMIN,-11
USC00316676,2005-10-27,TMAX,178
USC00316676,2005-10-27,TMIN,33
USR0000NNWB,2014-07-02,TMAX,344
USC00316676,2012-01-18,TMAX,206
USR0000NCRN,2014-06-07,TMAX,278
USR0000NCRN,2005-01-25,TMAX,111
USR0000NHOF,2009-11-12,TMAX,156
USW00093719,2011-05-27,TMAX,300
USR0000NCRN,2013-09-30,TMIN,106
USC00314689,2011-07-01,TMAX,328
USW00093765,2015-04-02,TMAX,200
USR0000NCRN,2014-06-07,TMIN,150
USR0000NCRN,2005-01-25,TMIN,-11
USC00314689,2011-07-01,TMIN,206
USW00093765,2007-08-17,TMIN,283
USW00093765,2013-11-22,TMIN,111
USW00093765,2013-11-22,TMAX,217
USW00093765,2015-04-02,TMIN,28
USC00315830,2015-11-19,TMAX,239
USC00316096,2013-09-20,TMIN,150
USC00317170,2014-12-24,TMIN,106
USR0000NNWB,2011-02-21,TMIN,83
USR0000NHOF,2015-05-24,TMIN,106
USR0000NHOF,2015-05-24,TMAX,283
USC00316676,2007-05-20,TMIN,106
USC00310356,2005-08-06,TMAX,311
USC00315830,2014-09-25,TMIN,206
USC00315830,2014-09-25,TMAX,250
USR0000NCRN,2009-06-09,TMIN,194
USC00314684,2014-09-10,TMAX,256
USC00316676,2007-05-20,TMAX,222
USC00314684,2014-09-10,TMIN,200
USC00314144,2010-08-31,TMIN,156
USC00316676,2005-06-03,TMAX,228
USC00317170,2015-09-15,TMIN,100
USC00315830,2010-06-10,TMIN,250
USC00315830,2010-06-10,TMAX,300
USC00314684,2012-03-10,TMAX,172
USW00093743,2013-07-21,TMAX,289
USC00314689,2007-12-16,TMAX,122
USR0000NCRN,2014-02-28,TMIN,6
USC00314689,2006-01-31,TMIN,83
USC00315830,2011-01-28,TMIN,-17
USC00314684,2012-03-10,TMIN,0
USC00315830,2011-01-28,TMAX,117
USW00093743,2013-07-21,TMIN,250
USC00314689,2006-01-31,TMAX,178
USW00093765,2007-08-17,TMAX,311
USR0000NCRN,2014-02-28,TMAX,61
USW00093719,2011-08-09,TMAX,372
USC00316676,2011-06-02,TMAX,328
USC00310356,2012-03-18,TMIN,144
USR0000NCRN,2009-06-09,TMAX,283
USC00317170,2007-09-07,TMAX,306
USC00317170,2007-09-07,TMIN,183
USR0000NNWB,2011-02-21,TMAX,256
USC00314689,2007-12-16,TMIN,78
USC00310356,2012-03-18,TMAX,217
USC00314684,2005-03-02,TMAX,94
USC00310356,2010-01-16,TMAX,128
USC00314684,2005-07-31,TMAX,294
USR0000NCRN,2010-05-20,TMIN,144
USR0000NCRN,2010-05-20,TMAX,256
USR0000NCRN,2013-07-21,TMAX,283
USC00314689,2006-12-30,TMIN,17
USR0000NCRN,2013-07-21,TMIN,250
USR0000NHOF,2015-04-23,TMAX,222
USC00310576,2005-03-20,TMAX,172
USC00314689,2006-12-30,TMAX,161
USR0000NHOF,2015-04-23,TMIN,83
USC00315830,2008-05-31,TMAX,256
USC00315830,2008-05-31,TMIN,217
USR0000NCRN,2005-12-12,TMIN,-6
USC00317170,2015-12-17,TMIN,67
USR0000NCRN,2005-12-12,TMAX,133
USC00314684,2006-09-14,TMIN,161
USC00314684,2006-09-14,TMAX,239
USC00310576,2005-03-20,TMIN,83
USC00317170,2015-12-17,TMAX,228
USR0000NCRN,2013-04-16,TMAX,250
USR0000NCRN,2013-04-16,TMIN,128
USC00310576,2005-07-11,TMAX,306
USC00316676,2007-04-21,TMAX,217
USC00310576,2005-07-11,TMIN,211
USC00315830,2005-01-12,TMAX,200
USC00316096,2011-07-01,TMAX,311
USC00316096,2011-07-01,TMIN,183
USC00310576,2015-09-03,TMIN,194
USC00316676,2014-06-27,TMIN,222
USR0000NHOF,2006-04-30,TMAX,200
USC00314144,2009-01-02,TMAX,161
USC00317170,2013-11-22,TMAX,228
USR0000NHOF,2006-04-30,TMIN,6
USC00310576,2015-09-03,TMAX,322
USW00093719,2006-07-03,TMAX,344
USW00093719,2006-07-03,TMIN,217
USC00316676,2014-06-27,TMAX,333
USC00317170,2013-11-22,TMIN,83
USC00314689,2007-09-17,TMIN,117
USW00093719,2011-08-09,TMIN,239
USW00093719,2012-05-11,TMIN,100
USC00310576,2009-07-17,TMIN,200
USC00314689,2007-09-17,TMAX,250
USC00316676,2006-03-15,TMIN,28
USC00316676,2006-03-15,TMAX,233
USR0000NHOF,2009-11-12,TMIN,100
USW00093743,2010-01-16,TMIN,-21
USW00093743,2010-01-16,TMAX,172
USC00310576,2009-07-17,TMAX,328
USR0000NNWB,2008-02-26,TMIN,56
USW00093743,2010-11-15,TMAX,189
USC00314689,2015-02-21,TMAX,128
USR0000NNWB,2014-07-02,TMIN,244
USR0000NHOF,2015-01-13,TMAX,144
USR0000NHOF,2015-01-13,TMIN,11
USW00093743,2010-11-15,TMIN,28
USC00310356,2010-01-16,TMIN,17
USR0000NNWB,2008-02-26,TMAX,211
USR0000NCRN,2012-11-16,TMAX,150
USR0000NHOF,2007-01-24,TMAX,106
USR0000NHOF,2007-01-24,TMIN,-28
USW00093719,2012-05-11,TMAX,244
USC00314689,2015-02-21,TMIN,-94
USR0000NHOF,2010-01-16,TMIN,-50
USC00314144,2011-07-06,TMIN,233
USC00314144,2011-07-06,TMAX,317
USR0000NHOF,2010-01-16,TMAX,183
USR0000NCRN,2009-04-30,TMAX,239
USC00314684,2005-07-31,TMIN,217
USC00317170,2015-02-16,TMAX,-11
USW00013754,2015-08-02,TMIN,217
USC00317170,2015-02-16,TMIN,-83
USW00013754,2015-08-02,TMAX,344
USR0000NCRN,2009-04-30,TMIN,156
USR0000NCRN,2011-12-03,TMAX,156
USR0000NCRN,2011-12-03,TMIN,-11
USC00315830,2015-11-19,TMIN,139
USR0000NCRN,2012-11-16,TMIN,67
USC00314689,2012-01-02,TMIN,61
USC00314689,2012-01-02,TMAX,194
USW00013754,2008-03-08,TMAX,211
USW00093743,2008-11-29,TMAX,111
USW00093765,2014-12-24,TMIN,172
USC00317170,2007-05-08,TMAX,217
USW00093765,2012-05-11,TMIN,139
USW00093765,2012-05-11,TMAX,244
USC00310576,2014-02-28,TMIN,6
USR0000NCRN,2006-04-30,TMAX,200
USC00317170,2007-05-08,TMIN,117
USW00013754,2008-08-16,TMAX,289
USC00310576,2014-02-28,TMAX,144
USW00093765,2010-04-14,TMIN,89
USW00093765,2010-04-14,TMAX,167
USR0000NCRN,2006-04-30,TMIN,61
USC00310356,2015-07-14,TMIN,217
USW00093743,2012-11-16,TMIN,61
USC00310356,2015-07-14,TMAX,306
USW00013754,2005-12-07,TMIN,-17
USW00013754,2005-12-07,TMAX,100
USW00093743,2012-11-16,TMAX,150
USC00315830,2009-02-20,TMAX,189
USW00093765,2014-12-24,TMAX,200
USC00314689,2011-08-16,TMAX,300
USC00314144,2010-10-22,TMAX,206
USC00314144,2010-10-22,TMIN,22
USC00310356,2011-04-23,TMAX,233
USR0000NHOF,2015-07-14,TMIN,206
USR0000NHOF,2015-07-14,TMAX,333
USR0000NNWB,2015-04-09,TMAX,267
USR0000NNWB,2008-09-01,TMIN,172
USC00310576,2007-07-21,TMIN,206
USR0000NHOF,2012-11-16,TMAX,144
USC00310356,2011-04-23,TMIN,139
USC00315830,2009-02-20,TMIN,-17
USW00093719,2014-07-02,TMIN,239
USR0000NCRN,2011-07-06,TMIN,256
USR0000NCRN,2011-07-06,TMAX,300
USR0000NNWB,2008-09-01,TMAX,306
USC00310576,2007-07-21,TMAX,328
USR0000NHOF,2012-11-16,TMIN,44
USR0000NCRN,2007-12-15,TMAX,194
USR0000NCRN,2007-12-15,TMIN,94
USC00314689,2006-01-28,TMAX,133
USC00314689,2006-01-28,TMIN,-17
USC00310576,2008-07-15,TMIN,200
USC00310576,2010-01-16,TMIN,-17
USR0000NNWB,2010-08-03,TMIN,222
USR0000NNWB,2010-08-03,TMAX,322
USC00310576,2010-01-16,TMAX,178
USC00310576,2008-07-15,TMAX,322
USC00314689,2009-10-12,TMAX,211
USC00314689,2012-06-09,TMAX,317
USC00316676,2013-07-20,TMAX,317
USC00310576,2013-04-16,TMIN,167
USC00316676,2013-07-20,TMIN,233
USW00093743,2011-04-23,TMAX,250
USC00310576,2013-04-16,TMAX,233
USW00013754,2009-04-21,TMIN,133
USC00314689,2012-06-09,TMIN,156
USW00013754,2008-08-16,TMIN,206
USC00310356,2012-11-16,TMAX,139
USW00093719,2014-09-25,TMIN,194
USC00315830,2010-06-07,TMAX,289
USC00315830,2010-06-07,TMIN,228
USC00310356,2008-07-25,TMIN,239
USW00093719,2014-07-02,TMAX,344
USC00314684,2008-07-08,TMIN,217
USW00013754,2005-03-10,TMIN,0
USW00013754,2005-03-10,TMAX,117
USW00093719,2014-09-25,TMAX,239
USW00093719,2015-08-02,TMIN,228
USC00314684,2008-07-08,TMAX,289
USW00093719,2006-02-15,TMAX,194
USC00310356,2008-07-25,TMAX,328
USW00093719,2006-02-15,TMIN,11
USW00093765,2006-11-09,TMAX,222
USC00310356,2012-11-16,TMIN,83
USW00093765,2006-11-09,TMIN,133
USW00093719,2015-08-02,TMAX,350
USR0000NCRN,2005-02-23,TMIN,0
USW00093719,2012-09-03,TMAX,300
USR0000NNWB,2015-04-09,TMIN,139
USR0000NHOF,2008-07-25,TMAX,294
USR0000NNWB,2011-03-06,TMAX,211
USW00013754,2011-12-21,TMIN,139
USR0000NCRN,2006-04-02,TMIN,111
USC00310356,2010-05-20,TMIN,172
USC00310576,2008-06-18,TMIN,200
USW00093765,2008-02-19,TMIN,33
USR0000NHOF,2008-07-25,TMIN,172
USC00310576,2008-06-18,TMAX,333
USW00093765,2008-02-19,TMAX,144
USW00093765,2008-12-31,TMAX,167
USW00093765,2008-12-31,TMIN,17
USW00093719,2012-08-14,TMIN,228
USC00317170,2009-08-07,TMIN,194
USC00317170,2009-08-07,TMAX,306
USW00013754,2011-12-21,TMAX,228
USC00310356,2010-05-20,TMAX,228
USW00093719,2015-09-13,TMAX,267
USC00310576,2009-04-12,TMIN,61
USR0000NNWB,2006-08-06,TMAX,328
USR0000NHOF,2009-07-17,TMIN,194
USC00316096,2010-03-25,TMAX,217
USC00314689,2010-10-06,TMAX,206
USC00314689,2010-10-06,TMIN,72
USC00316676,2007-02-23,TMIN,56
USW00093743,2010-05-20,TMIN,150
USC00316676,2007-02-23,TMAX,233
USC00316096,2009-10-12,TMIN,139
USW00093743,2010-05-20,TMAX,261
USC00310356,2005-12-12,TMIN,-11
USC00310356,2005-12-12,TMAX,117
USC00316096,2013-11-22,TMIN,106
USC00316096,2009-10-12,TMAX,200
USC00316096,2013-11-22,TMAX,217
USR0000NCRN,2006-04-02,TMAX,256
USR0000NNWB,2006-08-06,TMIN,233
USW00013754,2012-10-23,TMAX,250
USC00316096,2013-08-10,TMIN,239
USC00316096,2013-08-10,TMAX,317
USW00093719,2015-02-16,TMAX,0
USC00310356,2010-12-01,TMAX,200
USW00093743,2008-07-25,TMIN,156
USC00314684,2011-04-10,TMIN,122
USC00314684,2011-04-10,TMAX,172
USW00093743,2008-07-25,TMAX,233
USR0000NNWB,2012-07-10,TMIN,222
USC00314689,2005-05-05,TMAX,233
USC00316676,2007-10-27,TMAX,233
USC00314689,2005-05-05,TMIN,100
USC00314144,2005-04-12,TMIN,78
USC00314144,2005-04-12,TMAX,222
USR0000NCRN,2005-02-23,TMAX,150
USC00314689,2011-08-16,TMIN,194
USW00093719,2012-09-03,TMIN,228
USC00314684,2012-04-29,TMAX,194
USC00314684,2012-04-29,TMIN,117
USR0000NNWB,2012-07-10,TMAX,322
USC00316676,2007-10-27,TMIN,217
USC00314684,2010-04-28,TMAX,206
USC00310576,2009-04-12,TMAX,233
USR0000NCRN,2015-04-23,TMAX,194
USR0000NCRN,2015-04-23,TMIN,94
USW00093719,2012-08-14,TMAX,328
USW00093719,2015-02-16,TMIN,-55
USW00013754,2007-02-18,TMIN,-10
USW00013754,2007-02-18,TMAX,94
USC00317170,2007-08-14,TMAX,333
USC00317170,2007-08-14,TMIN,206
USC00314684,2006-12-30,TMAX,178
USR0000NNWB,2006-05-11,TMIN,150
USR0000NNWB,2006-05-11,TMAX,283
USC00314684,2006-12-30,TMIN,22
USC00314684,2010-04-28,TMIN,78
USW00093719,2015-09-13,TMIN,161
USC00310576,2007-01-24,TMIN,22
USC00310576,2007-01-24,TMAX,117
USC00310356,2010-12-01,TMIN,167
USC00314684,2013-08-10,TMIN,239
USC00310356,2005-08-06,TMIN,256
USW00013754,2009-04-21,TMAX,239
USR0000NHOF,2008-08-23,TMAX,300
USC00316096,2012-06-09,TMIN,133
USC00316096,2012-06-09,TMAX,294
USC00314144,2009-03-10,TMAX,194
USW00093765,2014-09-10,TMAX,294
USW00093719,2007-03-25,TMIN,72
USW00093719,2007-03-25,TMAX,222
USW00093765,2014-09-10,TMIN,222
USR0000NNWB,2005-12-07,TMIN,-33
USC00316096,2011-08-16,TMIN,178
USW00013754,2014-09-25,TMAX,244
USC00314684,2014-12-26,TMIN,-11
USC00314684,2014-12-26,TMAX,156
USW00093743,2008-02-03,TMAX,300
USW00093743,2008-02-03,TMIN,50
USW00093719,2007-12-24,TMAX,150
USW00093719,2007-12-24,TMIN,28
USW00013754,2014-09-25,TMIN,183
USC00314144,2009-03-10,TMIN,61
USC00314684,2013-11-22,TMAX,200
USC00314684,2013-11-22,TMIN,72
USC00315830,2006-12-12,TMAX,206
USC00315830,2006-12-12,TMIN,-6
USC00315830,2011-10-14,TMAX,272
USC00315830,2011-10-14,TMIN,189
USC00317170,2015-09-24,TMAX,244
USW00013754,2012-07-10,TMIN,217
USW00013754,2010-08-03,TMIN,233
USR0000NNWB,2005-12-07,TMAX,117
USW00013754,2010-08-03,TMAX,311
USC00310356,2008-02-03,TMAX,161
USC00310356,2008-02-03,TMIN,33
USW00013754,2012-07-10,TMAX,322
USR0000NHOF,2015-05-15,TMAX,250
USR0000NHOF,2015-05-15,TMIN,83
USC00314689,2005-03-07,TMIN,61
USW00013754,2010-09-20,TMAX,311
USC00317170,2015-09-24,TMIN,194
USC00310356,2010-07-29,TMIN,267
USC00314684,2010-09-24,TMAX,339
USW00093743,2010-07-29,TMAX,300
USC00310576,2009-12-20,TMIN,17
USC00316096,2010-11-07,TMAX,117
USC00310576,2009-12-20,TMAX,128
USC00314144,2010-02-27,TMAX,111
USC00314144,2010-02-27,TMIN,-33
USR0000NNWB,2012-09-03,TMIN,233
USC00316676,2008-04-10,TMIN,100
USW00093719,2006-03-03,TMIN,50
USC00310576,2013-02-15,TMAX,122
USC00310576,2013-02-15,TMIN,11
USC00316676,2008-04-10,TMAX,189
USW00093743,2008-11-29,TMIN,83
USC00315830,2012-06-29,TMIN,250
USW00013754,2008-03-08,TMIN,56
USR0000NHOF,2008-02-03,TMAX,200
USR0000NHOF,2008-02-03,TMIN,-17
USR0000NNWB,2012-09-03,TMAX,322
USC00314684,2010-09-24,TMIN,172
USW00093719,2006-03-03,TMAX,183
USC00316096,2011-08-16,TMAX,311
USC00310356,2015-09-29,TMIN,228
USR0000NHOF,2011-04-23,TMAX,239
USW00093743,2010-07-29,TMIN,267
USW00093765,2009-08-07,TMIN,206
USW00013754,2014-01-23,TMAX,50
USW00093765,2009-08-07,TMAX,289
USR0000NHOF,2011-04-23,TMIN,161
USR0000NHOF,2010-10-09,TMAX,267
USW00093743,2011-01-30,TMIN,17
USC00310356,2015-09-29,TMAX,256
USW00093719,2006-02-11,TMIN,44
USW00093719,2006-02-11,TMAX,117
USC00315830,2013-01-01,TMAX,133
USR0000NHOF,2010-10-09,TMIN,50
USC00315830,2013-01-01,TMIN,39
USC00316096,2010-11-07,TMIN,0
USW00093743,2011-01-30,TMAX,161
USC00310356,2010-07-29,TMAX,311
USW00013754,2015-08-14,TMIN,189
USC00315830,2007-11-16,TMIN,22
USC00314684,2015-01-25,TMIN,-17
USC00314684,2015-01-25,TMAX,78
USC00310356,2015-07-06,TMAX,294
USC00310356,2015-07-06,TMIN,244
USC00314684,2015-12-17,TMIN,83
USC00310356,2015-08-23,TMAX,306
USC00314684,2015-12-17,TMAX,194
USW00013754,2007-06-13,TMIN,189
USR0000NNWB,2009-03-04,TMAX,78
USC00316096,2012-04-29,TMIN,128
USR0000NNWB,2009-03-04,TMIN,-89
USR0000NCRN,2007-12-11,TMAX,256
USC00316676,2007-03-11,TMIN,56
USR0000NHOF,2006-01-09,TMAX,211
USR0000NCRN,2007-12-11,TMIN,111
USR0000NHOF,2006-01-09,TMIN,89
USC00316096,2012-04-29,TMAX,200
USC00316676,2007-03-11,TMAX,222
USR0000NNWB,2010-12-11,TMIN,22
USC00310356,2006-01-09,TMIN,50
USR0000NHOF,2008-08-23,TMIN,172
USC00310576,2014-02-16,TMAX,106
USR0000NNWB,2007-06-15,TMIN,122
USR0000NNWB,2007-06-15,TMAX,250
USW00093719,2008-06-05,TMIN,239
USW00093719,2008-06-05,TMAX,356
USC00314684,2013-08-10,TMAX,333
USR0000NNWB,2010-12-11,TMAX,117
USC00314144,2011-05-01,TMAX,239
USC00310576,2014-02-16,TMIN,11
USC00314144,2011-05-01,TMIN,78
USC00314684,2011-07-01,TMAX,328
USW00093743,2011-04-23,TMIN,183
USW00013754,2007-06-13,TMAX,256
USC00310356,2006-01-09,TMAX,94
USC00314684,2011-07-01,TMIN,183
USC00310356,2015-08-23,TMIN,217
USR0000NHOF,2008-11-29,TMIN,56
USR0000NHOF,2008-11-29,TMAX,89
USR0000NHOF,2015-09-29,TMIN,228
USW00013754,2010-09-20,TMIN,167
USW00093765,2009-08-23,TMIN,233
USC00316676,2012-10-13,TMAX,228
USC00310576,2015-05-24,TMIN,106
USC00310576,2015-05-24,TMAX,256
USC00314689,2012-04-29,TMAX,178
USC00314689,2012-04-29,TMIN,122
USC00316096,2015-03-19,TMAX,144
USW00093765,2009-08-23,TMAX,283
USC00314689,2014-06-09,TMIN,194
USC00314689,2014-06-09,TMAX,300
USC00314684,2013-03-29,TMIN,-33
USW00093743,2012-02-23,TMAX,178
USC00315830,2007-11-16,TMAX,111
USR0000NNWB,2014-09-25,TMIN,183
USR0000NNWB,2014-09-25,TMAX,222
USC00316676,2012-10-13,TMIN,78
USW00013754,2015-08-14,TMAX,300
USW00013754,2014-01-23,TMIN,-82
USC00314684,2011-07-16,TMAX,300
USR0000NHOF,2015-09-29,TMAX,306
USC00310356,2015-05-15,TMAX,233
USW00093743,2011-01-31,TMIN,44
USW00013754,2011-01-10,TMIN,-32
USW00013754,2011-01-10,TMAX,0
USC00310356,2015-05-15,TMIN,133
USW00093743,2011-01-31,TMAX,100
USC00316096,2015-03-19,TMIN,61
USR0000NHOF,2005-09-16,TMAX,311
USR0000NHOF,2005-09-16,TMIN,217
USC00314684,2011-07-16,TMIN,150
USC00314689,2005-03-07,TMAX,228
USC00310576,2007-11-25,TMIN,39
USC00310576,2007-11-25,TMAX,133
USC00314684,2013-03-29,TMAX,139
USR0000NHOF,2015-07-06,TMAX,328
USR0000NHOF,2015-07-06,TMIN,228
USC00314689,2009-10-12,TMIN,122
USR0000NCRN,2007-06-04,TMAX,322
USC00315830,2014-08-05,TMAX,289
USW00093743,2009-11-12,TMIN,117
USC00310356,2012-10-14,TMAX,228
USC00316676,2005-05-05,TMAX,222
USR0000NCRN,2010-11-11,TMIN,61
USC00310356,2012-10-14,TMIN,133
USC00310576,2012-12-08,TMIN,89
USC00314684,2006-01-31,TMIN,67
USC00316676,2005-05-05,TMIN,122
USR0000NCRN,2010-11-11,TMAX,167
USR0000NNWB,2009-02-19,TMAX,178
USC00316676,2008-06-15,TMIN,183
USR0000NNWB,2007-09-19,TMAX,267
USC00317170,2007-12-29,TMAX,256
USR0000NNWB,2009-02-19,TMIN,33
USC00315830,2011-03-06,TMIN,133
USW00093765,2006-01-15,TMIN,22
USC00316676,2013-03-29,TMAX,144
USC00316676,2008-06-15,TMAX,339
USC00314684,2006-01-31,TMAX,183
USW00013754,2007-03-19,TMIN,-38
USW00093765,2005-10-10,TMIN,211
USR0000NHOF,2014-11-24,TMAX,222
USW00093719,2006-02-17,TMIN,100
USC00315830,2005-03-17,TMAX,89
USC00314684,2015-09-24,TMAX,250
USC00314684,2015-09-24,TMIN,178
USW00013754,2007-03-19,TMAX,139
USC00310576,2012-12-08,TMAX,189
USC00310576,2008-11-28,TMIN,-11
USC00310576,2008-11-28,TMAX,150
USC00310576,2006-04-02,TMIN,100
USW00093765,2005-10-10,TMAX,228
USC00315830,2012-10-23,TMIN,94
USC00317170,2007-12-29,TMIN,178
USC00315830,2012-10-23,TMAX,239
USC00310576,2015-05-15,TMAX,217
USC00310576,2015-05-15,TMIN,100
USC00310576,2006-04-02,TMAX,217
USC00310576,2010-07-02,TMIN,161
USC00310356,2014-11-24,TMIN,144
USC00316676,2013-03-29,TMIN,6
USC00310356,2014-01-18,TMAX,156
USC00310356,2014-01-18,TMIN,33
USC00316676,2009-01-25,TMIN,17
USC00310576,2006-10-11,TMAX,250
USC00310576,2006-10-11,TMIN,144
USW00093743,2014-01-18,TMAX,139
USR0000NNWB,2007-09-19,TMIN,183
USC00314689,2011-04-02,TMIN,50
USW00093743,2014-01-18,TMIN,-32
USC00310576,2005-01-20,TMIN,-39
USC00310576,2006-04-30,TMIN,22
USR0000NHOF,2007-03-08,TMIN,-22
USW00013754,2006-12-02,TMAX,194
USC00316096,2012-03-21,TMIN,139
USW00093719,2007-10-27,TMAX,233
USC00310576,2005-01-20,TMAX,89
USC00310576,2006-04-30,TMAX,183
USC00310356,2014-11-24,TMAX,189
USR0000NNWB,2008-04-09,TMIN,100
USW00093743,2012-10-14,TMAX,256
USW00093719,2006-02-17,TMAX,239
USW00093765,2006-01-15,TMAX,100
USC00314689,2007-08-29,TMAX,328
USC00316676,2007-11-16,TMIN,22
USC00314689,2007-08-29,TMIN,194
USC00316676,2007-11-16,TMAX,206
USC00310576,2015-04-27,TMIN,83
USW00093743,2012-10-14,TMIN,122
USC00310576,2015-04-27,TMAX,122
USR0000NHOF,2006-03-07,TMIN,-56
USW00093765,2007-06-08,TMIN,244
USW00013754,2009-04-08,TMAX,128
USW00013754,2009-04-08,TMIN,22
USR0000NHOF,2006-03-07,TMAX,117
USR0000NNWB,2008-04-09,TMAX,183
USC00314689,2011-04-02,TMAX,167
USW00093765,2007-06-08,TMAX,283
USC00316096,2012-03-21,TMAX,233
USR0000NHOF,2014-11-24,TMIN,183
USC00310356,2011-01-19,TMAX,78
USC00314689,2014-07-11,TMIN,211
USC00310356,2012-07-27,TMIN,261
USC00314684,2006-07-03,TMAX,328
USC00314684,2006-07-03,TMIN,217
USW00093719,2005-12-07,TMIN,-28
USC00316676,2012-08-27,TMAX,300
USC00316676,2012-08-27,TMIN,200
USW00093719,2005-12-07,TMAX,106
USC00310576,2011-05-16,TMAX,278
USC00310356,2011-03-11,TMAX,172
USC00310576,2011-05-16,TMIN,161
USC00314689,2009-11-25,TMIN,122
USR0000NNWB,2012-08-11,TMAX,294
USR0000NNWB,2012-08-11,TMIN,228
USC00316096,2013-01-06,TMIN,17
USC00315830,2010-12-18,TMIN,11
USC00310356,2011-03-11,TMIN,72
USC00316096,2013-01-06,TMAX,83
USC00314684,2011-06-05,TMAX,311
USC00314684,2011-06-05,TMIN,172
USW00093765,2015-09-13,TMIN,183
USC00314144,2008-10-19,TMIN,89
USC00310576,2011-06-16,TMAX,289
USC00317170,2009-05-16,TMAX,272
USC00316676,2007-10-05,TMIN,222
USC00316676,2007-10-05,TMAX,289
USC00314689,2011-02-14,TMIN,-6
USC00314689,2014-07-11,TMAX,311
USW00093765,2010-09-13,TMAX,267
USW00093743,2012-07-27,TMAX,317
USR0000NCRN,2015-11-15,TMAX,172
USW00093719,2009-11-10,TMIN,122
USC00317170,2009-05-16,TMIN,200
USC00310576,2011-05-21,TMIN,133
USC00310576,2011-05-21,TMAX,278
USC00315830,2011-03-06,TMAX,183
USW00093765,2010-09-13,TMIN,167
USC00315830,2005-03-17,TMIN,50
USW00013754,2008-12-09,TMAX,200
USW00013754,2008-12-09,TMIN,-10
USR0000NCRN,2008-12-18,TMIN,72
USC00316096,2010-03-06,TMIN,-22
USC00316096,2010-03-06,TMAX,117
USC00310576,2008-02-14,TMIN,50
USW00013754,2007-09-17,TMAX,261
USW00013754,2007-09-17,TMIN,150
USC00316676,2007-02-22,TMAX,189
USC00316676,2015-03-30,TMIN,-6
USC00310576,2008-02-14,TMAX,222
USW00093765,2010-03-25,TMIN,122
USC00315830,2005-11-14,TMIN,133
USC00310576,2010-07-02,TMAX,283
USC00316676,2009-02-13,TMAX,217
USC00316676,2009-02-13,TMIN,33
USW00093765,2010-03-25,TMAX,206
USC00310356,2011-01-19,TMIN,50
USC00316676,2007-02-22,TMIN,94
USW00093719,2015-12-17,TMIN,128
USC00315830,2005-11-14,TMAX,228
USR0000NNWB,2012-08-14,TMAX,339
USC00317170,2015-11-30,TMIN,122
USC00315830,2010-12-18,TMAX,94
USW00093719,2015-12-17,TMAX,244
USC00317170,2015-11-30,TMAX,183
USC00310356,2014-08-12,TMIN,239
USR0000NCRN,2009-03-10,TMAX,194
USC00310356,2014-08-12,TMAX,294
USR0000NNWB,2006-12-14,TMAX,183
USC00314689,2009-11-25,TMAX,144
USC00316676,2015-03-30,TMAX,111
USC00310576,2006-05-11,TMIN,139
USC00310576,2006-05-11,TMAX,261
USR0000NCRN,2009-03-10,TMIN,78
USR0000NNWB,2012-08-14,TMIN,233
USR0000NNWB,2006-12-14,TMIN,117
USR0000NCRN,2008-12-18,TMAX,250
USC00310356,2012-07-27,TMAX,306
USR0000NHOF,2014-01-18,TMAX,106
USW00093719,2007-10-27,TMIN,172
USC00316676,2009-01-25,TMAX,150
USC00314144,2007-12-26,TMIN,17
USC00314144,2007-12-26,TMAX,83
USR0000NCRN,2015-11-28,TMAX,233
USR0000NHOF,2007-05-12,TMIN,133
USR0000NHOF,2007-05-12,TMAX,261
USC00316096,2013-04-15,TMIN,144
USC00316096,2013-04-15,TMAX,217
USW00093765,2005-03-29,TMAX,228
USC00315830,2005-02-01,TMAX,100
USW00093719,2009-08-23,TMIN,217
USC00315830,2013-08-10,TMIN,267
USC00310576,2015-04-23,TMAX,256
USC00310576,2015-04-23,TMIN,94
USC00315830,2013-08-10,TMAX,311
USW00093743,2010-10-22,TMAX,211
USW00093743,2010-10-22,TMIN,78
USR0000NCRN,2015-11-28,TMIN,89
USW00093719,2009-08-23,TMAX,300
USC00310356,2014-05-15,TMIN,228
USC00310356,2010-10-22,TMAX,228
USW00013754,2013-07-21,TMIN,233
USW00093719,2009-12-02,TMIN,67
USC00314689,2013-04-15,TMIN,161
USC00314689,2013-04-15,TMAX,267
USC00310356,2014-05-15,TMAX,272
USW00093719,2009-12-02,TMAX,222
USC00315830,2010-08-03,TMIN,239
USC00310356,2010-10-22,TMIN,150
USC00315830,2010-08-03,TMAX,300
USR0000NNWB,2015-12-17,TMIN,133
USR0000NNWB,2015-12-17,TMAX,244
USC00314684,2009-10-17,TMAX,139
USR0000NNWB,2009-04-08,TMAX,161
USW00093719,2011-02-21,TMAX,261
USR0000NNWB,2009-04-08,TMIN,22
USW00093719,2011-02-21,TMIN,83
USW00093765,2005-03-29,TMIN,111
USW00013754,2013-07-21,TMAX,294
USR0000NCRN,2012-04-30,TMAX,244
USC00315830,2005-02-01,TMIN,11
USC00310576,2012-01-29,TMAX,183
USC00316676,2011-06-09,TMAX,350
USC00316676,2011-06-09,TMIN,211
USW00093765,2011-04-10,TMIN,144
USC00315830,2005-09-16,TMAX,317
USC00315830,2005-09-16,TMIN,244
USC00314684,2010-03-06,TMIN,-17
USC00316676,2011-05-16,TMIN,161
USC00314684,2010-03-06,TMAX,94
USW00093765,2011-04-10,TMAX,233
USW00013754,2015-12-17,TMIN,139
USC00315830,2010-11-28,TMIN,17
USC00316676,2009-01-13,TMIN,0
USR0000NCRN,2014-09-25,TMAX,244
USC00315830,2010-11-28,TMAX,111
USW00013754,2015-12-17,TMAX,244
USR0000NCRN,2014-09-25,TMIN,183
USR0000NCRN,2012-04-30,TMIN,133
USW00013754,2008-01-22,TMIN,-5
USC00310576,2012-01-29,TMIN,28
USW00013754,2008-03-19,TMAX,239
USW00013754,2008-03-19,TMIN,150
USC00315830,2012-01-04,TMIN,-72
USC00316676,2009-10-12,TMAX,211
USC00316676,2009-10-12,TMIN,133
USR0000NHOF,2007-07-21,TMIN,133
USC00315830,2012-02-17,TMAX,172
USW00013754,2008-01-22,TMAX,172
USC00315830,2012-01-04,TMAX,44
USC00315830,2012-02-17,TMIN,94
USW00013754,2011-08-31,TMAX,300
USR0000NCRN,2009-11-23,TMAX,189
USW00093765,2006-10-16,TMIN,83
USW00093765,2007-08-02,TMAX,300
USW00093765,2006-10-16,TMAX,211
USW00093765,2007-08-02,TMIN,217
USR0000NHOF,2007-07-21,TMAX,261
USC00314684,2009-10-17,TMIN,78
USC00316676,2013-09-29,TMAX,244
USC00310576,2014-04-20,TMIN,100
USC00314684,2015-02-21,TMAX,-33
USC00314689,2005-08-07,TMIN,206
USC00314684,2007-07-18,TMAX,328
USC00315830,2012-09-03,TMIN,222
USW00093743,2008-03-27,TMAX,200
USC00314684,2007-07-18,TMIN,217
USC00315830,2012-09-03,TMAX,283
USC00316096,2015-02-16,TMAX,6
USC00314689,2005-08-07,TMAX,306
USC00314689,2006-07-03,TMIN,228
USC00314144,2006-08-02,TMAX,372
USC00314144,2006-08-02,TMIN,222
USW00093743,2008-03-27,TMIN,106
USC00310576,2009-05-01,TMIN,161
USC00316096,2015-02-16,TMIN,-89
USC00310576,2010-02-27,TMAX,117
USC00314689,2006-07-03,TMAX,344
USC00310576,2009-12-16,TMAX,183
USC00314689,2007-05-08,TMIN,89
USR0000NCRN,2010-10-09,TMIN,78
USW00093719,2005-07-21,TMIN,244
USW00013754,2006-12-02,TMIN,89
USR0000NHOF,2014-01-18,TMIN,-56
USR0000NHOF,2007-03-08,TMAX,128
USC00314684,2015-02-21,TMIN,-122
USW00093719,2005-07-21,TMAX,339
USC00315830,2015-03-06,TMIN,-11
USR0000NCRN,2010-10-09,TMAX,278
USC00315830,2015-03-06,TMAX,183
USC00316676,2014-02-27,TMAX,67
USC00310576,2010-09-18,TMIN,206
USC00317170,2008-12-31,TMAX,172
USC00317170,2008-12-31,TMIN,33
USC00314689,2007-05-08,TMAX,194
USW00093765,2009-01-11,TMAX,161
USW00093765,2009-01-11,TMIN,78
USC00316676,2014-02-27,TMIN,-6
USC00310576,2010-02-27,TMIN,6
USC00310576,2009-12-16,TMIN,78
USC00310576,2010-09-18,TMAX,322
USC00314689,2012-11-30,TMAX,139
USC00314689,2012-11-30,TMIN,-22
USR0000NNWB,2007-06-25,TMIN,217
USC00314144,2008-07-25,TMIN,172
USC00314144,2008-07-25,TMAX,294
USW00013754,2013-11-22,TMIN,106
USW00013754,2013-11-22,TMAX,222
USC00315830,2008-04-14,TMAX,194
USC00310356,2006-03-07,TMIN,33
USR0000NHOF,2011-02-23,TMIN,-11
USR0000NHOF,2011-02-23,TMAX,128
USR0000NNWB,2007-06-25,TMAX,339
USR0000NNWB,2013-01-01,TMIN,83
USC00316676,2013-09-29,TMIN,156
USC00310356,2006-03-07,TMAX,139
USC00310576,2014-04-20,TMAX,128
USR0000NNWB,2013-01-01,TMAX,133
USC00315830,2005-11-04,TMAX,222
USC00315830,2005-11-04,TMIN,83
USC00315830,2008-04-14,TMIN,61
USW00013754,2008-08-12,TMAX,289
USC00310576,2009-05-01,TMAX,261
USC00315830,2007-07-30,TMAX,300
USR0000NHOF,2014-09-25,TMIN,178
USR0000NHOF,2014-09-25,TMAX,244
USC00314684,2005-03-27,TMAX,183
USC00310356,2014-09-25,TMIN,211
USC00310356,2014-09-25,TMAX,256
USC00317170,2011-09-28,TMAX,300
USC00316676,2014-12-09,TMIN,61
USW00013754,2008-08-12,TMIN,189
USC00317170,2011-09-28,TMIN,194
USC00314684,2005-03-27,TMIN,94
USC00315830,2006-08-06,TMIN,239
USC00315830,2006-08-06,TMAX,311
USC00315830,2007-07-30,TMIN,239
USC00316676,2014-12-09,TMAX,144
USC00314144,2008-10-19,TMAX,161
USW00093719,2009-08-07,TMAX,294
USW00093719,2009-08-07,TMIN,206
USW00093743,2012-07-27,TMIN,261
USW00093719,2011-02-07,TMIN,11
USR0000NHOF,2010-02-27,TMAX,111
USR0000NHOF,2010-02-27,TMIN,-33
USC00316096,2015-02-21,TMIN,-94
USC00314144,2010-05-20,TMAX,261
USC00316096,2015-02-21,TMAX,144
USC00314684,2005-03-09,TMAX,167
USC00314144,2010-05-20,TMIN,117
USR0000NNWB,2007-04-12,TMIN,122
USR0000NNWB,2007-04-12,TMAX,256
USC00314689,2009-02-15,TMIN,28
USC00310576,2006-01-09,TMAX,206
USC00314689,2013-01-06,TMIN,56
USC00314144,2011-01-15,TMAX,94
USC00316096,2011-04-02,TMIN,6
USC00314689,2013-01-06,TMAX,111
USC00316676,2014-11-17,TMIN,56
USR0000NHOF,2011-03-11,TMIN,-11
USC00310576,2010-04-12,TMIN,61
USW00093719,2011-02-07,TMAX,106
USC00316096,2011-04-02,TMAX,183
USC00310356,2007-04-11,TMAX,161
USC00310356,2007-04-11,TMIN,67
USR0000NHOF,2012-03-18,TMAX,211
USR0000NHOF,2012-03-18,TMIN,122
USR0000NCRN,2005-09-24,TMIN,206
USC00315830,2008-05-02,TMAX,244
USC00310576,2010-04-12,TMAX,244
USC00315830,2008-05-02,TMIN,144
USR0000NNWB,2007-03-28,TMAX,289
USR0000NCRN,2008-07-25,TMIN,211
USR0000NCRN,2008-07-25,TMAX,294
USC00314144,2005-12-12,TMIN,-22
USC00314144,2005-12-12,TMAX,128
USW00093719,2009-05-06,TMAX,272
USC00316676,2014-11-17,TMAX,133
USR0000NCRN,2005-09-24,TMAX,322
USW00093719,2009-05-06,TMIN,194
USR0000NHOF,2011-03-11,TMAX,111
USW00093765,2011-09-28,TMAX,283
USC00316096,2014-09-10,TMAX,289
USR0000NHOF,2010-11-15,TMAX,217
USR0000NNWB,2012-05-11,TMIN,100
USR0000NNWB,2012-05-11,TMAX,256
USR0000NCRN,2015-05-24,TMIN,128
USR0000NCRN,2015-05-24,TMAX,261
USC00315830,2009-07-23,TMIN,222
USW00093719,2007-10-21,TMIN,83
USC00315830,2009-07-23,TMAX,294
USC00316096,2012-11-30,TMIN,-22
USC00317170,2012-06-09,TMIN,150
USR0000NHOF,2010-11-15,TMIN,-17
USC00316096,2014-09-10,TMIN,211
USC00317170,2012-06-09,TMAX,317
USW00093765,2011-09-28,TMIN,228
USC00316096,2009-10-17,TMIN,83
USC00316096,2012-11-30,TMAX,172
USC00310576,2006-01-09,TMIN,61
USC00310576,2010-05-07,TMAX,328
USC00310576,2011-11-04,TMIN,28
USR0000NCRN,2015-08-23,TMIN,194
USC00314144,2011-01-15,TMIN,-72
USR0000NCRN,2010-01-16,TMIN,-33
USR0000NCRN,2010-01-16,TMAX,194
USR0000NCRN,2015-08-23,TMAX,306
USC00314689,2009-02-15,TMAX,122
USC00316096,2014-07-11,TMAX,278
USC00310576,2011-11-04,TMAX,206
USW00093719,2007-10-21,TMAX,261
USC00310356,2014-04-20,TMIN,111
USW00093719,2008-09-01,TMAX,300
USW00093719,2008-09-01,TMIN,178
USC00316096,2014-07-11,TMIN,217
USC00310576,2010-05-07,TMIN,156
USR0000NCRN,2014-01-18,TMAX,122
USR0000NCRN,2014-01-18,TMIN,-50
USC00310356,2014-04-20,TMAX,139
USW00093743,2010-02-27,TMIN,0
USW00093743,2010-02-27,TMAX,100
USW00093765,2014-05-31,TMIN,150
USW00093743,2011-06-05,TMIN,217
USC00314689,2009-10-17,TMAX,144
USR0000NCRN,2011-12-19,TMAX,133
USW00093719,2013-08-10,TMIN,244
USW00093719,2013-08-10,TMAX,350
USR0000NCRN,2011-12-19,TMIN,-39
USC00310576,2015-07-06,TMAX,317
USW00093743,2011-06-05,TMAX,306
USC00310576,2015-07-06,TMIN,222
USC00314689,2013-09-20,TMIN,150
USR0000NCRN,2008-02-27,TMIN,0
USR0000NCRN,2008-02-27,TMAX,133
USW00093743,2012-03-18,TMAX,228
USW00093743,2012-03-18,TMIN,128
USR0000NNWB,2007-03-28,TMIN,144
USC00314684,2014-06-09,TMIN,178
USC00314689,2013-09-20,TMAX,256
USC00314684,2014-06-09,TMAX,311
USC00314689,2009-10-17,TMIN,83
USC00310576,2005-09-16,TMIN,228
USW00093743,2009-11-12,TMAX,183
USC00310356,2015-05-24,TMIN,178
USC00310356,2015-05-24,TMAX,272
USC00315830,2007-10-17,TMIN,189
USC00316676,2005-06-03,TMIN,161
USC00317170,2015-09-15,TMAX,261
USR0000NNWB,2007-06-13,TMAX,272
USW00093765,2015-12-17,TMAX,228
USC00314684,2011-09-10,TMAX,294
USW00093765,2006-11-13,TMIN,106
USW00093765,2006-11-13,TMAX,150
USC00314684,2011-09-10,TMIN,167
USC00315830,2007-10-17,TMAX,283
USC00314144,2010-08-31,TMAX,333
USW00093765,2015-12-17,TMIN,172
USC00310576,2005-09-16,TMAX,306
USR0000NNWB,2007-06-13,TMIN,183
USR0000NCRN,2015-07-14,TMIN,222
USR0000NNWB,2008-12-24,TMAX,206
USR0000NNWB,2008-06-05,TMIN,244
USC00315830,2006-07-13,TMIN,267
USW00093743,2007-06-24,TMAX,283
USC00310356,2009-11-12,TMAX,211
USC00315830,2006-07-13,TMAX,306
USW00013754,2014-07-02,TMIN,244
USC00310356,2010-02-27,TMAX,100
USC00310356,2010-02-27,TMIN,6
USC00316676,2012-04-29,TMIN,128
USR0000NCRN,2015-07-14,TMAX,294
USW00093743,2007-06-24,TMIN,200
USW00013754,2008-04-09,TMAX,172
USW00013754,2014-07-02,TMAX,311
USW00013754,2008-04-09,TMIN,106
USW00093765,2014-05-31,TMAX,283
USC00314684,2006-10-16,TMIN,17
USC00314684,2006-10-16,TMAX,206
USW00013754,2007-09-25,TMIN,156
USW00013754,2007-09-25,TMAX,283
USC00314689,2009-05-18,TMAX,206
USC00316676,2012-04-29,TMAX,194
USR0000NNWB,2008-06-05,TMAX,361
USR0000NNWB,2008-12-24,TMIN,44
USC00316676,2006-08-31,TMIN,228
USC00315830,2009-06-22,TMIN,211
USC00310356,2007-06-24,TMAX,306
USR0000NCRN,2015-09-29,TMIN,228
USC00310356,2007-06-24,TMIN,222
USC00314689,2009-05-18,TMIN,94
USR0000NCRN,2015-09-29,TMAX,289
USC00317170,2015-01-25,TMIN,-11
USC00317170,2015-01-25,TMAX,128
USC00316676,2006-08-31,TMAX,333
USW00093765,2006-07-03,TMAX,294
USR0000NHOF,2005-08-06,TMAX,306
USW00093765,2006-07-03,TMIN,250
USR0000NHOF,2005-08-06,TMIN,183
USC00310356,2009-11-12,TMIN,167
USC00316676,2009-05-05,TMAX,294
USC00315830,2014-08-05,TMIN,228
USR0000NHOF,2011-01-19,TMIN,28
USC00316676,2009-05-05,TMIN,167
USW00093719,2010-10-31,TMIN,94
USC00317170,2010-03-25,TMAX,244
USW00013754,2012-08-11,TMAX,283
USW00013754,2012-08-11,TMIN,228
USC00314144,2009-10-30,TMAX,206
USW00093719,2010-10-31,TMAX,239
USC00315830,2015-10-18,TMAX,217
USW00093743,2013-02-23,TMIN,83
USC00315830,2015-10-18,TMIN,78
USW00093743,2011-01-19,TMAX,128
USC00310576,2012-12-11,TMAX,233
USC00314689,2010-03-06,TMIN,22
USC00315830,2013-02-15,TMAX,150
USC00315830,2013-02-15,TMIN,33
USC00314689,2010-03-06,TMAX,117
USC00315830,2014-02-16,TMAX,89
USW00093743,2013-02-23,TMAX,161
USC00315830,2014-02-16,TMIN,0
USC00310576,2012-12-11,TMIN,156
USC00314144,2009-10-30,TMIN,128
USR0000NHOF,2007-04-11,TMIN,89
USC00310576,2008-12-12,TMAX,228
USC00317170,2010-08-22,TMIN,228
USR0000NHOF,2012-07-27,TMAX,350
USR0000NCRN,2012-10-14,TMAX,267
USC00310576,2008-12-12,TMIN,139
USW00093765,2011-12-29,TMIN,-5
USC00317170,2010-03-25,TMIN,89
USR0000NCRN,2012-10-14,TMIN,117
USC00314684,2015-02-16,TMAX,-6
USC00315830,2005-10-14,TMIN,167
USC00315830,2005-10-14,TMAX,206
USC00317170,2010-08-22,TMAX,333
USC00314684,2006-11-09,TMAX,222
USC00314684,2006-11-09,TMIN,128
USC00314684,2015-02-16,TMIN,-83
USC00317170,2011-04-10,TMAX,233
USC00314689,2006-12-03,TMAX,139
USC00310356,2013-02-23,TMIN,44
USC00310356,2013-02-23,TMAX,156
USC00310356,2008-03-27,TMIN,39
USW00093743,2011-03-11,TMAX,133
USC00310576,2013-12-29,TMIN,0
USC00310576,2011-06-16,TMIN,167
USC00314689,2012-03-21,TMIN,144
USC00314689,2012-03-21,TMAX,278
USR0000NCRN,2007-11-14,TMIN,100
USC00310576,2013-12-29,TMAX,194
USC00314144,2005-09-24,TMIN,189
USC00314144,2005-09-24,TMAX,322
USR0000NCRN,2007-11-14,TMAX,233
USC00314684,2009-11-06,TMAX,200
USC00314684,2009-11-06,TMIN,11
USC00315830,2013-07-21,TMAX,306
USC00315830,2013-07-21,TMIN,244
USR0000NNWB,2008-09-28,TMAX,294
USC00314689,2011-02-14,TMAX,211
USW00093719,2009-11-10,TMAX,222
USW00093743,2011-03-11,TMIN,22
USW00093765,2015-09-13,TMAX,261
USW00093719,2013-11-22,TMIN,106
USC00310576,2014-09-25,TMIN,178
USC00310576,2014-09-25,TMAX,239
USW00093719,2013-11-22,TMAX,239
USR0000NHOF,2011-12-03,TMAX,161
USC00314689,2015-01-14,TMIN,-6
USC00314689,2015-01-14,TMAX,39
USC00316676,2006-08-28,TMIN,206
USR0000NHOF,2011-12-03,TMIN,-28
USR0000NCRN,2015-11-15,TMIN,-6
USR0000NHOF,2014-08-12,TMAX,233
USC00310356,2008-03-27,TMAX,133
USW00093765,2012-06-09,TMIN,206
USW00093765,2012-06-09,TMAX,289
USC00316676,2006-08-28,TMAX,306
USR0000NNWB,2008-09-28,TMIN,183
USR0000NHOF,2014-08-12,TMIN,222
USC00317170,2011-04-10,TMIN,133
USW00093743,2011-01-19,TMIN,67
USW00013754,2012-05-11,TMAX,250
USR0000NNWB,2015-08-14,TMAX,311
USC00314689,2014-09-10,TMAX,272
USC00314689,2014-09-10,TMIN,206
USW00013754,2013-08-10,TMAX,328
USC00316676,2005-08-14,TMAX,333
USC00314684,2011-08-16,TMIN,178
USC00317170,2010-06-25,TMAX,356
USW00013754,2013-08-10,TMIN,233
USC00314684,2015-03-19,TMIN,50
USC00316676,2005-08-14,TMIN,217
USC00314684,2011-08-16,TMAX,306
USW00093719,2010-04-14,TMIN,78
USW00093719,2010-04-14,TMAX,161
USC00314684,2015-03-19,TMAX,144
USR0000NHOF,2011-06-05,TMAX,306
USC00310356,2005-02-23,TMAX,128
USC00317170,2009-01-18,TMIN,-11
USR0000NNWB,2015-08-14,TMIN,194
USR0000NHOF,2007-06-24,TMIN,161
USR0000NHOF,2007-06-24,TMAX,300
USC00317170,2009-01-18,TMAX,89
USC00317170,2010-06-25,TMIN,256
USW00093765,2006-03-03,TMAX,183
USR0000NNWB,2007-06-09,TMIN,211
USC00314684,2005-03-09,TMIN,-44
USW00093765,2006-03-03,TMIN,28
USC00310576,2007-03-21,TMIN,100
USC00314684,2012-06-27,TMIN,117
USR0000NHOF,2014-04-20,TMAX,139
USC00316676,2010-09-30,TMIN,200
USR0000NHOF,2014-04-20,TMIN,100
USC00310576,2007-03-21,TMAX,250
USC00316096,2009-10-17,TMAX,139
USC00314684,2012-06-27,TMAX,244
USW00093765,2011-12-29,TMAX,139
USR0000NNWB,2007-06-09,TMAX,328
USC00316676,2010-09-30,TMAX,250
USR0000NCRN,2007-01-24,TMIN,72
USR0000NCRN,2007-01-24,TMAX,122
USR0000NCRN,2012-07-25,TMAX,306
USC00310356,2011-12-03,TMAX,156
USC00310356,2011-12-03,TMIN,56
USC00316676,2013-04-15,TMIN,72
USC00316676,2013-04-15,TMAX,267
USC00314144,2009-11-23,TMAX,189
USC00314144,2009-11-23,TMIN,122
USC00315830,2011-12-08,TMIN,67
USR0000NCRN,2012-07-25,TMIN,222
USC00314689,2006-12-03,TMIN,28
USC00315830,2011-12-08,TMAX,217
USC00310576,2005-01-09,TMAX,228
USR0000NCRN,2011-03-18,TMIN,100
USR0000NCRN,2011-03-18,TMAX,211
USC00310576,2005-01-09,TMIN,61
USR0000NHOF,2012-07-27,TMIN,239
USW00013754,2012-05-11,TMIN,100
USW00093765,2015-01-25,TMAX,100
USC00314684,2011-07-14,TMIN,228
USC00314684,2011-07-14,TMAX,383
USC00314144,2010-01-16,TMAX,183
USC00310356,2005-02-23,TMIN,56
USR0000NHOF,2007-04-11,TMAX,178
USR0000NCRN,2010-07-16,TMAX,306
USR0000NCRN,2010-07-16,TMIN,267
USW00093765,2015-01-25,TMIN,22
USC00316676,2009-06-15,TMAX,322
USC00316676,2009-06-15,TMIN,200
USR0000NHOF,2012-02-23,TMAX,244
USR0000NHOF,2012-02-23,TMIN,122
USR0000NHOF,2013-02-23,TMIN,56
USR0000NHOF,2013-02-23,TMAX,89
USC00316676,2015-07-29,TMAX,311
USC00316676,2015-07-29,TMIN,211
USW00013754,2008-06-05,TMIN,239
USW00013754,2008-06-05,TMAX,339
USR0000NHOF,2011-06-05,TMIN,172
USC00314144,2010-01-16,TMIN,-50
USR0000NHOF,2011-01-19,TMAX,122
USC00314144,2005-07-11,TMAX,322
USC00314684,2009-09-21,TMAX,272
USC00314684,2009-09-21,TMIN,144
USR0000NCRN,2009-03-22,TMIN,6
USR0000NCRN,2009-03-22,TMAX,167
USC00314144,2009-02-06,TMAX,94
USR0000NNWB,2014-04-18,TMAX,189
USC00314144,2008-06-06,TMIN,211
USC00314144,2008-06-06,TMAX,350
USW00093719,2015-11-19,TMAX,217
USC00314144,2009-02-06,TMIN,-33
USR0000NNWB,2008-03-06,TMAX,228
USW00093719,2009-11-06,TMAX,156
USC00310356,2014-06-10,TMIN,211
USC00314144,2010-07-04,TMIN,111
USR0000NNWB,2008-03-06,TMIN,67
USC00310356,2009-08-08,TMIN,222
USC00310356,2009-08-08,TMAX,311
USW00013754,2010-04-07,TMIN,156
USW00093765,2013-11-15,TMAX,206
USC00317170,2014-11-16,TMAX,111
USC00314144,2008-11-22,TMIN,-100
USC00314144,2010-09-05,TMAX,294
USC00317170,2014-05-19,TMAX,228
USC00314144,2010-09-05,TMIN,122
USW00093719,2006-08-01,TMAX,356
USW00093719,2006-08-01,TMIN,233
USC00316096,2012-06-10,TMIN,167
USC00316096,2012-06-10,TMAX,278
USR0000NCRN,2010-10-25,TMIN,139
USC00314144,2008-11-22,TMAX,67
USR0000NCRN,2010-10-25,TMAX,250
USW00093743,2009-08-08,TMAX,294
USC00310576,2005-10-10,TMAX,228
USC00316676,2007-02-15,TMAX,122
USC00316676,2007-02-15,TMIN,-17
USW00093719,2015-11-19,TMIN,189
USC00310576,2005-10-10,TMIN,200
USC00314689,2015-04-09,TMIN,150
USW00093743,2009-08-08,TMIN,228
USR0000NCRN,2011-12-02,TMIN,-28
USC00315830,2005-05-11,TMIN,106
USC00314689,2009-04-07,TMAX,256
USC00316096,2010-07-18,TMAX,311
USR0000NCRN,2007-05-19,TMAX,350
USW00093765,2010-07-28,TMAX,294
USR0000NCRN,2014-06-27,TMAX,300
USR0000NCRN,2014-06-27,TMIN,217
USC00314144,2005-08-19,TMIN,211
USW00093765,2010-07-28,TMIN,228
USR0000NNWB,2009-10-30,TMAX,217
USC00314144,2005-08-19,TMAX,344
USR0000NCRN,2007-05-19,TMIN,94
USW00013754,2008-03-28,TMIN,156
USW00013754,2008-03-28,TMAX,244
USC00315830,2011-09-21,TMIN,222
USR0000NHOF,2011-07-28,TMIN,239
USC00314684,2007-08-25,TMAX,333
USC00314684,2007-08-25,TMIN,211
USC00314144,2010-07-04,TMAX,306
USC00316676,2005-02-05,TMAX,94
USW00093765,2013-08-12,TMAX,306
USW00093765,2013-08-12,TMIN,244
USC00314689,2009-04-07,TMIN,61
USC00317170,2014-11-16,TMIN,-11
USW00093765,2013-11-15,TMIN,33
USR0000NNWB,2014-04-18,TMIN,61
USC00314684,2015-07-04,TMAX,289
USC00314684,2015-07-04,TMIN,217
USC00316096,2010-07-18,TMIN,222
USC00316676,2005-02-05,TMIN,28
USW00093719,2007-08-31,TMIN,200
USR0000NNWB,2009-10-30,TMIN,139
USC00310356,2014-06-10,TMAX,267
USR0000NNWB,2011-03-16,TMAX,194
USC00314689,2015-04-09,TMAX,289
USW00093719,2009-11-06,TMIN,28
USR0000NNWB,2011-03-16,TMIN,78
USC00315830,2005-05-11,TMAX,256
USW00093719,2007-08-31,TMAX,306
USC00314684,2012-03-08,TMAX,189
USR0000NCRN,2011-12-02,TMAX,167
USC00316676,2012-12-07,TMIN,89
USC00316676,2012-08-10,TMIN,217
USW00093719,2010-03-07,TMIN,-39
USW00093719,2010-03-07,TMAX,167
USC00317170,2008-06-18,TMIN,189
USW00013754,2014-12-10,TMIN,39
USC00310576,2012-11-11,TMAX,206
USC00317170,2008-06-18,TMAX,306
USC00316676,2012-08-10,TMAX,300
USC00317170,2013-08-12,TMIN,228
USC00314144,2008-09-10,TMIN,244
USC00317170,2013-08-12,TMAX,344
USC00316096,2010-04-23,TMAX,244
USR0000NNWB,2005-01-20,TMIN,-39
USR0000NNWB,2005-01-20,TMAX,100
USC00316096,2010-04-23,TMIN,72
USR0000NNWB,2005-02-12,TMIN,-28
USC00314144,2008-09-10,TMAX,272
USR0000NNWB,2005-02-12,TMAX,156
USC00315830,2014-03-02,TMAX,183
USR0000NNWB,2009-01-18,TMIN,-11
USC00315830,2015-04-22,TMIN,122
USW00013754,2007-08-23,TMAX,306
USC00310576,2008-09-01,TMAX,317
USC00314689,2012-06-10,TMIN,178
USC00316676,2015-07-14,TMAX,250
USC00314144,2009-07-16,TMAX,317
USC00314144,2009-07-16,TMIN,161
USC00315830,2014-03-02,TMIN,39
USC00310576,2014-09-28,TMIN,156
USC00315830,2010-01-06,TMIN,-56
USC00317170,2009-12-20,TMIN,11
USC00314689,2012-06-10,TMAX,317
USC00310576,2008-09-01,TMIN,200
USR0000NNWB,2009-01-18,TMAX,78
USC00317170,2009-12-20,TMAX,89
USC00315830,2008-01-09,TMAX,189
USC00310576,2014-09-28,TMAX,261
USC00317170,2014-05-19,TMIN,100
USW00013754,2014-12-10,TMAX,139
USC00316096,2012-09-04,TMIN,222
USC00317170,2015-02-15,TMIN,-78
USW00093765,2012-04-27,TMAX,272
USW00093765,2012-04-27,TMIN,178
USW00013754,2014-04-18,TMAX,178
USW00013754,2014-04-18,TMIN,78
USR0000NCRN,2008-12-28,TMAX,211
USR0000NCRN,2008-12-28,TMIN,167
USC00317170,2015-02-15,TMAX,94
USR0000NHOF,2009-08-08,TMAX,306
USC00314684,2006-07-01,TMAX,317
USC00314684,2006-07-01,TMIN,189
USC00314689,2012-03-17,TMIN,144
USC00310576,2005-02-10,TMIN,61
USR0000NHOF,2014-06-10,TMIN,222
USR0000NHOF,2014-06-10,TMAX,356
USC00316676,2012-12-07,TMAX,122
USC00310576,2005-02-10,TMAX,139
USC00310576,2012-11-11,TMIN,17
USW00093765,2007-12-08,TMAX,178
USW00093765,2006-10-10,TMIN,178
USC00316096,2012-09-04,TMAX,289
USW00093743,2010-07-07,TMAX,367
USC00317170,2008-07-25,TMIN,206
USW00093719,2010-09-17,TMAX,311
USC00317170,2010-02-25,TMAX,78
USC00317170,2010-02-25,TMIN,39
USC00314684,2015-12-18,TMIN,122
USR0000NHOF,2009-08-08,TMIN,167
USC00314684,2015-12-18,TMAX,239
USC00316676,2010-05-04,TMAX,311
USW00093743,2010-07-07,TMIN,233
USC00316676,2010-05-04,TMIN,228
USW00093719,2010-09-17,TMIN,206
USC00317170,2008-07-25,TMAX,300
USC00314689,2012-03-17,TMAX,261
USW00093765,2006-10-10,TMAX,261
USW00093765,2007-12-08,TMIN,61
USC00317170,2012-04-27,TMAX,267
USC00317170,2012-04-27,TMIN,144
USC00314684,2012-03-08,TMIN,28
USW00093743,2011-07-28,TMIN,250
USC00316096,2015-07-04,TMAX,317
USC00316096,2015-07-04,TMIN,239
USC00310576,2012-10-12,TMAX,211
USC00310576,2012-10-12,TMIN,67
USC00316676,2005-12-12,TMIN,-6
USC00310576,2013-12-22,TMIN,117
USC00314684,2008-05-07,TMAX,294
USC00310576,2013-12-22,TMAX,222
USC00316096,2012-05-12,TMIN,89
USW00093743,2009-01-11,TMAX,161
USW00093765,2005-03-09,TMAX,72
USR0000NCRN,2008-08-06,TMAX,367
USR0000NCRN,2008-08-06,TMIN,250
USW00093743,2009-01-11,TMIN,83
USC00316096,2012-05-12,TMAX,244
USC00316676,2005-12-12,TMAX,139
USW00093743,2011-07-28,TMAX,317
USW00093719,2014-04-18,TMIN,72
USC00310356,2012-07-11,TMAX,306
USW00013754,2009-11-22,TMIN,83
USW00093719,2015-11-06,TMAX,278
USC00317170,2008-07-07,TMIN,211
USC00310356,2009-01-11,TMAX,156
USW00093719,2010-09-24,TMIN,189
USC00316676,2011-10-13,TMIN,200
USC00310356,2009-01-11,TMIN,122
USC00314684,2008-05-07,TMIN,106
USW00093765,2007-08-26,TMAX,311
USW00093719,2014-04-18,TMAX,189
USC00310356,2006-03-14,TMAX,200
USC00310356,2014-09-28,TMAX,261
USW00093719,2008-02-02,TMAX,150
USW00093719,2008-02-02,TMIN,0
USC00310356,2012-07-11,TMIN,228
USC00315830,2011-09-17,TMIN,183
USC00310356,2014-09-28,TMIN,178
USC00317170,2008-07-07,TMAX,300
USR0000NHOF,2009-01-14,TMIN,-39
USC00314689,2006-10-17,TMAX,206
USC00314684,2010-02-25,TMAX,72
USC00314684,2010-02-25,TMIN,11
USW00093765,2005-11-28,TMAX,222
USR0000NHOF,2006-12-30,TMIN,0
USW00093765,2007-11-04,TMIN,56
USW00093719,2007-08-02,TMIN,178
USW00093765,2007-11-04,TMAX,189
USW00093765,2005-03-09,TMIN,-22
USC00310576,2011-03-18,TMAX,222
USC00310576,2014-09-09,TMIN,222
USW00093765,2009-12-20,TMIN,11
USW00093765,2009-12-20,TMAX,89
USC00317170,2008-09-14,TMIN,233
USC00314144,2011-04-26,TMIN,178
USC00314144,2011-04-26,TMAX,256
USC00317170,2008-09-14,TMAX,333
USC00310576,2014-09-09,TMAX,272
USC00314689,2006-10-17,TMIN,139
USC00314689,2015-07-04,TMIN,222
USR0000NHOF,2006-12-30,TMAX,183
USR0000NHOF,2009-01-14,TMAX,72
USC00316676,2012-11-16,TMIN,78
USW00093743,2007-10-01,TMIN,189
USW00013754,2005-02-12,TMIN,-28
USR0000NHOF,2011-03-10,TMIN,89
USC00314689,2005-06-05,TMIN,211
USW00093743,2007-10-01,TMAX,267
USC00314689,2015-07-04,TMAX,317
USC00314689,2005-06-05,TMAX,306
USW00013754,2005-02-12,TMAX,150
USW00093719,2011-03-03,TMAX,106
USC00315830,2013-07-17,TMAX,328
USW00093765,2005-11-28,TMIN,161
USC00315830,2013-07-17,TMIN,244
USR0000NCRN,2015-03-14,TMAX,189
USR0000NCRN,2015-03-14,TMIN,156
USC00316676,2012-11-16,TMAX,133
USW00093719,2007-08-02,TMAX,306
USR0000NHOF,2014-09-28,TMAX,294
USC00310356,2005-10-15,TMAX,233
USW00013754,2009-02-13,TMAX,200
USC00314689,2007-11-12,TMIN,6
USR0000NCRN,2014-08-04,TMAX,256
USR0000NCRN,2014-08-04,TMIN,222
USC00315830,2010-12-11,TMAX,111
USC00315830,2010-12-11,TMIN,50
USC00310576,2013-04-19,TMIN,122
USC00314689,2007-11-12,TMAX,172
USC00310576,2013-04-19,TMAX,261
USW00013754,2009-02-13,TMIN,6
USC00316676,2010-08-25,TMIN,206
USR0000NHOF,2012-07-11,TMIN,211
USR0000NHOF,2012-07-11,TMAX,294
USC00315830,2011-01-19,TMIN,67
USC00314684,2012-09-04,TMIN,211
USC00314684,2012-09-04,TMAX,300
USC00316676,2010-08-25,TMAX,283
USC00315830,2011-01-19,TMAX,111
USC00314684,2012-07-24,TMAX,344
USR0000NCRN,2005-12-07,TMAX,94
USW00013754,2010-04-07,TMAX,261
USR0000NHOF,2011-07-28,TMAX,328
USC00314684,2010-06-10,TMIN,189
USC00314684,2010-06-10,TMAX,300
USC00315830,2011-09-17,TMAX,217
USC00310576,2005-07-21,TMAX,339
USR0000NHOF,2005-10-15,TMIN,106
USR0000NCRN,2005-12-07,TMIN,-33
USR0000NHOF,2005-10-15,TMAX,250
USC00314689,2012-05-12,TMIN,100
USC00314689,2012-05-12,TMAX,244
USW00093765,2007-08-26,TMIN,256
USW00093765,2005-02-22,TMAX,128
USW00093765,2005-02-22,TMIN,50
USR0000NNWB,2007-05-12,TMIN,183
USR0000NNWB,2007-05-12,TMAX,289
USC00310576,2005-07-21,TMIN,250
USR0000NHOF,2011-03-10,TMAX,178
USC00314689,2005-09-14,TMAX,306
USC00314689,2005-09-14,TMIN,239
USW00093765,2010-06-24,TMAX,322
USW00093765,2010-06-24,TMIN,267
USC00316676,2008-10-31,TMAX,139
USC00314684,2008-09-28,TMIN,172
USC00314684,2008-09-28,TMAX,283
USW00093743,2012-07-11,TMAX,289
USW00013754,2009-11-22,TMAX,161
USC00316676,2008-10-31,TMIN,-11
USC00316676,2011-10-13,TMAX,239
USC00310356,2005-10-15,TMIN,172
USC00315830,2012-06-27,TMIN,156
USC00310356,2006-12-30,TMAX,189
USC00310356,2006-12-30,TMIN,67
USR0000NHOF,2014-09-28,TMIN,139
USC00314684,2012-02-10,TMAX,94
USC00314684,2012-02-10,TMIN,-28
USC00315830,2012-06-27,TMAX,278
USR0000NHOF,2014-02-15,TMIN,-11
USR0000NCRN,2009-07-16,TMIN,267
USR0000NCRN,2009-07-16,TMAX,289
USR0000NNWB,2008-02-14,TMAX,117
USW00093719,2011-03-03,TMIN,0
USW00093719,2015-08-23,TMIN,200
USW00093719,2010-09-24,TMAX,317
USW00093719,2015-08-23,TMAX,311
USC00315830,2011-09-21,TMAX,272
USC00314684,2012-07-24,TMIN,211
USR0000NNWB,2008-02-14,TMIN,17
USC00310576,2011-03-18,TMIN,56
USW00013754,2013-12-17,TMAX,167
USW00093719,2015-11-06,TMIN,172
USW00013754,2013-12-17,TMIN,17
USW00093743,2012-07-11,TMIN,222
USC00317170,2008-06-15,TMAX,294
USC00317170,2008-06-15,TMIN,211
USC00314689,2006-07-01,TMIN,183
USR0000NHOF,2014-02-15,TMAX,106
USC00315830,2015-04-22,TMAX,233
USW00093719,2013-08-12,TMIN,239
USC00316676,2015-07-14,TMIN,217
USC00314144,2009-01-26,TMIN,17
USW00093719,2006-08-28,TMAX,328
USW00093719,2006-08-28,TMIN,217
USC00317170,2010-12-03,TMAX,100
USW00093765,2006-07-01,TMAX,289
USW00093765,2006-07-01,TMIN,222
USC00314684,2014-05-14,TMIN,178
USC00317170,2010-12-03,TMIN,22
USC00316096,2013-08-12,TMAX,322
USR0000NNWB,2014-07-11,TMAX,294
USC00314689,2010-07-18,TMAX,328
USC00316676,2005-11-04,TMIN,56
USR0000NHOF,2008-11-28,TMAX,189
USR0000NNWB,2012-06-29,TMIN,228
USR0000NCRN,2013-07-17,TMAX,328
USR0000NCRN,2005-08-19,TMIN,228
USR0000NCRN,2005-08-19,TMAX,339
USC00314689,2010-07-18,TMIN,233
USR0000NCRN,2013-07-17,TMIN,217
USC00316096,2013-08-12,TMIN,233
USC00310356,2011-04-11,TMIN,139
USC00310356,2007-03-19,TMAX,83
USC00310356,2007-03-19,TMIN,0
USC00317170,2008-02-12,TMAX,211
USC00317170,2008-02-12,TMIN,11
USC00316676,2012-01-29,TMIN,11
USW00013754,2012-04-27,TMAX,272
USC00314689,2012-06-03,TMIN,128
USC00310356,2011-04-11,TMAX,233
USW00013754,2015-11-03,TMAX,200
USC00314684,2005-06-20,TMAX,283
USC00316676,2011-04-03,TMAX,200
USC00314684,2014-05-14,TMAX,333
USC00316676,2008-05-01,TMAX,194
USC00317170,2015-01-21,TMIN,28
USC00316676,2008-05-01,TMIN,67
USC00316676,2012-01-29,TMAX,200
USW00013754,2012-04-27,TMIN,161
USC00314689,2015-12-18,TMAX,239
USR0000NHOF,2008-11-28,TMIN,6
USC00310356,2010-07-07,TMAX,294
USC00315830,2006-01-16,TMAX,133
USC00316096,2015-12-18,TMIN,61
USW00013754,2012-03-22,TMIN,156
USW00013754,2012-03-22,TMAX,250
USC00316096,2015-12-18,TMAX,194
USR0000NHOF,2007-09-09,TMIN,211
USC00315830,2008-12-20,TMIN,133
USC00315830,2006-01-16,TMIN,6
USC00314689,2013-09-19,TMAX,250
USC00316676,2006-03-02,TMIN,83
USC00310356,2007-06-29,TMAX,306
USR0000NNWB,2009-09-17,TMAX,272
USR0000NNWB,2009-09-17,TMIN,200
USC00314684,2013-08-12,TMIN,228
USC00316096,2012-03-17,TMAX,261
USC00316676,2010-01-17,TMIN,-28
USC00314689,2013-09-19,TMIN,106
USR0000NNWB,2012-06-29,TMAX,383
USW00093765,2012-01-18,TMAX,167
USC00316096,2013-02-13,TMIN,78
USC00315830,2008-12-20,TMAX,217
USC00310356,2010-07-07,TMIN,239
USC00316676,2005-11-04,TMAX,217
USR0000NCRN,2010-12-04,TMIN,-17
USR0000NCRN,2010-12-04,TMAX,61
USR0000NNWB,2014-07-11,TMIN,217
USW00093719,2005-01-08,TMAX,244
USC00310356,2007-06-29,TMIN,222
USW00093719,2005-01-08,TMIN,100
USC00310356,2011-03-10,TMIN,100
USC00317170,2009-02-24,TMAX,83
USR0000NNWB,2012-04-27,TMAX,278
USC00316096,2013-02-13,TMAX,139
USR0000NNWB,2012-04-27,TMIN,161
USC00316676,2006-03-02,TMAX,256
USC00317170,2009-02-24,TMIN,-22
USC00310356,2011-03-10,TMAX,194
USC00316676,2010-01-17,TMAX,178
USC00315830,2011-05-27,TMIN,228
USC00314684,2005-06-20,TMIN,172
USC00317170,2011-10-28,TMAX,183
USC00317170,2011-10-28,TMIN,106
USC00314689,2014-12-06,TMAX,161
USC00314689,2014-12-06,TMIN,78
USW00093765,2011-06-16,TMIN,194
USC00317170,2009-06-15,TMAX,294
USW00013754,2007-01-25,TMIN,17
USW00013754,2015-11-03,TMIN,172
USW00013754,2007-01-25,TMAX,106
USC00314684,2008-09-14,TMIN,222
USC00314684,2008-09-14,TMAX,328
USC00317170,2009-06-15,TMIN,200
USC00316676,2005-04-12,TMIN,94
USC00316676,2005-04-12,TMAX,261
USC00316096,2013-09-19,TMAX,256
USC00310576,2006-03-16,TMIN,17
USC00310356,2007-09-27,TMAX,289
USC00314144,2009-07-24,TMIN,194
USC00315830,2007-01-03,TMAX,183
USR0000NHOF,2006-12-20,TMAX,122
USW00013754,2009-08-04,TMIN,217
USC00310356,2011-02-05,TMIN,28
USC00314684,2013-02-13,TMAX,183
USW00013754,2009-09-17,TMIN,211
USC00314684,2013-02-13,TMIN,72
USC00310576,2011-09-04,TMAX,294
USC00310356,2011-02-05,TMAX,106
USC00315830,2007-01-03,TMIN,22
USC00314144,2005-12-07,TMAX,100
USC00310576,2015-08-03,TMIN,211
USC00310576,2015-08-03,TMAX,344
USC00310576,2008-04-09,TMAX,161
USW00013754,2008-02-02,TMAX,156
USW00013754,2008-02-02,TMIN,6
USR0000NHOF,2006-12-20,TMIN,-28
USC00310576,2008-04-09,TMIN,106
USC00314144,2005-12-07,TMIN,-50
USC00317170,2015-01-21,TMAX,200
USC00314144,2009-07-24,TMAX,283
USW00093765,2011-06-16,TMAX,300
USC00315830,2010-03-26,TMAX,194
USC00316676,2011-04-03,TMIN,28
USW00013754,2015-07-29,TMAX,322
USC00310576,2010-12-01,TMIN,72
USC00310576,2010-12-01,TMAX,228
USC00310576,2006-03-16,TMAX,194
USR0000NCRN,2011-07-17,TMIN,167
USC00316096,2015-10-17,TMIN,111
USR0000NCRN,2009-06-22,TMAX,289
USR0000NCRN,2011-07-17,TMAX,294
USR0000NCRN,2009-06-22,TMIN,222
USW00093765,2015-07-04,TMAX,300
USW00013754,2015-07-29,TMIN,211
USW00093765,2015-07-04,TMIN,256
USC00314689,2012-06-03,TMAX,267
USC00314689,2015-12-18,TMIN,133
USC00310576,2009-05-11,TMIN,150
USC00310576,2009-05-11,TMAX,272
USC00315830,2010-03-26,TMIN,156
USC00316676,2006-01-07,TMIN,-33
USW00093743,2007-06-29,TMIN,228
USC00316096,2015-10-17,TMAX,211
USC00316096,2013-09-19,TMIN,122
USW00093743,2007-06-29,TMAX,306
USR0000NCRN,2010-06-18,TMIN,206
USW00013754,2007-04-22,TMIN,56
USW00013754,2007-04-22,TMAX,267
USC00314689,2013-08-12,TMAX,344
USR0000NCRN,2010-06-18,TMAX,317
USC00310356,2007-09-27,TMIN,222
USC00314689,2013-08-12,TMIN,222
USC00316676,2006-11-08,TMAX,194
USC00314144,2006-11-14,TMIN,72
USC00314144,2006-11-14,TMAX,239
USC00315830,2011-05-27,TMAX,278
USC00316676,2006-11-08,TMIN,94
USC00316676,2006-01-07,TMAX,83
USC00316096,2012-03-17,TMIN,150
USC00310356,2012-10-12,TMAX,222
USR0000NCRN,2009-09-04,TMIN,233
USC00316676,2015-05-25,TMAX,272
USC00315830,2012-12-31,TMAX,117
USC00315830,2012-12-31,TMIN,-17
USC00314144,2005-06-26,TMAX,322
USC00314144,2005-06-26,TMIN,222
USC00314684,2015-04-27,TMAX,122
USW00093743,2011-03-10,TMAX,178
USC00316676,2015-05-25,TMIN,133
USC00315830,2010-12-25,TMAX,94
USW00013754,2012-08-01,TMIN,217
USW00093765,2014-11-16,TMIN,28
USC00314689,2012-09-04,TMIN,222
USC00314684,2005-09-14,TMAX,306
USC00314689,2012-09-04,TMAX,311
USC00314684,2005-09-14,TMIN,239
USW00093719,2010-10-21,TMAX,256
USW00093765,2014-11-16,TMAX,150
USW00093719,2010-10-21,TMIN,106
USW00013754,2007-11-01,TMIN,150
USC00310576,2010-12-16,TMIN,-44
USW00093765,2005-06-11,TMAX,272
USW00013754,2007-11-01,TMAX,267
USC00315830,2008-05-30,TMAX,256
USC00315830,2008-05-30,TMIN,156
USC00316096,2011-06-09,TMIN,228
USC00315830,2013-04-19,TMIN,189
USC00310356,2006-12-20,TMIN,61
USW00013754,2010-10-06,TMIN,67
USR0000NNWB,2009-08-04,TMIN,222
USC00310356,2006-04-01,TMAX,200
USC00315830,2013-04-19,TMAX,250
USW00013754,2008-04-14,TMIN,50
USC00310356,2006-04-01,TMIN,128
USW00093765,2005-06-11,TMIN,217
USW00013754,2010-10-06,TMAX,194
USC00310576,2010-12-16,TMAX,50
USC00310356,2006-12-20,TMAX,183
USR0000NNWB,2009-08-04,TMAX,328
USC00314684,2006-11-23,TMIN,61
USC00316676,2011-06-30,TMAX,294
USC00314689,2015-10-17,TMIN,83
USC00315830,2006-07-14,TMIN,261
USC00315830,2006-07-14,TMAX,300
USR0000NHOF,2006-04-01,TMIN,122
USW00093765,2007-06-09,TMIN,211
USW00093765,2007-06-09,TMAX,322
USW00093765,2011-02-15,TMAX,133
USC00314689,2015-10-17,TMAX,217
USC00315830,2010-12-25,TMIN,-44
USW00013754,2007-08-23,TMIN,228
USC00315830,2010-01-06,TMAX,33
USC00310576,2011-01-02,TMAX,206
USC00315830,2009-12-15,TMAX,167
USC00315830,2009-12-15,TMIN,89
USR0000NNWB,2006-05-13,TMIN,106
USR0000NNWB,2006-05-13,TMAX,256
USR0000NCRN,2011-08-14,TMIN,233
USC00314684,2006-11-23,TMAX,189
USR0000NCRN,2011-08-14,TMAX,306
USW00013754,2011-04-02,TMIN,17
USC00315830,2010-05-15,TMAX,261
USC00315830,2010-05-15,TMIN,189
USC00315830,2006-12-02,TMAX,211
USC00315830,2006-12-02,TMIN,100
USC00316676,2013-10-01,TMIN,100
USC00316676,2013-10-01,TMAX,239
USW00013754,2012-08-01,TMAX,278
USR0000NHOF,2006-04-01,TMAX,261
USW00093743,2011-03-10,TMIN,111
USW00093765,2011-02-15,TMIN,11
USC00316676,2011-06-30,TMIN,217
USW00093765,2010-02-25,TMAX,67
USW00093765,2010-02-25,TMIN,6
USC00316676,2007-06-15,TMIN,122
USC00316676,2007-06-15,TMAX,267
USW00013754,2011-04-02,TMAX,189
USW00013754,2008-04-14,TMAX,156
USW00093719,2013-01-20,TMAX,194
USC00316096,2011-06-09,TMAX,306
USW00093719,2013-01-20,TMIN,33
USC00316676,2010-07-01,TMAX,289
USC00316676,2010-07-01,TMIN,217
USR0000NNWB,2015-11-27,TMIN,106
USR0000NNWB,2008-02-02,TMIN,11
USR0000NNWB,2008-02-02,TMAX,172
USR0000NHOF,2014-09-09,TMAX,256
USR0000NHOF,2014-09-09,TMIN,217
USR0000NNWB,2005-03-17,TMIN,22
USR0000NNWB,2014-12-10,TMIN,28
USR0000NHOF,2007-03-19,TMAX,139
USC00310576,2011-09-28,TMAX,267
USR0000NNWB,2005-03-17,TMAX,44
USC00314689,2013-02-13,TMAX,189
USW00093765,2015-02-15,TMAX,106
USC00310576,2014-04-29,TMIN,156
USR0000NHOF,2007-03-19,TMIN,-72
USR0000NNWB,2014-12-10,TMAX,133
USC00310576,2014-04-29,TMAX,256
USC00317170,2015-07-04,TMIN,217
USC00316676,2006-09-14,TMIN,139
USC00310356,2012-10-12,TMIN,133
USC00310356,2014-09-09,TMAX,267
USC00310356,2014-09-09,TMIN,222
USW00093719,2005-06-29,TMIN,217
USC00314684,2013-08-12,TMAX,350
USW00093719,2005-06-29,TMAX,272
USC00316096,2012-01-04,TMIN,-94
USC00316676,2006-09-14,TMAX,239
USC00316096,2012-01-04,TMAX,50
USW00093743,2012-10-12,TMIN,78
USR0000NHOF,2007-09-09,TMAX,272
USR0000NCRN,2009-09-04,TMAX,267
USR0000NNWB,2015-11-27,TMAX,228
USR0000NHOF,2012-10-12,TMAX,222
USR0000NHOF,2012-10-12,TMIN,39
USC00317170,2015-07-04,TMAX,322
USW00093743,2012-10-12,TMAX,222
USW00093765,2015-02-15,TMIN,-60
USW00093719,2006-05-13,TMIN,100
USW00093719,2006-05-13,TMAX,250
USW00093719,2012-04-27,TMIN,156
USC00316676,2013-11-23,TMAX,239
USC00316676,2010-05-20,TMIN,144
USC00316676,2010-05-20,TMAX,228
USW00013754,2005-08-14,TMAX,317
USW00013754,2005-08-14,TMIN,228
USC00314684,2013-11-03,TMIN,61
USW00093719,2012-04-27,TMAX,272
USW00093765,2012-01-18,TMIN,39
USC00314684,2013-11-03,TMAX,211
USC00315830,2007-09-07,TMIN,194
USR0000NNWB,2015-07-29,TMAX,333
USC00314144,2010-04-15,TMIN,-17
USC00314144,2010-04-15,TMAX,228
USR0000NNWB,2015-07-29,TMIN,222
USC00314684,2015-04-27,TMIN,50
USC00315830,2007-09-07,TMAX,306
USC00310576,2011-01-02,TMIN,17
USC00314689,2008-05-07,TMAX,239
USC00314689,2008-05-07,TMIN,128
USC00310576,2011-09-28,TMIN,189
USC00314689,2013-02-13,TMIN,78
USC00310356,2013-07-17,TMAX,328
USC00310356,2013-07-17,TMIN,244
USC00314684,2008-10-12,TMAX,233
USC00314684,2008-10-12,TMIN,167
USR0000NCRN,2014-02-15,TMAX,128
USC00314144,2009-09-22,TMIN,217
USC00314144,2009-09-22,TMAX,250
USR0000NCRN,2014-02-15,TMIN,6
USC00316676,2005-02-25,TMIN,22
USC00314684,2007-07-21,TMIN,200
USC00314684,2007-07-21,TMAX,322
USW00093743,2013-07-17,TMAX,333
USW00093743,2013-07-17,TMIN,239
USC00316676,2005-02-25,TMAX,89
USC00316676,2013-11-23,TMIN,111
USC00314144,2009-01-26,TMAX,67
USC00317170,2015-10-27,TMAX,206
USC00317170,2015-10-27,TMIN,139
USW00093719,2015-11-27,TMAX,233
USW00013754,2011-05-21,TMAX,311
USW00093719,2013-12-17,TMIN,44
USC00316096,2012-03-08,TMAX,217
USC00316096,2015-02-15,TMAX,111
USC00316096,2015-02-15,TMIN,-89
USR0000NHOF,2014-03-02,TMIN,6
USR0000NHOF,2014-03-02,TMAX,233
USW00013754,2011-05-21,TMIN,172
USC00316096,2012-03-08,TMIN,78
USR0000NCRN,2008-09-10,TMAX,283
USW00013754,2008-02-21,TMAX,128
USW00013754,2008-02-21,TMIN,22
USR0000NCRN,2008-09-10,TMIN,228
USR0000NHOF,2011-07-23,TMIN,228
USC00317170,2012-05-12,TMIN,89
USC00317170,2012-05-12,TMAX,261
USR0000NHOF,2008-02-27,TMIN,-6
USR0000NHOF,2006-03-14,TMAX,222
USR0000NCRN,2009-08-08,TMAX,294
USC00314689,2015-10-21,TMIN,61
USR0000NCRN,2010-11-27,TMAX,150
USC00314689,2011-10-28,TMAX,256
USC00314144,2005-04-07,TMAX,261
USR0000NCRN,2010-11-27,TMIN,-22
USC00314689,2011-10-28,TMIN,122
USC00314144,2005-04-07,TMIN,111
USC00316676,2005-08-07,TMIN,211
USC00314689,2015-10-21,TMAX,256
USR0000NHOF,2014-04-29,TMIN,194
USC00317170,2013-07-17,TMIN,217
USC00314689,2007-10-29,TMAX,167
USR0000NHOF,2014-04-29,TMAX,294
USC00316676,2005-08-07,TMAX,317
USR0000NCRN,2007-05-08,TMAX,272
USR0000NCRN,2009-08-08,TMIN,256
USW00093719,2013-12-17,TMAX,189
USC00317170,2013-07-17,TMAX,328
USR0000NCRN,2008-11-22,TMIN,-39
USC00310576,2006-08-07,TMIN,211
USC00310576,2006-08-07,TMAX,322
USC00310576,2011-03-30,TMIN,6
USR0000NNWB,2008-11-24,TMAX,156
USC00316676,2015-09-29,TMIN,233
USC00316676,2015-09-29,TMAX,256
USC00310576,2011-03-30,TMAX,161
USW00093719,2008-01-12,TMIN,89
USR0000NHOF,2006-03-14,TMIN,89
USW00093743,2010-08-31,TMAX,328
USW00093719,2005-11-18,TMAX,94
USC00315830,2012-10-12,TMAX,222
USC00310356,2006-04-29,TMAX,233
USR0000NCRN,2012-07-11,TMAX,294
USC00310356,2006-04-29,TMIN,94
USW00093765,2007-06-05,TMIN,233
USC00315830,2012-10-12,TMIN,94
USW00093765,2007-06-05,TMAX,283
USR0000NCRN,2012-07-11,TMIN,217
USR0000NHOF,2008-02-27,TMAX,128
USC00314689,2014-11-16,TMIN,-22
USR0000NNWB,2008-11-24,TMIN,-44
USC00316676,2005-07-10,TMAX,311
USC00316676,2005-07-10,TMIN,206
USC00316676,2011-12-21,TMIN,56
USC00316676,2011-12-21,TMAX,217
USR0000NHOF,2005-11-14,TMAX,239
USC00310576,2013-03-28,TMAX,139
USC00310576,2013-03-28,TMIN,28
USC00314689,2014-11-16,TMAX,106
USR0000NNWB,2015-08-23,TMIN,189
USC00314689,2005-04-12,TMIN,89
USC00316676,2015-01-14,TMIN,28
USC00314689,2005-04-12,TMAX,256
USC00310576,2013-12-31,TMIN,50
USR0000NHOF,2005-11-14,TMIN,72
USC00310576,2013-12-31,TMAX,167
USW00093743,2010-08-31,TMIN,194
USW00093719,2008-01-12,TMAX,167
USC00316676,2015-01-14,TMAX,78
USR0000NCRN,2008-11-22,TMAX,72
USC00315830,2012-02-13,TMAX,100
USR0000NCRN,2005-06-26,TMAX,311
USC00315830,2015-09-03,TMAX,311
USC00315830,2014-07-14,TMIN,250
USR0000NCRN,2005-06-26,TMIN,228
USW00093765,2012-09-04,TMIN,228
USR0000NCRN,2010-10-02,TMIN,161
USW00093765,2012-09-04,TMAX,289
USR0000NCRN,2008-04-03,TMIN,94
USR0000NCRN,2010-10-02,TMAX,228
USC00314689,2006-12-14,TMIN,117
USC00314689,2006-12-14,TMAX,183
USC00315830,2014-07-14,TMAX,300
USR0000NHOF,2014-06-27,TMAX,322
USR0000NHOF,2014-06-27,TMIN,211
USW00093765,2010-10-21,TMAX,228
USW00093765,2013-07-17,TMAX,333
USC00315830,2009-02-25,TMAX,106
USC00310356,2015-08-03,TMIN,222
USC00315830,2009-02-25,TMIN,-39
USW00093743,2014-06-27,TMAX,300
USC00310576,2009-05-08,TMAX,267
USC00310356,2011-04-08,TMAX,189
USC00316096,2015-04-09,TMIN,144
USC00310356,2011-04-08,TMIN,139
USC00316096,2015-04-09,TMAX,228
USC00314684,2015-01-21,TMAX,183
USC00315830,2010-08-04,TMIN,233
USW00093743,2014-06-27,TMIN,228
USC00315830,2010-08-04,TMAX,306
USC00317170,2008-05-07,TMIN,128
USR0000NCRN,2010-12-28,TMIN,-44
USC00317170,2008-05-07,TMAX,283
USC00310356,2014-06-27,TMIN,267
USR0000NNWB,2007-10-27,TMAX,222
USC00315830,2015-09-03,TMIN,211
USR0000NCRN,2008-04-03,TMAX,194
USC00314684,2015-01-21,TMIN,28
USC00314689,2014-05-14,TMIN,200
USC00317170,2007-07-21,TMIN,200
USC00310356,2015-08-03,TMAX,333
USC00317170,2012-06-10,TMAX,333
USC00317170,2015-04-27,TMIN,67
USC00316096,2014-11-16,TMAX,139
USC00316096,2014-11-16,TMIN,0
USC00314689,2007-10-29,TMIN,61
USC00314689,2005-03-15,TMIN,-6
USC00314689,2010-12-18,TMIN,-17
USC00316676,2010-06-06,TMIN,233
USC00314689,2010-12-18,TMAX,78
USC00317170,2010-07-15,TMAX,328
USC00317170,2015-04-27,TMAX,217
USC00317170,2010-07-15,TMIN,244
USR0000NHOF,2011-07-23,TMAX,344
USC00315830,2012-02-13,TMIN,-39
USC00317170,2014-04-18,TMAX,183
USC00317170,2014-04-18,TMIN,61
USW00093743,2011-04-08,TMIN,122
USC00317170,2007-07-21,TMAX,272
USC00317170,2012-06-10,TMIN,178
USC00314689,2005-03-15,TMAX,133
USC00310356,2007-10-01,TMIN,172
USW00093765,2013-07-17,TMIN,233
USR0000NNWB,2007-10-27,TMIN,161
USC00310356,2007-10-01,TMAX,300
USC00314689,2013-11-23,TMIN,133
USC00314689,2013-11-23,TMAX,228
USC00314684,2013-10-01,TMIN,83
USC00314689,2014-05-14,TMAX,328
USC00314684,2013-10-01,TMAX,239
USC00314684,2015-05-25,TMIN,128
USC00314684,2015-05-25,TMAX,283
USW00093743,2011-04-08,TMAX,222
USR0000NCRN,2005-10-15,TMAX,267
USC00316676,2006-07-01,TMAX,317
USC00316676,2006-07-01,TMIN,200
USC00316676,2010-06-06,TMAX,328
USR0000NCRN,2005-10-15,TMIN,150
USW00093719,2005-11-18,TMIN,-11
USR0000NNWB,2015-08-23,TMAX,328
USC00315830,2010-09-13,TMAX,278
USC00316676,2013-09-19,TMAX,244
USC00317170,2013-10-01,TMIN,100
USC00315830,2013-08-12,TMIN,250
USC00317170,2013-10-01,TMAX,261
USC00310576,2006-05-13,TMIN,100
USC00316676,2005-09-14,TMAX,300
USC00315830,2013-08-12,TMAX,322
USR0000NNWB,2009-04-12,TMAX,183
USC00316676,2005-09-14,TMIN,233
USW00093765,2005-03-10,TMIN,39
USW00093765,2005-03-10,TMAX,106
USC00316676,2012-04-27,TMAX,289
USC00316676,2012-04-27,TMIN,161
USC00314144,2007-08-11,TMIN,206
USW00093719,2015-12-18,TMIN,56
USW00093719,2015-12-18,TMAX,200
USC00310576,2006-05-13,TMAX,244
USC00316676,2015-07-04,TMAX,294
USW00093719,2011-03-27,TMAX,61
USW00093719,2014-05-19,TMIN,111
USW00093719,2009-08-04,TMIN,217
USW00093765,2015-09-01,TMAX,289
USW00093765,2015-09-01,TMIN,233
USC00316096,2012-02-10,TMAX,122
USC00316096,2012-02-10,TMIN,-28
USW00013754,2008-12-13,TMIN,0
USW00013754,2008-12-13,TMAX,83
USW00093719,2014-05-19,TMAX,233
USW00093765,2010-01-17,TMIN,111
USC00316096,2013-07-17,TMAX,339
USR0000NNWB,2007-03-10,TMIN,39
USW00013754,2008-12-31,TMAX,167
USC00316096,2013-07-17,TMIN,228
USW00013754,2008-12-31,TMIN,11
USC00310576,2006-09-30,TMIN,78
USR0000NNWB,2009-04-12,TMIN,61
USW00093765,2010-01-17,TMAX,189
USR0000NNWB,2007-03-10,TMAX,233
USC00314689,2014-08-12,TMIN,217
USC00316676,2013-09-19,TMIN,122
USC00315830,2014-09-09,TMIN,228
USR0000NNWB,2007-04-18,TMAX,161
USR0000NNWB,2007-04-18,TMIN,67
USC00316676,2006-02-17,TMIN,67
USC00314144,2007-02-24,TMIN,-72
USC00314144,2007-02-24,TMAX,128
USC00310356,2005-12-07,TMAX,56
USC00315830,2014-09-09,TMAX,272
USC00310356,2005-12-07,TMIN,11
USC00316676,2006-02-17,TMAX,217
USC00310576,2006-09-30,TMAX,233
USR0000NNWB,2009-03-02,TMIN,-22
USW00013754,2012-11-30,TMAX,167
USW00013754,2012-11-30,TMIN,-10
USC00315830,2005-07-18,TMIN,267
USW00093719,2011-09-10,TMAX,311
USC00310356,2011-01-03,TMAX,133
USC00314689,2014-08-12,TMAX,311
USC00317170,2015-05-25,TMAX,283
USC00310356,2010-08-31,TMAX,339
USC00310576,2015-09-24,TMAX,244
USC00310576,2015-09-24,TMIN,194
USW00093765,2007-08-19,TMAX,306
USC00316676,2015-07-04,TMIN,222
USC00314144,2010-10-25,TMIN,128
USC00314144,2011-04-11,TMIN,161
USC00314144,2010-10-25,TMAX,239
USC00317170,2015-05-25,TMIN,128
USW00013754,2015-12-11,TMAX,222
USC00314689,2013-07-17,TMIN,222
USC00314144,2007-08-11,TMAX,300
USW00013754,2015-12-11,TMIN,61
USW00093765,2007-08-19,TMIN,261
USR0000NCRN,2014-03-02,TMIN,17
USR0000NCRN,2014-03-02,TMAX,189
USC00310356,2010-08-31,TMIN,211
USC00314689,2013-07-17,TMAX,333
USW00093719,2009-08-04,TMAX,328
USR0000NCRN,2008-04-04,TMAX,228
USR0000NCRN,2008-04-04,TMIN,178
USW00093719,2005-08-14,TMAX,339
USR0000NCRN,2006-01-08,TMAX,156
USC00314684,2007-02-18,TMIN,-44
USR0000NCRN,2006-01-08,TMIN,-11
USC00314144,2010-06-18,TMAX,311
USW00093719,2005-08-14,TMIN,222
USW00093765,2009-05-27,TMAX,261
USC00314144,2010-06-18,TMIN,189
USR0000NCRN,2014-01-17,TMAX,139
USW00013754,2010-09-25,TMIN,172
USW00093765,2009-05-27,TMIN,211
USR0000NHOF,2006-04-29,TMAX,189
USW00093719,2011-06-16,TMIN,200
USC00314684,2013-07-17,TMAX,344
USW00093765,2012-06-10,TMIN,222
USW00093765,2012-06-10,TMAX,283
USR0000NCRN,2014-01-17,TMIN,-28
USR0000NHOF,2011-04-08,TMAX,261
USW00093765,2008-05-07,TMAX,244
USC00317170,2010-01-17,TMAX,239
USC00316096,2013-11-23,TMIN,89
USC00315830,2010-09-13,TMIN,194
USW00013754,2007-01-16,TMAX,183
USW00013754,2007-01-16,TMIN,83
USC00316096,2013-11-23,TMAX,189
USR0000NNWB,2008-10-10,TMAX,233
USC00310356,2014-04-29,TMIN,194
USW00093765,2008-05-07,TMIN,128
USR0000NNWB,2008-10-10,TMIN,189
USC00314684,2007-03-25,TMIN,133
USC00314684,2007-03-25,TMAX,306
USC00316676,2008-04-20,TMAX,278
USC00316676,2008-04-20,TMIN,83
USC00310356,2010-04-06,TMIN,161
USC00310356,2014-04-29,TMAX,250
USC00317170,2010-01-17,TMIN,89
USC00310356,2010-04-06,TMAX,211
USC00314684,2013-07-17,TMIN,217
USC00314684,2007-02-18,TMAX,100
USW00093765,2006-08-01,TMAX,317
USW00093719,2009-11-22,TMIN,72
USW00093765,2008-02-02,TMAX,139
USW00093765,2008-02-02,TMIN,28
USW00093765,2012-05-12,TMIN,122
USC00315830,2015-03-30,TMAX,111
USR0000NNWB,2010-10-09,TMIN,94
USR0000NNWB,2010-10-09,TMAX,283
USC00314684,2013-11-15,TMAX,133
USW00093765,2008-04-01,TMIN,172
USC00315830,2015-03-30,TMIN,6
USC00314684,2013-11-15,TMIN,-39
USR0000NCRN,2015-04-08,TMIN,156
USW00093719,2011-06-16,TMAX,306
USW00093765,2008-04-01,TMAX,217
USW00013754,2008-05-30,TMAX,267
USW00013754,2008-05-30,TMIN,133
USW00093765,2012-05-12,TMAX,256
USW00093719,2009-11-22,TMAX,156
USC00316676,2014-09-27,TMAX,217
USC00316676,2014-09-27,TMIN,172
USR0000NHOF,2006-04-29,TMIN,39
USW00093765,2006-08-01,TMIN,244
USR0000NHOF,2011-04-08,TMIN,78
USC00314144,2008-03-19,TMAX,233
USC00316676,2013-04-18,TMIN,122
USW00013754,2010-09-25,TMAX,317
USC00316676,2013-04-18,TMAX,278
USR0000NCRN,2015-04-08,TMAX,261
USC00316676,2007-04-02,TMAX,261
USR0000NNWB,2011-07-14,TMAX,317
USC00310576,2013-01-07,TMIN,33
USC00314144,2008-03-19,TMIN,150
USR0000NNWB,2011-07-14,TMIN,206
USC00316676,2007-04-02,TMIN,133
USC00310576,2013-01-07,TMAX,100
USC00310576,2014-02-15,TMAX,167
USC00310576,2014-02-15,TMIN,39
USW00013754,2007-11-24,TMIN,28
USC00314144,2006-01-08,TMIN,-28
USC00314144,2006-01-08,TMAX,156
USC00310356,2014-06-27,TMAX,300
USC00310356,2011-12-02,TMAX,122
USW00013754,2007-03-10,TMAX,200
USW00013754,2007-03-10,TMIN,61
USC00310356,2009-01-14,TMIN,11
USC00310356,2011-12-02,TMIN,44
USC00310356,2009-01-14,TMAX,111
USR0000NNWB,2013-01-20,TMIN,33
USC00314689,2005-06-03,TMIN,178
USC00316096,2012-04-27,TMAX,267
USC00315830,2011-02-04,TMIN,22
USC00310356,2005-11-14,TMAX,228
USC00314689,2010-01-17,TMIN,78
USC00314689,2010-01-17,TMAX,233
USR0000NCRN,2007-10-06,TMIN,206
USC00314144,2009-03-22,TMIN,-39
USC00314144,2009-03-22,TMAX,172
USC00316096,2012-04-27,TMIN,156
USC00316676,2009-10-11,TMAX,306
USC00314689,2005-06-03,TMAX,244
USC00310356,2007-09-09,TMAX,306
USC00316676,2015-11-30,TMAX,244
USC00317170,2010-07-28,TMAX,339
USC00317170,2010-07-28,TMIN,222
USC00316096,2014-05-14,TMIN,172
USC00315830,2011-02-04,TMAX,172
USC00315830,2009-02-04,TMIN,-6
USC00315830,2011-11-05,TMIN,111
USC00314144,2007-12-17,TMAX,72
USC00315830,2011-11-05,TMAX,167
USW00093719,2015-07-29,TMIN,222
USW00093743,2011-08-17,TMIN,206
USR0000NNWB,2009-11-22,TMAX,167
USR0000NNWB,2009-11-22,TMIN,56
USW00093743,2011-08-17,TMAX,311
USC00310356,2007-09-09,TMIN,217
USC00314144,2007-12-17,TMIN,-78
USW00093719,2015-07-29,TMAX,328
USC00317170,2015-12-18,TMAX,217
USR0000NNWB,2013-01-20,TMAX,194
USW00013754,2009-10-30,TMIN,139
USC00310356,2013-03-28,TMAX,133
USR0000NCRN,2011-04-11,TMIN,156
USC00314144,2005-06-19,TMAX,294
USC00310356,2013-03-28,TMIN,22
USW00093743,2009-05-19,TMIN,122
USR0000NCRN,2011-04-11,TMAX,233
USW00093765,2010-07-15,TMAX,294
USC00314689,2012-04-27,TMIN,172
USW00093765,2010-07-15,TMIN,256
USC00314684,2012-05-12,TMIN,83
USW00093743,2009-05-19,TMAX,200
USC00310356,2011-08-17,TMIN,228
USC00310356,2011-08-17,TMAX,294
USC00314684,2012-05-12,TMAX,239
USW00013754,2010-03-07,TMIN,-32
USW00013754,2010-03-07,TMAX,161
USR0000NHOF,2010-07-07,TMAX,361
USC00316676,2009-10-11,TMIN,172
USC00314689,2012-04-27,TMAX,272
USC00314684,2005-11-01,TMAX,228
USR0000NCRN,2007-10-06,TMAX,272
USW00093743,2007-09-27,TMAX,272
USW00013754,2009-10-30,TMAX,222
USC00316096,2010-02-25,TMAX,56
USC00316096,2010-02-25,TMIN,-6
USR0000NNWB,2011-04-02,TMAX,183
USR0000NNWB,2011-04-02,TMIN,22
USC00314684,2005-11-01,TMIN,50
USC00314689,2010-12-30,TMIN,-33
USC00315830,2006-05-13,TMIN,111
USC00315830,2006-05-13,TMAX,228
USC00315830,2007-01-25,TMIN,22
USC00315830,2007-01-25,TMAX,111
USC00317170,2013-11-15,TMAX,194
USC00317170,2013-11-15,TMIN,6
USC00314689,2010-12-30,TMAX,83
USW00093743,2007-09-27,TMIN,228
USC00317170,2015-12-18,TMIN,106
USC00310356,2013-04-19,TMAX,239
USC00310356,2013-04-19,TMIN,183
USR0000NCRN,2008-02-19,TMIN,22
USW00093719,2010-10-09,TMIN,83
USC00314684,2007-07-13,TMIN,222
USC00310356,2006-03-14,TMIN,106
USW00093743,2009-01-14,TMIN,-10
USW00093719,2010-10-09,TMAX,278
USC00316676,2005-09-24,TMIN,194
USR0000NCRN,2008-02-19,TMAX,256
USW00093743,2009-01-14,TMAX,78
USC00317170,2009-05-06,TMIN,206
USC00317170,2009-05-06,TMAX,283
USC00315830,2014-05-31,TMAX,272
USC00310576,2009-10-18,TMIN,89
USC00310576,2007-08-07,TMAX,317
USC00310576,2009-10-18,TMAX,122
USC00310576,2007-08-07,TMIN,250
USC00316676,2005-09-24,TMAX,311
USW00093765,2008-06-18,TMIN,183
USC00310356,2011-07-28,TMAX,294
USR0000NHOF,2009-01-11,TMAX,172
USC00314684,2012-04-27,TMAX,283
USC00314684,2012-04-27,TMIN,150
USW00093719,2015-11-27,TMIN,83
USW00093719,2009-10-27,TMAX,178
USW00093719,2009-10-27,TMIN,144
USW00093719,2013-08-12,TMAX,350
USW00013754,2011-07-14,TMAX,306
USR0000NHOF,2009-01-11,TMIN,72
USC00314684,2011-10-28,TMAX,261
USW00013754,2011-07-14,TMIN,228
USW00093765,2008-07-25,TMIN,228
USW00013754,2005-01-20,TMAX,100
USW00093765,2008-07-25,TMAX,289
USC00310356,2011-07-28,TMIN,261
USR0000NNWB,2011-05-21,TMIN,167
USR0000NNWB,2011-05-21,TMAX,311
USC00314684,2011-10-28,TMIN,117
USW00093765,2008-06-18,TMAX,261
USW00093765,2014-05-19,TMIN,117
USW00093765,2014-05-19,TMAX,228
USR0000NHOF,2013-04-19,TMAX,189
USC00310576,2007-07-12,TMAX,333
USW00093765,2005-01-08,TMAX,200
USW00093765,2005-01-08,TMIN,106
USC00315830,2014-05-31,TMIN,156
USR0000NHOF,2009-05-19,TMIN,83
USC00310576,2007-07-12,TMIN,228
USR0000NNWB,2010-03-07,TMIN,-22
USC00314144,2007-05-08,TMAX,200
USR0000NNWB,2010-03-07,TMAX,178
USR0000NHOF,2009-05-19,TMAX,183
USW00093743,2013-04-19,TMIN,189
USW00093743,2013-04-19,TMAX,250
USR0000NCRN,2014-09-28,TMIN,167
USR0000NCRN,2014-09-28,TMAX,278
USC00316096,2014-05-14,TMAX,278
USC00314144,2007-05-08,TMIN,117
USR0000NHOF,2013-04-19,TMIN,189
USR0000NHOF,2011-08-17,TMAX,311
USC00316676,2005-05-04,TMIN,78
USC00314684,2010-09-30,TMAX,233
USC00314684,2007-07-13,TMAX,311
USR0000NNWB,2010-10-06,TMAX,200
USC00316676,2007-09-15,TMIN,211
USC00316676,2007-09-15,TMAX,294
USC00314689,2008-10-26,TMIN,106
USR0000NNWB,2010-10-06,TMIN,67
USC00314684,2010-09-30,TMIN,172
USC00315830,2009-02-04,TMAX,133
USC00316676,2015-11-30,TMIN,100
USC00316676,2015-03-06,TMIN,-11
USC00314689,2008-10-26,TMAX,261
USC00316676,2015-03-06,TMAX,283
USR0000NHOF,2010-08-31,TMIN,161
USR0000NHOF,2010-08-31,TMAX,377
USR0000NHOF,2011-08-17,TMIN,156
USC00316676,2005-05-04,TMAX,211
USR0000NHOF,2010-07-07,TMIN,206
USW00013754,2009-08-04,TMAX,317
USR0000NHOF,2011-12-02,TMAX,161
USR0000NHOF,2011-12-02,TMIN,-44
USC00314144,2005-07-29,TMAX,306
USC00314684,2010-08-20,TMAX,300
USC00315830,2006-02-15,TMIN,39
USC00314684,2010-08-20,TMIN,217
USC00310576,2006-04-01,TMAX,250
USC00317170,2011-09-30,TMIN,167
USC00317170,2011-09-30,TMAX,294
USC00314144,2005-07-29,TMIN,206
USC00310576,2006-04-01,TMIN,139
USC00314684,2008-09-26,TMAX,222
USC00310576,2011-02-21,TMAX,156
USC00314684,2008-09-26,TMIN,156
USC00317170,2012-01-18,TMAX,150
USC00310576,2011-02-21,TMIN,22
USW00093765,2014-04-18,TMIN,89
USW00013754,2013-01-20,TMIN,39
USW00093765,2014-04-18,TMAX,178
USW00013754,2013-01-20,TMAX,183
USW00013754,2012-06-29,TMAX,344
USR0000NHOF,2015-08-03,TMAX,267
USC00317170,2012-09-04,TMAX,300
USC00310576,2009-05-08,TMIN,178
USC00316676,2013-02-13,TMAX,194
USC00314684,2007-10-30,TMAX,172
USW00093719,2005-01-25,TMAX,89
USC00316096,2015-05-25,TMIN,128
USC00310576,2012-08-27,TMAX,300
USW00013754,2012-06-29,TMIN,228
USR0000NHOF,2015-08-03,TMIN,211
USC00316676,2013-02-13,TMIN,89
USC00310576,2012-08-27,TMIN,194
USR0000NCRN,2006-04-29,TMAX,194
USR0000NCRN,2006-04-29,TMIN,83
USC00315830,2006-02-15,TMAX,144
USC00316096,2013-10-01,TMIN,94
USC00316096,2013-10-01,TMAX,256
USC00316096,2015-05-25,TMAX,261
USW00013754,2008-02-14,TMAX,106
USR0000NHOF,2009-07-16,TMAX,317
USC00317170,2012-01-18,TMIN,50
USC00316676,2013-02-23,TMIN,39
USC00316676,2013-02-23,TMAX,100
USC00316676,2012-02-23,TMAX,228
USC00317170,2008-08-08,TMIN,211
USC00317170,2008-02-06,TMIN,150
USC00317170,2008-02-06,TMAX,278
USC00317170,2008-08-08,TMAX,311
USC00314684,2011-05-28,TMIN,178
USW00013754,2005-03-17,TMAX,56
USR0000NCRN,2010-12-28,TMAX,94
USC00314684,2007-08-17,TMAX,328
USC00316676,2011-12-08,TMAX,250
USW00013754,2005-06-29,TMIN,228
USW00013754,2005-06-29,TMAX,267
USC00314684,2011-05-28,TMAX,317
USW00013754,2007-11-24,TMAX,117
USC00316676,2011-12-08,TMIN,33
USR0000NHOF,2009-07-16,TMIN,161
USW00093743,2011-07-23,TMIN,267
USC00314684,2006-10-17,TMIN,33
USR0000NCRN,2011-05-16,TMAX,244
USW00093719,2011-09-12,TMIN,189
USW00093719,2011-09-12,TMAX,311
USW00093719,2013-07-17,TMAX,339
USW00093719,2013-07-17,TMIN,228
USC00316096,2011-10-28,TMAX,206
USC00316096,2011-10-28,TMIN,117
USC00314684,2006-10-17,TMAX,206
USW00013754,2005-03-17,TMIN,22
USC00314684,2007-08-17,TMIN,228
USC00316676,2012-02-23,TMIN,106
USW00013754,2007-04-18,TMAX,161
USC00314684,2010-01-17,TMIN,-28
USC00314684,2010-01-17,TMAX,161
USW00013754,2007-04-18,TMIN,72
USW00093743,2011-07-23,TMAX,317
USR0000NCRN,2011-05-16,TMIN,156
USC00317170,2012-09-04,TMIN,217
USW00013754,2008-02-14,TMIN,11
USC00310356,2009-07-16,TMIN,222
USR0000NNWB,2008-12-13,TMIN,-6
USR0000NNWB,2008-12-13,TMAX,83
USR0000NHOF,2013-03-28,TMAX,128
USR0000NHOF,2013-03-28,TMIN,-33
USW00093719,2009-04-12,TMIN,50
USW00093719,2009-04-12,TMAX,172
USC00314689,2011-06-09,TMIN,228
USC00314689,2010-02-25,TMIN,50
USR0000NCRN,2013-04-19,TMIN,194
USC00314684,2015-02-15,TMAX,117
USC00310356,2011-07-23,TMIN,272
USC00314684,2007-10-30,TMIN,11
USC00310356,2014-08-04,TMAX,244
USC00310356,2014-08-04,TMIN,217
USC00315830,2012-10-24,TMIN,128
USC00310576,2014-03-02,TMIN,28
USR0000NCRN,2013-04-19,TMAX,250
USC00314684,2011-04-22,TMAX,261
USC00314689,2010-02-25,TMAX,122
USC00314144,2006-08-21,TMAX,322
USW00013754,2013-08-12,TMIN,239
USC00316096,2010-01-17,TMAX,183
USW00013754,2009-11-07,TMIN,17
USW00093719,2005-01-25,TMIN,-22
USC00316676,2013-10-30,TMAX,233
USC00310356,2011-07-23,TMAX,311
USW00093743,2013-03-28,TMAX,139
USC00314144,2006-08-21,TMIN,233
USW00093743,2013-03-28,TMIN,6
USC00310576,2015-02-22,TMAX,150
USC00310356,2005-11-14,TMIN,122
USW00013754,2013-08-12,TMAX,339
USC00314144,2005-06-19,TMIN,128
USW00013754,2009-11-07,TMAX,172
USC00314689,2011-06-09,TMAX,344
USC00316676,2013-10-30,TMIN,94
USC00310576,2015-02-22,TMIN,-39
USC00314684,2011-04-22,TMIN,78
USC00316676,2005-11-25,TMAX,200
USR0000NNWB,2008-12-06,TMAX,150
USR0000NHOF,2014-08-04,TMIN,211
USR0000NNWB,2009-02-20,TMIN,-33
USC00314689,2013-10-01,TMIN,100
USC00314689,2013-10-01,TMAX,267
USW00093765,2015-12-18,TMIN,78
USW00093765,2008-09-14,TMIN,256
USW00093719,2009-09-17,TMAX,261
USR0000NHOF,2014-08-04,TMAX,289
USR0000NNWB,2009-02-20,TMAX,72
USC00310356,2009-05-19,TMIN,106
USW00093719,2009-09-17,TMIN,200
USW00093765,2008-09-14,TMAX,300
USC00310356,2009-05-19,TMAX,139
USR0000NCRN,2005-03-04,TMIN,-50
USR0000NCRN,2005-03-04,TMAX,139
USC00310356,2009-07-16,TMAX,317
USW00093765,2015-12-18,TMAX,200
USR0000NNWB,2009-02-13,TMIN,33
USR0000NNWB,2009-02-13,TMAX,206
USC00315830,2015-05-14,TMIN,156
USC00314689,2015-05-25,TMAX,228
USC00310576,2014-03-02,TMAX,144
USC00314684,2014-11-16,TMAX,78
USC00316676,2005-11-25,TMIN,22
USC00315830,2012-10-24,TMAX,267
USW00013754,2013-07-17,TMAX,328
USW00013754,2013-07-17,TMIN,228
USR0000NNWB,2008-12-06,TMIN,-22
USC00314684,2014-11-16,TMIN,-33
USC00314684,2008-01-14,TMIN,0
USC00314684,2008-01-14,TMAX,133
USC00314689,2010-04-23,TMAX,233
USC00314689,2010-04-23,TMIN,106
USC00314689,2005-05-23,TMIN,178
USC00314684,2015-02-15,TMIN,-83
USC00314689,2005-05-23,TMAX,289
USC00315830,2015-05-14,TMAX,244
USC00316096,2010-01-17,TMIN,89
USR0000NCRN,2006-12-30,TMIN,50
USW00013754,2009-09-17,TMAX,256
USW00093765,2006-05-13,TMAX,233
USR0000NHOF,2009-07-24,TMAX,283
USC00310356,2007-09-26,TMAX,283
USC00310356,2008-04-01,TMAX,161
USW00093719,2007-08-05,TMAX,339
USC00316676,2007-05-07,TMAX,194
USC00316676,2007-05-07,TMIN,83
USC00314684,2007-04-12,TMIN,94
USR0000NHOF,2009-07-24,TMIN,194
USC00314684,2007-04-12,TMAX,189
USW00013754,2013-07-16,TMIN,222
USW00093765,2013-01-20,TMIN,67
USC00310356,2008-04-01,TMIN,111
USW00093765,2013-01-20,TMAX,161
USC00314684,2011-09-30,TMAX,294
USC00315830,2007-07-18,TMAX,306
USW00093719,2007-08-05,TMIN,222
USW00013754,2013-07-16,TMAX,339
USC00314684,2013-03-27,TMAX,100
USC00314684,2011-09-30,TMIN,161
USC00310576,2007-11-14,TMAX,222
USC00310356,2007-09-26,TMIN,206
USC00316676,2014-09-08,TMAX,283
USC00310356,2011-07-17,TMIN,222
USC00316676,2014-09-08,TMIN,222
USC00310356,2011-07-17,TMAX,306
USC00316676,2006-09-26,TMAX,222
USC00316676,2006-09-26,TMIN,139
USW00013754,2009-05-01,TMAX,261
USW00093765,2005-01-18,TMIN,-72
USC00315830,2010-02-25,TMIN,22
USW00013754,2010-04-25,TMAX,250
USW00093719,2006-07-14,TMIN,239
USW00093719,2006-07-14,TMAX,333
USW00013754,2009-05-01,TMIN,178
USC00310356,2007-06-04,TMIN,206
USC00310576,2007-11-14,TMIN,100
USC00315830,2010-02-25,TMAX,139
USR0000NHOF,2010-10-25,TMAX,239
USC00314684,2013-03-27,TMIN,-6
USR0000NHOF,2009-03-01,TMIN,39
USC00316676,2006-05-13,TMAX,244
USR0000NCRN,2005-07-29,TMAX,306
USW00093765,2013-09-19,TMIN,150
USW00093765,2012-03-22,TMIN,172
USW00093765,2012-03-22,TMAX,239
USC00314689,2007-10-10,TMAX,339
USW00093743,2009-07-24,TMIN,194
USC00316676,2006-05-13,TMIN,94
USW00093743,2009-07-24,TMAX,300
USC00316676,2013-04-19,TMAX,267
USC00314684,2014-09-28,TMIN,128
USC00316676,2012-03-10,TMIN,6
USR0000NNWB,2006-08-28,TMAX,339
USC00314684,2014-09-28,TMAX,250
USC00310576,2014-04-18,TMAX,178
USC00310576,2014-04-18,TMIN,61
USC00316676,2013-04-19,TMIN,144
USR0000NHOF,2009-03-01,TMAX,67
USW00093765,2013-09-19,TMAX,256
USR0000NCRN,2009-02-06,TMIN,-106
USC00315830,2007-07-18,TMIN,217
USR0000NCRN,2005-09-25,TMIN,194
USR0000NCRN,2005-09-25,TMAX,278
USW00093719,2009-02-20,TMIN,-39
USW00093719,2009-02-20,TMAX,67
USC00317170,2012-10-24,TMIN,111
USC00317170,2012-10-24,TMAX,278
USR0000NCRN,2009-02-06,TMAX,83
USC00310576,2009-08-08,TMIN,194
USC00317170,2011-11-05,TMIN,89
USC00317170,2011-11-05,TMAX,150
USR0000NHOF,2010-01-18,TMIN,11
USR0000NHOF,2010-01-18,TMAX,156
USR0000NNWB,2013-02-13,TMAX,139
USR0000NNWB,2013-02-13,TMIN,78
USR0000NCRN,2005-07-29,TMIN,222
USC00310576,2009-08-08,TMAX,306
USC00315830,2009-10-18,TMIN,78
USC00314689,2005-08-05,TMIN,217
USW00093765,2007-08-31,TMAX,306
USR0000NCRN,2012-11-17,TMAX,144
USW00093765,2012-02-10,TMAX,128
USW00093765,2012-02-10,TMIN,-16
USR0000NCRN,2005-12-13,TMAX,78
USR0000NCRN,2008-12-12,TMAX,156
USC00310356,2015-05-14,TMAX,261
USC00314689,2008-07-25,TMIN,194
USR0000NCRN,2012-11-17,TMIN,56
USW00093719,2009-03-02,TMIN,-22
USC00314689,2008-07-25,TMAX,294
USC00310356,2015-05-14,TMIN,161
USC00314684,2011-05-06,TMAX,200
USR0000NCRN,2008-12-12,TMIN,50
USW00013754,2011-10-17,TMIN,139
USW00013754,2011-10-17,TMAX,300
USC00314689,2014-09-28,TMIN,139
USW00093719,2009-03-02,TMAX,50
USC00314689,2014-09-28,TMAX,261
USR0000NCRN,2012-02-29,TMAX,211
USC00310576,2012-07-31,TMIN,206
USW00093765,2009-10-30,TMIN,150
USW00093765,2009-10-30,TMAX,228
USC00316096,2015-01-12,TMAX,189
USC00314684,2011-05-06,TMIN,61
USC00314689,2005-01-12,TMIN,50
USR0000NCRN,2013-11-24,TMIN,-17
USC00316096,2015-01-12,TMIN,67
USR0000NCRN,2012-02-28,TMAX,172
USC00310576,2012-07-31,TMAX,283
USC00316676,2014-06-26,TMIN,233
USC00314684,2008-07-16,TMAX,317
USC00314689,2005-01-12,TMAX,222
USC00316676,2008-05-07,TMIN,106
USC00316676,2008-05-07,TMAX,256
USR0000NNWB,2011-06-02,TMIN,222
USR0000NCRN,2005-12-13,TMIN,-17
USC00316676,2014-06-26,TMAX,322
USR0000NHOF,2010-10-25,TMIN,128
USC00314684,2007-01-25,TMIN,6
USW00013754,2010-07-15,TMAX,306
USW00013754,2010-04-25,TMIN,161
USC00315830,2008-09-03,TMIN,189
USC00314684,2006-01-07,TMIN,-39
USC00315830,2008-09-03,TMAX,306
USW00093743,2013-02-24,TMIN,50
USW00093743,2013-02-24,TMAX,167
USW00013754,2013-02-13,TMAX,144
USC00314684,2006-01-07,TMAX,83
USC00316096,2014-09-28,TMIN,161
USW00013754,2013-02-13,TMIN,89
USC00314689,2005-08-05,TMAX,339
USC00310356,2013-02-24,TMIN,44
USW00093765,2007-08-31,TMIN,211
USC00310356,2013-02-24,TMAX,156
USW00093765,2005-01-18,TMAX,-6
USR0000NCRN,2015-09-24,TMIN,206
USC00316096,2014-09-28,TMAX,272
USC00314684,2007-01-25,TMAX,100
USR0000NCRN,2012-02-29,TMIN,78
USR0000NNWB,2008-04-23,TMAX,239
USW00013754,2010-07-15,TMIN,233
USC00310576,2015-04-22,TMAX,239
USR0000NHOF,2013-02-24,TMIN,22
USC00315830,2008-11-12,TMAX,178
USR0000NHOF,2013-02-24,TMAX,156
USC00317170,2014-05-14,TMAX,328
USR0000NHOF,2010-07-08,TMIN,200
USR0000NCRN,2012-02-28,TMIN,72
USW00093743,2011-07-17,TMIN,206
USR0000NCRN,2015-09-24,TMAX,239
USW00093743,2011-07-17,TMAX,294
USC00317170,2014-05-14,TMIN,194
USC00310576,2015-04-22,TMIN,89
USR0000NHOF,2015-05-14,TMAX,239
USR0000NHOF,2015-05-14,TMIN,117
USR0000NNWB,2008-04-23,TMIN,144
USR0000NHOF,2010-07-08,TMAX,317
USC00316676,2012-03-10,TMAX,183
USW00093765,2008-02-12,TMAX,189
USC00315830,2009-10-18,TMAX,133
USC00314144,2008-04-11,TMIN,94
USW00013754,2011-03-27,TMAX,94
USC00314144,2008-04-11,TMAX,261
USW00013754,2009-01-18,TMIN,-32
USC00317170,2013-09-19,TMIN,117
USC00315830,2014-04-29,TMIN,150
USW00093765,2011-11-05,TMIN,117
USC00316096,2014-06-06,TMAX,283
USC00315830,2014-04-29,TMAX,267
USR0000NHOF,2015-05-26,TMIN,128
USR0000NHOF,2015-05-26,TMAX,294
USC00310356,2010-10-25,TMIN,117
USR0000NNWB,2010-07-15,TMAX,339
USC00310356,2010-10-25,TMAX,250
USW00093765,2010-08-20,TMAX,300
USW00093765,2010-08-20,TMIN,233
USW00093765,2011-11-05,TMAX,161
USR0000NNWB,2010-07-15,TMIN,239
USW00013754,2009-01-18,TMAX,100
USC00314144,2009-01-11,TMAX,172
USC00314689,2015-04-27,TMAX,217
USC00310576,2008-05-30,TMAX,239
USC00310576,2008-05-30,TMIN,122
USC00315830,2006-07-01,TMAX,294
USC00316096,2013-03-27,TMAX,128
USC00315830,2006-07-01,TMIN,217
USC00316096,2013-03-27,TMIN,0
USC00314144,2009-01-11,TMIN,72
USR0000NHOF,2009-09-22,TMIN,217
USW00093765,2009-04-07,TMAX,133
USW00093765,2009-04-07,TMIN,67
USW00093743,2010-07-08,TMIN,244
USW00093743,2010-07-08,TMAX,333
USC00310576,2011-05-12,TMAX,228
USC00310576,2011-05-12,TMIN,83
USC00317170,2013-09-19,TMAX,256
USR0000NHOF,2009-09-22,TMAX,250
USW00093765,2012-10-24,TMAX,256
USC00310356,2015-05-26,TMIN,217
USC00314689,2013-03-27,TMIN,6
USW00093765,2013-07-16,TMIN,228
USC00314689,2015-01-12,TMIN,61
USR0000NNWB,2006-07-14,TMIN,244
USW00093743,2013-10-02,TMIN,150
USC00317170,2014-09-28,TMIN,139
USC00317170,2014-09-28,TMAX,272
USR0000NNWB,2006-07-14,TMAX,333
USW00093765,2013-07-16,TMAX,311
USW00093743,2013-10-02,TMAX,294
USW00013754,2008-12-06,TMAX,144
USC00310356,2013-10-02,TMAX,267
USC00317170,2010-11-11,TMIN,72
USC00316096,2014-03-02,TMIN,22
USC00316096,2014-03-02,TMAX,194
USC00317170,2015-08-23,TMIN,189
USC00314684,2009-12-20,TMIN,-33
USC00310356,2013-10-02,TMIN,156
USC00314689,2013-03-27,TMAX,139
USC00314689,2015-01-12,TMAX,156
USW00093765,2010-08-04,TMAX,306
USC00310356,2015-05-26,TMAX,267
USC00314144,2005-12-13,TMIN,-39
USW00093719,2012-01-02,TMAX,167
USC00314144,2005-12-13,TMAX,111
USC00314689,2014-03-02,TMIN,6
USC00314689,2014-03-02,TMAX,200
USC00316096,2014-06-06,TMIN,211
USW00013754,2011-03-27,TMIN,44
USW00093719,2012-01-02,TMIN,11
USC00310356,2009-09-22,TMAX,311
USC00316676,2015-09-15,TMIN,111
USR0000NHOF,2008-06-06,TMIN,228
USR0000NHOF,2008-06-06,TMAX,350
USC00310576,2015-03-30,TMAX,106
USC00310576,2015-03-30,TMIN,0
USW00093765,2010-08-04,TMIN,228
USC00310356,2009-09-22,TMIN,194
USC00314689,2015-04-27,TMIN,61
USW00093765,2012-10-24,TMIN,133
USC00314684,2010-03-07,TMAX,117
USW00013754,2013-11-15,TMIN,11
USC00314689,2010-06-06,TMIN,244
USC00315830,2013-12-17,TMAX,156
USC00314689,2008-10-18,TMAX,200
USC00314689,2008-10-18,TMIN,111
USC00310576,2011-08-17,TMIN,172
USW00093719,2013-07-16,TMAX,344
USC00310356,2010-01-18,TMAX,172
USW00093719,2013-07-16,TMIN,233
USC00310356,2009-07-24,TMIN,233
USC00310356,2009-07-24,TMAX,300
USC00314684,2008-08-08,TMIN,206
USW00093719,2006-03-07,TMAX,117
USC00310576,2011-08-17,TMAX,311
USW00093743,2010-10-25,TMIN,156
USW00013754,2008-10-02,TMIN,94
USW00093719,2006-03-07,TMIN,-6
USC00310576,2012-04-27,TMAX,278
USC00310356,2010-01-18,TMIN,89
USC00314144,2011-05-16,TMAX,244
USR0000NNWB,2006-08-28,TMIN,217
USC00317170,2010-08-04,TMIN,222
USC00317170,2010-08-04,TMAX,350
USW00093765,2008-02-12,TMIN,6
USW00013754,2010-07-28,TMAX,322
USW00093743,2010-01-18,TMIN,39
USW00093743,2010-01-18,TMAX,161
USC00314689,2010-06-06,TMAX,350
USW00013754,2010-07-28,TMIN,217
USC00314684,2005-01-28,TMIN,-72
USC00314684,2005-01-28,TMAX,56
USR0000NCRN,2014-07-03,TMIN,233
USR0000NCRN,2014-07-03,TMAX,306
USR0000NNWB,2009-05-29,TMIN,211
USR0000NNWB,2009-05-29,TMAX,317
USW00013754,2013-11-15,TMAX,206
USC00314689,2007-10-10,TMIN,206
USC00310576,2012-04-27,TMIN,150
USW00093743,2010-10-25,TMAX,250
USC00314684,2008-08-08,TMAX,350
USW00013754,2009-10-27,TMAX,189
USC00310356,2007-06-04,TMAX,250
USR0000NCRN,2007-08-11,TMIN,228
USC00317170,2011-02-15,TMIN,44
USW00013754,2009-10-27,TMIN,150
USR0000NCRN,2007-08-11,TMAX,306
USC00315830,2013-01-07,TMIN,39
USW00093719,2011-10-28,TMIN,106
USR0000NNWB,2007-10-15,TMAX,261
USC00316676,2012-06-10,TMAX,306
USC00315830,2013-01-07,TMAX,122
USR0000NNWB,2007-10-15,TMIN,117
USR0000NNWB,2008-04-14,TMIN,44
USC00317170,2011-02-15,TMAX,117
USR0000NNWB,2008-04-14,TMAX,144
USC00314684,2010-03-07,TMIN,-50
USC00316676,2012-06-10,TMIN,167
USC00317170,2011-09-12,TMAX,322
USW00093719,2011-10-28,TMAX,178
USC00316676,2011-12-01,TMIN,28
USC00315830,2013-12-17,TMIN,28
USC00316676,2012-08-14,TMIN,206
USW00093765,2012-07-24,TMAX,322
USC00314144,2011-05-16,TMIN,150
USC00316676,2012-08-14,TMAX,311
USC00316676,2015-12-18,TMIN,139
USC00316676,2015-12-18,TMAX,244
USR0000NNWB,2010-11-28,TMIN,-6
USR0000NNWB,2010-11-28,TMAX,122
USC00314689,2013-11-03,TMIN,78
USC00310576,2012-12-31,TMAX,94
USW00093765,2012-07-24,TMIN,239
USC00314689,2013-11-03,TMAX,217
USC00316676,2011-12-01,TMAX,128
USW00013754,2008-10-02,TMAX,211
USC00310576,2012-12-31,TMIN,-17
USC00317170,2011-09-12,TMIN,189
USR0000NHOF,2011-07-17,TMAX,294
USC00314689,2006-04-28,TMIN,83
USC00316096,2010-06-06,TMIN,244
USC00316096,2010-06-06,TMAX,311
USR0000NNWB,2008-01-12,TMAX,161
USR0000NNWB,2008-01-12,TMIN,83
USC00310576,2009-03-22,TMAX,139
USC00317170,2009-10-30,TMIN,139
USC00317170,2009-10-30,TMAX,222
USW00093719,2008-10-01,TMAX,272
USC00314684,2010-10-09,TMIN,67
USW00093743,2011-02-21,TMIN,117
USW00093719,2008-10-01,TMIN,150
USW00093765,2014-05-14,TMIN,211
USR0000NCRN,2013-04-20,TMIN,78
USR0000NCRN,2013-04-20,TMAX,189
USC00314144,2011-01-13,TMAX,44
USR0000NCRN,2015-05-14,TMAX,217
USC00310356,2010-06-18,TMIN,261
USC00310356,2010-06-18,TMAX,333
USC00314684,2010-10-09,TMAX,267
USC00315830,2011-02-27,TMAX,161
USW00093743,2011-02-21,TMAX,172
USC00310576,2009-03-22,TMIN,11
USC00316676,2015-03-17,TMIN,50
USW00093765,2006-07-14,TMIN,256
USC00314684,2011-06-09,TMIN,222
USW00093765,2006-07-14,TMAX,294
USC00316096,2013-10-30,TMAX,233
USW00093765,2005-05-04,TMAX,200
USC00314689,2012-10-11,TMIN,89
USC00316676,2005-04-06,TMIN,83
USW00093765,2005-05-04,TMIN,117
USC00316096,2013-10-30,TMIN,89
USC00310356,2010-04-15,TMAX,194
USW00093719,2008-01-02,TMIN,-17
USC00310356,2005-10-10,TMIN,239
USW00093743,2007-06-04,TMAX,283
USC00316676,2005-04-06,TMAX,244
USW00093719,2008-01-02,TMAX,39
USC00310356,2010-04-15,TMIN,94
USC00314689,2012-10-11,TMAX,217
USR0000NNWB,2011-10-17,TMIN,150
USC00314684,2011-11-05,TMIN,56
USC00314689,2007-01-25,TMIN,11
USC00314689,2007-01-25,TMAX,83
USW00093765,2007-05-12,TMIN,172
USW00093765,2007-05-12,TMAX,272
USW00093719,2013-09-19,TMIN,133
USC00316676,2007-04-05,TMAX,300
USW00093719,2015-01-21,TMAX,211
USW00093719,2013-09-19,TMAX,261
USW00093719,2015-01-21,TMIN,33
USW00093765,2007-04-22,TMAX,217
USC00314684,2012-10-24,TMIN,44
USW00093743,2013-08-13,TMIN,250
USR0000NNWB,2009-05-27,TMAX,272
USR0000NNWB,2009-05-27,TMIN,194
USW00093743,2007-12-17,TMIN,-27
USW00093743,2013-08-13,TMAX,328
USW00093765,2007-04-22,TMIN,67
USR0000NNWB,2011-10-17,TMAX,306
USR0000NHOF,2014-01-24,TMIN,-133
USC00314689,2010-03-21,TMIN,72
USC00316676,2014-03-02,TMIN,22
USC00316676,2014-03-02,TMAX,139
USR0000NCRN,2015-05-14,TMIN,111
USC00314684,2010-08-04,TMIN,206
USC00314684,2010-08-04,TMAX,311
USC00314684,2011-11-05,TMAX,144
USC00310576,2010-01-18,TMIN,122
USC00310356,2007-04-04,TMAX,278
USC00310576,2010-01-18,TMAX,233
USC00310356,2007-04-04,TMIN,156
USC00310356,2006-11-14,TMAX,189
USC00310356,2012-11-11,TMAX,178
USC00315830,2014-11-16,TMAX,89
USC00315830,2014-11-16,TMIN,17
USC00310356,2012-11-11,TMIN,56
USC00314689,2010-03-21,TMAX,250
USC00310356,2006-11-14,TMIN,89
USC00315830,2009-01-02,TMAX,156
USC00315830,2009-01-02,TMIN,-28
USC00314689,2011-10-13,TMIN,206
USR0000NCRN,2011-12-09,TMAX,194
USC00315830,2005-01-27,TMAX,122
USC00316096,2014-02-14,TMAX,122
USC00314689,2011-01-03,TMIN,-33
USW00093743,2010-04-15,TMIN,56
USC00314689,2008-06-18,TMIN,183
USR0000NNWB,2015-11-03,TMAX,194
USR0000NCRN,2011-12-09,TMIN,44
USR0000NCRN,2012-05-13,TMIN,161
USW00093743,2010-04-15,TMAX,194
USR0000NHOF,2008-04-04,TMIN,161
USR0000NCRN,2012-05-13,TMAX,239
USR0000NCRN,2015-09-13,TMAX,261
USC00316096,2012-10-11,TMAX,206
USC00316096,2012-10-11,TMIN,83
USW00013754,2005-02-22,TMAX,139
USC00314689,2008-06-18,TMAX,328
USC00314689,2011-01-03,TMAX,183
USC00317170,2007-06-09,TMAX,333
USC00310356,2011-02-21,TMIN,94
USW00093743,2013-04-20,TMIN,89
USW00013754,2011-10-28,TMIN,117
USW00093743,2013-04-20,TMAX,194
USW00093719,2009-04-07,TMAX,122
USR0000NHOF,2006-11-14,TMIN,56
USC00316676,2014-09-28,TMIN,161
USC00316676,2014-09-28,TMAX,250
USC00316676,2010-08-26,TMAX,272
USW00093719,2009-04-07,TMIN,39
USC00314684,2014-01-16,TMAX,139
USC00314684,2014-01-16,TMIN,6
USR0000NHOF,2006-11-14,TMAX,222
USC00310356,2013-04-20,TMIN,133
USC00310356,2013-04-20,TMAX,239
USC00317170,2007-06-05,TMAX,333
USC00316676,2010-08-26,TMIN,194
USC00314144,2006-02-18,TMAX,211
USW00013754,2005-02-22,TMIN,39
USC00315830,2005-01-27,TMIN,28
USW00093743,2007-06-04,TMIN,200
USR0000NHOF,2008-04-04,TMAX,233
USR0000NHOF,2007-12-17,TMIN,-78
USR0000NHOF,2007-12-17,TMAX,72
USR0000NCRN,2015-07-15,TMIN,228
USC00310576,2007-12-24,TMAX,233
USC00310576,2007-12-24,TMIN,78
USR0000NCRN,2015-07-15,TMAX,311
USW00093765,2014-05-14,TMAX,272
USW00093743,2010-06-18,TMIN,228
USW00093765,2009-10-11,TMIN,167
USW00093743,2010-06-18,TMAX,322
USC00316676,2015-03-17,TMAX,239
USC00310356,2005-10-10,TMAX,339
USC00314689,2011-10-13,TMAX,256
USC00314684,2011-06-09,TMAX,350
USW00013754,2011-03-21,TMAX,228
USW00093765,2009-10-11,TMAX,222
USC00314689,2006-11-08,TMIN,167
USR0000NCRN,2012-04-27,TMIN,161
USC00314689,2006-11-08,TMAX,178
USW00093765,2005-11-01,TMAX,222
USC00314144,2005-04-13,TMIN,89
USC00314144,2005-04-13,TMAX,139
USC00316096,2014-02-14,TMIN,6
USC00314684,2006-04-28,TMAX,122
USC00317170,2010-09-30,TMAX,256
USC00317170,2010-09-30,TMIN,211
USC00314684,2006-04-28,TMIN,61
USW00093765,2005-11-01,TMIN,89
USC00314689,2008-09-28,TMIN,189
USR0000NCRN,2015-09-13,TMIN,139
USC00314689,2008-09-28,TMAX,278
USW00013754,2011-03-21,TMIN,100
USC00310576,2006-07-01,TMAX,311
USC00310576,2006-07-01,TMIN,217
USR0000NCRN,2006-03-14,TMIN,100
USR0000NCRN,2012-04-27,TMAX,272
USW00093743,2007-12-17,TMAX,72
USC00317170,2015-08-23,TMAX,306
USC00310356,2013-08-13,TMIN,244
USC00310356,2013-08-13,TMAX,300
USW00093719,2011-04-22,TMIN,106
USC00317170,2013-03-27,TMAX,139
USC00314684,2007-11-12,TMAX,139
USC00317170,2013-03-27,TMIN,11
USW00093719,2008-03-28,TMIN,150
USW00093719,2008-03-28,TMAX,272
USC00310356,2015-09-30,TMIN,239
USW00093719,2011-04-22,TMAX,211
USC00314689,2014-01-16,TMAX,144
USC00310356,2015-09-30,TMAX,283
USC00314684,2007-11-12,TMIN,-17
USR0000NCRN,2010-07-04,TMIN,122
USC00316676,2008-01-19,TMAX,100
USR0000NCRN,2010-07-04,TMAX,294
USC00317170,2011-03-01,TMIN,89
USC00316676,2008-01-19,TMIN,39
USC00314689,2014-01-16,TMIN,22
USR0000NNWB,2010-09-24,TMAX,333
USC00316096,2011-05-28,TMAX,272
USC00310356,2009-03-01,TMIN,56
USR0000NHOF,2015-09-30,TMAX,317
USR0000NHOF,2012-04-27,TMAX,272
USR0000NHOF,2012-04-27,TMIN,161
USW00093765,2008-09-26,TMAX,278
USW00093765,2008-09-26,TMIN,228
USC00310576,2015-05-26,TMIN,128
USC00310576,2013-10-02,TMIN,94
USW00093719,2010-11-30,TMIN,56
USC00310576,2015-05-26,TMAX,272
USC00310576,2013-10-02,TMAX,267
USC00314684,2014-12-06,TMAX,150
USC00314684,2014-12-06,TMIN,61
USC00316096,2011-05-28,TMIN,183
USC00310356,2009-03-01,TMAX,100
USW00093719,2010-11-30,TMAX,228
USC00316096,2012-01-13,TMAX,172
USC00317170,2011-03-01,TMAX,200
USR0000NHOF,2012-11-11,TMIN,22
USR0000NNWB,2010-09-24,TMIN,211
USW00013754,2011-09-10,TMAX,317
USR0000NHOF,2011-07-17,TMIN,133
USC00317170,2008-08-13,TMIN,200
USC00316676,2008-03-18,TMIN,6
USC00310576,2014-06-10,TMIN,194
USC00314684,2008-07-16,TMIN,172
USC00310576,2014-06-10,TMAX,294
USC00310356,2005-03-04,TMAX,100
USR0000NNWB,2006-01-16,TMIN,-6
USC00310356,2008-04-04,TMAX,167
USW00093743,2009-03-01,TMIN,56
USR0000NNWB,2006-01-16,TMAX,172
USR0000NNWB,2011-06-02,TMAX,372
USC00317170,2008-08-13,TMAX,239
USC00310576,2009-12-15,TMAX,156
USC00310576,2009-12-15,TMIN,106
USC00314689,2006-04-28,TMAX,222
USW00093743,2009-03-01,TMAX,100
USC00310356,2008-04-04,TMIN,89
USC00314689,2011-06-01,TMIN,206
USC00316096,2012-01-13,TMIN,17
USW00093719,2009-06-25,TMIN,183
USW00093719,2009-06-25,TMAX,328
USC00316096,2010-03-07,TMIN,-44
USC00316096,2010-03-07,TMAX,150
USC00314144,2010-05-21,TMIN,89
USC00310356,2005-03-04,TMIN,11
USC00314144,2010-05-21,TMAX,272
USC00316676,2008-03-18,TMAX,139
USR0000NNWB,2005-02-22,TMAX,156
USR0000NNWB,2005-02-22,TMIN,56
USC00314689,2010-11-18,TMIN,28
USW00013754,2011-09-10,TMIN,178
USC00314689,2011-06-30,TMAX,317
USC00314689,2011-06-30,TMIN,222
USR0000NCRN,2013-08-13,TMIN,233
USR0000NCRN,2013-08-13,TMAX,317
USC00314689,2010-11-18,TMAX,211
USR0000NHOF,2012-11-11,TMAX,228
USW00093719,2007-03-28,TMAX,289
USC00310356,2014-01-24,TMAX,61
USC00316096,2014-01-16,TMIN,-22
USC00314689,2008-02-06,TMIN,172
USC00314689,2008-02-06,TMAX,261
USW00093743,2012-11-11,TMIN,61
USC00317170,2009-10-11,TMAX,222
USC00317170,2013-01-20,TMAX,189
USC00310356,2007-12-17,TMIN,6
USC00315830,2007-11-25,TMAX,117
USC00310356,2007-12-17,TMAX,189
USW00013754,2005-07-13,TMIN,222
USR0000NHOF,2005-10-10,TMAX,228
USC00314144,2011-01-13,TMIN,-78
USW00013754,2010-11-12,TMIN,67
USW00013754,2005-07-13,TMAX,317
USW00093765,2013-03-27,TMAX,139
USC00315830,2013-07-16,TMAX,328
USC00317170,2009-10-11,TMIN,161
USC00315830,2015-07-04,TMAX,283
USC00317170,2013-01-20,TMIN,44
USC00314144,2007-05-19,TMIN,61
USC00314684,2012-10-24,TMAX,261
USC00314689,2014-02-14,TMAX,144
USC00317170,2015-10-17,TMIN,100
USC00314689,2014-02-14,TMIN,11
USC00316096,2009-12-20,TMIN,-28
USR0000NHOF,2014-01-24,TMAX,-6
USC00314144,2007-05-19,TMAX,206
USC00316096,2014-01-16,TMAX,67
USC00316096,2009-12-20,TMAX,72
USC00316676,2007-04-05,TMIN,89
USW00093719,2007-11-03,TMIN,44
USR0000NNWB,2015-09-01,TMAX,311
USW00093743,2012-11-11,TMAX,217
USR0000NNWB,2015-09-01,TMIN,233
USW00013754,2010-11-12,TMAX,161
USC00315830,2007-11-25,TMIN,78
USW00093719,2007-11-03,TMAX,194
USC00315830,2015-07-04,TMIN,233
USC00315830,2013-07-16,TMIN,233
USR0000NHOF,2005-10-10,TMIN,189
USW00093719,2012-06-29,TMIN,222
USW00093719,2012-06-29,TMAX,367
USC00316096,2011-06-30,TMAX,322
USC00316096,2011-06-30,TMIN,200
USW00093743,2014-01-24,TMAX,-5
USC00314689,2015-01-07,TMAX,150
USW00093719,2007-03-28,TMIN,144
USC00314689,2013-10-30,TMIN,94
USW00093743,2012-04-27,TMAX,278
USC00310356,2014-01-24,TMIN,-78
USC00316676,2007-12-14,TMAX,250
USC00316676,2007-12-14,TMIN,117
USW00093765,2014-12-10,TMIN,50
USR0000NCRN,2009-11-26,TMIN,122
USR0000NCRN,2009-11-26,TMAX,194
USW00093765,2014-12-10,TMAX,122
USW00093743,2012-04-27,TMIN,167
USC00314689,2013-10-30,TMAX,244
USR0000NHOF,2011-02-21,TMIN,89
USR0000NHOF,2011-02-21,TMAX,244
USW00093765,2013-03-27,TMIN,33
USC00314689,2010-03-07,TMIN,-22
USC00314689,2010-03-07,TMAX,156
USR0000NCRN,2006-11-30,TMIN,111
USW00093743,2014-01-24,TMIN,-105
USC00314689,2015-01-07,TMIN,-22
USC00310576,2009-05-19,TMIN,111
USC00317170,2012-06-03,TMAX,272
USC00310356,2007-10-06,TMIN,217
USC00310576,2009-05-19,TMAX,150
USC00310356,2012-04-27,TMAX,222
USC00310356,2012-04-27,TMIN,189
USC00317170,2012-06-03,TMIN,122
USC00310356,2007-10-06,TMAX,289
USC00314689,2011-06-01,TMAX,361
USR0000NHOF,2015-09-30,TMIN,228
USR0000NCRN,2006-11-30,TMAX,239
USC00317170,2015-10-17,TMAX,211
USC00317170,2010-10-21,TMAX,250
USC00314684,2005-05-04,TMAX,211
USC00316676,2015-09-15,TMAX,239
USR0000NCRN,2009-09-11,TMAX,244
USC00314689,2009-03-11,TMIN,122
USC00315830,2015-01-26,TMIN,6
USW00093765,2008-07-07,TMAX,283
USW00093719,2015-02-15,TMAX,56
USR0000NNWB,2010-10-21,TMAX,256
USR0000NNWB,2010-10-21,TMIN,117
USR0000NNWB,2005-01-08,TMIN,100
USR0000NNWB,2014-11-16,TMAX,111
USW00093765,2008-07-07,TMIN,222
USR0000NHOF,2009-03-22,TMIN,-39
USR0000NNWB,2010-02-25,TMAX,50
USW00093719,2014-12-10,TMIN,44
USW00093719,2014-12-10,TMAX,133
USR0000NNWB,2010-02-25,TMIN,6
USW00093719,2014-03-02,TMIN,11
USW00093765,2015-01-21,TMAX,150
USW00093719,2014-03-02,TMAX,228
USR0000NNWB,2005-01-08,TMAX,244
USR0000NNWB,2011-09-10,TMIN,183
USR0000NNWB,2009-10-27,TMAX,183
USC00314684,2005-03-15,TMAX,78
USR0000NNWB,2012-08-01,TMAX,311
USC00314684,2014-05-19,TMIN,83
USR0000NNWB,2009-10-27,TMIN,144
USR0000NCRN,2009-09-11,TMIN,200
USR0000NNWB,2012-10-24,TMIN,106
USW00093719,2007-08-29,TMIN,200
USR0000NNWB,2012-10-24,TMAX,289
USW00093765,2011-10-28,TMIN,139
USC00315830,2007-01-16,TMAX,211
USC00315830,2007-01-16,TMIN,161
USC00314684,2014-05-19,TMAX,217
USC00316096,2010-06-10,TMIN,222
USC00316096,2010-06-10,TMAX,306
USW00093719,2007-08-29,TMAX,311
USW00093765,2011-10-28,TMAX,200
USW00013754,2009-05-29,TMAX,300
USR0000NHOF,2009-03-22,TMAX,172
USW00093719,2015-02-15,TMIN,-66
USC00316676,2014-01-16,TMAX,156
USC00316676,2014-01-16,TMIN,33
USW00013754,2008-10-10,TMAX,239
USC00314684,2007-07-05,TMAX,289
USC00314684,2005-03-15,TMIN,-28
USC00314144,2008-12-02,TMAX,89
USW00013754,2008-10-10,TMIN,183
USC00310576,2011-08-08,TMAX,344
USW00093719,2007-05-12,TMIN,167
USC00314689,2011-08-30,TMIN,200
USC00316676,2014-11-24,TMIN,94
USC00316676,2014-11-24,TMAX,206
USW00093719,2008-11-24,TMIN,-44
USC00316676,2006-04-28,TMAX,133
USW00093719,2008-11-24,TMAX,156
USW00093719,2009-10-30,TMIN,139
USC00314689,2011-08-30,TMAX,333
USR0000NNWB,2014-11-16,TMIN,-6
USC00315830,2012-07-27,TMAX,317
USC00315830,2014-04-18,TMIN,78
USC00315830,2015-01-26,TMAX,106
USR0000NHOF,2007-03-12,TMIN,-17
USR0000NHOF,2007-03-12,TMAX,183
USC00314689,2009-03-11,TMAX,283
USW00093743,2011-02-05,TMIN,61
USR0000NHOF,2008-04-01,TMAX,217
USW00093743,2011-02-05,TMAX,167
USC00315830,2012-07-27,TMIN,256
USW00093719,2013-04-19,TMIN,194
USR0000NHOF,2008-04-01,TMIN,178
USC00316676,2006-04-07,TMIN,122
USC00316676,2006-04-07,TMAX,239
USW00093765,2015-01-21,TMIN,44
USR0000NCRN,2009-01-11,TMAX,167
USC00315830,2014-04-18,TMAX,167
USR0000NCRN,2009-01-11,TMIN,72
USW00093719,2013-04-19,TMAX,272
USC00316676,2006-04-28,TMIN,83
USW00013754,2009-05-29,TMIN,200
USC00314689,2012-01-04,TMAX,83
USC00317170,2010-08-20,TMIN,250
USW00093765,2006-09-12,TMAX,239
USW00013754,2014-11-16,TMAX,133
USW00013754,2014-11-16,TMIN,11
USC00316096,2014-12-06,TMIN,100
USW00013754,2009-06-25,TMIN,200
USW00013754,2009-06-25,TMAX,322
USC00317170,2010-08-20,TMAX,328
USR0000NNWB,2011-03-27,TMIN,39
USW00093743,2008-11-28,TMIN,28
USW00093765,2006-09-12,TMIN,161
USC00316096,2015-01-07,TMIN,-33
USW00093765,2009-04-12,TMIN,67
USC00314684,2011-05-13,TMAX,222
USC00314689,2007-03-01,TMAX,217
USW00013754,2010-02-25,TMAX,50
USC00316096,2011-08-30,TMIN,200
USW00013754,2010-02-25,TMIN,0
USC00316676,2006-10-17,TMAX,206
USC00316096,2014-12-06,TMAX,206
USW00093719,2005-09-14,TMIN,228
USW00093719,2009-05-27,TMAX,272
USC00314689,2009-10-11,TMAX,222
USC00315830,2015-12-11,TMAX,150
USC00314689,2009-10-11,TMIN,139
USW00093719,2009-05-27,TMIN,200
USR0000NNWB,2011-03-27,TMAX,56
USC00316676,2006-10-17,TMIN,50
USC00314144,2006-04-01,TMIN,33
USW00093743,2008-11-28,TMAX,156
USC00317170,2010-03-07,TMAX,167
USC00315830,2015-12-11,TMIN,139
USC00316096,2011-08-30,TMAX,289
USR0000NCRN,2010-09-15,TMIN,178
USR0000NCRN,2010-09-15,TMAX,306
USC00314689,2007-03-01,TMIN,39
USC00317170,2010-03-07,TMIN,0
USR0000NNWB,2011-09-10,TMAX,322
USW00093765,2009-04-12,TMAX,167
USR0000NCRN,2011-04-26,TMAX,256
USC00314144,2010-09-08,TMIN,178
USC00314144,2010-09-08,TMAX,317
USC00317170,2013-02-13,TMIN,78
USC00314689,2012-01-04,TMIN,-78
USC00316676,2013-07-16,TMAX,306
USC00316676,2013-07-16,TMIN,211
USR0000NHOF,2007-10-01,TMAX,261
USW00093719,2010-07-28,TMIN,211
USR0000NNWB,2011-11-05,TMIN,128
USR0000NNWB,2012-08-01,TMIN,222
USC00316096,2011-01-03,TMIN,-44
USC00316096,2011-01-03,TMAX,94
USR0000NNWB,2011-07-06,TMIN,239
USW00093719,2007-01-25,TMIN,6
USW00093719,2007-01-25,TMAX,94
USR0000NNWB,2011-07-06,TMAX,322
USR0000NNWB,2011-11-05,TMAX,144
USR0000NCRN,2011-04-26,TMIN,200
USR0000NCRN,2008-03-02,TMIN,-6
USW00093719,2010-07-28,TMAX,328
USW00093743,2009-02-01,TMAX,133
USW00093743,2009-02-01,TMIN,-5
USC00314684,2008-02-06,TMIN,144
USC00314684,2008-02-06,TMAX,256
USC00314684,2006-05-13,TMIN,89
USC00314684,2006-05-13,TMAX,250
USC00316096,2015-01-07,TMAX,61
USC00317170,2013-02-13,TMAX,117
USW00093719,2015-07-04,TMAX,328
USR0000NNWB,2006-07-01,TMAX,311
USR0000NNWB,2006-07-01,TMIN,206
USC00310576,2011-06-14,TMAX,311
USC00310576,2015-05-14,TMAX,256
USC00310576,2015-05-14,TMIN,144
USC00310576,2011-06-14,TMIN,156
USR0000NCRN,2008-03-02,TMAX,167
USW00093719,2015-07-04,TMIN,228
USW00093719,2007-05-12,TMAX,272
USW00013754,2011-05-02,TMIN,111
USW00093719,2009-10-30,TMAX,217
USW00013754,2010-11-28,TMAX,117
USR0000NCRN,2008-06-06,TMAX,339
USR0000NNWB,2008-03-28,TMIN,161
USR0000NNWB,2008-03-28,TMAX,278
USW00093765,2007-10-16,TMIN,133
USW00093765,2011-02-01,TMIN,39
USR0000NNWB,2012-03-22,TMIN,161
USC00314689,2007-02-18,TMAX,94
USW00093765,2011-02-01,TMAX,167
USR0000NHOF,2009-02-01,TMAX,144
USR0000NNWB,2012-03-22,TMAX,256
USW00013754,2008-03-06,TMAX,206
USC00315830,2014-09-28,TMIN,178
USW00013754,2008-03-06,TMIN,67
USC00315830,2014-09-28,TMAX,250
USC00310356,2007-03-12,TMIN,89
USW00013754,2015-11-18,TMAX,250
USR0000NNWB,2007-01-25,TMIN,6
USC00314689,2007-02-18,TMIN,11
USR0000NHOF,2012-08-27,TMAX,306
USW00013754,2014-03-02,TMIN,28
USW00013754,2014-03-02,TMAX,211
USC00310356,2009-03-22,TMAX,133
USW00013754,2013-04-19,TMIN,194
USW00013754,2013-04-19,TMAX,261
USR0000NCRN,2006-04-01,TMAX,222
USW00093719,2015-09-01,TMAX,311
USR0000NHOF,2012-08-27,TMIN,211
USW00093719,2015-09-01,TMIN,228
USR0000NNWB,2006-09-01,TMAX,250
USR0000NCRN,2006-04-01,TMIN,156
USW00013754,2012-02-18,TMAX,172
USC00310576,2010-12-08,TMIN,-28
USR0000NCRN,2008-06-06,TMIN,228
USW00093765,2007-10-16,TMAX,267
USW00013754,2010-11-28,TMIN,-10
USR0000NNWB,2006-09-01,TMIN,189
USC00315830,2006-02-01,TMAX,133
USR0000NNWB,2007-01-25,TMAX,89
USW00013754,2015-11-27,TMAX,222
USC00316676,2011-01-11,TMIN,-22
USC00315830,2006-08-07,TMAX,311
USW00093743,2011-04-11,TMIN,156
USW00093743,2011-04-11,TMAX,228
USW00013754,2015-11-18,TMIN,133
USW00013754,2008-01-20,TMAX,28
USR0000NNWB,2006-03-07,TMIN,-11
USC00315830,2006-08-07,TMIN,217
USR0000NCRN,2009-01-25,TMAX,50
USW00093719,2014-11-16,TMAX,122
USR0000NNWB,2006-03-07,TMAX,117
USW00013754,2010-08-04,TMIN,222
USW00013754,2010-08-04,TMAX,333
USW00093765,2006-05-13,TMIN,133
USR0000NCRN,2006-12-30,TMAX,189
USW00093719,2014-11-16,TMIN,11
USR0000NCRN,2009-01-25,TMIN,17
USC00310356,2007-03-12,TMAX,233
USW00093719,2010-02-25,TMIN,0
USC00314684,2005-01-12,TMAX,189
USW00013754,2015-11-27,TMIN,100
USW00013754,2011-07-06,TMIN,239
USR0000NHOF,2009-02-01,TMIN,-50
USC00317170,2011-04-22,TMAX,217
USC00317170,2011-04-22,TMIN,100
USC00316676,2007-12-01,TMAX,139
USR0000NCRN,2012-10-12,TMAX,228
USW00093719,2010-02-25,TMAX,50
USC00316676,2007-12-01,TMIN,-11
USC00316676,2011-01-11,TMAX,11
USW00013754,2008-01-20,TMIN,-38
USW00013754,2011-07-06,TMAX,322
USW00093719,2005-03-02,TMAX,83
USR0000NCRN,2012-10-12,TMIN,56
USW00093719,2005-03-02,TMIN,0
USC00314684,2005-01-12,TMIN,56
USC00310576,2011-09-04,TMIN,144
USW00013754,2012-02-18,TMIN,61
USC00310356,2009-03-22,TMIN,44
USC00310576,2007-10-26,TMAX,250
USW00093765,2010-03-07,TMIN,-16
USW00093765,2010-03-07,TMAX,144
USW00093765,2008-06-15,TMIN,228
USW00013754,2005-10-26,TMAX,172
USR0000NHOF,2011-04-11,TMIN,161
USW00013754,2005-10-26,TMIN,72
USC00314684,2011-05-13,TMIN,133
USW00093765,2008-06-15,TMAX,289
USC00314684,2007-06-25,TMIN,206
USW00013754,2011-05-02,TMAX,261
USW00013754,2011-11-05,TMIN,100
USW00013754,2011-11-05,TMAX,161
USC00314144,2010-11-27,TMIN,28
USW00093765,2010-10-09,TMIN,106
USW00093765,2010-10-09,TMAX,256
USR0000NCRN,2014-09-09,TMAX,267
USR0000NHOF,2011-04-11,TMAX,267
USR0000NCRN,2014-09-09,TMIN,222
USC00314144,2010-11-27,TMAX,144
USW00093719,2006-10-10,TMAX,261
USC00314144,2008-12-02,TMIN,-39
USC00310576,2007-05-21,TMIN,139
USW00093765,2008-08-13,TMIN,194
USW00093765,2008-08-13,TMAX,261
USR0000NNWB,2010-09-25,TMIN,194
USC00310576,2010-12-08,TMAX,44
USR0000NNWB,2010-09-25,TMAX,333
USW00093719,2006-10-10,TMIN,161
USW00093765,2008-10-08,TMIN,128
USR0000NCRN,2009-09-22,TMIN,267
USR0000NCRN,2009-09-22,TMAX,278
USC00316676,2013-03-27,TMIN,11
USR0000NHOF,2015-09-24,TMAX,244
USR0000NHOF,2015-09-24,TMIN,200
USC00314684,2007-07-05,TMIN,161
USC00310576,2007-05-21,TMAX,272
USC00316676,2013-03-27,TMAX,111
USC00314684,2007-06-25,TMAX,317
USC00310576,2011-08-08,TMIN,239
USW00093719,2010-07-15,TMAX,328
USR0000NCRN,2007-12-17,TMIN,0
USR0000NNWB,2006-08-01,TMIN,233
USC00315830,2006-02-01,TMIN,-6
USW00093719,2011-05-21,TMIN,156
USR0000NNWB,2007-04-22,TMIN,61
USR0000NNWB,2007-04-22,TMAX,294
USW00093743,2012-08-27,TMAX,300
USC00316676,2010-11-07,TMAX,144
USW00093719,2011-05-21,TMAX,300
USC00314144,2008-08-06,TMIN,222
USR0000NNWB,2010-08-04,TMIN,228
USW00093743,2012-08-27,TMIN,233
USC00314684,2009-04-07,TMAX,261
USR0000NNWB,2010-08-04,TMAX,344
USC00314684,2009-04-07,TMIN,56
USC00310576,2007-10-26,TMIN,217
USC00314144,2008-08-06,TMAX,361
USC00316676,2010-11-07,TMIN,39
USR0000NNWB,2014-03-02,TMAX,222
USR0000NNWB,2014-03-02,TMIN,17
USW00013754,2011-03-16,TMAX,222
USW00013754,2011-03-16,TMIN,89
USC00310356,2012-08-27,TMAX,317
USC00316096,2012-06-03,TMAX,272
USC00310356,2012-08-27,TMIN,222
USW00093719,2006-07-01,TMAX,311
USW00093719,2006-07-01,TMIN,206
USW00093719,2010-07-15,TMIN,233
USW00093743,2009-03-22,TMIN,17
USW00093743,2009-03-22,TMAX,150
USR0000NNWB,2006-08-01,TMAX,361
USC00316096,2012-06-03,TMIN,111
USR0000NHOF,2007-07-30,TMAX,294
USR0000NHOF,2007-07-30,TMIN,211
USR0000NNWB,2013-04-19,TMIN,189
USW00093765,2008-10-08,TMAX,250
USR0000NNWB,2013-04-19,TMAX,267
USW00093719,2005-09-14,TMAX,261
USR0000NHOF,2007-06-29,TMAX,322
USW00093765,2013-04-19,TMAX,239
USC00310356,2015-09-24,TMIN,206
USC00317170,2008-09-26,TMIN,217
USC00315830,2012-07-06,TMAX,311
USC00314684,2010-04-23,TMAX,228
USW00093743,2008-04-01,TMIN,167
USC00316096,2013-11-03,TMIN,83
USC00316096,2013-11-03,TMAX,172
USC00315830,2012-07-06,TMIN,267
USC00315830,2009-05-16,TMAX,250
USC00316676,2012-09-04,TMIN,217
USC00316096,2014-05-19,TMIN,94
USC00315830,2009-05-16,TMIN,194
USW00093719,2007-07-31,TMIN,211
USW00093719,2007-07-31,TMAX,306
USC00314689,2013-04-19,TMIN,178
USC00314689,2013-04-19,TMAX,267
USW00013754,2008-04-23,TMIN,161
USC00316676,2012-09-04,TMAX,294
USR0000NCRN,2015-09-30,TMIN,222
USR0000NNWB,2008-12-03,TMIN,-39
USC00315830,2009-11-10,TMIN,144
USC00310576,2007-12-26,TMAX,139
USR0000NCRN,2010-04-06,TMAX,222
USW00013754,2005-09-14,TMIN,239
USW00013754,2012-03-03,TMIN,144
USR0000NCRN,2010-04-06,TMIN,161
USC00315830,2009-11-10,TMAX,233
USR0000NCRN,2013-02-24,TMIN,44
USR0000NNWB,2008-12-03,TMAX,133
USC00314684,2012-06-03,TMAX,261
USR0000NCRN,2013-02-24,TMAX,161
USW00093719,2005-01-20,TMIN,-33
USW00093719,2005-01-20,TMAX,94
USC00310576,2012-07-11,TMIN,217
USC00317170,2008-09-26,TMAX,272
USC00310576,2012-07-11,TMAX,322
USW00013754,2012-03-03,TMAX,211
USC00314684,2012-06-03,TMIN,122
USC00310576,2007-12-26,TMIN,39
USC00314684,2010-04-23,TMIN,67
USW00013754,2008-04-23,TMAX,233
USC00316096,2015-04-27,TMIN,83
USR0000NNWB,2009-11-07,TMAX,200
USR0000NNWB,2006-10-10,TMAX,261
USR0000NNWB,2006-10-10,TMIN,156
USR0000NCRN,2015-05-26,TMAX,272
USC00314689,2013-07-16,TMAX,339
USC00314689,2013-07-16,TMIN,217
USR0000NNWB,2011-05-02,TMIN,111
USW00093765,2007-11-18,TMAX,183
USC00317170,2009-04-12,TMAX,183
USC00314689,2014-06-06,TMIN,200
USC00316096,2015-04-27,TMAX,211
USR0000NNWB,2015-02-15,TMAX,6
USC00314684,2012-03-17,TMAX,267
USC00314684,2012-03-17,TMIN,128
USC00310356,2008-11-28,TMAX,144
USC00317170,2009-04-12,TMIN,72
USR0000NCRN,2015-09-30,TMAX,300
USC00314689,2014-06-06,TMAX,311
USR0000NNWB,2009-06-25,TMAX,333
USC00316096,2014-05-19,TMAX,217
USC00316096,2013-07-16,TMAX,322
USC00316096,2013-07-16,TMIN,211
USR0000NCRN,2014-01-24,TMIN,-122
USR0000NCRN,2014-01-24,TMAX,-17
USC00316096,2013-04-19,TMIN,189
USR0000NCRN,2015-05-26,TMIN,211
USR0000NCRN,2012-08-27,TMIN,228
USR0000NNWB,2009-11-07,TMIN,6
USW00093765,2007-01-25,TMIN,17
USW00093765,2007-01-25,TMAX,100
USW00093719,2007-04-22,TMIN,50
USW00093719,2007-04-22,TMAX,272
USR0000NNWB,2009-06-25,TMIN,194
USC00317170,2011-05-19,TMAX,272
USR0000NCRN,2012-08-27,TMAX,300
USC00316096,2013-04-19,TMAX,250
USW00093743,2008-04-01,TMAX,206
USW00013754,2005-09-14,TMAX,267
USW00013754,2015-02-15,TMIN,-66
USC00310576,2005-03-27,TMIN,94
USC00317170,2009-04-07,TMAX,178
USC00317170,2009-04-07,TMIN,78
USC00316676,2009-07-15,TMAX,283
USW00093719,2013-02-13,TMAX,150
USW00093719,2013-02-13,TMIN,89
USC00316676,2009-07-15,TMIN,183
USC00317170,2010-11-11,TMAX,172
USC00314144,2009-06-22,TMAX,289
USW00093719,2010-12-12,TMIN,61
USC00314689,2014-05-19,TMIN,122
USC00314689,2014-05-19,TMAX,222
USW00093765,2014-09-28,TMIN,172
USW00093765,2014-09-28,TMAX,272
USR0000NCRN,2010-01-18,TMIN,33
USR0000NCRN,2010-01-18,TMAX,150
USC00314144,2009-06-22,TMIN,167
USC00310576,2015-08-14,TMIN,167
USW00093743,2008-06-06,TMAX,300
USC00314689,2006-01-07,TMIN,-17
USC00314684,2005-05-04,TMIN,56
USR0000NCRN,2014-12-27,TMIN,-6
USR0000NNWB,2010-07-28,TMAX,339
USR0000NCRN,2005-11-14,TMIN,111
USR0000NCRN,2014-12-27,TMAX,167
USR0000NNWB,2010-07-28,TMIN,222
USR0000NNWB,2015-10-29,TMIN,183
USW00093743,2008-06-06,TMIN,239
USR0000NNWB,2015-10-29,TMAX,261
USC00317170,2013-07-16,TMIN,217
USW00013754,2008-12-06,TMIN,0
USC00314689,2006-01-07,TMAX,72
USC00310576,2015-08-14,TMAX,300
USC00314144,2008-10-11,TMIN,178
USC00310576,2005-03-27,TMAX,167
USC00314684,2009-12-20,TMAX,28
USC00317170,2013-07-16,TMAX,339
USC00310576,2010-01-06,TMAX,61
USC00314684,2011-08-30,TMAX,339
USC00310576,2010-01-06,TMIN,-17
USW00093719,2009-04-19,TMAX,233
USC00314144,2005-09-25,TMIN,194
USW00093719,2009-04-19,TMIN,100
USC00314144,2005-09-25,TMAX,294
USC00314689,2006-11-23,TMIN,61
USW00013754,2008-10-06,TMIN,106
USC00315830,2015-08-20,TMAX,300
USC00316676,2012-10-11,TMIN,106
USW00013754,2008-10-06,TMAX,261
USW00093719,2007-03-29,TMAX,156
USW00013754,2015-02-15,TMAX,67
USC00314684,2014-03-02,TMIN,-6
USC00314684,2014-03-02,TMAX,106
USC00314684,2013-07-16,TMAX,322
USC00314684,2013-07-16,TMIN,211
USW00093719,2007-03-29,TMIN,39
USC00315830,2015-08-20,TMIN,233
USC00316676,2012-10-11,TMAX,217
USC00314144,2008-10-11,TMAX,217
USW00093719,2010-12-12,TMAX,161
USC00314684,2011-08-30,TMIN,194
USW00093719,2006-09-01,TMIN,189
USW00093765,2005-06-29,TMIN,222
USW00093765,2005-06-29,TMAX,250
USW00093719,2011-07-06,TMIN,239
USC00316676,2014-08-03,TMAX,239
USW00093719,2011-07-06,TMAX,322
USC00316676,2014-08-03,TMIN,217
USC00315830,2015-02-22,TMIN,106
USC00315830,2015-02-22,TMAX,133
USW00093719,2006-09-01,TMAX,256
USC00310356,2008-06-06,TMIN,233
USC00310356,2010-07-08,TMIN,267
USC00310356,2008-06-06,TMAX,272
USC00316676,2015-04-02,TMIN,44
USC00310356,2010-07-08,TMAX,367
USC00316676,2015-04-02,TMAX,189
USC00314144,2010-01-18,TMIN,11
USR0000NCRN,2005-11-14,TMAX,244
USC00314144,2010-01-18,TMAX,156
USR0000NNWB,2012-02-18,TMIN,67
USW00093765,2015-08-23,TMIN,211
USR0000NNWB,2015-07-04,TMAX,328
USR0000NNWB,2015-07-04,TMIN,222
USR0000NHOF,2015-09-13,TMAX,278
USR0000NHOF,2015-09-13,TMIN,122
USW00093719,2005-02-22,TMAX,144
USW00093719,2005-02-22,TMIN,61
USW00093719,2012-03-22,TMAX,256
USC00314684,2013-09-19,TMAX,244
USW00093765,2014-03-02,TMAX,183
USC00315830,2010-09-18,TMIN,228
USC00314689,2005-05-04,TMAX,222
USC00314689,2005-05-04,TMIN,72
USW00093765,2015-08-23,TMAX,294
USC00315830,2012-04-27,TMAX,261
USC00315830,2012-04-27,TMIN,189
USW00093765,2014-03-02,TMIN,39
USC00315830,2010-09-18,TMAX,289
USW00093719,2013-11-15,TMIN,6
USC00317170,2010-10-09,TMAX,272
USW00093719,2012-10-24,TMIN,111
USW00093719,2012-10-24,TMAX,278
USC00314144,2009-11-26,TMAX,183
USR0000NHOF,2011-02-05,TMIN,44
USW00093719,2005-02-12,TMAX,144
USC00314144,2010-09-02,TMAX,278
USC00314144,2010-09-02,TMIN,156
USW00093719,2012-03-22,TMIN,139
USR0000NCRN,2010-04-15,TMIN,39
USW00093765,2011-09-12,TMIN,200
USW00093765,2011-09-12,TMAX,294
USR0000NNWB,2014-09-28,TMIN,156
USR0000NNWB,2014-09-28,TMAX,283
USR0000NCRN,2010-04-15,TMAX,194
USW00093719,2013-11-15,TMAX,194
USC00317170,2010-10-09,TMIN,106
USR0000NHOF,2011-02-05,TMAX,167
USC00316676,2013-08-12,TMAX,328
USW00013754,2015-10-29,TMIN,172
USC00317170,2013-04-19,TMIN,172
USW00013754,2014-07-11,TMIN,222
USW00093765,2013-02-13,TMAX,139
USR0000NNWB,2010-04-07,TMAX,317
USW00093719,2011-01-24,TMAX,56
USW00093765,2013-02-13,TMIN,94
USW00093765,2015-10-27,TMAX,228
USW00093719,2011-01-24,TMIN,-22
USC00316676,2012-05-12,TMAX,239
USW00093765,2015-10-27,TMIN,161
USC00314684,2008-07-25,TMIN,189
USC00314684,2008-07-25,TMAX,306
USW00093719,2010-08-04,TMIN,222
USW00093719,2010-08-04,TMAX,339
USR0000NHOF,2007-06-29,TMIN,211
USW00093765,2013-04-19,TMIN,189
USC00314144,2006-04-01,TMAX,267
USC00310356,2015-09-24,TMAX,239
USC00310356,2007-07-30,TMAX,306
USC00314684,2013-09-19,TMIN,100
USW00013754,2014-07-11,TMAX,289
USC00317170,2013-04-19,TMAX,278
USC00316676,2014-08-12,TMIN,222
USW00013754,2015-10-29,TMAX,267
USC00316676,2014-08-12,TMAX,289
USC00310356,2009-02-01,TMAX,133
USR0000NCRN,2009-07-24,TMIN,217
USR0000NCRN,2009-07-24,TMAX,294
USC00314684,2015-10-17,TMIN,78
USC00310356,2009-02-01,TMIN,6
USW00013754,2014-09-28,TMIN,178
USW00013754,2014-09-28,TMAX,272
USR0000NNWB,2010-04-07,TMIN,167
USW00013754,2005-01-08,TMAX,222
USW00013754,2005-01-08,TMIN,89
USC00314684,2015-10-17,TMAX,256
USC00316676,2012-05-12,TMIN,78
USC00310356,2007-07-30,TMIN,239
USC00316676,2013-08-12,TMIN,233
USC00314689,2008-09-14,TMAX,311
USC00314689,2008-09-14,TMIN,222
USC00314689,2008-06-29,TMIN,244
USR0000NNWB,2011-05-02,TMAX,283
USC00314684,2013-04-19,TMIN,139
USC00314684,2013-04-19,TMAX,267
USR0000NCRN,2011-04-08,TMAX,228
USR0000NCRN,2011-04-08,TMIN,128
USC00317170,2011-05-19,TMIN,44
USC00310576,2005-10-15,TMAX,244
USW00013754,2015-07-04,TMAX,344
USC00316676,2011-01-09,TMAX,83
USC00314689,2009-03-09,TMAX,294
USC00314689,2009-03-09,TMIN,167
USW00093719,2011-11-05,TMIN,83
USC00314689,2010-06-10,TMIN,228
USC00316676,2008-10-05,TMAX,244
USC00314689,2010-06-10,TMAX,333
USW00013754,2015-07-04,TMIN,233
USC00317170,2011-06-16,TMIN,189
USC00316676,2011-01-09,TMIN,-50
USC00314689,2008-06-29,TMAX,356
USR0000NCRN,2013-10-02,TMIN,122
USC00315830,2011-01-12,TMIN,0
USC00317170,2012-02-10,TMAX,122
USC00316676,2014-02-14,TMAX,67
USC00316676,2014-02-14,TMIN,22
USR0000NHOF,2005-08-19,TMIN,200
USR0000NCRN,2013-10-02,TMAX,278
USR0000NNWB,2012-02-18,TMAX,189
USW00093765,2007-11-18,TMIN,78
USR0000NHOF,2007-10-01,TMIN,156
USC00310576,2005-10-15,TMIN,133
USR0000NHOF,2005-08-19,TMAX,333
USC00310356,2008-11-28,TMIN,28
USW00093719,2014-09-28,TMIN,167
USW00093719,2014-09-28,TMAX,283
USC00315830,2011-01-12,TMAX,44
USC00317170,2012-02-10,TMIN,-17
USR0000NCRN,2006-11-14,TMIN,106
USR0000NCRN,2006-11-14,TMAX,228
USC00317170,2011-06-16,TMAX,306
USC00316676,2010-06-22,TMIN,233
USW00013754,2010-10-21,TMAX,239
USW00093719,2008-12-13,TMIN,-6
USW00013754,2010-10-21,TMIN,106
USC00316676,2010-06-22,TMAX,333
USC00314684,2008-01-23,TMIN,11
USC00314144,2009-11-26,TMIN,56
USW00093765,2009-06-15,TMAX,272
USC00317170,2012-07-24,TMAX,339
USC00316096,2009-10-11,TMIN,161
USW00093765,2011-04-22,TMAX,222
USC00314684,2008-01-23,TMAX,183
USW00093765,2011-04-22,TMIN,133
USW00093765,2009-06-15,TMIN,206
USW00093719,2008-12-13,TMAX,78
USC00317170,2012-07-24,TMIN,217
USW00093719,2005-02-12,TMIN,-17
USC00316096,2009-10-11,TMAX,217
USC00317170,2014-03-02,TMAX,222
USC00317170,2014-03-02,TMIN,17
USC00316676,2008-10-05,TMIN,94
USW00093719,2011-11-05,TMAX,156
USC00316676,2008-03-08,TMIN,117
USC00316676,2008-03-08,TMAX,217
USC00314689,2006-05-13,TMIN,94
USC00310356,2015-09-13,TMAX,278
USW00093765,2005-07-27,TMAX,322
USC00316676,2012-12-11,TMIN,161
USC00316676,2012-12-11,TMAX,233
USW00093765,2005-07-27,TMIN,244
USC00310356,2015-09-13,TMIN,211
USW00093719,2008-02-14,TMIN,6
USW00093719,2008-02-14,TMAX,111
USC00310356,2005-08-19,TMIN,250
USC00310356,2005-08-19,TMAX,311
USC00314689,2007-07-21,TMIN,167
USC00314689,2007-07-21,TMAX,222
USR0000NNWB,2015-02-15,TMIN,-72
USW00013754,2009-05-12,TMAX,233
USC00317170,2010-10-21,TMIN,128
USW00093719,2011-03-27,TMIN,39
USC00317170,2010-07-18,TMIN,233
USW00013754,2005-04-12,TMAX,144
USC00317170,2010-07-18,TMAX,328
USC00314684,2011-01-03,TMAX,189
USR0000NCRN,2013-12-22,TMAX,233
USC00315830,2015-09-24,TMAX,244
USC00315830,2015-09-24,TMIN,206
USR0000NNWB,2010-09-20,TMAX,317
USC00316676,2007-10-04,TMAX,306
USC00316676,2007-10-04,TMIN,200
USW00093719,2014-08-04,TMAX,278
USW00093719,2014-08-04,TMIN,222
USR0000NCRN,2007-09-09,TMIN,222
USC00316676,2007-02-28,TMAX,206
USC00316676,2007-02-28,TMIN,44
USC00316096,2010-01-06,TMAX,44
USC00316676,2011-01-25,TMAX,67
USC00316096,2010-01-06,TMIN,-61
USC00314684,2011-01-03,TMIN,-17
USW00093719,2006-04-01,TMIN,150
USC00310356,2013-10-01,TMIN,156
USC00310356,2010-11-27,TMAX,172
USC00310356,2010-11-27,TMIN,67
USC00316676,2014-04-28,TMIN,133
USC00315830,2013-02-14,TMAX,139
USC00316676,2014-04-28,TMAX,267
USC00314684,2005-11-04,TMAX,211
USW00013754,2005-04-12,TMIN,106
USC00315830,2013-02-14,TMIN,56
USR0000NCRN,2014-04-19,TMIN,100
USC00310356,2013-10-01,TMAX,244
USR0000NNWB,2010-09-20,TMIN,161
USR0000NHOF,2012-02-28,TMIN,39
USC00316676,2011-01-25,TMIN,0
USR0000NHOF,2012-02-29,TMIN,44
USW00093719,2006-04-01,TMAX,267
USR0000NCRN,2014-04-19,TMAX,133
USC00315830,2015-10-29,TMAX,244
USC00316096,2014-09-09,TMAX,261
USW00013754,2015-08-20,TMAX,328
USC00317170,2007-08-29,TMAX,317
USC00317170,2007-08-29,TMIN,194
USR0000NCRN,2010-04-12,TMAX,222
USR0000NCRN,2010-04-12,TMIN,61
USC00317170,2015-04-09,TMIN,128
USR0000NCRN,2013-01-07,TMAX,117
USC00316676,2015-03-19,TMAX,156
USC00316096,2012-01-18,TMAX,150
USC00310356,2014-11-17,TMAX,183
USC00310356,2014-11-17,TMIN,78
USC00316096,2012-01-18,TMIN,33
USR0000NHOF,2007-10-14,TMIN,28
USW00093719,2007-10-15,TMAX,250
USR0000NHOF,2007-10-14,TMAX,256
USW00093719,2007-10-15,TMIN,100
USC00314689,2011-12-21,TMIN,133
USC00314684,2009-05-27,TMAX,283
USC00316096,2014-09-09,TMIN,222
USR0000NCRN,2015-01-26,TMAX,133
USC00314689,2007-06-15,TMAX,228
USR0000NCRN,2007-09-09,TMAX,256
USC00310576,2005-05-05,TMAX,200
USC00310576,2005-05-05,TMIN,117
USW00013754,2015-08-20,TMIN,233
USC00316676,2015-03-19,TMIN,67
USC00316676,2006-12-18,TMAX,217
USC00315830,2006-10-17,TMIN,167
USR0000NCRN,2015-01-26,TMIN,17
USC00315830,2006-10-17,TMAX,228
USR0000NNWB,2014-03-01,TMIN,6
USR0000NNWB,2014-03-01,TMAX,144
USW00093765,2005-09-24,TMIN,217
USW00093765,2005-09-24,TMAX,311
USR0000NCRN,2013-01-07,TMIN,28
USR0000NCRN,2011-02-05,TMIN,67
USC00314689,2007-06-15,TMIN,128
USC00316096,2011-06-05,TMIN,178
USC00310356,2011-05-16,TMAX,250
USC00315830,2015-10-29,TMIN,200
USC00314689,2013-07-18,TMAX,344
USC00316096,2013-12-17,TMIN,11
USC00314684,2011-05-30,TMAX,328
USC00310356,2008-12-28,TMAX,172
USR0000NCRN,2013-04-18,TMIN,128
USR0000NCRN,2013-04-18,TMAX,239
USC00310356,2008-12-28,TMIN,117
USW00093719,2014-03-01,TMIN,11
USC00317170,2009-10-27,TMIN,156
USR0000NCRN,2013-12-29,TMIN,106
USR0000NNWB,2015-03-30,TMIN,6
USC00314144,2010-06-07,TMAX,300
USW00093719,2014-03-01,TMAX,139
USC00314144,2010-06-07,TMIN,167
USR0000NNWB,2014-12-24,TMIN,128
USR0000NCRN,2010-03-26,TMIN,72
USR0000NCRN,2010-03-26,TMAX,217
USR0000NNWB,2015-03-30,TMAX,167
USC00316676,2014-12-26,TMIN,22
USR0000NCRN,2010-08-04,TMAX,311
USW00093765,2012-12-11,TMAX,211
USC00316676,2014-06-06,TMAX,328
USC00316676,2014-06-06,TMIN,211
USC00314689,2009-06-15,TMIN,194
USC00314684,2013-07-18,TMIN,217
USW00093719,2014-02-15,TMAX,111
USW00093765,2014-11-24,TMIN,172
USW00093719,2014-02-15,TMIN,22
USR0000NCRN,2010-08-04,TMIN,217
USC00316096,2013-12-17,TMAX,150
USW00093765,2009-11-06,TMAX,156
USW00093765,2014-11-24,TMAX,211
USC00314144,2007-02-16,TMAX,50
USC00316096,2011-12-08,TMAX,122
USW00093765,2012-12-11,TMIN,117
USC00314144,2007-02-16,TMIN,-100
USC00317170,2009-10-27,TMAX,183
USC00316096,2011-12-08,TMIN,0
USC00314689,2013-07-18,TMIN,222
USC00314144,2010-05-05,TMAX,283
USR0000NNWB,2011-03-03,TMAX,106
USC00310356,2014-09-27,TMAX,228
USC00315830,2010-12-06,TMAX,56
USC00315830,2010-12-06,TMIN,-33
USW00093743,2013-10-01,TMIN,122
USC00310356,2008-11-12,TMIN,83
USC00310356,2008-11-12,TMAX,244
USC00317170,2007-09-28,TMIN,206
USC00310356,2014-09-27,TMIN,183
USC00316096,2009-12-02,TMIN,67
USC00316096,2009-12-02,TMAX,217
USR0000NHOF,2012-02-29,TMAX,233
USC00316676,2014-12-26,TMAX,172
USW00013754,2009-07-16,TMAX,311
USW00013754,2009-07-16,TMIN,194
USW00093743,2013-10-01,TMAX,267
USC00314684,2005-11-04,TMIN,33
USR0000NCRN,2013-12-22,TMIN,194
USW00093743,2008-11-12,TMIN,61
USW00093765,2005-03-02,TMIN,6
USC00314684,2013-03-28,TMAX,128
USW00093743,2008-11-12,TMAX,178
USC00314144,2010-05-05,TMIN,156
USR0000NCRN,2007-05-21,TMIN,139
USR0000NCRN,2008-05-02,TMAX,244
USR0000NCRN,2008-05-02,TMIN,156
USR0000NCRN,2007-05-21,TMAX,306
USC00314684,2011-05-30,TMIN,200
USC00314684,2013-03-28,TMIN,-22
USR0000NHOF,2012-02-28,TMAX,183
USC00314144,2008-04-04,TMAX,233
USC00316096,2013-07-18,TMAX,317
USR0000NHOF,2014-09-27,TMIN,144
USC00316096,2013-07-18,TMIN,200
USR0000NHOF,2014-09-27,TMAX,283
USW00093765,2005-03-02,TMAX,94
USW00093765,2009-11-06,TMIN,44
USC00314144,2008-04-04,TMIN,161
USR0000NCRN,2011-02-05,TMAX,172
USC00314684,2009-05-27,TMIN,183
USC00316676,2006-12-18,TMIN,22
USW00093743,2009-09-09,TMIN,189
USW00093743,2012-01-26,TMAX,183
USC00314689,2013-03-28,TMAX,122
USC00314684,2015-03-06,TMAX,250
USW00093765,2006-05-12,TMIN,111
USW00093765,2006-05-12,TMAX,233
USC00314689,2013-03-28,TMIN,11
USW00093743,2009-09-09,TMAX,278
USC00316096,2015-08-15,TMAX,300
USC00317170,2012-01-29,TMAX,178
USC00310576,2011-10-04,TMAX,206
USW00093743,2011-05-16,TMAX,250
USW00093719,2012-11-16,TMIN,67
USC00310576,2011-10-04,TMIN,56
USR0000NCRN,2013-10-01,TMIN,89
USW00093743,2013-09-20,TMAX,261
USC00317170,2012-01-29,TMIN,6
USR0000NCRN,2013-10-01,TMAX,256
USC00310576,2015-12-18,TMAX,233
USC00310576,2012-09-04,TMAX,283
USC00316096,2015-08-15,TMIN,172
USC00317170,2008-09-28,TMIN,183
USC00317170,2008-09-28,TMAX,289
USC00316676,2008-12-28,TMAX,222
USR0000NCRN,2009-08-31,TMIN,239
USC00310356,2010-01-17,TMIN,106
USC00310356,2010-01-17,TMAX,172
USC00310356,2013-09-20,TMIN,150
USC00317170,2013-02-23,TMIN,61
USC00316096,2012-08-14,TMIN,228
USR0000NNWB,2012-04-28,TMAX,194
USR0000NNWB,2012-04-28,TMIN,128
USC00310576,2015-12-18,TMIN,133
USC00310356,2013-09-20,TMAX,289
USC00310576,2012-09-04,TMIN,200
USC00314684,2015-03-06,TMIN,-28
USC00317170,2013-02-23,TMAX,106
USC00316676,2012-10-12,TMIN,72
USC00314144,2010-08-04,TMIN,206
USW00093743,2013-09-20,TMIN,178
USW00093765,2010-10-06,TMIN,106
USC00314144,2009-01-14,TMAX,72
USW00093719,2010-05-15,TMAX,333
USW00093719,2010-05-15,TMIN,194
USW00093765,2006-02-11,TMAX,139
USC00316096,2009-12-15,TMAX,183
USC00316096,2009-12-15,TMIN,128
USC00310576,2010-03-07,TMAX,139
USW00093719,2009-08-21,TMAX,322
USR0000NNWB,2011-12-29,TMIN,-22
USW00093719,2009-08-21,TMIN,244
USR0000NHOF,2014-04-19,TMAX,139
USW00013754,2011-02-07,TMAX,111
USW00013754,2011-02-07,TMIN,17
USW00093765,2008-07-16,TMAX,300
USR0000NHOF,2014-04-19,TMIN,83
USR0000NNWB,2011-12-29,TMAX,150
USC00314144,2010-08-04,TMAX,322
USC00315830,2008-05-07,TMAX,250
USR0000NHOF,2010-11-27,TMIN,-28
USW00093719,2012-11-16,TMAX,144
USC00310356,2014-04-19,TMAX,172
USC00310356,2014-04-19,TMIN,89
USR0000NHOF,2010-11-27,TMAX,144
USC00310576,2010-08-29,TMAX,306
USC00310576,2010-08-29,TMIN,167
USW00093743,2011-05-16,TMIN,183
USC00315830,2008-05-07,TMIN,133
USC00316096,2012-08-14,TMAX,311
USW00093765,2006-02-11,TMIN,67
USW00093743,2012-08-11,TMIN,228
USW00093743,2012-01-26,TMIN,56
USW00093765,2008-07-16,TMIN,228
USW00093765,2010-10-06,TMAX,194
USC00310576,2010-03-07,TMIN,-6
USC00314144,2009-01-14,TMIN,-39
USW00093743,2012-08-11,TMAX,289
USC00316676,2012-10-12,TMAX,206
USW00093765,2010-12-18,TMAX,50
USW00093743,2010-01-17,TMAX,178
USC00316096,2013-03-28,TMAX,133
USC00316096,2013-03-28,TMIN,-11
USR0000NHOF,2014-11-17,TMAX,239
USW00093765,2007-04-18,TMAX,156
USW00093765,2007-04-18,TMIN,78
USR0000NHOF,2014-11-17,TMIN,83
USC00315830,2006-12-30,TMAX,206
USC00314689,2014-09-09,TMIN,217
USC00315830,2006-12-30,TMIN,89
USC00314684,2005-01-18,TMIN,-83
USC00316096,2011-05-19,TMIN,106
USC00317170,2015-09-29,TMIN,233
USR0000NNWB,2009-07-16,TMAX,333
USR0000NNWB,2009-07-16,TMIN,206
USW00013754,2014-03-01,TMIN,11
USW00013754,2014-03-01,TMAX,144
USC00314684,2005-01-18,TMAX,28
USC00310576,2010-02-26,TMAX,78
USW00093743,2008-12-28,TMIN,150
USW00093743,2008-12-28,TMAX,194
USW00093719,2009-02-23,TMIN,-28
USC00314689,2011-12-21,TMAX,200
USC00310356,2011-05-16,TMIN,200
USR0000NCRN,2006-01-16,TMAX,217
USW00093719,2009-02-23,TMAX,67
USC00316096,2011-05-19,TMAX,239
USC00317170,2015-04-09,TMAX,256
USW00093765,2011-03-16,TMIN,122
USW00093765,2011-03-16,TMAX,200
USC00310576,2011-07-01,TMAX,311
USC00310576,2011-07-01,TMIN,178
USC00314689,2014-09-09,TMAX,244
USC00316096,2011-06-05,TMAX,261
USC00310576,2014-07-14,TMIN,189
USC00310576,2014-07-14,TMAX,328
USW00093743,2010-11-27,TMIN,-5
USW00093743,2010-11-27,TMAX,156
USC00310576,2010-02-26,TMIN,17
USW00093765,2007-04-12,TMIN,161
USW00013754,2012-04-28,TMAX,200
USC00310356,2012-08-11,TMAX,294
USC00310356,2012-01-26,TMIN,89
USC00314144,2007-11-29,TMAX,183
USC00314689,2013-12-17,TMAX,167
USR0000NCRN,2009-08-31,TMAX,278
USC00310356,2012-08-11,TMIN,239
USC00314689,2006-08-01,TMIN,244
USC00310356,2012-01-26,TMAX,200
USC00314689,2010-01-06,TMAX,50
USC00314689,2013-12-17,TMIN,-17
USC00314144,2007-11-29,TMIN,44
USW00093719,2015-07-14,TMIN,222
USW00093719,2015-07-14,TMAX,317
USC00316676,2008-12-28,TMIN,106
USW00093765,2010-12-18,TMIN,6
USW00093743,2010-01-17,TMIN,106
USC00314689,2010-01-06,TMIN,-39
USC00315830,2013-11-23,TMAX,211
USW00093719,2010-05-20,TMAX,267
USC00315830,2013-11-23,TMIN,150
USW00013754,2012-04-28,TMIN,139
USW00093765,2007-04-12,TMAX,239
USR0000NCRN,2014-09-27,TMIN,161
USC00314684,2007-03-24,TMAX,278
USR0000NCRN,2014-09-27,TMAX,250
USW00093719,2012-07-06,TMAX,356
USC00314144,2009-10-18,TMIN,56
USC00317170,2015-09-29,TMAX,294
USR0000NHOF,2010-01-17,TMIN,94
USR0000NHOF,2010-01-17,TMAX,217
USC00314144,2009-10-18,TMAX,89
USW00093719,2012-07-06,TMIN,250
USC00310356,2009-09-09,TMAX,272
USC00310356,2009-09-09,TMIN,200
USC00314689,2006-08-01,TMAX,350
USC00314684,2007-03-24,TMIN,133
USW00093719,2010-05-20,TMIN,139
USC00310576,2007-07-30,TMIN,217
USR0000NHOF,2012-08-11,TMAX,278
USC00314684,2013-07-18,TMAX,339
USC00314689,2009-06-15,TMAX,300
USC00316096,2012-12-31,TMAX,111
USC00315830,2005-11-19,TMAX,150
USW00093765,2014-08-12,TMIN,250
USC00314684,2009-04-21,TMAX,267
USC00316096,2012-12-31,TMIN,-50
USC00315830,2015-08-14,TMAX,294
USW00093719,2013-07-18,TMAX,344
USW00093765,2012-11-16,TMIN,67
USW00013754,2014-08-04,TMAX,261
USW00013754,2007-07-18,TMAX,322
USW00093765,2013-03-28,TMAX,144
USW00093765,2012-11-16,TMAX,150
USW00093765,2014-08-12,TMAX,300
USW00013754,2015-11-06,TMIN,172
USC00315830,2009-10-30,TMIN,144
USW00013754,2014-08-04,TMIN,222
USW00093719,2013-07-18,TMIN,228
USC00315830,2011-09-28,TMAX,294
USC00314684,2009-04-21,TMIN,128
USC00316096,2010-10-31,TMAX,233
USW00093743,2009-10-12,TMAX,206
USW00093743,2009-10-12,TMIN,156
USC00317170,2012-12-11,TMIN,156
USC00317170,2012-12-11,TMAX,217
USC00310576,2013-10-01,TMAX,244
USC00316096,2010-10-31,TMIN,89
USC00310356,2012-02-29,TMAX,206
USC00310356,2012-02-29,TMIN,117
USC00310356,2012-02-28,TMIN,128
USR0000NHOF,2006-12-12,TMIN,-50
USC00314684,2015-09-29,TMIN,222
USC00314684,2015-09-29,TMAX,267
USC00316096,2015-03-06,TMIN,-17
USW00093765,2015-07-14,TMIN,233
USC00316096,2015-03-06,TMAX,33
USW00093765,2015-07-14,TMAX,294
USR0000NHOF,2006-12-12,TMAX,206
USR0000NNWB,2015-01-03,TMIN,83
USC00316676,2006-11-13,TMIN,100
USC00316676,2006-11-13,TMAX,172
USC00310576,2010-01-17,TMIN,6
USC00310576,2010-01-17,TMAX,189
USC00316096,2015-11-27,TMIN,106
USW00093765,2013-11-03,TMAX,178
USR0000NCRN,2013-09-20,TMAX,267
USR0000NNWB,2014-02-15,TMAX,89
USR0000NCRN,2013-09-20,TMIN,144
USW00013754,2007-07-18,TMIN,222
USR0000NNWB,2014-02-15,TMIN,6
USC00317170,2014-03-01,TMAX,150
USR0000NHOF,2006-02-01,TMIN,-44
USW00093719,2006-01-28,TMAX,156
USW00093743,2012-02-29,TMAX,206
USC00314689,2006-05-12,TMIN,100
USC00314689,2006-05-12,TMAX,300
USR0000NHOF,2006-02-01,TMAX,122
USC00317170,2014-03-01,TMIN,0
USC00315830,2012-04-28,TMAX,233
USR0000NCRN,2011-09-04,TMAX,289
USW00093765,2013-11-03,TMIN,100
USR0000NHOF,2009-10-12,TMAX,172
USC00315830,2012-04-28,TMIN,167
USR0000NHOF,2009-10-12,TMIN,122
USW00093743,2007-11-07,TMAX,139
USW00093765,2013-03-28,TMIN,28
USC00315830,2009-10-30,TMAX,228
USC00314144,2008-03-27,TMAX,228
USC00314689,2012-12-31,TMIN,-33
USC00314144,2008-03-27,TMIN,106
USR0000NCRN,2011-09-04,TMIN,150
USW00093743,2007-11-07,TMIN,17
USC00314684,2010-11-20,TMIN,-6
USC00314684,2010-11-20,TMAX,139
USC00316096,2015-11-27,TMAX,222
USC00315830,2011-09-28,TMIN,222
USC00314689,2012-12-31,TMAX,117
USC00315830,2015-08-14,TMIN,206
USW00013754,2015-11-06,TMAX,272
USW00093765,2012-01-04,TMAX,72
USC00310356,2007-05-19,TMIN,106
USC00310356,2006-12-12,TMAX,139
USW00093743,2013-12-31,TMIN,22
USW00093743,2013-12-31,TMAX,128
USC00310356,2006-01-16,TMIN,-50
USW00013754,2013-07-18,TMAX,328
USW00093743,2010-02-26,TMAX,100
USW00093743,2010-02-26,TMIN,0
USC00314684,2013-02-23,TMAX,56
USC00310356,2006-01-16,TMAX,67
USC00316676,2010-04-14,TMAX,256
USW00013754,2013-07-18,TMIN,217
USW00093719,2005-04-12,TMIN,94
USW00093719,2005-04-12,TMAX,150
USW00093765,2010-05-20,TMIN,161
USC00314689,2009-12-02,TMIN,44
USW00093765,2010-05-20,TMAX,244
USC00310356,2006-12-12,TMIN,-33
USC00314144,2006-07-14,TMIN,228
USR0000NCRN,2008-11-04,TMIN,161
USC00316676,2010-04-14,TMIN,94
USC00316676,2015-01-12,TMAX,133
USC00310356,2010-08-04,TMAX,322
USC00314684,2013-12-17,TMAX,128
USW00093719,2007-02-27,TMAX,183
USC00310356,2010-02-26,TMAX,61
USC00310356,2010-02-26,TMIN,0
USR0000NCRN,2008-11-04,TMAX,194
USC00314684,2013-02-23,TMIN,6
USC00316676,2015-01-12,TMIN,-28
USW00093765,2009-02-13,TMAX,200
USW00093765,2009-02-13,TMIN,72
USC00310576,2011-05-08,TMAX,244
USC00310576,2011-05-08,TMIN,106
USC00310576,2007-05-08,TMAX,189
USC00310576,2007-05-08,TMIN,94
USC00310356,2005-06-19,TMIN,217
USC00314684,2013-12-17,TMIN,-11
USW00093765,2012-01-04,TMIN,-49
USC00314144,2006-07-14,TMAX,344
USC00317170,2014-11-24,TMAX,211
USC00316676,2005-10-14,TMAX,183
USC00310356,2012-02-28,TMAX,189
USR0000NNWB,2010-05-15,TMIN,200
USC00315830,2012-06-10,TMIN,200
USW00093719,2015-04-27,TMIN,78
USC00315830,2012-06-10,TMAX,289
USW00093719,2015-04-27,TMAX,222
USC00314689,2010-10-21,TMIN,117
USC00310356,2009-10-12,TMAX,278
USC00310356,2009-10-12,TMIN,172
USW00013754,2014-02-15,TMIN,17
USC00310576,2013-10-01,TMIN,94
USR0000NNWB,2015-01-03,TMAX,189
USR0000NHOF,2006-03-03,TMAX,172
USW00093719,2005-11-28,TMAX,228
USR0000NHOF,2006-03-03,TMIN,-6
USW00013754,2014-02-15,TMAX,117
USC00317170,2014-11-24,TMIN,156
USC00314689,2010-10-21,TMAX,250
USR0000NHOF,2010-02-26,TMIN,-17
USR0000NCRN,2009-10-18,TMIN,89
USC00316096,2011-03-20,TMIN,72
USC00315830,2010-05-07,TMIN,222
USC00315830,2010-05-07,TMAX,283
USC00317170,2009-04-19,TMAX,250
USC00314689,2009-12-02,TMAX,161
USC00317170,2009-04-19,TMIN,106
USC00316676,2005-10-14,TMIN,156
USC00315830,2005-11-19,TMIN,11
USC00310576,2005-12-07,TMAX,122
USC00310576,2005-12-07,TMIN,-44
USC00310356,2006-08-21,TMIN,217
USR0000NNWB,2010-05-15,TMAX,339
USW00093719,2005-11-28,TMIN,150
USC00310356,2007-05-19,TMAX,178
USR0000NHOF,2010-02-26,TMAX,94
USC00310356,2006-08-21,TMAX,272
USR0000NHOF,2005-06-19,TMAX,267
USR0000NCRN,2008-07-22,TMAX,322
USR0000NHOF,2015-03-14,TMAX,200
USW00013754,2015-03-30,TMIN,-10
USC00314689,2012-08-14,TMAX,322
USW00013754,2010-09-04,TMAX,294
USW00013754,2010-09-04,TMIN,189
USW00093765,2005-10-26,TMAX,178
USC00314144,2006-11-30,TMAX,261
USC00315830,2014-01-17,TMAX,133
USW00013754,2015-03-30,TMAX,178
USW00093765,2009-08-04,TMAX,294
USC00315830,2014-01-17,TMIN,-11
USW00093765,2009-08-04,TMIN,239
USR0000NHOF,2008-11-12,TMIN,0
USC00317170,2009-02-13,TMAX,194
USW00093765,2005-12-12,TMIN,22
USW00013754,2008-01-02,TMIN,-16
USR0000NCRN,2008-07-15,TMAX,328
USR0000NNWB,2014-12-24,TMAX,211
USC00317170,2007-09-28,TMAX,311
USC00314689,2012-08-14,TMIN,272
USW00093719,2011-02-15,TMIN,6
USC00314144,2010-11-15,TMAX,217
USR0000NCRN,2013-10-31,TMAX,222
USC00315830,2006-03-07,TMAX,122
USR0000NCRN,2013-10-31,TMIN,106
USC00315830,2006-01-08,TMAX,133
USC00314144,2010-11-15,TMIN,-17
USC00315830,2006-01-08,TMIN,17
USW00093719,2011-02-15,TMAX,139
USC00314684,2007-01-16,TMIN,128
USW00013754,2007-11-19,TMIN,67
USC00310576,2015-05-25,TMIN,117
USC00315830,2014-06-27,TMAX,311
USC00310576,2015-05-25,TMAX,256
USC00315830,2014-06-27,TMIN,233
USR0000NCRN,2013-12-29,TMAX,200
USC00314144,2006-11-30,TMIN,94
USW00013754,2007-11-19,TMAX,222
USC00314684,2007-01-16,TMAX,233
USR0000NHOF,2008-11-12,TMAX,178
USW00093719,2005-01-12,TMIN,78
USR0000NCRN,2014-11-17,TMIN,100
USR0000NCRN,2006-03-16,TMAX,194
USC00315830,2005-06-29,TMAX,272
USR0000NHOF,2007-05-19,TMIN,61
USR0000NCRN,2011-10-14,TMAX,244
USC00314684,2009-12-15,TMAX,139
USW00093719,2009-01-18,TMIN,-22
USR0000NCRN,2006-03-16,TMIN,33
USC00314684,2009-12-15,TMIN,56
USC00314684,2006-05-12,TMAX,289
USC00316096,2010-12-30,TMAX,94
USC00314689,2015-11-27,TMIN,83
USR0000NNWB,2011-03-03,TMIN,6
USR0000NCRN,2011-10-14,TMIN,156
USC00314684,2015-04-22,TMAX,228
USC00314684,2015-04-22,TMIN,83
USC00314684,2006-05-12,TMIN,89
USW00093765,2005-12-12,TMAX,111
USR0000NCRN,2014-11-17,TMAX,222
USC00316676,2009-03-09,TMIN,117
USW00093765,2005-10-26,TMIN,78
USW00013754,2008-01-02,TMAX,39
USR0000NCRN,2008-07-15,TMIN,222
USW00093719,2005-01-12,TMAX,228
USC00317170,2009-02-13,TMIN,56
USC00316096,2010-12-30,TMIN,-50
USC00314689,2015-11-27,TMAX,228
USC00315830,2005-06-29,TMIN,228
USC00314684,2009-11-22,TMAX,144
USR0000NHOF,2007-05-19,TMAX,206
USW00093719,2009-01-18,TMAX,78
USR0000NNWB,2005-04-12,TMIN,94
USR0000NNWB,2005-04-12,TMAX,150
USC00310576,2012-03-22,TMIN,133
USC00310576,2012-03-22,TMAX,244
USC00316676,2009-03-09,TMAX,283
USC00314684,2009-11-22,TMIN,22
USC00310356,2013-04-18,TMAX,228
USC00315830,2006-03-07,TMIN,33
USC00310356,2013-04-18,TMIN,172
USR0000NNWB,2014-08-04,TMIN,217
USC00310576,2009-06-04,TMIN,183
USC00317170,2015-12-11,TMAX,222
USC00310576,2014-09-27,TMIN,161
USC00310576,2014-09-27,TMAX,222
USW00013754,2007-07-21,TMIN,200
USC00314684,2010-01-06,TMAX,17
USR0000NNWB,2014-08-04,TMAX,272
USC00314684,2010-01-06,TMIN,-72
USC00316676,2011-10-28,TMIN,128
USC00317170,2015-12-11,TMIN,78
USC00314689,2005-06-12,TMIN,206
USR0000NHOF,2006-09-18,TMAX,294
USC00317170,2013-03-28,TMAX,150
USC00317170,2013-03-28,TMIN,11
USC00314689,2011-12-08,TMIN,33
USW00013754,2007-07-21,TMAX,267
USC00316676,2013-08-11,TMIN,222
USC00316676,2011-10-28,TMAX,267
USR0000NNWB,2006-04-01,TMAX,278
USR0000NHOF,2015-03-14,TMIN,117
USW00093719,2011-07-14,TMAX,306
USC00310576,2009-06-04,TMAX,311
USW00093765,2005-05-23,TMIN,183
USR0000NCRN,2008-07-22,TMIN,222
USW00093719,2006-01-28,TMIN,-50
USR0000NHOF,2005-06-19,TMIN,100
USR0000NNWB,2006-04-01,TMIN,161
USC00310576,2015-07-05,TMAX,322
USW00093765,2005-05-23,TMAX,244
USC00310576,2005-09-15,TMAX,256
USC00310576,2005-09-15,TMIN,228
USW00093743,2012-02-29,TMIN,78
USW00093719,2011-07-14,TMIN,211
USC00314689,2008-05-30,TMAX,294
USC00314689,2008-05-30,TMIN,128
USC00310576,2015-07-05,TMIN,228
USW00093765,2014-03-01,TMIN,22
USC00314689,2011-12-08,TMAX,244
USW00093765,2013-07-18,TMAX,317
USC00315830,2011-10-17,TMIN,194
USC00317170,2015-05-14,TMIN,128
USR0000NHOF,2013-04-18,TMIN,111
USR0000NHOF,2013-04-18,TMAX,217
USC00314689,2005-06-12,TMAX,300
USC00317170,2010-12-18,TMIN,0
USR0000NHOF,2006-08-21,TMAX,294
USC00317170,2015-05-14,TMAX,222
USC00315830,2011-10-17,TMAX,261
USC00317170,2013-07-18,TMIN,217
USR0000NHOF,2006-08-21,TMIN,222
USR0000NCRN,2012-10-24,TMIN,100
USW00093743,2013-04-18,TMIN,139
USR0000NCRN,2012-10-24,TMAX,261
USW00093743,2013-04-18,TMAX,239
USC00317170,2010-12-18,TMAX,78
USC00317170,2013-07-18,TMAX,333
USC00310356,2006-02-01,TMAX,150
USC00315830,2006-07-02,TMIN,217
USC00315830,2006-07-02,TMAX,306
USW00093765,2013-07-18,TMIN,233
USR0000NNWB,2008-11-09,TMAX,200
USC00310576,2008-11-29,TMIN,22
USC00316676,2013-08-11,TMAX,333
USR0000NHOF,2006-09-18,TMIN,128
USW00093765,2014-03-01,TMAX,156
USC00314684,2008-02-12,TMAX,89
USC00314684,2008-02-12,TMIN,-28
USC00310576,2008-11-29,TMAX,183
USR0000NNWB,2008-11-09,TMIN,50
USC00314684,2014-09-09,TMAX,250
USC00314684,2014-09-09,TMIN,211
USC00315830,2014-05-19,TMIN,128
USC00315830,2014-05-19,TMAX,217
USC00310356,2006-02-01,TMIN,-33
USW00093719,2006-11-23,TMIN,72
USW00093719,2006-11-23,TMAX,89
USC00310576,2007-07-30,TMAX,306
USC00316096,2015-04-22,TMAX,233
USC00316096,2015-04-22,TMIN,83
USC00310576,2006-11-09,TMAX,211
USC00317170,2010-11-20,TMAX,206
USR0000NHOF,2008-03-03,TMAX,211
USW00093765,2013-08-11,TMAX,300
USC00314684,2007-06-15,TMAX,222
USC00310356,2007-10-14,TMIN,100
USC00310356,2007-10-14,TMAX,256
USC00314144,2007-05-21,TMIN,144
USC00317170,2010-11-20,TMIN,39
USC00314144,2007-05-21,TMAX,300
USC00316676,2006-08-06,TMIN,228
USC00314684,2013-04-17,TMIN,100
USC00314684,2013-04-17,TMAX,256
USC00316676,2006-08-06,TMAX,317
USW00093719,2006-04-29,TMAX,183
USW00093719,2006-04-29,TMIN,72
USC00310576,2011-03-11,TMIN,67
USC00317170,2007-11-18,TMIN,6
USC00310576,2011-02-23,TMIN,22
USR0000NHOF,2008-03-03,TMIN,-22
USW00093765,2013-08-11,TMIN,239
USR0000NCRN,2009-04-08,TMAX,139
USR0000NCRN,2009-04-08,TMIN,22
USC00317170,2007-11-18,TMAX,150
USW00093765,2014-12-20,TMAX,72
USC00310356,2008-05-02,TMAX,206
USC00314689,2011-05-19,TMIN,128
USR0000NNWB,2005-01-12,TMIN,78
USC00314684,2007-06-15,TMIN,117
USC00310356,2013-07-19,TMAX,311
USR0000NNWB,2005-01-12,TMAX,233
USC00316096,2009-07-23,TMIN,211
USW00093743,2013-07-19,TMAX,306
USC00316096,2009-07-23,TMAX,306
USW00093719,2008-12-31,TMAX,161
USW00093743,2013-07-19,TMIN,261
USW00093719,2008-12-31,TMIN,6
USC00310356,2013-07-19,TMIN,261
USC00314144,2010-07-08,TMAX,317
USC00315830,2008-04-09,TMAX,183
USC00315830,2008-04-09,TMIN,106
USR0000NNWB,2012-06-27,TMIN,128
USW00093719,2012-01-04,TMAX,61
USC00314684,2015-07-29,TMAX,317
USC00316676,2011-04-10,TMAX,189
USW00093719,2008-12-22,TMAX,44
USC00314684,2015-07-29,TMIN,206
USW00093719,2014-11-24,TMAX,233
USC00310576,2010-10-30,TMIN,50
USC00317170,2010-10-06,TMAX,194
USC00317170,2009-07-16,TMAX,328
USC00317170,2009-07-16,TMIN,200
USC00314689,2015-05-14,TMAX,183
USC00314689,2014-07-02,TMAX,333
USC00315830,2008-07-25,TMIN,228
USW00093719,2008-12-22,TMIN,-67
USC00317170,2010-10-06,TMIN,78
USC00314689,2014-07-02,TMIN,239
USC00310576,2011-03-11,TMAX,200
USC00316676,2011-04-10,TMIN,111
USC00310576,2010-10-30,TMAX,183
USW00093719,2012-01-04,TMIN,-72
USC00310356,2006-09-30,TMIN,122
USC00310576,2007-10-22,TMIN,89
USC00310576,2007-10-22,TMAX,272
USC00310356,2006-09-30,TMAX,228
USW00093743,2008-05-02,TMAX,239
USW00093743,2008-05-02,TMIN,161
USW00093719,2014-11-24,TMIN,206
USC00314689,2010-04-28,TMIN,89
USC00315830,2010-02-26,TMAX,117
USC00315830,2010-02-26,TMIN,33
USC00310576,2011-02-23,TMAX,83
USC00314689,2010-04-28,TMAX,211
USC00314684,2005-08-18,TMAX,300
USR0000NHOF,2007-08-09,TMIN,256
USR0000NNWB,2012-06-27,TMAX,306
USC00314684,2005-08-18,TMIN,211
USC00315830,2008-07-25,TMAX,300
USR0000NNWB,2006-11-23,TMAX,89
USW00093719,2015-09-29,TMIN,233
USC00314684,2015-09-01,TMAX,267
USC00314684,2015-09-01,TMIN,211
USW00093765,2009-07-16,TMAX,289
USW00093765,2009-07-16,TMIN,222
USC00314689,2013-04-17,TMIN,117
USC00314689,2013-04-17,TMAX,283
USR0000NHOF,2015-11-13,TMAX,222
USC00314684,2010-10-31,TMIN,17
USW00093765,2014-07-11,TMIN,233
USC00315830,2011-03-08,TMIN,44
USC00314689,2008-06-15,TMAX,328
USW00093743,2012-09-04,TMIN,228
USC00314689,2008-06-15,TMIN,217
USW00093743,2012-09-04,TMAX,289
USC00310576,2005-11-14,TMIN,94
USC00310576,2014-12-10,TMIN,61
USR0000NHOF,2009-06-17,TMAX,256
USC00314684,2010-10-31,TMAX,172
USR0000NCRN,2013-07-19,TMIN,244
USC00310576,2005-11-14,TMAX,244
USW00093765,2014-07-11,TMAX,283
USC00314689,2011-05-19,TMAX,261
USC00314689,2005-03-29,TMIN,94
USC00316676,2005-01-08,TMAX,217
USC00316676,2005-01-08,TMIN,94
USW00093765,2015-04-09,TMIN,139
USR0000NNWB,2006-01-08,TMAX,161
USR0000NHOF,2009-06-17,TMIN,189
USR0000NNWB,2006-01-08,TMIN,6
USW00013754,2013-02-14,TMIN,44
USW00093719,2011-12-02,TMAX,172
USW00093719,2011-12-02,TMIN,-17
USR0000NHOF,2012-09-04,TMIN,194
USR0000NHOF,2012-09-04,TMAX,294
USW00093765,2015-04-09,TMAX,222
USR0000NCRN,2013-07-19,TMAX,300
USW00013754,2013-02-14,TMAX,117
USW00093719,2015-09-29,TMAX,306
USC00310576,2014-12-10,TMAX,83
USC00310356,2012-09-04,TMAX,294
USC00314144,2010-07-08,TMIN,200
USW00093719,2007-08-14,TMAX,333
USC00310576,2007-08-23,TMAX,333
USC00316676,2012-12-31,TMAX,100
USC00316676,2012-12-31,TMIN,-17
USC00310576,2007-08-23,TMIN,217
USR0000NHOF,2005-05-11,TMIN,67
USC00314144,2008-04-21,TMIN,111
USR0000NHOF,2005-05-11,TMAX,278
USW00093765,2006-07-02,TMAX,283
USW00093765,2006-07-02,TMIN,250
USC00314684,2014-08-04,TMAX,239
USC00314684,2014-08-04,TMIN,211
USC00314684,2012-04-28,TMAX,272
USC00314684,2012-04-28,TMIN,144
USR0000NNWB,2006-11-23,TMIN,67
USW00093719,2007-08-14,TMIN,200
USC00310356,2012-09-04,TMIN,222
USC00314144,2008-04-21,TMAX,194
USC00316096,2013-04-17,TMIN,106
USC00315830,2011-03-08,TMAX,144
USW00013754,2005-12-12,TMIN,6
USW00013754,2005-12-12,TMAX,117
USR0000NHOF,2015-11-13,TMIN,50
USR0000NCRN,2010-05-05,TMAX,272
USC00314689,2008-06-26,TMIN,211
USR0000NNWB,2014-08-12,TMIN,233
USC00316096,2013-04-17,TMAX,244
USR0000NCRN,2010-05-05,TMIN,183
USC00314689,2008-10-12,TMIN,167
USR0000NNWB,2014-08-12,TMAX,333
USC00314689,2008-06-26,TMAX,361
USW00013754,2012-11-16,TMIN,72
USR0000NNWB,2013-02-14,TMAX,122
USR0000NNWB,2013-02-14,TMIN,33
USW00013754,2012-11-16,TMAX,150
USC00314689,2008-10-12,TMAX,250
USR0000NCRN,2012-10-13,TMAX,211
USR0000NCRN,2012-10-13,TMIN,100
USC00314684,2014-02-15,TMAX,144
USW00013754,2012-08-27,TMAX,322
USW00013754,2012-08-27,TMIN,228
USC00314684,2009-02-13,TMAX,211
USC00314684,2009-02-13,TMIN,39
USR0000NNWB,2014-01-17,TMAX,144
USC00316676,2007-11-05,TMAX,194
USC00310576,2011-10-05,TMIN,83
USC00310576,2013-09-20,TMIN,111
USC00310576,2010-04-06,TMAX,306
USR0000NCRN,2007-06-04,TMIN,183
USC00310576,2010-04-06,TMIN,178
USC00316676,2007-11-05,TMIN,28
USW00093743,2012-03-22,TMAX,228
USR0000NHOF,2012-05-12,TMIN,67
USC00316676,2010-07-28,TMAX,294
USC00316676,2010-07-28,TMIN,217
USC00315830,2015-11-05,TMAX,233
USR0000NHOF,2012-05-12,TMAX,250
USC00316676,2011-02-12,TMAX,44
USC00316676,2013-09-30,TMAX,239
USW00093765,2006-01-28,TMAX,128
USC00315830,2010-06-22,TMIN,239
USR0000NHOF,2008-03-22,TMAX,239
USC00314689,2005-02-25,TMIN,17
USC00314689,2005-02-25,TMAX,72
USW00093765,2006-01-28,TMIN,-32
USC00310576,2005-04-07,TMAX,244
USW00093743,2012-03-22,TMIN,172
USC00310576,2005-04-07,TMIN,139
USW00093719,2013-02-14,TMAX,128
USC00315830,2015-09-13,TMAX,294
USW00093719,2013-02-14,TMIN,33
USC00315830,2015-09-13,TMIN,211
USR0000NHOF,2015-02-16,TMAX,11
USR0000NHOF,2015-02-16,TMIN,-94
USC00316676,2013-09-30,TMIN,128
USC00310576,2013-09-20,TMAX,261
USR0000NHOF,2015-12-18,TMAX,194
USR0000NHOF,2008-10-30,TMIN,-33
USW00093765,2013-04-17,TMAX,239
USC00310576,2006-10-17,TMAX,217
USC00316676,2012-01-10,TMAX,94
USC00316676,2012-01-10,TMIN,67
USC00315830,2015-11-05,TMIN,178
USC00310356,2007-12-26,TMIN,72
USC00310356,2007-12-26,TMAX,139
USW00093743,2012-05-12,TMIN,106
USC00310576,2006-10-17,TMIN,44
USW00093743,2012-05-12,TMAX,239
USC00310576,2013-11-23,TMAX,228
USC00310576,2011-10-05,TMAX,217
USW00013754,2011-03-03,TMIN,17
USC00314689,2007-12-06,TMAX,117
USW00093719,2013-08-11,TMIN,239
USC00314689,2007-12-06,TMIN,-11
USW00093719,2013-08-11,TMAX,350
USC00310576,2013-11-23,TMIN,94
USW00093765,2013-04-17,TMIN,128
USC00316096,2015-12-11,TMIN,56
USW00093765,2008-03-06,TMAX,217
USR0000NHOF,2008-10-30,TMAX,139
USC00310356,2015-12-18,TMIN,178
USR0000NNWB,2014-01-17,TMIN,-22
USC00314689,2005-07-31,TMIN,222
USC00314689,2005-07-31,TMAX,267
USC00316676,2011-02-12,TMIN,-33
USC00314684,2006-04-01,TMAX,250
USW00093765,2008-03-06,TMIN,83
USC00314684,2006-04-01,TMIN,122
USW00093743,2009-06-17,TMAX,278
USC00316676,2007-11-08,TMIN,-6
USC00316676,2007-11-08,TMAX,128
USC00316096,2015-12-11,TMAX,200
USC00310356,2008-07-22,TMAX,328
USC00310356,2015-12-18,TMAX,206
USC00310356,2008-07-22,TMIN,233
USW00093743,2009-06-17,TMIN,217
USR0000NCRN,2008-11-12,TMAX,178
USC00314684,2009-12-02,TMAX,128
USR0000NHOF,2008-03-22,TMIN,83
USR0000NHOF,2011-06-07,TMIN,144
USC00316096,2012-04-28,TMAX,211
USC00316096,2012-04-28,TMIN,133
USR0000NHOF,2011-06-07,TMAX,306
USR0000NCRN,2011-06-05,TMAX,306
USC00316676,2012-02-10,TMAX,111
USW00013754,2014-08-12,TMIN,228
USC00310576,2008-03-19,TMAX,178
USC00316676,2013-03-28,TMAX,144
USC00316676,2013-03-28,TMIN,6
USW00013754,2014-08-12,TMAX,322
USR0000NNWB,2007-10-21,TMAX,267
USC00314684,2011-12-21,TMIN,61
USC00314684,2011-12-21,TMAX,206
USC00317170,2009-04-21,TMIN,156
USR0000NNWB,2007-10-21,TMIN,83
USC00310576,2008-03-19,TMIN,22
USC00316676,2012-02-10,TMIN,-22
USW00093765,2015-10-21,TMAX,239
USC00310576,2008-11-22,TMIN,-11
USC00314684,2014-02-15,TMIN,6
USC00314144,2006-02-01,TMIN,-28
USC00314144,2006-02-01,TMAX,133
USW00093719,2006-01-08,TMAX,161
USW00093719,2006-01-08,TMIN,-6
USW00093719,2013-02-23,TMIN,72
USW00093719,2013-02-23,TMAX,106
USW00093765,2015-10-21,TMIN,106
USR0000NCRN,2008-12-02,TMAX,89
USR0000NCRN,2005-11-26,TMAX,139
USC00310576,2014-03-01,TMAX,72
USR0000NCRN,2005-11-26,TMIN,0
USW00013754,2014-01-17,TMAX,133
USR0000NCRN,2008-12-02,TMIN,-17
USC00310576,2008-11-22,TMAX,83
USW00013754,2014-01-17,TMIN,-27
USC00310576,2014-03-01,TMIN,22
USC00316676,2006-10-10,TMAX,244
USR0000NCRN,2011-06-05,TMIN,206
USR0000NHOF,2007-08-09,TMAX,356
USC00317170,2013-04-17,TMAX,278
USR0000NHOF,2012-03-22,TMAX,244
USC00310576,2006-09-27,TMAX,250
USC00310576,2006-09-27,TMIN,122
USC00315830,2011-02-21,TMIN,89
USR0000NHOF,2015-12-18,TMIN,44
USC00315830,2010-06-22,TMAX,317
USR0000NHOF,2012-03-22,TMIN,133
USC00314689,2012-04-28,TMAX,267
USR0000NNWB,2010-09-04,TMAX,306
USR0000NNWB,2010-09-04,TMIN,178
USC00316676,2014-09-09,TMAX,256
USC00316676,2014-09-09,TMIN,222
USW00093743,2007-12-26,TMIN,44
USR0000NCRN,2008-11-12,TMIN,56
USW00093743,2007-12-26,TMAX,100
USC00314689,2012-04-28,TMIN,144
USC00317170,2013-04-17,TMIN,111
USC00314144,2010-07-02,TMIN,133
USC00315830,2011-02-21,TMAX,172
USC00317170,2009-04-21,TMAX,256
USC00316676,2006-10-10,TMIN,183
USC00314689,2014-01-23,TMIN,-83
USC00314689,2014-01-23,TMAX,28
USR0000NHOF,2008-05-02,TMAX,250
USR0000NHOF,2008-05-02,TMIN,83
USR0000NNWB,2009-05-16,TMAX,272
USR0000NNWB,2009-05-16,TMIN,200
USC00316676,2008-05-30,TMAX,239
USC00310356,2005-05-11,TMIN,144
USC00316676,2008-05-30,TMIN,117
USC00315830,2005-01-20,TMIN,-28
USC00310356,2015-02-16,TMAX,106
USC00310356,2005-05-11,TMAX,222
USC00315830,2005-01-20,TMAX,94
USC00310356,2015-02-16,TMIN,-67
USC00314144,2010-07-02,TMAX,272
USW00093765,2014-12-20,TMIN,44
USC00317170,2013-08-11,TMAX,339
USC00317170,2013-08-11,TMIN,228
USC00310576,2014-11-17,TMIN,28
USC00316676,2006-12-03,TMIN,44
USC00316676,2006-12-03,TMAX,167
USW00093765,2014-08-04,TMIN,228
USW00093719,2007-03-10,TMIN,33
USR0000NHOF,2008-12-28,TMAX,239
USR0000NHOF,2008-12-28,TMIN,156
USC00314689,2015-04-22,TMAX,250
USW00093765,2014-08-04,TMAX,261
USR0000NNWB,2007-10-02,TMAX,294
USC00310576,2012-05-12,TMIN,78
USC00310576,2012-05-12,TMAX,233
USC00317170,2009-08-04,TMIN,217
USW00093765,2006-04-01,TMAX,217
USW00093765,2006-04-01,TMIN,156
USC00316676,2009-08-07,TMIN,194
USC00316676,2009-08-07,TMAX,311
USC00314689,2015-04-22,TMIN,94
USC00315830,2006-11-29,TMAX,239
USC00310576,2008-08-06,TMIN,233
USW00093719,2007-03-10,TMAX,206
USW00013754,2009-05-16,TMAX,267
USW00013754,2009-05-16,TMIN,194
USW00093719,2010-06-10,TMIN,228
USC00314684,2011-12-08,TMIN,22
USC00314684,2006-08-28,TMAX,311
USW00093765,2015-09-29,TMIN,239
USC00314684,2006-08-28,TMIN,200
USC00310576,2008-08-06,TMAX,350
USC00314684,2011-12-08,TMAX,239
USW00013754,2011-12-02,TMIN,-21
USC00316096,2013-08-11,TMIN,228
USW00093719,2010-06-10,TMAX,333
USW00093765,2015-09-29,TMAX,289
USC00316096,2013-08-11,TMAX,322
USC00316676,2013-04-17,TMIN,117
USC00316676,2013-04-17,TMAX,250
USC00317170,2009-08-04,TMAX,333
USW00013754,2011-12-02,TMAX,167
USC00315830,2007-05-12,TMIN,189
USC00315830,2006-11-29,TMIN,89
USW00093719,2006-05-12,TMIN,100
USW00093719,2006-05-12,TMAX,239
USR0000NCRN,2010-01-17,TMIN,111
USC00317170,2007-07-08,TMIN,211
USR0000NNWB,2010-05-20,TMIN,144
USR0000NCRN,2010-01-17,TMAX,183
USC00317170,2014-02-15,TMAX,100
USR0000NCRN,2010-06-07,TMIN,183
USC00314689,2012-01-18,TMAX,178
USC00317170,2014-02-15,TMIN,44
USR0000NNWB,2015-08-20,TMAX,333
USR0000NNWB,2010-05-20,TMAX,267
USR0000NNWB,2006-07-02,TMAX,339
USR0000NNWB,2006-07-02,TMIN,222
USC00310576,2006-09-01,TMIN,217
USC00315830,2015-07-05,TMAX,306
USC00314689,2012-01-18,TMIN,83
USC00315830,2008-09-01,TMAX,317
USW00093765,2011-08-09,TMIN,261
USR0000NHOF,2010-09-03,TMAX,333
USC00315830,2008-09-01,TMIN,233
USC00315830,2007-05-12,TMAX,267
USW00093765,2010-09-24,TMAX,283
USW00093765,2010-09-24,TMIN,211
USW00093719,2015-03-30,TMAX,161
USW00093719,2015-03-30,TMIN,22
USC00316096,2009-11-22,TMAX,156
USR0000NCRN,2010-06-07,TMAX,289
USR0000NNWB,2007-10-02,TMIN,189
USW00093719,2014-08-12,TMIN,239
USC00314144,2009-04-08,TMAX,150
USC00314144,2009-04-08,TMIN,-11
USR0000NHOF,2010-09-03,TMIN,217
USR0000NNWB,2008-08-13,TMIN,183
USW00093719,2014-08-12,TMAX,339
USR0000NNWB,2008-08-13,TMAX,239
USC00316096,2009-11-22,TMIN,78
USW00093719,2009-07-16,TMIN,194
USW00093719,2009-07-16,TMAX,328
USC00314684,2015-05-14,TMIN,133
USR0000NHOF,2009-09-09,TMIN,161
USC00316676,2007-01-24,TMIN,6
USC00316676,2007-01-24,TMAX,117
USC00310576,2009-10-12,TMAX,222
USW00093719,2012-04-28,TMAX,194
USW00093719,2012-04-28,TMIN,128
USC00310576,2009-10-12,TMIN,128
USR0000NNWB,2007-07-18,TMAX,333
USC00316096,2011-12-21,TMIN,106
USR0000NHOF,2012-01-26,TMAX,217
USW00093765,2014-02-15,TMAX,111
USR0000NNWB,2007-07-18,TMIN,222
USC00310356,2013-10-31,TMAX,250
USW00093765,2014-02-15,TMIN,22
USC00310576,2007-05-30,TMIN,94
USC00310576,2007-05-30,TMAX,322
USC00316096,2011-12-21,TMAX,206
USC00310356,2013-10-31,TMIN,161
USC00310576,2007-04-22,TMAX,239
USR0000NNWB,2015-04-27,TMAX,211
USC00310576,2006-11-09,TMIN,133
USW00093719,2014-12-19,TMAX,128
USR0000NHOF,2012-08-11,TMIN,222
USC00314684,2008-07-07,TMAX,317
USC00314684,2008-07-07,TMIN,200
USR0000NHOF,2015-05-25,TMIN,111
USR0000NHOF,2015-05-25,TMAX,283
USC00310576,2007-04-22,TMIN,44
USW00093719,2014-12-19,TMIN,6
USC00316676,2013-11-15,TMAX,150
USC00315830,2008-09-14,TMAX,306
USC00316676,2013-11-15,TMIN,-17
USR0000NNWB,2015-04-27,TMIN,72
USC00315830,2005-10-10,TMAX,272
USR0000NHOF,2009-09-09,TMAX,267
USC00315830,2005-10-10,TMIN,211
USC00315830,2008-09-14,TMIN,244
USR0000NHOF,2012-01-26,TMIN,22
USC00316676,2013-07-18,TMAX,328
USC00314689,2008-07-08,TMIN,228
USC00317170,2015-10-21,TMAX,250
USW00093765,2013-02-23,TMIN,89
USC00316676,2015-08-02,TMIN,217
USW00093743,2013-10-31,TMIN,122
USW00093765,2013-02-23,TMAX,172
USR0000NNWB,2010-11-12,TMIN,39
USC00316676,2015-08-02,TMAX,322
USC00314689,2005-08-18,TMAX,306
USC00315830,2015-08-23,TMAX,311
USW00093765,2005-06-05,TMAX,267
USC00314689,2009-12-15,TMAX,172
USC00314689,2009-12-15,TMIN,89
USC00314684,2015-05-14,TMAX,272
USC00314689,2008-07-08,TMAX,333
USC00315830,2009-05-01,TMIN,128
USC00315830,2009-05-01,TMAX,244
USW00093765,2005-06-05,TMIN,217
USC00310356,2015-05-25,TMAX,267
USC00310356,2015-05-25,TMIN,206
USC00317170,2015-10-21,TMIN,72
USW00013754,2010-12-12,TMIN,56
USW00013754,2010-12-12,TMAX,167
USC00315830,2015-08-23,TMIN,211
USC00314689,2013-08-11,TMIN,228
USC00316676,2013-07-18,TMIN,211
USC00314689,2013-08-11,TMAX,344
USC00314144,2010-03-26,TMIN,67
USR0000NNWB,2010-11-12,TMAX,172
USC00314684,2009-09-17,TMAX,289
USC00314684,2009-09-17,TMIN,178
USW00093743,2013-10-31,TMAX,233
USC00314144,2010-03-26,TMAX,228
USR0000NNWB,2008-02-06,TMAX,272
USR0000NNWB,2008-02-06,TMIN,167
USW00093719,2005-12-12,TMIN,0
USW00093719,2005-12-12,TMAX,122
USC00314689,2005-08-18,TMIN,211
USC00314684,2015-10-27,TMAX,183
USC00310356,2010-08-04,TMIN,239
USC00315830,2015-07-05,TMIN,261
USC00314144,2006-01-16,TMIN,-17
USC00314689,2010-08-22,TMAX,322
USC00316676,2014-09-26,TMIN,189
USR0000NNWB,2005-12-12,TMIN,0
USC00314689,2009-11-22,TMAX,150
USC00316676,2014-09-26,TMAX,228
USR0000NCRN,2007-02-16,TMIN,50
USR0000NNWB,2005-12-12,TMAX,128
USC00314689,2009-07-23,TMAX,317
USC00314689,2009-11-22,TMIN,50
USR0000NCRN,2011-08-31,TMAX,294
USR0000NCRN,2011-08-31,TMIN,172
USR0000NHOF,2011-10-14,TMIN,111
USR0000NHOF,2006-09-30,TMIN,39
USC00314144,2010-10-02,TMIN,139
USC00314144,2007-10-03,TMIN,189
USR0000NHOF,2007-12-26,TMIN,17
USC00316676,2009-11-25,TMIN,128
USR0000NCRN,2015-05-25,TMIN,122
USC00314144,2010-01-17,TMAX,217
USC00314689,2009-07-23,TMIN,211
USC00310576,2014-04-19,TMAX,183
USW00093743,2007-10-14,TMIN,83
USR0000NNWB,2012-11-16,TMIN,61
USC00316676,2005-02-06,TMIN,-22
USC00310576,2009-06-25,TMIN,183
USC00310576,2009-06-25,TMAX,311
USR0000NHOF,2011-10-14,TMAX,244
USC00314144,2010-01-17,TMIN,94
USW00093765,2010-07-18,TMIN,239
USC00310576,2014-04-19,TMIN,89
USW00093765,2010-07-18,TMAX,300
USC00316676,2005-02-06,TMAX,150
USC00317170,2012-04-28,TMAX,178
USR0000NNWB,2012-11-16,TMAX,144
USC00314689,2010-08-22,TMIN,228
USC00317170,2012-04-28,TMIN,139
USC00316676,2008-10-18,TMIN,122
USC00317170,2007-10-18,TMAX,294
USR0000NCRN,2015-05-25,TMAX,256
USW00093743,2007-10-14,TMAX,250
USR0000NHOF,2011-05-16,TMAX,244
USR0000NHOF,2011-05-16,TMIN,122
USW00093719,2005-05-23,TMIN,172
USW00013754,2015-07-14,TMAX,311
USC00317170,2011-03-16,TMAX,206
USC00317170,2011-03-16,TMIN,117
USW00093719,2005-05-23,TMAX,283
USW00013754,2015-07-14,TMIN,211
USC00316096,2015-05-14,TMAX,222
USC00316096,2015-05-14,TMIN,128
USW00013754,2008-02-06,TMIN,156
USC00314144,2008-08-23,TMAX,300
USC00314144,2008-08-23,TMIN,172
USW00013754,2008-02-06,TMAX,244
USC00315830,2010-10-09,TMAX,261
USC00310576,2014-11-17,TMAX,139
USC00315830,2010-10-09,TMIN,206
USR0000NHOF,2007-12-26,TMAX,83
USC00310576,2012-06-10,TMAX,311
USC00316676,2009-06-05,TMIN,200
USC00314144,2007-10-03,TMAX,289
USC00316676,2009-11-25,TMAX,172
USC00315830,2007-09-21,TMIN,211
USR0000NHOF,2006-09-30,TMAX,244
USC00314144,2010-10-02,TMAX,222
USR0000NHOF,2007-11-07,TMAX,133
USR0000NCRN,2015-02-16,TMAX,6
USC00316676,2009-06-05,TMAX,300
USC00316096,2009-09-21,TMIN,161
USR0000NHOF,2007-11-07,TMIN,-39
USC00314144,2006-03-16,TMIN,11
USC00314144,2006-03-16,TMAX,200
USW00093765,2006-04-07,TMIN,156
USW00093765,2006-04-07,TMAX,228
USR0000NCRN,2015-02-16,TMIN,-67
USC00310576,2012-06-10,TMIN,156
USC00316096,2009-09-21,TMAX,278
USC00316676,2008-10-18,TMAX,233
USW00093765,2007-06-25,TMAX,289
USW00093765,2007-06-25,TMIN,222
USC00310356,2015-11-13,TMAX,217
USW00013754,2007-03-07,TMAX,194
USR0000NNWB,2006-04-29,TMIN,78
USC00310356,2015-11-13,TMIN,144
USW00013754,2007-03-07,TMIN,11
USC00315830,2008-01-08,TMIN,83
USW00013754,2015-04-27,TMAX,222
USR0000NNWB,2006-04-29,TMAX,194
USW00093765,2012-01-29,TMIN,11
USC00314689,2010-06-25,TMIN,256
USC00317170,2014-08-04,TMAX,256
USC00314689,2010-06-25,TMAX,367
USW00093719,2015-01-03,TMAX,206
USC00317170,2014-08-04,TMIN,206
USC00314684,2015-12-11,TMIN,67
USW00093719,2015-01-03,TMIN,94
USW00093765,2012-01-29,TMAX,128
USW00093765,2012-04-28,TMAX,244
USW00013754,2015-04-27,TMIN,89
USC00314689,2009-01-28,TMAX,239
USC00314144,2006-01-16,TMAX,167
USC00314684,2015-10-27,TMIN,122
USC00314684,2013-08-11,TMIN,217
USC00314684,2013-08-11,TMAX,344
USC00315830,2005-02-12,TMIN,-11
USC00317170,2007-07-08,TMAX,317
USC00316676,2014-06-01,TMIN,128
USC00314689,2009-01-28,TMIN,67
USR0000NNWB,2011-12-02,TMAX,178
USW00013754,2012-06-27,TMAX,289
USC00315830,2005-02-12,TMAX,144
USW00013754,2012-06-27,TMIN,128
USC00316676,2014-06-01,TMAX,272
USC00315830,2014-03-01,TMIN,17
USC00315830,2014-03-01,TMAX,156
USC00315830,2008-01-08,TMAX,211
USC00314684,2015-12-11,TMAX,206
USW00093765,2012-04-28,TMIN,144
USC00310576,2009-12-01,TMAX,217
USC00310576,2009-12-01,TMIN,44
USW00093719,2008-12-03,TMAX,106
USR0000NNWB,2006-05-12,TMIN,106
USR0000NNWB,2006-05-12,TMAX,256
USW00093719,2005-09-24,TMIN,211
USW00093719,2005-09-24,TMAX,311
USC00316676,2011-11-04,TMIN,17
USW00093719,2012-12-11,TMAX,222
USW00013754,2010-05-20,TMAX,267
USC00316676,2011-11-04,TMAX,211
USW00093719,2006-07-02,TMAX,328
USW00093765,2011-09-10,TMIN,217
USW00093719,2006-07-02,TMIN,217
USC00310576,2006-03-03,TMAX,200
USC00310576,2006-03-03,TMIN,-22
USC00315830,2007-09-21,TMAX,261
USW00093719,2008-12-03,TMIN,-44
USW00093765,2011-09-10,TMAX,306
USC00316676,2011-04-22,TMIN,106
USW00013754,2010-05-20,TMIN,150
USC00317170,2007-10-18,TMIN,189
USC00317170,2008-02-19,TMIN,39
USC00317170,2008-02-19,TMAX,156
USR0000NNWB,2015-07-14,TMIN,222
USR0000NNWB,2015-07-14,TMAX,322
USC00310356,2011-10-14,TMAX,256
USC00314689,2009-09-21,TMIN,150
USC00314689,2009-09-21,TMAX,289
USW00093765,2007-02-18,TMIN,-5
USW00093765,2007-02-18,TMAX,100
USR0000NNWB,2015-08-20,TMIN,239
USR0000NCRN,2006-02-01,TMAX,161
USW00093765,2011-08-09,TMAX,344
USW00093719,2008-08-08,TMIN,206
USW00093719,2008-08-08,TMAX,311
USW00093719,2012-12-11,TMIN,106
USC00310356,2011-10-14,TMIN,200
USC00316676,2011-04-22,TMAX,278
USC00310576,2006-09-01,TMAX,239
USC00310576,2013-04-18,TMAX,267
USC00310576,2013-04-18,TMIN,111
USW00093719,2007-02-27,TMIN,39
USR0000NNWB,2012-05-12,TMAX,272
USC00314684,2014-08-12,TMIN,211
USC00314684,2014-08-12,TMAX,300
USR0000NCRN,2006-07-02,TMAX,311
USR0000NCRN,2006-07-02,TMIN,222
USR0000NCRN,2011-08-17,TMIN,178
USW00093743,2011-01-03,TMAX,100
USR0000NNWB,2012-05-12,TMIN,94
USR0000NCRN,2011-08-17,TMAX,306
USR0000NCRN,2006-12-12,TMIN,-11
USC00310576,2014-06-27,TMAX,333
USC00310576,2014-06-27,TMIN,233
USR0000NNWB,2012-10-12,TMAX,244
USR0000NCRN,2006-09-27,TMAX,278
USR0000NNWB,2012-10-12,TMIN,72
USW00013754,2008-01-04,TMIN,-82
USR0000NCRN,2006-12-12,TMAX,217
USR0000NCRN,2006-09-27,TMIN,139
USC00314144,2006-03-03,TMIN,50
USC00316096,2010-11-20,TMAX,183
USR0000NNWB,2015-04-22,TMIN,117
USC00310576,2006-04-29,TMAX,178
USC00310576,2006-04-29,TMIN,50
USW00013754,2010-01-17,TMIN,89
USW00013754,2010-01-17,TMAX,211
USC00314684,2005-06-05,TMIN,211
USC00314684,2005-06-05,TMAX,289
USC00314144,2006-03-03,TMAX,244
USR0000NCRN,2013-02-14,TMAX,117
USW00093765,2011-01-24,TMIN,-10
USR0000NHOF,2011-08-14,TMAX,322
USC00316096,2010-11-20,TMIN,-6
USW00093719,2010-01-06,TMAX,50
USW00093719,2010-01-06,TMIN,-56
USR0000NNWB,2008-01-02,TMIN,-22
USR0000NNWB,2008-01-02,TMAX,28
USR0000NCRN,2013-02-14,TMIN,28
USW00013754,2013-10-01,TMAX,261
USC00314689,2005-11-01,TMAX,233
USC00314689,2012-11-16,TMIN,67
USR0000NCRN,2006-05-13,TMAX,239
USW00093743,2011-01-03,TMIN,-27
USW00093719,2008-03-06,TMAX,206
USW00093719,2008-03-06,TMIN,56
USR0000NCRN,2006-08-21,TMAX,311
USC00316676,2009-07-23,TMIN,194
USW00093765,2011-09-30,TMIN,178
USR0000NCRN,2006-05-13,TMIN,106
USR0000NCRN,2006-08-21,TMIN,233
USC00316676,2009-07-23,TMAX,306
USC00317170,2013-12-17,TMIN,22
USR0000NNWB,2015-05-25,TMIN,150
USW00093719,2006-10-17,TMIN,144
USR0000NNWB,2015-05-25,TMAX,294
USC00316676,2007-09-19,TMAX,256
USW00093719,2006-10-17,TMAX,228
USC00317170,2013-12-17,TMAX,172
USW00013754,2015-05-14,TMAX,228
USC00310576,2006-02-01,TMAX,117
USR0000NNWB,2007-07-31,TMAX,311
USW00093743,2009-06-02,TMIN,233
USW00093743,2009-06-02,TMAX,283
USR0000NCRN,2008-03-19,TMAX,267
USR0000NCRN,2008-03-19,TMIN,133
USC00310576,2006-02-01,TMIN,-22
USW00013754,2015-05-14,TMIN,122
USC00317170,2013-04-18,TMIN,128
USC00314684,2011-05-19,TMAX,261
USC00316676,2007-09-19,TMIN,156
USC00314689,2005-11-01,TMIN,61
USW00013754,2008-01-04,TMAX,67
USC00314689,2012-11-16,TMAX,133
USR0000NNWB,2007-07-31,TMIN,217
USR0000NNWB,2008-09-14,TMIN,233
USR0000NNWB,2008-09-14,TMAX,322
USR0000NHOF,2011-08-14,TMIN,211
USC00317170,2013-04-18,TMAX,267
USW00093765,2011-09-30,TMAX,283
USR0000NHOF,2011-09-04,TMAX,300
USR0000NHOF,2011-09-04,TMIN,139
USW00093719,2010-10-06,TMAX,194
USW00013754,2007-08-31,TMAX,294
USW00093743,2011-08-14,TMIN,233
USC00317170,2011-01-15,TMIN,-11
USW00093719,2015-05-25,TMIN,139
USW00093719,2010-10-06,TMIN,72
USW00093719,2015-05-25,TMAX,283
USW00093743,2011-08-14,TMAX,306
USC00317170,2011-01-15,TMAX,111
USC00316096,2010-05-20,TMIN,139
USC00316096,2010-05-20,TMAX,256
USR0000NNWB,2010-01-17,TMIN,94
USR0000NNWB,2010-01-17,TMAX,233
USC00314689,2006-04-07,TMIN,139
USC00315830,2013-03-28,TMAX,133
USR0000NHOF,2007-05-08,TMAX,206
USC00317170,2015-11-27,TMAX,228
USC00315830,2013-03-28,TMIN,11
USR0000NNWB,2006-01-28,TMIN,-39
USW00093719,2008-05-07,TMAX,278
USW00013754,2014-12-19,TMIN,6
USC00314684,2005-05-23,TMIN,144
USC00314684,2005-05-23,TMAX,256
USC00310576,2006-01-16,TMIN,-22
USC00310576,2006-01-16,TMAX,156
USW00093743,2009-04-27,TMIN,139
USW00013754,2008-11-24,TMIN,-27
USR0000NNWB,2006-01-28,TMAX,156
USW00093765,2005-01-12,TMIN,106
USW00013754,2008-11-24,TMAX,156
USC00314684,2005-02-22,TMAX,167
USC00314684,2005-02-22,TMIN,72
USC00314684,2013-04-18,TMIN,117
USC00314689,2013-11-15,TMAX,194
USC00314684,2013-04-18,TMAX,283
USW00093719,2008-05-07,TMIN,111
USW00093765,2005-01-12,TMAX,189
USW00013754,2013-10-01,TMIN,117
USC00314684,2014-09-27,TMIN,139
USC00314689,2013-11-15,TMIN,-11
USR0000NHOF,2006-09-19,TMAX,289
USC00310576,2013-08-12,TMAX,339
USC00314684,2005-01-08,TMIN,100
USC00315830,2007-04-22,TMAX,228
USW00093765,2015-07-29,TMAX,306
USW00013754,2012-10-12,TMAX,228
USW00093765,2011-01-24,TMAX,44
USC00310576,2013-08-12,TMIN,233
USW00013754,2012-10-12,TMIN,78
USR0000NNWB,2015-11-19,TMIN,189
USR0000NNWB,2015-11-19,TMAX,211
USC00317170,2008-01-23,TMIN,67
USC00317170,2008-01-23,TMAX,144
USC00316096,2015-07-14,TMIN,206
USR0000NNWB,2015-04-22,TMAX,267
USC00316096,2015-07-14,TMAX,300
USW00093765,2015-07-29,TMIN,250
USC00314684,2014-09-27,TMAX,228
USC00315830,2007-04-22,TMIN,78
USR0000NHOF,2008-08-06,TMAX,361
USC00317170,2015-11-27,TMIN,106
USW00093743,2008-02-27,TMIN,22
USW00093743,2008-02-27,TMAX,133
USR0000NHOF,2007-05-08,TMIN,117
USC00317170,2009-05-27,TMAX,272
USC00314689,2006-04-07,TMAX,283
USR0000NCRN,2009-05-19,TMIN,122
USR0000NHOF,2008-08-06,TMIN,222
USW00013754,2014-05-19,TMIN,111
USC00317170,2009-05-27,TMIN,194
USR0000NCRN,2009-05-19,TMAX,178
USC00314684,2005-01-08,TMAX,211
USC00316096,2010-08-20,TMAX,311
USC00316096,2010-08-20,TMIN,211
USW00013754,2014-05-19,TMAX,228
USR0000NNWB,2009-12-15,TMAX,178
USR0000NHOF,2006-09-19,TMIN,178
USC00316676,2014-01-23,TMIN,-78
USC00316676,2014-01-23,TMAX,-6
USC00314684,2011-05-19,TMIN,106
USW00013754,2012-06-10,TMIN,172
USW00013754,2012-06-10,TMAX,300
USW00093719,2011-04-02,TMAX,189
USW00093719,2011-04-02,TMIN,39
USC00315830,2014-02-15,TMIN,72
USW00013754,2015-01-03,TMIN,100
USC00314144,2005-03-04,TMIN,-44
USC00315830,2014-02-15,TMAX,122
USC00310576,2009-01-29,TMIN,78
USR0000NNWB,2008-12-31,TMAX,161
USR0000NNWB,2008-12-31,TMIN,6
USC00310576,2010-08-04,TMIN,211
USC00310576,2010-08-04,TMAX,322
USW00013754,2008-08-26,TMAX,289
USR0000NHOF,2015-02-22,TMIN,117
USR0000NHOF,2015-02-22,TMAX,194
USC00310576,2009-01-29,TMAX,222
USC00314144,2005-03-04,TMAX,139
USC00314144,2008-07-22,TMIN,183
USC00315830,2006-04-01,TMIN,167
USC00314684,2010-07-15,TMIN,217
USR0000NHOF,2006-08-07,TMIN,183
USR0000NHOF,2006-08-07,TMAX,328
USW00093719,2015-12-11,TMIN,94
USC00315830,2008-08-24,TMIN,222
USW00093719,2012-10-12,TMAX,233
USW00093719,2012-10-12,TMIN,83
USC00315830,2008-08-24,TMAX,300
USW00093743,2008-12-12,TMAX,156
USC00314144,2006-05-13,TMIN,83
USC00314144,2006-05-13,TMAX,256
USR0000NHOF,2009-10-18,TMIN,56
USR0000NHOF,2009-10-18,TMAX,89
USC00314144,2008-07-22,TMAX,344
USC00315830,2006-04-01,TMAX,211
USW00013754,2015-01-03,TMAX,206
USW00093743,2008-12-12,TMIN,50
USW00093765,2009-05-06,TMAX,256
USC00316676,2009-01-19,TMIN,11
USC00314684,2014-11-24,TMAX,200
USC00310356,2006-07-02,TMAX,294
USC00310356,2006-07-02,TMIN,228
USC00317170,2011-08-09,TMAX,372
USC00314689,2005-09-24,TMAX,311
USW00093765,2009-09-17,TMIN,206
USR0000NCRN,2009-03-05,TMIN,-56
USC00316676,2009-04-07,TMAX,272
USR0000NCRN,2012-01-26,TMAX,194
USR0000NCRN,2009-03-05,TMAX,117
USW00013754,2008-08-26,TMIN,217
USR0000NCRN,2008-12-26,TMIN,83
USR0000NCRN,2008-12-26,TMAX,144
USC00314689,2007-08-21,TMAX,372
USW00093743,2009-10-18,TMAX,111
USW00093719,2013-04-18,TMIN,128
USW00093719,2013-04-18,TMAX,267
USC00316676,2009-04-07,TMIN,61
USC00314684,2014-11-24,TMIN,56
USC00310356,2006-08-07,TMAX,294
USC00316676,2014-03-01,TMAX,83
USW00093743,2009-10-18,TMIN,72
USW00093765,2009-09-17,TMAX,267
USC00316676,2009-01-19,TMAX,83
USR0000NNWB,2008-07-25,TMIN,206
USR0000NNWB,2008-07-25,TMAX,294
USW00013754,2008-09-14,TMIN,228
USW00013754,2008-09-14,TMAX,311
USC00317170,2011-08-09,TMIN,233
USC00310356,2008-02-27,TMIN,50
USR0000NNWB,2011-06-16,TMIN,211
USR0000NNWB,2011-06-16,TMAX,317
USC00310356,2006-08-07,TMIN,228
USC00314689,2005-09-24,TMIN,217
USC00316676,2014-03-01,TMIN,6
USR0000NCRN,2013-07-18,TMAX,322
USR0000NCRN,2013-07-18,TMIN,206
USC00310356,2008-02-27,TMAX,167
USR0000NCRN,2006-11-09,TMIN,117
USR0000NCRN,2006-11-09,TMAX,233
USC00314684,2010-07-15,TMAX,317
USC00316096,2010-07-28,TMIN,206
USR0000NNWB,2015-05-14,TMAX,233
USR0000NNWB,2015-05-14,TMIN,144
USC00310356,2009-06-02,TMAX,289
USC00317170,2014-09-27,TMIN,150
USC00317170,2014-09-27,TMAX,256
USR0000NCRN,2012-04-28,TMAX,211
USC00316096,2010-07-28,TMAX,311
USR0000NCRN,2012-04-28,TMIN,128
USC00314144,2005-05-05,TMAX,183
USC00310576,2012-10-24,TMAX,250
USW00093765,2009-04-19,TMAX,206
USC00310356,2011-09-04,TMAX,317
USC00314144,2005-05-05,TMIN,106
USW00093765,2009-04-19,TMIN,139
USC00316676,2009-08-17,TMIN,217
USC00310576,2012-10-24,TMIN,61
USW00093765,2012-01-02,TMAX,156
USC00314684,2012-12-11,TMAX,233
USR0000NNWB,2012-06-10,TMAX,322
USW00013754,2010-08-29,TMIN,183
USW00093743,2011-09-04,TMIN,183
USW00093743,2011-09-04,TMAX,289
USC00310356,2009-06-02,TMIN,217
USC00314684,2012-12-11,TMIN,161
USC00310356,2008-12-12,TMAX,183
USC00310356,2008-12-12,TMIN,122
USW00013754,2012-05-12,TMAX,256
USC00314689,2015-01-21,TMAX,189
USC00310356,2007-11-30,TMAX,178
USC00314689,2011-06-05,TMIN,211
USC00310356,2011-09-04,TMIN,211
USW00093765,2013-04-18,TMIN,150
USW00093765,2013-04-18,TMAX,244
USW00013754,2012-05-12,TMIN,100
USR0000NNWB,2012-06-10,TMIN,183
USC00314689,2015-01-21,TMIN,39
USC00314689,2011-06-05,TMAX,306
USC00314144,2009-09-04,TMIN,156
USC00316676,2009-08-17,TMAX,300
USW00093765,2013-11-23,TMAX,189
USC00314144,2009-08-31,TMIN,211
USC00316676,2011-01-17,TMIN,-28
USC00316676,2011-12-18,TMIN,-6
USW00093765,2009-05-06,TMIN,200
USC00314689,2009-04-21,TMIN,122
USW00093719,2015-12-11,TMAX,233
USW00093765,2013-11-23,TMIN,106
USR0000NNWB,2012-11-30,TMAX,178
USC00314144,2009-09-04,TMAX,261
USR0000NNWB,2012-11-30,TMIN,-17
USC00314689,2005-12-12,TMIN,22
USW00093765,2014-09-27,TMIN,183
USW00093765,2012-01-02,TMIN,22
USC00314689,2005-12-12,TMAX,122
USW00093765,2014-09-27,TMAX,250
USC00314689,2009-04-21,TMAX,272
USC00316676,2011-12-18,TMAX,100
USW00093765,2006-11-23,TMAX,100
USC00314144,2009-08-31,TMAX,250
USR0000NHOF,2007-05-21,TMIN,144
USC00315830,2006-09-01,TMIN,233
USC00314144,2007-10-06,TMIN,172
USC00315830,2006-09-01,TMAX,311
USC00314144,2007-10-06,TMAX,272
USC00315830,2009-06-25,TMIN,211
USC00315830,2009-06-25,TMAX,311
USR0000NHOF,2007-05-21,TMAX,300
USC00316096,2012-11-16,TMIN,61
USC00316096,2012-11-16,TMAX,144
USW00013754,2010-08-29,TMAX,294
USW00013754,2015-05-25,TMIN,139
USW00013754,2015-05-25,TMAX,272
USR0000NCRN,2011-07-01,TMAX,306
USC00316676,2011-01-17,TMAX,144
USW00093765,2006-11-23,TMIN,78
USR0000NCRN,2011-07-01,TMIN,189
USW00013754,2007-08-31,TMIN,211
USR0000NHOF,2009-06-22,TMIN,167
USR0000NHOF,2009-06-22,TMAX,289
USW00093743,2009-04-27,TMAX,244
USW00013754,2009-02-20,TMAX,72
USC00315830,2006-11-21,TMAX,183
USC00310576,2011-12-02,TMAX,122
USC00315830,2006-11-21,TMIN,61
USC00314684,2010-07-18,TMIN,217
USC00310576,2011-12-02,TMIN,6
USW00093765,2006-10-17,TMIN,172
USW00093719,2008-09-14,TMAX,322
USW00093765,2006-10-17,TMAX,233
USC00314144,2008-11-04,TMIN,156
USC00317170,2008-02-02,TMAX,228
USC00317170,2008-02-02,TMIN,33
USC00314684,2010-07-18,TMAX,322
USC00315830,2007-09-30,TMAX,256
USC00310356,2009-06-22,TMAX,333
USW00093765,2010-11-11,TMAX,161
USC00314144,2008-11-04,TMAX,189
USR0000NHOF,2010-04-06,TMAX,306
USW00093719,2008-09-14,TMIN,228
USC00310576,2015-11-15,TMIN,17
USC00314684,2009-01-23,TMIN,-44
USW00093765,2006-08-28,TMAX,294
USC00314684,2009-01-23,TMAX,106
USC00316676,2005-05-30,TMAX,289
USW00093765,2006-08-28,TMIN,233
USW00093765,2007-07-21,TMIN,189
USC00316676,2005-05-30,TMIN,139
USC00310576,2015-11-15,TMAX,156
USW00093765,2010-11-11,TMIN,83
USW00013754,2010-10-09,TMIN,94
USW00013754,2010-10-09,TMAX,272
USW00013754,2009-02-20,TMIN,-32
USC00315830,2007-09-30,TMIN,172
USC00310356,2006-01-08,TMAX,67
USC00310356,2006-01-08,TMIN,-56
USR0000NNWB,2015-11-18,TMAX,244
USW00093765,2007-07-21,TMAX,272
USR0000NCRN,2012-02-23,TMIN,133
USR0000NHOF,2010-04-06,TMIN,161
USC00310576,2009-07-16,TMIN,183
USR0000NHOF,2007-11-30,TMIN,-17
USR0000NHOF,2007-11-30,TMAX,144
USC00315830,2012-03-22,TMIN,156
USC00314689,2011-04-22,TMAX,172
USC00315830,2013-01-17,TMAX,222
USC00316096,2012-12-11,TMIN,111
USC00310576,2008-11-12,TMIN,28
USR0000NHOF,2009-06-02,TMIN,200
USC00310576,2008-11-12,TMAX,206
USW00093743,2014-01-17,TMAX,139
USW00093743,2014-01-17,TMIN,-10
USC00314684,2015-01-07,TMAX,150
USC00316676,2010-03-21,TMAX,267
USC00314689,2012-02-10,TMAX,106
USC00314689,2012-02-10,TMIN,-6
USC00316676,2010-03-21,TMIN,33
USC00314689,2011-04-22,TMIN,100
USC00310576,2009-07-16,TMAX,306
USC00316676,2009-08-23,TMAX,328
USR0000NNWB,2015-11-18,TMIN,122
USC00316096,2014-04-18,TMAX,172
USC00316096,2014-04-18,TMIN,67
USC00310356,2009-06-22,TMIN,217
USC00314144,2009-09-11,TMIN,150
USC00316096,2015-10-21,TMIN,78
USR0000NHOF,2006-01-08,TMAX,144
USR0000NHOF,2006-01-08,TMIN,-61
USC00316676,2009-08-23,TMIN,211
USC00316096,2015-10-21,TMAX,250
USC00310576,2015-09-13,TMAX,294
USC00310576,2015-09-13,TMIN,206
USC00310356,2014-01-17,TMAX,83
USC00310356,2014-01-17,TMIN,33
USC00314684,2010-11-04,TMAX,128
USC00314684,2010-11-04,TMIN,83
USC00314684,2015-01-07,TMIN,-33
USC00314144,2009-09-11,TMAX,256
USR0000NCRN,2012-02-23,TMAX,194
USC00316096,2014-08-12,TMAX,306
USC00316096,2014-08-12,TMIN,228
USC00310356,2011-01-03,TMIN,28
USR0000NNWB,2007-08-31,TMIN,206
USC00314684,2013-11-23,TMIN,106
USC00314684,2013-11-23,TMAX,233
USR0000NNWB,2007-08-31,TMAX,311
USC00310576,2015-01-26,TMIN,22
USW00093719,2012-09-04,TMIN,217
USW00093765,2013-10-01,TMIN,111
USW00093719,2012-09-04,TMAX,306
USC00316676,2007-06-23,TMAX,339
USC00310576,2015-01-26,TMAX,139
USC00310576,2014-08-04,TMAX,233
USC00310576,2014-08-04,TMIN,211
USW00013754,2007-08-14,TMAX,333
USW00013754,2007-08-14,TMIN,206
USR0000NNWB,2009-03-02,TMAX,44
USW00093765,2013-10-01,TMAX,250
USR0000NNWB,2012-12-31,TMAX,117
USC00314144,2009-09-09,TMAX,267
USR0000NNWB,2008-05-30,TMAX,294
USW00013754,2015-08-23,TMIN,200
USC00314689,2012-03-08,TMIN,72
USC00316096,2010-12-18,TMIN,-6
USC00316096,2010-12-18,TMAX,44
USW00093719,2011-09-10,TMIN,189
USC00315830,2005-07-18,TMAX,306
USW00013754,2015-08-23,TMAX,311
USR0000NNWB,2008-05-30,TMIN,128
USC00314684,2014-04-18,TMAX,183
USW00093719,2005-07-23,TMIN,233
USC00310576,2006-07-14,TMIN,239
USW00093719,2005-07-23,TMAX,322
USC00310576,2006-07-14,TMAX,322
USC00314689,2008-10-22,TMIN,44
USR0000NNWB,2007-01-16,TMAX,178
USR0000NNWB,2007-01-16,TMIN,78
USC00314684,2014-04-18,TMIN,39
USR0000NNWB,2012-12-31,TMIN,-39
USW00093765,2015-05-25,TMIN,156
USW00093765,2015-05-25,TMAX,256
USC00316096,2011-04-22,TMAX,222
USC00316096,2011-04-22,TMIN,117
USW00013754,2010-01-06,TMIN,-55
USR0000NHOF,2005-12-07,TMIN,-67
USW00093765,2008-02-06,TMIN,144
USC00314689,2010-11-20,TMIN,33
USW00093765,2008-02-06,TMAX,194
USW00013754,2010-01-06,TMAX,44
USC00316676,2007-06-23,TMIN,189
USC00314684,2010-07-28,TMAX,278
USC00314684,2010-07-28,TMIN,206
USC00314689,2010-11-20,TMAX,194
USC00310576,2008-10-26,TMAX,256
USW00093719,2008-07-25,TMIN,200
USW00093719,2008-07-25,TMAX,294
USC00310576,2008-10-26,TMIN,111
USC00314689,2012-12-11,TMAX,228
USW00093765,2015-11-27,TMIN,133
USC00314689,2012-12-11,TMIN,161
USW00093765,2015-11-27,TMAX,228
USC00314144,2009-09-09,TMIN,161
USC00314684,2006-09-12,TMAX,267
USC00316096,2012-07-24,TMAX,328
USC00314144,2005-10-15,TMIN,200
USC00316096,2012-07-24,TMIN,217
USC00314144,2005-10-15,TMAX,233
USW00093719,2005-10-26,TMAX,178
USC00314684,2006-09-12,TMIN,133
USW00093719,2005-10-26,TMIN,50
USC00316676,2007-04-10,TMAX,150
USC00310576,2005-07-17,TMAX,322
USR0000NCRN,2014-06-10,TMIN,211
USC00310576,2005-07-17,TMIN,250
USC00314689,2014-11-24,TMIN,133
USR0000NCRN,2014-06-10,TMAX,283
USC00314689,2014-11-24,TMAX,211
USC00316676,2007-04-10,TMIN,0
USC00316096,2012-12-11,TMAX,217
USC00314689,2007-08-21,TMIN,261
USR0000NNWB,2015-12-11,TMAX,233
USW00093719,2010-01-17,TMIN,83
USW00013754,2009-12-15,TMAX,178
USW00013754,2015-12-18,TMIN,67
USW00013754,2009-12-15,TMIN,128
USW00013754,2015-12-18,TMAX,200
USW00013754,2009-08-21,TMAX,322
USW00013754,2009-08-21,TMIN,244
USW00013754,2015-04-22,TMAX,261
USC00314144,2010-09-15,TMAX,306
USC00316096,2014-09-27,TMIN,167
USC00316096,2014-09-27,TMAX,256
USR0000NHOF,2006-05-13,TMAX,239
USC00310576,2008-03-22,TMIN,22
USC00310576,2008-03-22,TMAX,194
USW00013754,2015-04-22,TMIN,89
USC00315830,2007-09-12,TMIN,228
USC00315830,2009-11-12,TMIN,139
USR0000NHOF,2006-05-13,TMIN,56
USW00093719,2008-05-30,TMAX,278
USC00314144,2010-09-15,TMIN,156
USC00310356,2008-08-06,TMAX,311
USR0000NCRN,2015-08-03,TMIN,211
USR0000NCRN,2015-08-03,TMAX,267
USW00093719,2010-12-28,TMAX,67
USC00316096,2013-04-18,TMIN,122
USC00316096,2013-04-18,TMAX,244
USW00093719,2008-06-18,TMIN,172
USC00316676,2013-07-17,TMAX,322
USC00310356,2008-08-06,TMIN,267
USC00314144,2006-11-09,TMAX,233
USC00314144,2006-11-09,TMIN,122
USW00093719,2009-12-20,TMIN,-22
USW00093719,2008-06-18,TMAX,306
USC00314684,2006-10-10,TMAX,239
USC00314684,2006-10-10,TMIN,167
USW00093719,2009-12-20,TMAX,78
USC00315830,2011-02-26,TMIN,100
USC00316676,2013-07-17,TMIN,217
USW00093719,2010-12-28,TMIN,-50
USW00093719,2008-05-30,TMIN,117
USC00310356,2006-05-13,TMAX,222
USC00317170,2010-06-10,TMIN,239
USW00093765,2013-12-17,TMAX,156
USW00013754,2012-09-04,TMIN,222
USW00013754,2012-09-04,TMAX,306
USC00317170,2010-06-10,TMAX,339
USC00316676,2014-07-02,TMIN,206
USC00317170,2013-11-23,TMIN,117
USC00310356,2007-05-08,TMAX,161
USC00310356,2007-05-08,TMIN,100
USC00317170,2013-11-23,TMAX,183
USW00093765,2013-12-17,TMIN,28
USW00093719,2007-01-16,TMAX,178
USW00093765,2008-08-08,TMIN,211
USC00315830,2007-09-12,TMAX,294
USW00093719,2007-01-16,TMIN,78
USW00093765,2008-08-08,TMAX,306
USC00316676,2014-07-02,TMAX,322
USC00310356,2006-05-13,TMIN,139
USC00310356,2011-08-14,TMIN,244
USC00314689,2015-07-14,TMIN,211
USC00310576,2011-11-05,TMIN,100
USC00314689,2012-07-24,TMAX,344
USC00314689,2012-07-24,TMIN,222
USC00315830,2009-11-12,TMAX,222
USW00093719,2012-06-10,TMIN,183
USC00314144,2006-07-02,TMAX,339
USC00314144,2006-07-02,TMIN,200
USC00314689,2015-07-14,TMAX,317
USC00314144,2011-07-01,TMAX,311
USC00315830,2012-01-20,TMIN,28
USC00310576,2011-11-05,TMAX,156
USC00310356,2011-08-14,TMAX,317
USC00315830,2012-01-20,TMAX,167
USW00093743,2008-08-06,TMAX,267
USW00093743,2008-08-06,TMIN,189
USW00093719,2012-06-10,TMAX,311
USC00314144,2011-07-01,TMIN,178
USW00093719,2012-05-12,TMAX,256
USC00314144,2009-08-08,TMAX,306
USW00093719,2012-05-12,TMIN,94
USC00316676,2009-03-17,TMAX,128
USC00314689,2008-02-22,TMIN,0
USC00310576,2007-01-25,TMIN,28
USC00310576,2007-01-25,TMAX,128
USC00314689,2008-02-22,TMAX,67
USC00316676,2009-03-17,TMIN,89
USR0000NNWB,2010-01-06,TMAX,56
USR0000NHOF,2014-01-17,TMIN,-33
USR0000NNWB,2010-01-06,TMIN,-56
USW00093765,2015-04-27,TMIN,100
USC00316676,2011-08-30,TMIN,206
USW00093743,2009-06-22,TMAX,306
USR0000NCRN,2005-04-07,TMAX,228
USW00093743,2009-06-22,TMIN,194
USR0000NCRN,2005-04-07,TMIN,172
USW00093719,2014-07-11,TMAX,300
USC00316676,2011-08-30,TMAX,328
USW00093719,2011-03-16,TMIN,94
USW00013754,2009-04-12,TMAX,178
USC00317170,2014-12-20,TMAX,67
USW00093719,2010-01-17,TMAX,228
USC00315830,2013-01-17,TMIN,122
USR0000NNWB,2015-12-11,TMIN,83
USW00093719,2011-03-16,TMAX,206
USW00093719,2009-02-13,TMAX,189
USC00315830,2012-03-22,TMAX,239
USR0000NNWB,2015-12-18,TMIN,56
USW00013754,2009-04-12,TMIN,56
USW00093719,2009-02-13,TMIN,61
USR0000NNWB,2015-12-18,TMAX,194
USR0000NHOF,2014-01-17,TMAX,150
USC00314689,2012-01-13,TMAX,150
USC00314689,2012-01-13,TMIN,28
USC00314689,2014-04-18,TMAX,178
USC00315830,2011-02-26,TMAX,167
USC00314689,2014-04-18,TMIN,44
USC00317170,2014-12-20,TMIN,6
USC00316676,2010-02-25,TMAX,106
USC00316676,2010-02-25,TMIN,39
USC00316096,2013-11-15,TMAX,217
USC00314684,2009-06-15,TMIN,194
USR0000NNWB,2012-09-04,TMIN,222
USC00314684,2005-04-12,TMAX,261
USC00314689,2014-09-27,TMIN,139
USC00314689,2014-09-27,TMAX,256
USR0000NNWB,2014-05-19,TMIN,111
USR0000NNWB,2014-05-19,TMAX,239
USC00310356,2009-04-27,TMAX,233
USR0000NNWB,2012-09-04,TMAX,317
USR0000NCRN,2005-06-19,TMAX,272
USR0000NCRN,2005-06-19,TMIN,167
USW00093719,2013-10-01,TMIN,111
USC00316096,2015-01-21,TMIN,17
USC00310356,2009-04-27,TMIN,178
USW00093719,2013-10-01,TMAX,272
USC00314144,2009-08-08,TMIN,167
USC00316096,2015-01-21,TMAX,161
USW00093719,2012-12-31,TMIN,-39
USC00316096,2014-11-24,TMAX,211
USW00093719,2012-12-31,TMAX,122
USC00316096,2013-11-15,TMIN,0
USC00314689,2013-04-18,TMIN,133
USC00314689,2013-04-18,TMAX,283
USC00315830,2011-01-06,TMAX,78
USC00315830,2011-01-06,TMIN,0
USW00093719,2014-07-11,TMIN,228
USW00013754,2014-12-19,TMAX,128
USR0000NCRN,2014-04-29,TMIN,211
USC00314689,2010-05-20,TMIN,139
USC00314684,2005-04-12,TMIN,67
USW00093765,2015-04-27,TMAX,206
USC00314689,2010-05-20,TMAX,250
USR0000NCRN,2014-04-29,TMAX,261
USC00314684,2009-06-15,TMAX,311
USC00310576,2010-03-26,TMIN,83
USC00310576,2010-03-26,TMAX,233
USC00316096,2014-11-24,TMIN,172
USR0000NHOF,2009-06-02,TMAX,306
USC00314689,2012-03-08,TMAX,239
USR0000NCRN,2012-01-26,TMIN,39
USW00093719,2009-12-15,TMIN,122
USR0000NCRN,2015-11-13,TMIN,89
USC00315830,2015-12-18,TMIN,172
USC00315830,2015-12-18,TMAX,228
USC00316676,2008-06-05,TMIN,222
USC00316676,2008-06-05,TMAX,333
USC00314684,2006-08-01,TMAX,350
USR0000NCRN,2006-07-14,TMIN,244
USR0000NCRN,2015-11-13,TMAX,211
USC00310576,2013-02-14,TMAX,144
USR0000NCRN,2006-07-14,TMAX,311
USR0000NHOF,2006-11-09,TMAX,222
USC00314689,2014-03-01,TMIN,-22
USC00314689,2014-03-01,TMAX,78
USR0000NHOF,2006-11-09,TMIN,72
USC00314144,2008-05-02,TMAX,250
USC00310356,2015-07-05,TMAX,294
USC00310576,2013-02-14,TMIN,61
USC00314144,2008-05-02,TMIN,83
USC00316676,2006-05-12,TMAX,267
USC00316676,2007-12-11,TMAX,261
USC00315830,2015-05-25,TMAX,256
USC00316096,2010-12-31,TMIN,-33
USC00315830,2013-04-18,TMIN,150
USC00317170,2015-07-29,TMAX,322
USC00314689,2005-11-04,TMIN,83
USC00315830,2013-04-18,TMAX,250
USC00310356,2005-05-05,TMAX,228
USC00316676,2006-05-12,TMIN,94
USC00317170,2015-07-29,TMIN,206
USR0000NHOF,2005-09-15,TMAX,272
USC00314689,2005-11-04,TMAX,239
USR0000NHOF,2005-09-15,TMIN,233
USC00315830,2012-08-27,TMAX,311
USC00315830,2012-08-27,TMIN,211
USW00093743,2013-01-07,TMAX,122
USC00316676,2007-12-11,TMIN,111
USC00310356,2005-05-05,TMIN,144
USC00315830,2015-05-25,TMIN,156
USW00093765,2009-12-15,TMAX,172
USC00310356,2015-07-05,TMIN,256
USC00314684,2005-07-27,TMIN,233
USW00093765,2009-10-27,TMIN,167
USR0000NHOF,2011-01-03,TMAX,83
USC00310356,2015-03-14,TMAX,189
USC00315830,2013-07-18,TMAX,339
USW00013754,2014-12-24,TMAX,217
USC00315830,2013-07-18,TMIN,233
USC00314684,2012-01-18,TMAX,194
USC00315830,2007-10-25,TMAX,278
USC00314684,2012-01-18,TMIN,100
USR0000NHOF,2011-01-03,TMIN,-56
USC00314684,2005-03-07,TMAX,156
USC00310356,2006-09-27,TMAX,278
USC00310356,2006-09-27,TMIN,156
USC00314684,2005-03-07,TMIN,-11
USR0000NHOF,2015-07-05,TMAX,333
USC00315830,2007-10-25,TMIN,222
USW00093765,2009-12-15,TMIN,139
USC00316096,2015-09-29,TMAX,294
USC00314684,2006-08-01,TMIN,222
USW00093765,2015-04-22,TMAX,222
USW00093765,2015-04-22,TMIN,128
USC00310356,2013-01-07,TMIN,44
USC00310356,2008-08-27,TMIN,244
USC00314684,2012-10-12,TMAX,200
USC00310356,2008-08-27,TMAX,311
USC00310356,2013-01-07,TMAX,94
USC00316096,2015-09-29,TMIN,228
USW00093765,2005-08-14,TMAX,311
USC00315830,2012-09-04,TMIN,239
USC00314684,2005-07-27,TMAX,350
USW00093765,2009-10-27,TMAX,228
USC00315830,2012-09-04,TMAX,294
USC00314684,2012-10-12,TMIN,44
USR0000NHOF,2005-05-05,TMAX,183
USR0000NHOF,2005-05-05,TMIN,111
USW00093765,2005-08-14,TMIN,244
USR0000NHOF,2015-07-05,TMIN,228
USC00314689,2010-10-31,TMAX,233
USW00093743,2013-01-07,TMIN,28
USC00314689,2007-12-29,TMIN,161
USR0000NHOF,2013-01-07,TMIN,-11
USC00316676,2015-02-15,TMAX,128
USC00314689,2007-12-29,TMAX,239
USW00013754,2007-10-21,TMIN,100
USR0000NCRN,2007-01-25,TMIN,61
USR0000NCRN,2007-01-25,TMAX,100
USR0000NNWB,2014-12-19,TMIN,-6
USR0000NHOF,2013-01-07,TMAX,122
USC00316676,2015-02-15,TMIN,-67
USC00310576,2012-04-28,TMAX,256
USC00316676,2005-11-15,TMIN,133
USC00310576,2012-04-28,TMIN,144
USC00316676,2005-11-15,TMAX,250
USR0000NHOF,2005-06-26,TMIN,228
USC00316096,2010-12-31,TMAX,144
USR0000NHOF,2005-06-26,TMAX,294
USC00314144,2010-02-26,TMAX,94
USC00314689,2006-09-12,TMIN,139
USR0000NNWB,2015-11-06,TMAX,283
USC00315830,2009-07-16,TMAX,300
USC00315830,2009-07-16,TMIN,228
USW00093743,2011-07-01,TMAX,300
USW00013754,2013-03-28,TMAX,139
USW00093743,2011-07-01,TMIN,217
USW00013754,2013-03-28,TMIN,11
USC00314689,2005-02-22,TMIN,100
USR0000NNWB,2014-12-19,TMAX,133
USW00013754,2011-09-12,TMAX,317
USC00314689,2006-09-12,TMAX,250
USC00315830,2010-01-17,TMAX,178
USR0000NNWB,2015-11-06,TMIN,189
USR0000NCRN,2009-10-12,TMAX,200
USW00013754,2007-10-21,TMAX,261
USW00093765,2005-01-28,TMAX,11
USR0000NCRN,2009-10-12,TMIN,194
USC00315830,2010-01-17,TMIN,106
USC00314689,2010-10-31,TMIN,117
USC00317170,2007-06-25,TMIN,200
USW00013754,2008-11-09,TMAX,200
USC00310356,2006-11-09,TMAX,206
USC00310356,2006-11-09,TMIN,44
USR0000NHOF,2011-07-01,TMIN,178
USC00310356,2007-11-07,TMAX,217
USC00310356,2007-11-07,TMIN,44
USC00317170,2009-11-22,TMAX,172
USC00316096,2013-02-23,TMIN,78
USC00314684,2005-09-24,TMAX,317
USC00316096,2013-02-23,TMAX,167
USR0000NNWB,2013-03-28,TMAX,139
USC00317170,2007-06-25,TMAX,328
USR0000NNWB,2013-03-28,TMIN,-6
USC00317170,2010-01-06,TMAX,61
USC00317170,2010-01-06,TMIN,-17
USC00314684,2015-11-27,TMAX,222
USC00314684,2015-11-27,TMIN,89
USC00317170,2009-11-22,TMIN,67
USC00314144,2010-02-26,TMIN,-17
USR0000NHOF,2011-07-01,TMAX,311
USC00317170,2011-01-24,TMAX,72
USC00310576,2009-01-02,TMIN,-17
USC00310576,2009-01-02,TMAX,61
USR0000NCRN,2006-08-07,TMIN,211
USW00013754,2008-11-09,TMIN,44
USC00314689,2015-09-29,TMIN,233
USC00314689,2015-09-29,TMAX,300
USR0000NCRN,2006-08-07,TMAX,328
USC00317170,2011-01-24,TMIN,6
USW00093743,2008-08-27,TMIN,156
USC00316096,2010-07-15,TMAX,311
USC00316096,2010-07-15,TMIN,228
USC00314684,2005-09-24,TMIN,189
USC00315830,2007-12-24,TMAX,200
USC00315830,2007-12-24,TMIN,83
USC00310576,2006-07-02,TMAX,317
USC00310576,2006-07-02,TMIN,217
USW00093743,2008-08-27,TMAX,206
USC00315830,2014-09-27,TMIN,178
USC00315830,2014-09-27,TMAX,228
USC00314684,2006-12-14,TMIN,83
USC00316096,2009-06-15,TMAX,289
USW00013754,2010-05-15,TMAX,311
USC00317170,2015-04-22,TMAX,256
USC00317170,2015-04-22,TMIN,167
USC00314689,2015-08-15,TMAX,311
USW00093719,2008-02-06,TMIN,161
USW00093719,2008-02-06,TMAX,278
USC00310576,2009-02-23,TMAX,150
USC00315830,2012-05-12,TMIN,117
USC00310356,2006-09-18,TMIN,144
USC00314144,2006-08-07,TMIN,200
USC00314144,2006-08-07,TMAX,350
USW00013754,2010-05-15,TMIN,189
USC00316096,2009-06-15,TMIN,194
USC00314689,2007-08-25,TMAX,350
USC00310356,2012-10-24,TMIN,139
USC00315830,2012-05-12,TMAX,250
USC00314689,2007-08-25,TMIN,233
USW00093743,2012-10-24,TMAX,256
USC00314684,2008-01-17,TMAX,78
USC00317170,2012-01-02,TMIN,11
USR0000NCRN,2011-08-02,TMAX,333
USC00310576,2009-03-01,TMAX,161
USC00310576,2009-03-01,TMIN,61
USC00315830,2012-11-11,TMAX,233
USR0000NNWB,2007-11-01,TMAX,261
USR0000NCRN,2012-08-11,TMAX,283
USW00093743,2012-10-24,TMIN,122
USR0000NCRN,2012-08-11,TMIN,233
USR0000NCRN,2011-08-02,TMIN,228
USC00314684,2008-01-17,TMIN,-44
USR0000NCRN,2007-06-29,TMIN,222
USR0000NCRN,2007-06-29,TMAX,311
USR0000NHOF,2010-08-04,TMIN,206
USR0000NHOF,2010-08-04,TMAX,322
USR0000NNWB,2007-11-01,TMIN,133
USC00315830,2012-11-11,TMIN,67
USC00317170,2012-01-02,TMAX,156
USC00317170,2009-12-15,TMAX,183
USC00314684,2012-01-29,TMAX,178
USR0000NNWB,2007-07-21,TMIN,178
USR0000NNWB,2007-07-21,TMAX,272
USW00093765,2015-05-14,TMAX,217
USW00093765,2015-05-14,TMIN,150
USC00316096,2011-03-20,TMAX,156
USR0000NCRN,2015-02-22,TMIN,122
USC00314689,2012-10-12,TMAX,233
USW00093743,2010-08-04,TMAX,306
USC00314689,2012-10-12,TMIN,72
USR0000NCRN,2015-02-22,TMAX,194
USC00310356,2005-06-19,TMAX,306
USC00315830,2013-01-20,TMAX,172
USR0000NHOF,2006-01-16,TMIN,-28
USR0000NHOF,2006-01-16,TMAX,161
USC00315830,2006-04-29,TMAX,228
USC00315830,2006-04-29,TMIN,89
USC00315830,2013-01-20,TMIN,11
USC00314684,2012-01-29,TMIN,17
USW00093743,2010-08-04,TMIN,228
USW00013754,2007-07-31,TMAX,306
USC00317170,2014-09-09,TMAX,272
USC00314684,2014-03-01,TMIN,-22
USC00314684,2014-03-01,TMAX,72
USC00317170,2009-12-15,TMIN,122
USC00314689,2015-03-06,TMAX,50
USC00310356,2012-10-24,TMAX,228
USR0000NHOF,2008-03-19,TMAX,233
USC00317170,2012-11-16,TMAX,139
USW00013754,2007-07-31,TMIN,222
USC00310576,2009-02-23,TMIN,0
USC00310356,2006-03-03,TMAX,167
USC00314689,2008-02-02,TMAX,178
USC00314689,2008-02-02,TMIN,6
USR0000NHOF,2008-03-19,TMIN,150
USC00310356,2006-03-03,TMIN,6
USC00317170,2012-11-16,TMIN,61
USC00317170,2014-09-09,TMIN,222
USW00013754,2011-12-29,TMIN,-16
USC00314689,2015-08-15,TMIN,178
USW00013754,2011-12-29,TMAX,150
USC00314684,2006-04-07,TMAX,233
USC00314689,2010-09-30,TMIN,183
USC00314689,2010-07-15,TMAX,333
USC00314689,2010-07-15,TMIN,228
USR0000NHOF,2010-03-26,TMIN,67
USC00317170,2015-07-14,TMIN,211
USR0000NHOF,2010-03-26,TMAX,228
USC00316096,2014-03-01,TMAX,144
USC00314684,2007-03-01,TMIN,28
USW00013754,2013-11-23,TMIN,100
USC00315830,2011-12-02,TMAX,167
USW00013754,2013-11-23,TMAX,189
USC00317170,2015-07-14,TMAX,317
USW00013754,2009-12-20,TMIN,-21
USC00315830,2011-12-02,TMIN,0
USC00314144,2009-05-19,TMIN,83
USC00314684,2007-03-01,TMAX,167
USW00013754,2009-12-20,TMAX,72
USW00093719,2013-03-28,TMIN,11
USR0000NCRN,2010-02-26,TMAX,100
USW00093719,2012-11-30,TMAX,161
USC00314684,2006-12-14,TMAX,211
USW00013754,2014-12-24,TMIN,117
USW00093765,2014-09-09,TMAX,272
USW00093765,2014-09-09,TMIN,239
USW00093719,2012-11-30,TMIN,-22
USC00310356,2015-03-14,TMIN,94
USR0000NCRN,2010-02-26,TMIN,-6
USC00314684,2006-04-07,TMIN,28
USC00314689,2010-09-30,TMAX,244
USC00314684,2011-02-14,TMAX,150
USC00314684,2011-02-14,TMIN,-22
USC00316096,2014-03-01,TMIN,11
USW00093719,2013-03-28,TMAX,139
USW00093765,2008-01-23,TMIN,50
USW00093765,2008-01-23,TMAX,150
USR0000NNWB,2010-12-12,TMAX,144
USC00314144,2009-05-19,TMAX,183
USR0000NHOF,2015-01-26,TMIN,11
USC00317170,2010-05-20,TMIN,139
USR0000NCRN,2011-11-05,TMAX,156
USR0000NHOF,2006-09-27,TMAX,256
USW00093743,2010-03-26,TMIN,83
USW00093743,2010-03-26,TMAX,222
USC00315830,2008-01-14,TMIN,39
USC00316096,2012-10-12,TMAX,222
USC00316096,2012-10-12,TMIN,61
USC00315830,2008-01-14,TMAX,133
USR0000NHOF,2006-09-27,TMIN,78
USC00316676,2015-01-04,TMAX,217
USC00316676,2009-03-21,TMIN,33
USC00316676,2009-03-21,TMAX,156
USC00316096,2010-10-21,TMAX,228
USC00316096,2010-10-21,TMIN,100
USC00310356,2010-03-26,TMIN,139
USC00310356,2010-03-26,TMAX,183
USC00316676,2015-01-04,TMIN,94
USC00314689,2008-03-08,TMAX,217
USR0000NCRN,2011-11-05,TMIN,94
USC00314689,2008-03-08,TMIN,183
USC00317170,2010-05-20,TMAX,272
USC00310356,2008-03-19,TMAX,172
USR0000NHOF,2015-01-26,TMAX,139
USC00310356,2008-03-19,TMIN,72
USW00093765,2015-12-11,TMAX,194
USC00314684,2012-12-31,TMAX,78
USW00093765,2015-12-11,TMIN,94
USC00314684,2012-12-31,TMIN,-50
USR0000NNWB,2012-07-06,TMAX,361
USC00310356,2015-01-26,TMIN,44
USR0000NNWB,2012-07-06,TMIN,250
USC00310356,2015-01-26,TMAX,100
USC00317170,2014-08-12,TMIN,222
USC00310356,2006-09-18,TMAX,278
USC00317170,2014-08-12,TMAX,339
USW00093743,2008-03-19,TMAX,222
USW00093743,2008-03-19,TMIN,150
USC00310356,2011-07-01,TMIN,233
USC00310356,2011-07-01,TMAX,333
USW00093765,2005-01-28,TMIN,-56
USW00013754,2011-09-12,TMIN,200
USC00316676,2014-11-16,TMAX,100
USC00316676,2014-11-16,TMIN,17
USR0000NNWB,2009-12-20,TMAX,78
USC00314684,2008-10-04,TMAX,244
USR0000NNWB,2014-09-09,TMAX,261
USC00310576,2011-05-09,TMIN,83
USC00314144,2008-12-10,TMIN,167
USR0000NHOF,2008-08-27,TMAX,272
USR0000NNWB,2014-09-09,TMIN,222
USC00317170,2015-09-01,TMAX,306
USC00317170,2015-09-01,TMIN,222
USC00314684,2008-10-04,TMIN,72
USR0000NHOF,2006-03-16,TMIN,-22
USC00314144,2008-12-10,TMAX,206
USR0000NCRN,2005-05-05,TMAX,206
USC00310356,2015-02-22,TMIN,-106
USR0000NHOF,2007-09-27,TMAX,294
USC00314684,2010-10-21,TMAX,211
USC00310356,2007-05-21,TMAX,228
USW00093765,2010-06-10,TMAX,300
USC00316676,2015-10-17,TMAX,267
USC00316676,2015-10-17,TMIN,100
USC00310356,2013-07-18,TMIN,244
USR0000NNWB,2009-12-20,TMIN,-22
USW00093765,2010-06-10,TMIN,244
USW00093765,2009-11-22,TMAX,178
USW00093765,2009-11-22,TMIN,83
USC00310356,2007-05-21,TMIN,161
USW00093743,2013-07-18,TMAX,317
USW00093719,2015-04-22,TMIN,100
USC00316676,2009-09-21,TMIN,156
USC00316676,2009-09-21,TMAX,267
USR0000NNWB,2013-04-18,TMIN,139
USR0000NNWB,2013-04-18,TMAX,267
USW00093719,2014-09-27,TMIN,161
USW00093719,2014-09-27,TMAX,267
USW00093743,2013-07-18,TMIN,222
USR0000NHOF,2008-08-27,TMIN,228
USC00314684,2010-10-21,TMIN,83
USC00310356,2015-02-22,TMAX,11
USC00314144,2010-04-12,TMIN,44
USR0000NHOF,2008-12-12,TMAX,161
USW00013754,2013-04-18,TMIN,128
USW00013754,2013-04-18,TMAX,250
USR0000NHOF,2008-12-12,TMIN,0
USR0000NCRN,2011-07-28,TMIN,239
USC00314684,2008-02-02,TMAX,222
USC00314684,2009-03-11,TMAX,206
USC00314684,2008-02-02,TMIN,-6
USC00310576,2009-01-11,TMIN,6
USC00314689,2007-07-05,TMAX,300
USW00013754,2008-05-07,TMIN,106
USW00013754,2008-05-07,TMAX,256
USC00310356,2008-09-10,TMAX,300
USC00310356,2008-09-10,TMIN,233
USR0000NHOF,2009-04-27,TMIN,106
USC00310576,2009-01-11,TMAX,178
USR0000NCRN,2005-05-05,TMIN,128
USC00314684,2009-03-11,TMIN,72
USW00093743,2008-03-02,TMIN,39
USR0000NHOF,2006-03-16,TMAX,183
USC00317170,2010-06-24,TMAX,372
USR0000NNWB,2008-06-18,TMIN,183
USR0000NNWB,2008-06-18,TMAX,311
USR0000NHOF,2009-04-27,TMAX,289
USC00317170,2010-06-24,TMIN,239
USW00093719,2007-08-15,TMIN,206
USW00013754,2007-10-02,TMIN,194
USR0000NHOF,2007-09-27,TMIN,172
USR0000NNWB,2008-02-21,TMIN,11
USR0000NNWB,2008-02-21,TMAX,72
USW00013754,2007-10-02,TMAX,272
USC00316096,2010-09-30,TMAX,267
USC00314144,2010-04-12,TMAX,250
USC00316096,2010-09-30,TMIN,206
USW00093743,2008-03-02,TMAX,133
USW00093719,2007-08-15,TMAX,333
USC00310356,2006-07-14,TMAX,294
USC00310356,2013-07-18,TMAX,333
USR0000NCRN,2010-07-08,TMAX,322
USC00310356,2006-09-19,TMAX,278
USC00310356,2008-03-02,TMIN,-17
USC00315830,2014-12-10,TMIN,39
USC00314689,2006-10-10,TMAX,256
USC00310356,2013-02-14,TMAX,150
USC00314689,2010-08-20,TMAX,311
USC00314689,2010-08-20,TMIN,239
USC00310356,2006-09-19,TMIN,144
USC00310356,2013-02-14,TMIN,56
USC00314689,2006-10-10,TMIN,161
USW00013754,2014-09-09,TMAX,278
USC00317170,2013-11-03,TMIN,83
USW00093765,2012-12-31,TMAX,122
USC00317170,2013-11-03,TMAX,172
USC00314684,2010-12-18,TMIN,-39
USW00013754,2014-09-09,TMIN,233
USC00315830,2014-12-10,TMAX,72
USW00093743,2013-02-14,TMAX,111
USC00315830,2007-03-21,TMIN,83
USC00310356,2008-03-02,TMAX,144
USW00093743,2013-08-12,TMIN,261
USW00093743,2013-08-12,TMAX,333
USC00316676,2015-03-03,TMAX,178
USR0000NHOF,2006-07-02,TMAX,322
USR0000NHOF,2006-07-02,TMIN,178
USC00317170,2008-07-16,TMIN,194
USR0000NNWB,2008-05-07,TMIN,122
USC00314144,2005-09-15,TMIN,222
USR0000NNWB,2008-05-07,TMAX,283
USC00310356,2013-08-12,TMAX,294
USC00314689,2010-07-28,TMAX,328
USC00314689,2010-07-28,TMIN,222
USR0000NHOF,2006-07-14,TMIN,222
USR0000NHOF,2006-07-14,TMAX,328
USC00314144,2005-09-15,TMAX,283
USC00317170,2008-07-16,TMAX,317
USC00310356,2013-08-12,TMIN,250
USC00310356,2012-04-28,TMAX,244
USC00314684,2010-12-18,TMAX,72
USC00310356,2012-04-28,TMIN,172
USR0000NHOF,2013-02-14,TMAX,117
USR0000NHOF,2013-02-14,TMIN,11
USC00315830,2005-03-27,TMAX,194
USR0000NHOF,2007-01-25,TMIN,-11
USR0000NHOF,2007-01-25,TMAX,94
USW00093719,2015-04-22,TMAX,261
USC00315830,2010-03-07,TMAX,133
USC00315830,2010-03-07,TMIN,-22
USW00093765,2008-05-30,TMAX,256
USW00093765,2008-05-30,TMIN,167
USC00314144,2009-10-12,TMIN,122
USC00314684,2010-05-20,TMIN,122
USC00314684,2010-05-20,TMAX,228
USC00310356,2006-07-14,TMIN,206
USR0000NCRN,2010-07-08,TMIN,217
USC00315830,2005-03-27,TMIN,78
USC00314144,2009-10-12,TMAX,172
USC00314684,2007-07-06,TMAX,306
USC00316676,2015-03-03,TMIN,39
USC00314684,2015-07-14,TMAX,256
USW00093743,2013-02-14,TMIN,33
USW00093765,2012-12-31,TMIN,0
USW00093743,2012-04-28,TMAX,228
USW00093743,2012-04-28,TMIN,133
USC00315830,2007-03-21,TMAX,189
USR0000NNWB,2009-08-21,TMAX,311
USC00316676,2012-06-03,TMAX,267
USC00316676,2012-06-03,TMIN,117
USC00310356,2009-10-18,TMIN,83
USR0000NNWB,2009-08-21,TMIN,256
USC00310356,2009-10-18,TMAX,139
USR0000NNWB,2011-09-12,TMIN,200
USR0000NHOF,2012-04-28,TMAX,211
USR0000NNWB,2011-09-12,TMAX,328
USR0000NHOF,2012-04-28,TMIN,117
USC00314684,2007-07-06,TMIN,183
USC00314684,2015-07-14,TMIN,206
USW00093719,2007-07-21,TMIN,183
USW00093719,2009-12-15,TMAX,178
USW00093719,2007-07-21,TMAX,267
USC00314689,2008-09-26,TMIN,144
USW00013754,2009-03-02,TMAX,56
USC00310356,2006-03-16,TMIN,78
USC00310356,2006-03-16,TMAX,156
USC00310576,2007-03-19,TMAX,111
USC00316676,2005-08-05,TMAX,322
USC00315830,2011-07-06,TMAX,306
USC00310356,2005-04-07,TMIN,150
USR0000NCRN,2015-07-05,TMIN,244
USC00310576,2007-03-19,TMIN,-6
USW00093765,2010-01-06,TMIN,-32
USW00093719,2014-09-09,TMAX,283
USW00093719,2014-09-09,TMIN,233
USC00316676,2014-04-18,TMAX,178
USC00316676,2009-02-15,TMIN,44
USC00316676,2014-04-18,TMIN,61
USC00316676,2009-02-15,TMAX,139
USW00093765,2010-01-06,TMAX,61
USC00317170,2012-10-12,TMAX,228
USR0000NCRN,2015-07-05,TMAX,289
USR0000NCRN,2009-09-09,TMIN,222
USC00310576,2014-01-17,TMIN,-6
USC00314689,2008-07-01,TMAX,322
USW00093719,2008-08-13,TMIN,183
USC00310576,2011-02-11,TMAX,50
USW00093719,2008-08-13,TMAX,244
USW00013754,2012-07-06,TMIN,244
USW00013754,2009-03-02,TMIN,-27
USC00310356,2005-04-07,TMAX,206
USR0000NHOF,2011-11-05,TMIN,56
USR0000NHOF,2008-09-10,TMAX,272
USC00316096,2012-01-29,TMAX,128
USR0000NHOF,2008-09-10,TMIN,211
USR0000NNWB,2007-08-14,TMAX,333
USC00315830,2011-07-06,TMIN,256
USR0000NCRN,2009-09-09,TMAX,267
USR0000NNWB,2007-08-14,TMIN,211
USR0000NHOF,2011-11-05,TMAX,144
USC00310576,2011-02-11,TMIN,-22
USC00310576,2007-03-28,TMAX,289
USC00317170,2012-10-12,TMIN,72
USC00310576,2005-05-11,TMAX,272
USC00310356,2011-11-05,TMAX,178
USC00317170,2009-09-17,TMAX,267
USC00317170,2009-09-17,TMIN,211
USC00315830,2008-10-20,TMIN,67
USC00310576,2007-03-28,TMIN,78
USC00315830,2008-10-20,TMAX,172
USW00013754,2011-06-16,TMAX,306
USW00013754,2008-06-18,TMIN,178
USR0000NHOF,2008-11-22,TMAX,67
USR0000NHOF,2008-11-22,TMIN,-100
USC00314689,2005-02-22,TMAX,167
USW00093765,2005-04-12,TMIN,100
USW00093765,2005-04-12,TMAX,150
USC00314684,2005-12-12,TMIN,0
USC00314684,2005-12-12,TMAX,128
USW00013754,2008-06-18,TMAX,294
USW00013754,2015-11-19,TMIN,189
USC00310356,2011-11-05,TMIN,100
USC00310576,2005-05-11,TMIN,94
USC00316676,2005-08-05,TMIN,211
USW00093743,2013-12-22,TMIN,183
USW00093743,2013-12-22,TMAX,233
USR0000NCRN,2010-12-07,TMIN,-61
USW00013754,2015-11-19,TMAX,222
USC00310356,2013-12-22,TMIN,194
USC00310356,2013-12-22,TMAX,222
USW00013754,2011-06-16,TMIN,183
USR0000NCRN,2010-12-07,TMAX,17
USR0000NNWB,2007-11-24,TMAX,111
USC00315830,2013-10-01,TMAX,261
USR0000NNWB,2007-11-24,TMIN,11
USW00093719,2007-10-31,TMAX,233
USW00093719,2007-10-31,TMIN,111
USR0000NHOF,2008-03-02,TMAX,161
USR0000NHOF,2008-03-02,TMIN,-28
USC00315830,2013-10-01,TMIN,128
USC00314689,2008-07-01,TMIN,189
USC00310576,2014-01-17,TMAX,78
USC00314689,2013-02-23,TMAX,78
USC00314144,2008-07-15,TMIN,200
USW00093765,2007-08-29,TMAX,311
USW00093765,2007-08-29,TMIN,217
USC00310356,2008-10-09,TMAX,267
USR0000NCRN,2009-01-14,TMIN,-22
USC00310576,2011-05-09,TMAX,233
USR0000NCRN,2009-01-14,TMAX,78
USC00314144,2008-07-15,TMAX,289
USC00310576,2006-01-08,TMAX,150
USR0000NCRN,2005-09-15,TMAX,256
USW00093765,2007-09-11,TMAX,300
USR0000NCRN,2005-09-15,TMIN,239
USW00093743,2008-09-10,TMAX,289
USC00314684,2015-10-21,TMIN,0
USC00314684,2015-04-09,TMIN,150
USW00093743,2008-09-10,TMIN,189
USC00310576,2006-01-08,TMIN,-22
USC00310356,2005-06-26,TMIN,228
USC00310356,2005-06-26,TMAX,283
USC00315830,2007-06-13,TMAX,278
USR0000NNWB,2006-10-17,TMIN,156
USR0000NNWB,2006-10-17,TMAX,222
USC00314689,2012-01-29,TMIN,50
USC00314689,2012-01-29,TMAX,172
USR0000NCRN,2006-12-20,TMIN,17
USW00093719,2015-05-14,TMAX,228
USR0000NNWB,2014-09-27,TMIN,156
USC00315830,2007-06-13,TMIN,200
USR0000NNWB,2014-09-27,TMAX,256
USC00314689,2007-07-05,TMIN,161
USC00310356,2008-11-22,TMAX,106
USW00093719,2015-05-14,TMIN,144
USC00310356,2008-11-22,TMIN,-22
USR0000NCRN,2011-07-28,TMAX,317
USW00093719,2007-04-18,TMAX,167
USW00093719,2007-04-18,TMIN,67
USR0000NCRN,2006-12-20,TMAX,128
USC00317170,2012-01-04,TMIN,-72
USC00314684,2015-10-21,TMAX,217
USW00093765,2012-10-12,TMAX,228
USW00093743,2008-11-22,TMIN,-43
USC00315830,2014-08-04,TMIN,217
USW00013754,2008-07-25,TMAX,294
USC00310356,2008-10-09,TMIN,167
USW00093765,2007-01-16,TMAX,178
USW00093765,2007-01-16,TMIN,78
USW00093765,2007-09-11,TMIN,267
USW00093743,2008-11-22,TMAX,61
USW00013754,2012-07-06,TMAX,333
USW00093719,2013-11-23,TMAX,189
USC00317170,2012-12-31,TMAX,117
USC00317170,2012-12-31,TMIN,-33
USC00314684,2012-11-16,TMIN,50
USC00316096,2012-01-29,TMIN,-17
USC00314684,2012-11-16,TMAX,100
USC00314689,2013-02-23,TMIN,44
USW00093719,2013-11-23,TMIN,94
USC00315830,2014-08-04,TMAX,250
USR0000NCRN,2006-03-03,TMAX,250
USW00013754,2008-07-25,TMIN,206
USW00093765,2012-10-12,TMIN,89
USW00013754,2014-09-27,TMIN,172
USW00013754,2014-09-27,TMAX,261
USC00314144,2008-08-18,TMAX,283
USC00317170,2008-05-30,TMAX,294
USC00316676,2005-08-18,TMIN,228
USC00317170,2008-05-30,TMIN,122
USC00316676,2005-08-18,TMAX,306
USR0000NCRN,2013-08-12,TMIN,239
USC00314684,2015-04-09,TMAX,294
USC00317170,2012-01-04,TMAX,56
USR0000NCRN,2013-08-12,TMAX,317
USC00314144,2008-08-18,TMIN,178
USC00316676,2010-11-15,TMIN,22
USC00316676,2010-11-15,TMAX,189
USC00314689,2005-01-08,TMAX,233
USC00314689,2005-01-08,TMIN,106
USC00314689,2008-09-26,TMAX,283
USW00093765,2015-12-24,TMAX,233
USC00314689,2008-06-03,TMAX,294
USR0000NNWB,2005-04-26,TMAX,222
USR0000NNWB,2012-12-21,TMIN,39
USW00093743,2010-05-11,TMAX,211
USW00093743,2009-04-26,TMIN,161
USC00310576,2010-10-29,TMIN,139
USW00093719,2012-05-24,TMIN,189
USW00093719,2012-05-24,TMAX,306
USR0000NHOF,2006-07-24,TMIN,200
USC00314144,2008-01-19,TMAX,67
USC00316676,2011-10-06,TMIN,83
USR0000NHOF,2006-07-24,TMAX,294
USC00314144,2008-01-19,TMIN,22
USW00093743,2010-05-11,TMIN,139
USC00314689,2015-09-19,TMAX,306
USC00314689,2009-11-03,TMAX,206
USW00093765,2010-11-29,TMIN,61
USW00093743,2010-12-10,TMIN,-21
USC00314689,2015-09-19,TMIN,189
USW00013754,2007-07-07,TMAX,311
USR0000NHOF,2011-06-25,TMIN,217
USR0000NNWB,2014-01-02,TMAX,106
USR0000NHOF,2011-06-25,TMAX,328
USR0000NNWB,2012-12-21,TMAX,183
USW00093719,2009-05-04,TMAX,294
USR0000NNWB,2015-03-15,TMAX,217
USC00314144,2006-10-05,TMIN,144
USC00317170,2010-11-16,TMAX,244
USC00316096,2014-07-22,TMAX,278
USC00316096,2014-07-22,TMIN,217
USC00310356,2015-12-29,TMIN,156
USC00314684,2013-12-05,TMIN,100
USC00310356,2015-12-29,TMAX,211
USC00314684,2013-12-05,TMAX,167
USR0000NCRN,2011-07-25,TMAX,311
USR0000NNWB,2010-11-02,TMAX,167
USC00316096,2015-11-22,TMAX,133
USR0000NCRN,2012-04-06,TMAX,128
USR0000NCRN,2012-04-06,TMIN,22
USC00314689,2005-08-23,TMAX,350
USC00310576,2011-05-24,TMIN,183
USC00316096,2015-11-22,TMIN,56
USC00314689,2005-08-23,TMIN,239
USR0000NCRN,2011-07-25,TMIN,239
USW00013754,2007-07-07,TMIN,222
USC00314689,2009-11-03,TMIN,67
USR0000NNWB,2006-07-21,TMAX,322
USC00314144,2006-10-05,TMAX,311
USR0000NNWB,2006-07-21,TMIN,217
USC00317170,2010-11-16,TMIN,122
USC00316096,2011-02-28,TMIN,139
USR0000NNWB,2010-11-02,TMIN,78
USC00310356,2008-08-17,TMIN,183
USW00093719,2009-07-28,TMAX,317
USW00093743,2010-08-25,TMAX,272
USC00317170,2014-01-09,TMIN,-39
USW00093719,2009-07-28,TMIN,200
USC00315830,2013-03-15,TMIN,111
USC00315830,2013-03-15,TMAX,128
USW00093719,2015-06-11,TMIN,211
USW00093719,2015-06-11,TMAX,328
USC00317170,2014-01-09,TMAX,128
USR0000NCRN,2012-01-09,TMIN,67
USR0000NCRN,2010-03-31,TMAX,239
USC00310576,2013-01-11,TMAX,178
USC00314684,2010-11-13,TMAX,161
USW00093719,2009-05-04,TMIN,183
USC00314684,2010-11-13,TMIN,-6
USW00093719,2007-09-18,TMIN,144
USC00310576,2013-01-11,TMIN,61
USC00316096,2011-02-28,TMAX,189
USC00316676,2006-01-22,TMIN,78
USC00316676,2006-01-22,TMAX,228
USR0000NCRN,2015-08-28,TMAX,289
USC00314689,2008-03-04,TMAX,228
USC00310576,2010-10-29,TMAX,278
USC00314684,2015-04-05,TMIN,6
USC00314689,2008-03-04,TMIN,128
USC00316676,2011-10-06,TMAX,239
USR0000NCRN,2012-01-09,TMAX,106
USW00093743,2010-12-10,TMAX,133
USW00093765,2010-11-29,TMAX,194
USW00013754,2011-08-24,TMAX,317
USC00314144,2007-12-03,TMAX,217
USC00310576,2011-05-24,TMAX,294
USC00314689,2013-06-19,TMIN,211
USC00314689,2009-09-04,TMAX,278
USC00314689,2013-06-19,TMAX,300
USR0000NNWB,2014-01-02,TMIN,72
USW00093719,2011-11-16,TMIN,194
USR0000NCRN,2006-09-07,TMIN,183
USR0000NCRN,2006-09-07,TMAX,267
USW00093719,2011-11-16,TMAX,272
USC00314144,2007-12-03,TMIN,22
USC00314689,2009-09-04,TMIN,172
USW00093719,2010-10-16,TMAX,200
USW00093719,2010-10-16,TMIN,67
USW00013754,2011-08-24,TMIN,211
USR0000NCRN,2015-08-28,TMIN,211
USC00316096,2015-08-30,TMAX,300
USW00093719,2008-02-11,TMAX,111
USW00093719,2008-02-11,TMIN,-17
USC00316096,2009-10-02,TMAX,256
USC00314144,2005-04-21,TMAX,306
USC00316676,2012-07-17,TMIN,211
USW00093719,2010-09-23,TMAX,328
USC00316676,2012-07-17,TMAX,322
USC00310356,2006-06-03,TMAX,278
USW00013754,2012-12-21,TMAX,194
USR0000NCRN,2005-08-31,TMAX,322
USR0000NCRN,2005-08-31,TMIN,239
USC00317170,2009-11-02,TMAX,156
USW00013754,2012-12-21,TMIN,44
USW00093743,2009-04-24,TMAX,239
USC00317170,2009-11-02,TMIN,128
USW00013754,2014-11-29,TMAX,128
USW00093743,2009-04-24,TMIN,94
USC00316096,2009-10-02,TMIN,111
USR0000NHOF,2015-01-31,TMAX,94
USW00093765,2006-02-20,TMAX,72
USC00316096,2012-07-02,TMIN,211
USR0000NHOF,2015-01-31,TMIN,-44
USW00093743,2012-01-15,TMAX,89
USR0000NHOF,2010-02-03,TMAX,100
USC00310356,2010-05-11,TMAX,217
USR0000NHOF,2010-02-03,TMIN,-22
USC00310356,2006-06-03,TMIN,239
USR0000NNWB,2006-08-15,TMIN,211
USC00316676,2006-02-13,TMAX,61
USR0000NHOF,2006-06-03,TMIN,172
USC00310576,2010-03-15,TMAX,183
USC00310576,2007-11-01,TMIN,89
USC00314689,2005-07-24,TMAX,306
USR0000NHOF,2006-06-03,TMAX,267
USC00310356,2015-06-07,TMAX,267
USC00315830,2008-11-16,TMIN,72
USC00315830,2008-11-16,TMAX,222
USR0000NNWB,2006-08-15,TMAX,322
USC00310576,2011-03-01,TMIN,94
USW00013754,2005-03-08,TMAX,178
USR0000NCRN,2013-01-25,TMIN,-56
USC00310356,2015-06-07,TMIN,189
USR0000NCRN,2013-01-25,TMAX,44
USC00315830,2011-05-07,TMAX,244
USC00316096,2012-07-02,TMAX,311
USW00093743,2009-04-26,TMAX,250
USW00013754,2013-05-21,TMIN,206
USW00013754,2013-05-21,TMAX,283
USC00314144,2005-04-21,TMIN,139
USW00093765,2006-03-22,TMAX,122
USW00093765,2015-01-16,TMIN,17
USR0000NNWB,2010-02-11,TMAX,94
USW00093719,2014-08-25,TMIN,178
USW00093765,2015-01-16,TMAX,122
USC00310356,2010-02-03,TMIN,33
USW00013754,2015-12-03,TMAX,183
USC00310356,2010-02-03,TMAX,122
USC00314144,2005-11-22,TMIN,61
USC00314689,2015-07-22,TMIN,228
USW00093719,2010-06-27,TMIN,239
USW00093719,2010-06-27,TMAX,356
USW00093765,2013-10-14,TMIN,194
USC00315830,2008-08-17,TMAX,289
USC00314689,2015-07-22,TMAX,350
USC00315830,2008-08-17,TMIN,206
USC00316096,2009-09-26,TMIN,200
USW00093719,2009-03-14,TMAX,111
USW00093719,2009-03-14,TMIN,50
USR0000NNWB,2006-09-23,TMAX,294
USC00317170,2009-05-03,TMIN,200
USR0000NNWB,2008-10-24,TMIN,111
USR0000NNWB,2008-10-24,TMAX,183
USC00317170,2009-05-03,TMAX,300
USW00093719,2014-08-25,TMAX,272
USC00314144,2005-11-22,TMAX,206
USC00310356,2010-05-11,TMIN,150
USR0000NCRN,2009-09-14,TMIN,233
USR0000NNWB,2010-02-11,TMIN,-6
USR0000NNWB,2006-09-23,TMIN,194
USW00093765,2006-03-22,TMIN,22
USW00093765,2013-10-14,TMAX,222
USW00013754,2015-12-03,TMIN,83
USW00013754,2014-11-29,TMIN,-21
USR0000NHOF,2009-02-22,TMIN,0
USW00093743,2010-02-03,TMIN,0
USR0000NHOF,2015-06-07,TMAX,289
USC00316096,2009-09-26,TMAX,233
USW00093743,2010-08-25,TMIN,206
USR0000NHOF,2015-06-07,TMIN,139
USW00093743,2010-02-03,TMAX,111
USR0000NNWB,2008-12-16,TMAX,211
USR0000NNWB,2008-12-16,TMIN,94
USR0000NCRN,2009-09-14,TMAX,289
USC00310576,2007-11-01,TMAX,233
USR0000NHOF,2015-12-29,TMIN,161
USC00314689,2006-04-11,TMIN,28
USW00093765,2006-02-20,TMIN,6
USC00316096,2015-08-30,TMIN,178
USR0000NHOF,2015-12-29,TMAX,267
USR0000NHOF,2009-02-22,TMAX,139
USC00316096,2013-06-19,TMIN,200
USC00310576,2007-04-08,TMAX,144
USR0000NCRN,2005-12-19,TMIN,11
USC00310356,2010-12-10,TMIN,-11
USC00316676,2005-01-15,TMAX,222
USC00310356,2011-06-25,TMIN,261
USC00310356,2011-06-25,TMAX,294
USC00314684,2009-12-23,TMIN,-44
USC00317170,2013-10-14,TMIN,200
USC00316676,2013-06-09,TMAX,306
USR0000NCRN,2012-01-16,TMIN,-61
USC00310356,2005-05-15,TMIN,194
USC00316676,2013-06-09,TMIN,222
USR0000NHOF,2011-08-26,TMIN,222
USC00316676,2014-06-20,TMIN,211
USC00314684,2005-06-13,TMIN,228
USC00316676,2014-06-20,TMAX,344
USC00310356,2012-04-06,TMAX,183
USC00310356,2012-01-15,TMIN,11
USC00316096,2015-04-30,TMAX,183
USC00314144,2008-04-17,TMAX,244
USC00314689,2007-03-03,TMIN,94
USW00093719,2011-10-02,TMIN,72
USW00093719,2011-10-02,TMAX,189
USC00317170,2013-10-14,TMAX,222
USC00310356,2012-07-16,TMAX,306
USC00316676,2005-01-15,TMIN,22
USC00314684,2006-04-17,TMIN,133
USR0000NCRN,2014-10-18,TMAX,261
USC00314689,2015-11-22,TMIN,72
USC00317170,2014-08-19,TMIN,206
USR0000NCRN,2014-10-18,TMIN,167
USC00316096,2011-07-19,TMIN,178
USC00317170,2014-08-19,TMAX,317
USW00093719,2008-04-05,TMIN,167
USW00093719,2008-04-05,TMAX,222
USW00093719,2010-02-11,TMAX,89
USW00093719,2010-02-11,TMIN,-6
USW00093719,2008-04-25,TMIN,117
USC00316676,2007-10-03,TMAX,283
USC00314684,2013-06-19,TMIN,200
USC00314684,2013-06-19,TMAX,306
USC00316676,2007-10-03,TMIN,200
USW00093719,2008-04-25,TMAX,261
USC00310356,2005-08-31,TMAX,306
USC00310356,2005-05-15,TMAX,233
USC00310356,2005-08-31,TMIN,272
USC00314684,2006-04-17,TMAX,317
USR0000NHOF,2014-06-03,TMIN,111
USR0000NHOF,2014-06-03,TMAX,311
USC00310356,2012-04-06,TMIN,89
USR0000NHOF,2009-10-05,TMIN,144
USW00093719,2010-08-11,TMAX,356
USW00013754,2015-10-13,TMAX,261
USR0000NHOF,2012-04-06,TMIN,6
USW00093765,2006-11-03,TMIN,28
USR0000NHOF,2007-04-28,TMIN,100
USW00093765,2006-11-03,TMAX,111
USC00316676,2010-11-22,TMAX,217
USC00316676,2010-11-22,TMIN,50
USW00093765,2011-11-13,TMAX,206
USW00093765,2006-11-30,TMAX,228
USW00093765,2011-11-13,TMIN,72
USC00314689,2008-12-21,TMAX,189
USR0000NHOF,2007-04-28,TMAX,261
USC00310356,2008-07-19,TMAX,328
USC00315830,2010-04-19,TMAX,183
USC00310356,2008-07-19,TMIN,233
USR0000NHOF,2009-04-26,TMAX,306
USW00093743,2009-02-22,TMAX,161
USW00093765,2006-04-20,TMIN,133
USR0000NCRN,2010-02-03,TMIN,-17
USR0000NCRN,2010-02-03,TMAX,106
USC00310356,2007-11-05,TMAX,189
USR0000NCRN,2010-08-14,TMAX,306
USR0000NCRN,2010-08-14,TMIN,217
USR0000NNWB,2014-11-29,TMIN,-22
USR0000NHOF,2012-04-06,TMAX,144
USW00093719,2010-08-11,TMIN,250
USC00314144,2008-04-17,TMIN,-28
USC00314684,2005-06-13,TMAX,311
USW00093743,2012-04-06,TMAX,133
USW00093743,2012-04-06,TMIN,28
USR0000NNWB,2011-08-24,TMAX,317
USR0000NHOF,2009-10-05,TMAX,172
USC00317170,2013-01-12,TMIN,122
USC00317170,2013-01-12,TMAX,233
USR0000NHOF,2011-08-26,TMAX,283
USC00314689,2015-11-22,TMAX,183
USC00310356,2012-07-16,TMIN,261
USR0000NNWB,2011-08-24,TMIN,183
USR0000NCRN,2013-02-03,TMIN,-6
USR0000NCRN,2013-02-03,TMAX,111
USC00315830,2010-04-19,TMIN,83
USR0000NHOF,2012-12-24,TMIN,33
USW00093743,2009-02-22,TMIN,17
USW00013754,2015-10-13,TMIN,150
USC00314684,2015-05-07,TMIN,122
USC00314684,2015-05-07,TMAX,261
USR0000NNWB,2014-11-29,TMAX,133
USW00093765,2006-11-30,TMIN,117
USC00316676,2013-10-26,TMAX,150
USW00093719,2005-12-02,TMIN,-6
USC00316096,2010-12-04,TMAX,56
USC00316096,2011-07-19,TMAX,317
USC00315830,2006-09-10,TMAX,283
USC00310356,2006-07-24,TMIN,167
USC00310356,2006-07-24,TMAX,306
USC00316676,2008-12-26,TMIN,72
USR0000NHOF,2011-04-19,TMAX,256
USC00316676,2012-02-06,TMIN,39
USR0000NHOF,2010-05-11,TMAX,206
USR0000NHOF,2010-05-11,TMIN,111
USR0000NHOF,2009-04-24,TMIN,50
USC00317170,2012-06-20,TMIN,200
USC00317170,2012-06-20,TMAX,333
USC00316676,2013-05-12,TMAX,283
USC00316676,2013-05-12,TMIN,194
USC00314144,2005-12-30,TMIN,28
USW00093743,2007-06-06,TMIN,200
USC00314144,2005-12-30,TMAX,167
USC00316096,2015-07-22,TMIN,228
USC00310356,2014-01-28,TMAX,139
USC00314684,2011-10-22,TMAX,194
USC00314684,2011-10-22,TMIN,50
USR0000NHOF,2011-04-19,TMIN,83
USC00310576,2014-04-03,TMAX,300
USC00315830,2006-09-10,TMIN,183
USR0000NHOF,2009-04-24,TMAX,272
USC00314689,2014-07-22,TMAX,306
USC00314689,2014-07-22,TMIN,217
USC00314684,2015-04-05,TMAX,217
USC00316096,2013-06-19,TMAX,250
USC00310576,2007-04-08,TMIN,0
USC00314689,2009-10-02,TMAX,256
USC00316676,2011-12-31,TMAX,183
USC00315830,2011-05-07,TMIN,122
USC00314689,2009-10-02,TMIN,111
USR0000NCRN,2010-03-31,TMIN,89
USC00314684,2005-07-04,TMIN,211
USC00314684,2005-07-04,TMAX,300
USC00316676,2011-12-31,TMIN,0
USC00316096,2011-09-25,TMIN,200
USC00310356,2008-08-17,TMAX,306
USC00314684,2010-09-28,TMAX,217
USC00314684,2010-09-28,TMIN,189
USW00093719,2007-09-18,TMAX,261
USC00316676,2012-02-06,TMAX,122
USC00316096,2011-09-25,TMAX,233
USC00310356,2014-06-04,TMAX,256
USC00316676,2008-12-26,TMAX,183
USC00316096,2015-07-22,TMAX,317
USC00310576,2014-10-25,TMIN,50
USC00310576,2014-10-25,TMAX,222
USC00310356,2014-06-04,TMIN,217
USC00315830,2008-04-07,TMIN,111
USC00316676,2006-10-27,TMIN,17
USR0000NNWB,2006-06-18,TMIN,167
USC00316676,2006-10-27,TMAX,172
USR0000NNWB,2006-06-18,TMAX,289
USC00316676,2013-03-10,TMAX,178
USC00316676,2013-03-10,TMIN,6
USC00316676,2006-11-16,TMIN,94
USC00315830,2011-12-16,TMAX,211
USC00310356,2014-01-28,TMIN,11
USR0000NCRN,2006-06-03,TMIN,183
USC00314684,2014-06-13,TMAX,283
USR0000NCRN,2006-06-03,TMAX,256
USW00093743,2007-06-06,TMAX,306
USR0000NCRN,2012-01-16,TMAX,106
USC00315830,2011-12-16,TMIN,28
USC00314684,2014-06-13,TMIN,189
USC00317170,2010-05-26,TMAX,261
USC00317170,2010-05-26,TMIN,194
USC00316096,2010-12-04,TMIN,-28
USW00093743,2011-06-25,TMAX,306
USC00314689,2012-07-02,TMIN,217
USC00314689,2012-07-02,TMAX,372
USC00316676,2006-11-16,TMAX,244
USC00310576,2014-04-03,TMIN,117
USC00310576,2014-04-07,TMIN,106
USR0000NCRN,2006-11-27,TMIN,94
USR0000NCRN,2006-11-27,TMAX,222
USC00314684,2009-12-23,TMAX,83
USW00093719,2011-08-21,TMIN,217
USW00093719,2011-08-21,TMAX,339
USC00310576,2014-04-07,TMAX,178
USC00314689,2006-11-01,TMAX,256
USC00316676,2013-01-23,TMAX,83
USW00093719,2005-12-02,TMAX,111
USC00316676,2013-01-23,TMIN,-22
USR0000NHOF,2011-01-05,TMAX,89
USC00317170,2014-06-18,TMAX,350
USC00317170,2014-06-18,TMIN,217
USC00310576,2007-11-26,TMAX,200
USW00093743,2011-06-25,TMIN,256
USR0000NHOF,2011-01-05,TMIN,-44
USC00316096,2011-02-06,TMAX,128
USC00316096,2011-02-06,TMIN,17
USC00314689,2015-03-15,TMAX,206
USC00310576,2007-11-26,TMIN,89
USC00314689,2006-11-01,TMIN,133
USC00310356,2010-12-10,TMAX,67
USC00314144,2007-12-20,TMAX,150
USW00093765,2014-06-18,TMAX,294
USC00315830,2008-04-27,TMAX,244
USW00013754,2014-08-25,TMAX,283
USW00093743,2013-02-03,TMIN,6
USW00013754,2014-08-25,TMIN,194
USR0000NHOF,2008-03-12,TMIN,6
USR0000NHOF,2008-03-12,TMAX,194
USC00314684,2013-06-09,TMAX,317
USC00314684,2013-06-09,TMIN,222
USC00315830,2008-04-27,TMIN,183
USC00317170,2010-08-17,TMAX,339
USC00317170,2010-08-17,TMIN,228
USW00093743,2013-02-03,TMAX,117
USC00310576,2011-12-25,TMAX,139
USC00310576,2011-12-25,TMIN,17
USR0000NCRN,2010-10-27,TMIN,233
USR0000NHOF,2011-10-10,TMIN,167
USC00310576,2010-05-01,TMAX,294
USC00310576,2010-04-18,TMAX,294
USR0000NHOF,2011-10-10,TMAX,222
USC00310576,2010-05-01,TMIN,150
USR0000NHOF,2015-03-25,TMAX,233
USC00316676,2007-02-11,TMIN,-56
USW00093765,2015-06-11,TMIN,244
USC00316676,2007-02-11,TMAX,94
USC00314684,2007-03-16,TMAX,272
USC00310356,2015-03-25,TMAX,194
USW00093719,2012-09-13,TMAX,289
USR0000NHOF,2013-02-03,TMIN,-22
USC00314684,2007-03-16,TMIN,122
USR0000NHOF,2013-02-03,TMAX,106
USW00093719,2007-12-09,TMAX,239
USW00093719,2007-12-09,TMIN,61
USR0000NHOF,2006-03-25,TMIN,-44
USC00310576,2014-02-03,TMIN,50
USR0000NNWB,2010-08-11,TMAX,367
USC00314689,2014-12-29,TMIN,106
USR0000NHOF,2008-08-10,TMAX,294
USR0000NNWB,2010-08-11,TMIN,256
USW00093719,2012-09-13,TMIN,161
USR0000NHOF,2006-03-25,TMAX,111
USC00310356,2015-03-25,TMIN,67
USC00314144,2009-06-03,TMIN,183
USR0000NCRN,2012-11-25,TMIN,-33
USR0000NCRN,2010-10-27,TMAX,278
USR0000NCRN,2012-11-25,TMAX,94
USR0000NHOF,2008-08-10,TMIN,161
USR0000NHOF,2010-07-09,TMIN,200
USC00310576,2014-02-03,TMAX,194
USC00310576,2012-06-24,TMAX,322
USC00316676,2014-12-15,TMIN,6
USC00310576,2009-10-23,TMAX,261
USR0000NCRN,2012-06-25,TMIN,222
USC00310576,2008-02-18,TMAX,217
USW00093719,2006-09-17,TMIN,167
USC00315830,2011-08-20,TMIN,233
USR0000NHOF,2010-12-10,TMIN,-89
USR0000NCRN,2009-02-10,TMAX,206
USR0000NCRN,2009-02-10,TMIN,56
USW00013754,2007-11-22,TMIN,161
USC00310576,2008-02-18,TMIN,39
USC00310576,2006-10-25,TMIN,-6
USC00315830,2014-10-25,TMIN,83
USC00316676,2005-03-13,TMAX,206
USR0000NHOF,2011-02-01,TMAX,161
USC00315830,2014-10-25,TMAX,211
USC00317170,2011-06-07,TMAX,328
USC00310356,2015-06-20,TMAX,306
USR0000NHOF,2010-12-10,TMAX,111
USW00093765,2010-06-20,TMIN,244
USC00315830,2006-02-05,TMAX,178
USW00093719,2006-09-17,TMAX,267
USC00316676,2005-12-26,TMIN,67
USC00310356,2013-02-03,TMIN,-28
USC00310576,2006-10-25,TMAX,128
USC00316096,2015-05-07,TMAX,256
USC00317170,2011-09-07,TMIN,222
USC00310356,2013-02-03,TMAX,111
USW00093765,2015-06-11,TMAX,283
USR0000NHOF,2015-03-25,TMIN,61
USC00310576,2010-04-18,TMIN,94
USC00316096,2009-07-04,TMAX,294
USR0000NHOF,2007-05-15,TMAX,250
USR0000NHOF,2007-05-15,TMIN,61
USC00316096,2009-07-04,TMIN,150
USW00093743,2010-11-03,TMIN,117
USW00093743,2010-11-03,TMAX,161
USC00315830,2011-08-20,TMAX,306
USC00315830,2012-12-17,TMIN,139
USC00316676,2014-12-15,TMAX,150
USC00310576,2012-06-24,TMIN,206
USR0000NCRN,2007-06-27,TMIN,217
USC00316096,2015-05-07,TMIN,178
USC00317170,2011-09-07,TMAX,317
USC00315830,2012-12-17,TMAX,172
USC00310576,2009-10-23,TMIN,72
USC00316676,2005-03-13,TMIN,22
USC00316676,2005-12-26,TMAX,178
USR0000NHOF,2010-07-09,TMAX,339
USC00315830,2007-12-05,TMAX,122
USC00315830,2007-12-05,TMIN,28
USC00314684,2014-05-24,TMAX,306
USC00310576,2010-11-17,TMIN,150
USC00314684,2014-05-24,TMIN,161
USR0000NHOF,2012-01-15,TMAX,83
USW00093765,2008-01-05,TMAX,111
USR0000NHOF,2014-03-24,TMIN,0
USR0000NHOF,2014-03-24,TMAX,128
USW00093765,2008-01-05,TMIN,-43
USC00315830,2014-07-06,TMAX,278
USC00315830,2014-07-06,TMIN,167
USW00013754,2014-01-02,TMAX,144
USC00314684,2005-09-30,TMAX,306
USW00093743,2008-08-17,TMIN,139
USC00317170,2015-06-11,TMIN,183
USC00317170,2015-06-11,TMAX,317
USC00310576,2014-07-17,TMAX,261
USC00314684,2005-09-30,TMIN,178
USR0000NHOF,2005-06-23,TMAX,300
USC00310576,2014-07-17,TMIN,194
USC00315830,2011-09-09,TMAX,300
USW00093765,2008-02-24,TMIN,50
USC00315830,2011-09-09,TMIN,211
USW00013754,2014-01-02,TMIN,78
USC00314684,2009-10-02,TMIN,94
USC00314684,2009-10-02,TMAX,250
USC00314684,2011-07-20,TMAX,367
USC00317170,2013-06-09,TMAX,300
USC00314689,2011-09-25,TMAX,244
USW00013754,2005-11-09,TMIN,128
USC00317170,2013-06-09,TMIN,228
USC00310576,2014-12-01,TMIN,33
USW00013754,2005-11-09,TMAX,256
USW00013754,2013-12-02,TMAX,133
USC00310576,2014-12-01,TMAX,206
USR0000NCRN,2005-04-21,TMIN,139
USC00316676,2007-07-14,TMAX,300
USR0000NCRN,2005-04-21,TMAX,272
USW00013754,2013-12-02,TMIN,72
USC00317170,2014-05-26,TMAX,306
USC00317170,2013-05-21,TMIN,200
USW00093719,2012-02-16,TMIN,28
USR0000NNWB,2010-12-05,TMAX,56
USC00317170,2013-05-21,TMAX,300
USR0000NHOF,2008-06-28,TMIN,239
USW00093719,2012-02-16,TMAX,167
USC00310356,2011-01-05,TMIN,17
USW00013754,2007-08-04,TMAX,328
USW00093719,2009-08-18,TMAX,322
USW00093719,2009-08-18,TMIN,222
USW00013754,2008-02-16,TMAX,128
USW00093719,2008-07-12,TMAX,306
USR0000NNWB,2005-04-02,TMAX,206
USW00093719,2011-08-03,TMAX,378
USW00093719,2008-07-12,TMIN,189
USW00093765,2013-05-21,TMIN,217
USR0000NNWB,2005-04-02,TMIN,111
USW00093765,2013-05-21,TMAX,261
USR0000NNWB,2014-05-07,TMIN,172
USC00314684,2012-06-20,TMIN,200
USW00093719,2011-08-03,TMIN,233
USR0000NNWB,2014-05-07,TMAX,278
USC00314684,2012-06-20,TMAX,322
USW00013754,2005-07-16,TMIN,244
USR0000NHOF,2005-06-02,TMAX,244
USW00093743,2010-10-04,TMAX,189
USC00314689,2014-12-29,TMAX,194
USR0000NHOF,2005-06-02,TMIN,167
USC00314144,2009-06-03,TMAX,289
USW00093743,2010-10-04,TMIN,111
USC00317170,2007-11-10,TMAX,122
USC00317170,2007-11-10,TMIN,61
USR0000NHOF,2005-06-23,TMIN,144
USC00310576,2006-01-26,TMAX,78
USC00314144,2005-05-28,TMAX,317
USC00316676,2010-06-12,TMIN,194
USW00013754,2008-02-16,TMIN,56
USR0000NHOF,2011-02-01,TMIN,17
USW00093765,2011-07-09,TMAX,311
USC00310356,2014-03-24,TMIN,28
USW00093743,2008-08-17,TMAX,206
USC00314684,2006-06-13,TMAX,300
USW00093765,2011-07-09,TMIN,239
USW00093765,2008-02-24,TMAX,100
USC00314684,2006-06-13,TMIN,178
USC00314689,2010-01-29,TMAX,156
USC00314144,2005-08-31,TMAX,344
USC00310356,2014-03-24,TMAX,156
USC00314684,2008-07-11,TMIN,217
USR0000NCRN,2006-12-24,TMAX,200
USC00316676,2010-06-12,TMAX,328
USR0000NCRN,2006-12-24,TMIN,94
USW00013754,2012-09-29,TMIN,189
USW00013754,2012-09-29,TMAX,267
USC00314684,2008-07-11,TMAX,317
USC00317170,2011-06-07,TMIN,178
USC00314144,2005-05-28,TMIN,133
USC00310576,2006-01-26,TMIN,-28
USC00314689,2010-01-29,TMIN,17
USC00314144,2005-08-31,TMIN,256
USC00310576,2013-01-30,TMAX,239
USW00093765,2010-06-20,TMAX,317
USW00093765,2014-01-29,TMAX,-32
USW00093765,2008-09-24,TMIN,183
USC00317170,2014-07-07,TMIN,189
USC00316096,2013-12-05,TMIN,94
USC00316096,2013-12-05,TMAX,228
USW00093765,2008-09-24,TMAX,211
USC00317170,2014-07-07,TMAX,344
USW00013754,2010-09-01,TMIN,189
USR0000NCRN,2010-04-04,TMIN,161
USC00316676,2007-10-07,TMIN,200
USC00316676,2007-10-07,TMAX,283
USC00315830,2005-11-17,TMIN,100
USC00315830,2005-11-17,TMAX,250
USC00310356,2008-03-12,TMIN,106
USC00310356,2008-03-12,TMAX,167
USW00013754,2005-07-16,TMAX,311
USC00316676,2005-05-26,TMAX,183
USC00316676,2005-05-26,TMIN,106
USC00310356,2009-12-05,TMIN,89
USW00093765,2010-05-26,TMAX,250
USW00093765,2010-05-26,TMIN,189
USC00314689,2013-06-09,TMIN,217
USC00310356,2009-12-05,TMAX,167
USC00310356,2010-08-14,TMAX,333
USC00314689,2013-06-09,TMAX,300
USW00093719,2007-10-20,TMIN,111
USC00310356,2011-02-14,TMAX,122
USW00093743,2008-03-12,TMAX,200
USW00093719,2014-12-04,TMAX,150
USR0000NNWB,2005-02-07,TMAX,156
USW00093719,2012-08-20,TMAX,283
USW00093743,2010-08-14,TMIN,239
USW00093743,2010-08-14,TMAX,294
USW00093765,2014-01-29,TMIN,-66
USR0000NCRN,2014-03-24,TMIN,6
USR0000NHOF,2010-10-04,TMAX,189
USW00093765,2014-05-26,TMAX,267
USR0000NCRN,2013-09-02,TMIN,222
USC00316676,2012-09-24,TMAX,244
USR0000NCRN,2013-09-02,TMAX,294
USR0000NNWB,2005-02-07,TMIN,17
USR0000NHOF,2010-10-04,TMIN,94
USW00093719,2012-08-20,TMIN,217
USC00316676,2012-09-24,TMIN,122
USC00314689,2006-06-13,TMIN,172
USR0000NCRN,2014-03-24,TMAX,94
USC00310356,2010-08-14,TMIN,256
USR0000NNWB,2010-07-20,TMAX,356
USW00093743,2012-01-15,TMIN,-27
USW00093719,2006-06-18,TMIN,167
USR0000NNWB,2015-10-13,TMIN,161
USC00314689,2010-09-09,TMIN,183
USC00314689,2010-09-09,TMAX,317
USC00315830,2005-08-25,TMIN,211
USR0000NNWB,2015-10-13,TMAX,267
USC00315830,2005-08-25,TMAX,283
USR0000NNWB,2010-07-20,TMIN,239
USW00093765,2005-06-16,TMAX,300
USC00316676,2012-02-07,TMIN,39
USC00310576,2010-03-15,TMIN,72
USR0000NNWB,2013-05-21,TMIN,200
USC00314684,2007-03-06,TMAX,178
USR0000NNWB,2013-05-21,TMAX,283
USW00093765,2005-06-16,TMIN,233
USC00314144,2007-12-20,TMIN,-50
USC00316676,2012-02-07,TMAX,133
USW00013754,2008-11-30,TMIN,100
USC00310576,2005-10-20,TMAX,283
USC00314689,2005-07-24,TMIN,222
USC00310576,2005-10-20,TMIN,167
USC00316676,2013-10-26,TMIN,17
USC00317170,2013-08-27,TMIN,167
USW00013754,2010-07-09,TMAX,339
USC00314684,2011-01-26,TMIN,11
USW00013754,2010-07-09,TMIN,206
USW00093719,2006-06-18,TMAX,283
USC00316096,2015-09-19,TMAX,300
USW00093719,2010-09-23,TMIN,194
USC00317170,2013-08-27,TMAX,300
USC00316676,2006-02-13,TMIN,-56
USC00310356,2011-10-10,TMIN,183
USC00316096,2015-09-19,TMIN,200
USC00310356,2011-10-10,TMAX,267
USC00314684,2007-03-06,TMIN,11
USW00013754,2011-07-12,TMAX,339
USW00093743,2008-03-12,TMIN,83
USC00314684,2011-01-26,TMAX,89
USR0000NNWB,2007-05-01,TMAX,344
USR0000NNWB,2007-05-01,TMIN,172
USW00013754,2008-11-30,TMAX,217
USR0000NNWB,2011-05-23,TMAX,311
USR0000NNWB,2011-05-23,TMIN,200
USW00013754,2005-03-08,TMIN,28
USC00310576,2008-01-29,TMIN,-11
USW00013754,2010-02-11,TMAX,89
USC00310576,2008-01-29,TMAX,111
USW00013754,2010-02-11,TMIN,-5
USW00013754,2011-07-12,TMIN,256
USW00093765,2014-06-18,TMIN,244
USW00013754,2014-05-07,TMAX,267
USW00013754,2008-02-20,TMIN,6
USC00315830,2015-09-09,TMAX,300
USC00310576,2013-10-19,TMIN,189
USC00315830,2015-09-09,TMIN,244
USW00093765,2006-05-28,TMIN,194
USC00310356,2006-03-25,TMAX,67
USC00310576,2006-08-24,TMAX,283
USC00314684,2014-07-22,TMAX,278
USC00314684,2014-07-22,TMIN,217
USC00310576,2013-10-19,TMAX,239
USW00093719,2007-09-05,TMIN,172
USW00093719,2007-09-05,TMAX,322
USC00317170,2008-01-27,TMAX,111
USC00317170,2008-01-27,TMIN,6
USC00316096,2010-07-24,TMIN,261
USC00310356,2010-08-25,TMAX,289
USC00316096,2010-07-24,TMAX,311
USC00310356,2010-08-25,TMIN,217
USR0000NCRN,2007-06-27,TMAX,300
USR0000NHOF,2015-06-20,TMAX,344
USR0000NHOF,2015-06-20,TMIN,211
USR0000NNWB,2014-08-25,TMAX,267
USC00314684,2005-01-02,TMIN,50
USR0000NHOF,2010-08-14,TMIN,200
USC00314684,2005-01-02,TMAX,211
USC00314689,2013-12-05,TMAX,261
USC00310576,2006-08-24,TMIN,178
USC00314684,2010-09-03,TMAX,272
USW00013754,2010-09-01,TMAX,317
USC00310356,2011-02-14,TMIN,22
USW00013754,2007-11-22,TMAX,244
USC00310576,2013-01-30,TMIN,117
USC00315830,2010-06-01,TMAX,278
USC00315830,2011-02-28,TMAX,183
USC00310356,2006-03-25,TMIN,-33
USC00314144,2009-11-28,TMAX,139
USR0000NCRN,2005-12-30,TMIN,17
USR0000NCRN,2005-12-30,TMAX,300
USR0000NCRN,2005-07-20,TMIN,256
USC00314684,2008-08-19,TMAX,306
USC00315830,2006-02-05,TMIN,50
USR0000NCRN,2005-07-20,TMAX,339
USC00314684,2010-09-03,TMIN,178
USC00315830,2010-06-01,TMIN,233
USC00314689,2013-12-05,TMIN,178
USW00093765,2006-05-28,TMAX,300
USC00310356,2015-06-20,TMIN,233
USC00314689,2007-06-06,TMIN,200
USR0000NHOF,2010-08-14,TMAX,306
USC00310356,2010-11-03,TMIN,133
USC00314684,2008-08-19,TMIN,172
USW00093719,2009-03-26,TMIN,89
USC00316676,2009-10-21,TMAX,206
USW00093719,2014-12-04,TMIN,83
USC00310356,2009-04-26,TMAX,228
USR0000NNWB,2013-01-15,TMAX,150
USC00310356,2009-04-26,TMIN,183
USC00310356,2009-04-24,TMAX,211
USW00093743,2011-01-05,TMIN,-21
USC00310356,2009-04-24,TMIN,144
USC00310356,2015-01-31,TMIN,17
USW00013754,2008-02-20,TMAX,144
USW00093765,2013-08-27,TMAX,278
USC00317170,2011-01-09,TMAX,78
USW00093765,2013-08-27,TMIN,178
USW00013754,2014-05-07,TMIN,167
USC00310576,2011-03-01,TMAX,250
USR0000NCRN,2010-04-04,TMAX,228
USC00316676,2009-10-21,TMIN,11
USC00314684,2010-05-28,TMIN,167
USW00093719,2007-10-20,TMAX,272
USC00314684,2010-05-28,TMAX,317
USW00093743,2011-01-05,TMAX,100
USR0000NCRN,2012-06-25,TMAX,289
USC00317170,2011-01-09,TMIN,-22
USC00310576,2010-05-02,TMAX,317
USW00093743,2009-12-05,TMIN,39
USC00315830,2011-02-28,TMIN,56
USC00310576,2010-05-02,TMIN,150
USR0000NNWB,2014-08-25,TMIN,178
USC00316676,2008-08-20,TMAX,317
USC00310356,2010-11-03,TMAX,167
USC00314689,2009-07-04,TMAX,306
USC00314689,2009-07-04,TMIN,161
USW00093743,2009-12-05,TMAX,161
USW00013754,2008-01-25,TMIN,-38
USW00093765,2014-05-26,TMIN,200
USC00316096,2013-06-09,TMAX,294
USR0000NNWB,2013-01-15,TMIN,106
USW00093719,2013-05-21,TMIN,206
USC00316676,2008-08-20,TMIN,183
USW00093719,2013-05-21,TMAX,289
USW00013754,2008-01-25,TMAX,39
USC00310356,2015-01-31,TMAX,83
USC00314144,2009-11-28,TMIN,-22
USC00315830,2015-05-05,TMAX,244
USC00315830,2015-05-05,TMIN,128
USW00093719,2009-03-26,TMAX,183
USC00316096,2013-06-09,TMIN,233
USR0000NHOF,2012-12-24,TMAX,161
USC00314689,2014-12-30,TMIN,39
USC00310576,2012-03-29,TMIN,33
USR0000NCRN,2011-04-01,TMAX,133
USW00013754,2008-06-24,TMAX,311
USW00013754,2008-06-24,TMIN,189
USW00013754,2013-10-25,TMAX,150
USC00316676,2015-04-14,TMAX,256
USC00316676,2007-02-20,TMIN,28
USC00316676,2015-04-14,TMIN,117
USR0000NHOF,2011-03-14,TMAX,167
USC00310576,2005-03-13,TMAX,200
USC00317170,2012-09-13,TMAX,283
USR0000NCRN,2007-08-05,TMAX,333
USC00317170,2012-09-13,TMIN,144
USR0000NCRN,2014-10-25,TMIN,56
USR0000NCRN,2014-10-25,TMAX,228
USC00316676,2007-02-20,TMAX,94
USW00093765,2010-05-28,TMIN,206
USR0000NHOF,2011-03-14,TMIN,78
USC00314689,2015-04-30,TMAX,217
USW00013754,2012-05-21,TMAX,272
USR0000NCRN,2006-03-25,TMIN,6
USC00310576,2005-03-13,TMIN,11
USW00013754,2008-01-01,TMIN,28
USC00315830,2014-02-03,TMAX,183
USR0000NCRN,2011-04-01,TMIN,39
USC00310576,2010-02-15,TMIN,-11
USR0000NNWB,2005-03-23,TMAX,233
USW00093765,2013-12-05,TMIN,100
USC00310576,2015-08-12,TMIN,206
USC00310576,2011-03-04,TMAX,122
USC00314684,2012-07-03,TMAX,333
USW00093765,2013-12-05,TMAX,222
USR0000NCRN,2007-08-05,TMIN,211
USW00093765,2013-01-12,TMIN,128
USR0000NNWB,2005-03-23,TMIN,133
USR0000NCRN,2015-10-12,TMAX,217
USR0000NCRN,2015-10-12,TMIN,144
USC00310576,2011-03-04,TMIN,17
USR0000NCRN,2013-06-10,TMAX,278
USR0000NCRN,2013-06-10,TMIN,228
USW00093765,2013-01-12,TMAX,189
USR0000NCRN,2011-03-07,TMAX,133
USC00310576,2012-08-03,TMIN,194
USC00316676,2015-01-01,TMAX,106
USR0000NCRN,2011-03-07,TMIN,33
USC00310576,2012-08-03,TMAX,317
USW00013754,2008-01-01,TMAX,189
USC00310576,2010-02-15,TMAX,83
USR0000NNWB,2008-09-19,TMIN,167
USC00316676,2006-11-17,TMIN,83
USR0000NNWB,2006-11-19,TMAX,150
USC00314689,2015-04-30,TMIN,122
USR0000NNWB,2015-03-26,TMAX,256
USR0000NNWB,2011-08-21,TMIN,222
USC00317170,2010-02-11,TMAX,100
USC00315830,2005-02-28,TMAX,144
USC00317170,2010-02-11,TMIN,22
USC00310356,2015-03-22,TMAX,156
USR0000NCRN,2008-10-17,TMIN,144
USC00316676,2013-03-01,TMAX,133
USC00314144,2009-08-20,TMAX,317
USW00093765,2005-07-19,TMIN,267
USC00314684,2013-10-14,TMAX,228
USC00314684,2013-10-14,TMIN,183
USR0000NCRN,2008-10-17,TMAX,256
USC00314689,2006-05-28,TMAX,306
USR0000NNWB,2010-09-11,TMAX,256
USC00314689,2006-05-28,TMIN,178
USC00314689,2013-08-27,TMAX,300
USC00315830,2005-05-16,TMIN,189
USC00314689,2013-08-27,TMIN,172
USC00310356,2015-03-22,TMIN,78
USR0000NNWB,2015-03-26,TMIN,172
USC00314684,2006-03-22,TMAX,67
USC00315830,2005-02-28,TMIN,61
USC00314689,2011-07-19,TMIN,206
USC00316096,2014-12-30,TMIN,22
USR0000NNWB,2010-09-11,TMIN,189
USR0000NCRN,2006-03-25,TMAX,128
USC00314684,2006-03-22,TMIN,33
USR0000NNWB,2006-11-19,TMIN,17
USW00013754,2012-05-21,TMIN,167
USC00315830,2012-05-29,TMAX,283
USC00314144,2007-02-22,TMAX,222
USC00315830,2012-05-29,TMIN,233
USC00310576,2009-01-04,TMAX,156
USC00316676,2006-11-17,TMAX,250
USC00310576,2009-01-04,TMIN,22
USW00093719,2005-06-02,TMIN,167
USW00013754,2013-10-25,TMIN,22
USC00315830,2014-02-03,TMIN,72
USW00093765,2010-05-28,TMAX,278
USC00314144,2009-08-20,TMIN,217
USW00093765,2005-07-19,TMAX,306
USW00093719,2009-08-19,TMAX,328
USC00314689,2011-07-19,TMAX,350
USC00310576,2011-04-14,TMAX,228
USW00093719,2009-08-19,TMIN,217
USC00310576,2012-04-06,TMIN,89
USW00013754,2008-10-16,TMIN,139
USC00317170,2011-11-13,TMIN,44
USC00316676,2009-01-04,TMIN,6
USW00093719,2012-03-12,TMAX,217
USW00093719,2006-07-21,TMAX,317
USC00315830,2008-05-23,TMIN,161
USW00093719,2006-07-21,TMIN,211
USC00316676,2009-01-04,TMAX,161
USC00310576,2011-10-24,TMIN,89
USC00316676,2014-03-23,TMIN,67
USC00310356,2009-03-28,TMIN,139
USC00310356,2009-03-28,TMAX,172
USC00315830,2008-05-23,TMAX,250
USC00316676,2014-03-23,TMAX,261
USC00314144,2010-09-16,TMAX,306
USC00314144,2006-09-07,TMIN,172
USW00013754,2012-10-31,TMAX,156
USW00013754,2011-05-05,TMAX,206
USC00310356,2008-03-30,TMIN,33
USW00013754,2011-05-05,TMIN,89
USC00314684,2008-01-27,TMAX,56
USC00314684,2008-01-27,TMIN,-33
USW00013754,2012-10-31,TMIN,44
USC00314689,2015-11-17,TMAX,200
USW00093765,2012-08-20,TMAX,283
USC00310356,2015-11-01,TMIN,128
USC00314684,2008-12-19,TMIN,117
USC00316676,2013-09-01,TMAX,311
USC00316096,2010-09-09,TMIN,178
USW00093765,2014-01-09,TMAX,122
USC00314684,2015-07-22,TMAX,356
USC00316096,2009-12-30,TMAX,72
USW00093743,2009-03-28,TMIN,167
USR0000NNWB,2007-09-13,TMIN,217
USC00316096,2010-09-09,TMAX,289
USC00316096,2013-08-27,TMAX,283
USW00093743,2009-03-28,TMAX,211
USW00093765,2013-06-19,TMIN,206
USC00315830,2010-11-12,TMAX,194
USR0000NNWB,2007-09-13,TMAX,283
USW00093765,2013-06-19,TMAX,261
USC00310356,2008-03-30,TMAX,183
USC00316096,2013-08-27,TMIN,144
USW00093765,2005-05-29,TMAX,267
USW00093765,2010-02-11,TMAX,111
USR0000NNWB,2015-03-15,TMIN,94
USW00093765,2010-02-11,TMIN,17
USW00093765,2005-05-29,TMIN,183
USC00314684,2008-12-19,TMAX,150
USC00310576,2011-10-24,TMAX,217
USC00317170,2013-12-12,TMIN,-6
USW00093765,2012-08-20,TMIN,228
USC00317170,2011-02-10,TMAX,72
USC00316096,2010-04-01,TMAX,256
USC00316676,2005-10-02,TMIN,161
USC00310356,2007-07-10,TMAX,283
USC00310356,2007-07-10,TMIN,228
USC00314144,2010-09-16,TMIN,161
USW00093719,2008-02-27,TMAX,139
USW00013754,2008-10-16,TMAX,283
USC00314144,2007-02-22,TMIN,94
USC00316676,2005-10-02,TMAX,272
USC00310576,2015-08-12,TMAX,278
USC00316096,2015-02-08,TMIN,89
USC00316096,2015-02-08,TMAX,172
USW00093719,2008-02-27,TMIN,6
USC00314684,2012-07-03,TMIN,211
USR0000NCRN,2006-10-05,TMIN,150
USC00310576,2012-04-06,TMAX,172
USC00316676,2015-01-01,TMIN,-11
USR0000NNWB,2008-09-19,TMAX,261
USC00314689,2007-06-04,TMAX,322
USC00317170,2011-11-13,TMAX,228
USC00317170,2011-02-10,TMIN,28
USR0000NHOF,2005-07-08,TMAX,311
USC00316096,2010-04-01,TMIN,44
USR0000NCRN,2014-01-07,TMIN,-94
USR0000NHOF,2012-03-12,TMAX,200
USC00314144,2006-09-07,TMAX,283
USC00314689,2015-11-17,TMIN,28
USR0000NNWB,2011-02-10,TMAX,28
USC00314689,2005-02-07,TMIN,28
USR0000NNWB,2011-02-10,TMIN,-39
USC00310576,2008-02-17,TMIN,39
USC00317170,2012-11-28,TMAX,117
USR0000NNWB,2011-03-02,TMAX,189
USC00317170,2013-12-12,TMAX,83
USR0000NHOF,2015-10-08,TMIN,122
USC00310576,2008-02-17,TMAX,156
USR0000NCRN,2005-11-22,TMAX,161
USW00093719,2011-07-30,TMAX,383
USR0000NCRN,2005-11-22,TMIN,50
USC00314689,2005-02-07,TMAX,172
USR0000NHOF,2012-03-12,TMIN,11
USR0000NNWB,2008-01-07,TMAX,222
USR0000NNWB,2008-01-07,TMIN,56
USC00315830,2008-08-02,TMAX,317
USR0000NCRN,2006-10-05,TMAX,306
USC00315830,2008-08-02,TMIN,228
USC00310356,2015-11-01,TMAX,206
USC00310576,2013-05-21,TMIN,183
USC00310576,2013-05-21,TMAX,283
USC00316676,2013-01-14,TMAX,244
USW00093719,2011-08-24,TMIN,189
USR0000NNWB,2009-08-26,TMAX,333
USC00310576,2005-03-06,TMAX,150
USW00013754,2007-09-26,TMAX,289
USW00093765,2009-06-12,TMIN,228
USW00093765,2009-06-12,TMAX,283
USC00315830,2007-11-22,TMAX,211
USC00310576,2009-03-13,TMIN,83
USR0000NNWB,2009-08-26,TMIN,211
USC00314689,2011-07-10,TMIN,228
USC00314689,2011-07-10,TMAX,317
USC00310576,2009-03-13,TMAX,150
USW00013754,2009-11-17,TMAX,189
USC00314144,2006-07-24,TMIN,206
USW00093719,2013-06-19,TMIN,200
USW00093719,2013-06-19,TMAX,267
USC00314689,2005-12-03,TMIN,-17
USC00315830,2007-11-22,TMIN,172
USC00317170,2007-07-04,TMIN,150
USC00317170,2007-07-04,TMAX,311
USC00314684,2007-03-22,TMIN,56
USW00093719,2011-08-24,TMAX,322
USW00013754,2009-11-17,TMIN,106
USW00093719,2005-01-17,TMAX,33
USW00013754,2009-11-14,TMIN,122
USC00316096,2015-05-01,TMAX,189
USR0000NHOF,2015-03-22,TMIN,72
USC00316676,2009-05-24,TMAX,283
USC00316676,2009-05-24,TMIN,161
USC00316676,2011-12-12,TMIN,22
USW00013754,2009-11-14,TMAX,150
USC00310576,2005-03-06,TMIN,50
USC00314684,2007-03-22,TMAX,194
USR0000NHOF,2006-02-26,TMAX,89
USC00316676,2007-10-20,TMAX,300
USW00013754,2008-02-29,TMAX,117
USW00013754,2007-06-19,TMIN,206
USC00314689,2011-10-22,TMAX,200
USC00314144,2007-10-21,TMIN,33
USW00013754,2007-06-19,TMAX,328
USC00316676,2007-10-20,TMIN,200
USC00314689,2012-01-16,TMAX,94
USC00314689,2011-10-22,TMIN,61
USW00013754,2008-02-28,TMAX,61
USW00093719,2005-01-17,TMIN,-39
USC00310576,2008-09-30,TMIN,183
USC00310576,2008-09-30,TMAX,283
USC00314144,2006-07-24,TMAX,317
USR0000NCRN,2012-09-25,TMAX,261
USR0000NCRN,2012-09-25,TMIN,100
USR0000NNWB,2008-07-29,TMAX,339
USR0000NNWB,2008-07-29,TMIN,239
USC00310356,2011-06-23,TMIN,261
USR0000NHOF,2008-06-11,TMAX,322
USW00093765,2010-11-23,TMIN,117
USC00315830,2005-07-03,TMIN,228
USW00013754,2008-03-15,TMIN,117
USW00093719,2012-06-20,TMIN,200
USW00093719,2012-06-20,TMAX,339
USR0000NNWB,2012-10-31,TMAX,156
USW00013754,2008-03-15,TMAX,222
USC00310576,2005-08-31,TMAX,333
USW00093765,2007-08-01,TMIN,211
USC00310576,2005-08-31,TMIN,272
USR0000NCRN,2012-06-18,TMAX,272
USW00093743,2011-06-23,TMAX,300
USW00093765,2007-08-01,TMAX,300
USR0000NCRN,2012-06-18,TMIN,133
USW00093743,2011-06-23,TMIN,228
USR0000NHOF,2007-07-10,TMAX,300
USC00316676,2005-09-03,TMIN,189
USC00315830,2005-07-03,TMAX,300
USR0000NHOF,2008-06-11,TMIN,200
USC00315830,2015-02-06,TMIN,-44
USC00315830,2015-02-06,TMAX,94
USC00315830,2014-04-03,TMAX,206
USC00315830,2014-04-03,TMIN,139
USC00314144,2006-04-13,TMIN,72
USC00314144,2006-04-13,TMAX,272
USC00317170,2007-07-03,TMIN,167
USC00314684,2014-08-25,TMAX,272
USC00314684,2014-08-25,TMIN,156
USC00316096,2012-05-30,TMIN,189
USC00317170,2011-01-12,TMAX,61
USC00314144,2007-10-21,TMAX,256
USR0000NHOF,2006-02-26,TMIN,-78
USR0000NNWB,2012-05-21,TMAX,289
USR0000NHOF,2007-07-28,TMAX,300
USC00316096,2012-05-30,TMAX,250
USR0000NHOF,2007-07-28,TMIN,178
USW00013754,2009-12-28,TMAX,106
USC00317170,2011-01-12,TMIN,-11
USW00013754,2009-12-28,TMIN,17
USC00310356,2011-06-23,TMAX,294
USR0000NCRN,2014-11-05,TMAX,222
USR0000NCRN,2014-11-05,TMIN,89
USC00317170,2007-07-03,TMAX,278
USR0000NNWB,2012-05-21,TMIN,172
USC00316096,2009-12-30,TMIN,-50
USC00316096,2015-05-01,TMIN,78
USW00093765,2012-12-21,TMIN,72
USW00093719,2007-01-06,TMIN,106
USC00314684,2014-06-18,TMAX,350
USC00314684,2012-04-11,TMIN,83
USC00314684,2012-04-11,TMAX,244
USW00093719,2007-01-06,TMAX,222
USC00315830,2012-09-29,TMIN,206
USW00093743,2007-07-10,TMAX,300
USW00093743,2007-07-10,TMIN,228
USC00315830,2012-09-29,TMAX,272
USR0000NNWB,2008-11-18,TMAX,72
USR0000NNWB,2008-11-18,TMIN,0
USR0000NHOF,2006-03-19,TMIN,-56
USR0000NCRN,2015-10-06,TMAX,211
USW00093765,2009-05-03,TMIN,206
USW00093765,2009-05-03,TMAX,250
USW00093719,2005-06-02,TMAX,228
USR0000NCRN,2015-10-06,TMIN,150
USW00013754,2010-12-31,TMAX,172
USC00314684,2014-06-18,TMIN,211
USC00316676,2012-11-22,TMAX,161
USC00316676,2010-06-28,TMAX,361
USW00093743,2009-06-20,TMAX,339
USC00316676,2010-06-28,TMIN,228
USW00093719,2011-02-11,TMIN,-61
USC00314689,2005-03-31,TMIN,100
USW00093719,2005-08-09,TMIN,217
USC00315830,2005-05-16,TMAX,239
USC00316096,2011-10-22,TMAX,206
USW00093743,2009-06-20,TMIN,250
USC00316096,2011-10-22,TMIN,67
USW00093719,2005-08-09,TMAX,294
USR0000NHOF,2010-12-02,TMIN,-39
USR0000NNWB,2011-08-21,TMAX,333
USC00314684,2010-07-24,TMIN,233
USC00310576,2012-07-01,TMIN,222
USC00316676,2005-06-07,TMAX,311
USC00316676,2005-06-07,TMIN,206
USC00314684,2010-07-24,TMAX,333
USC00316096,2014-12-30,TMAX,78
USR0000NHOF,2010-12-02,TMAX,83
USR0000NHOF,2015-10-08,TMAX,294
USC00317170,2011-04-28,TMIN,228
USC00317170,2011-04-28,TMAX,272
USC00314689,2007-01-05,TMAX,217
USC00316676,2013-01-14,TMIN,117
USC00314689,2007-01-05,TMIN,156
USC00314689,2005-03-31,TMAX,250
USC00314684,2009-08-01,TMAX,328
USR0000NHOF,2015-03-22,TMAX,183
USC00314684,2009-08-01,TMIN,222
USC00310356,2013-06-10,TMAX,278
USC00310356,2013-06-10,TMIN,239
USW00093743,2008-03-30,TMAX,111
USW00093765,2009-04-02,TMIN,133
USR0000NNWB,2014-05-26,TMAX,300
USW00093765,2009-04-02,TMAX,189
USW00093743,2008-03-30,TMIN,67
USC00314689,2014-05-24,TMAX,317
USC00315830,2015-11-08,TMAX,256
USC00310356,2005-07-08,TMAX,306
USC00316676,2011-12-12,TMAX,117
USC00314689,2011-05-10,TMAX,261
USC00314689,2014-05-24,TMIN,194
USW00093743,2013-06-10,TMAX,289
USW00013754,2008-02-29,TMIN,-43
USW00093743,2013-06-10,TMIN,228
USC00314689,2005-02-15,TMIN,78
USC00314689,2005-02-15,TMAX,183
USW00093765,2012-12-21,TMAX,189
USC00310576,2011-04-14,TMIN,83
USC00314689,2012-01-16,TMIN,-33
USR0000NNWB,2014-05-26,TMIN,167
USR0000NHOF,2007-05-24,TMAX,256
USC00316096,2009-12-24,TMAX,94
USC00314689,2013-09-12,TMAX,311
USR0000NHOF,2006-03-19,TMAX,128
USR0000NNWB,2007-11-26,TMIN,111
USC00317170,2008-11-02,TMIN,33
USR0000NNWB,2007-11-26,TMAX,222
USC00314689,2012-01-07,TMIN,56
USC00316676,2012-11-22,TMIN,67
USC00314689,2012-01-07,TMAX,206
USC00317170,2008-11-02,TMAX,239
USC00316676,2013-03-01,TMIN,17
USR0000NHOF,2007-05-24,TMIN,94
USW00013754,2008-02-28,TMIN,-32
USC00310356,2015-10-08,TMIN,172
USC00310356,2005-07-08,TMIN,272
USC00310576,2012-07-01,TMAX,361
USC00314689,2013-09-12,TMIN,194
USC00314684,2012-09-16,TMIN,150
USC00314684,2012-09-16,TMAX,289
USC00316676,2015-10-24,TMIN,117
USC00316676,2015-10-24,TMAX,272
USC00314689,2011-05-10,TMIN,117
USC00315830,2015-11-08,TMIN,133
USC00316096,2009-12-24,TMIN,-6
USC00310356,2015-10-08,TMAX,256
USC00310356,2007-06-06,TMAX,267
USW00093765,2014-08-19,TMAX,300
USC00314684,2015-07-22,TMIN,222
USC00316096,2014-05-24,TMIN,144
USC00314684,2005-03-11,TMIN,0
USC00310576,2015-06-20,TMIN,217
USW00093743,2014-01-28,TMIN,-49
USW00093719,2007-05-01,TMAX,339
USW00093719,2007-05-01,TMIN,161
USC00316676,2010-09-10,TMAX,300
USC00316676,2015-02-01,TMAX,94
USC00315830,2013-09-10,TMIN,217
USC00310356,2006-12-24,TMAX,167
USW00093765,2014-08-25,TMIN,200
USR0000NCRN,2011-06-23,TMAX,300
USC00310356,2009-10-05,TMIN,183
USW00013754,2010-12-31,TMIN,-21
USR0000NCRN,2015-08-08,TMAX,289
USC00314689,2005-01-02,TMAX,206
USR0000NHOF,2012-07-16,TMAX,322
USC00314689,2005-01-02,TMIN,67
USC00310356,2006-12-24,TMIN,128
USC00317170,2009-04-02,TMIN,139
USR0000NCRN,2015-08-08,TMIN,217
USC00314684,2005-03-11,TMAX,111
USR0000NCRN,2011-06-23,TMIN,222
USW00093719,2011-03-31,TMAX,106
USC00316096,2014-05-24,TMAX,261
USW00093743,2012-07-16,TMAX,306
USW00093765,2011-09-07,TMIN,244
USW00093719,2006-02-12,TMIN,-28
USR0000NCRN,2015-12-29,TMIN,211
USR0000NNWB,2009-12-04,TMAX,161
USW00093765,2012-06-20,TMIN,239
USW00093743,2012-07-16,TMIN,244
USR0000NCRN,2015-12-29,TMAX,233
USC00316676,2011-11-24,TMAX,244
USW00093765,2012-06-20,TMAX,300
USC00314684,2010-06-13,TMIN,200
USW00093765,2011-09-07,TMAX,300
USR0000NNWB,2007-06-19,TMIN,222
USR0000NNWB,2009-12-04,TMIN,50
USW00093765,2014-08-25,TMAX,278
USR0000NNWB,2007-06-19,TMAX,367
USC00315830,2013-09-10,TMAX,311
USW00093719,2013-12-02,TMIN,39
USC00314689,2009-12-30,TMIN,-39
USC00314689,2009-12-30,TMAX,67
USC00316676,2015-02-01,TMIN,-11
USC00310576,2015-06-20,TMAX,333
USC00310356,2009-10-05,TMAX,250
USR0000NHOF,2015-11-01,TMIN,111
USW00013754,2005-03-23,TMAX,217
USW00013754,2015-06-11,TMIN,206
USW00013754,2015-06-11,TMAX,311
USR0000NCRN,2006-04-13,TMIN,100
USC00314144,2009-05-03,TMIN,194
USC00314684,2015-07-20,TMAX,344
USR0000NHOF,2015-11-01,TMAX,278
USC00315830,2015-02-27,TMIN,-6
USC00315830,2015-02-27,TMAX,33
USC00317170,2011-06-06,TMIN,172
USR0000NCRN,2011-06-19,TMAX,333
USC00317170,2011-06-06,TMAX,306
USR0000NHOF,2014-01-28,TMAX,50
USC00314684,2015-07-20,TMIN,222
USR0000NHOF,2014-01-28,TMIN,-56
USW00093719,2015-10-26,TMIN,139
USR0000NCRN,2011-06-19,TMIN,222
USW00093719,2015-10-26,TMAX,183
USR0000NCRN,2011-03-23,TMAX,239
USR0000NCRN,2006-04-13,TMAX,233
USR0000NHOF,2010-07-11,TMAX,322
USW00013754,2012-05-24,TMIN,194
USC00316676,2005-04-18,TMIN,33
USW00013754,2008-09-19,TMIN,172
USW00013754,2008-09-19,TMAX,256
USC00314144,2009-05-03,TMAX,278
USR0000NHOF,2012-07-16,TMIN,217
USC00315830,2006-08-13,TMAX,294
USC00317170,2009-04-02,TMAX,194
USW00093765,2012-09-13,TMAX,283
USW00093765,2012-09-13,TMIN,178
USC00315830,2006-08-13,TMIN,194
USC00310356,2012-12-24,TMIN,39
USC00310356,2012-12-24,TMAX,122
USW00013754,2008-11-18,TMAX,78
USW00093719,2010-12-04,TMAX,61
USW00093743,2012-12-24,TMAX,150
USC00310576,2005-12-21,TMIN,-50
USW00013754,2005-03-23,TMIN,144
USC00310356,2011-04-19,TMIN,156
USW00013754,2008-11-18,TMIN,17
USC00316676,2005-04-18,TMAX,206
USW00093719,2011-03-31,TMIN,78
USC00316676,2010-09-10,TMIN,144
USC00315830,2014-03-18,TMAX,83
USW00093719,2006-02-12,TMAX,83
USC00310576,2005-12-21,TMAX,83
USC00315830,2014-03-18,TMIN,39
USC00314684,2010-06-13,TMAX,339
USW00013754,2012-05-24,TMAX,289
USW00093743,2009-10-05,TMAX,206
USR0000NCRN,2015-10-24,TMAX,217
USC00316096,2015-04-30,TMIN,122
USC00310356,2012-01-15,TMAX,106
USC00314684,2013-08-27,TMIN,133
USR0000NNWB,2005-01-22,TMAX,122
USC00314689,2008-12-21,TMIN,100
USW00093719,2005-04-02,TMAX,206
USC00315830,2010-11-12,TMIN,78
USR0000NNWB,2005-01-22,TMIN,-39
USC00316676,2012-08-17,TMAX,300
USC00310576,2011-12-14,TMIN,17
USC00310356,2007-11-05,TMIN,78
USR0000NHOF,2014-06-04,TMAX,350
USC00310576,2005-07-30,TMIN,222
USW00093743,2011-04-19,TMIN,111
USC00310576,2005-07-30,TMAX,294
USR0000NCRN,2009-09-06,TMAX,256
USR0000NCRN,2009-09-06,TMIN,244
USW00093743,2008-07-19,TMAX,239
USW00013754,2013-01-15,TMIN,117
USW00093743,2008-07-19,TMIN,194
USC00310576,2011-12-14,TMAX,156
USC00314684,2013-08-27,TMAX,289
USR0000NNWB,2015-06-11,TMIN,217
USW00093719,2011-03-12,TMAX,200
USC00310356,2010-07-11,TMIN,228
USC00314689,2007-03-03,TMAX,189
USC00310576,2007-02-07,TMIN,-33
USC00310576,2007-02-07,TMAX,89
USC00310576,2012-03-29,TMAX,244
USW00093765,2006-04-20,TMAX,267
USC00316676,2007-02-03,TMAX,106
USC00316676,2007-02-03,TMIN,17
USC00314144,2007-05-16,TMIN,133
USR0000NHOF,2005-08-31,TMAX,328
USR0000NHOF,2005-08-31,TMIN,206
USC00315830,2010-12-22,TMIN,50
USC00314689,2005-02-27,TMAX,106
USC00315830,2015-12-26,TMAX,228
USC00315830,2015-12-26,TMIN,189
USC00314689,2005-02-27,TMIN,0
USC00314144,2007-05-16,TMAX,267
USC00315830,2010-12-22,TMAX,83
USR0000NHOF,2009-04-26,TMIN,128
USC00310356,2010-07-11,TMAX,306
USC00314689,2009-09-26,TMAX,244
USC00314689,2009-09-26,TMIN,183
USC00316676,2012-08-17,TMIN,206
USW00093719,2005-04-02,TMIN,106
USW00013754,2013-01-15,TMAX,178
USC00314689,2014-12-30,TMAX,106
USR0000NNWB,2011-11-16,TMAX,272
USW00093743,2009-10-05,TMIN,161
USC00316676,2011-06-12,TMIN,200
USC00316676,2011-06-12,TMAX,328
USW00093743,2010-07-11,TMAX,311
USW00093743,2010-07-11,TMIN,217
USC00310356,2007-04-28,TMIN,167
USC00310356,2007-04-28,TMAX,228
USC00310356,2009-02-22,TMIN,6
USW00093765,2006-02-21,TMAX,122
USC00317170,2010-11-23,TMAX,244
USC00316676,2011-11-24,TMIN,67
USC00314144,2005-11-23,TMIN,-17
USC00314144,2005-08-11,TMIN,211
USW00093743,2013-10-19,TMIN,189
USW00093743,2013-10-19,TMAX,244
USC00310356,2009-02-22,TMAX,122
USW00093719,2011-03-12,TMIN,11
USW00093743,2012-12-24,TMIN,56
USC00314144,2005-11-23,TMAX,200
USR0000NNWB,2012-05-24,TMIN,189
USC00316676,2010-10-17,TMAX,200
USC00316676,2012-02-02,TMIN,100
USW00093743,2011-04-19,TMAX,233
USW00093719,2012-12-21,TMIN,44
USR0000NHOF,2014-06-04,TMIN,194
USW00093719,2015-11-16,TMAX,189
USW00093765,2006-02-21,TMIN,33
USW00093719,2015-11-16,TMIN,17
USW00093719,2012-12-21,TMAX,194
USC00310576,2013-11-09,TMAX,150
USC00314144,2005-08-11,TMAX,344
USW00093743,2014-01-28,TMAX,61
USW00093765,2014-07-07,TMIN,233
USR0000NNWB,2015-06-11,TMAX,328
USR0000NNWB,2012-05-24,TMAX,306
USW00093719,2013-12-02,TMAX,139
USC00317170,2010-11-23,TMIN,122
USC00316676,2010-10-17,TMIN,56
USC00315830,2013-05-21,TMIN,217
USC00315830,2013-05-21,TMAX,267
USC00314144,2006-06-03,TMIN,200
USC00316676,2012-02-02,TMAX,228
USC00310576,2013-11-09,TMIN,22
USC00314684,2006-05-28,TMAX,306
USC00314684,2006-05-28,TMIN,178
USC00314144,2006-06-03,TMAX,283
USW00093765,2014-07-07,TMAX,289
USC00310576,2007-04-16,TMAX,233
USR0000NNWB,2011-01-21,TMIN,-6
USC00314144,2009-06-29,TMIN,206
USC00314689,2010-04-01,TMIN,67
USC00314689,2010-04-01,TMAX,283
USC00317170,2015-11-20,TMAX,189
USC00317170,2014-08-25,TMIN,167
USW00013754,2011-02-24,TMAX,172
USC00316096,2011-09-06,TMAX,311
USC00317170,2015-11-20,TMIN,117
USW00013754,2011-02-24,TMIN,0
USC00314689,2006-04-17,TMIN,139
USC00314689,2009-12-24,TMIN,-6
USC00314689,2009-12-24,TMAX,111
USC00317170,2011-05-17,TMIN,156
USR0000NCRN,2006-07-24,TMIN,217
USC00317170,2012-11-28,TMIN,0
USC00310356,2007-06-06,TMIN,211
USC00310576,2005-01-23,TMIN,-50
USC00310576,2005-01-23,TMAX,139
USR0000NCRN,2006-07-24,TMAX,294
USR0000NCRN,2013-10-19,TMIN,189
USR0000NCRN,2013-10-19,TMAX,244
USC00314144,2009-02-24,TMAX,72
USC00310356,2014-06-03,TMAX,256
USR0000NHOF,2009-03-28,TMIN,178
USW00093765,2012-03-05,TMIN,22
USC00316676,2008-09-23,TMAX,233
USW00093743,2014-10-25,TMAX,228
USW00093719,2012-01-09,TMAX,100
USR0000NHOF,2008-07-19,TMIN,189
USC00314144,2010-02-03,TMIN,-22
USC00314144,2010-02-03,TMAX,100
USC00317170,2013-12-05,TMIN,106
USC00310356,2007-07-28,TMAX,289
USW00093765,2007-02-26,TMAX,172
USW00093765,2007-02-26,TMIN,78
USC00310356,2007-07-28,TMIN,239
USC00310356,2014-10-25,TMIN,117
USC00310356,2014-10-25,TMAX,200
USC00317170,2013-12-05,TMAX,239
USC00314144,2006-07-28,TMAX,350
USC00314144,2006-07-28,TMIN,222
USR0000NNWB,2005-03-19,TMAX,156
USC00310576,2011-10-20,TMIN,106
USW00093743,2012-03-12,TMAX,194
USC00317170,2014-08-25,TMAX,267
USC00310576,2011-10-20,TMAX,261
USW00093765,2012-03-05,TMAX,172
USC00316676,2008-09-23,TMIN,183
USC00314684,2006-12-25,TMIN,67
USR0000NHOF,2009-03-28,TMAX,239
USC00317170,2011-05-17,TMAX,261
USC00316096,2011-09-06,TMIN,261
USC00314689,2007-06-04,TMIN,189
USC00316676,2013-03-03,TMIN,6
USC00316096,2009-07-07,TMAX,294
USC00314689,2015-05-01,TMAX,133
USC00316676,2013-03-03,TMAX,122
USW00093765,2014-01-09,TMIN,-21
USC00315830,2013-01-30,TMAX,211
USC00316676,2013-09-01,TMIN,217
USC00314144,2010-08-14,TMIN,200
USC00314144,2010-08-14,TMAX,306
USC00315830,2013-01-30,TMIN,139
USC00315830,2011-11-22,TMAX,228
USC00315830,2011-11-22,TMIN,139
USC00316676,2006-06-13,TMAX,300
USC00316676,2006-06-13,TMIN,183
USC00310356,2009-07-30,TMIN,261
USW00093743,2012-03-12,TMIN,33
USR0000NHOF,2005-07-08,TMIN,200
USC00310356,2009-07-30,TMAX,300
USW00093765,2014-08-19,TMIN,228
USC00314144,2009-02-24,TMIN,-117
USW00093719,2014-01-29,TMAX,-32
USR0000NCRN,2015-01-06,TMAX,144
USW00013754,2009-09-02,TMAX,261
USC00315830,2006-12-16,TMAX,183
USR0000NNWB,2005-03-19,TMIN,72
USR0000NHOF,2010-12-30,TMIN,-67
USW00093719,2012-03-12,TMIN,28
USW00093743,2011-03-14,TMAX,172
USW00093743,2011-03-14,TMIN,94
USC00315830,2006-12-16,TMIN,72
USW00093743,2009-07-30,TMIN,244
USW00093719,2014-01-29,TMIN,-71
USC00316096,2009-07-07,TMIN,183
USW00093743,2014-10-25,TMIN,83
USC00314144,2008-10-12,TMIN,161
USC00316096,2012-04-11,TMIN,44
USW00093743,2009-07-30,TMAX,306
USC00316096,2012-09-16,TMIN,167
USW00013754,2009-09-02,TMIN,189
USC00310576,2008-09-21,TMIN,172
USC00316096,2012-09-16,TMAX,256
USC00316096,2012-04-11,TMAX,183
USC00310576,2008-09-21,TMAX,239
USC00314144,2008-10-12,TMAX,250
USW00093719,2011-07-30,TMIN,250
USC00314684,2006-12-25,TMAX,178
USC00314144,2009-06-29,TMAX,333
USC00310576,2011-08-06,TMIN,244
USW00013754,2008-07-29,TMIN,244
USW00093765,2010-04-04,TMIN,156
USC00314689,2005-09-30,TMAX,306
USC00314689,2009-07-07,TMIN,200
USC00314689,2009-07-07,TMAX,300
USC00316676,2015-07-25,TMIN,178
USC00315830,2014-12-22,TMAX,100
USC00314689,2005-09-30,TMIN,167
USW00093765,2006-09-05,TMAX,278
USW00093765,2006-09-05,TMIN,222
USC00315830,2014-12-22,TMIN,44
USC00315830,2005-03-01,TMAX,144
USW00093719,2008-09-04,TMIN,172
USC00310576,2010-12-31,TMAX,100
USW00013754,2011-11-16,TMIN,194
USC00315830,2005-03-01,TMIN,61
USW00013754,2011-11-16,TMAX,233
USC00310356,2014-06-03,TMIN,189
USR0000NHOF,2010-08-25,TMAX,283
USC00316676,2005-04-25,TMAX,139
USC00316676,2005-04-25,TMIN,17
USC00310356,2014-10-18,TMAX,250
USC00316676,2015-07-25,TMAX,294
USR0000NNWB,2011-03-02,TMIN,-6
USW00093719,2008-09-04,TMAX,311
USC00310356,2012-03-12,TMIN,67
USR0000NNWB,2011-01-21,TMAX,106
USW00093719,2010-12-04,TMIN,6
USR0000NNWB,2008-03-15,TMIN,117
USR0000NCRN,2015-10-24,TMIN,133
USW00093719,2011-02-11,TMAX,39
USC00314144,2007-11-15,TMAX,200
USR0000NHOF,2010-07-11,TMIN,194
USC00316676,2009-12-07,TMAX,83
USC00314144,2007-11-15,TMIN,17
USR0000NNWB,2008-03-15,TMAX,256
USR0000NCRN,2012-03-14,TMAX,250
USR0000NCRN,2012-03-14,TMIN,122
USC00310356,2011-04-19,TMAX,206
USC00316676,2009-12-07,TMIN,11
USC00310576,2010-12-31,TMIN,-11
USR0000NNWB,2008-02-16,TMIN,44
USR0000NNWB,2008-02-16,TMAX,139
USR0000NNWB,2011-07-12,TMAX,361
USC00310356,2011-08-26,TMIN,267
USC00310356,2012-03-12,TMAX,178
USR0000NNWB,2011-07-12,TMIN,244
USC00310356,2011-08-26,TMAX,317
USC00310356,2014-10-18,TMIN,133
USC00314689,2012-09-16,TMIN,144
USC00314689,2012-09-16,TMAX,267
USW00093765,2007-12-21,TMAX,117
USW00093765,2007-12-21,TMIN,78
USR0000NNWB,2009-01-24,TMAX,150
USC00314689,2012-04-11,TMIN,89
USC00314689,2012-04-11,TMAX,239
USW00013754,2009-08-26,TMAX,322
USW00013754,2009-08-26,TMIN,206
USC00317170,2010-05-28,TMAX,294
USR0000NHOF,2010-12-30,TMAX,89
USR0000NHOF,2014-10-25,TMIN,33
USR0000NHOF,2006-12-24,TMAX,183
USR0000NHOF,2009-06-20,TMIN,222
USR0000NHOF,2014-10-25,TMAX,256
USR0000NHOF,2009-06-20,TMAX,339
USR0000NHOF,2008-07-19,TMAX,306
USC00315830,2014-08-29,TMIN,228
USR0000NHOF,2006-12-24,TMIN,72
USC00315830,2014-08-29,TMAX,311
USR0000NHOF,2009-07-30,TMIN,233
USR0000NHOF,2009-07-30,TMAX,317
USW00013754,2008-07-29,TMAX,311
USR0000NHOF,2005-05-15,TMIN,178
USR0000NNWB,2009-01-24,TMIN,44
USC00317170,2010-05-28,TMIN,194
USC00314689,2012-05-30,TMAX,278
USW00093719,2012-01-09,TMIN,67
USC00316676,2015-08-26,TMAX,311
USR0000NHOF,2014-10-18,TMAX,289
USC00310356,2011-03-14,TMAX,161
USC00315830,2009-06-03,TMIN,228
USR0000NHOF,2014-10-18,TMIN,117
USC00310356,2011-03-14,TMIN,100
USC00315830,2009-06-03,TMAX,278
USC00316676,2015-08-26,TMIN,206
USC00310576,2007-09-13,TMAX,283
USC00310576,2011-08-06,TMAX,333
USC00310576,2007-09-13,TMIN,217
USR0000NHOF,2010-08-25,TMIN,194
USW00093719,2014-05-26,TMIN,167
USC00316096,2009-11-03,TMIN,78
USC00317170,2013-06-19,TMIN,206
USC00317170,2013-06-19,TMAX,328
USW00093719,2014-05-26,TMAX,306
USC00316096,2009-11-03,TMAX,194
USR0000NCRN,2015-01-06,TMIN,-22
USR0000NHOF,2005-05-15,TMAX,278
USC00314689,2012-05-30,TMIN,222
USW00093765,2010-04-04,TMAX,222
USW00093719,2011-11-13,TMIN,39
USW00093719,2011-11-13,TMAX,228
USW00093765,2012-05-24,TMAX,289
USC00314684,2014-07-07,TMIN,172
USC00316676,2012-02-14,TMIN,-50
USC00315830,2011-05-11,TMIN,150
USR0000NCRN,2014-02-03,TMAX,183
USC00314144,2009-09-15,TMIN,139
USR0000NCRN,2014-02-03,TMIN,56
USC00314689,2009-01-06,TMIN,106
USR0000NCRN,2007-07-10,TMAX,283
USR0000NCRN,2007-07-10,TMIN,222
USR0000NNWB,2005-01-30,TMIN,22
USR0000NNWB,2005-01-30,TMAX,78
USC00314684,2014-07-07,TMAX,294
USW00013754,2009-03-26,TMAX,183
USC00314684,2014-01-29,TMIN,-94
USW00013754,2009-03-26,TMIN,94
USR0000NHOF,2014-03-18,TMAX,67
USC00316096,2011-07-20,TMIN,256
USC00314144,2008-11-06,TMAX,233
USC00314144,2009-09-15,TMAX,294
USC00316096,2011-07-20,TMAX,322
USW00093719,2008-01-27,TMAX,100
USC00314689,2005-12-26,TMIN,83
USW00093719,2008-01-27,TMIN,-17
USC00314689,2005-12-26,TMAX,178
USC00310356,2014-03-18,TMIN,39
USW00093765,2008-12-15,TMAX,211
USC00314689,2005-08-01,TMIN,217
USC00314689,2008-05-20,TMAX,300
USC00314689,2008-05-20,TMIN,156
USR0000NHOF,2009-08-15,TMAX,306
USR0000NHOF,2009-08-15,TMIN,194
USW00093719,2008-08-25,TMIN,183
USC00314689,2009-12-07,TMAX,100
USC00310356,2014-03-18,TMAX,61
USC00314689,2009-12-07,TMIN,0
USC00316676,2012-02-14,TMAX,117
USC00314684,2005-04-25,TMAX,128
USC00314689,2009-01-06,TMAX,178
USC00316676,2008-01-16,TMAX,94
USC00316096,2012-04-05,TMAX,194
USC00316096,2012-04-05,TMIN,100
USC00314684,2005-04-25,TMIN,33
USW00093719,2008-08-25,TMAX,317
USC00310576,2006-02-26,TMAX,111
USC00314689,2007-02-03,TMAX,94
USC00314689,2007-02-03,TMIN,22
USW00093765,2005-01-02,TMAX,200
USC00315830,2011-06-12,TMIN,217
USR0000NCRN,2015-03-25,TMAX,228
USW00093719,2013-03-15,TMAX,172
USR0000NNWB,2009-01-16,TMIN,-72
USW00093765,2012-09-29,TMAX,256
USR0000NNWB,2009-01-16,TMAX,-11
USC00314144,2008-11-06,TMIN,94
USC00314689,2012-05-24,TMIN,183
USC00314689,2012-05-24,TMAX,306
USR0000NHOF,2007-04-14,TMIN,28
USR0000NHOF,2007-04-14,TMAX,217
USW00093743,2008-11-02,TMAX,222
USC00316676,2005-02-17,TMAX,222
USC00316676,2005-02-17,TMIN,67
USW00093719,2007-12-21,TMAX,106
USW00093719,2007-12-21,TMIN,56
USC00314144,2011-05-07,TMIN,78
USC00310576,2010-03-18,TMAX,178
USC00310576,2010-03-18,TMIN,22
USR0000NCRN,2005-10-03,TMIN,194
USR0000NCRN,2005-10-03,TMAX,283
USC00314144,2011-05-07,TMAX,239
USR0000NHOF,2007-10-29,TMAX,172
USC00310576,2013-02-03,TMIN,-33
USC00316096,2014-01-09,TMAX,128
USW00093719,2013-03-15,TMIN,-11
USC00316096,2014-01-09,TMIN,-44
USC00314684,2006-02-21,TMIN,0
USC00314684,2011-10-08,TMAX,244
USC00317170,2008-01-01,TMAX,183
USC00317170,2015-01-16,TMIN,28
USC00314689,2011-11-16,TMIN,194
USC00314684,2011-10-08,TMIN,78
USW00093719,2014-08-29,TMIN,228
USW00093765,2005-01-02,TMIN,67
USW00093719,2014-08-29,TMAX,317
USC00314689,2011-11-16,TMAX,278
USC00317170,2015-01-16,TMAX,122
USC00317170,2011-08-21,TMIN,211
USC00317170,2011-08-21,TMAX,378
USC00314684,2014-01-29,TMAX,-11
USW00013754,2005-03-19,TMIN,72
USC00310576,2013-06-09,TMAX,300
USC00314689,2012-04-05,TMAX,278
USC00314689,2012-04-05,TMIN,133
USC00310576,2013-06-09,TMIN,217
USR0000NCRN,2015-03-25,TMIN,89
USR0000NHOF,2014-03-18,TMIN,22
USW00093765,2012-09-29,TMIN,189
USC00314684,2006-02-21,TMAX,78
USC00315830,2011-06-12,TMAX,294
USC00316096,2014-10-25,TMAX,222
USC00316096,2014-10-25,TMIN,50
USW00093765,2015-11-04,TMAX,239
USC00314144,2010-11-30,TMIN,67
USR0000NCRN,2006-10-28,TMIN,83
USC00316676,2013-12-05,TMIN,111
USR0000NHOF,2008-08-29,TMAX,311
USR0000NCRN,2006-10-28,TMAX,250
USR0000NHOF,2008-08-29,TMIN,206
USC00310576,2008-03-14,TMAX,228
USC00316676,2013-12-05,TMAX,167
USW00093765,2011-07-30,TMAX,367
USC00317170,2011-01-22,TMAX,72
USC00310576,2008-03-14,TMIN,39
USW00093719,2015-12-03,TMIN,56
USR0000NNWB,2007-07-07,TMAX,322
USC00317170,2011-01-22,TMIN,-6
USR0000NNWB,2013-05-12,TMAX,267
USC00310356,2015-01-16,TMAX,83
USW00093719,2015-12-03,TMAX,172
USR0000NCRN,2013-03-04,TMIN,-28
USR0000NNWB,2013-05-12,TMIN,161
USC00317170,2012-09-24,TMAX,233
USC00317170,2008-12-23,TMIN,-33
USC00317170,2014-05-07,TMIN,144
USC00314689,2014-10-25,TMAX,228
USC00314689,2014-10-25,TMIN,56
USC00314144,2010-10-14,TMIN,100
USC00317170,2010-11-29,TMIN,33
USC00314144,2010-10-14,TMAX,261
USR0000NHOF,2008-10-07,TMIN,78
USR0000NCRN,2009-05-23,TMIN,156
USR0000NCRN,2009-05-23,TMAX,261
USC00315830,2012-12-21,TMAX,189
USC00315830,2012-12-21,TMIN,67
USR0000NNWB,2007-07-07,TMIN,217
USC00315830,2012-10-31,TMIN,72
USR0000NHOF,2006-08-19,TMIN,194
USW00013754,2009-01-30,TMAX,111
USC00316676,2009-07-07,TMIN,222
USC00317170,2010-11-29,TMAX,167
USC00316676,2009-07-07,TMAX,261
USC00317170,2008-12-23,TMAX,94
USC00314684,2011-09-07,TMIN,222
USC00315830,2013-09-02,TMIN,222
USC00315830,2013-09-02,TMAX,300
USC00314684,2011-09-07,TMAX,333
USC00314144,2010-11-30,TMAX,228
USR0000NHOF,2006-08-19,TMAX,311
USC00317170,2014-05-07,TMAX,267
USR0000NCRN,2013-03-04,TMAX,89
USW00093719,2013-03-10,TMAX,183
USC00315830,2008-10-28,TMIN,33
USR0000NNWB,2011-03-31,TMIN,72
USC00315830,2014-03-24,TMAX,133
USW00013754,2005-03-19,TMAX,139
USC00315830,2008-10-28,TMAX,222
USW00093719,2005-11-09,TMIN,133
USW00093765,2008-12-15,TMIN,150
USC00314684,2006-11-03,TMIN,33
USW00093719,2005-11-09,TMAX,267
USC00317170,2008-02-24,TMIN,56
USC00314684,2006-11-03,TMAX,222
USC00310356,2008-11-02,TMAX,211
USW00093765,2006-11-01,TMAX,239
USC00316096,2013-12-12,TMAX,83
USW00093765,2006-11-01,TMIN,156
USC00317170,2008-02-24,TMAX,122
USC00315830,2011-05-11,TMAX,250
USR0000NCRN,2008-12-30,TMAX,167
USR0000NCRN,2008-12-30,TMIN,50
USC00310356,2008-11-02,TMIN,78
USC00310576,2006-02-26,TMIN,-28
USC00316676,2008-01-16,TMIN,-39
USC00316096,2013-12-12,TMIN,-33
USC00310356,2005-09-04,TMAX,328
USC00310356,2005-09-04,TMIN,228
USW00093719,2013-03-10,TMIN,-11
USW00013754,2009-01-30,TMIN,6
USC00316676,2012-07-21,TMIN,222
USC00316676,2012-07-21,TMAX,328
USR0000NHOF,2006-11-27,TMIN,44
USC00317170,2012-09-24,TMIN,106
USR0000NHOF,2006-11-27,TMAX,222
USC00315830,2015-03-01,TMAX,67
USR0000NCRN,2006-03-11,TMIN,139
USC00317170,2011-02-13,TMIN,6
USC00315830,2010-02-03,TMIN,39
USC00317170,2011-02-13,TMAX,161
USR0000NCRN,2006-03-11,TMAX,272
USR0000NNWB,2011-03-31,TMAX,111
USW00093765,2006-12-05,TMIN,-16
USC00315830,2015-03-01,TMIN,6
USC00315830,2014-03-24,TMIN,28
USC00317170,2008-01-01,TMIN,50
USW00093765,2010-01-29,TMAX,106
USC00314684,2011-09-06,TMAX,306
USW00093765,2010-01-29,TMIN,11
USC00314684,2011-09-06,TMIN,211
USW00093765,2006-12-05,TMAX,128
USC00310576,2008-11-15,TMAX,233
USC00310576,2008-11-15,TMIN,183
USC00315830,2010-02-03,TMAX,133
USC00314144,2005-06-14,TMIN,233
USC00310356,2015-01-16,TMIN,17
USW00093719,2007-06-18,TMAX,339
USR0000NHOF,2013-01-25,TMIN,-89
USR0000NHOF,2013-01-25,TMAX,17
USR0000NCRN,2013-01-30,TMAX,217
USW00093765,2009-10-02,TMAX,261
USC00314689,2007-08-24,TMAX,328
USC00310356,2015-06-24,TMIN,261
USW00093719,2007-06-18,TMIN,206
USR0000NCRN,2013-01-30,TMIN,144
USR0000NNWB,2011-12-26,TMIN,17
USC00310356,2015-06-24,TMAX,300
USW00093765,2009-10-02,TMIN,122
USC00317170,2011-03-25,TMIN,67
USC00317170,2011-03-25,TMAX,156
USW00093719,2009-06-10,TMAX,294
USR0000NCRN,2008-07-19,TMAX,317
USR0000NCRN,2008-07-19,TMIN,222
USR0000NNWB,2011-12-26,TMAX,133
USC00310576,2012-12-24,TMIN,-6
USW00013754,2009-03-14,TMIN,56
USC00310576,2012-12-24,TMAX,128
USW00013754,2009-03-14,TMAX,111
USC00317170,2010-04-04,TMAX,294
USC00317170,2010-04-04,TMIN,156
USC00310356,2008-03-24,TMIN,67
USC00310576,2010-12-14,TMAX,44
USC00310576,2010-12-14,TMIN,-17
USC00315830,2009-08-13,TMIN,222
USC00314689,2007-08-24,TMIN,228
USC00316096,2014-05-10,TMIN,217
USC00315830,2009-08-13,TMAX,306
USR0000NNWB,2008-10-05,TMIN,100
USR0000NNWB,2012-07-29,TMIN,211
USC00314684,2006-06-18,TMIN,156
USR0000NNWB,2012-07-29,TMAX,350
USW00093743,2012-11-03,TMIN,-10
USC00314684,2006-06-18,TMAX,300
USR0000NNWB,2008-10-05,TMAX,283
USC00316096,2009-09-12,TMIN,144
USC00316096,2009-09-12,TMAX,272
USC00310576,2009-10-05,TMIN,161
USW00093743,2012-11-03,TMAX,144
USW00093719,2010-09-11,TMIN,178
USC00310576,2009-10-05,TMAX,244
USW00093719,2010-09-11,TMAX,250
USC00314689,2012-07-03,TMIN,217
USC00315830,2014-08-25,TMAX,267
USC00314689,2012-07-03,TMAX,344
USC00316676,2005-08-30,TMAX,300
USC00310576,2007-06-21,TMAX,311
USW00013754,2014-06-18,TMIN,222
USC00316676,2005-08-30,TMIN,222
USW00093719,2009-06-10,TMIN,178
USR0000NCRN,2007-12-20,TMIN,0
USC00310576,2007-06-21,TMIN,167
USR0000NCRN,2007-12-20,TMAX,67
USC00314684,2014-05-26,TMIN,139
USC00314684,2014-05-26,TMAX,278
USW00013754,2008-12-16,TMAX,211
USC00317170,2013-03-10,TMAX,183
USW00013754,2008-12-16,TMIN,94
USC00310356,2006-08-19,TMIN,206
USC00314689,2010-06-13,TMIN,233
USC00310356,2006-08-19,TMAX,278
USW00093743,2008-03-24,TMAX,139
USC00317170,2013-03-10,TMIN,-17
USW00093743,2008-03-24,TMIN,39
USC00314689,2010-06-13,TMAX,350
USC00310576,2008-11-27,TMAX,122
USW00013754,2014-06-18,TMAX,328
USR0000NCRN,2008-05-16,TMAX,267
USR0000NCRN,2008-05-16,TMIN,178
USC00317170,2008-09-24,TMAX,217
USC00315830,2012-08-22,TMIN,217
USC00315830,2012-08-22,TMAX,283
USW00093719,2012-03-05,TMAX,161
USC00315830,2014-08-25,TMIN,194
USC00310356,2012-11-03,TMIN,61
USC00310356,2012-11-03,TMAX,178
USW00093719,2006-09-05,TMAX,294
USR0000NNWB,2014-02-06,TMIN,0
USR0000NNWB,2014-02-06,TMAX,83
USW00093719,2006-09-05,TMIN,211
USC00314684,2012-09-24,TMIN,89
USW00093765,2007-11-10,TMAX,161
USC00316096,2010-12-07,TMIN,-61
USR0000NCRN,2010-05-11,TMAX,206
USW00093719,2012-03-05,TMIN,-6
USC00315830,2009-06-30,TMIN,228
USC00315830,2009-06-30,TMAX,322
USR0000NCRN,2010-05-11,TMIN,122
USC00314689,2012-11-06,TMAX,122
USW00093765,2007-08-06,TMIN,222
USC00317170,2008-09-24,TMIN,161
USC00314689,2012-11-06,TMIN,11
USW00093765,2007-11-10,TMIN,61
USR0000NCRN,2014-06-04,TMIN,200
USC00314684,2012-09-24,TMAX,256
USC00310356,2014-11-08,TMAX,172
USC00314144,2009-02-10,TMAX,211
USC00314144,2009-02-10,TMIN,17
USW00093719,2014-07-22,TMAX,306
USW00093719,2014-07-22,TMIN,239
USC00314684,2014-10-25,TMIN,39
USC00314689,2007-10-12,TMAX,289
USC00314684,2014-10-25,TMAX,211
USW00013754,2008-12-21,TMIN,50
USW00093719,2013-05-12,TMAX,261
USW00093719,2007-12-01,TMIN,-17
USW00013754,2008-12-21,TMAX,178
USC00314684,2015-12-05,TMAX,128
USC00314684,2015-12-05,TMIN,6
USC00316096,2015-04-14,TMAX,250
USC00316096,2012-11-06,TMIN,44
USC00316096,2011-11-16,TMIN,183
USC00314689,2012-07-20,TMAX,328
USC00314689,2012-07-20,TMIN,244
USR0000NHOF,2008-10-22,TMAX,156
USW00093719,2013-05-12,TMIN,194
USR0000NHOF,2008-10-22,TMIN,-6
USW00093719,2006-10-06,TMAX,272
USC00316096,2015-04-14,TMIN,194
USW00093719,2006-10-06,TMIN,128
USC00315830,2008-09-21,TMAX,250
USC00314144,2010-07-11,TMAX,306
USC00314144,2010-07-11,TMIN,189
USW00093765,2014-05-07,TMIN,189
USC00314144,2007-09-14,TMIN,189
USC00314144,2007-09-14,TMAX,283
USR0000NCRN,2005-10-22,TMIN,172
USR0000NCRN,2005-10-22,TMAX,267
USC00314689,2014-08-19,TMIN,206
USC00314689,2014-08-19,TMAX,333
USR0000NHOF,2005-08-09,TMAX,289
USC00310576,2013-02-03,TMAX,100
USW00093765,2014-05-07,TMAX,256
USC00316096,2012-11-06,TMAX,89
USR0000NHOF,2005-08-09,TMIN,194
USR0000NCRN,2015-01-31,TMAX,78
USR0000NHOF,2011-01-01,TMAX,189
USW00093719,2008-12-29,TMIN,17
USW00093719,2008-12-29,TMAX,172
USR0000NCRN,2015-01-31,TMIN,-39
USC00316096,2013-01-12,TMIN,111
USC00315830,2008-09-21,TMIN,194
USC00316096,2013-01-12,TMAX,217
USC00314689,2007-10-12,TMIN,83
USR0000NCRN,2014-06-15,TMIN,200
USW00093719,2010-05-26,TMAX,267
USC00314144,2010-11-14,TMAX,194
USR0000NNWB,2006-06-13,TMAX,244
USR0000NNWB,2006-06-13,TMIN,183
USC00317170,2010-01-29,TMAX,106
USC00317170,2010-01-29,TMIN,28
USR0000NHOF,2015-06-24,TMIN,228
USC00310356,2006-11-27,TMIN,72
USR0000NNWB,2006-04-17,TMIN,117
USW00013754,2007-10-03,TMAX,300
USR0000NCRN,2015-03-22,TMAX,172
USW00093719,2007-12-01,TMAX,139
USC00310356,2006-11-27,TMAX,200
USR0000NHOF,2015-06-24,TMAX,361
USC00310576,2007-04-28,TMIN,183
USC00310576,2007-04-28,TMAX,283
USC00310356,2008-03-24,TMAX,156
USR0000NHOF,2012-11-03,TMIN,6
USW00093765,2013-03-10,TMAX,167
USW00093765,2013-03-10,TMIN,17
USR0000NCRN,2015-03-22,TMIN,89
USC00310356,2014-11-08,TMIN,72
USC00314144,2010-11-14,TMIN,-17
USC00314689,2006-04-20,TMIN,111
USW00013754,2007-10-03,TMIN,222
USC00316676,2011-07-29,TMIN,239
USC00314684,2013-12-10,TMAX,133
USC00317170,2008-04-28,TMIN,183
USC00314684,2013-12-10,TMIN,39
USC00316096,2011-11-16,TMAX,222
USW00093719,2010-05-26,TMIN,178
USR0000NNWB,2009-09-28,TMIN,167
USR0000NNWB,2009-09-28,TMAX,289
USR0000NCRN,2014-06-15,TMAX,272
USC00317170,2008-04-28,TMAX,239
USC00316096,2012-05-24,TMIN,189
USC00316096,2014-05-10,TMAX,267
USC00316096,2012-05-24,TMAX,289
USR0000NHOF,2014-11-08,TMIN,-6
USR0000NHOF,2014-11-08,TMAX,189
USW00093719,2005-07-25,TMIN,200
USC00316676,2011-07-29,TMAX,356
USR0000NCRN,2013-06-20,TMIN,189
USR0000NCRN,2013-06-20,TMAX,272
USR0000NNWB,2006-04-17,TMAX,278
USC00310576,2009-02-27,TMAX,194
USC00310576,2009-02-27,TMIN,17
USC00314144,2005-06-14,TMAX,339
USW00093719,2005-07-25,TMAX,328
USW00093765,2009-08-01,TMIN,256
USW00093765,2009-08-01,TMAX,300
USC00314684,2012-04-05,TMIN,144
USC00310356,2014-07-26,TMAX,289
USR0000NNWB,2007-02-07,TMAX,117
USR0000NNWB,2009-08-29,TMAX,317
USC00315830,2008-01-21,TMAX,33
USC00315830,2013-10-25,TMIN,78
USC00315830,2008-01-21,TMIN,-44
USC00314689,2010-12-04,TMAX,83
USW00093765,2011-07-31,TMIN,250
USW00093719,2012-09-24,TMAX,239
USR0000NHOF,2007-12-08,TMIN,0
USR0000NHOF,2007-11-04,TMAX,194
USW00093719,2012-09-24,TMIN,128
USC00310576,2009-12-28,TMAX,156
USC00310576,2007-12-28,TMIN,50
USC00310576,2009-12-28,TMIN,67
USR0000NHOF,2007-11-04,TMIN,-22
USW00013754,2012-02-15,TMIN,50
USC00314689,2013-03-01,TMAX,106
USC00310576,2008-03-11,TMAX,167
USC00310576,2008-03-11,TMIN,17
USC00315830,2009-11-17,TMAX,222
USR0000NNWB,2007-02-07,TMIN,11
USC00315830,2009-11-17,TMIN,106
USC00310356,2014-07-26,TMIN,211
USC00316096,2014-10-17,TMIN,106
USC00314689,2009-02-23,TMAX,106
USR0000NCRN,2010-03-13,TMAX,167
USC00310356,2009-08-15,TMAX,256
USC00310356,2009-08-15,TMIN,228
USC00316676,2015-04-16,TMIN,117
USC00314689,2010-12-04,TMIN,11
USR0000NHOF,2005-10-03,TMIN,167
USR0000NHOF,2005-10-03,TMAX,278
USW00013754,2015-02-27,TMAX,106
USC00316676,2015-04-16,TMAX,194
USC00315830,2013-10-25,TMAX,183
USC00310576,2010-02-11,TMAX,72
USC00310576,2006-03-25,TMIN,0
USC00310576,2006-03-25,TMAX,122
USC00310576,2010-02-11,TMIN,22
USC00317170,2013-12-10,TMAX,233
USC00310576,2007-12-28,TMAX,150
USR0000NHOF,2006-09-16,TMIN,122
USR0000NNWB,2009-08-29,TMIN,228
USC00316096,2014-10-17,TMAX,233
USC00317170,2013-12-10,TMIN,56
USR0000NCRN,2010-03-13,TMIN,117
USC00314689,2013-03-01,TMIN,22
USC00316676,2007-03-27,TMIN,72
USC00317170,2009-12-23,TMAX,133
USC00316096,2011-05-04,TMAX,244
USW00093719,2009-09-28,TMIN,156
USC00310576,2015-12-26,TMIN,172
USW00013754,2013-03-10,TMAX,167
USW00013754,2013-03-10,TMIN,-16
USR0000NCRN,2007-07-28,TMAX,294
USW00013754,2014-07-22,TMAX,289
USW00093719,2009-09-28,TMAX,283
USR0000NCRN,2007-07-28,TMIN,217
USW00093719,2011-10-22,TMAX,206
USW00093743,2009-08-15,TMAX,306
USW00013754,2014-07-22,TMIN,228
USC00314689,2014-10-17,TMAX,233
USC00314689,2014-10-17,TMIN,106
USC00310356,2011-11-22,TMAX,194
USC00310356,2011-11-22,TMIN,150
USW00093719,2011-10-22,TMIN,67
USR0000NNWB,2006-06-03,TMIN,183
USR0000NNWB,2006-06-03,TMAX,250
USC00314144,2011-04-30,TMIN,83
USC00316676,2015-06-19,TMAX,328
USC00314144,2011-06-20,TMAX,339
USC00310576,2015-12-26,TMAX,256
USC00315830,2010-03-15,TMAX,172
USC00314144,2011-06-20,TMIN,211
USW00093743,2007-11-19,TMAX,200
USC00317170,2009-12-23,TMIN,0
USW00093743,2007-11-19,TMIN,72
USC00316676,2012-07-28,TMAX,350
USW00093719,2007-11-26,TMIN,111
USC00314689,2013-01-12,TMIN,133
USC00314689,2009-09-12,TMIN,161
USC00314144,2010-05-11,TMAX,206
USC00314144,2010-05-11,TMIN,111
USC00314144,2007-07-25,TMAX,283
USC00310356,2006-10-28,TMAX,194
USC00314689,2009-02-23,TMIN,-22
USC00314689,2009-09-12,TMAX,294
USC00314144,2007-07-25,TMIN,122
USW00093719,2007-11-26,TMAX,222
USC00314689,2015-03-12,TMAX,289
USC00314689,2013-01-12,TMAX,222
USC00316096,2011-05-04,TMIN,72
USC00316096,2014-11-04,TMAX,194
USC00316096,2014-11-04,TMIN,11
USW00013754,2012-02-15,TMAX,183
USC00315830,2010-03-15,TMIN,61
USC00317170,2012-04-05,TMIN,100
USC00316676,2012-07-28,TMIN,233
USR0000NHOF,2006-10-25,TMIN,-28
USR0000NNWB,2010-12-29,TMIN,-50
USW00013754,2005-06-01,TMIN,167
USC00316676,2010-06-02,TMAX,272
USC00315830,2013-08-27,TMAX,289
USW00093765,2015-08-16,TMIN,183
USC00315830,2013-08-27,TMIN,178
USR0000NCRN,2015-02-06,TMAX,50
USR0000NNWB,2009-05-04,TMAX,300
USW00013754,2005-06-01,TMAX,222
USR0000NCRN,2015-02-06,TMIN,-50
USR0000NHOF,2006-10-28,TMIN,67
USR0000NHOF,2006-10-28,TMAX,222
USR0000NHOF,2015-10-26,TMAX,194
USC00314689,2015-04-05,TMIN,22
USR0000NNWB,2009-05-04,TMIN,183
USC00317170,2015-09-19,TMAX,328
USW00013754,2011-03-04,TMAX,139
USC00314689,2007-11-02,TMIN,111
USC00314689,2015-04-05,TMAX,200
USC00314684,2014-05-07,TMIN,139
USC00314684,2014-05-07,TMAX,294
USC00314689,2007-11-02,TMAX,244
USC00316096,2010-09-02,TMAX,278
USR0000NNWB,2008-07-12,TMIN,194
USR0000NCRN,2006-12-01,TMIN,183
USC00314144,2008-06-23,TMAX,294
USC00317170,2015-08-18,TMAX,328
USR0000NNWB,2008-01-27,TMIN,-22
USC00316676,2008-10-30,TMAX,150
USR0000NNWB,2009-07-04,TMAX,317
USR0000NNWB,2009-07-04,TMIN,167
USC00316676,2015-02-08,TMIN,-6
USW00093765,2011-07-31,TMAX,333
USW00093719,2011-07-24,TMIN,239
USW00093719,2011-07-24,TMAX,350
USR0000NCRN,2006-12-01,TMAX,228
USW00093743,2013-09-10,TMAX,317
USC00314689,2007-03-27,TMIN,150
USW00093765,2013-03-15,TMIN,28
USW00093743,2013-09-10,TMIN,222
USW00013754,2014-03-24,TMIN,11
USW00013754,2014-03-24,TMAX,94
USW00093765,2013-03-15,TMAX,128
USC00316676,2008-06-13,TMIN,178
USC00316676,2012-06-17,TMAX,267
USC00316676,2012-06-17,TMIN,144
USC00314144,2008-06-23,TMIN,183
USC00316676,2010-06-02,TMIN,217
USC00314689,2005-08-02,TMIN,206
USC00316676,2015-02-08,TMAX,167
USC00317170,2015-09-19,TMIN,200
USW00093719,2013-10-19,TMAX,239
USC00310576,2014-08-25,TMAX,272
USW00093719,2015-07-20,TMAX,350
USR0000NHOF,2006-09-16,TMAX,250
USW00093719,2015-07-20,TMIN,239
USC00310576,2014-08-25,TMIN,178
USR0000NHOF,2014-07-26,TMIN,206
USR0000NNWB,2010-12-29,TMAX,89
USC00316096,2014-12-03,TMAX,222
USR0000NHOF,2014-07-26,TMAX,339
USC00316676,2008-06-13,TMAX,328
USC00310356,2007-05-16,TMIN,189
USW00093719,2006-06-03,TMIN,172
USW00093719,2006-06-03,TMAX,267
USC00316676,2014-04-02,TMAX,261
USC00316676,2014-04-02,TMIN,44
USC00316096,2014-12-03,TMIN,94
USW00013754,2015-02-27,TMIN,0
USW00093719,2011-03-26,TMIN,50
USC00310356,2007-05-16,TMAX,228
USR0000NHOF,2006-10-25,TMAX,133
USC00317170,2008-04-06,TMIN,122
USC00317170,2008-04-06,TMAX,194
USC00314689,2013-12-12,TMAX,111
USC00314689,2013-12-12,TMIN,-44
USC00314144,2006-01-23,TMIN,67
USC00314144,2006-01-23,TMAX,211
USC00314689,2009-04-02,TMIN,122
USC00315830,2008-09-06,TMAX,294
USC00315830,2008-09-06,TMIN,256
USR0000NHOF,2015-10-26,TMIN,133
USC00317170,2014-06-13,TMAX,311
USC00315830,2014-12-01,TMIN,94
USC00315830,2014-12-01,TMAX,167
USC00314689,2009-04-02,TMAX,194
USC00310356,2006-10-28,TMIN,17
USW00093765,2012-04-05,TMAX,206
USW00093719,2013-10-19,TMIN,200
USC00315830,2010-07-12,TMIN,250
USR0000NCRN,2012-04-12,TMIN,17
USR0000NCRN,2012-04-12,TMAX,172
USC00315830,2010-07-12,TMAX,306
USC00317170,2014-06-13,TMIN,200
USC00314689,2012-12-15,TMAX,139
USC00314689,2012-12-15,TMIN,0
USC00317170,2011-05-11,TMIN,117
USC00317170,2011-05-11,TMAX,267
USW00093765,2012-04-05,TMIN,117
USC00316096,2010-12-07,TMAX,11
USW00093765,2009-08-15,TMIN,228
USC00316676,2011-06-22,TMAX,317
USC00310576,2008-08-25,TMAX,300
USW00013754,2013-05-12,TMAX,261
USC00315830,2007-08-24,TMIN,233
USC00316676,2015-07-22,TMIN,228
USC00315830,2008-08-03,TMIN,228
USW00013754,2013-05-12,TMIN,167
USC00316676,2015-07-22,TMAX,350
USC00315830,2008-08-03,TMAX,317
USC00316676,2015-06-11,TMIN,194
USC00316676,2015-06-11,TMAX,294
USC00310576,2008-08-25,TMIN,183
USC00316676,2013-09-12,TMIN,183
USC00315830,2006-01-25,TMAX,144
USC00314689,2007-03-13,TMAX,244
USC00310576,2015-05-05,TMAX,283
USC00316096,2012-07-20,TMAX,300
USC00310356,2015-02-06,TMAX,94
USC00310356,2015-02-06,TMIN,-44
USR0000NCRN,2011-03-14,TMAX,156
USR0000NHOF,2008-10-07,TMAX,222
USC00316096,2015-04-05,TMAX,194
USW00093765,2015-11-04,TMIN,178
USC00314689,2007-03-13,TMIN,44
USC00317170,2012-09-29,TMAX,250
USC00315830,2007-08-24,TMAX,300
USW00013754,2009-08-27,TMAX,322
USC00314689,2006-06-18,TMIN,167
USW00093743,2008-08-29,TMIN,150
USC00314689,2006-06-18,TMAX,294
USC00317170,2012-09-29,TMIN,178
USR0000NNWB,2008-10-09,TMIN,161
USR0000NNWB,2014-07-22,TMIN,233
USR0000NNWB,2008-10-09,TMAX,267
USC00314684,2010-11-23,TMIN,39
USC00314689,2011-07-20,TMIN,233
USW00013754,2009-02-08,TMAX,233
USC00314684,2010-11-23,TMAX,217
USC00316676,2009-08-11,TMIN,228
USC00316096,2015-04-05,TMIN,22
USW00013754,2009-08-19,TMIN,217
USC00314684,2008-05-13,TMAX,183
USC00314689,2011-07-20,TMAX,361
USW00013754,2013-10-19,TMIN,189
USW00013754,2013-10-19,TMAX,233
USC00314684,2008-05-13,TMIN,72
USC00316676,2009-09-06,TMAX,289
USR0000NHOF,2011-01-01,TMIN,-11
USC00310576,2015-05-05,TMIN,78
USC00316096,2009-12-07,TMAX,133
USW00093765,2012-09-24,TMAX,233
USC00310356,2015-03-13,TMAX,156
USC00314684,2009-03-31,TMAX,200
USW00093743,2013-06-20,TMAX,283
USC00317170,2015-11-22,TMAX,139
USC00310356,2013-06-20,TMIN,200
USC00310356,2013-06-20,TMAX,233
USR0000NCRN,2011-03-14,TMIN,89
USC00314684,2009-03-31,TMIN,22
USC00317170,2015-11-22,TMIN,72
USR0000NCRN,2014-06-04,TMAX,311
USC00315830,2010-04-27,TMIN,111
USR0000NCRN,2007-10-15,TMAX,261
USC00310576,2005-02-19,TMIN,-67
USC00316676,2010-04-01,TMIN,56
USW00093765,2011-07-30,TMIN,283
USC00315830,2012-10-31,TMAX,156
USC00310576,2005-02-19,TMAX,94
USC00316676,2010-04-01,TMAX,244
USC00314684,2012-04-05,TMAX,289
USR0000NHOF,2005-09-04,TMIN,128
USR0000NHOF,2005-09-04,TMAX,278
USW00093743,2013-06-20,TMIN,189
USW00093743,2013-11-09,TMIN,28
USW00093743,2013-11-09,TMAX,161
USR0000NHOF,2015-02-06,TMIN,-89
USW00093765,2012-09-24,TMIN,128
USC00316096,2012-07-20,TMIN,228
USC00315830,2006-01-25,TMIN,61
USC00316096,2009-12-07,TMIN,28
USC00310356,2013-06-09,TMAX,272
USC00310576,2007-05-25,TMAX,244
USC00316676,2013-09-12,TMAX,300
USC00310356,2013-06-09,TMIN,239
USC00314689,2014-12-03,TMAX,161
USW00093765,2015-01-10,TMAX,61
USW00013754,2009-02-08,TMIN,56
USR0000NCRN,2007-10-15,TMIN,117
USW00093743,2013-06-09,TMAX,283
USC00314689,2014-12-03,TMIN,78
USC00310576,2007-05-25,TMIN,117
USW00093765,2005-08-03,TMAX,322
USC00315830,2010-04-27,TMAX,222
USW00093743,2013-06-09,TMIN,239
USR0000NHOF,2015-02-06,TMAX,72
USR0000NCRN,2013-05-22,TMIN,222
USR0000NCRN,2013-05-22,TMAX,272
USC00310356,2015-03-13,TMIN,72
USW00093765,2005-08-03,TMIN,194
USC00314144,2011-04-30,TMAX,261
USW00093743,2008-08-29,TMAX,206
USC00314689,2008-03-30,TMIN,61
USC00316096,2014-05-26,TMIN,139
USR0000NCRN,2012-02-21,TMIN,-22
USC00310356,2013-05-22,TMIN,222
USW00093719,2011-03-26,TMAX,133
USC00310356,2013-05-22,TMAX,261
USW00093719,2009-10-02,TMAX,261
USW00093719,2009-10-02,TMIN,106
USW00093719,2009-02-02,TMAX,172
USC00310576,2007-11-11,TMAX,150
USW00093765,2015-11-20,TMAX,189
USW00093719,2014-02-06,TMIN,6
USC00316676,2007-03-27,TMAX,244
USC00310576,2012-05-29,TMAX,311
USW00093719,2014-02-06,TMAX,111
USC00314689,2014-01-09,TMIN,-56
USC00314689,2014-01-09,TMAX,117
USC00310576,2012-05-29,TMIN,194
USW00093765,2015-11-20,TMIN,94
USC00314684,2005-12-26,TMAX,172
USC00316676,2011-09-18,TMAX,200
USC00315830,2014-01-03,TMIN,6
USC00314689,2010-07-05,TMAX,322
USC00314684,2005-12-26,TMIN,72
USC00310576,2007-11-11,TMIN,28
USW00093719,2009-02-02,TMIN,11
USW00093765,2009-08-15,TMAX,289
USR0000NCRN,2006-01-21,TMIN,100
USC00316676,2011-06-22,TMIN,206
USC00316676,2015-06-19,TMIN,217
USC00315830,2011-09-23,TMIN,222
USC00314684,2007-07-10,TMIN,228
USR0000NHOF,2008-05-16,TMIN,189
USR0000NHOF,2008-05-16,TMAX,294
USW00093743,2009-08-15,TMIN,222
USC00310356,2008-08-29,TMAX,294
USC00314684,2007-07-10,TMAX,311
USC00310576,2011-06-25,TMIN,228
USC00310356,2008-08-29,TMIN,239
USC00315830,2011-09-23,TMAX,294
USW00013754,2008-05-23,TMIN,128
USW00093743,2013-05-22,TMIN,222
USW00093743,2013-05-22,TMAX,278
USW00013754,2007-02-07,TMIN,11
USW00013754,2007-02-07,TMAX,128
USW00013754,2008-05-23,TMAX,244
USC00310576,2011-06-25,TMAX,333
USC00314689,2010-07-05,TMIN,178
USC00314689,2015-11-09,TMAX,189
USR0000NCRN,2009-08-20,TMIN,283
USC00314689,2015-11-09,TMIN,106
USC00310356,2008-05-16,TMAX,222
USC00310356,2013-11-09,TMAX,200
USC00314689,2011-09-24,TMAX,244
USC00314684,2015-11-10,TMIN,117
USC00314684,2015-11-10,TMAX,211
USR0000NCRN,2009-08-20,TMAX,311
USW00013754,2009-08-27,TMIN,211
USR0000NHOF,2007-12-08,TMAX,217
USC00315830,2009-11-15,TMAX,200
USW00093719,2009-07-04,TMAX,311
USC00315830,2007-10-28,TMIN,144
USW00093719,2009-07-04,TMIN,161
USW00013754,2009-08-19,TMAX,328
USC00316676,2009-08-11,TMAX,350
USC00310356,2013-11-09,TMIN,67
USR0000NCRN,2012-02-21,TMAX,167
USC00314684,2011-04-29,TMAX,267
USC00315830,2012-03-29,TMIN,167
USC00315830,2012-03-29,TMAX,294
USC00314684,2011-04-29,TMIN,128
USC00314689,2011-09-24,TMIN,200
USC00315830,2007-10-28,TMAX,200
USC00310356,2008-05-16,TMIN,139
USR0000NHOF,2011-11-22,TMIN,139
USR0000NHOF,2011-11-22,TMAX,239
USC00314684,2015-04-14,TMAX,261
USC00316676,2009-05-14,TMIN,111
USC00316676,2009-05-14,TMAX,233
USR0000NCRN,2013-06-09,TMAX,289
USC00314684,2015-04-14,TMIN,106
USC00310576,2005-10-06,TMAX,272
USC00316096,2014-05-26,TMAX,267
USR0000NCRN,2013-06-09,TMIN,239
USC00315830,2014-01-03,TMAX,156
USC00314689,2014-11-04,TMAX,206
USR0000NNWB,2014-07-22,TMAX,294
USC00314689,2014-11-04,TMIN,33
USW00093743,2008-05-16,TMAX,250
USW00013754,2005-05-16,TMIN,183
USR0000NNWB,2013-03-10,TMAX,194
USC00316676,2011-09-18,TMIN,172
USR0000NNWB,2013-03-10,TMIN,-17
USC00310576,2005-10-06,TMIN,228
USC00315830,2009-11-15,TMIN,128
USC00316676,2009-09-06,TMIN,172
USW00093765,2015-01-10,TMIN,-27
USW00013754,2005-05-16,TMAX,244
USW00093743,2008-05-16,TMIN,189
USR0000NHOF,2007-07-10,TMIN,222
USR0000NNWB,2005-03-24,TMIN,83
USC00314689,2007-09-14,TMIN,194
USC00316096,2012-07-03,TMAX,311
USC00316096,2015-11-17,TMAX,206
USC00314144,2009-09-06,TMAX,256
USC00314144,2009-09-06,TMIN,178
USC00316676,2008-02-09,TMIN,17
USC00316676,2008-02-09,TMAX,183
USC00316096,2015-11-17,TMIN,33
USC00314684,2013-01-12,TMIN,67
USC00315830,2009-01-27,TMAX,94
USR0000NHOF,2015-01-16,TMIN,0
USC00310576,2011-02-06,TMAX,183
USC00310576,2008-03-05,TMIN,139
USC00314144,2005-06-22,TMIN,172
USC00314684,2013-01-12,TMAX,178
USC00314684,2006-04-20,TMIN,67
USC00314684,2006-04-20,TMAX,239
USW00093765,2007-03-08,TMAX,111
USC00317170,2011-11-16,TMIN,183
USW00093719,2013-06-09,TMAX,306
USW00093719,2013-06-09,TMIN,233
USC00310576,2008-03-05,TMAX,233
USW00093719,2014-06-18,TMIN,222
USC00317170,2011-11-16,TMAX,261
USW00093719,2014-06-18,TMAX,356
USW00093719,2010-11-25,TMIN,28
USC00315830,2007-03-14,TMAX,211
USW00093743,2008-08-10,TMAX,217
USC00310576,2008-06-13,TMAX,317
USR0000NHOF,2015-01-16,TMAX,133
USW00093743,2008-08-10,TMIN,139
USC00310576,2008-06-13,TMIN,172
USC00310576,2011-02-06,TMIN,72
USC00317170,2015-07-20,TMAX,367
USR0000NHOF,2006-04-13,TMIN,44
USW00093765,2008-04-28,TMIN,194
USW00093765,2008-04-28,TMAX,228
USR0000NHOF,2006-04-13,TMAX,256
USW00013754,2011-06-07,TMAX,317
USC00317170,2015-07-20,TMIN,233
USC00314689,2005-07-04,TMIN,211
USC00314689,2012-06-20,TMIN,211
USC00314689,2005-07-04,TMAX,306
USC00314684,2015-06-11,TMIN,200
USC00314684,2015-06-11,TMAX,306
USC00314689,2012-06-20,TMAX,328
USC00316096,2012-07-03,TMIN,206
USW00013754,2011-06-07,TMIN,178
USC00315830,2007-03-14,TMIN,106
USW00013754,2015-01-06,TMIN,-5
USW00093765,2009-11-05,TMIN,100
USC00314684,2014-08-19,TMIN,206
USC00314144,2009-05-23,TMAX,267
USR0000NNWB,2009-08-19,TMIN,233
USC00314684,2014-08-19,TMAX,328
USC00314689,2011-10-08,TMAX,244
USR0000NCRN,2007-07-25,TMIN,167
USW00013754,2011-09-18,TMIN,172
USC00314684,2007-06-26,TMAX,328
USR0000NNWB,2006-10-06,TMIN,122
USC00315830,2007-05-23,TMIN,167
USC00314689,2013-03-10,TMAX,189
USR0000NNWB,2006-10-06,TMAX,272
USC00316096,2010-05-28,TMIN,183
USR0000NHOF,2006-01-21,TMAX,222
USC00316096,2010-05-28,TMAX,289
USR0000NHOF,2006-01-21,TMIN,6
USC00314144,2008-04-18,TMIN,39
USC00314144,2008-04-18,TMAX,289
USC00315830,2006-03-18,TMIN,33
USC00314689,2013-03-10,TMIN,-11
USC00310576,2015-03-11,TMIN,94
USR0000NNWB,2009-08-19,TMAX,344
USR0000NHOF,2005-10-30,TMAX,200
USR0000NCRN,2007-07-25,TMAX,294
USC00314144,2005-06-22,TMAX,328
USW00093719,2007-06-19,TMIN,217
USW00093719,2008-03-15,TMIN,117
USW00093719,2008-03-15,TMAX,228
USW00093765,2007-03-08,TMIN,33
USR0000NNWB,2009-07-28,TMAX,322
USR0000NNWB,2009-07-28,TMIN,211
USW00093719,2007-06-19,TMAX,339
USC00310356,2006-01-21,TMAX,183
USC00316676,2007-07-15,TMAX,300
USC00310356,2006-01-21,TMIN,-67
USC00316676,2007-07-15,TMIN,200
USR0000NCRN,2006-03-10,TMAX,283
USR0000NHOF,2005-10-30,TMIN,-17
USW00093719,2010-11-25,TMAX,222
USC00315830,2006-03-18,TMAX,206
USC00315830,2007-05-23,TMAX,250
USC00314144,2009-05-23,TMIN,128
USC00314689,2011-01-12,TMAX,22
USC00317170,2014-07-22,TMAX,294
USC00317170,2014-07-22,TMIN,222
USR0000NCRN,2005-05-19,TMIN,133
USC00316676,2007-09-04,TMAX,300
USC00314689,2015-01-09,TMIN,-78
USC00316676,2013-12-27,TMAX,72
USC00314689,2015-01-09,TMAX,106
USR0000NHOF,2013-01-30,TMIN,139
USC00316676,2012-04-05,TMAX,294
USC00316676,2012-04-05,TMIN,161
USR0000NNWB,2013-06-09,TMAX,328
USR0000NNWB,2013-06-09,TMIN,222
USW00093743,2010-07-09,TMAX,350
USR0000NHOF,2014-05-29,TMAX,294
USC00315830,2009-01-27,TMIN,44
USC00315830,2007-09-23,TMAX,322
USR0000NHOF,2014-05-29,TMIN,183
USR0000NHOF,2011-02-18,TMAX,244
USW00093743,2011-02-14,TMIN,78
USR0000NCRN,2015-03-02,TMAX,172
USC00315830,2010-07-06,TMAX,306
USR0000NNWB,2014-10-25,TMIN,67
USR0000NNWB,2014-10-25,TMAX,244
USC00314684,2013-05-12,TMAX,300
USC00315830,2007-09-23,TMIN,217
USC00314684,2008-08-10,TMIN,172
USC00314684,2013-05-12,TMIN,183
USC00314684,2009-09-26,TMAX,300
USR0000NHOF,2013-01-30,TMAX,222
USC00314684,2009-09-26,TMIN,183
USR0000NNWB,2012-09-13,TMIN,161
USC00310356,2006-09-07,TMAX,306
USC00310576,2006-09-22,TMAX,233
USR0000NCRN,2015-03-02,TMIN,33
USC00310576,2006-09-22,TMIN,122
USW00013754,2009-08-29,TMIN,222
USC00316676,2007-05-17,TMAX,283
USW00013754,2009-08-29,TMAX,311
USC00316676,2007-10-01,TMIN,167
USC00310576,2005-11-08,TMAX,233
USC00310576,2005-11-08,TMIN,72
USW00013754,2013-06-09,TMAX,300
USW00013754,2013-06-09,TMIN,228
USC00310576,2010-03-19,TMIN,50
USW00013754,2015-01-06,TMAX,167
USC00314689,2010-05-28,TMIN,194
USC00314689,2010-05-28,TMAX,322
USC00314144,2007-10-24,TMAX,278
USC00310356,2010-12-30,TMIN,0
USC00314144,2007-10-24,TMIN,211
USC00314144,2011-07-13,TMIN,261
USR0000NNWB,2012-09-13,TMAX,294
USC00310356,2006-09-07,TMIN,183
USC00316676,2007-10-01,TMAX,261
USC00315830,2007-02-07,TMIN,-17
USC00315830,2007-02-07,TMAX,139
USR0000NHOF,2011-02-18,TMIN,106
USC00316676,2014-01-06,TMIN,94
USW00093719,2007-06-10,TMAX,283
USR0000NHOF,2010-03-13,TMAX,194
USR0000NHOF,2010-03-13,TMIN,117
USR0000NNWB,2010-06-21,TMAX,356
USR0000NNWB,2010-06-21,TMIN,233
USW00013754,2014-10-25,TMIN,67
USW00013754,2010-09-19,TMAX,278
USC00316096,2013-03-10,TMAX,178
USC00314144,2010-03-31,TMAX,244
USW00013754,2014-10-25,TMAX,233
USC00314144,2010-03-31,TMIN,44
USC00316096,2013-03-10,TMIN,-22
USC00310576,2008-06-11,TMIN,228
USC00310356,2015-08-28,TMIN,222
USC00310356,2015-08-28,TMAX,283
USC00316096,2013-05-21,TMIN,217
USC00316096,2013-05-21,TMAX,267
USC00310576,2008-06-11,TMAX,361
USC00316676,2012-09-16,TMIN,161
USC00316676,2012-09-16,TMAX,278
USC00316676,2005-01-25,TMIN,-94
USC00314689,2008-05-13,TMIN,78
USC00316676,2005-01-25,TMAX,50
USW00013754,2009-01-16,TMAX,-10
USW00093719,2012-09-29,TMIN,189
USW00093719,2012-09-29,TMAX,250
USW00093743,2010-07-09,TMIN,222
USW00093743,2011-02-14,TMAX,139
USC00314684,2009-02-21,TMAX,72
USC00314684,2008-08-10,TMAX,300
USW00093719,2007-06-10,TMIN,183
USW00093719,2014-05-07,TMIN,178
USC00314689,2013-05-21,TMIN,200
USW00093719,2014-05-07,TMAX,283
USR0000NCRN,2015-06-24,TMIN,233
USC00314689,2013-05-21,TMAX,289
USC00314144,2011-07-13,TMAX,378
USW00013754,2010-09-19,TMIN,183
USW00093743,2008-06-28,TMAX,261
USW00093743,2008-06-28,TMIN,222
USC00314689,2008-05-13,TMAX,200
USC00315830,2010-07-06,TMIN,217
USC00314684,2009-02-21,TMIN,-67
USC00316676,2014-01-06,TMAX,200
USC00316676,2013-12-27,TMIN,11
USW00013754,2009-01-16,TMIN,-60
USC00310576,2010-03-19,TMAX,150
USR0000NNWB,2005-12-02,TMAX,111
USC00314689,2011-10-08,TMIN,100
USC00317170,2014-01-29,TMIN,-72
USC00314684,2015-11-22,TMAX,178
USR0000NHOF,2014-04-03,TMAX,317
USR0000NHOF,2014-04-03,TMIN,133
USW00093765,2011-05-18,TMAX,261
USC00315830,2009-12-28,TMAX,133
USC00310356,2011-01-05,TMAX,100
USR0000NCRN,2014-11-08,TMIN,33
USR0000NHOF,2009-12-05,TMIN,28
USC00314684,2015-11-22,TMIN,44
USR0000NCRN,2014-11-08,TMAX,178
USR0000NHOF,2010-11-03,TMAX,156
USR0000NHOF,2008-06-28,TMAX,333
USC00315830,2009-12-28,TMIN,50
USW00093765,2013-06-09,TMAX,283
USC00310356,2010-10-04,TMAX,200
USC00314144,2008-12-15,TMIN,111
USC00314684,2011-08-11,TMAX,350
USW00093765,2013-06-09,TMIN,233
USC00310576,2005-04-28,TMIN,56
USC00310576,2005-04-28,TMAX,217
USR0000NNWB,2012-09-29,TMIN,183
USC00314144,2008-12-15,TMAX,217
USR0000NHOF,2007-11-19,TMAX,217
USR0000NHOF,2010-11-03,TMIN,100
USC00314144,2008-04-12,TMIN,183
USC00314689,2015-12-05,TMAX,144
USC00310576,2007-10-16,TMAX,250
USR0000NNWB,2010-10-16,TMAX,206
USR0000NNWB,2010-10-16,TMIN,83
USC00314689,2015-12-05,TMIN,11
USW00093719,2007-09-20,TMIN,211
USR0000NNWB,2015-12-03,TMIN,44
USR0000NNWB,2009-09-02,TMIN,172
USR0000NNWB,2009-09-02,TMAX,244
USW00093719,2007-04-01,TMIN,139
USC00310576,2007-10-16,TMIN,100
USW00093765,2011-05-18,TMIN,144
USC00316676,2008-07-30,TMIN,233
USW00093765,2015-08-18,TMIN,228
USW00093765,2015-08-18,TMAX,289
USC00316676,2008-07-30,TMAX,339
USC00310576,2015-10-08,TMIN,128
USC00310576,2015-10-08,TMAX,250
USC00310576,2006-06-03,TMIN,206
USC00314144,2008-04-12,TMAX,289
USC00310576,2006-06-03,TMAX,261
USR0000NNWB,2015-12-03,TMAX,172
USW00013754,2012-03-01,TMAX,278
USW00093719,2006-08-15,TMIN,194
USC00316096,2010-01-29,TMAX,89
USC00316676,2008-07-19,TMAX,328
USC00310576,2010-11-17,TMAX,239
USW00093743,2013-09-02,TMIN,239
USW00093743,2013-09-02,TMAX,306
USW00093765,2006-04-17,TMAX,250
USW00093765,2011-11-16,TMIN,183
USW00093719,2007-04-01,TMAX,256
USW00093765,2006-04-17,TMIN,128
USC00314144,2008-01-15,TMAX,94
USC00314144,2008-01-15,TMIN,-44
USC00314689,2011-09-25,TMIN,211
USC00310576,2008-07-13,TMIN,161
USR0000NNWB,2010-12-05,TMIN,-6
USC00310576,2008-07-13,TMAX,306
USW00093765,2011-11-16,TMAX,222
USC00310356,2013-09-02,TMIN,222
USC00310576,2007-04-16,TMIN,78
USC00310356,2013-09-02,TMAX,289
USC00314684,2011-07-20,TMIN,206
USC00317170,2014-05-26,TMIN,156
USW00093765,2012-05-24,TMIN,200
USC00316676,2008-07-19,TMIN,217
USC00316676,2007-07-14,TMIN,200
USW00093765,2007-04-26,TMIN,172
USW00093765,2007-04-26,TMAX,239
USW00093719,2006-08-15,TMAX,311
USW00013754,2008-01-11,TMAX,206
USC00316096,2010-01-29,TMIN,-6
USC00314689,2011-02-28,TMIN,22
USR0000NHOF,2007-11-19,TMIN,39
USW00013754,2008-01-11,TMIN,172
USC00314689,2011-02-28,TMAX,278
USC00316676,2010-10-28,TMAX,294
USR0000NNWB,2012-09-29,TMAX,256
USC00316676,2015-08-09,TMIN,183
USC00310356,2014-04-03,TMIN,128
USC00316676,2010-10-28,TMIN,222
USC00310356,2010-10-04,TMIN,161
USW00013754,2012-03-01,TMIN,178
USR0000NHOF,2009-12-05,TMAX,128
USR0000NHOF,2012-01-15,TMIN,-50
USC00316676,2014-11-04,TMAX,178
USW00013754,2007-08-04,TMIN,200
USC00316676,2014-11-04,TMIN,22
USC00314684,2011-08-11,TMIN,206
USC00314684,2006-11-01,TMAX,250
USC00314684,2006-11-01,TMIN,94
USC00316676,2015-08-09,TMAX,272
USR0000NCRN,2012-08-17,TMIN,206
USC00310356,2014-04-03,TMAX,178
USC00314689,2013-05-12,TMIN,194
USR0000NNWB,2011-10-19,TMAX,278
USW00013754,2011-05-23,TMIN,194
USR0000NNWB,2011-10-19,TMIN,139
USC00310576,2010-02-03,TMIN,39
USC00310576,2010-02-03,TMAX,89
USR0000NCRN,2015-06-07,TMAX,267
USR0000NCRN,2007-05-16,TMIN,189
USC00316096,2012-06-20,TMIN,200
USR0000NCRN,2015-06-07,TMIN,144
USC00316096,2012-06-20,TMAX,294
USW00093719,2013-08-27,TMAX,311
USW00093719,2013-08-27,TMIN,189
USC00316096,2013-05-12,TMAX,261
USC00316096,2013-05-12,TMIN,172
USC00314144,2005-09-04,TMIN,161
USC00314144,2005-09-04,TMAX,300
USC00315830,2007-04-15,TMIN,72
USW00093765,2013-11-06,TMIN,150
USW00013754,2005-01-22,TMAX,156
USC00314684,2008-07-09,TMIN,211
USC00310356,2005-06-23,TMIN,228
USC00314684,2015-04-30,TMIN,83
USR0000NCRN,2007-05-16,TMAX,267
USR0000NNWB,2012-08-20,TMIN,217
USR0000NCRN,2005-05-19,TMAX,239
USW00013754,2012-07-29,TMIN,211
USR0000NCRN,2015-06-24,TMAX,317
USR0000NNWB,2005-12-02,TMIN,-6
USC00316676,2007-09-04,TMIN,167
USC00314684,2007-06-26,TMIN,217
USW00093765,2009-11-02,TMAX,156
USW00093719,2006-03-22,TMAX,111
USW00093719,2006-05-28,TMAX,300
USW00093719,2006-05-28,TMIN,183
USW00013754,2005-04-02,TMAX,200
USR0000NCRN,2010-07-11,TMAX,322
USW00093765,2009-11-02,TMIN,128
USR0000NCRN,2010-07-11,TMIN,217
USW00013754,2012-07-29,TMAX,311
USW00013754,2011-09-18,TMAX,222
USW00093719,2006-03-22,TMIN,6
USC00310576,2015-03-11,TMAX,233
USC00315830,2007-04-15,TMAX,211
USC00310356,2005-06-23,TMAX,272
USW00013754,2011-05-23,TMAX,300
USR0000NNWB,2012-08-20,TMAX,283
USC00314684,2015-04-30,TMAX,211
USC00316676,2013-06-19,TMIN,211
USC00316676,2013-06-19,TMAX,306
USC00310576,2015-02-06,TMAX,111
USW00013754,2005-03-24,TMAX,194
USC00310356,2006-04-13,TMIN,28
USC00310356,2006-04-13,TMAX,228
USC00314684,2009-07-04,TMAX,328
USC00314684,2009-07-04,TMIN,150
USW00093765,2009-11-05,TMAX,211
USR0000NCRN,2015-06-20,TMAX,311
USW00093719,2007-09-20,TMAX,233
USC00314689,2005-04-03,TMIN,183
USW00093765,2008-01-27,TMAX,111
USW00013754,2010-08-11,TMAX,344
USW00093765,2008-01-27,TMIN,-5
USW00013754,2010-08-11,TMIN,250
USR0000NCRN,2015-06-20,TMIN,217
USC00310356,2007-05-15,TMAX,244
USC00310356,2007-05-15,TMIN,133
USC00317170,2011-10-22,TMAX,211
USC00314684,2011-05-04,TMAX,289
USC00314689,2013-05-12,TMAX,294
USC00314689,2010-07-24,TMIN,250
USC00317170,2011-10-22,TMIN,67
USC00314684,2011-05-04,TMIN,167
USW00013754,2005-03-24,TMIN,67
USW00093719,2013-10-14,TMIN,178
USC00316676,2012-04-11,TMAX,256
USC00310576,2015-02-06,TMIN,-22
USW00093719,2011-03-19,TMIN,89
USW00093765,2006-06-18,TMIN,189
USC00314684,2013-05-21,TMIN,194
USW00093765,2006-06-18,TMAX,267
USC00314689,2006-12-25,TMIN,83
USC00314684,2013-05-21,TMAX,261
USC00314684,2008-07-09,TMAX,322
USC00317170,2012-05-24,TMIN,178
USC00317170,2012-05-24,TMAX,294
USC00314689,2010-07-24,TMAX,356
USR0000NHOF,2009-03-04,TMIN,-117
USR0000NHOF,2009-03-04,TMAX,78
USC00310576,2014-03-18,TMAX,67
USW00093719,2011-03-19,TMAX,228
USC00317170,2014-01-29,TMAX,-22
USC00310576,2014-03-18,TMIN,44
USW00093719,2013-10-14,TMAX,228
USW00093765,2013-11-06,TMAX,200
USC00315830,2006-02-24,TMAX,161
USC00315830,2006-02-24,TMIN,22
USC00316676,2012-04-11,TMIN,106
USW00013754,2005-04-02,TMIN,106
USC00310576,2012-08-05,TMIN,217
USC00316096,2015-12-05,TMIN,39
USW00093743,2010-03-13,TMIN,128
USW00093765,2011-08-21,TMAX,311
USW00093743,2013-01-25,TMIN,-60
USC00314684,2012-05-24,TMAX,300
USW00093765,2010-04-08,TMIN,172
USW00093743,2013-01-25,TMAX,33
USC00310356,2005-03-12,TMAX,122
USW00093765,2010-04-08,TMAX,222
USC00316676,2006-10-02,TMIN,117
USC00316676,2006-10-02,TMAX,272
USC00315830,2008-04-15,TMAX,150
USW00013754,2009-07-28,TMIN,233
USC00317170,2007-10-20,TMAX,278
USC00314684,2012-07-02,TMAX,389
USC00310356,2010-07-09,TMAX,344
USC00314144,2009-02-03,TMAX,89
USC00314684,2011-07-19,TMAX,333
USC00314144,2009-02-03,TMIN,-39
USC00314689,2007-12-13,TMIN,111
USC00317170,2008-07-17,TMIN,122
USC00314684,2012-07-02,TMIN,194
USC00314689,2009-03-31,TMAX,211
USW00013754,2009-07-28,TMAX,300
USC00315830,2010-02-11,TMAX,139
USC00317170,2008-07-17,TMAX,322
USC00314684,2012-05-24,TMIN,183
USC00310576,2010-08-14,TMAX,328
USR0000NNWB,2014-08-29,TMIN,222
USR0000NCRN,2005-05-15,TMAX,261
USR0000NCRN,2005-05-15,TMIN,200
USW00093743,2014-02-03,TMAX,167
USR0000NNWB,2014-08-29,TMAX,317
USC00317170,2007-10-20,TMIN,211
USC00310576,2010-04-10,TMAX,200
USR0000NHOF,2007-09-18,TMAX,250
USC00315830,2014-04-07,TMAX,217
USC00314684,2011-11-16,TMIN,122
USC00314684,2011-11-16,TMAX,256
USR0000NHOF,2012-11-25,TMIN,-61
USW00093743,2014-02-03,TMIN,61
USC00314689,2005-04-25,TMAX,189
USC00314689,2005-04-25,TMIN,56
USC00317170,2013-05-12,TMAX,267
USC00317170,2013-05-12,TMIN,189
USC00314684,2012-12-05,TMIN,61
USR0000NHOF,2012-11-25,TMAX,106
USC00314684,2012-12-05,TMAX,228
USW00093765,2011-08-21,TMIN,239
USW00093765,2014-10-25,TMIN,72
USC00315830,2012-05-21,TMAX,250
USC00315830,2012-05-21,TMIN,161
USC00317170,2009-10-02,TMIN,111
USW00013754,2011-12-26,TMAX,133
USC00315830,2008-04-15,TMIN,67
USC00310356,2005-04-21,TMIN,150
USC00310356,2013-01-25,TMAX,50
USW00013754,2013-03-15,TMIN,-10
USC00314684,2010-06-29,TMIN,228
USW00013754,2012-09-13,TMAX,283
USC00310356,2005-04-21,TMAX,189
USR0000NNWB,2006-03-22,TMAX,122
USW00013754,2013-03-15,TMAX,150
USW00093765,2007-06-27,TMAX,289
USR0000NNWB,2008-01-25,TMIN,-33
USR0000NNWB,2008-01-25,TMAX,50
USR0000NNWB,2010-07-09,TMIN,217
USW00093719,2011-01-21,TMIN,-6
USC00310356,2005-06-02,TMAX,233
USR0000NNWB,2006-03-22,TMIN,6
USW00093765,2007-06-27,TMIN,239
USC00310356,2008-06-28,TMIN,261
USC00310356,2005-06-02,TMIN,178
USW00013754,2011-12-26,TMIN,28
USC00310356,2013-01-25,TMIN,-33
USC00315830,2009-04-16,TMAX,244
USR0000NHOF,2007-06-06,TMAX,300
USW00093765,2014-10-25,TMAX,222
USR0000NCRN,2014-01-28,TMIN,-50
USC00315830,2010-02-11,TMIN,-6
USR0000NCRN,2015-04-12,TMIN,111
USR0000NHOF,2008-03-24,TMAX,139
USC00314689,2009-03-31,TMIN,33
USC00315830,2013-10-19,TMIN,206
USC00314689,2012-09-24,TMAX,283
USC00310356,2005-07-07,TMAX,300
USC00310356,2005-07-07,TMIN,267
USC00310576,2010-08-14,TMIN,228
USC00314689,2012-09-24,TMIN,144
USR0000NNWB,2014-06-18,TMAX,356
USR0000NNWB,2014-06-18,TMIN,217
USR0000NHOF,2014-02-03,TMAX,244
USR0000NHOF,2007-06-06,TMIN,150
USR0000NHOF,2014-02-03,TMIN,61
USC00317170,2009-06-12,TMIN,217
USR0000NHOF,2008-03-24,TMIN,-11
USC00315830,2009-04-16,TMIN,67
USC00316096,2013-12-10,TMAX,206
USC00317170,2009-10-02,TMAX,267
USC00315830,2013-10-19,TMAX,267
USW00093765,2006-09-20,TMIN,172
USC00316096,2011-09-16,TMAX,211
USC00314144,2005-10-03,TMAX,300
USC00316676,2009-12-09,TMIN,72
USR0000NNWB,2009-03-26,TMAX,183
USC00316676,2013-05-21,TMAX,272
USC00316676,2009-12-09,TMAX,217
USC00314689,2009-03-07,TMIN,111
USC00314684,2006-04-11,TMAX,189
USC00314689,2009-03-07,TMAX,256
USC00317170,2013-11-06,TMAX,200
USC00314684,2011-04-28,TMAX,283
USR0000NNWB,2009-03-26,TMIN,94
USR0000NHOF,2008-11-02,TMAX,239
USC00315830,2005-12-21,TMIN,-17
USC00315830,2005-12-21,TMAX,100
USW00093765,2009-07-04,TMAX,283
USW00093765,2009-07-04,TMIN,189
USC00316096,2015-01-09,TMIN,-83
USR0000NHOF,2008-11-02,TMIN,-17
USC00314689,2015-04-14,TMAX,278
USC00316676,2010-06-14,TMAX,356
USR0000NCRN,2009-06-18,TMAX,278
USW00013754,2014-02-06,TMIN,0
USR0000NHOF,2007-09-18,TMIN,122
USR0000NCRN,2009-06-18,TMIN,256
USR0000NHOF,2007-10-29,TMIN,6
USC00316676,2013-05-21,TMIN,189
USC00310576,2008-11-27,TMIN,-11
USW00093765,2007-08-06,TMAX,289
USC00315830,2007-07-26,TMIN,228
USR0000NNWB,2013-03-15,TMIN,-17
USR0000NNWB,2013-03-15,TMAX,167
USC00314689,2007-09-14,TMAX,311
USC00317170,2013-11-06,TMIN,111
USW00093765,2006-08-15,TMIN,200
USC00315830,2007-07-26,TMAX,306
USW00093765,2006-08-15,TMAX,283
USC00316096,2015-01-09,TMAX,106
USC00310576,2010-07-23,TMAX,344
USC00310576,2010-07-23,TMIN,239
USC00315830,2013-12-27,TMAX,117
USC00314684,2011-04-28,TMIN,211
USC00315830,2013-12-27,TMIN,39
USR0000NCRN,2005-11-23,TMIN,6
USW00093765,2013-05-12,TMAX,250
USW00093765,2013-05-12,TMIN,178
USC00315830,2006-06-03,TMIN,233
USC00315830,2006-06-03,TMAX,272
USR0000NCRN,2005-11-23,TMAX,117
USC00314689,2015-04-14,TMIN,183
USW00093719,2006-09-23,TMIN,183
USC00316096,2014-08-19,TMIN,206
USR0000NCRN,2014-07-26,TMAX,294
USC00315830,2013-06-09,TMIN,239
USC00316096,2012-09-24,TMAX,228
USC00316096,2012-09-24,TMIN,117
USC00315830,2012-02-04,TMIN,22
USC00315830,2012-02-04,TMAX,183
USC00310576,2013-09-10,TMAX,306
USR0000NCRN,2005-05-28,TMIN,189
USC00314144,2005-10-03,TMIN,156
USW00013754,2011-11-13,TMIN,33
USC00310576,2006-02-09,TMAX,83
USR0000NCRN,2005-05-28,TMAX,267
USC00310576,2013-09-10,TMIN,178
USC00314144,2009-09-14,TMAX,289
USC00314144,2009-09-14,TMIN,128
USC00310576,2010-04-10,TMIN,61
USC00316096,2011-09-16,TMIN,167
USC00316676,2007-06-11,TMIN,150
USC00315830,2014-04-07,TMIN,122
USC00316676,2007-06-11,TMAX,283
USW00013754,2013-10-14,TMAX,222
USR0000NCRN,2014-07-26,TMIN,211
USW00013754,2011-11-13,TMAX,228
USC00314684,2010-12-09,TMIN,-83
USC00314684,2006-04-11,TMIN,17
USC00317170,2014-10-25,TMIN,56
USC00317170,2014-10-25,TMAX,228
USW00013754,2014-02-06,TMAX,111
USC00316096,2014-08-19,TMAX,306
USW00093719,2006-09-23,TMAX,289
USC00317170,2009-08-01,TMAX,322
USC00314684,2007-01-05,TMAX,217
USW00013754,2009-09-28,TMIN,156
USC00314684,2005-08-23,TMAX,344
USC00314684,2007-01-05,TMIN,83
USW00013754,2013-10-14,TMIN,183
USC00317170,2009-01-22,TMAX,72
USW00013754,2009-09-28,TMAX,278
USC00317170,2009-01-22,TMIN,-22
USC00316676,2010-06-14,TMIN,228
USC00317170,2009-08-01,TMIN,228
USW00093719,2006-06-13,TMAX,239
USW00093719,2006-06-13,TMIN,189
USC00310576,2006-02-09,TMIN,-44
USC00310356,2005-03-12,TMIN,44
USC00315830,2013-06-09,TMAX,289
USC00314684,2010-12-09,TMAX,17
USC00314684,2005-08-23,TMIN,222
USR0000NNWB,2005-03-24,TMAX,206
USC00314684,2010-06-29,TMAX,328
USW00013754,2012-09-13,TMIN,178
USC00316096,2011-10-08,TMAX,239
USW00093765,2006-06-13,TMAX,228
USW00013754,2005-01-30,TMAX,128
USW00093765,2006-06-13,TMIN,206
USC00314144,2005-10-22,TMIN,172
USR0000NCRN,2015-11-02,TMAX,217
USR0000NCRN,2015-11-02,TMIN,183
USC00317170,2007-09-02,TMAX,311
USW00093719,2015-03-26,TMIN,172
USC00314144,2005-10-22,TMAX,289
USC00310576,2014-03-24,TMAX,178
USC00310576,2007-12-19,TMAX,106
USC00315830,2011-01-27,TMAX,144
USC00310576,2007-12-19,TMIN,-17
USC00310356,2010-12-30,TMAX,72
USC00310576,2015-12-29,TMIN,144
USC00310576,2015-12-29,TMAX,228
USR0000NHOF,2005-07-07,TMAX,317
USC00315830,2011-04-15,TMIN,167
USC00310356,2010-03-13,TMAX,183
USC00317170,2007-09-02,TMIN,167
USW00013754,2005-01-30,TMIN,28
USW00093743,2014-05-29,TMIN,200
USW00093719,2014-10-25,TMAX,239
USC00310356,2005-10-30,TMIN,67
USC00310356,2005-12-30,TMIN,-39
USC00310356,2005-12-30,TMAX,144
USC00316096,2015-06-11,TMIN,217
USC00316096,2015-06-11,TMAX,294
USR0000NHOF,2015-08-28,TMIN,167
USR0000NCRN,2010-12-31,TMAX,156
USR0000NCRN,2010-12-29,TMAX,100
USC00310576,2014-03-24,TMIN,33
USR0000NCRN,2010-12-29,TMIN,-44
USR0000NCRN,2010-12-31,TMIN,-28
USC00316096,2010-07-05,TMIN,139
USW00093743,2014-05-29,TMAX,283
USW00093719,2007-07-14,TMAX,300
USC00317170,2009-06-12,TMAX,333
USW00093719,2007-07-14,TMIN,200
USC00316676,2014-10-17,TMAX,233
USR0000NHOF,2015-08-28,TMAX,294
USC00316676,2014-10-17,TMIN,117
USC00310576,2010-04-21,TMAX,233
USC00310576,2010-04-21,TMIN,67
USC00316096,2010-07-05,TMAX,306
USW00093719,2014-10-25,TMIN,72
USC00315830,2011-04-15,TMAX,228
USW00093719,2015-03-26,TMAX,267
USC00315830,2008-01-03,TMIN,-33
USC00314684,2015-09-19,TMIN,178
USC00310356,2008-08-10,TMAX,311
USW00093743,2011-02-18,TMIN,100
USW00093765,2010-09-22,TMAX,278
USC00310356,2008-08-10,TMIN,233
USW00013754,2010-10-16,TMIN,72
USC00314684,2010-01-29,TMAX,61
USC00314684,2010-01-29,TMIN,-28
USC00314689,2013-12-10,TMAX,94
USC00314144,2008-05-16,TMIN,189
USC00314144,2008-05-16,TMAX,294
USC00316096,2015-12-05,TMAX,161
USR0000NCRN,2012-08-17,TMAX,300
USC00316676,2007-05-17,TMIN,150
USC00314689,2011-01-12,TMIN,-17
USC00315830,2011-01-27,TMIN,17
USW00093743,2010-03-13,TMAX,172
USC00314689,2013-12-10,TMIN,-28
USC00314689,2015-08-30,TMIN,167
USC00314689,2015-08-30,TMAX,306
USC00310356,2007-04-14,TMAX,206
USW00093765,2010-09-22,TMIN,183
USC00310576,2012-08-05,TMAX,317
USC00315830,2007-01-09,TMIN,-6
USW00093743,2011-02-18,TMAX,167
USC00315830,2008-01-03,TMAX,17
USC00316096,2011-10-08,TMIN,117
USR0000NHOF,2005-07-07,TMIN,200
USC00310576,2009-03-28,TMIN,167
USC00310356,2010-03-13,TMIN,122
USC00316676,2014-05-11,TMAX,306
USR0000NCRN,2014-04-03,TMAX,222
USR0000NCRN,2014-04-03,TMIN,133
USC00310576,2009-03-28,TMAX,228
USC00314684,2015-09-19,TMAX,283
USC00316096,2010-06-13,TMAX,328
USC00314684,2014-01-09,TMIN,-94
USC00310576,2007-03-27,TMAX,239
USW00013754,2012-08-20,TMAX,283
USC00315830,2010-02-15,TMIN,50
USC00315830,2010-02-15,TMAX,117
USW00093743,2013-01-30,TMAX,211
USC00314684,2014-01-09,TMAX,56
USW00013754,2010-10-16,TMAX,194
USW00093743,2013-01-30,TMIN,128
USW00013754,2012-08-20,TMIN,217
USC00315830,2007-01-09,TMAX,167
USC00310576,2007-03-27,TMIN,78
USC00314684,2013-12-12,TMIN,-28
USC00316096,2010-06-13,TMIN,239
USR0000NNWB,2009-03-14,TMIN,56
USC00310576,2006-07-29,TMAX,322
USC00314689,2007-12-13,TMAX,250
USW00013754,2010-07-20,TMAX,333
USW00093765,2011-10-22,TMAX,211
USR0000NCRN,2011-03-20,TMAX,161
USR0000NCRN,2005-09-04,TMIN,178
USR0000NCRN,2005-09-04,TMAX,294
USC00310356,2011-02-18,TMAX,167
USC00310576,2014-05-05,TMAX,233
USC00310576,2014-05-05,TMIN,156
USR0000NCRN,2015-04-12,TMAX,222
USW00013754,2010-07-20,TMIN,244
USW00013754,2014-08-29,TMIN,222
USR0000NCRN,2011-03-20,TMIN,89
USC00314689,2014-05-10,TMAX,328
USC00314689,2014-05-10,TMIN,194
USW00093765,2011-10-22,TMIN,89
USW00013754,2014-08-29,TMAX,322
USC00316096,2014-12-29,TMAX,150
USW00013754,2009-12-04,TMAX,150
USC00316676,2006-02-06,TMIN,-11
USR0000NCRN,2012-07-16,TMIN,233
USC00310356,2011-02-18,TMIN,94
USW00093743,2012-11-25,TMAX,94
USR0000NCRN,2012-07-16,TMAX,300
USR0000NNWB,2010-07-09,TMAX,339
USC00310356,2010-07-09,TMIN,233
USC00314684,2013-12-12,TMAX,100
USC00317170,2009-07-04,TMAX,311
USC00317170,2009-07-04,TMIN,167
USC00314684,2011-07-19,TMIN,183
USC00316096,2013-12-10,TMIN,33
USW00013754,2008-01-07,TMAX,222
USW00093719,2006-04-17,TMAX,272
USC00314684,2005-06-08,TMIN,178
USW00093719,2006-04-17,TMIN,117
USW00093765,2015-07-20,TMAX,306
USW00093765,2015-07-20,TMIN,267
USW00093719,2011-01-21,TMAX,111
USW00093719,2015-10-13,TMIN,161
USW00093719,2015-10-13,TMAX,272
USC00314684,2005-06-08,TMAX,317
USW00093765,2010-08-17,TMAX,311
USW00093765,2010-08-17,TMIN,233
USW00013754,2008-01-07,TMIN,44
USW00093743,2012-11-25,TMIN,-21
USC00310576,2006-07-29,TMIN,233
USR0000NCRN,2011-03-23,TMIN,111
USC00310576,2013-09-02,TMIN,228
USC00310576,2013-09-02,TMAX,328
USR0000NNWB,2011-11-13,TMIN,178
USC00310356,2014-05-29,TMIN,217
USC00310576,2009-07-30,TMAX,311
USC00316096,2014-12-29,TMIN,72
USC00314684,2009-04-02,TMAX,189
USW00093765,2009-05-25,TMIN,211
USW00093719,2010-04-09,TMAX,206
USW00093719,2010-04-09,TMIN,83
USW00093765,2006-09-20,TMAX,267
USC00310356,2005-10-30,TMAX,150
USC00310576,2006-07-24,TMIN,217
USW00013754,2013-08-27,TMAX,300
USW00013754,2013-08-27,TMIN,167
USC00316676,2014-05-11,TMIN,189
USC00317170,2010-06-20,TMIN,206
USW00093765,2009-05-25,TMAX,256
USC00317170,2010-06-20,TMAX,344
USC00310356,2013-01-30,TMAX,144
USC00310356,2013-01-30,TMIN,106
USC00310576,2006-07-24,TMAX,300
USR0000NNWB,2009-03-14,TMAX,111
USC00310576,2009-07-30,TMIN,244
USC00310356,2014-05-29,TMAX,256
USW00013754,2005-12-02,TMIN,22
USC00314684,2009-04-02,TMIN,122
USC00316676,2006-02-06,TMAX,94
USW00013754,2010-11-02,TMAX,172
USW00093765,2007-01-06,TMIN,144
USW00093765,2007-01-06,TMAX,206
USC00310356,2012-11-25,TMIN,6
USC00310356,2012-11-25,TMAX,117
USW00093765,2014-07-22,TMAX,278
USR0000NHOF,2006-09-07,TMIN,178
USR0000NNWB,2011-11-13,TMAX,217
USR0000NNWB,2006-05-28,TMAX,317
USW00013754,2010-11-02,TMIN,89
USC00310576,2011-11-22,TMAX,222
USR0000NNWB,2006-05-28,TMIN,183
USW00013754,2005-12-02,TMAX,117
USR0000NHOF,2006-09-07,TMAX,267
USW00013754,2009-12-04,TMIN,72
USC00310356,2007-04-14,TMIN,111
USC00314684,2013-03-10,TMAX,194
USW00093765,2014-07-22,TMIN,233
USC00314684,2013-03-10,TMIN,-28
USC00317170,2007-08-01,TMIN,206
USC00317170,2007-08-01,TMAX,322
USC00310576,2011-11-22,TMIN,117
USC00316676,2005-09-03,TMAX,328
USW00093765,2010-11-23,TMAX,211
USR0000NNWB,2012-10-31,TMIN,50
USC00310576,2015-02-27,TMIN,22
USC00310576,2015-02-27,TMAX,50
USC00315830,2009-05-14,TMAX,244
USC00316676,2007-08-06,TMAX,339
USW00093719,2015-12-26,TMIN,172
USC00315830,2013-09-01,TMIN,256
USC00315830,2013-09-01,TMAX,300
USC00317170,2014-02-03,TMAX,239
USC00317170,2014-02-03,TMIN,61
USC00316096,2013-01-30,TMAX,217
USC00315830,2009-05-14,TMIN,200
USW00093765,2013-09-10,TMAX,300
USC00310576,2014-02-06,TMIN,56
USC00316096,2013-01-30,TMIN,139
USW00093719,2005-08-31,TMAX,344
USW00093719,2005-08-31,TMIN,250
USC00314689,2007-04-26,TMAX,306
USC00314689,2007-04-26,TMIN,183
USC00310356,2012-09-29,TMIN,206
USC00316096,2010-08-11,TMAX,322
USC00316096,2010-08-11,TMIN,250
USW00093719,2015-12-26,TMAX,244
USC00314684,2011-07-31,TMAX,400
USC00314144,2008-07-10,TMAX,311
USR0000NHOF,2009-07-05,TMIN,172
USW00093765,2015-06-20,TMIN,233
USR0000NNWB,2008-12-15,TMAX,228
USR0000NHOF,2014-07-18,TMAX,311
USW00093743,2012-09-29,TMIN,189
USW00093743,2012-09-29,TMAX,244
USW00093719,2015-08-18,TMIN,211
USR0000NCRN,2015-08-30,TMIN,178
USC00314684,2014-04-03,TMAX,306
USC00314684,2014-04-03,TMIN,100
USW00093719,2015-08-18,TMAX,317
USC00315830,2007-11-27,TMAX,211
USC00315830,2007-11-27,TMIN,172
USW00093719,2008-09-24,TMIN,156
USW00093719,2008-09-24,TMAX,217
USW00093743,2011-06-19,TMIN,233
USC00314689,2014-06-20,TMIN,206
USR0000NHOF,2007-11-01,TMAX,256
USR0000NHOF,2007-11-01,TMIN,117
USW00093765,2010-02-02,TMIN,28
USW00093765,2010-02-02,TMAX,144
USR0000NHOF,2009-07-05,TMAX,306
USW00093719,2006-09-20,TMAX,261
USR0000NNWB,2011-03-26,TMAX,128
USC00310576,2005-11-30,TMAX,211
USR0000NHOF,2010-11-10,TMAX,183
USW00093765,2013-09-10,TMIN,217
USC00314689,2011-08-03,TMIN,228
USW00093765,2011-03-31,TMAX,139
USC00315830,2011-02-12,TMIN,-28
USW00093765,2011-03-31,TMIN,89
USR0000NNWB,2007-06-10,TMAX,289
USC00316096,2010-10-04,TMIN,106
USC00314684,2005-04-02,TMAX,256
USC00314684,2005-04-02,TMIN,133
USC00316096,2010-10-04,TMAX,178
USC00314684,2005-09-03,TMIN,178
USR0000NHOF,2009-08-13,TMIN,217
USW00093719,2009-07-07,TMIN,189
USR0000NHOF,2009-08-13,TMAX,256
USC00316676,2007-08-06,TMIN,228
USW00093719,2009-07-07,TMAX,300
USW00093765,2005-03-23,TMAX,189
USC00314689,2007-05-01,TMAX,328
USC00314684,2005-09-03,TMAX,322
USC00317170,2009-12-24,TMIN,17
USC00317170,2009-12-24,TMAX,111
USC00310576,2014-02-06,TMAX,211
USC00315830,2005-10-20,TMAX,261
USR0000NHOF,2010-11-10,TMIN,11
USC00315830,2008-12-05,TMAX,150
USC00315830,2005-10-20,TMIN,206
USC00316096,2011-01-12,TMIN,-17
USC00310356,2012-09-29,TMAX,278
USC00314689,2014-06-20,TMAX,344
USC00314684,2005-02-03,TMIN,-17
USR0000NHOF,2011-05-15,TMIN,172
USW00093765,2015-04-05,TMIN,72
USR0000NCRN,2009-02-22,TMIN,17
USR0000NHOF,2011-05-15,TMAX,250
USW00093719,2010-06-01,TMAX,278
USW00013754,2015-04-11,TMAX,217
USW00093719,2010-06-01,TMIN,206
USW00093765,2015-04-05,TMAX,183
USW00093765,2011-11-22,TMAX,233
USW00093765,2011-11-22,TMIN,133
USC00314684,2008-07-30,TMIN,222
USC00314684,2011-07-31,TMIN,244
USC00315830,2008-12-05,TMIN,61
USC00314684,2008-07-30,TMAX,333
USR0000NNWB,2007-06-10,TMIN,183
USC00314144,2008-07-10,TMIN,211
USC00316096,2011-01-12,TMAX,33
USW00093765,2015-06-20,TMAX,306
USR0000NNWB,2008-12-15,TMIN,133
USR0000NNWB,2006-01-25,TMIN,33
USC00314689,2012-04-06,TMAX,150
USR0000NCRN,2011-10-02,TMAX,189
USW00093719,2014-10-18,TMAX,278
USC00314689,2012-04-06,TMIN,78
USC00317170,2010-02-02,TMIN,11
USC00314684,2011-08-24,TMAX,294
USC00314684,2011-08-24,TMIN,161
USR0000NNWB,2011-03-26,TMIN,50
USC00317170,2010-02-02,TMAX,100
USC00317170,2014-12-30,TMAX,89
USW00013754,2011-03-19,TMAX,233
USR0000NCRN,2011-12-14,TMIN,0
USW00093719,2014-10-18,TMIN,144
USR0000NCRN,2011-12-14,TMAX,150
USC00314144,2009-01-31,TMAX,83
USC00314144,2009-01-31,TMIN,-72
USR0000NNWB,2006-01-25,TMAX,122
USC00310576,2009-09-28,TMIN,150
USC00310576,2009-09-28,TMAX,278
USC00316676,2007-02-12,TMIN,-28
USC00316676,2007-02-12,TMAX,128
USR0000NCRN,2015-11-01,TMAX,272
USC00314684,2005-11-30,TMIN,100
USW00093719,2011-07-12,TMIN,244
USC00315830,2009-06-18,TMIN,250
USW00093765,2009-11-03,TMIN,100
USC00314684,2009-12-28,TMIN,22
USR0000NCRN,2007-08-02,TMAX,322
USC00317170,2014-12-30,TMIN,44
USW00093719,2008-10-16,TMAX,294
USC00314684,2015-02-01,TMAX,78
USR0000NCRN,2007-08-02,TMIN,189
USW00093765,2012-12-03,TMIN,117
USW00093765,2010-06-29,TMIN,250
USW00093765,2012-12-03,TMAX,206
USW00093765,2010-06-29,TMAX,306
USW00093719,2008-10-16,TMIN,139
USW00093765,2009-11-03,TMAX,194
USR0000NCRN,2007-05-24,TMIN,139
USR0000NCRN,2007-05-24,TMAX,261
USW00093743,2011-02-01,TMIN,28
USC00316096,2011-05-29,TMAX,289
USR0000NCRN,2015-11-01,TMIN,128
USR0000NCRN,2010-01-30,TMIN,-17
USC00316096,2012-11-02,TMIN,11
USC00316096,2012-11-02,TMAX,178
USW00093719,2011-07-12,TMAX,356
USC00314144,2008-02-09,TMAX,206
USC00314144,2008-02-09,TMIN,-17
USR0000NCRN,2011-10-02,TMIN,50
USC00317170,2012-10-31,TMAX,156
USC00310356,2015-03-10,TMAX,150
USW00093765,2008-09-19,TMIN,189
USW00093743,2011-06-19,TMAX,344
USC00314684,2005-03-31,TMAX,239
USC00317170,2012-10-31,TMIN,50
USC00317170,2015-08-09,TMAX,294
USC00310356,2009-07-05,TMAX,300
USC00310356,2009-07-05,TMIN,217
USR0000NNWB,2011-09-07,TMAX,317
USC00314684,2005-11-30,TMAX,228
USC00310576,2011-06-08,TMIN,178
USW00093743,2011-06-01,TMIN,217
USR0000NCRN,2015-08-30,TMAX,300
USW00093743,2011-06-01,TMAX,300
USW00093743,2009-07-05,TMAX,300
USC00310356,2015-03-10,TMIN,89
USW00093743,2009-07-05,TMIN,228
USW00093765,2006-02-24,TMAX,156
USW00093765,2006-02-24,TMIN,17
USR0000NHOF,2014-07-18,TMIN,167
USR0000NCRN,2015-06-11,TMAX,289
USC00317170,2015-08-09,TMIN,172
USR0000NCRN,2015-06-11,TMIN,233
USC00310576,2008-05-23,TMAX,261
USC00310576,2011-11-16,TMIN,167
USC00310576,2011-11-16,TMAX,261
USC00314144,2006-05-29,TMAX,306
USC00316096,2014-07-25,TMIN,200
USC00316096,2014-07-25,TMAX,289
USC00315830,2009-06-18,TMAX,317
USC00314684,2005-03-31,TMIN,83
USR0000NCRN,2009-12-08,TMAX,106
USW00093719,2006-09-20,TMIN,167
USR0000NCRN,2009-12-08,TMIN,106
USC00314689,2007-05-01,TMIN,178
USC00314684,2005-02-03,TMAX,117
USR0000NHOF,2012-09-29,TMAX,244
USC00314684,2006-01-22,TMIN,78
USC00314684,2006-01-22,TMAX,222
USC00317170,2015-08-16,TMIN,167
USC00314144,2006-05-29,TMIN,161
USC00315830,2014-03-23,TMIN,128
USC00315830,2014-03-23,TMAX,183
USR0000NNWB,2011-09-07,TMIN,233
USW00093765,2008-09-19,TMAX,256
USC00310576,2008-05-23,TMIN,117
USR0000NHOF,2012-09-29,TMIN,178
USR0000NCRN,2009-02-22,TMAX,156
USC00314144,2006-04-18,TMAX,228
USC00310576,2005-12-19,TMAX,100
USR0000NNWB,2011-10-06,TMAX,256
USC00314684,2013-03-03,TMIN,-22
USR0000NNWB,2011-10-06,TMIN,117
USR0000NNWB,2006-08-18,TMIN,239
USC00316096,2009-11-18,TMAX,194
USR0000NCRN,2009-05-03,TMAX,250
USR0000NCRN,2009-05-03,TMIN,206
USW00013754,2009-05-09,TMAX,294
USC00314689,2015-06-23,TMIN,244
USC00314684,2013-03-03,TMAX,100
USC00317170,2012-07-03,TMAX,356
USW00093719,2010-04-01,TMIN,50
USR0000NHOF,2014-08-29,TMIN,211
USC00314689,2015-06-23,TMAX,356
USC00317170,2009-11-17,TMAX,233
USR0000NHOF,2014-08-29,TMAX,350
USR0000NHOF,2011-06-19,TMAX,339
USW00093719,2010-04-01,TMAX,283
USR0000NHOF,2007-05-03,TMIN,133
USC00316096,2011-08-06,TMIN,239
USC00316676,2011-02-24,TMAX,133
USR0000NNWB,2006-08-18,TMAX,322
USC00314689,2010-12-14,TMIN,-61
USC00310356,2007-02-04,TMIN,-28
USC00316096,2009-12-28,TMIN,17
USW00013754,2007-09-05,TMIN,194
USC00316096,2009-11-18,TMIN,139
USW00093743,2011-02-01,TMAX,167
USC00314689,2014-04-03,TMAX,300
USC00314684,2008-05-15,TMIN,156
USW00013754,2007-09-05,TMAX,322
USC00310356,2011-06-01,TMIN,233
USR0000NNWB,2013-05-13,TMAX,217
USC00310356,2011-06-01,TMAX,372
USC00315830,2007-02-20,TMAX,144
USW00093765,2008-07-04,TMIN,239
USR0000NNWB,2013-05-13,TMIN,111
USC00314684,2008-05-15,TMAX,244
USC00315830,2007-02-20,TMIN,44
USC00314144,2011-04-01,TMAX,117
USW00093765,2008-07-04,TMAX,294
USC00316096,2009-12-28,TMAX,106
USC00314144,2009-04-01,TMAX,172
USC00314144,2009-04-01,TMIN,111
USC00314689,2014-04-03,TMIN,133
USC00314684,2014-12-15,TMAX,133
USC00310356,2007-02-04,TMAX,100
USW00013754,2009-05-09,TMIN,206
USC00314689,2010-12-14,TMAX,22
USC00317170,2009-11-17,TMIN,39
USR0000NCRN,2013-03-15,TMIN,-22
USC00316096,2010-10-16,TMAX,194
USC00310356,2014-08-29,TMIN,217
USC00316096,2010-10-16,TMIN,61
USR0000NCRN,2013-03-15,TMAX,122
USC00316676,2015-11-22,TMAX,189
USC00316676,2015-11-22,TMIN,100
USC00316676,2006-09-06,TMAX,289
USC00310356,2014-08-29,TMAX,289
USC00315830,2010-05-01,TMIN,189
USW00013754,2012-05-29,TMAX,289
USC00310576,2012-06-18,TMAX,256
USW00093765,2011-05-04,TMIN,122
USW00093765,2010-11-17,TMAX,206
USW00013754,2012-05-29,TMIN,222
USC00310576,2012-06-18,TMIN,117
USW00093765,2011-05-04,TMAX,256
USR0000NHOF,2007-02-04,TMAX,111
USR0000NHOF,2007-02-04,TMIN,-39
USW00013754,2005-02-08,TMIN,11
USW00093719,2010-07-06,TMIN,189
USC00315830,2013-05-20,TMAX,272
USC00315830,2013-05-20,TMIN,211
USC00316096,2011-08-06,TMAX,306
USW00093743,2012-02-04,TMAX,178
USW00093743,2012-02-04,TMIN,17
USR0000NCRN,2013-06-11,TMAX,278
USW00093765,2011-05-17,TMIN,172
USC00314689,2010-08-11,TMAX,350
USR0000NCRN,2013-06-11,TMIN,233
USW00093765,2013-10-18,TMIN,200
USW00093765,2013-10-18,TMAX,256
USC00317170,2013-09-10,TMAX,317
USC00314689,2010-08-11,TMIN,250
USR0000NHOF,2007-05-03,TMAX,250
USW00093743,2011-01-23,TMAX,67
USC00317170,2013-09-10,TMIN,194
USR0000NHOF,2011-06-19,TMIN,194
USW00093765,2010-11-17,TMIN,67
USR0000NCRN,2006-05-29,TMAX,294
USW00093765,2015-08-09,TMIN,194
USW00093765,2015-08-09,TMAX,278
USW00093765,2008-08-10,TMIN,233
USW00093765,2008-08-10,TMAX,294
USW00013754,2005-02-08,TMAX,194
USC00316676,2006-09-06,TMIN,200
USR0000NCRN,2006-05-29,TMIN,178
USC00315830,2010-05-01,TMAX,250
USR0000NCRN,2010-01-30,TMAX,44
USC00314144,2011-04-01,TMIN,67
USC00310576,2006-10-05,TMIN,161
USC00310576,2005-11-30,TMIN,89
USC00314689,2011-08-03,TMAX,367
USC00310576,2015-10-12,TMAX,222
USC00315830,2014-10-24,TMIN,94
USC00316676,2015-11-23,TMIN,28
USC00316676,2006-12-21,TMIN,6
USR0000NHOF,2015-03-10,TMIN,83
USC00317170,2013-09-12,TMIN,189
USC00315830,2014-10-24,TMAX,211
USC00317170,2013-09-12,TMAX,328
USC00316676,2006-12-21,TMAX,194
USC00317170,2013-10-18,TMIN,167
USC00317170,2013-10-18,TMAX,233
USC00317170,2015-06-20,TMAX,333
USC00310576,2015-10-12,TMIN,156
USW00093719,2008-12-01,TMAX,161
USC00314689,2013-01-30,TMAX,228
USC00317170,2015-06-20,TMIN,217
USC00316676,2015-11-23,TMAX,133
USC00314689,2013-01-30,TMIN,150
USW00013754,2013-05-13,TMAX,211
USC00310356,2015-10-24,TMIN,144
USW00013754,2013-05-13,TMIN,106
USW00093765,2009-12-30,TMAX,83
USW00093765,2009-12-30,TMIN,-16
USC00310576,2005-12-19,TMIN,6
USC00314144,2006-02-26,TMIN,17
USC00316096,2014-05-29,TMIN,194
USC00310356,2015-10-24,TMAX,261
USR0000NHOF,2015-03-10,TMAX,250
USC00314689,2014-03-18,TMAX,44
USC00314144,2006-04-18,TMIN,100
USW00093765,2010-07-24,TMIN,272
USW00093765,2010-07-24,TMAX,306
USC00314689,2014-03-18,TMIN,6
USW00093765,2005-03-23,TMIN,133
USC00310356,2014-07-23,TMAX,289
USC00310356,2005-04-26,TMAX,161
USC00310356,2005-04-26,TMIN,94
USC00315830,2008-10-15,TMIN,89
USC00316096,2011-11-24,TMIN,6
USC00315830,2008-10-15,TMAX,278
USC00316096,2011-11-24,TMAX,156
USC00314144,2006-02-26,TMAX,144
USC00310356,2014-07-23,TMIN,222
USC00310576,2010-10-04,TMAX,189
USC00310576,2010-10-04,TMIN,156
USW00093719,2008-12-01,TMIN,50
USC00315830,2011-02-12,TMAX,128
USW00013754,2015-03-01,TMAX,128
USC00317170,2007-12-12,TMIN,117
USC00317170,2007-12-12,TMAX,261
USC00314684,2005-06-16,TMIN,211
USC00310576,2011-02-02,TMAX,189
USR0000NCRN,2005-07-08,TMIN,239
USW00093743,2010-11-06,TMAX,156
USR0000NCRN,2005-07-08,TMAX,317
USC00310576,2006-10-05,TMAX,278
USC00314689,2011-04-29,TMAX,256
USW00013754,2009-04-02,TMIN,133
USW00013754,2008-04-05,TMAX,211
USW00013754,2009-04-02,TMAX,194
USC00310356,2009-08-13,TMIN,222
USC00317170,2012-07-03,TMIN,217
USC00310356,2009-08-13,TMAX,300
USC00314689,2011-04-29,TMIN,139
USR0000NHOF,2007-09-10,TMAX,333
USR0000NHOF,2012-02-04,TMIN,-22
USR0000NHOF,2007-09-10,TMIN,200
USW00093743,2011-01-23,TMIN,-132
USR0000NHOF,2012-02-04,TMAX,183
USC00314684,2005-06-16,TMAX,350
USR0000NNWB,2015-09-09,TMIN,233
USW00013754,2015-03-01,TMIN,11
USW00093743,2010-11-06,TMIN,56
USR0000NNWB,2007-11-23,TMIN,28
USR0000NNWB,2015-09-09,TMAX,300
USC00316096,2014-04-03,TMAX,239
USC00316096,2014-04-03,TMIN,122
USC00315830,2006-06-14,TMAX,267
USC00315830,2006-06-14,TMIN,211
USC00316096,2011-01-22,TMAX,0
USC00316096,2014-05-29,TMAX,267
USC00310576,2011-02-02,TMIN,44
USC00310356,2014-07-18,TMIN,206
USC00314684,2014-12-15,TMIN,-22
USW00093743,2009-08-13,TMIN,228
USC00314144,2008-09-21,TMIN,167
USC00314144,2008-09-21,TMAX,233
USW00013754,2015-04-11,TMIN,139
USC00310356,2014-07-18,TMAX,306
USC00316096,2011-01-22,TMIN,-83
USW00013754,2008-04-05,TMIN,172
USW00093719,2011-10-03,TMIN,56
USR0000NHOF,2014-07-23,TMAX,339
USR0000NHOF,2014-07-23,TMIN,222
USC00316676,2011-02-24,TMIN,0
USW00093743,2009-08-13,TMAX,278
USC00314144,2005-04-28,TMAX,228
USC00314144,2005-04-28,TMIN,39
USC00315830,2007-10-24,TMAX,283
USC00316096,2010-10-27,TMAX,272
USR0000NNWB,2015-02-06,TMAX,56
USW00093765,2006-12-25,TMAX,200
USR0000NNWB,2015-02-06,TMIN,-72
USC00316676,2013-10-14,TMAX,256
USC00316096,2014-12-15,TMAX,156
USC00314689,2010-08-17,TMAX,350
USR0000NHOF,2006-07-28,TMAX,328
USC00317170,2008-07-12,TMAX,311
USC00314144,2010-01-30,TMAX,6
USC00317170,2008-07-12,TMIN,133
USC00314689,2010-08-17,TMIN,239
USC00316676,2008-10-07,TMIN,150
USC00314144,2010-01-30,TMIN,-39
USC00314689,2009-11-18,TMIN,128
USC00316676,2013-10-14,TMIN,189
USR0000NCRN,2005-01-15,TMAX,72
USR0000NHOF,2006-07-28,TMIN,217
USW00013754,2014-10-18,TMAX,267
USW00013754,2014-10-18,TMIN,139
USR0000NNWB,2014-01-09,TMIN,-50
USW00093765,2015-02-08,TMAX,156
USW00093719,2014-12-14,TMAX,156
USC00316096,2010-10-27,TMIN,228
USW00093743,2007-11-05,TMIN,39
USW00093719,2006-06-02,TMIN,200
USW00093719,2006-06-02,TMAX,300
USC00314684,2012-08-06,TMAX,322
USR0000NHOF,2015-06-11,TMIN,206
USR0000NHOF,2015-06-11,TMAX,328
USC00310356,2009-03-04,TMAX,17
USW00093719,2009-08-26,TMAX,322
USR0000NNWB,2015-09-05,TMAX,300
USW00013754,2014-10-24,TMIN,78
USW00013754,2014-10-24,TMAX,222
USW00093743,2010-11-10,TMIN,56
USC00310356,2013-03-15,TMIN,17
USR0000NCRN,2008-09-21,TMIN,189
USW00093719,2009-08-26,TMIN,206
USC00310356,2013-03-15,TMAX,111
USC00316676,2012-12-15,TMIN,22
USW00093765,2006-12-25,TMIN,106
USR0000NCRN,2008-09-21,TMAX,256
USW00093719,2015-06-20,TMAX,333
USW00093719,2015-06-20,TMIN,222
USW00093743,2007-11-05,TMAX,194
USW00093765,2015-02-08,TMIN,94
USW00093719,2014-12-14,TMIN,0
USR0000NCRN,2005-01-15,TMIN,44
USR0000NNWB,2014-01-09,TMAX,133
USC00315830,2007-10-30,TMIN,94
USC00314684,2012-07-17,TMIN,217
USC00314684,2012-07-17,TMAX,333
USC00316676,2009-04-24,TMIN,83
USR0000NNWB,2015-07-22,TMIN,233
USR0000NNWB,2012-03-12,TMIN,28
USR0000NCRN,2009-10-23,TMIN,172
USC00316676,2009-04-24,TMAX,267
USC00316676,2014-05-10,TMIN,194
USW00093719,2009-12-04,TMAX,156
USR0000NHOF,2011-06-01,TMIN,172
USR0000NCRN,2009-10-23,TMAX,250
USW00093719,2009-12-04,TMIN,61
USC00316676,2010-04-29,TMIN,33
USC00315830,2013-11-09,TMIN,39
USR0000NNWB,2015-07-22,TMAX,333
USR0000NNWB,2006-02-21,TMIN,44
USR0000NNWB,2012-03-12,TMAX,211
USC00315830,2010-03-18,TMAX,139
USW00093765,2008-11-02,TMIN,56
USC00315830,2010-03-18,TMIN,78
USC00314144,2008-06-11,TMAX,311
USC00314144,2008-06-11,TMIN,161
USC00314689,2013-03-03,TMAX,89
USW00093765,2011-05-11,TMAX,239
USC00314689,2009-11-18,TMAX,189
USC00317170,2014-04-03,TMAX,294
USR0000NHOF,2008-04-17,TMAX,244
USC00317170,2014-04-03,TMIN,111
USW00093765,2007-10-08,TMAX,317
USW00013754,2008-07-11,TMAX,283
USR0000NHOF,2008-04-17,TMIN,-28
USW00093743,2013-06-19,TMIN,206
USW00093743,2013-06-19,TMAX,256
USC00310356,2013-06-19,TMIN,222
USW00093765,2015-11-10,TMAX,239
USC00310356,2013-06-19,TMAX,278
USC00316676,2014-05-10,TMAX,322
USC00315830,2013-11-09,TMAX,222
USW00013754,2008-07-11,TMIN,222
USC00310356,2015-06-11,TMIN,250
USC00310356,2015-06-11,TMAX,272
USC00314689,2013-03-03,TMIN,-11
USC00316676,2008-10-07,TMAX,261
USW00093765,2007-08-07,TMAX,311
USR0000NNWB,2008-04-28,TMIN,183
USR0000NNWB,2008-04-28,TMAX,233
USW00093765,2007-10-08,TMIN,217
USW00093765,2010-06-13,TMIN,256
USC00316096,2014-12-15,TMIN,-17
USC00310356,2011-07-25,TMIN,272
USC00314689,2005-09-03,TMIN,206
USC00314684,2015-04-16,TMIN,94
USC00315830,2013-05-13,TMAX,250
USC00316676,2012-12-15,TMAX,156
USW00093719,2011-01-01,TMAX,200
USC00315830,2013-05-13,TMIN,144
USR0000NNWB,2010-06-01,TMIN,211
USC00315830,2011-01-01,TMIN,22
USC00310356,2010-11-10,TMAX,189
USC00314684,2015-04-16,TMAX,178
USR0000NCRN,2009-07-05,TMIN,267
USC00310356,2010-11-10,TMIN,89
USC00314684,2010-12-27,TMIN,-67
USC00316676,2015-09-17,TMAX,272
USC00314684,2012-03-05,TMAX,128
USC00314689,2010-09-28,TMIN,211
USC00314684,2015-08-30,TMIN,161
USW00093719,2006-08-25,TMAX,311
USC00316676,2010-02-11,TMAX,67
USW00093719,2006-08-25,TMIN,183
USC00310576,2012-05-24,TMIN,178
USR0000NNWB,2015-12-26,TMIN,178
USC00314684,2010-10-16,TMAX,200
USR0000NNWB,2015-12-26,TMAX,261
USR0000NCRN,2009-07-05,TMAX,300
USC00314689,2009-12-23,TMAX,111
USW00093719,2011-11-22,TMIN,139
USC00314684,2005-12-03,TMIN,-22
USC00316676,2010-09-05,TMAX,289
USW00093765,2014-04-03,TMAX,200
USC00316096,2015-09-07,TMIN,222
USC00314689,2009-12-23,TMIN,-33
USC00310576,2010-09-23,TMIN,156
USC00315830,2011-01-01,TMAX,178
USW00093765,2014-04-03,TMIN,144
USC00316676,2005-08-02,TMIN,217
USC00317170,2013-05-20,TMIN,189
USC00317170,2013-05-20,TMAX,294
USC00314684,2005-12-03,TMAX,111
USW00013754,2011-10-02,TMAX,189
USR0000NNWB,2010-06-01,TMAX,278
USR0000NNWB,2013-01-12,TMIN,117
USC00316676,2015-09-17,TMIN,144
USR0000NNWB,2013-01-12,TMAX,239
USC00314689,2010-09-28,TMAX,261
USW00093743,2008-04-17,TMAX,233
USW00093743,2008-04-17,TMIN,28
USC00314684,2015-08-30,TMAX,300
USC00315830,2013-12-05,TMIN,72
USC00310576,2012-05-24,TMAX,294
USC00314684,2010-02-02,TMAX,56
USC00315830,2012-09-25,TMAX,250
USC00315830,2012-09-25,TMIN,128
USC00314689,2013-12-02,TMAX,167
USC00314689,2013-12-02,TMIN,0
USR0000NCRN,2005-04-26,TMAX,200
USC00317170,2009-12-30,TMIN,-11
USC00310356,2011-07-25,TMAX,311
USR0000NCRN,2005-04-26,TMIN,133
USC00317170,2009-12-30,TMAX,78
USC00310356,2005-08-11,TMAX,300
USC00310356,2005-08-11,TMIN,250
USR0000NCRN,2015-03-11,TMAX,222
USW00093765,2013-05-20,TMIN,211
USW00093765,2013-05-20,TMAX,267
USW00093743,2013-03-15,TMIN,-16
USW00093765,2015-11-10,TMIN,156
USC00310576,2009-04-16,TMIN,78
USC00310576,2009-04-16,TMAX,172
USW00093743,2013-03-15,TMAX,128
USW00093743,2010-11-10,TMAX,189
USC00314684,2010-02-02,TMIN,11
USR0000NNWB,2014-10-24,TMAX,222
USR0000NNWB,2014-10-24,TMIN,78
USC00316676,2010-09-05,TMIN,144
USW00093765,2012-10-31,TMAX,144
USC00316096,2013-10-18,TMIN,183
USC00316676,2010-02-11,TMIN,0
USC00314144,2005-12-21,TMIN,-50
USC00314689,2012-08-20,TMAX,261
USC00314689,2012-08-20,TMIN,206
USC00315830,2013-12-05,TMAX,239
USC00314684,2010-10-16,TMIN,56
USC00314144,2005-12-21,TMAX,117
USC00316096,2013-10-18,TMAX,244
USC00314684,2012-08-06,TMIN,222
USC00314684,2012-03-05,TMIN,0
USW00093765,2012-10-31,TMIN,83
USW00093719,2011-01-01,TMIN,-6
USR0000NCRN,2015-03-11,TMIN,161
USW00093719,2008-12-16,TMAX,228
USW00093719,2008-12-16,TMIN,89
USR0000NHOF,2013-03-15,TMIN,-39
USR0000NHOF,2013-03-15,TMAX,161
USC00314689,2009-08-01,TMAX,339
USR0000NCRN,2015-02-26,TMIN,11
USC00314689,2009-08-01,TMIN,228
USW00093765,2013-10-25,TMIN,39
USR0000NHOF,2011-07-25,TMAX,317
USR0000NNWB,2014-10-18,TMAX,272
USW00093765,2008-11-02,TMAX,222
USR0000NNWB,2009-04-02,TMAX,194
USC00315830,2007-10-30,TMAX,194
USC00310576,2011-06-08,TMAX,317
USC00316096,2009-11-28,TMAX,133
USW00093765,2006-10-27,TMIN,67
USW00093765,2006-10-27,TMAX,217
USC00317170,2007-06-27,TMAX,333
USW00093765,2011-02-25,TMAX,189
USC00310576,2007-12-03,TMIN,44
USC00316676,2015-11-09,TMAX,161
USC00310576,2007-12-03,TMAX,200
USC00316676,2015-11-09,TMIN,128
USR0000NNWB,2013-05-20,TMIN,206
USR0000NNWB,2013-05-20,TMAX,283
USC00317170,2007-06-27,TMIN,211
USW00013754,2015-09-09,TMAX,306
USW00013754,2013-11-06,TMIN,128
USC00314684,2013-01-30,TMAX,228
USW00013754,2013-11-06,TMAX,200
USC00314144,2011-04-19,TMAX,256
USW00093719,2010-06-21,TMIN,222
USR0000NNWB,2009-04-02,TMIN,133
USC00314144,2009-12-05,TMIN,28
USW00093719,2010-06-21,TMAX,344
USC00316676,2013-06-10,TMAX,294
USC00316676,2007-02-06,TMAX,72
USR0000NNWB,2006-06-02,TMIN,200
USR0000NNWB,2006-06-02,TMAX,306
USC00314689,2011-11-24,TMAX,217
USW00093743,2007-09-10,TMIN,228
USC00310356,2007-10-30,TMAX,172
USC00314684,2013-10-18,TMIN,133
USW00093743,2007-09-18,TMIN,144
USW00013754,2010-11-25,TMAX,217
USC00314684,2013-10-18,TMAX,267
USR0000NHOF,2005-08-11,TMAX,322
USC00314684,2005-06-15,TMIN,239
USC00317170,2008-03-30,TMIN,72
USC00317170,2008-03-30,TMAX,106
USC00314144,2011-04-19,TMIN,83
USW00093719,2005-07-04,TMIN,222
USC00314684,2005-06-15,TMAX,328
USC00316676,2014-06-18,TMAX,333
USR0000NHOF,2005-08-11,TMIN,200
USC00316676,2014-06-18,TMIN,206
USW00093719,2005-07-04,TMAX,306
USC00316676,2013-06-10,TMIN,217
USC00314684,2010-06-23,TMAX,333
USW00013754,2015-07-22,TMIN,228
USC00314684,2013-01-30,TMIN,100
USC00316676,2007-02-25,TMIN,-11
USC00316676,2007-02-25,TMAX,144
USW00093719,2010-11-23,TMIN,106
USW00093765,2008-10-21,TMIN,67
USC00314684,2009-12-28,TMAX,122
USC00314144,2009-08-12,TMAX,306
USW00093719,2010-11-23,TMAX,244
USC00314144,2009-08-12,TMIN,217
USC00310356,2007-04-01,TMAX,233
USW00093719,2015-02-06,TMAX,56
USW00093719,2015-02-06,TMIN,-60
USC00310576,2012-07-16,TMAX,317
USC00316096,2014-03-18,TMAX,83
USC00316096,2014-03-18,TMIN,28
USC00314144,2009-12-05,TMAX,128
USC00310356,2007-04-01,TMIN,56
USC00314684,2015-02-01,TMIN,-39
USC00310576,2012-07-16,TMIN,222
USC00315830,2007-10-24,TMIN,244
USW00093765,2008-10-21,TMAX,206
USW00093765,2011-02-25,TMIN,100
USC00314684,2010-06-23,TMIN,233
USW00013754,2015-07-22,TMAX,333
USC00314684,2007-10-01,TMIN,133
USW00013754,2013-05-20,TMAX,267
USW00093719,2013-12-12,TMIN,-21
USC00316096,2012-04-06,TMAX,128
USR0000NCRN,2013-06-19,TMIN,200
USR0000NCRN,2013-06-19,TMAX,244
USR0000NHOF,2011-01-23,TMIN,-122
USC00316096,2012-04-06,TMIN,39
USR0000NHOF,2011-01-23,TMAX,72
USW00013754,2015-09-09,TMIN,211
USC00315830,2013-03-11,TMAX,206
USC00315830,2013-03-11,TMIN,0
USC00314689,2011-11-24,TMIN,61
USW00093765,2014-02-03,TMAX,183
USC00316096,2011-05-29,TMIN,189
USW00093765,2014-02-03,TMIN,56
USW00093719,2008-09-06,TMAX,311
USW00093719,2008-09-06,TMIN,244
USC00310356,2011-06-19,TMAX,294
USW00093719,2013-12-12,TMAX,89
USC00314684,2007-10-01,TMAX,278
USW00013754,2013-05-20,TMIN,183
USC00316676,2010-10-12,TMIN,144
USC00310356,2011-06-19,TMIN,239
USC00316676,2010-10-12,TMAX,289
USW00093765,2010-06-13,TMAX,306
USW00013754,2010-11-25,TMIN,33
USC00310576,2005-06-17,TMAX,267
USC00316676,2006-03-22,TMAX,78
USW00013754,2005-08-31,TMAX,322
USW00013754,2005-08-31,TMIN,261
USW00093719,2013-05-20,TMIN,206
USC00310576,2010-07-12,TMIN,206
USW00093719,2013-05-20,TMAX,278
USC00316676,2011-01-12,TMIN,6
USC00310576,2010-07-12,TMAX,328
USW00093765,2007-12-27,TMIN,44
USR0000NNWB,2007-04-01,TMIN,139
USW00093765,2007-12-27,TMAX,122
USC00316676,2006-03-22,TMIN,33
USR0000NHOF,2012-08-17,TMAX,317
USR0000NNWB,2007-04-01,TMAX,256
USC00310356,2010-12-27,TMAX,28
USC00314684,2014-03-18,TMAX,33
USC00314684,2014-03-18,TMIN,6
USC00316676,2014-12-22,TMIN,39
USW00013754,2013-01-12,TMIN,122
USW00013754,2013-01-12,TMAX,244
USC00316676,2010-04-29,TMAX,200
USC00314144,2009-03-07,TMAX,250
USW00093743,2011-07-25,TMAX,311
USC00314684,2012-04-06,TMIN,72
USR0000NHOF,2011-06-01,TMAX,300
USC00315830,2010-12-03,TMIN,6
USR0000NNWB,2014-10-18,TMIN,133
USW00013754,2011-03-19,TMIN,111
USW00013754,2008-04-25,TMIN,117
USC00315830,2010-12-03,TMAX,150
USR0000NCRN,2012-02-26,TMAX,100
USC00317170,2015-05-05,TMAX,278
USR0000NCRN,2012-02-26,TMIN,-39
USW00013754,2008-04-25,TMAX,256
USC00314689,2008-05-15,TMIN,167
USR0000NHOF,2007-10-04,TMIN,183
USR0000NHOF,2007-10-04,TMAX,283
USC00314689,2008-05-15,TMAX,256
USC00317170,2015-05-05,TMIN,100
USC00316676,2005-01-02,TMAX,217
USC00316676,2005-01-02,TMIN,44
USC00316676,2011-01-12,TMAX,22
USC00310356,2007-10-30,TMIN,100
USC00314684,2010-09-09,TMIN,161
USC00314684,2010-09-09,TMAX,322
USR0000NNWB,2006-02-21,TMAX,161
USC00314684,2012-04-06,TMAX,156
USC00316096,2010-06-02,TMIN,222
USC00316096,2010-06-02,TMAX,289
USC00315830,2012-06-20,TMIN,222
USC00310576,2006-06-18,TMIN,156
USC00310576,2006-06-18,TMAX,283
USW00093765,2014-11-29,TMAX,106
USC00315830,2012-03-06,TMAX,172
USC00316096,2013-03-03,TMIN,-22
USW00013754,2007-09-18,TMIN,167
USC00317170,2012-05-21,TMAX,261
USC00316096,2013-03-03,TMAX,83
USC00317170,2012-05-21,TMIN,150
USC00310576,2005-06-17,TMIN,189
USC00314684,2006-09-05,TMAX,317
USW00093765,2014-11-29,TMIN,-16
USC00314684,2006-09-05,TMIN,217
USW00093743,2008-12-05,TMAX,111
USC00314144,2010-02-15,TMIN,-39
USW00093743,2008-12-05,TMIN,50
USW00093765,2005-11-20,TMAX,167
USC00316096,2009-11-28,TMIN,11
USC00314144,2010-02-15,TMAX,139
USC00316676,2007-02-06,TMIN,-56
USC00317170,2015-08-16,TMAX,333
USW00093765,2005-11-20,TMIN,94
USC00314689,2012-11-02,TMAX,178
USC00315830,2012-03-06,TMIN,6
USW00013754,2007-09-18,TMAX,267
USC00315830,2012-06-20,TMAX,289
USR0000NCRN,2014-07-23,TMAX,300
USC00317170,2013-10-25,TMAX,144
USR0000NNWB,2008-04-27,TMAX,294
USR0000NCRN,2014-07-23,TMIN,233
USC00315830,2008-11-19,TMIN,-11
USC00315830,2008-11-19,TMAX,44
USR0000NHOF,2012-08-17,TMIN,189
USC00314689,2014-07-25,TMIN,189
USC00314684,2005-10-02,TMIN,139
USW00093743,2007-09-10,TMAX,300
USC00314689,2014-07-25,TMAX,278
USW00013754,2014-01-09,TMIN,-38
USC00316096,2010-11-13,TMAX,183
USC00314684,2005-10-02,TMAX,278
USR0000NNWB,2008-04-27,TMIN,167
USC00316096,2010-11-13,TMIN,22
USC00317170,2013-10-25,TMIN,50
USC00316676,2014-12-22,TMAX,106
USW00013754,2014-01-09,TMAX,111
USW00093743,2011-07-25,TMIN,250
USC00314689,2012-11-02,TMIN,28
USC00310356,2010-12-27,TMIN,-28
USW00093719,2011-11-22,TMAX,250
USC00314684,2012-11-02,TMIN,6
USR0000NHOF,2011-07-25,TMIN,222
USC00316676,2005-08-23,TMIN,239
USC00314684,2009-11-28,TMIN,-17
USC00317170,2015-02-06,TMIN,-83
USC00316676,2013-06-18,TMAX,306
USR0000NCRN,2007-09-29,TMAX,256
USC00310356,2005-02-18,TMIN,17
USC00310356,2007-10-23,TMAX,267
USC00316096,2015-06-20,TMAX,322
USC00316096,2015-06-20,TMIN,217
USC00310576,2008-07-19,TMAX,306
USW00093765,2008-07-29,TMIN,261
USC00314684,2009-11-28,TMAX,122
USC00316676,2008-09-30,TMAX,278
USC00310576,2011-03-20,TMIN,50
USC00316676,2008-09-30,TMIN,178
USC00314689,2008-11-07,TMAX,256
USC00310576,2011-03-20,TMAX,222
USC00310356,2007-10-23,TMIN,206
USC00316676,2011-02-18,TMIN,39
USC00314144,2008-12-11,TMIN,144
USC00310576,2008-07-19,TMIN,206
USC00316676,2013-06-18,TMIN,189
USW00093743,2011-05-24,TMIN,239
USC00314689,2008-11-07,TMIN,106
USC00315830,2010-04-21,TMIN,133
USC00314689,2008-10-03,TMIN,94
USW00093765,2008-07-29,TMAX,300
USC00315830,2011-06-23,TMIN,261
USC00310356,2015-11-02,TMIN,189
USC00314144,2008-12-11,TMAX,217
USC00310576,2009-07-05,TMAX,311
USC00310576,2009-07-05,TMIN,167
USC00314684,2014-10-18,TMAX,233
USC00314684,2014-10-18,TMIN,94
USC00314689,2008-10-03,TMAX,233
USC00317170,2015-02-06,TMAX,50
USC00314689,2009-02-22,TMAX,117
USC00317170,2008-04-15,TMAX,172
USC00315830,2007-06-21,TMAX,289
USC00315830,2015-09-05,TMAX,328
USR0000NHOF,2014-08-26,TMAX,306
USC00315830,2007-06-21,TMIN,206
USR0000NHOF,2006-12-08,TMAX,22
USR0000NHOF,2014-08-26,TMIN,183
USR0000NHOF,2006-12-08,TMIN,-100
USC00315830,2010-04-21,TMAX,189
USC00316676,2005-08-23,TMAX,361
USC00315830,2011-06-23,TMAX,300
USC00314689,2011-01-29,TMAX,139
USR0000NCRN,2007-09-29,TMIN,172
USC00314689,2006-07-23,TMIN,228
USC00314689,2006-07-23,TMAX,311
USC00315830,2011-08-21,TMIN,233
USC00314689,2007-02-06,TMIN,-78
USC00314689,2007-02-06,TMAX,56
USR0000NNWB,2015-06-07,TMIN,167
USR0000NNWB,2009-05-09,TMAX,333
USC00317170,2013-03-03,TMIN,-6
USC00317170,2013-03-03,TMAX,94
USC00315830,2011-08-21,TMAX,306
USR0000NCRN,2008-01-29,TMIN,6
USR0000NCRN,2008-01-29,TMAX,167
USC00315830,2009-03-15,TMIN,67
USC00315830,2009-03-15,TMAX,133
USW00013754,2005-07-04,TMIN,228
USR0000NHOF,2010-11-04,TMIN,100
USR0000NCRN,2010-02-12,TMAX,50
USR0000NCRN,2010-02-12,TMIN,-22
USW00013754,2005-07-04,TMAX,294
USC00310356,2007-10-04,TMIN,217
USC00316676,2011-02-18,TMAX,217
USR0000NCRN,2014-06-03,TMAX,261
USC00310576,2006-10-02,TMAX,244
USR0000NCRN,2014-06-03,TMIN,122
USC00310576,2013-12-05,TMAX,172
USR0000NCRN,2012-05-24,TMIN,200
USC00317170,2012-05-30,TMIN,200
USW00093765,2006-02-06,TMIN,22
USC00317170,2012-05-30,TMAX,239
USW00093719,2011-06-08,TMIN,222
USC00316676,2010-04-21,TMIN,94
USR0000NHOF,2008-02-17,TMIN,11
USC00316676,2010-04-21,TMAX,217
USR0000NCRN,2012-05-24,TMAX,283
USW00093743,2011-05-24,TMAX,278
USC00314684,2013-09-10,TMAX,311
USR0000NHOF,2008-02-17,TMAX,211
USW00093765,2013-05-13,TMAX,217
USW00093765,2013-05-13,TMIN,100
USC00310576,2010-12-22,TMIN,0
USC00310576,2010-12-22,TMAX,89
USC00314684,2013-09-10,TMIN,178
USR0000NNWB,2015-06-07,TMAX,283
USC00310576,2006-10-02,TMIN,111
USC00310576,2013-12-05,TMIN,106
USC00316676,2013-11-05,TMAX,172
USW00093765,2006-02-06,TMAX,100
USC00314144,2007-08-05,TMIN,178
USC00316096,2010-08-13,TMAX,322
USW00093719,2011-04-28,TMAX,278
USC00310356,2006-05-29,TMAX,344
USC00316676,2009-05-09,TMAX,289
USC00310356,2006-05-29,TMIN,228
USW00093743,2009-12-08,TMIN,94
USW00093743,2011-05-15,TMAX,256
USC00315830,2014-01-07,TMAX,100
USC00315830,2014-01-07,TMIN,-67
USC00310356,2012-01-23,TMIN,67
USC00310356,2007-07-26,TMIN,183
USC00310356,2007-07-26,TMAX,306
USC00316676,2009-04-17,TMAX,183
USC00316676,2009-04-17,TMIN,0
USR0000NNWB,2008-12-29,TMIN,33
USC00310576,2014-10-24,TMIN,89
USR0000NNWB,2013-03-11,TMAX,222
USC00310576,2014-10-24,TMAX,206
USR0000NNWB,2013-03-11,TMIN,61
USR0000NCRN,2009-04-01,TMAX,172
USR0000NCRN,2009-04-01,TMIN,133
USC00314689,2011-08-24,TMAX,317
USW00093765,2015-01-08,TMIN,-88
USC00316676,2009-05-09,TMIN,172
USR0000NCRN,2013-08-28,TMIN,228
USW00093743,2011-05-15,TMIN,206
USW00093743,2009-12-08,TMAX,194
USR0000NNWB,2007-07-16,TMAX,322
USC00310576,2015-10-06,TMIN,161
USC00315830,2015-11-04,TMIN,178
USW00013754,2007-04-15,TMAX,222
USC00316676,2015-01-09,TMIN,-83
USW00013754,2008-12-15,TMAX,222
USR0000NHOF,2011-05-24,TMIN,228
USR0000NHOF,2011-05-24,TMAX,283
USC00316096,2011-09-14,TMAX,306
USR0000NHOF,2009-06-29,TMAX,333
USR0000NHOF,2015-10-24,TMAX,239
USC00314144,2010-11-03,TMIN,100
USC00314144,2010-11-03,TMAX,156
USR0000NCRN,2013-08-28,TMAX,300
USC00314689,2010-08-13,TMIN,239
USR0000NHOF,2009-06-29,TMIN,206
USC00314689,2010-08-13,TMAX,344
USC00316096,2011-09-14,TMIN,161
USC00316676,2015-10-07,TMIN,133
USC00316676,2015-10-07,TMAX,206
USW00013754,2007-04-15,TMIN,72
USC00310356,2012-01-23,TMAX,78
USR0000NHOF,2009-12-08,TMIN,39
USC00314689,2011-08-24,TMIN,172
USC00316096,2015-05-05,TMAX,256
USC00310356,2006-06-18,TMAX,283
USR0000NCRN,2010-11-25,TMIN,28
USR0000NNWB,2010-04-01,TMIN,61
USW00093765,2006-09-09,TMIN,183
USC00315830,2007-12-13,TMAX,200
USC00315830,2007-12-13,TMIN,122
USC00310356,2011-11-16,TMIN,172
USR0000NNWB,2010-04-01,TMAX,306
USC00317170,2008-04-15,TMIN,61
USW00093719,2005-06-08,TMIN,189
USC00315830,2010-05-09,TMAX,261
USC00310576,2013-09-01,TMIN,189
USC00310576,2013-09-01,TMAX,322
USC00310356,2011-11-16,TMAX,200
USC00310356,2014-08-26,TMAX,283
USC00310356,2014-08-26,TMIN,194
USC00314689,2011-01-22,TMIN,-28
USC00310356,2005-02-18,TMAX,111
USC00316096,2010-08-13,TMIN,228
USW00093719,2005-06-08,TMAX,300
USW00093719,2011-04-28,TMIN,222
USC00310576,2014-01-28,TMIN,17
USC00310356,2006-06-18,TMIN,194
USR0000NCRN,2010-11-25,TMAX,206
USW00093765,2006-09-09,TMAX,283
USC00316676,2007-06-21,TMIN,172
USR0000NNWB,2008-12-29,TMAX,178
USR0000NHOF,2011-11-16,TMIN,183
USW00093719,2015-02-08,TMIN,78
USW00093719,2015-02-08,TMAX,233
USC00316676,2007-06-21,TMAX,317
USC00316096,2015-05-05,TMIN,94
USC00316676,2014-12-17,TMAX,211
USW00093765,2015-01-08,TMAX,-16
USC00316676,2014-12-17,TMIN,33
USC00314144,2008-12-06,TMIN,-39
USR0000NHOF,2011-11-16,TMAX,244
USC00314689,2011-01-29,TMIN,-28
USC00314144,2007-08-05,TMAX,333
USC00310356,2015-11-02,TMAX,250
USR0000NNWB,2006-10-27,TMIN,61
USR0000NNWB,2006-10-27,TMAX,194
USC00310576,2013-05-20,TMIN,172
USC00310576,2013-05-20,TMAX,278
USR0000NHOF,2006-05-29,TMAX,294
USC00314689,2011-01-22,TMAX,72
USR0000NHOF,2006-05-29,TMIN,133
USC00310576,2014-01-28,TMAX,194
USC00314144,2008-12-06,TMAX,144
USR0000NHOF,2015-10-24,TMIN,106
USC00314684,2010-06-02,TMIN,200
USR0000NNWB,2015-05-07,TMIN,167
USC00314689,2009-02-17,TMAX,83
USR0000NNWB,2015-05-07,TMAX,261
USW00093719,2013-03-11,TMAX,228
USW00013754,2006-12-21,TMAX,194
USW00013754,2006-12-21,TMIN,39
USC00315830,2008-04-12,TMAX,244
USW00093743,2014-10-24,TMIN,89
USW00093743,2014-10-24,TMAX,211
USW00093719,2013-03-11,TMIN,44
USW00093765,2015-02-01,TMIN,-27
USR0000NHOF,2006-04-18,TMAX,211
USR0000NNWB,2010-09-23,TMIN,200
USC00314144,2011-04-18,TMAX,244
USC00317170,2007-09-26,TMIN,172
USW00093765,2012-07-03,TMIN,233
USR0000NHOF,2006-04-18,TMIN,50
USC00314144,2011-04-18,TMIN,44
USW00093765,2015-02-01,TMAX,150
USC00314144,2007-05-24,TMIN,117
USC00314144,2008-04-13,TMAX,222
USC00315830,2008-04-12,TMIN,183
USC00310356,2014-10-24,TMIN,106
USC00310576,2010-03-31,TMIN,83
USC00314689,2009-02-17,TMIN,-44
USC00315830,2015-03-25,TMIN,78
USC00314684,2005-08-31,TMIN,228
USC00310576,2008-11-02,TMAX,228
USC00316676,2012-09-13,TMAX,250
USC00310356,2007-10-04,TMAX,294
USW00093719,2009-11-14,TMAX,150
USC00316676,2006-03-24,TMIN,33
USC00316676,2006-03-24,TMAX,122
USR0000NHOF,2014-10-24,TMIN,50
USC00310576,2008-11-02,TMIN,17
USC00314689,2010-06-21,TMAX,344
USR0000NHOF,2014-10-24,TMAX,239
USC00317170,2008-11-18,TMIN,28
USC00314689,2013-10-26,TMIN,-6
USR0000NCRN,2014-08-29,TMIN,211
USC00310576,2010-03-31,TMAX,217
USC00314689,2013-10-26,TMAX,172
USW00093719,2009-11-14,TMIN,122
USW00013754,2005-08-09,TMAX,311
USR0000NNWB,2014-07-09,TMIN,250
USC00316676,2012-09-13,TMIN,128
USR0000NCRN,2014-08-29,TMAX,322
USR0000NNWB,2010-12-21,TMAX,67
USC00315830,2014-08-19,TMIN,256
USC00310356,2014-10-24,TMAX,200
USC00314144,2008-10-15,TMIN,83
USW00093765,2012-09-25,TMIN,128
USC00315830,2014-08-19,TMAX,300
USW00013754,2005-02-02,TMAX,117
USC00316676,2006-12-17,TMAX,183
USR0000NCRN,2005-04-19,TMAX,256
USW00093743,2013-05-20,TMIN,211
USR0000NCRN,2005-04-19,TMIN,111
USW00093743,2013-05-20,TMAX,272
USC00316676,2006-03-10,TMIN,89
USW00093765,2015-05-01,TMIN,106
USC00314689,2013-02-02,TMAX,78
USC00316676,2006-03-10,TMAX,222
USC00310356,2013-05-20,TMIN,206
USC00316676,2013-11-05,TMIN,61
USC00310356,2013-05-20,TMAX,261
USW00093719,2012-05-29,TMAX,300
USC00310356,2008-02-17,TMIN,67
USW00093719,2012-05-29,TMIN,200
USW00093765,2007-07-10,TMAX,289
USC00310356,2008-02-17,TMAX,128
USW00093719,2015-08-09,TMIN,189
USC00315830,2005-11-08,TMIN,89
USC00314689,2013-02-02,TMIN,-67
USW00093765,2007-07-10,TMIN,233
USC00314684,2014-06-20,TMIN,200
USR0000NCRN,2007-11-03,TMAX,200
USC00317170,2007-09-26,TMAX,306
USR0000NCRN,2007-05-28,TMIN,156
USC00314144,2007-05-24,TMAX,294
USC00316096,2014-02-03,TMAX,189
USC00314684,2014-06-20,TMAX,361
USW00013754,2005-02-02,TMIN,0
USR0000NNWB,2010-12-21,TMIN,-39
USC00317170,2010-07-05,TMIN,172
USC00314684,2005-08-31,TMAX,333
USC00317170,2010-07-05,TMAX,333
USC00316096,2014-02-03,TMIN,56
USC00315830,2013-06-11,TMAX,289
USC00315830,2013-06-11,TMIN,250
USW00093765,2012-09-25,TMAX,244
USW00093719,2009-11-03,TMIN,78
USC00315830,2005-11-08,TMAX,244
USW00093719,2009-11-03,TMAX,194
USR0000NCRN,2007-11-03,TMIN,56
USC00314144,2008-10-15,TMAX,300
USC00314144,2008-04-13,TMIN,78
USR0000NNWB,2010-09-23,TMAX,344
USC00310576,2015-10-06,TMAX,200
USC00317170,2008-11-18,TMAX,83
USR0000NCRN,2008-01-19,TMIN,28
USC00314689,2015-06-20,TMIN,217
USC00314689,2012-03-05,TMAX,117
USW00093765,2012-12-05,TMIN,117
USC00314689,2006-09-05,TMAX,289
USC00314689,2006-09-05,TMIN,211
USC00314689,2012-03-05,TMIN,11
USC00314684,2009-07-28,TMAX,306
USW00013754,2009-06-13,TMAX,311
USW00093719,2005-11-11,TMAX,150
USC00314684,2012-01-16,TMIN,-56
USW00093719,2005-11-11,TMIN,17
USC00314689,2009-02-22,TMIN,39
USC00314684,2009-07-28,TMIN,194
USW00013754,2009-06-13,TMIN,200
USW00013754,2007-10-28,TMIN,122
USR0000NCRN,2009-10-03,TMIN,244
USC00310356,2011-05-24,TMIN,233
USW00013754,2005-08-09,TMIN,228
USC00314684,2015-06-23,TMIN,239
USC00314684,2015-06-23,TMAX,372
USR0000NNWB,2015-03-01,TMAX,100
USC00314684,2013-10-25,TMIN,17
USC00315830,2010-05-28,TMIN,206
USC00314684,2013-10-25,TMAX,156
USC00314684,2012-11-24,TMAX,189
USC00314684,2010-06-02,TMAX,272
USW00093719,2011-06-08,TMAX,356
USW00013754,2009-07-07,TMIN,189
USW00013754,2009-07-07,TMAX,289
USW00013754,2010-06-20,TMIN,217
USW00013754,2010-06-20,TMAX,333
USC00310576,2005-10-07,TMIN,217
USC00310576,2005-10-07,TMAX,256
USR0000NNWB,2009-05-09,TMIN,211
USC00314689,2015-05-05,TMAX,267
USW00093765,2012-07-17,TMIN,272
USW00093765,2012-07-17,TMAX,317
USW00013754,2010-07-23,TMAX,333
USW00013754,2010-07-23,TMIN,244
USW00093743,2012-01-23,TMAX,183
USW00013754,2013-10-18,TMIN,189
USC00315830,2009-02-08,TMIN,83
USW00013754,2013-10-18,TMAX,244
USC00314684,2012-11-24,TMIN,-6
USW00093743,2012-01-23,TMIN,56
USC00314689,2015-06-20,TMAX,350
USR0000NCRN,2009-10-03,TMAX,272
USC00314689,2010-06-21,TMIN,228
USC00316096,2011-07-09,TMAX,311
USC00315830,2010-05-28,TMAX,278
USR0000NHOF,2011-10-20,TMIN,78
USR0000NHOF,2011-10-20,TMAX,178
USR0000NHOF,2012-01-23,TMIN,50
USC00315830,2015-03-25,TMAX,172
USR0000NCRN,2009-03-07,TMAX,206
USR0000NCRN,2009-03-07,TMIN,111
USC00317170,2008-05-15,TMIN,172
USC00317170,2008-05-15,TMAX,261
USW00013754,2010-04-01,TMIN,61
USW00093743,2008-02-17,TMIN,67
USW00013754,2011-03-02,TMIN,6
USW00093743,2008-02-17,TMAX,200
USC00317170,2012-11-02,TMIN,28
USC00317170,2012-11-02,TMAX,189
USC00310576,2014-07-23,TMAX,300
USC00310576,2014-07-23,TMIN,228
USR0000NNWB,2014-07-09,TMAX,350
USC00317170,2013-05-13,TMAX,217
USR0000NCRN,2008-01-19,TMAX,78
USC00317170,2013-05-13,TMIN,117
USW00013754,2011-03-02,TMAX,183
USW00093765,2015-12-26,TMIN,183
USW00093765,2015-12-26,TMAX,239
USR0000NHOF,2012-01-23,TMAX,172
USR0000NNWB,2011-09-16,TMIN,156
USC00310356,2011-05-24,TMAX,272
USR0000NNWB,2015-03-01,TMIN,0
USC00315830,2015-09-05,TMIN,228
USR0000NNWB,2011-09-16,TMAX,189
USR0000NNWB,2014-12-21,TMIN,6
USW00093765,2012-12-05,TMAX,211
USR0000NHOF,2010-11-04,TMAX,200
USC00316096,2011-07-09,TMIN,233
USR0000NNWB,2014-12-21,TMAX,89
USC00314689,2015-09-04,TMIN,206
USW00013754,2010-04-01,TMAX,272
USC00314144,2006-08-19,TMIN,206
USR0000NHOF,2011-10-24,TMIN,72
USC00316676,2014-04-06,TMIN,111
USR0000NHOF,2011-10-24,TMAX,217
USC00310356,2006-04-18,TMAX,233
USW00093719,2015-09-09,TMAX,311
USW00093719,2015-09-09,TMIN,222
USC00310356,2006-04-18,TMIN,94
USC00316676,2014-04-06,TMAX,267
USC00314144,2006-08-19,TMAX,328
USW00013754,2007-10-28,TMAX,200
USC00314689,2015-09-04,TMAX,333
USW00013754,2008-12-15,TMIN,111
USC00310356,2005-08-25,TMAX,306
USC00310356,2005-08-25,TMIN,233
USC00310356,2011-01-23,TMIN,-78
USW00013754,2011-09-07,TMAX,300
USW00093719,2006-10-27,TMIN,50
USC00316676,2005-05-27,TMIN,139
USW00093719,2013-05-13,TMAX,217
USC00315830,2012-09-16,TMIN,183
USC00316676,2005-05-27,TMAX,267
USW00093719,2013-05-13,TMIN,100
USC00315830,2007-09-28,TMAX,306
USC00316096,2011-03-08,TMIN,-6
USW00093765,2013-09-12,TMIN,200
USC00310356,2010-01-30,TMAX,67
USC00310356,2009-06-29,TMAX,306
USW00093765,2013-09-12,TMAX,289
USC00310356,2011-01-23,TMAX,0
USC00310356,2010-01-30,TMIN,-6
USC00316676,2008-10-08,TMIN,100
USC00317170,2014-11-29,TMIN,-28
USC00316676,2008-10-08,TMAX,217
USW00093743,2010-01-30,TMAX,44
USC00315830,2012-09-16,TMAX,289
USW00093743,2009-06-30,TMAX,317
USW00093743,2010-01-30,TMIN,-10
USC00310576,2007-11-19,TMAX,200
USC00315830,2014-05-26,TMAX,261
USR0000NCRN,2014-08-26,TMIN,189
USR0000NNWB,2011-06-03,TMIN,183
USR0000NNWB,2008-01-01,TMAX,167
USC00310356,2012-05-24,TMIN,211
USR0000NHOF,2010-03-19,TMIN,39
USC00310356,2012-05-24,TMAX,267
USW00093765,2007-07-03,TMIN,178
USR0000NHOF,2010-03-19,TMAX,228
USW00013754,2005-10-24,TMAX,194
USW00013754,2005-10-24,TMIN,106
USC00314144,2009-10-23,TMIN,111
USC00310356,2012-02-04,TMAX,144
USR0000NCRN,2006-04-18,TMAX,222
USR0000NCRN,2006-04-18,TMIN,83
USW00013754,2011-09-07,TMIN,222
USW00093765,2007-07-03,TMAX,272
USC00317170,2014-11-29,TMAX,117
USR0000NNWB,2008-01-01,TMIN,28
USC00310576,2007-11-19,TMIN,44
USC00314144,2009-10-23,TMAX,261
USC00315830,2014-05-26,TMIN,200
USW00093743,2009-06-30,TMIN,228
USR0000NNWB,2011-06-03,TMAX,317
USW00093719,2006-10-27,TMAX,200
USC00314684,2005-07-24,TMIN,211
USC00316676,2011-10-22,TMIN,56
USR0000NHOF,2012-12-17,TMIN,133
USC00314689,2010-10-16,TMAX,206
USR0000NCRN,2005-02-19,TMAX,122
USW00093765,2007-07-28,TMAX,283
USW00093765,2007-08-07,TMIN,267
USC00314689,2010-10-16,TMIN,78
USR0000NHOF,2015-04-07,TMIN,111
USR0000NHOF,2015-04-07,TMAX,250
USW00013754,2008-10-05,TMIN,106
USW00013754,2008-10-05,TMAX,250
USR0000NHOF,2012-12-17,TMAX,161
USC00317170,2010-04-29,TMAX,250
USW00093719,2015-05-07,TMIN,172
USC00314144,2008-10-17,TMIN,133
USW00093719,2015-05-07,TMAX,261
USR0000NNWB,2012-09-25,TMAX,278
USC00314689,2008-02-09,TMIN,33
USR0000NNWB,2012-09-25,TMIN,94
USC00314689,2005-10-21,TMIN,161
USC00314144,2008-10-17,TMAX,250
USC00314684,2009-03-14,TMIN,44
USR0000NCRN,2005-02-19,TMIN,-44
USC00316676,2011-10-22,TMAX,206
USC00310576,2011-03-26,TMIN,61
USC00315830,2011-09-18,TMIN,178
USC00310576,2011-03-26,TMAX,139
USC00317170,2014-10-18,TMAX,261
USC00310356,2009-06-29,TMIN,222
USC00314689,2012-11-24,TMIN,67
USW00093765,2007-07-28,TMIN,244
USC00316676,2014-12-03,TMAX,144
USC00317170,2014-10-18,TMIN,133
USR0000NCRN,2008-12-03,TMIN,-39
USR0000NCRN,2008-12-03,TMAX,117
USR0000NCRN,2014-08-26,TMAX,289
USC00316676,2014-12-03,TMIN,100
USW00093719,2009-05-03,TMAX,294
USW00013754,2012-03-12,TMIN,39
USC00314684,2005-07-24,TMAX,328
USC00314689,2012-11-24,TMAX,194
USC00314684,2014-07-25,TMIN,194
USC00314684,2014-07-25,TMAX,311
USC00314684,2011-03-14,TMIN,67
USC00314684,2009-03-14,TMAX,72
USC00314684,2011-03-14,TMAX,256
USR0000NNWB,2006-02-12,TMIN,-22
USW00093719,2009-05-03,TMIN,183
USR0000NHOF,2010-01-30,TMAX,6
USC00314684,2008-10-30,TMIN,-22
USR0000NNWB,2006-08-13,TMIN,183
USC00314144,2005-04-19,TMIN,72
USC00310356,2010-10-27,TMIN,233
USW00013754,2010-12-21,TMAX,183
USW00013754,2008-10-09,TMIN,161
USW00013754,2008-10-09,TMAX,250
USC00314684,2015-05-05,TMIN,100
USW00013754,2010-12-21,TMIN,-21
USR0000NHOF,2012-05-24,TMIN,183
USC00315830,2011-01-04,TMAX,111
USR0000NHOF,2012-05-24,TMAX,289
USC00316096,2014-06-20,TMAX,311
USW00013754,2008-12-08,TMAX,100
USC00314144,2007-02-12,TMAX,167
USC00310356,2007-12-08,TMAX,139
USW00093765,2008-11-18,TMAX,78
USC00314684,2006-07-21,TMAX,322
USC00314144,2007-02-12,TMIN,-67
USC00314684,2006-07-21,TMIN,200
USC00316096,2011-03-08,TMAX,156
USW00093765,2014-10-18,TMAX,244
USC00314689,2011-08-10,TMIN,228
USC00314144,2005-04-19,TMAX,294
USW00093743,2007-09-18,TMAX,261
USC00310576,2008-11-16,TMAX,244
USC00314684,2015-05-05,TMAX,278
USR0000NHOF,2009-06-30,TMIN,183
USC00314684,2012-11-02,TMAX,156
USW00093765,2011-05-17,TMAX,256
USW00013754,2008-04-28,TMIN,178
USW00013754,2008-04-28,TMAX,233
USW00093719,2010-07-06,TMAX,344
USC00315830,2014-11-05,TMAX,189
USR0000NHOF,2009-06-30,TMAX,322
USW00093765,2011-02-13,TMIN,-10
USW00093765,2011-02-13,TMAX,117
USW00093743,2008-12-08,TMIN,-38
USC00316676,2009-05-22,TMIN,150
USC00315830,2014-11-05,TMIN,56
USW00093743,2008-12-08,TMAX,89
USC00317170,2011-11-22,TMAX,244
USC00317170,2011-11-22,TMIN,139
USW00093719,2011-10-03,TMAX,206
USC00310356,2010-10-27,TMAX,256
USC00316676,2009-05-22,TMAX,256
USC00317170,2015-05-01,TMIN,94
USC00310576,2008-11-16,TMIN,89
USC00317170,2015-05-01,TMAX,178
USW00093765,2008-11-18,TMIN,22
USC00314684,2008-10-30,TMAX,150
USC00315830,2011-01-04,TMIN,-33
USR0000NCRN,2009-05-22,TMAX,261
USW00093743,2012-05-24,TMAX,272
USC00314689,2009-12-28,TMIN,50
USC00310576,2014-05-29,TMIN,200
USC00314689,2008-03-24,TMIN,61
USW00013754,2014-12-04,TMIN,83
USW00013754,2014-12-04,TMAX,144
USC00310356,2012-02-04,TMIN,61
USC00316096,2015-06-23,TMIN,267
USC00316096,2015-06-23,TMAX,311
USR0000NNWB,2010-06-20,TMIN,217
USC00316676,2015-09-19,TMAX,278
USR0000NCRN,2009-05-22,TMIN,156
USR0000NHOF,2007-01-11,TMIN,-78
USC00310576,2008-05-21,TMAX,317
USR0000NHOF,2007-01-11,TMAX,128
USC00310576,2008-05-21,TMIN,150
USC00316676,2015-09-19,TMIN,194
USR0000NNWB,2010-06-20,TMAX,350
USC00310576,2006-08-15,TMIN,194
USR0000NNWB,2006-08-13,TMAX,300
USW00093719,2011-07-20,TMAX,356
USW00093743,2012-05-24,TMIN,200
USC00314689,2009-12-28,TMAX,128
USW00093719,2011-07-20,TMIN,250
USW00013754,2008-12-08,TMIN,-38
USC00314689,2011-08-10,TMAX,344
USW00093765,2014-10-18,TMIN,167
USC00315830,2012-04-11,TMIN,122
USC00315830,2012-04-11,TMAX,211
USC00317170,2015-01-06,TMAX,156
USW00093719,2010-02-02,TMIN,-22
USC00315830,2011-09-18,TMAX,222
USW00093719,2010-02-02,TMAX,94
USC00314684,2009-12-09,TMIN,39
USC00310576,2006-08-15,TMAX,300
USC00314684,2009-12-09,TMAX,206
USW00013754,2012-09-25,TMIN,117
USC00310356,2007-05-03,TMIN,178
USC00310356,2007-05-03,TMAX,228
USC00310356,2013-06-11,TMAX,278
USC00310356,2013-06-11,TMIN,233
USC00310576,2014-05-29,TMAX,339
USW00093743,2013-06-11,TMAX,283
USC00314684,2009-03-26,TMAX,128
USC00314684,2009-03-26,TMIN,22
USW00093743,2013-06-11,TMIN,239
USW00013754,2012-09-25,TMAX,250
USC00316096,2014-06-20,TMIN,206
USC00314689,2008-02-09,TMAX,200
USC00314144,2009-10-03,TMAX,272
USC00310356,2010-03-19,TMIN,83
USC00315830,2005-12-27,TMAX,122
USC00316676,2005-02-08,TMIN,6
USC00310356,2010-03-19,TMAX,111
USC00315830,2014-01-29,TMAX,11
USC00310576,2005-05-16,TMIN,178
USW00093719,2009-03-03,TMAX,6
USC00315830,2005-12-27,TMIN,11
USC00314144,2008-07-06,TMAX,300
USC00316096,2009-11-02,TMAX,144
USC00314684,2007-01-09,TMAX,211
USC00314144,2008-07-06,TMIN,206
USC00314684,2007-01-09,TMIN,-11
USC00316096,2012-03-05,TMIN,-11
USC00314684,2010-12-07,TMIN,-67
USC00316676,2005-09-30,TMAX,306
USC00314684,2010-12-07,TMAX,33
USW00093765,2009-08-19,TMAX,300
USW00093765,2009-08-19,TMIN,256
USC00310576,2005-05-16,TMAX,278
USW00093719,2015-01-16,TMIN,28
USC00317170,2015-02-01,TMAX,139
USC00314684,2014-02-03,TMAX,183
USC00314144,2010-02-12,TMIN,-44
USC00314144,2010-02-12,TMAX,50
USR0000NHOF,2008-07-10,TMIN,211
USC00314684,2012-05-21,TMIN,172
USC00310356,2006-12-08,TMAX,172
USC00310356,2006-12-08,TMIN,-33
USC00316676,2013-01-24,TMIN,-17
USR0000NHOF,2008-07-10,TMAX,311
USR0000NNWB,2012-01-09,TMIN,61
USC00316676,2013-01-24,TMAX,67
USW00093765,2007-07-01,TMAX,300
USR0000NNWB,2012-01-09,TMAX,89
USC00310576,2014-03-23,TMIN,61
USC00310576,2014-03-23,TMAX,250
USW00093719,2009-03-03,TMIN,-61
USC00316096,2012-03-05,TMAX,161
USC00310576,2007-06-01,TMIN,128
USR0000NHOF,2005-08-25,TMIN,133
USR0000NHOF,2005-08-25,TMAX,278
USC00310576,2007-06-01,TMAX,278
USC00316676,2008-06-21,TMAX,317
USC00315830,2014-01-29,TMIN,-72
USC00316676,2008-06-21,TMIN,167
USC00317170,2015-02-01,TMIN,-33
USC00310356,2009-12-08,TMAX,144
USC00310356,2009-12-08,TMIN,78
USC00316676,2005-09-30,TMIN,167
USC00316676,2012-12-21,TMAX,200
USW00093719,2009-06-19,TMIN,233
USC00315830,2015-11-04,TMAX,194
USW00093765,2005-10-02,TMIN,183
USW00093765,2007-12-09,TMAX,222
USW00093765,2007-12-09,TMIN,89
USC00310576,2013-06-11,TMAX,289
USC00316096,2009-11-02,TMIN,117
USC00310576,2013-06-11,TMIN,228
USW00013754,2010-02-02,TMIN,-5
USW00013754,2010-02-02,TMAX,106
USW00093765,2005-10-02,TMAX,250
USC00316676,2012-12-21,TMIN,72
USC00316676,2015-01-09,TMAX,-11
USR0000NCRN,2010-07-21,TMIN,239
USR0000NCRN,2010-07-21,TMAX,311
USR0000NHOF,2006-06-18,TMIN,122
USC00314144,2005-03-12,TMAX,211
USR0000NHOF,2006-06-18,TMAX,272
USC00315830,2010-05-09,TMIN,144
USR0000NNWB,2007-07-16,TMIN,222
USW00093765,2008-03-30,TMAX,128
USW00093719,2015-01-16,TMAX,133
USW00093719,2006-03-12,TMIN,133
USW00093765,2011-07-10,TMAX,306
USC00314684,2014-02-03,TMIN,61
USC00317170,2008-01-21,TMIN,-33
USC00314144,2005-03-12,TMIN,-17
USC00314689,2005-04-20,TMIN,144
USC00310576,2014-06-04,TMAX,311
USC00316096,2015-12-28,TMIN,156
USW00013754,2013-03-11,TMAX,206
USR0000NHOF,2010-10-27,TMAX,283
USR0000NHOF,2010-10-27,TMIN,233
USW00013754,2013-03-11,TMIN,61
USC00314144,2009-08-29,TMIN,222
USW00093765,2011-07-10,TMIN,228
USW00093765,2008-03-30,TMIN,78
USC00316676,2005-02-08,TMAX,150
USC00316096,2015-12-28,TMAX,217
USW00093719,2006-03-12,TMAX,267
USC00317170,2008-01-21,TMAX,61
USW00093719,2012-09-25,TMAX,256
USW00093719,2012-09-25,TMIN,100
USC00310576,2008-02-11,TMAX,133
USC00310576,2008-02-11,TMIN,11
USC00310576,2014-06-04,TMIN,117
USW00093719,2009-06-19,TMAX,317
USR0000NNWB,2006-02-12,TMAX,67
USC00314144,2009-08-29,TMAX,306
USC00314684,2012-05-21,TMAX,244
USW00093743,2009-06-29,TMAX,339
USR0000NNWB,2012-05-29,TMIN,217
USC00314144,2006-03-19,TMAX,144
USW00093765,2007-07-01,TMIN,228
USW00093743,2009-06-29,TMIN,256
USC00316676,2005-08-11,TMIN,222
USW00093765,2009-12-24,TMIN,33
USC00316676,2005-08-11,TMAX,306
USW00093765,2009-12-24,TMAX,106
USR0000NHOF,2007-04-01,TMAX,244
USR0000NHOF,2008-12-05,TMAX,100
USR0000NHOF,2007-04-01,TMIN,133
USW00093719,2009-08-15,TMAX,306
USR0000NCRN,2012-09-29,TMIN,189
USW00093765,2014-12-30,TMIN,28
USC00310356,2010-11-06,TMIN,83
USC00310356,2010-11-06,TMAX,161
USC00314684,2015-06-20,TMAX,356
USC00314684,2015-06-20,TMIN,217
USC00317170,2010-04-29,TMIN,50
USW00013754,2014-07-09,TMAX,322
USC00317170,2008-09-19,TMIN,156
USW00013754,2014-07-09,TMIN,261
USC00317170,2008-09-19,TMAX,261
USC00314689,2015-12-28,TMIN,133
USR0000NHOF,2010-01-30,TMIN,-39
USC00310356,2009-06-30,TMIN,222
USC00314144,2009-10-03,TMIN,172
USC00310356,2009-06-30,TMAX,328
USW00013754,2012-03-12,TMAX,206
USC00310576,2008-08-15,TMIN,167
USW00093765,2005-08-31,TMAX,311
USW00013754,2009-01-24,TMIN,50
USW00093719,2009-08-15,TMIN,217
USW00093765,2005-08-31,TMIN,272
USC00310576,2014-05-07,TMIN,128
USC00310576,2014-05-07,TMAX,233
USC00310576,2008-08-15,TMAX,289
USC00310576,2009-08-15,TMAX,256
USC00314689,2010-11-13,TMAX,189
USC00314689,2010-11-13,TMIN,28
USC00315830,2006-06-02,TMIN,233
USC00315830,2006-06-02,TMAX,272
USC00310576,2009-08-15,TMIN,222
USR0000NNWB,2012-05-29,TMAX,283
USC00314144,2006-03-19,TMIN,-28
USC00314689,2015-12-28,TMAX,250
USC00316676,2015-08-16,TMIN,172
USW00093719,2013-10-18,TMIN,194
USC00315830,2009-08-02,TMIN,239
USW00093765,2015-02-06,TMIN,-49
USW00093743,2012-12-17,TMAX,167
USC00314684,2005-12-02,TMIN,6
USR0000NCRN,2012-09-29,TMAX,267
USW00093765,2014-12-30,TMAX,89
USW00013754,2015-06-07,TMAX,267
USR0000NCRN,2013-12-11,TMAX,106
USR0000NCRN,2008-04-12,TMAX,244
USW00013754,2015-06-07,TMIN,150
USC00310576,2010-04-19,TMAX,211
USR0000NCRN,2015-04-15,TMAX,206
USR0000NCRN,2008-04-12,TMIN,167
USR0000NCRN,2013-12-11,TMIN,-17
USC00310356,2012-12-17,TMIN,133
USR0000NCRN,2015-04-15,TMIN,117
USR0000NNWB,2009-07-07,TMIN,200
USC00310356,2012-12-17,TMAX,161
USC00315830,2007-09-28,TMIN,206
USR0000NNWB,2009-07-07,TMAX,306
USR0000NNWB,2010-02-02,TMIN,-11
USR0000NNWB,2010-02-02,TMAX,89
USW00093743,2012-12-17,TMIN,139
USW00093743,2010-03-19,TMAX,239
USC00315830,2012-06-24,TMIN,211
USC00314684,2005-12-02,TMAX,117
USW00093719,2013-10-18,TMAX,239
USW00093719,2011-05-25,TMAX,361
USW00093765,2012-03-27,TMAX,161
USW00093719,2008-04-27,TMAX,272
USC00310576,2010-04-19,TMIN,67
USW00093765,2012-03-27,TMIN,67
USW00093719,2008-04-27,TMIN,161
USR0000NHOF,2007-07-26,TMIN,183
USR0000NHOF,2008-12-05,TMIN,0
USW00093719,2011-05-25,TMIN,189
USC00316096,2012-11-24,TMAX,122
USC00316096,2012-11-24,TMIN,0
USC00315830,2012-06-24,TMAX,300
USC00315830,2009-08-02,TMAX,294
USC00316676,2015-08-16,TMAX,294
USC00316096,2011-08-24,TMAX,306
USC00316096,2011-08-24,TMIN,183
USR0000NHOF,2007-07-26,TMAX,300
USW00093743,2010-03-19,TMIN,67
USW00013754,2009-01-24,TMAX,150
USC00317170,2012-07-17,TMAX,350
USW00093765,2015-02-06,TMAX,50
USC00317170,2012-07-17,TMIN,200
USC00310356,2010-09-06,TMAX,317
USW00013754,2008-08-25,TMAX,311
USC00314684,2010-12-27,TMAX,-17
USW00013754,2013-01-30,TMAX,239
USC00310576,2011-02-12,TMAX,61
USC00315830,2015-01-01,TMAX,89
USW00093765,2012-09-16,TMAX,261
USW00093743,2010-12-02,TMIN,-5
USC00317170,2010-08-11,TMIN,256
USW00013754,2013-01-30,TMIN,156
USC00315830,2015-01-01,TMIN,-22
USR0000NHOF,2009-10-23,TMIN,111
USC00310576,2011-02-12,TMIN,-11
USR0000NNWB,2014-03-18,TMAX,78
USR0000NNWB,2012-03-27,TMAX,172
USR0000NNWB,2014-03-18,TMIN,28
USR0000NHOF,2009-02-10,TMAX,211
USC00314689,2011-08-11,TMAX,333
USW00093743,2008-03-26,TMIN,78
USR0000NNWB,2012-03-27,TMIN,72
USW00093743,2008-03-26,TMAX,172
USR0000NNWB,2008-06-24,TMIN,194
USC00314689,2007-04-13,TMAX,250
USC00314689,2007-04-13,TMIN,78
USW00093765,2012-09-16,TMIN,183
USR0000NHOF,2010-03-31,TMIN,44
USW00093719,2008-06-28,TMAX,350
USC00310576,2015-03-25,TMIN,56
USW00093719,2013-10-25,TMIN,22
USW00093719,2012-05-21,TMAX,278
USC00314684,2013-09-01,TMAX,317
USR0000NNWB,2008-06-24,TMAX,333
USW00093719,2012-05-21,TMIN,156
USC00316096,2011-03-14,TMIN,83
USW00093719,2005-03-23,TMAX,228
USC00315830,2015-09-10,TMAX,300
USC00316676,2009-01-15,TMIN,-17
USC00314144,2006-06-14,TMAX,267
USR0000NNWB,2014-12-14,TMAX,150
USC00316096,2011-03-14,TMAX,156
USR0000NNWB,2014-12-14,TMIN,-6
USC00314684,2009-12-30,TMIN,-50
USC00314144,2006-06-14,TMIN,189
USW00093719,2005-03-23,TMIN,133
USC00314684,2009-12-30,TMAX,67
USC00310356,2005-04-28,TMIN,106
USR0000NNWB,2006-03-12,TMIN,144
USC00310356,2005-04-28,TMAX,233
USR0000NHOF,2010-03-31,TMAX,244
USC00317170,2010-08-11,TMAX,372
USC00314684,2013-09-01,TMIN,194
USW00093743,2010-12-02,TMAX,94
USW00093719,2005-08-03,TMIN,200
USW00093743,2010-07-21,TMAX,311
USW00093719,2012-10-31,TMIN,44
USC00314144,2008-05-21,TMIN,117
USR0000NHOF,2009-09-14,TMIN,128
USC00315830,2006-02-13,TMAX,67
USC00316676,2008-06-09,TMAX,378
USC00316676,2013-10-18,TMIN,144
USC00316676,2008-06-09,TMIN,228
USC00317170,2007-05-01,TMAX,350
USC00316676,2013-10-18,TMAX,261
USC00315830,2006-02-13,TMIN,-33
USC00317170,2007-05-01,TMIN,167
USW00093719,2006-11-03,TMIN,6
USW00093719,2006-11-03,TMAX,106
USW00013754,2013-12-05,TMIN,111
USW00013754,2013-12-05,TMAX,239
USC00314684,2009-12-24,TMIN,-39
USC00314684,2009-12-24,TMAX,111
USC00314684,2013-09-12,TMIN,172
USC00310576,2013-03-15,TMIN,-6
USC00310576,2013-03-15,TMAX,122
USC00314144,2008-05-21,TMAX,250
USR0000NHOF,2009-02-10,TMIN,17
USC00310356,2005-03-22,TMAX,156
USC00310356,2005-12-21,TMAX,111
USW00093743,2007-12-08,TMAX,172
USC00314689,2007-11-27,TMIN,172
USC00314689,2011-08-11,TMIN,222
USW00093719,2005-08-03,TMAX,333
USC00316096,2015-08-09,TMIN,189
USC00314689,2010-02-11,TMAX,89
USC00316096,2015-08-09,TMAX,289
USC00314689,2010-02-11,TMIN,-11
USC00310356,2005-03-22,TMIN,78
USC00310356,2007-03-23,TMIN,78
USC00310576,2007-12-05,TMIN,39
USC00314689,2007-11-27,TMAX,233
USR0000NHOF,2009-10-23,TMAX,261
USC00310356,2007-03-23,TMAX,217
USW00093765,2005-12-02,TMAX,122
USW00093719,2012-10-31,TMAX,161
USW00093743,2010-07-21,TMIN,233
USW00093765,2005-12-02,TMIN,39
USR0000NHOF,2009-09-14,TMAX,289
USR0000NNWB,2012-03-01,TMAX,278
USC00310356,2005-12-21,TMIN,-44
USR0000NCRN,2011-12-28,TMAX,122
USR0000NCRN,2009-03-28,TMAX,217
USC00316676,2009-01-15,TMAX,83
USR0000NCRN,2009-03-28,TMIN,183
USC00316676,2008-12-05,TMAX,178
USC00310576,2006-09-20,TMAX,278
USC00310576,2005-07-07,TMIN,228
USW00093719,2008-06-28,TMIN,239
USC00316096,2014-03-23,TMAX,161
USW00013754,2012-06-20,TMIN,206
USC00316096,2010-02-11,TMAX,83
USC00314684,2009-03-07,TMIN,72
USW00013754,2012-06-20,TMAX,322
USC00314684,2009-03-07,TMAX,228
USC00316096,2010-02-11,TMIN,-17
USW00093765,2011-04-28,TMAX,261
USC00316676,2008-12-05,TMIN,-17
USC00317170,2008-10-21,TMAX,222
USR0000NNWB,2006-03-12,TMAX,272
USC00310356,2015-08-08,TMAX,272
USC00310576,2009-06-30,TMIN,194
USW00013754,2014-03-18,TMAX,89
USC00317170,2010-10-16,TMAX,200
USC00310356,2013-03-11,TMAX,183
USC00310356,2015-08-08,TMIN,233
USW00093743,2009-03-04,TMAX,61
USC00310356,2013-03-11,TMIN,33
USC00317170,2008-10-21,TMIN,61
USC00310576,2005-07-07,TMAX,328
USC00316096,2012-01-07,TMIN,89
USC00316096,2012-01-07,TMAX,172
USC00310356,2009-09-14,TMIN,200
USC00314689,2014-06-18,TMAX,339
USC00314684,2010-05-26,TMIN,172
USC00317170,2010-11-17,TMAX,206
USW00093743,2010-03-31,TMAX,250
USW00093743,2010-03-31,TMIN,39
USC00314144,2008-04-25,TMAX,267
USW00093765,2011-04-28,TMIN,228
USC00314689,2014-06-18,TMIN,217
USC00315830,2012-08-05,TMIN,250
USC00310356,2006-12-01,TMAX,211
USC00314144,2008-04-25,TMIN,83
USR0000NHOF,2013-05-13,TMAX,178
USC00310356,2006-12-01,TMIN,172
USW00013754,2014-01-29,TMIN,-71
USW00013754,2014-01-29,TMAX,-32
USR0000NHOF,2013-05-13,TMIN,61
USC00316676,2010-02-02,TMIN,-50
USC00316676,2010-02-02,TMAX,117
USC00316096,2014-03-23,TMIN,50
USC00315830,2008-03-14,TMAX,206
USW00093719,2009-12-28,TMAX,111
USW00013754,2014-03-18,TMIN,39
USW00093765,2015-07-22,TMAX,317
USW00013754,2008-09-06,TMIN,244
USC00314684,2011-11-13,TMIN,6
USC00310576,2015-03-25,TMAX,183
USR0000NCRN,2015-10-08,TMAX,267
USC00314684,2012-09-13,TMAX,261
USC00315830,2012-05-24,TMIN,206
USC00314684,2012-09-13,TMIN,100
USC00310576,2007-12-05,TMAX,106
USR0000NCRN,2011-10-10,TMIN,189
USC00315830,2012-05-24,TMAX,289
USW00093719,2013-10-25,TMAX,150
USR0000NHOF,2005-12-21,TMIN,-83
USR0000NHOF,2005-12-21,TMAX,61
USC00315830,2013-06-10,TMAX,283
USR0000NCRN,2011-10-10,TMAX,239
USW00093765,2012-04-11,TMIN,78
USW00093765,2012-04-11,TMAX,211
USC00315830,2013-06-10,TMIN,239
USR0000NHOF,2013-03-11,TMAX,200
USR0000NHOF,2013-03-11,TMIN,22
USW00013754,2008-09-06,TMAX,306
USR0000NHOF,2007-07-25,TMIN,122
USR0000NHOF,2007-07-25,TMAX,283
USR0000NCRN,2007-02-07,TMAX,117
USC00315830,2008-03-14,TMIN,139
USC00310576,2009-06-30,TMAX,328
USW00093719,2009-12-28,TMIN,22
USC00310576,2006-09-20,TMIN,189
USR0000NNWB,2005-02-02,TMIN,-6
USR0000NNWB,2005-02-02,TMAX,117
USW00093743,2013-03-11,TMAX,189
USW00093765,2009-03-26,TMAX,178
USW00093765,2009-03-26,TMIN,100
USW00093743,2013-03-11,TMIN,61
USR0000NCRN,2010-03-15,TMIN,39
USC00315830,2015-09-10,TMIN,239
USW00093743,2007-12-08,TMIN,44
USC00314689,2015-04-16,TMAX,206
USC00317170,2010-10-16,TMIN,100
USW00093719,2010-05-28,TMIN,194
USC00310576,2008-08-29,TMAX,300
USW00093719,2010-05-28,TMAX,289
USC00310576,2008-08-29,TMIN,217
USR0000NCRN,2015-10-08,TMIN,133
USC00314684,2011-11-13,TMAX,178
USW00093765,2015-07-22,TMIN,239
USC00314689,2015-04-16,TMIN,100
USC00316676,2012-11-24,TMIN,44
USC00316676,2012-11-24,TMAX,200
USR0000NCRN,2010-03-15,TMAX,172
USR0000NCRN,2008-08-28,TMAX,300
USW00093719,2011-03-22,TMAX,300
USW00093719,2014-03-18,TMIN,39
USW00093765,2011-07-20,TMIN,278
USW00093765,2008-07-12,TMAX,294
USW00013754,2010-09-11,TMIN,172
USW00013754,2010-09-11,TMAX,250
USR0000NCRN,2015-03-10,TMAX,233
USC00316676,2015-03-22,TMAX,189
USC00314684,2011-09-25,TMIN,200
USC00317170,2015-05-07,TMIN,156
USW00093719,2015-05-05,TMIN,94
USC00314684,2014-12-30,TMIN,44
USC00314684,2012-12-21,TMAX,183
USW00093765,2008-07-12,TMIN,222
USC00316676,2012-11-06,TMAX,139
USC00314689,2006-06-02,TMIN,211
USR0000NCRN,2015-03-10,TMIN,83
USC00314689,2006-06-02,TMAX,317
USC00317170,2015-05-07,TMAX,300
USR0000NHOF,2005-12-27,TMIN,-33
USC00316676,2006-04-17,TMIN,133
USC00316676,2007-08-11,TMAX,356
USC00310356,2015-10-12,TMIN,167
USC00317170,2012-12-03,TMAX,239
USC00315830,2011-11-16,TMAX,217
USR0000NNWB,2009-11-14,TMIN,122
USC00317170,2007-07-28,TMIN,206
USC00310356,2012-03-14,TMAX,189
USC00317170,2007-07-28,TMAX,306
USC00316096,2011-04-29,TMAX,250
USW00093719,2006-11-28,TMIN,72
USW00093719,2006-11-28,TMAX,222
USC00310576,2010-05-12,TMIN,133
USC00310576,2010-05-12,TMAX,233
USW00013754,2013-09-10,TMIN,200
USC00315830,2013-06-19,TMIN,222
USC00315830,2013-06-19,TMAX,283
USC00310356,2012-03-14,TMIN,139
USR0000NCRN,2005-03-12,TMIN,22
USW00093719,2015-05-05,TMAX,278
USC00310356,2015-10-12,TMAX,228
USC00316676,2015-03-22,TMIN,78
USC00316676,2006-04-17,TMAX,300
USR0000NCRN,2008-08-28,TMIN,228
USC00317170,2012-12-03,TMIN,83
USC00314689,2005-02-04,TMAX,83
USC00316676,2012-12-04,TMAX,244
USW00013754,2007-09-13,TMAX,283
USC00314684,2011-09-25,TMAX,239
USW00013754,2009-06-19,TMIN,233
USR0000NHOF,2006-10-05,TMIN,122
USC00310356,2008-12-30,TMAX,150
USW00093719,2011-10-19,TMIN,144
USC00310356,2008-12-30,TMIN,67
USR0000NCRN,2005-03-12,TMAX,172
USC00310576,2010-12-13,TMIN,28
USC00316676,2014-06-14,TMAX,300
USR0000NNWB,2007-01-06,TMIN,100
USC00310576,2011-05-18,TMAX,256
USC00310576,2011-05-18,TMIN,106
USC00310356,2012-06-18,TMAX,289
USC00316676,2013-05-20,TMIN,194
USC00316676,2013-05-20,TMAX,283
USC00310576,2012-09-25,TMAX,233
USR0000NHOF,2010-02-15,TMIN,-39
USR0000NNWB,2011-05-25,TMAX,367
USR0000NNWB,2007-01-06,TMAX,222
USC00310576,2012-09-25,TMIN,83
USR0000NHOF,2010-02-15,TMAX,139
USC00314684,2007-04-26,TMAX,306
USW00013754,2009-06-19,TMAX,317
USC00316096,2014-06-13,TMIN,228
USC00310576,2010-12-13,TMAX,161
USR0000NHOF,2006-10-05,TMAX,300
USW00093765,2011-07-20,TMAX,317
USC00317170,2013-09-01,TMIN,222
USC00314684,2014-12-30,TMAX,122
USC00316096,2011-04-29,TMIN,122
USC00316676,2007-08-11,TMIN,228
USC00317170,2013-09-01,TMAX,328
USW00093743,2012-03-14,TMAX,233
USC00316676,2014-06-14,TMIN,194
USW00093765,2006-07-21,TMAX,294
USC00316676,2009-01-21,TMIN,-89
USC00316096,2015-03-15,TMIN,100
USW00093743,2012-03-14,TMIN,117
USC00316096,2012-08-06,TMAX,300
USC00310356,2012-03-29,TMIN,167
USW00093765,2006-07-21,TMIN,233
USC00316676,2009-01-21,TMAX,28
USR0000NNWB,2015-01-06,TMAX,161
USR0000NCRN,2014-12-01,TMIN,83
USR0000NCRN,2014-12-01,TMAX,211
USC00314684,2012-12-21,TMIN,39
USC00316096,2014-06-13,TMAX,289
USC00310356,2012-03-29,TMAX,200
USC00316096,2012-08-06,TMIN,239
USC00317170,2010-11-17,TMIN,133
USC00314144,2007-02-07,TMAX,128
USC00315830,2011-11-16,TMIN,183
USC00310576,2012-02-04,TMAX,133
USC00310356,2015-03-11,TMAX,206
USW00093719,2011-10-19,TMAX,267
USC00314684,2013-09-12,TMAX,311
USC00315830,2015-03-16,TMAX,222
USC00315830,2015-03-16,TMIN,50
USC00314689,2009-03-05,TMIN,-28
USC00316096,2011-05-10,TMIN,106
USC00310356,2010-07-21,TMIN,267
USC00315830,2006-06-18,TMIN,150
USC00315830,2006-06-18,TMAX,294
USW00093765,2010-04-09,TMAX,200
USC00310356,2010-07-21,TMAX,300
USC00314144,2009-05-22,TMAX,261
USC00316096,2011-05-10,TMAX,261
USC00314144,2009-05-22,TMIN,122
USC00314689,2015-07-20,TMAX,344
USW00093765,2010-04-09,TMIN,83
USC00315830,2006-08-15,TMIN,239
USC00314684,2011-03-30,TMAX,167
USC00314689,2005-02-04,TMIN,17
USC00314684,2011-09-14,TMIN,167
USC00315830,2006-08-15,TMAX,289
USC00310576,2012-02-04,TMIN,11
USW00093719,2008-09-19,TMIN,167
USC00316676,2013-11-10,TMIN,28
USC00316676,2013-11-10,TMAX,183
USC00314684,2015-05-01,TMIN,89
USC00314684,2014-03-23,TMIN,44
USC00314684,2014-03-23,TMAX,250
USR0000NNWB,2013-01-30,TMAX,233
USC00314684,2015-05-01,TMAX,161
USR0000NNWB,2013-01-30,TMIN,133
USW00093743,2009-10-23,TMIN,150
USR0000NHOF,2015-08-08,TMAX,294
USR0000NHOF,2015-08-08,TMIN,189
USC00310576,2005-01-04,TMIN,117
USW00093743,2009-10-23,TMAX,250
USC00314684,2011-09-14,TMAX,317
USC00310576,2005-01-04,TMAX,233
USC00310356,2006-10-05,TMAX,228
USW00093719,2013-11-06,TMIN,117
USC00310356,2006-10-05,TMIN,156
USW00093719,2011-03-22,TMIN,128
USW00093719,2008-09-19,TMAX,256
USC00310356,2015-03-11,TMIN,117
USC00314689,2009-03-05,TMAX,150
USW00013754,2013-09-10,TMAX,311
USR0000NHOF,2011-05-04,TMAX,228
USR0000NHOF,2011-05-04,TMIN,50
USR0000NHOF,2008-02-24,TMIN,-6
USC00315830,2014-05-07,TMIN,200
USR0000NNWB,2006-02-24,TMAX,161
USW00093743,2012-03-29,TMIN,144
USR0000NNWB,2012-03-01,TMIN,183
USW00093743,2012-03-29,TMAX,294
USC00310576,2007-07-26,TMIN,167
USC00310576,2007-07-26,TMAX,294
USR0000NCRN,2011-08-26,TMIN,239
USC00310356,2005-12-27,TMAX,128
USR0000NNWB,2006-02-24,TMIN,0
USC00315830,2014-05-07,TMAX,289
USC00310356,2005-12-27,TMIN,-22
USW00093719,2006-02-21,TMIN,28
USC00310356,2009-10-23,TMIN,150
USW00093719,2006-02-21,TMAX,156
USR0000NCRN,2011-08-26,TMAX,289
USC00310356,2009-10-23,TMAX,244
USC00314689,2006-10-27,TMIN,67
USW00093719,2014-03-18,TMAX,89
USC00314689,2006-10-27,TMAX,156
USR0000NHOF,2008-02-24,TMAX,111
USC00316096,2015-04-16,TMAX,211
USC00310356,2005-07-26,TMAX,300
USW00013754,2007-09-13,TMIN,228
USR0000NHOF,2012-03-29,TMIN,139
USR0000NCRN,2011-12-28,TMIN,33
USC00316676,2015-06-23,TMIN,244
USC00314689,2015-07-20,TMIN,228
USC00316676,2015-06-23,TMAX,339
USW00093765,2006-09-16,TMIN,178
USR0000NCRN,2009-06-29,TMAX,333
USR0000NHOF,2012-03-29,TMAX,294
USR0000NCRN,2009-06-29,TMIN,261
USR0000NCRN,2006-06-14,TMAX,267
USR0000NNWB,2009-11-14,TMAX,150
USR0000NCRN,2006-06-14,TMIN,194
USC00316676,2009-05-04,TMAX,294
USW00093765,2006-09-16,TMAX,261
USC00315830,2007-09-03,TMIN,211
USC00315830,2007-09-03,TMAX,294
USW00093719,2013-11-06,TMAX,211
USC00314684,2011-03-30,TMIN,-11
USW00093719,2007-01-09,TMAX,128
USC00310356,2005-07-26,TMIN,244
USW00093719,2007-01-09,TMIN,-6
USC00316096,2015-04-16,TMIN,122
USC00316676,2009-05-04,TMIN,194
USW00093743,2013-05-13,TMIN,94
USW00093743,2013-05-13,TMAX,217
USC00310356,2009-09-14,TMAX,289
USC00310356,2013-05-21,TMAX,261
USW00093765,2005-07-25,TMIN,211
USC00310356,2006-03-19,TMIN,39
USC00310356,2006-03-19,TMAX,133
USW00093765,2007-06-18,TMIN,239
USC00310356,2011-05-04,TMAX,244
USC00310356,2011-05-04,TMIN,206
USC00316676,2006-06-02,TMIN,183
USC00310356,2009-06-20,TMIN,256
USC00316676,2006-06-02,TMAX,294
USR0000NHOF,2008-03-26,TMIN,17
USC00310356,2009-06-20,TMAX,333
USC00316676,2014-07-25,TMIN,200
USC00316676,2014-07-25,TMAX,317
USW00093719,2013-12-05,TMIN,117
USR0000NNWB,2008-02-20,TMIN,-6
USR0000NNWB,2008-02-20,TMAX,183
USC00315830,2014-02-06,TMIN,33
USC00314144,2008-10-01,TMAX,267
USW00093719,2013-12-05,TMAX,261
USR0000NHOF,2005-12-19,TMAX,106
USC00310356,2013-05-21,TMIN,206
USC00310356,2005-07-22,TMIN,250
USR0000NCRN,2005-11-18,TMAX,111
USC00310356,2010-03-15,TMAX,144
USC00310576,2010-03-13,TMIN,144
USW00013754,2014-05-26,TMAX,294
USR0000NNWB,2006-09-09,TMAX,289
USW00013754,2012-03-27,TMAX,156
USR0000NNWB,2006-09-09,TMIN,156
USR0000NHOF,2005-07-26,TMIN,217
USW00013754,2007-01-09,TMAX,122
USR0000NHOF,2005-07-26,TMAX,350
USC00316096,2013-09-12,TMAX,294
USC00316676,2010-08-27,TMIN,194
USC00314144,2008-10-01,TMIN,133
USW00013754,2007-01-09,TMIN,-5
USW00093765,2005-07-25,TMAX,294
USR0000NNWB,2009-12-28,TMAX,106
USC00316676,2015-11-07,TMAX,272
USR0000NNWB,2009-12-28,TMIN,22
USW00013754,2012-03-27,TMIN,44
USW00093743,2013-05-21,TMIN,217
USR0000NCRN,2005-11-18,TMIN,0
USW00093743,2013-05-21,TMAX,267
USC00310356,2010-03-15,TMIN,83
USW00093765,2007-06-18,TMAX,283
USR0000NNWB,2014-01-29,TMIN,-89
USW00093765,2010-10-16,TMAX,206
USW00093765,2010-10-16,TMIN,94
USC00316096,2014-06-18,TMIN,222
USC00316096,2014-08-25,TMAX,267
USR0000NHOF,2008-03-26,TMAX,200
USC00316096,2014-08-25,TMIN,189
USC00315830,2009-04-15,TMIN,50
USC00316676,2009-03-31,TMAX,217
USC00314144,2007-12-01,TMIN,-44
USW00093719,2008-12-10,TMIN,172
USW00093765,2011-03-25,TMAX,128
USC00316676,2009-03-31,TMIN,17
USW00093719,2008-12-10,TMAX,211
USR0000NCRN,2008-04-17,TMAX,250
USW00093765,2013-12-12,TMIN,-16
USR0000NCRN,2006-07-28,TMAX,317
USC00314684,2009-07-07,TMIN,206
USC00314684,2009-07-07,TMAX,272
USR0000NCRN,2006-07-28,TMIN,261
USR0000NCRN,2008-04-17,TMIN,28
USR0000NCRN,2013-03-11,TMAX,200
USR0000NCRN,2013-03-11,TMIN,72
USC00314689,2006-03-22,TMAX,100
USC00316096,2014-06-18,TMAX,294
USW00093765,2011-03-25,TMIN,78
USC00314144,2011-02-01,TMIN,17
USC00316096,2011-07-10,TMAX,311
USW00013754,2013-06-19,TMIN,206
USC00314144,2011-02-01,TMAX,161
USR0000NNWB,2014-01-29,TMAX,-22
USC00314684,2005-07-20,TMAX,328
USC00314684,2005-07-20,TMIN,228
USC00310576,2013-06-10,TMAX,278
USR0000NCRN,2012-12-24,TMIN,67
USR0000NCRN,2012-12-24,TMAX,167
USC00310356,2014-12-01,TMIN,89
USC00310356,2014-12-01,TMAX,156
USR0000NHOF,2008-03-30,TMIN,56
USC00314689,2007-09-23,TMIN,200
USC00310576,2013-06-10,TMIN,222
USR0000NCRN,2009-10-05,TMIN,183
USC00314689,2007-09-23,TMAX,339
USW00013754,2013-06-19,TMAX,250
USR0000NCRN,2013-05-13,TMAX,206
USR0000NCRN,2013-05-13,TMIN,78
USC00316096,2011-07-10,TMIN,206
USC00315830,2014-02-06,TMAX,156
USR0000NNWB,2008-11-30,TMAX,178
USR0000NNWB,2008-11-30,TMIN,94
USR0000NHOF,2005-12-19,TMIN,-17
USC00314689,2006-03-22,TMIN,33
USR0000NHOF,2008-03-30,TMAX,94
USC00310576,2010-03-13,TMAX,183
USC00314689,2011-09-06,TMAX,322
USC00316676,2007-09-27,TMIN,167
USC00310576,2007-05-03,TMIN,161
USR0000NHOF,2007-03-23,TMIN,50
USC00314684,2010-07-05,TMIN,139
USC00310576,2015-06-07,TMIN,183
USC00310576,2014-10-18,TMAX,250
USR0000NHOF,2010-03-15,TMIN,11
USC00310576,2007-05-03,TMAX,300
USR0000NNWB,2008-01-11,TMAX,228
USC00310576,2014-10-18,TMIN,128
USR0000NHOF,2010-03-15,TMAX,167
USC00314684,2010-07-05,TMAX,294
USC00317170,2012-08-20,TMAX,278
USC00315830,2007-10-10,TMIN,233
USC00317170,2012-08-20,TMIN,211
USC00310356,2008-06-11,TMIN,233
USC00316676,2013-12-10,TMAX,206
USC00316676,2007-09-27,TMAX,300
USC00310356,2008-02-24,TMIN,50
USC00315830,2007-08-28,TMIN,228
USR0000NHOF,2007-02-07,TMAX,128
USC00310356,2005-12-19,TMAX,72
USR0000NHOF,2007-02-07,TMIN,-11
USC00316676,2009-07-04,TMAX,306
USR0000NCRN,2010-06-27,TMAX,306
USC00316676,2011-04-17,TMAX,244
USC00316676,2011-04-17,TMIN,78
USR0000NCRN,2015-01-18,TMAX,167
USC00310356,2007-05-24,TMIN,167
USC00310356,2007-05-24,TMAX,250
USR0000NNWB,2007-10-28,TMIN,111
USC00314689,2011-03-14,TMIN,78
USC00310576,2014-07-18,TMIN,172
USR0000NCRN,2015-01-18,TMIN,33
USC00310576,2014-07-18,TMAX,294
USR0000NNWB,2007-10-28,TMAX,194
USW00093743,2008-06-11,TMIN,228
USW00093743,2008-06-11,TMAX,294
USC00314689,2005-11-30,TMIN,106
USC00310356,2008-02-24,TMAX,156
USC00314689,2011-03-14,TMAX,250
USC00310576,2008-11-07,TMAX,228
USC00310576,2015-06-07,TMAX,289
USC00314689,2005-11-30,TMAX,211
USC00310576,2008-11-07,TMIN,117
USC00316676,2009-07-04,TMIN,144
USR0000NHOF,2007-03-23,TMAX,261
USC00315830,2007-10-10,TMAX,289
USC00315830,2007-08-28,TMAX,306
USW00013754,2010-12-05,TMAX,61
USC00316096,2013-10-14,TMIN,183
USR0000NNWB,2013-06-19,TMAX,267
USW00013754,2015-03-26,TMIN,178
USC00316676,2007-03-15,TMIN,117
USW00093743,2010-03-15,TMIN,50
USC00314684,2005-04-03,TMAX,200
USW00093743,2010-03-15,TMAX,183
USC00317170,2012-12-21,TMAX,183
USC00310356,2005-07-22,TMAX,300
USW00013754,2007-09-26,TMIN,178
USR0000NHOF,2014-12-01,TMIN,50
USW00013754,2015-03-26,TMAX,239
USC00316096,2011-08-11,TMAX,339
USR0000NCRN,2010-06-27,TMIN,261
USC00316676,2010-08-27,TMAX,300
USC00317170,2012-12-21,TMIN,61
USC00316096,2011-08-11,TMIN,211
USR0000NHOF,2014-12-01,TMAX,244
USW00013754,2014-05-26,TMIN,150
USC00315830,2009-04-15,TMAX,244
USC00316096,2013-10-14,TMAX,217
USC00314684,2005-04-03,TMIN,78
USW00013754,2010-12-05,TMIN,0
USR0000NNWB,2013-06-19,TMIN,194
USC00310356,2008-06-11,TMAX,278
USC00315830,2007-06-11,TMAX,272
USC00310576,2011-01-11,TMAX,33
USC00316096,2013-09-12,TMIN,178
USR0000NNWB,2008-01-11,TMIN,161
USR0000NHOF,2011-06-23,TMAX,344
USW00013754,2011-08-21,TMIN,222
USC00314689,2007-10-26,TMIN,206
USW00093719,2014-12-21,TMIN,22
USC00315830,2007-06-11,TMIN,167
USC00310576,2011-01-11,TMIN,6
USC00316676,2013-12-10,TMIN,67
USC00310356,2005-12-19,TMIN,-28
USR0000NHOF,2011-06-23,TMIN,222
USW00093719,2014-12-21,TMAX,100
USC00310356,2006-02-26,TMIN,-61
USC00310356,2006-02-26,TMAX,133
USC00316676,2007-03-15,TMAX,283
USC00310356,2007-02-07,TMIN,-83
USW00093765,2013-12-02,TMAX,133
USW00093765,2013-12-02,TMIN,83
USC00310356,2007-02-07,TMAX,89
USW00013754,2011-08-21,TMAX,317
USC00314684,2007-04-26,TMIN,161
USC00314144,2007-12-01,TMAX,139
USW00093765,2013-12-12,TMAX,94
USC00317170,2012-09-16,TMAX,250
USC00314689,2015-08-09,TMIN,183
USC00310356,2014-11-05,TMAX,178
USC00317170,2007-12-21,TMIN,56
USC00314689,2015-08-09,TMAX,300
USW00013754,2011-01-21,TMIN,11
USW00013754,2011-01-21,TMAX,128
USC00310356,2014-11-05,TMIN,117
USR0000NNWB,2015-05-05,TMAX,283
USC00316676,2014-10-24,TMIN,78
USW00093743,2014-11-05,TMAX,217
USC00317170,2009-05-07,TMIN,200
USC00316676,2014-10-24,TMAX,206
USR0000NHOF,2015-03-11,TMIN,167
USC00317170,2009-05-07,TMAX,272
USR0000NHOF,2007-10-30,TMIN,-17
USR0000NCRN,2010-09-01,TMIN,183
USW00093743,2009-02-10,TMAX,200
USW00093743,2009-02-10,TMIN,61
USR0000NCRN,2010-09-01,TMAX,311
USR0000NNWB,2008-10-16,TMAX,306
USC00317170,2012-09-16,TMIN,150
USW00013754,2014-12-14,TMAX,144
USC00317170,2007-12-21,TMAX,106
USC00314689,2012-08-06,TMAX,322
USR0000NHOF,2014-01-07,TMAX,0
USR0000NHOF,2014-01-07,TMIN,-100
USW00093719,2014-11-29,TMAX,139
USW00013754,2008-10-24,TMIN,122
USR0000NNWB,2012-06-20,TMIN,206
USR0000NCRN,2013-05-21,TMIN,222
USR0000NCRN,2011-06-25,TMIN,256
USR0000NCRN,2011-06-25,TMAX,306
USR0000NNWB,2012-06-20,TMAX,344
USR0000NCRN,2013-05-21,TMAX,261
USC00314144,2005-05-19,TMIN,106
USC00316676,2005-10-21,TMIN,161
USC00314144,2005-05-19,TMAX,256
USC00316676,2005-10-21,TMAX,289
USW00013754,2008-10-24,TMAX,183
USW00093719,2014-11-29,TMIN,-16
USR0000NCRN,2008-03-12,TMIN,78
USR0000NCRN,2008-03-12,TMAX,311
USR0000NHOF,2010-07-21,TMIN,239
USC00317170,2013-12-02,TMIN,61
USC00314689,2012-08-06,TMIN,233
USR0000NHOF,2010-07-21,TMAX,344
USW00093719,2007-07-16,TMIN,222
USR0000NNWB,2015-05-05,TMIN,111
USC00314684,2015-02-08,TMIN,-22
USC00314684,2011-01-16,TMIN,-39
USC00314689,2015-08-12,TMAX,306
USC00310356,2013-05-13,TMAX,244
USR0000NNWB,2006-08-25,TMIN,189
USC00314689,2006-02-06,TMIN,6
USR0000NHOF,2007-10-30,TMAX,206
USC00310576,2009-08-13,TMIN,222
USC00315830,2015-06-20,TMAX,328
USW00093719,2011-06-01,TMAX,328
USC00315830,2015-06-20,TMIN,228
USC00310576,2009-08-13,TMAX,289
USC00310356,2013-05-13,TMIN,144
USR0000NNWB,2008-08-25,TMIN,194
USW00093765,2009-03-14,TMAX,117
USW00093765,2009-03-14,TMIN,67
USC00314689,2006-02-06,TMAX,106
USC00315830,2012-08-05,TMAX,311
USC00314684,2010-05-26,TMAX,256
USR0000NNWB,2008-08-25,TMAX,328
USR0000NHOF,2014-11-05,TMAX,233
USR0000NHOF,2014-11-05,TMIN,72
USC00316676,2015-11-07,TMIN,194
USW00093719,2011-06-01,TMIN,189
USC00314684,2011-01-16,TMAX,94
USW00093765,2005-04-02,TMIN,117
USW00093743,2014-11-05,TMIN,100
USW00013754,2014-12-14,TMIN,-5
USR0000NNWB,2008-10-16,TMIN,144
USC00314689,2014-03-23,TMIN,122
USC00314684,2015-02-08,TMAX,150
USW00093719,2007-07-16,TMAX,317
USC00314689,2014-03-23,TMAX,244
USC00310356,2010-03-31,TMAX,200
USC00316096,2015-07-20,TMAX,317
USC00316096,2015-07-20,TMIN,250
USC00316096,2013-09-01,TMAX,300
USW00093719,2014-07-07,TMIN,206
USR0000NHOF,2015-03-11,TMAX,300
USC00315830,2012-04-06,TMAX,161
USC00315830,2012-04-06,TMIN,83
USW00093719,2014-07-07,TMAX,333
USR0000NNWB,2006-08-25,TMAX,333
USC00314689,2015-08-12,TMIN,206
USC00317170,2007-12-27,TMIN,50
USC00317170,2007-12-27,TMAX,156
USW00093765,2005-04-02,TMAX,194
USW00093743,2009-03-04,TMIN,-71
USC00310356,2010-03-31,TMIN,67
USC00314689,2013-10-14,TMAX,228
USC00316096,2013-09-01,TMIN,211
USC00314684,2010-08-17,TMIN,200
USC00317170,2015-07-22,TMAX,344
USC00316676,2010-01-29,TMAX,172
USC00310356,2009-02-10,TMAX,194
USC00310356,2009-02-10,TMIN,72
USC00314144,2006-03-25,TMIN,-17
USR0000NHOF,2012-09-25,TMAX,256
USR0000NHOF,2012-09-25,TMIN,61
USC00316676,2010-01-29,TMIN,22
USR0000NCRN,2005-08-11,TMAX,317
USC00314684,2010-04-01,TMIN,33
USC00314684,2009-11-03,TMAX,139
USC00314684,2010-04-01,TMAX,228
USW00093719,2008-12-15,TMIN,106
USC00314144,2006-03-25,TMAX,128
USW00093719,2008-12-15,TMAX,222
USR0000NCRN,2005-08-11,TMIN,233
USR0000NCRN,2005-12-27,TMIN,-6
USW00093719,2008-04-28,TMIN,178
USC00314689,2014-08-25,TMAX,272
USW00093743,2008-02-24,TMAX,117
USC00314689,2014-08-25,TMIN,161
USC00317170,2015-11-10,TMIN,167
USC00314689,2013-09-01,TMIN,233
USR0000NNWB,2007-01-09,TMIN,-6
USR0000NCRN,2007-04-28,TMAX,289
USC00314684,2010-02-11,TMAX,78
USC00314689,2013-10-14,TMIN,183
USW00093765,2010-08-11,TMAX,317
USW00093765,2010-08-11,TMIN,267
USC00314684,2010-02-11,TMIN,-39
USC00310356,2012-09-25,TMAX,250
USC00310356,2012-09-25,TMIN,167
USC00314689,2011-09-06,TMIN,256
USC00314684,2009-11-03,TMIN,61
USW00093743,2012-09-25,TMAX,244
USW00093743,2012-09-25,TMIN,122
USW00093765,2010-04-29,TMAX,206
USW00013754,2015-05-05,TMAX,267
USW00093765,2010-04-29,TMIN,72
USW00013754,2015-05-05,TMIN,106
USC00316676,2014-07-22,TMAX,272
USC00316676,2014-07-22,TMIN,228
USR0000NCRN,2007-04-28,TMIN,139
USR0000NHOF,2014-04-07,TMIN,122
USR0000NHOF,2014-04-07,TMAX,256
USC00317170,2015-07-22,TMIN,217
USR0000NNWB,2007-01-09,TMAX,133
USC00310576,2009-10-25,TMAX,289
USW00093719,2008-04-28,TMAX,239
USW00093743,2008-02-24,TMIN,44
USC00314684,2011-01-22,TMIN,-33
USW00093719,2009-02-18,TMAX,150
USC00316676,2014-08-17,TMIN,189
USC00316096,2010-12-09,TMIN,-61
USC00314144,2005-07-20,TMAX,350
USW00093743,2014-01-07,TMAX,0
USR0000NCRN,2012-02-25,TMIN,50
USW00093719,2009-02-18,TMIN,0
USW00013754,2011-05-25,TMAX,350
USW00093743,2011-05-04,TMAX,239
USR0000NCRN,2009-07-30,TMIN,272
USW00093743,2014-01-07,TMIN,-88
USC00317170,2015-11-10,TMAX,239
USR0000NCRN,2009-07-30,TMAX,306
USC00314684,2010-08-17,TMAX,333
USC00317170,2012-04-11,TMIN,100
USC00317170,2012-04-11,TMAX,178
USC00316676,2012-11-02,TMIN,39
USC00317170,2013-12-02,TMAX,128
USC00316676,2012-11-02,TMAX,161
USW00093743,2011-05-04,TMIN,89
USC00316676,2014-08-17,TMAX,311
USC00314684,2011-01-22,TMAX,83
USC00316096,2010-12-09,TMAX,50
USR0000NHOF,2005-10-29,TMAX,139
USW00093719,2006-04-20,TMIN,106
USC00314689,2013-09-01,TMAX,322
USW00093719,2006-04-20,TMAX,283
USR0000NHOF,2005-10-29,TMIN,-11
USC00310356,2014-01-07,TMAX,28
USR0000NNWB,2009-11-17,TMAX,194
USR0000NNWB,2009-11-17,TMIN,78
USC00310356,2007-07-25,TMAX,306
USC00315830,2015-06-11,TMIN,228
USC00310356,2014-04-07,TMIN,111
USW00013754,2011-05-25,TMIN,194
USC00310356,2014-04-07,TMAX,183
USC00315830,2015-06-11,TMAX,278
USW00093765,2007-05-01,TMAX,256
USC00310356,2014-01-07,TMIN,-89
USW00093765,2007-05-01,TMIN,189
USC00315830,2010-07-23,TMAX,311
USC00315830,2010-07-23,TMIN,267
USC00310576,2009-10-25,TMIN,178
USW00093719,2014-08-19,TMIN,217
USC00314144,2005-07-20,TMIN,239
USW00093719,2014-08-19,TMAX,322
USC00310356,2007-07-25,TMIN,183
USW00013754,2008-08-25,TMIN,189
USC00310356,2012-06-18,TMIN,172
USC00315830,2014-10-18,TMAX,239
USW00093719,2014-03-23,TMAX,183
USC00310356,2015-01-18,TMIN,44
USC00314684,2013-06-10,TMAX,306
USC00316676,2011-10-08,TMAX,250
USC00314689,2010-05-26,TMIN,183
USC00316676,2013-02-02,TMIN,-33
USC00316676,2011-10-08,TMIN,117
USC00314684,2013-06-10,TMIN,222
USC00317170,2015-04-05,TMAX,206
USC00317170,2009-12-28,TMAX,117
USC00317170,2009-12-28,TMIN,56
USC00316676,2013-02-02,TMAX,122
USW00093765,2014-10-24,TMIN,111
USW00093765,2014-10-24,TMAX,211
USW00093765,2009-05-30,TMAX,267
USC00314684,2005-02-15,TMIN,50
USW00093743,2007-10-30,TMIN,61
USC00314684,2005-02-15,TMAX,178
USC00316676,2006-07-23,TMIN,228
USW00013754,2007-01-06,TMIN,100
USC00316676,2006-07-23,TMAX,311
USW00093719,2014-03-23,TMIN,44
USW00013754,2007-01-06,TMAX,222
USW00093765,2010-11-16,TMAX,233
USW00093765,2010-11-16,TMIN,172
USC00310576,2014-01-07,TMIN,-39
USW00093719,2006-02-24,TMAX,150
USR0000NHOF,2010-04-04,TMAX,272
USR0000NHOF,2010-04-04,TMIN,111
USC00310576,2013-06-19,TMIN,211
USC00316676,2013-12-25,TMIN,11
USW00093719,2006-02-24,TMIN,-17
USC00314689,2010-10-27,TMIN,222
USC00314689,2010-10-27,TMAX,300
USC00317170,2011-08-24,TMAX,339
USC00310576,2013-06-19,TMAX,300
USW00013754,2014-08-19,TMIN,211
USC00314689,2010-05-26,TMAX,261
USC00316676,2013-12-25,TMAX,106
USW00093719,2007-11-06,TMIN,78
USC00317170,2011-08-24,TMIN,172
USC00317170,2015-04-05,TMIN,22
USW00013754,2014-08-19,TMAX,317
USC00316096,2013-05-20,TMIN,178
USC00310356,2015-01-18,TMAX,150
USC00316096,2013-05-20,TMAX,261
USW00093719,2007-11-06,TMAX,206
USC00310576,2014-01-07,TMAX,194
USR0000NHOF,2005-11-22,TMAX,150
USW00013754,2015-12-26,TMAX,244
USC00314689,2010-10-04,TMAX,194
USC00315830,2005-11-09,TMIN,150
USC00317170,2007-07-10,TMAX,306
USW00093719,2013-09-10,TMIN,200
USC00317170,2014-03-18,TMAX,83
USC00315830,2015-06-07,TMAX,261
USC00310576,2014-01-03,TMIN,33
USC00317170,2010-04-09,TMAX,211
USC00317170,2010-04-09,TMIN,139
USC00314689,2014-12-15,TMIN,-6
USR0000NCRN,2007-08-04,TMIN,206
USR0000NCRN,2007-08-04,TMAX,306
USC00317170,2014-03-18,TMIN,22
USC00317170,2015-02-08,TMIN,39
USC00315830,2005-11-09,TMAX,233
USC00315830,2015-06-07,TMIN,178
USC00314689,2014-12-15,TMAX,156
USC00314689,2009-11-28,TMIN,6
USC00317170,2015-02-08,TMAX,228
USC00314689,2009-11-28,TMAX,133
USC00315830,2009-04-26,TMIN,178
USW00093719,2013-09-10,TMAX,317
USR0000NHOF,2010-11-06,TMIN,11
USC00314689,2010-10-04,TMIN,144
USC00317170,2008-01-05,TMAX,139
USC00316096,2010-08-17,TMAX,317
USW00013754,2012-04-11,TMIN,72
USW00013754,2012-04-11,TMAX,183
USC00315830,2011-02-09,TMIN,39
USW00013754,2015-12-26,TMIN,178
USC00314689,2010-02-02,TMIN,-22
USC00310576,2010-07-11,TMAX,333
USW00093765,2009-05-30,TMIN,194
USR0000NNWB,2011-02-24,TMIN,0
USC00316096,2010-08-17,TMIN,222
USW00013754,2015-06-20,TMAX,322
USW00013754,2015-06-20,TMIN,222
USR0000NHOF,2010-11-06,TMAX,133
USC00314689,2010-02-02,TMAX,67
USR0000NNWB,2006-11-03,TMIN,0
USC00310576,2010-07-11,TMIN,217
USR0000NNWB,2006-11-03,TMAX,106
USC00314684,2007-09-02,TMAX,306
USW00093743,2007-10-30,TMAX,206
USC00314684,2007-09-02,TMIN,161
USW00093765,2013-01-30,TMAX,217
USW00093765,2013-01-30,TMIN,139
USW00013754,2014-07-07,TMAX,311
USC00314684,2006-02-06,TMAX,89
USC00314684,2006-02-06,TMIN,-11
USR0000NCRN,2011-04-19,TMIN,106
USC00310576,2010-05-11,TMAX,217
USC00310576,2010-05-11,TMIN,106
USC00315830,2009-08-27,TMIN,233
USC00315830,2009-08-27,TMAX,311
USC00310356,2012-01-09,TMAX,156
USC00310356,2012-01-09,TMIN,72
USW00093719,2015-01-10,TMAX,67
USW00013754,2011-01-30,TMAX,194
USC00310576,2011-06-23,TMAX,322
USR0000NCRN,2011-04-19,TMAX,233
USW00093719,2006-09-09,TMAX,283
USW00093719,2006-09-09,TMIN,150
USC00310576,2011-06-23,TMIN,211
USW00093719,2011-05-23,TMIN,178
USC00314684,2007-11-10,TMAX,150
USC00310576,2005-01-17,TMAX,39
USC00314684,2007-11-10,TMIN,33
USW00093765,2011-02-16,TMIN,-10
USW00093719,2005-01-22,TMAX,122
USC00316676,2014-08-25,TMAX,272
USC00314689,2011-11-13,TMIN,50
USC00316676,2014-08-25,TMIN,183
USC00310356,2005-11-22,TMIN,89
USC00314689,2011-11-13,TMAX,211
USW00093719,2014-04-03,TMIN,144
USR0000NHOF,2009-09-06,TMAX,256
USW00013754,2011-01-30,TMIN,6
USW00093719,2015-01-10,TMIN,-55
USC00310356,2012-01-16,TMIN,11
USC00310356,2012-08-17,TMAX,311
USC00314144,2007-02-04,TMAX,111
USC00314144,2007-02-04,TMIN,-39
USR0000NCRN,2006-02-26,TMIN,-33
USR0000NHOF,2009-09-06,TMIN,178
USC00310356,2012-08-17,TMIN,239
USC00310356,2005-11-22,TMAX,206
USW00093743,2007-11-01,TMIN,156
USC00316096,2009-08-01,TMAX,300
USR0000NNWB,2012-04-11,TMIN,50
USR0000NNWB,2012-04-11,TMAX,167
USR0000NCRN,2008-12-15,TMIN,144
USW00093765,2011-02-16,TMAX,156
USC00316096,2009-08-01,TMIN,228
USC00310576,2011-03-06,TMIN,89
USC00310576,2006-11-26,TMAX,189
USC00310576,2006-11-26,TMIN,39
USC00310576,2005-01-17,TMIN,-11
USW00093719,2005-01-22,TMIN,-39
USC00316676,2013-08-27,TMAX,272
USC00314689,2013-05-20,TMAX,267
USC00314144,2011-03-05,TMIN,39
USW00093719,2012-03-27,TMIN,67
USC00310576,2015-01-31,TMAX,111
USC00314144,2010-11-25,TMIN,-6
USC00317170,2007-07-10,TMIN,233
USC00310576,2015-01-31,TMIN,0
USR0000NNWB,2012-09-16,TMIN,167
USC00310576,2012-08-22,TMAX,261
USR0000NNWB,2012-09-16,TMAX,261
USC00314144,2011-03-05,TMAX,194
USC00310356,2008-03-26,TMIN,33
USC00314144,2009-07-05,TMAX,306
USC00316676,2007-04-08,TMAX,111
USC00314144,2009-07-05,TMIN,172
USR0000NHOF,2008-12-30,TMAX,178
USR0000NHOF,2008-12-30,TMIN,-6
USW00013754,2014-07-07,TMIN,206
USC00314689,2005-10-02,TMIN,144
USR0000NNWB,2011-05-05,TMAX,206
USR0000NNWB,2011-05-05,TMIN,72
USC00314689,2013-05-20,TMIN,206
USC00315830,2010-09-16,TMAX,306
USC00310576,2012-08-22,TMIN,200
USC00314144,2010-11-25,TMAX,211
USC00314689,2012-12-21,TMAX,183
USC00316676,2007-04-08,TMIN,-17
USC00314689,2012-12-21,TMIN,61
USW00093719,2015-07-22,TMIN,239
USC00316096,2012-07-17,TMIN,222
USW00093719,2015-07-22,TMAX,328
USR0000NCRN,2006-02-26,TMAX,94
USW00093743,2012-01-16,TMAX,94
USC00316676,2013-08-27,TMIN,150
USC00317170,2014-10-24,TMIN,78
USW00093765,2010-04-01,TMIN,72
USC00316096,2012-07-17,TMAX,317
USC00317170,2014-10-24,TMAX,211
USW00093719,2012-03-27,TMAX,161
USC00314684,2005-08-01,TMAX,283
USW00093743,2012-01-16,TMIN,-27
USC00314689,2006-01-22,TMAX,206
USC00315830,2010-09-16,TMIN,228
USW00093719,2009-05-25,TMIN,172
USW00013754,2010-06-01,TMAX,278
USW00013754,2010-06-01,TMIN,206
USW00093719,2009-05-25,TMAX,278
USC00314684,2005-08-01,TMIN,217
USW00093765,2010-04-01,TMAX,239
USW00013754,2013-09-01,TMIN,222
USC00314684,2011-07-09,TMAX,306
USC00310576,2006-06-14,TMIN,200
USR0000NHOF,2015-01-18,TMAX,172
USW00013754,2014-03-23,TMIN,50
USR0000NNWB,2007-09-05,TMAX,333
USC00314689,2014-05-29,TMIN,206
USW00013754,2014-03-23,TMAX,167
USR0000NHOF,2012-01-16,TMAX,106
USC00317170,2009-07-28,TMAX,328
USC00317170,2009-07-28,TMIN,211
USC00316096,2013-12-02,TMIN,61
USC00310356,2006-07-29,TMIN,239
USR0000NHOF,2015-01-18,TMIN,39
USC00310356,2006-07-29,TMAX,278
USC00316676,2005-03-18,TMIN,22
USC00314144,2009-12-08,TMIN,39
USW00093719,2008-02-16,TMAX,139
USW00093719,2008-02-16,TMIN,39
USW00093719,2006-11-19,TMAX,144
USC00317170,2013-01-30,TMAX,239
USC00317170,2009-11-03,TMIN,117
USW00013754,2010-06-27,TMIN,250
USC00310576,2006-06-14,TMAX,244
USC00317170,2009-11-03,TMAX,194
USC00310356,2006-07-28,TMIN,228
USW00013754,2011-10-02,TMIN,72
USC00315830,2011-02-09,TMAX,128
USW00093765,2015-05-05,TMAX,250
USW00093743,2008-01-29,TMIN,33
USR0000NNWB,2009-06-19,TMAX,328
USW00093743,2008-01-29,TMAX,228
USC00316096,2009-12-09,TMIN,178
USC00310576,2009-11-15,TMIN,133
USC00316096,2009-12-09,TMAX,211
USC00314684,2005-03-05,TMAX,139
USC00310576,2009-11-15,TMAX,156
USR0000NNWB,2009-06-19,TMIN,233
USW00093765,2015-05-05,TMIN,128
USC00310356,2006-07-28,TMAX,300
USC00315830,2011-05-10,TMIN,128
USC00314684,2005-03-05,TMIN,6
USW00093743,2008-05-21,TMAX,233
USC00314144,2008-03-12,TMIN,6
USC00314684,2009-11-02,TMIN,106
USC00316096,2013-12-02,TMAX,128
USC00314144,2008-03-12,TMAX,194
USW00093743,2008-05-21,TMIN,150
USR0000NNWB,2007-09-05,TMIN,178
USW00093719,2014-10-24,TMIN,83
USW00093719,2014-10-24,TMAX,228
USC00310356,2008-04-17,TMAX,172
USC00314689,2014-05-29,TMAX,333
USC00317170,2008-07-04,TMIN,217
USC00317170,2008-07-04,TMAX,356
USR0000NCRN,2015-02-26,TMAX,56
USC00314689,2013-10-18,TMIN,167
USC00310356,2008-01-29,TMIN,0
USC00316096,2015-02-01,TMIN,-44
USC00310356,2008-01-29,TMAX,94
USC00310356,2009-03-04,TMIN,-44
USC00317170,2010-07-24,TMIN,261
USC00317170,2010-07-24,TMAX,356
USC00310576,2005-06-23,TMIN,189
USC00314689,2013-10-18,TMAX,267
USW00093765,2013-10-25,TMAX,156
USC00310576,2005-10-30,TMIN,6
USC00310576,2012-02-20,TMAX,106
USC00316676,2005-08-02,TMAX,294
USR0000NNWB,2015-09-05,TMIN,228
USC00316096,2015-09-07,TMAX,294
USC00316096,2015-02-01,TMAX,156
USC00317170,2015-01-06,TMIN,-22
USC00316676,2005-03-18,TMAX,83
USC00316676,2006-12-16,TMAX,194
USC00317170,2012-04-06,TMIN,67
USW00013754,2015-02-06,TMIN,-43
USR0000NHOF,2008-05-21,TMAX,250
USR0000NHOF,2008-05-21,TMIN,117
USR0000NHOF,2012-01-16,TMIN,-72
USW00013754,2010-06-27,TMAX,333
USC00314684,2012-01-07,TMIN,0
USW00093719,2006-11-19,TMIN,17
USC00310356,2008-04-17,TMIN,61
USC00317170,2013-01-30,TMIN,133
USC00317170,2012-12-05,TMIN,100
USC00317170,2012-12-05,TMAX,228
USC00314684,2009-11-02,TMAX,228
USC00310576,2005-10-30,TMAX,183
USC00310576,2005-12-27,TMIN,-6
USC00314684,2012-01-07,TMAX,194
USC00314684,2007-05-01,TMAX,311
USW00093719,2012-02-26,TMAX,106
USW00013754,2015-02-06,TMAX,50
USC00314684,2007-05-01,TMIN,139
USC00310576,2005-06-23,TMAX,311
USC00316676,2006-12-16,TMIN,28
USC00317170,2012-04-06,TMAX,133
USC00310576,2010-09-23,TMAX,322
USC00310576,2005-12-27,TMAX,111
USC00314684,2015-08-09,TMAX,272
USC00317170,2011-06-11,TMAX,328
USC00315830,2011-05-10,TMAX,267
USR0000NCRN,2012-03-29,TMIN,144
USR0000NCRN,2006-12-08,TMIN,-56
USW00093743,2012-08-17,TMAX,300
USW00093743,2012-01-09,TMIN,67
USW00093743,2012-08-17,TMIN,222
USC00316096,2012-08-20,TMAX,278
USC00316096,2012-08-20,TMIN,211
USC00314684,2011-02-28,TMAX,267
USW00093719,2014-02-03,TMAX,250
USR0000NNWB,2014-03-23,TMIN,39
USR0000NNWB,2014-03-23,TMAX,178
USC00314689,2008-07-30,TMIN,239
USC00314689,2008-07-30,TMAX,344
USW00093719,2014-02-03,TMIN,56
USR0000NCRN,2005-04-28,TMIN,83
USR0000NNWB,2015-06-20,TMAX,356
USR0000NCRN,2012-03-29,TMAX,289
USC00314684,2012-05-30,TMIN,206
USR0000NCRN,2005-04-28,TMAX,217
USC00314684,2012-05-30,TMAX,306
USC00310576,2009-05-13,TMAX,239
USC00314684,2011-02-28,TMIN,100
USW00093765,2011-05-11,TMIN,144
USC00314684,2011-07-09,TMIN,239
USW00093765,2006-06-02,TMAX,267
USR0000NHOF,2005-11-22,TMIN,44
USC00316676,2011-06-19,TMIN,200
USC00310356,2007-09-10,TMAX,267
USW00093765,2012-05-21,TMAX,261
USC00310356,2008-03-26,TMAX,144
USC00310576,2014-01-03,TMAX,117
USW00093719,2010-07-20,TMAX,350
USW00093765,2012-05-21,TMIN,172
USC00316676,2011-06-19,TMAX,350
USR0000NNWB,2008-04-05,TMIN,167
USC00315830,2009-04-26,TMAX,244
USW00013754,2012-09-16,TMIN,172
USW00093765,2015-05-07,TMIN,183
USW00013754,2013-09-01,TMAX,322
USW00013754,2012-09-16,TMAX,256
USC00310576,2012-02-20,TMIN,44
USW00093765,2015-05-07,TMAX,239
USR0000NNWB,2008-04-05,TMAX,222
USW00093765,2006-06-02,TMIN,228
USC00317170,2011-06-11,TMIN,211
USW00093719,2010-07-20,TMIN,228
USW00093743,2012-01-09,TMAX,111
USC00314684,2013-05-20,TMIN,200
USC00314684,2013-05-20,TMAX,267
USC00316096,2010-02-02,TMIN,-22
USR0000NCRN,2010-02-15,TMAX,128
USC00310576,2011-02-18,TMAX,217
USC00316676,2011-09-24,TMAX,294
USC00316096,2015-08-12,TMIN,206
USC00310356,2008-05-21,TMAX,233
USC00314689,2009-02-27,TMIN,56
USC00310356,2008-05-21,TMIN,156
USR0000NNWB,2014-12-04,TMIN,72
USR0000NNWB,2014-12-04,TMAX,144
USC00314689,2013-06-10,TMAX,311
USC00314689,2009-02-27,TMAX,217
USC00314689,2013-06-10,TMIN,228
USC00316096,2015-08-12,TMAX,300
USC00310576,2011-02-18,TMIN,39
USC00316676,2011-09-24,TMIN,206
USW00013754,2011-07-30,TMAX,389
USW00013754,2008-04-27,TMAX,256
USC00310576,2009-05-13,TMIN,83
USW00013754,2008-04-27,TMIN,156
USC00310356,2005-11-12,TMIN,56
USC00310356,2005-11-12,TMAX,156
USW00093719,2008-02-24,TMAX,106
USR0000NCRN,2009-02-03,TMIN,-22
USR0000NCRN,2010-02-15,TMIN,-17
USW00093719,2008-02-24,TMIN,33
USR0000NNWB,2015-06-20,TMIN,222
USW00013754,2011-07-30,TMIN,239
USC00316096,2010-02-02,TMAX,111
USC00310356,2007-09-10,TMIN,222
USR0000NCRN,2009-02-03,TMAX,94
USR0000NCRN,2006-03-19,TMIN,-11
USC00314689,2010-06-02,TMIN,222
USC00314689,2010-06-02,TMAX,317
USC00314684,2010-08-11,TMAX,328
USC00314684,2010-08-11,TMIN,222
USW00093719,2012-02-26,TMIN,-22
USR0000NCRN,2006-03-19,TMAX,144
USW00093719,2010-11-02,TMIN,72
USC00317170,2008-01-05,TMIN,-22
USC00310356,2008-12-05,TMAX,139
USC00310356,2008-12-05,TMIN,61
USW00093765,2007-01-09,TMAX,128
USC00316096,2013-06-10,TMAX,278
USW00093765,2012-04-06,TMAX,133
USW00093765,2012-04-06,TMIN,56
USC00316096,2013-06-10,TMIN,222
USW00093765,2007-01-09,TMIN,6
USW00093719,2010-11-02,TMAX,172
USC00314684,2015-08-09,TMIN,167
USW00093719,2010-12-07,TMIN,-56
USR0000NNWB,2011-11-22,TMIN,183
USR0000NNWB,2008-04-25,TMAX,278
USW00093719,2010-06-20,TMIN,211
USC00310576,2015-12-07,TMIN,61
USW00013754,2011-09-16,TMIN,150
USW00093765,2011-08-24,TMAX,300
USW00093719,2010-06-20,TMAX,339
USR0000NHOF,2008-09-21,TMIN,150
USR0000NHOF,2008-09-21,TMAX,250
USR0000NCRN,2010-11-03,TMIN,122
USR0000NCRN,2010-11-03,TMAX,167
USR0000NCRN,2006-08-19,TMAX,311
USC00317170,2011-05-04,TMIN,122
USC00310356,2015-10-06,TMAX,206
USC00316676,2009-01-07,TMAX,233
USC00310576,2011-01-09,TMAX,94
USC00316676,2009-01-06,TMAX,200
USC00316676,2015-09-20,TMIN,183
USR0000NHOF,2005-07-22,TMIN,222
USC00310576,2010-12-05,TMAX,83
USR0000NNWB,2014-04-03,TMAX,294
USR0000NNWB,2014-04-03,TMIN,150
USR0000NNWB,2008-09-06,TMIN,244
USC00310576,2010-12-05,TMIN,22
USR0000NNWB,2008-09-06,TMAX,306
USW00093719,2007-03-03,TMAX,200
USC00316096,2015-03-15,TMAX,217
USC00317170,2009-03-26,TMAX,194
USC00317170,2009-03-26,TMIN,94
USR0000NCRN,2008-05-21,TMAX,244
USR0000NNWB,2015-01-06,TMIN,-17
USR0000NCRN,2008-05-21,TMIN,150
USW00093765,2005-06-08,TMIN,228
USW00093719,2012-04-11,TMIN,67
USW00093719,2012-04-11,TMAX,172
USW00093719,2005-03-18,TMIN,22
USR0000NHOF,2005-07-22,TMAX,317
USC00317170,2014-03-23,TMIN,100
USC00317170,2014-03-23,TMAX,178
USR0000NHOF,2008-12-08,TMIN,-89
USW00093719,2009-11-17,TMAX,183
USR0000NHOF,2008-12-08,TMAX,106
USW00013754,2011-09-16,TMAX,206
USW00093719,2014-01-02,TMAX,117
USC00315830,2008-10-07,TMIN,133
USR0000NNWB,2008-04-25,TMIN,122
USC00316676,2009-01-07,TMIN,144
USC00316676,2012-07-20,TMAX,333
USC00317170,2011-05-04,TMAX,233
USW00093765,2011-08-24,TMIN,256
USC00316676,2009-01-06,TMIN,139
USC00316676,2015-09-20,TMAX,300
USC00315830,2014-05-05,TMIN,144
USC00316096,2014-10-24,TMIN,61
USC00310576,2009-09-02,TMAX,250
USC00310576,2009-09-02,TMIN,183
USC00316096,2014-10-24,TMAX,211
USC00310576,2012-12-17,TMAX,161
USC00317170,2009-03-14,TMAX,122
USC00310576,2009-11-09,TMIN,56
USW00093719,2014-01-02,TMIN,78
USR0000NCRN,2007-08-21,TMIN,233
USC00316096,2012-01-16,TMIN,-56
USC00317170,2009-03-14,TMIN,67
USR0000NCRN,2007-08-21,TMAX,367
USC00310576,2009-11-09,TMAX,233
USR0000NHOF,2006-03-10,TMAX,233
USR0000NHOF,2006-03-10,TMIN,161
USC00316676,2010-09-03,TMIN,206
USC00315830,2006-10-25,TMAX,139
USC00314684,2012-08-20,TMAX,278
USC00310576,2014-12-18,TMIN,39
USC00310576,2006-01-21,TMIN,44
USC00310576,2006-01-21,TMAX,222
USR0000NCRN,2007-04-07,TMAX,111
USC00316676,2012-07-20,TMIN,239
USC00310576,2010-08-28,TMIN,194
USC00310576,2010-08-28,TMAX,317
USC00310356,2006-06-14,TMAX,278
USC00317170,2010-06-29,TMIN,228
USC00317170,2010-06-29,TMAX,350
USC00310356,2006-06-14,TMIN,167
USC00315830,2008-10-04,TMAX,250
USC00310576,2015-12-07,TMAX,189
USW00093719,2013-01-30,TMAX,244
USW00093719,2013-01-30,TMIN,150
USC00310576,2012-12-17,TMIN,128
USW00093719,2013-06-10,TMAX,306
USW00093719,2013-06-10,TMIN,228
USC00314144,2009-07-30,TMIN,239
USC00315830,2008-09-07,TMIN,250
USC00314144,2009-07-30,TMAX,306
USC00310356,2005-10-29,TMIN,67
USW00093765,2012-11-28,TMIN,6
USC00315830,2008-09-07,TMAX,306
USC00310356,2015-10-06,TMIN,172
USC00315830,2014-05-05,TMAX,250
USW00093765,2012-11-28,TMAX,106
USC00315830,2008-10-07,TMAX,261
USW00093719,2009-11-17,TMIN,83
USC00314684,2011-07-10,TMAX,317
USC00314689,2014-10-24,TMAX,217
USW00093765,2009-07-28,TMIN,256
USR0000NNWB,2010-11-25,TMIN,33
USC00310356,2007-11-01,TMIN,150
USW00093765,2013-09-01,TMIN,256
USW00093719,2008-11-18,TMAX,72
USW00093743,2012-06-18,TMAX,261
USR0000NNWB,2010-11-25,TMAX,211
USC00314144,2010-11-09,TMAX,200
USC00316096,2009-12-23,TMAX,111
USC00316096,2009-12-23,TMIN,-33
USC00314144,2007-12-09,TMIN,56
USW00093765,2013-09-01,TMAX,294
USW00093719,2008-11-18,TMIN,11
USR0000NNWB,2011-03-19,TMAX,233
USC00316676,2005-04-20,TMIN,122
USC00316676,2005-04-20,TMAX,294
USC00314144,2009-10-05,TMAX,172
USR0000NNWB,2013-06-10,TMAX,306
USR0000NNWB,2013-06-10,TMIN,217
USW00093719,2013-01-12,TMIN,111
USR0000NHOF,2012-03-14,TMAX,283
USC00315830,2005-08-31,TMIN,278
USC00316676,2009-10-02,TMAX,239
USC00315830,2005-08-31,TMAX,311
USC00314689,2011-05-29,TMAX,317
USC00315830,2014-10-18,TMIN,122
USW00013754,2014-04-03,TMIN,111
USR0000NNWB,2011-05-25,TMIN,206
USC00315830,2006-09-22,TMAX,250
USC00314144,2008-10-28,TMAX,133
USC00314689,2008-04-06,TMAX,178
USR0000NNWB,2011-03-19,TMIN,94
USC00316676,2012-12-04,TMIN,78
USC00315830,2006-09-22,TMIN,139
USC00310356,2010-12-02,TMIN,22
USW00093765,2009-07-28,TMAX,294
USC00314689,2008-04-06,TMIN,117
USC00314144,2008-10-28,TMIN,11
USW00013754,2013-06-10,TMAX,289
USW00013754,2013-06-10,TMIN,228
USC00316676,2010-10-13,TMIN,167
USC00316676,2010-10-13,TMAX,289
USW00093719,2005-03-18,TMAX,139
USR0000NNWB,2006-04-20,TMIN,94
USC00314144,2009-10-05,TMIN,144
USC00314689,2011-05-29,TMIN,200
USC00310356,2007-11-01,TMAX,244
USC00316676,2009-10-02,TMIN,89
USW00093719,2011-01-04,TMIN,-56
USC00314144,2007-12-09,TMAX,228
USC00316096,2012-09-13,TMIN,156
USC00310356,2010-12-02,TMAX,189
USC00310576,2013-05-13,TMAX,261
USR0000NNWB,2010-06-27,TMAX,367
USW00093765,2005-07-04,TMAX,294
USC00310576,2013-05-13,TMIN,122
USC00310356,2010-02-15,TMIN,-11
USC00310356,2006-03-10,TMAX,161
USC00317170,2009-07-07,TMIN,217
USC00310356,2010-02-15,TMAX,89
USR0000NHOF,2012-06-18,TMAX,289
USR0000NHOF,2012-06-18,TMIN,106
USC00310356,2006-03-10,TMIN,56
USR0000NCRN,2006-08-19,TMIN,217
USC00317170,2009-07-07,TMAX,300
USW00093719,2013-01-12,TMAX,244
USC00315830,2008-10-04,TMIN,117
USR0000NHOF,2015-10-12,TMAX,206
USC00316676,2014-11-07,TMAX,244
USR0000NHOF,2015-10-12,TMIN,144
USC00314689,2014-10-24,TMIN,67
USC00316096,2012-09-13,TMAX,278
USC00316676,2014-11-07,TMIN,83
USR0000NNWB,2010-06-27,TMIN,250
USW00093743,2010-02-15,TMAX,128
USW00013754,2005-05-18,TMAX,244
USC00315830,2011-12-26,TMIN,61
USC00314144,2010-11-09,TMIN,-6
USR0000NCRN,2014-04-07,TMIN,139
USR0000NCRN,2014-04-07,TMAX,222
USW00093743,2012-06-18,TMIN,156
USW00093719,2014-01-09,TMIN,-43
USC00316676,2012-11-06,TMIN,61
USR0000NHOF,2012-03-14,TMIN,122
USW00093719,2014-01-09,TMAX,139
USC00314684,2011-07-10,TMIN,217
USC00315830,2011-12-26,TMAX,139
USR0000NNWB,2006-04-20,TMAX,306
USW00093719,2011-01-04,TMAX,128
USC00310356,2009-09-06,TMIN,211
USC00316676,2006-05-28,TMAX,294
USW00013754,2005-05-18,TMIN,133
USC00314689,2011-02-06,TMAX,133
USC00316676,2006-05-28,TMIN,200
USW00093765,2005-07-04,TMIN,222
USC00314689,2011-02-06,TMIN,33
USW00093743,2010-02-15,TMIN,-10
USC00310356,2009-09-06,TMAX,317
USW00013754,2014-04-03,TMAX,278
USC00314684,2012-08-20,TMIN,211
USW00013754,2012-04-06,TMIN,33
USW00093765,2013-06-10,TMAX,283
USW00093765,2013-06-10,TMIN,239
USW00093743,2010-04-04,TMIN,161
USC00317170,2015-01-08,TMIN,-100
USC00310576,2011-04-15,TMIN,67
USC00310576,2011-04-15,TMAX,233
USR0000NCRN,2005-12-21,TMIN,-56
USC00317170,2015-01-08,TMAX,17
USW00013754,2011-10-06,TMIN,106
USW00093719,2011-09-07,TMIN,239
USW00093719,2011-09-07,TMAX,306
USC00310576,2007-10-31,TMAX,206
USR0000NCRN,2005-12-21,TMAX,72
USC00310576,2007-10-31,TMIN,44
USC00310576,2014-11-05,TMAX,211
USC00310576,2014-11-05,TMIN,33
USR0000NNWB,2014-02-03,TMAX,233
USR0000NNWB,2014-02-03,TMIN,50
USC00317170,2010-04-01,TMIN,33
USC00317170,2010-04-01,TMAX,289
USC00316676,2005-12-29,TMIN,6
USC00314144,2010-08-24,TMIN,206
USC00316676,2005-12-29,TMAX,183
USC00316096,2010-09-28,TMIN,200
USC00314684,2013-12-02,TMIN,28
USW00013754,2011-10-06,TMAX,256
USR0000NCRN,2007-10-24,TMAX,283
USR0000NNWB,2014-07-07,TMAX,328
USR0000NCRN,2007-10-24,TMIN,228
USC00315830,2011-09-15,TMAX,300
USC00310576,2005-08-25,TMIN,189
USC00310576,2005-08-25,TMAX,283
USC00314684,2006-10-27,TMIN,0
USW00093765,2014-03-18,TMAX,94
USC00316676,2015-12-28,TMIN,167
USC00316676,2015-12-28,TMAX,267
USC00316676,2008-05-13,TMAX,194
USC00316676,2008-05-13,TMIN,83
USW00093765,2014-03-18,TMIN,50
USC00310576,2012-09-29,TMIN,144
USC00310576,2012-09-29,TMAX,289
USC00314684,2006-10-27,TMAX,172
USC00314689,2009-12-09,TMIN,72
USC00314689,2009-12-09,TMAX,222
USW00093743,2010-04-04,TMAX,222
USC00314684,2013-12-02,TMAX,128
USC00314144,2010-08-24,TMAX,267
USC00317170,2010-06-13,TMIN,256
USC00314689,2011-08-06,TMAX,328
USC00317170,2010-06-13,TMAX,367
USC00314144,2007-06-27,TMIN,172
USW00093719,2010-12-07,TMAX,22
USC00314689,2012-07-17,TMIN,228
USC00314144,2007-06-27,TMAX,306
USC00314689,2012-07-17,TMAX,333
USR0000NNWB,2010-09-01,TMIN,194
USC00314144,2005-04-26,TMAX,250
USC00317170,2013-06-10,TMAX,300
USC00317170,2013-06-10,TMIN,228
USR0000NHOF,2005-11-12,TMIN,-28
USC00314144,2005-04-26,TMIN,144
USC00315830,2007-10-23,TMAX,283
USW00093719,2013-09-01,TMIN,239
USW00093719,2013-09-01,TMAX,339
USW00093743,2007-11-01,TMAX,267
USC00316676,2010-08-13,TMIN,244
USC00316676,2010-08-13,TMAX,356
USR0000NHOF,2005-11-12,TMAX,183
USW00093719,2014-04-03,TMAX,300
USR0000NNWB,2011-02-24,TMAX,183
USR0000NNWB,2011-11-22,TMAX,250
USW00093719,2011-05-23,TMAX,306
USC00315830,2007-10-23,TMIN,194
USC00310356,2011-12-14,TMAX,150
USC00317170,2011-01-31,TMIN,56
USR0000NHOF,2006-07-29,TMIN,233
USW00013754,2010-05-28,TMIN,194
USW00013754,2010-05-28,TMAX,283
USC00316676,2006-11-01,TMAX,250
USC00317170,2011-01-31,TMAX,161
USR0000NHOF,2006-07-29,TMAX,322
USC00310576,2011-03-06,TMAX,206
USC00316676,2006-11-01,TMIN,83
USC00316096,2012-12-21,TMAX,189
USW00093719,2009-04-02,TMIN,133
USC00314144,2008-01-25,TMIN,-44
USC00310356,2012-01-16,TMAX,78
USW00093719,2012-04-06,TMAX,144
USC00315830,2007-10-01,TMIN,200
USC00315830,2007-10-01,TMAX,261
USW00093719,2009-04-02,TMAX,189
USW00093765,2009-12-28,TMAX,117
USW00093765,2009-12-28,TMIN,33
USC00314689,2014-06-13,TMAX,300
USC00314689,2014-06-13,TMIN,194
USW00093719,2012-04-06,TMIN,39
USC00310356,2011-12-14,TMIN,56
USC00316096,2012-12-21,TMIN,44
USW00013754,2012-04-06,TMAX,133
USC00314144,2008-01-25,TMAX,50
USR0000NNWB,2011-10-02,TMAX,183
USR0000NCRN,2008-06-11,TMAX,317
USR0000NCRN,2012-01-23,TMAX,183
USW00093719,2012-09-16,TMIN,161
USW00093719,2012-09-16,TMAX,256
USR0000NCRN,2012-01-23,TMIN,67
USC00315830,2011-01-09,TMIN,-61
USW00093765,2014-03-23,TMIN,44
USR0000NCRN,2007-04-07,TMIN,-6
USW00093765,2014-03-23,TMAX,167
USC00310576,2013-03-11,TMAX,172
USC00310576,2011-01-09,TMIN,-22
USR0000NNWB,2011-07-30,TMIN,278
USC00310576,2013-03-11,TMIN,-6
USC00316676,2015-12-05,TMAX,133
USC00316676,2015-12-05,TMIN,50
USW00013754,2011-11-22,TMAX,244
USW00013754,2011-11-22,TMIN,139
USC00316676,2011-04-05,TMAX,272
USR0000NNWB,2011-07-30,TMAX,289
USC00316676,2011-04-05,TMIN,156
USR0000NHOF,2015-10-06,TMAX,206
USC00310356,2008-09-21,TMAX,250
USR0000NNWB,2012-04-06,TMAX,150
USC00310356,2008-09-21,TMIN,183
USW00093719,2007-03-03,TMIN,83
USR0000NNWB,2010-09-01,TMAX,333
USC00315830,2006-10-25,TMIN,17
USC00316676,2010-09-03,TMAX,278
USW00093743,2008-09-21,TMIN,183
USC00316096,2012-01-16,TMAX,111
USW00093743,2008-09-21,TMAX,261
USR0000NHOF,2006-12-01,TMAX,239
USC00314689,2012-09-13,TMAX,278
USC00314689,2012-09-13,TMIN,133
USC00314684,2006-06-02,TMIN,189
USC00314684,2006-06-02,TMAX,306
USR0000NNWB,2010-05-28,TMIN,200
USC00314689,2011-08-06,TMIN,250
USR0000NNWB,2010-05-28,TMAX,294
USC00310356,2005-02-19,TMIN,-6
USC00310356,2010-04-04,TMAX,222
USC00310356,2010-04-04,TMIN,122
USC00310356,2005-02-19,TMAX,94
USR0000NHOF,2006-06-14,TMAX,256
USW00093765,2005-06-08,TMAX,283
USR0000NHOF,2006-06-14,TMIN,156
USR0000NCRN,2008-06-11,TMIN,228
USR0000NNWB,2012-04-06,TMIN,33
USC00310356,2005-10-29,TMAX,194
USC00315830,2011-01-09,TMAX,89
USC00315830,2005-10-06,TMIN,244
USC00314144,2005-02-18,TMIN,-56
USR0000NNWB,2014-08-19,TMIN,211
USW00093719,2008-07-29,TMAX,333
USC00310576,2015-06-11,TMIN,189
USC00316096,2010-09-28,TMAX,261
USC00310576,2015-06-11,TMAX,294
USC00314144,2009-03-28,TMIN,178
USW00093719,2008-07-29,TMIN,233
USC00314144,2009-03-28,TMAX,239
USR0000NNWB,2014-08-19,TMAX,322
USR0000NHOF,2011-12-14,TMIN,-11
USC00314144,2010-03-15,TMIN,11
USC00314144,2010-03-15,TMAX,167
USC00317170,2008-08-10,TMIN,189
USR0000NHOF,2011-12-14,TMAX,150
USW00093743,2009-09-06,TMAX,267
USR0000NCRN,2007-04-14,TMIN,67
USW00093743,2009-09-06,TMIN,217
USR0000NCRN,2007-04-14,TMAX,311
USC00317170,2008-08-10,TMAX,311
USC00316096,2010-05-26,TMIN,178
USC00314689,2010-12-09,TMIN,-39
USC00314684,2014-10-24,TMAX,200
USC00316096,2010-05-26,TMAX,244
USW00093743,2008-12-30,TMAX,156
USW00013754,2005-11-11,TMAX,144
USW00093743,2008-12-30,TMIN,39
USR0000NHOF,2015-10-06,TMIN,117
USW00013754,2007-11-26,TMIN,72
USW00013754,2005-11-11,TMIN,33
USC00316096,2011-11-13,TMAX,211
USW00013754,2007-11-26,TMAX,211
USC00316096,2011-11-13,TMIN,33
USC00310576,2014-08-29,TMIN,167
USR0000NNWB,2014-07-07,TMIN,200
USC00317170,2007-06-18,TMAX,350
USW00013754,2014-02-03,TMIN,56
USC00315830,2005-10-06,TMAX,283
USR0000NNWB,2011-10-02,TMIN,72
USC00317170,2007-06-18,TMIN,211
USC00310576,2014-12-18,TMAX,172
USC00314684,2014-10-24,TMIN,56
USC00310576,2014-08-29,TMAX,333
USC00314144,2005-02-18,TMAX,122
USC00315830,2011-09-15,TMIN,178
USC00314689,2010-12-09,TMAX,44
USW00013754,2014-02-03,TMAX,211
USR0000NNWB,2008-01-27,TMAX,111
USC00316676,2008-03-24,TMAX,161
USC00316676,2008-10-30,TMIN,6
USC00310576,2014-12-22,TMIN,28
USC00314144,2006-03-22,TMAX,167
USC00315830,2015-07-20,TMAX,300
USW00013754,2008-06-11,TMIN,217
USC00310576,2014-11-04,TMAX,183
USC00314144,2006-03-22,TMIN,-17
USW00013754,2008-06-11,TMAX,322
USC00314684,2008-09-23,TMAX,244
USC00310356,2013-06-21,TMIN,206
USC00310356,2013-10-25,TMAX,200
USC00310356,2013-06-21,TMAX,294
USC00310356,2013-10-25,TMIN,106
USC00316096,2012-04-04,TMAX,256
USR0000NHOF,2009-12-10,TMIN,11
USC00316096,2012-04-04,TMIN,167
USC00314689,2007-07-15,TMAX,300
USC00314689,2007-07-15,TMIN,217
USC00310356,2012-09-30,TMIN,183
USC00310356,2012-09-30,TMAX,261
USC00310356,2009-10-02,TMAX,239
USC00310356,2009-10-02,TMIN,150
USC00314689,2007-09-16,TMIN,122
USC00314684,2008-09-23,TMIN,161
USC00310356,2009-02-27,TMIN,78
USW00093743,2013-06-21,TMAX,294
USR0000NCRN,2010-04-18,TMAX,200
USR0000NNWB,2009-02-26,TMIN,-6
USR0000NCRN,2010-04-18,TMIN,50
USC00314689,2015-10-13,TMIN,161
USW00093743,2012-09-30,TMIN,172
USC00310356,2005-12-26,TMIN,94
USW00093743,2012-09-30,TMAX,228
USC00314144,2009-07-04,TMAX,306
USC00314144,2009-07-04,TMIN,122
USR0000NNWB,2012-11-25,TMIN,-33
USR0000NNWB,2012-11-25,TMAX,111
USC00314689,2007-07-28,TMIN,211
USW00013754,2007-04-28,TMAX,267
USR0000NCRN,2008-10-12,TMIN,172
USC00314689,2008-07-11,TMAX,317
USW00093743,2007-10-17,TMIN,189
USW00093743,2007-10-17,TMAX,272
USC00314689,2007-06-30,TMIN,217
USW00093743,2013-06-21,TMIN,189
USR0000NNWB,2009-02-26,TMAX,183
USC00316676,2007-09-14,TMAX,283
USC00310356,2009-02-27,TMAX,139
USC00314684,2015-11-17,TMIN,17
USW00013754,2014-02-02,TMAX,200
USC00310576,2007-11-04,TMIN,33
USC00314689,2008-10-21,TMIN,56
USW00093743,2012-09-13,TMAX,283
USC00310576,2007-11-04,TMAX,194
USC00317170,2015-06-12,TMAX,328
USC00314144,2008-11-02,TMIN,-17
USC00315830,2015-04-14,TMAX,239
USC00315830,2015-07-20,TMIN,261
USC00315830,2015-04-14,TMIN,156
USC00314689,2012-04-04,TMAX,283
USC00314689,2012-04-04,TMIN,144
USW00093743,2011-03-19,TMAX,239
USW00093765,2014-08-24,TMAX,278
USW00093765,2014-08-24,TMIN,217
USC00314684,2006-10-04,TMAX,283
USC00314684,2006-10-04,TMIN,100
USW00013754,2015-06-06,TMAX,289
USC00314689,2008-10-21,TMAX,233
USW00013754,2015-06-06,TMIN,156
USW00093743,2012-09-13,TMIN,167
USC00310576,2015-08-10,TMIN,167
USC00310576,2015-08-10,TMAX,289
USW00013754,2014-02-02,TMIN,61
USC00310576,2014-11-04,TMIN,22
USW00013754,2012-11-25,TMAX,106
USW00093743,2009-10-02,TMAX,261
USC00317170,2012-06-17,TMAX,261
USW00013754,2012-11-25,TMIN,-32
USC00310356,2012-09-13,TMAX,278
USR0000NHOF,2005-12-26,TMAX,117
USC00310356,2012-09-13,TMIN,178
USC00316676,2015-01-30,TMAX,106
USR0000NHOF,2005-12-26,TMIN,-22
USC00317170,2012-06-17,TMIN,133
USC00314689,2005-08-25,TMIN,194
USC00314684,2010-03-15,TMIN,28
USR0000NHOF,2009-12-10,TMAX,194
USC00314684,2006-09-23,TMIN,133
USC00314684,2006-09-23,TMAX,272
USC00314684,2010-03-15,TMAX,156
USW00093719,2005-09-04,TMIN,178
USC00314689,2005-08-25,TMAX,306
USC00314144,2008-11-02,TMAX,239
USW00093719,2005-09-04,TMAX,300
USC00316676,2015-01-30,TMIN,-44
USC00317170,2015-06-12,TMIN,222
USR0000NNWB,2012-03-04,TMIN,28
USW00093743,2009-10-02,TMIN,122
USW00093743,2009-02-11,TMAX,183
USC00316096,2011-05-14,TMIN,178
USC00310356,2005-12-26,TMAX,156
USC00316096,2010-09-10,TMAX,272
USC00316096,2010-09-10,TMIN,150
USW00013754,2009-11-15,TMIN,100
USR0000NCRN,2008-02-11,TMAX,100
USR0000NCRN,2008-02-11,TMIN,-6
USC00310576,2014-12-16,TMIN,11
USC00316096,2011-05-14,TMAX,272
USC00316096,2011-12-26,TMAX,122
USC00314689,2007-06-30,TMAX,294
USW00093719,2014-05-10,TMAX,328
USC00310576,2014-12-16,TMAX,172
USW00093765,2010-02-10,TMAX,122
USW00093765,2010-02-10,TMIN,28
USC00314684,2015-11-17,TMAX,178
USW00093719,2005-07-19,TMAX,333
USW00093765,2014-12-29,TMAX,156
USC00310576,2015-06-19,TMAX,333
USC00314684,2013-09-09,TMAX,311
USW00093719,2005-07-19,TMIN,244
USC00314684,2013-09-09,TMIN,161
USC00314689,2008-07-11,TMIN,228
USR0000NNWB,2014-07-18,TMAX,300
USC00310576,2015-06-19,TMIN,211
USC00316096,2011-12-26,TMIN,6
USR0000NHOF,2009-09-15,TMIN,139
USC00316096,2015-10-08,TMAX,261
USC00310356,2005-07-03,TMAX,294
USC00310576,2014-04-02,TMAX,256
USW00093765,2012-11-03,TMIN,44
USC00315830,2013-01-29,TMAX,194
USW00093765,2012-11-03,TMAX,150
USC00315830,2013-01-29,TMIN,94
USW00093743,2007-12-19,TMAX,128
USC00310576,2014-04-02,TMIN,28
USC00310356,2005-07-03,TMIN,233
USW00093743,2007-12-19,TMIN,-21
USC00310356,2015-11-17,TMAX,183
USC00314689,2007-09-04,TMAX,328
USC00314144,2008-03-30,TMIN,56
USC00314689,2007-09-04,TMIN,156
USW00093719,2012-11-22,TMIN,56
USR0000NNWB,2011-08-05,TMAX,350
USW00013754,2012-12-24,TMIN,28
USW00013754,2012-12-24,TMAX,178
USC00314684,2007-05-31,TMAX,311
USR0000NCRN,2011-08-24,TMIN,183
USR0000NHOF,2009-09-15,TMAX,294
USW00093765,2014-12-03,TMAX,200
USC00314689,2006-07-24,TMIN,217
USW00013754,2009-11-15,TMAX,206
USC00314144,2005-03-13,TMAX,256
USC00310356,2013-09-13,TMAX,283
USW00093765,2012-04-12,TMAX,178
USC00314144,2005-03-13,TMIN,11
USC00316096,2010-08-14,TMIN,211
USC00310576,2014-12-22,TMAX,111
USW00013754,2012-07-02,TMAX,317
USC00317170,2009-08-13,TMAX,267
USC00316096,2010-08-14,TMAX,306
USW00093765,2015-10-26,TMAX,183
USW00013754,2012-07-02,TMIN,206
USW00013754,2007-11-10,TMAX,122
USW00013754,2007-11-10,TMIN,61
USC00317170,2008-11-16,TMIN,56
USW00093743,2009-02-11,TMIN,117
USR0000NHOF,2012-09-30,TMIN,156
USR0000NHOF,2006-07-21,TMAX,306
USR0000NHOF,2012-09-30,TMAX,217
USC00317170,2008-11-16,TMAX,156
USR0000NHOF,2006-07-21,TMIN,189
USW00013754,2007-04-28,TMIN,133
USR0000NCRN,2010-04-21,TMIN,111
USC00317170,2009-08-13,TMIN,228
USC00314684,2013-02-03,TMAX,83
USC00310356,2013-09-13,TMIN,228
USC00316096,2015-12-02,TMIN,150
USW00093719,2014-05-10,TMIN,206
USC00314689,2006-07-24,TMAX,317
USW00093743,2008-10-31,TMAX,161
USC00310576,2010-10-16,TMAX,222
USW00093719,2013-05-23,TMIN,194
USC00310576,2010-10-16,TMIN,83
USR0000NNWB,2013-03-01,TMIN,0
USW00093765,2014-12-29,TMIN,83
USW00093719,2013-05-23,TMAX,289
USR0000NHOF,2009-10-02,TMAX,244
USC00314684,2007-05-31,TMIN,133
USW00093719,2012-07-20,TMIN,228
USC00315830,2007-10-03,TMAX,300
USR0000NCRN,2010-04-21,TMAX,183
USW00093719,2005-04-18,TMAX,256
USW00093743,2008-10-31,TMIN,6
USW00093765,2012-04-12,TMIN,56
USC00314684,2013-02-03,TMIN,-72
USW00093719,2005-04-18,TMIN,39
USC00315830,2007-10-03,TMIN,217
USW00093765,2014-12-03,TMIN,94
USW00093719,2012-07-20,TMAX,344
USC00310576,2006-02-13,TMAX,67
USC00316096,2015-02-27,TMIN,-6
USC00316096,2015-02-27,TMAX,89
USC00316676,2012-02-25,TMIN,61
USW00093743,2010-02-04,TMIN,-5
USW00013754,2014-03-17,TMIN,33
USW00093743,2010-02-04,TMAX,89
USW00093765,2009-08-13,TMIN,222
USC00310356,2013-12-02,TMAX,150
USW00093765,2009-08-13,TMAX,289
USC00310356,2013-12-02,TMIN,-6
USW00093743,2013-12-02,TMAX,139
USC00310576,2008-09-06,TMAX,283
USR0000NCRN,2010-10-18,TMAX,250
USC00310356,2009-09-15,TMAX,300
USC00310576,2008-09-06,TMIN,222
USC00317170,2014-12-01,TMAX,222
USC00314684,2006-09-20,TMAX,306
USW00093719,2010-05-09,TMIN,78
USC00314689,2006-12-23,TMAX,206
USC00314689,2006-12-23,TMIN,172
USW00093743,2013-12-02,TMIN,56
USW00093743,2009-02-27,TMIN,33
USW00093719,2010-12-05,TMIN,-6
USC00317170,2014-12-01,TMIN,56
USC00310356,2010-02-04,TMIN,28
USR0000NCRN,2010-10-18,TMIN,94
USC00310356,2007-05-01,TMIN,144
USW00093719,2005-04-21,TMAX,300
USW00093765,2015-06-12,TMAX,289
USC00314144,2009-01-22,TMIN,-100
USR0000NCRN,2005-07-22,TMAX,322
USR0000NNWB,2009-08-02,TMAX,306
USC00314144,2009-01-22,TMAX,111
USC00317170,2014-08-24,TMIN,206
USW00093765,2005-06-02,TMAX,261
USW00093719,2009-07-30,TMIN,233
USW00093719,2009-07-30,TMAX,333
USC00314689,2009-04-28,TMIN,128
USR0000NHOF,2010-02-04,TMIN,-33
USC00316676,2012-02-25,TMAX,233
USR0000NHOF,2010-02-04,TMAX,78
USC00316096,2013-09-09,TMAX,300
USC00314684,2013-05-11,TMAX,328
USW00093719,2012-09-17,TMIN,200
USW00093719,2012-09-17,TMAX,283
USC00316096,2013-09-09,TMIN,189
USC00310356,2007-05-01,TMAX,244
USC00310356,2009-09-15,TMIN,200
USC00314684,2013-05-11,TMIN,161
USC00310356,2010-02-04,TMAX,122
USC00314144,2007-09-15,TMIN,189
USR0000NHOF,2010-12-05,TMAX,61
USW00093765,2007-04-01,TMIN,122
USW00013754,2014-07-18,TMIN,206
USW00013754,2014-01-03,TMIN,-21
USW00013754,2014-01-03,TMAX,111
USW00013754,2014-07-18,TMAX,289
USR0000NHOF,2010-12-09,TMIN,-83
USC00315830,2011-05-25,TMAX,283
USW00093719,2010-12-05,TMAX,61
USC00310576,2007-12-20,TMIN,6
USC00310576,2007-12-20,TMAX,133
USW00093719,2009-03-28,TMIN,183
USW00013754,2005-08-23,TMAX,294
USW00093719,2010-05-09,TMAX,217
USW00093719,2009-03-28,TMAX,256
USW00093719,2005-07-15,TMIN,228
USC00315830,2015-09-04,TMIN,217
USR0000NCRN,2006-03-22,TMAX,122
USC00314689,2010-09-10,TMAX,311
USW00093765,2007-04-01,TMAX,217
USR0000NCRN,2006-03-22,TMIN,0
USC00314689,2010-09-10,TMIN,150
USC00314689,2005-12-18,TMIN,44
USC00314689,2005-12-18,TMAX,83
USR0000NCRN,2011-02-19,TMAX,211
USC00314684,2014-12-17,TMIN,6
USC00314684,2015-02-05,TMAX,133
USR0000NHOF,2010-12-05,TMIN,-39
USC00314684,2015-02-05,TMIN,-33
USC00310576,2011-12-16,TMAX,211
USC00314144,2010-06-01,TMAX,267
USC00314144,2010-06-01,TMIN,178
USC00316676,2006-05-27,TMAX,328
USC00316676,2006-05-27,TMIN,200
USC00310576,2011-12-16,TMIN,44
USC00314689,2013-09-09,TMAX,317
USW00013754,2014-03-17,TMAX,83
USW00093765,2008-01-25,TMIN,-27
USC00314689,2013-09-09,TMIN,183
USC00310356,2015-02-09,TMIN,89
USR0000NCRN,2005-07-22,TMIN,244
USR0000NNWB,2015-06-06,TMIN,167
USW00093719,2011-06-22,TMAX,328
USW00093719,2011-06-22,TMIN,206
USC00310356,2015-02-09,TMAX,133
USR0000NCRN,2011-02-19,TMIN,111
USC00315830,2012-02-20,TMIN,28
USC00314684,2014-12-17,TMAX,200
USW00093765,2008-01-25,TMAX,44
USR0000NNWB,2005-12-30,TMAX,150
USW00093765,2015-06-12,TMIN,250
USC00317170,2014-08-24,TMAX,283
USR0000NCRN,2015-10-26,TMAX,183
USC00310576,2012-03-27,TMIN,61
USW00093743,2013-10-25,TMIN,33
USR0000NHOF,2005-07-03,TMAX,289
USR0000NHOF,2005-07-03,TMIN,189
USR0000NCRN,2015-10-26,TMIN,156
USC00317170,2009-06-04,TMIN,211
USW00013754,2007-08-20,TMIN,244
USC00316676,2010-06-13,TMIN,228
USW00093743,2009-12-10,TMIN,61
USC00316676,2010-06-13,TMAX,333
USC00310576,2013-10-20,TMIN,156
USC00310576,2013-10-20,TMAX,228
USW00013754,2007-08-20,TMAX,339
USC00314684,2012-12-17,TMIN,94
USR0000NHOF,2007-12-19,TMIN,-56
USC00316676,2005-11-30,TMIN,117
USC00315830,2009-03-31,TMAX,200
USC00315830,2009-03-31,TMIN,56
USC00314684,2012-12-17,TMAX,144
USW00093743,2009-12-10,TMAX,200
USC00310576,2012-03-27,TMAX,239
USR0000NHOF,2006-02-07,TMIN,-61
USR0000NHOF,2007-12-19,TMAX,139
USW00093719,2012-08-22,TMIN,217
USC00310356,2009-02-11,TMIN,117
USC00316676,2007-09-14,TMIN,217
USR0000NCRN,2008-10-12,TMAX,272
USR0000NHOF,2009-10-02,TMIN,78
USW00093743,2011-03-19,TMIN,111
USW00013754,2015-12-07,TMIN,100
USC00314689,2015-10-13,TMAX,261
USW00013754,2015-12-07,TMAX,122
USC00317170,2010-02-10,TMAX,89
USC00317170,2010-02-10,TMIN,39
USR0000NNWB,2014-02-02,TMAX,194
USR0000NNWB,2014-02-02,TMIN,50
USC00316676,2013-12-12,TMIN,0
USW00093743,2013-10-25,TMAX,150
USC00314689,2006-11-16,TMAX,239
USR0000NNWB,2013-05-23,TMIN,194
USC00310356,2009-02-11,TMAX,161
USC00314689,2006-11-16,TMIN,189
USR0000NNWB,2013-05-23,TMAX,289
USR0000NHOF,2012-09-13,TMAX,278
USR0000NHOF,2012-09-13,TMIN,128
USW00093719,2012-08-22,TMAX,300
USC00314689,2015-10-05,TMAX,217
USW00013754,2013-05-23,TMIN,200
USW00013754,2013-05-23,TMAX,267
USC00317170,2012-02-06,TMAX,133
USR0000NHOF,2015-01-19,TMIN,0
USC00317170,2012-02-06,TMIN,11
USW00093765,2005-06-02,TMIN,178
USR0000NHOF,2015-01-19,TMAX,183
USW00093719,2015-06-24,TMAX,339
USC00310356,2009-12-10,TMIN,161
USR0000NCRN,2006-04-21,TMIN,128
USW00093765,2005-08-02,TMAX,306
USR0000NCRN,2006-04-21,TMAX,261
USW00093765,2005-08-02,TMIN,217
USC00310576,2015-07-23,TMAX,311
USC00314684,2006-09-20,TMIN,161
USW00093719,2005-04-21,TMIN,150
USR0000NNWB,2011-01-01,TMIN,11
USC00310356,2009-12-10,TMAX,206
USC00316676,2005-11-30,TMAX,244
USR0000NNWB,2009-08-02,TMIN,222
USR0000NNWB,2015-06-06,TMAX,311
USW00093743,2009-02-27,TMAX,194
USR0000NHOF,2015-02-09,TMIN,94
USW00093719,2015-06-24,TMIN,244
USC00315830,2015-09-04,TMAX,294
USR0000NNWB,2011-01-01,TMAX,206
USR0000NNWB,2005-04-28,TMAX,222
USW00093719,2006-10-28,TMIN,122
USC00315830,2009-08-26,TMAX,294
USW00093719,2006-10-28,TMAX,233
USR0000NHOF,2010-12-14,TMAX,6
USR0000NNWB,2009-10-23,TMIN,139
USC00316676,2006-02-21,TMIN,0
USR0000NHOF,2010-12-14,TMIN,-61
USC00310576,2006-02-13,TMIN,-50
USC00314144,2007-02-08,TMIN,-72
USC00314689,2015-10-05,TMIN,167
USR0000NHOF,2015-02-09,TMAX,239
USC00314144,2007-02-08,TMAX,94
USC00316676,2006-02-21,TMAX,72
USC00315830,2009-08-26,TMIN,222
USC00316676,2013-12-12,TMAX,111
USW00013754,2005-12-30,TMIN,28
USC00310576,2015-07-23,TMIN,211
USW00013754,2005-12-30,TMAX,144
USW00093765,2012-01-09,TMIN,72
USR0000NNWB,2005-04-28,TMIN,78
USW00093765,2012-01-09,TMAX,111
USR0000NHOF,2006-02-07,TMAX,94
USR0000NNWB,2009-10-23,TMAX,278
USC00317170,2013-05-11,TMIN,200
USC00317170,2013-05-11,TMAX,289
USR0000NNWB,2005-12-30,TMIN,22
USW00093765,2007-07-26,TMIN,222
USW00093765,2007-07-26,TMAX,289
USW00093743,2012-08-20,TMAX,278
USR0000NNWB,2015-12-07,TMAX,106
USC00314684,2007-07-03,TMIN,150
USW00093765,2012-06-17,TMIN,172
USC00315830,2007-02-28,TMAX,172
USC00310356,2009-08-20,TMAX,306
USW00093743,2012-08-20,TMIN,222
USR0000NNWB,2006-06-04,TMIN,150
USR0000NNWB,2006-06-04,TMAX,294
USC00314684,2015-08-26,TMAX,311
USC00314684,2012-02-04,TMIN,-6
USC00316096,2012-02-19,TMAX,122
USC00314684,2015-08-26,TMIN,217
USC00314684,2013-01-23,TMIN,-78
USW00013754,2008-12-01,TMAX,161
USC00314684,2012-02-04,TMAX,133
USR0000NCRN,2013-12-02,TMAX,128
USW00013754,2005-10-03,TMIN,200
USW00013754,2005-10-03,TMAX,278
USW00093719,2011-02-03,TMAX,139
USR0000NCRN,2013-12-02,TMIN,67
USR0000NCRN,2011-07-11,TMAX,306
USW00093765,2012-07-29,TMAX,311
USW00013754,2013-03-01,TMAX,133
USW00013754,2012-11-06,TMIN,56
USC00314144,2010-06-03,TMAX,278
USW00013754,2013-03-01,TMIN,0
USR0000NHOF,2011-11-13,TMAX,217
USR0000NHOF,2011-11-13,TMIN,0
USC00310356,2009-08-20,TMIN,267
USC00310356,2012-08-20,TMIN,222
USR0000NNWB,2008-05-16,TMIN,189
USR0000NCRN,2014-06-18,TMAX,289
USC00315830,2010-09-22,TMIN,200
USR0000NNWB,2008-05-16,TMAX,294
USC00314684,2010-12-23,TMIN,-33
USC00310356,2015-04-17,TMIN,156
USW00093743,2008-03-11,TMAX,189
USW00093743,2008-03-11,TMIN,44
USW00093765,2012-06-17,TMAX,267
USC00310356,2015-04-17,TMAX,211
USR0000NCRN,2014-06-18,TMIN,222
USC00314144,2009-10-25,TMAX,206
USC00314144,2009-10-25,TMIN,122
USR0000NNWB,2015-12-07,TMIN,89
USC00316676,2014-02-06,TMIN,50
USR0000NNWB,2009-10-05,TMIN,156
USC00316676,2014-02-06,TMAX,211
USR0000NCRN,2010-08-25,TMAX,278
USC00314689,2015-10-08,TMAX,278
USR0000NCRN,2010-08-25,TMIN,206
USR0000NHOF,2012-08-20,TMAX,272
USW00093765,2006-02-12,TMIN,17
USC00317170,2013-05-23,TMIN,206
USC00316096,2012-02-19,TMIN,61
USC00317170,2013-05-23,TMAX,272
USW00093743,2010-01-29,TMAX,83
USW00093743,2010-01-29,TMIN,0
USC00316676,2013-10-13,TMAX,206
USC00316096,2013-03-09,TMAX,161
USR0000NNWB,2008-06-11,TMIN,222
USW00093743,2012-11-08,TMIN,17
USC00314684,2012-03-29,TMIN,61
USC00314684,2012-03-29,TMAX,256
USW00093743,2012-11-08,TMAX,150
USR0000NNWB,2008-06-11,TMAX,339
USR0000NHOF,2009-02-11,TMIN,100
USC00314144,2006-08-16,TMIN,167
USR0000NHOF,2012-08-20,TMIN,211
USC00317170,2015-07-25,TMAX,300
USR0000NHOF,2015-09-09,TMIN,206
USC00314689,2009-08-11,TMIN,239
USR0000NCRN,2014-10-27,TMAX,256
USR0000NNWB,2009-01-06,TMAX,228
USR0000NNWB,2009-01-06,TMIN,133
USW00013754,2008-12-01,TMIN,56
USW00093765,2009-06-30,TMIN,222
USW00093765,2009-06-30,TMAX,311
USR0000NNWB,2009-10-05,TMAX,189
USW00093719,2014-08-24,TMAX,289
USC00310576,2011-05-14,TMAX,261
USW00093719,2014-08-24,TMIN,194
USC00315830,2009-12-07,TMAX,144
USW00013754,2012-11-06,TMAX,94
USW00013754,2014-03-25,TMIN,17
USW00093719,2010-09-28,TMAX,267
USC00310356,2010-01-29,TMAX,117
USC00314689,2015-10-08,TMIN,133
USW00093719,2010-09-28,TMIN,189
USC00314684,2007-07-03,TMAX,300
USC00314689,2009-08-11,TMAX,361
USC00310356,2010-01-29,TMIN,22
USR0000NHOF,2015-09-09,TMAX,317
USR0000NCRN,2014-10-27,TMIN,44
USW00013754,2014-03-25,TMAX,133
USC00315830,2009-12-07,TMIN,44
USC00316676,2013-10-13,TMIN,172
USC00316096,2012-02-24,TMIN,150
USC00314684,2010-08-29,TMIN,161
USW00013754,2014-06-13,TMAX,294
USW00013754,2014-06-13,TMIN,217
USC00316096,2010-03-15,TMIN,28
USW00093719,2013-05-11,TMIN,211
USR0000NCRN,2006-10-02,TMIN,117
USC00316096,2010-03-15,TMAX,167
USW00093719,2012-11-25,TMAX,111
USC00310356,2011-11-13,TMIN,44
USC00317170,2009-06-04,TMAX,311
USC00314689,2012-09-23,TMAX,283
USW00093765,2007-10-01,TMAX,272
USW00093765,2007-10-01,TMIN,206
USC00314689,2012-09-23,TMIN,167
USC00317170,2011-01-04,TMIN,50
USR0000NNWB,2014-01-03,TMIN,-33
USC00316676,2012-01-15,TMAX,89
USW00093719,2005-04-28,TMIN,89
USR0000NHOF,2015-11-17,TMIN,11
USW00093719,2005-04-28,TMAX,217
USC00314684,2010-08-29,TMAX,306
USC00310356,2015-09-21,TMIN,206
USC00314144,2010-03-18,TMAX,139
USC00310356,2015-09-21,TMAX,306
USC00316096,2012-02-24,TMAX,194
USC00310356,2008-03-11,TMIN,11
USC00314689,2008-07-09,TMAX,306
USW00093743,2009-12-31,TMIN,67
USC00314684,2013-03-09,TMAX,133
USW00093765,2007-09-03,TMAX,300
USR0000NNWB,2007-05-03,TMAX,228
USW00093765,2015-06-24,TMIN,256
USC00310356,2011-11-13,TMAX,156
USC00315830,2007-08-27,TMIN,239
USC00314684,2013-03-09,TMIN,11
USR0000NCRN,2006-10-02,TMAX,267
USW00093719,2011-02-03,TMIN,39
USW00093743,2009-12-31,TMAX,144
USW00093765,2015-06-24,TMAX,306
USC00317170,2012-12-04,TMAX,239
USC00310356,2015-09-09,TMAX,317
USW00093719,2012-11-25,TMIN,-28
USC00314144,2008-02-24,TMAX,111
USC00314144,2008-02-24,TMIN,-6
USC00317170,2012-12-04,TMIN,83
USC00310356,2008-03-11,TMAX,161
USW00093719,2013-05-11,TMAX,300
USW00013754,2007-03-14,TMIN,94
USC00314144,2010-03-18,TMIN,50
USR0000NNWB,2006-03-25,TMIN,0
USR0000NHOF,2015-11-17,TMAX,217
USR0000NNWB,2005-01-04,TMAX,239
USC00314689,2012-12-17,TMAX,161
USW00013754,2007-03-14,TMAX,256
USC00316096,2013-11-05,TMIN,89
USC00315830,2007-08-27,TMAX,306
USC00315830,2010-09-22,TMAX,283
USC00314144,2011-02-17,TMIN,0
USC00310356,2015-09-09,TMIN,239
USR0000NCRN,2011-07-11,TMIN,206
USC00314684,2013-01-23,TMAX,56
USC00314144,2011-02-17,TMAX,194
USC00316096,2013-02-03,TMIN,-11
USW00093765,2012-07-29,TMIN,233
USC00316096,2013-02-03,TMAX,111
USC00314144,2010-06-03,TMIN,194
USC00314684,2010-12-23,TMAX,72
USC00314684,2008-01-13,TMAX,144
USC00314689,2008-10-09,TMAX,283
USC00314689,2008-10-09,TMIN,161
USC00310356,2012-08-20,TMAX,294
USC00314684,2008-01-13,TMIN,50
USR0000NNWB,2005-01-04,TMIN,111
USC00314689,2012-12-17,TMIN,133
USC00310356,2011-03-19,TMIN,133
USC00315830,2005-02-19,TMAX,94
USC00317170,2011-01-04,TMAX,94
USR0000NNWB,2006-03-25,TMAX,122
USR0000NHOF,2009-11-17,TMAX,189
USC00316676,2012-01-15,TMIN,-22
USC00317170,2010-11-25,TMIN,44
USC00310576,2010-02-04,TMIN,6
USR0000NNWB,2008-04-12,TMIN,178
USR0000NHOF,2009-11-17,TMIN,61
USC00310576,2010-02-04,TMAX,128
USC00317170,2010-11-25,TMAX,211
USR0000NNWB,2014-01-03,TMAX,89
USW00093765,2005-09-04,TMIN,194
USC00310576,2013-06-21,TMIN,178
USC00317170,2012-04-04,TMAX,289
USC00317170,2012-04-04,TMIN,144
USR0000NNWB,2008-04-12,TMAX,306
USC00310356,2009-12-31,TMIN,6
USC00310576,2013-06-21,TMAX,278
USC00310356,2009-12-31,TMAX,133
USR0000NHOF,2012-11-08,TMIN,-6
USR0000NHOF,2012-11-08,TMAX,150
USC00315830,2005-02-19,TMIN,-44
USW00093765,2005-09-04,TMAX,289
USC00316096,2011-07-30,TMIN,228
USC00316096,2013-03-09,TMIN,6
USC00317170,2012-11-03,TMAX,144
USC00316676,2009-09-05,TMAX,261
USW00093765,2012-02-22,TMAX,178
USR0000NNWB,2008-12-30,TMIN,11
USC00310356,2006-07-21,TMIN,172
USR0000NCRN,2010-11-14,TMIN,0
USR0000NNWB,2008-12-30,TMAX,178
USC00314144,2007-02-21,TMIN,67
USC00314689,2006-07-27,TMIN,233
USC00316096,2012-12-17,TMIN,139
USC00316096,2012-12-17,TMAX,178
USW00093719,2012-11-22,TMAX,167
USC00310576,2005-07-26,TMIN,256
USR0000NCRN,2010-11-14,TMAX,189
USR0000NNWB,2012-11-06,TMAX,83
USW00013754,2005-01-04,TMIN,117
USC00314144,2008-06-28,TMAX,333
USC00314144,2007-02-21,TMAX,178
USW00013754,2005-01-04,TMAX,239
USC00310576,2006-06-19,TMIN,206
USC00310576,2006-06-19,TMAX,289
USC00314689,2010-08-14,TMIN,233
USR0000NNWB,2008-04-02,TMAX,189
USW00093765,2012-12-15,TMAX,161
USC00310356,2006-07-21,TMAX,306
USC00314689,2011-12-26,TMIN,50
USW00093765,2013-05-11,TMAX,261
USC00317170,2010-09-11,TMIN,161
USR0000NNWB,2009-05-07,TMIN,194
USW00093765,2013-05-11,TMIN,206
USC00317170,2012-04-12,TMIN,17
USR0000NNWB,2011-04-17,TMIN,78
USC00317170,2012-04-12,TMAX,178
USC00317170,2010-09-11,TMAX,250
USR0000NNWB,2015-11-08,TMIN,122
USR0000NNWB,2015-11-08,TMAX,156
USW00093743,2013-09-13,TMAX,317
USW00013754,2008-05-16,TMIN,189
USC00310356,2007-12-19,TMAX,89
USC00310356,2007-12-19,TMIN,6
USW00013754,2008-05-16,TMAX,283
USC00314689,2006-07-27,TMAX,339
USC00315830,2006-07-29,TMIN,267
USC00310576,2011-05-14,TMIN,161
USC00310576,2008-09-19,TMAX,261
USC00310576,2008-09-19,TMIN,150
USC00315830,2006-07-29,TMAX,311
USC00314689,2011-12-26,TMAX,139
USC00314689,2010-08-14,TMAX,322
USC00314144,2008-06-28,TMIN,239
USC00316676,2009-09-05,TMIN,167
USC00310576,2009-07-08,TMAX,300
USW00093765,2015-10-26,TMIN,161
USW00013754,2014-11-08,TMAX,172
USR0000NNWB,2014-07-18,TMIN,200
USC00310356,2015-11-17,TMIN,94
USR0000NNWB,2008-04-06,TMAX,189
USR0000NNWB,2008-04-06,TMIN,94
USC00316096,2015-10-08,TMIN,133
USC00316096,2015-04-06,TMAX,228
USC00314689,2005-05-16,TMIN,178
USR0000NCRN,2011-08-24,TMAX,294
USC00314689,2005-05-16,TMAX,294
USR0000NCRN,2007-02-08,TMIN,61
USR0000NCRN,2007-02-08,TMAX,94
USW00093743,2010-12-05,TMIN,-10
USC00314684,2008-09-21,TMIN,144
USC00315830,2013-06-07,TMAX,278
USC00315830,2013-06-07,TMIN,228
USC00314684,2008-09-21,TMAX,222
USR0000NCRN,2008-07-18,TMIN,222
USR0000NCRN,2008-07-18,TMAX,317
USC00310576,2009-07-08,TMIN,172
USR0000NNWB,2011-08-05,TMIN,256
USC00310576,2008-12-07,TMIN,6
USC00315830,2014-01-06,TMIN,94
USW00093743,2010-12-05,TMAX,67
USC00314684,2011-04-05,TMAX,283
USC00310576,2008-12-07,TMAX,139
USW00093743,2010-12-14,TMAX,11
USW00093743,2010-12-14,TMIN,-49
USC00314684,2011-04-05,TMIN,150
USR0000NNWB,2013-03-01,TMAX,128
USW00093765,2010-12-22,TMIN,-5
USC00310576,2005-07-26,TMAX,344
USW00093765,2010-12-22,TMAX,83
USW00013754,2011-01-05,TMAX,100
USC00314144,2008-03-30,TMAX,94
USW00013754,2009-10-05,TMIN,156
USW00093765,2006-06-12,TMAX,278
USW00013754,2009-10-05,TMAX,189
USW00093765,2006-06-12,TMIN,211
USC00314684,2012-04-04,TMAX,239
USC00314684,2012-04-04,TMIN,50
USR0000NNWB,2012-11-06,TMIN,44
USW00013754,2014-11-08,TMIN,44
USC00315830,2014-01-06,TMAX,183
USW00093765,2012-12-15,TMIN,61
USC00316096,2015-12-02,TMAX,233
USC00317170,2012-11-03,TMIN,22
USC00316676,2011-03-30,TMAX,172
USR0000NNWB,2011-04-17,TMAX,228
USC00317170,2011-03-19,TMIN,122
USW00093719,2008-09-07,TMIN,233
USR0000NHOF,2010-01-29,TMIN,-11
USC00316096,2015-10-05,TMAX,217
USW00093719,2008-09-07,TMAX,328
USC00317170,2011-03-19,TMAX,228
USC00314144,2011-04-14,TMAX,233
USC00314144,2011-04-14,TMIN,56
USC00316096,2015-10-05,TMIN,172
USC00316676,2014-07-07,TMIN,161
USC00317170,2008-06-09,TMAX,389
USR0000NNWB,2014-11-08,TMIN,28
USC00315830,2013-09-03,TMIN,261
USC00315830,2013-09-03,TMAX,300
USC00317170,2008-06-09,TMIN,244
USC00314144,2011-02-25,TMIN,83
USW00013754,2011-01-05,TMIN,17
USC00310356,2005-08-30,TMAX,317
USC00310356,2005-08-30,TMIN,267
USC00317170,2015-07-25,TMIN,167
USR0000NNWB,2014-11-08,TMAX,172
USR0000NHOF,2010-01-29,TMAX,61
USR0000NCRN,2014-08-20,TMIN,228
USC00314689,2015-02-27,TMAX,83
USC00314689,2015-02-27,TMIN,-17
USW00093765,2012-09-17,TMIN,211
USC00317170,2007-06-06,TMAX,300
USC00317170,2015-02-05,TMAX,117
USW00093765,2012-09-17,TMAX,261
USC00314684,2015-06-12,TMIN,217
USW00093765,2008-03-04,TMAX,217
USC00317170,2015-02-05,TMIN,-22
USC00314144,2006-08-16,TMAX,328
USR0000NHOF,2009-02-11,TMAX,217
USW00093765,2008-03-04,TMIN,156
USW00093765,2006-02-12,TMAX,100
USC00317170,2011-12-12,TMAX,133
USW00093765,2008-02-11,TMIN,-5
USW00093765,2008-02-11,TMAX,117
USC00317170,2011-12-12,TMIN,28
USR0000NHOF,2010-11-17,TMAX,206
USC00316096,2015-03-26,TMIN,161
USC00314684,2015-06-12,TMAX,333
USC00316096,2015-03-26,TMAX,222
USR0000NHOF,2010-11-17,TMIN,22
USC00310356,2012-11-08,TMIN,28
USW00093765,2012-02-22,TMIN,106
USR0000NCRN,2013-03-16,TMIN,122
USR0000NCRN,2013-03-16,TMAX,194
USR0000NCRN,2014-08-20,TMAX,311
USC00316676,2005-03-31,TMIN,100
USR0000NNWB,2007-04-28,TMAX,261
USC00316676,2005-03-31,TMAX,239
USW00093765,2008-06-21,TMAX,267
USR0000NCRN,2005-07-05,TMAX,300
USC00310576,2008-06-23,TMAX,300
USW00093765,2008-06-21,TMIN,211
USC00316676,2014-07-07,TMAX,283
USC00314689,2009-02-07,TMIN,0
USC00315830,2007-02-03,TMAX,106
USR0000NCRN,2007-06-02,TMAX,261
USR0000NHOF,2005-08-30,TMAX,311
USC00315830,2007-02-03,TMIN,33
USR0000NHOF,2005-08-30,TMIN,206
USR0000NNWB,2014-06-13,TMAX,306
USC00314689,2013-03-09,TMAX,156
USR0000NNWB,2014-06-13,TMIN,206
USC00314689,2013-03-09,TMIN,33
USR0000NCRN,2007-06-02,TMIN,167
USC00317170,2009-01-16,TMAX,44
USR0000NHOF,2008-03-11,TMAX,189
USR0000NNWB,2007-04-28,TMIN,128
USW00093743,2013-09-13,TMIN,228
USR0000NNWB,2009-05-07,TMAX,272
USW00093765,2013-05-23,TMAX,250
USC00317170,2009-02-08,TMIN,78
USC00310356,2012-11-08,TMAX,133
USR0000NNWB,2008-04-02,TMIN,89
USR0000NNWB,2012-12-24,TMIN,50
USR0000NNWB,2012-12-24,TMAX,167
USC00314144,2011-02-25,TMAX,211
USC00317170,2009-02-08,TMAX,233
USC00316676,2012-12-20,TMAX,194
USC00316676,2012-12-20,TMIN,44
USC00316676,2011-03-30,TMIN,6
USR0000NHOF,2008-03-11,TMIN,-11
USR0000NCRN,2005-07-05,TMIN,222
USC00317170,2007-06-06,TMIN,194
USR0000NNWB,2011-06-22,TMIN,222
USC00317170,2009-01-16,TMIN,-33
USW00093765,2011-09-15,TMIN,194
USC00310356,2010-12-14,TMAX,133
USW00093765,2011-09-15,TMAX,294
USC00314689,2009-02-07,TMAX,194
USC00310576,2008-06-23,TMIN,211
USC00310356,2010-12-14,TMIN,-50
USW00093765,2013-05-23,TMIN,211
USR0000NNWB,2011-06-22,TMAX,344
USR0000NCRN,2008-02-10,TMAX,206
USC00314144,2005-07-05,TMIN,200
USW00013754,2015-11-08,TMIN,139
USC00317170,2008-09-21,TMAX,261
USC00315830,2006-02-26,TMIN,17
USC00317170,2007-11-07,TMAX,144
USC00315830,2006-02-26,TMAX,128
USC00314684,2009-05-25,TMIN,172
USC00310576,2006-03-11,TMIN,144
USR0000NNWB,2012-03-06,TMIN,-22
USC00314689,2013-01-14,TMIN,139
USC00314684,2009-05-25,TMAX,283
USC00314689,2012-12-03,TMIN,100
USC00316676,2009-02-09,TMAX,244
USC00314684,2013-06-07,TMAX,256
USC00314684,2013-06-07,TMIN,206
USC00310356,2009-07-04,TMAX,317
USC00310576,2006-03-11,TMAX,261
USW00013754,2009-08-02,TMIN,222
USW00013754,2005-04-21,TMIN,150
USW00013754,2005-04-21,TMAX,283
USR0000NNWB,2009-03-28,TMIN,183
USC00310356,2009-07-04,TMIN,217
USR0000NNWB,2009-03-28,TMAX,256
USW00093765,2007-01-05,TMIN,167
USR0000NHOF,2009-04-25,TMIN,172
USC00317170,2008-09-21,TMIN,161
USW00093743,2009-01-04,TMAX,161
USW00013754,2015-06-24,TMIN,233
USW00013754,2015-06-24,TMAX,344
USC00314684,2012-06-17,TMAX,267
USC00317170,2009-08-27,TMAX,339
USC00314684,2012-06-17,TMIN,122
USC00314684,2015-02-27,TMAX,17
USW00093719,2012-11-06,TMAX,89
USW00093719,2012-11-06,TMIN,44
USC00316676,2012-04-04,TMAX,233
USC00316676,2012-04-04,TMIN,44
USC00315830,2006-04-13,TMIN,122
USC00310356,2008-08-02,TMIN,244
USC00315830,2006-04-13,TMAX,222
USW00013754,2015-06-12,TMIN,211
USW00013754,2015-06-12,TMAX,311
USW00093765,2010-04-19,TMIN,83
USC00314689,2013-01-14,TMAX,250
USC00314689,2010-02-10,TMAX,67
USC00314689,2010-02-10,TMIN,0
USW00093765,2010-04-19,TMAX,189
USC00317170,2007-11-07,TMIN,33
USW00093743,2009-01-04,TMIN,44
USC00317170,2010-03-15,TMAX,167
USC00316676,2009-02-09,TMIN,22
USC00310356,2006-06-19,TMIN,178
USC00310576,2005-12-26,TMAX,128
USC00310576,2005-12-26,TMIN,33
USC00317170,2014-08-17,TMAX,322
USC00314689,2007-12-27,TMIN,11
USC00314689,2007-12-27,TMAX,133
USC00317170,2007-12-30,TMIN,139
USW00093719,2014-06-13,TMIN,217
USC00317170,2014-08-17,TMIN,217
USR0000NHOF,2014-10-17,TMAX,267
USR0000NHOF,2014-10-17,TMIN,94
USC00314689,2012-12-03,TMAX,239
USW00093719,2009-08-29,TMIN,228
USC00315830,2009-03-14,TMAX,122
USR0000NCRN,2008-08-20,TMIN,194
USW00093719,2011-04-15,TMIN,94
USW00093719,2009-08-29,TMAX,311
USW00093719,2011-04-15,TMAX,228
USR0000NHOF,2009-07-04,TMAX,306
USR0000NHOF,2009-07-04,TMIN,122
USC00314689,2007-10-11,TMIN,156
USR0000NNWB,2012-03-06,TMAX,122
USC00314684,2005-05-16,TMIN,133
USR0000NHOF,2009-04-25,TMAX,272
USW00093719,2015-09-05,TMIN,228
USC00317170,2008-03-04,TMIN,44
USW00013754,2012-04-12,TMIN,28
USW00013754,2012-04-12,TMAX,172
USC00310356,2006-06-19,TMAX,272
USR0000NCRN,2014-07-22,TMAX,289
USR0000NCRN,2014-07-22,TMIN,222
USR0000NNWB,2009-07-30,TMIN,233
USR0000NCRN,2012-06-24,TMAX,300
USC00314684,2008-03-15,TMIN,100
USR0000NNWB,2009-07-30,TMAX,339
USW00013754,2013-01-29,TMAX,239
USC00314684,2008-03-15,TMAX,228
USW00013754,2009-08-02,TMAX,294
USW00093743,2009-07-04,TMAX,300
USW00093743,2009-07-04,TMIN,183
USW00013754,2013-01-29,TMIN,111
USC00310576,2007-12-27,TMAX,106
USC00310576,2007-12-27,TMIN,50
USW00093719,2011-01-22,TMAX,-6
USW00093719,2011-01-22,TMIN,-56
USC00317170,2008-03-04,TMAX,233
USC00310356,2014-10-17,TMAX,250
USC00310356,2014-10-17,TMIN,133
USC00314684,2012-02-02,TMIN,100
USW00093743,2013-11-11,TMAX,156
USW00093743,2013-11-11,TMIN,44
USC00314684,2014-08-24,TMAX,300
USC00314144,2008-02-10,TMIN,-11
USR0000NNWB,2010-11-09,TMAX,200
USC00314689,2011-05-14,TMAX,294
USC00314689,2011-05-14,TMIN,183
USC00314144,2008-02-10,TMAX,206
USC00314144,2008-12-01,TMIN,11
USC00314144,2008-12-01,TMAX,139
USW00093765,2009-02-08,TMIN,78
USC00314144,2006-04-21,TMIN,106
USC00314684,2015-10-11,TMAX,200
USR0000NCRN,2013-10-27,TMIN,39
USR0000NCRN,2013-10-27,TMAX,194
USC00314144,2006-04-21,TMAX,272
USC00314684,2014-08-24,TMIN,206
USC00314689,2005-06-13,TMAX,311
USW00013754,2009-08-01,TMAX,311
USR0000NHOF,2011-03-19,TMAX,222
USR0000NNWB,2012-04-12,TMIN,11
USR0000NNWB,2012-04-12,TMAX,183
USC00314689,2007-10-28,TMIN,117
USC00316676,2014-01-29,TMAX,0
USC00314684,2015-10-11,TMIN,128
USC00314689,2015-12-02,TMAX,222
USC00314689,2005-12-21,TMIN,-28
USR0000NCRN,2015-04-17,TMAX,244
USC00314689,2005-06-13,TMIN,233
USC00316096,2010-02-10,TMAX,94
USC00316096,2015-02-05,TMAX,122
USC00317170,2014-12-03,TMIN,89
USC00316096,2015-02-05,TMIN,-17
USC00314689,2015-01-05,TMIN,72
USC00310356,2009-01-04,TMAX,161
USR0000NCRN,2012-08-18,TMAX,300
USC00310356,2009-01-04,TMIN,0
USR0000NCRN,2013-09-13,TMAX,300
USC00316676,2010-07-24,TMIN,233
USR0000NNWB,2010-11-09,TMIN,33
USC00314689,2007-07-10,TMIN,256
USC00316096,2010-02-10,TMIN,6
USC00316676,2010-07-24,TMAX,344
USR0000NNWB,2015-06-12,TMIN,222
USR0000NCRN,2008-08-16,TMIN,206
USC00316676,2014-01-29,TMIN,-72
USC00310356,2005-11-30,TMIN,106
USR0000NNWB,2015-06-12,TMAX,322
USC00314689,2005-12-21,TMAX,83
USW00093765,2009-02-08,TMAX,156
USC00317170,2007-08-09,TMAX,383
USC00317170,2007-08-09,TMIN,272
USW00013754,2008-04-12,TMIN,178
USC00315830,2007-05-17,TMAX,250
USW00013754,2008-04-12,TMAX,261
USR0000NCRN,2009-06-14,TMIN,222
USC00315830,2007-05-17,TMIN,206
USC00310576,2010-01-29,TMAX,167
USR0000NCRN,2009-06-14,TMAX,311
USC00310576,2010-01-29,TMIN,6
USC00314684,2015-02-27,TMIN,-17
USW00093765,2010-12-09,TMAX,56
USW00093765,2010-12-09,TMIN,-32
USC00314689,2009-04-17,TMAX,200
USC00317170,2009-08-27,TMIN,222
USC00310356,2008-08-02,TMAX,300
USC00314689,2009-04-17,TMIN,17
USC00314684,2006-10-06,TMIN,172
USC00314684,2012-02-02,TMAX,222
USC00314684,2006-10-06,TMAX,306
USC00314689,2005-05-26,TMAX,256
USC00314689,2005-05-26,TMIN,128
USC00317170,2010-03-15,TMIN,56
USR0000NHOF,2008-04-27,TMIN,156
USW00093765,2007-01-05,TMAX,217
USC00314144,2010-02-04,TMAX,78
USR0000NHOF,2008-04-27,TMAX,256
USW00093719,2009-12-23,TMAX,122
USR0000NNWB,2005-02-28,TMIN,61
USC00314689,2015-12-02,TMIN,122
USW00013754,2008-05-13,TMAX,211
USW00013754,2009-08-01,TMIN,233
USC00310356,2015-03-23,TMIN,94
USW00013754,2008-05-13,TMIN,94
USR0000NNWB,2005-02-28,TMAX,117
USC00310356,2015-03-23,TMAX,172
USW00093765,2013-02-03,TMIN,11
USR0000NHOF,2008-10-05,TMAX,261
USW00093719,2014-06-13,TMAX,311
USW00093743,2013-10-20,TMIN,128
USR0000NHOF,2011-03-19,TMIN,61
USC00316676,2013-03-09,TMIN,33
USW00093719,2009-12-23,TMIN,-28
USW00093743,2013-10-20,TMAX,211
USW00093765,2013-02-03,TMAX,111
USR0000NHOF,2006-06-19,TMIN,144
USR0000NHOF,2006-06-19,TMAX,278
USC00314689,2005-02-02,TMIN,-17
USC00314144,2010-02-04,TMIN,-33
USC00316676,2013-03-09,TMAX,133
USC00315830,2010-05-26,TMAX,233
USC00310356,2006-03-22,TMAX,100
USC00310356,2006-03-22,TMIN,39
USC00314144,2009-01-05,TMAX,178
USW00093765,2012-02-04,TMIN,17
USW00093719,2007-09-02,TMIN,194
USC00314144,2008-03-14,TMAX,217
USC00310576,2013-05-23,TMIN,194
USC00310576,2013-05-23,TMAX,294
USC00310356,2013-11-11,TMIN,67
USC00314689,2012-02-19,TMIN,67
USR0000NCRN,2015-10-25,TMIN,106
USW00093743,2013-09-03,TMIN,228
USC00314144,2008-03-14,TMIN,78
USC00314684,2011-05-05,TMAX,206
USC00310356,2013-11-11,TMAX,189
USR0000NHOF,2008-10-05,TMIN,61
USW00093765,2012-02-04,TMAX,183
USC00310356,2014-07-17,TMAX,300
USC00315830,2014-07-26,TMIN,228
USC00314689,2010-02-15,TMIN,0
USW00093743,2013-09-03,TMAX,300
USC00316676,2015-05-04,TMAX,256
USC00315830,2014-07-26,TMAX,294
USC00314144,2009-01-05,TMIN,139
USC00314689,2010-02-15,TMAX,128
USC00314689,2012-02-19,TMAX,189
USC00314684,2010-04-04,TMAX,261
USR0000NCRN,2011-12-25,TMIN,6
USC00316676,2012-01-14,TMAX,89
USC00315830,2006-12-06,TMIN,-22
USC00310576,2011-01-23,TMAX,11
USC00316676,2012-01-14,TMIN,-17
USW00093719,2007-11-09,TMIN,28
USC00315830,2006-12-06,TMAX,178
USC00315830,2007-03-06,TMIN,56
USR0000NCRN,2006-02-24,TMAX,261
USC00315830,2005-01-23,TMIN,-39
USC00314689,2007-06-19,TMIN,217
USC00315830,2005-01-23,TMAX,150
USC00314684,2010-04-04,TMIN,106
USR0000NCRN,2006-02-24,TMIN,0
USW00093743,2008-11-15,TMAX,233
USW00093743,2008-11-15,TMIN,139
USW00013754,2010-09-05,TMIN,167
USR0000NCRN,2013-10-20,TMIN,111
USC00314689,2007-06-19,TMAX,350
USR0000NCRN,2013-10-20,TMAX,200
USW00013754,2009-03-28,TMIN,144
USW00013754,2009-03-28,TMAX,233
USC00316676,2014-08-29,TMIN,178
USC00316676,2014-08-29,TMAX,317
USC00317170,2014-03-17,TMAX,100
USC00315830,2009-03-26,TMAX,178
USC00315830,2009-03-26,TMIN,28
USR0000NHOF,2006-11-18,TMIN,-6
USR0000NHOF,2006-11-18,TMAX,139
USW00093765,2010-03-15,TMIN,83
USW00093765,2010-03-15,TMAX,167
USC00310576,2009-10-02,TMAX,250
USW00013754,2014-05-24,TMAX,272
USC00310576,2009-10-02,TMIN,94
USW00013754,2010-09-05,TMAX,294
USC00314689,2014-08-24,TMAX,300
USC00314689,2014-08-24,TMIN,206
USC00315830,2005-04-25,TMAX,167
USC00315830,2005-04-25,TMIN,50
USC00314684,2005-02-17,TMAX,206
USR0000NNWB,2012-11-03,TMIN,17
USR0000NNWB,2012-11-03,TMAX,156
USC00315830,2008-08-15,TMIN,178
USR0000NHOF,2005-11-30,TMAX,200
USC00316096,2009-11-08,TMIN,39
USW00013754,2014-05-24,TMIN,150
USC00314144,2007-02-26,TMIN,50
USC00310576,2011-11-13,TMAX,178
USC00310576,2009-02-22,TMAX,128
USR0000NNWB,2012-08-22,TMIN,211
USR0000NNWB,2007-06-02,TMIN,172
USR0000NNWB,2007-06-02,TMAX,272
USC00317170,2014-03-17,TMIN,33
USW00013754,2009-11-02,TMAX,144
USW00093765,2010-09-11,TMIN,189
USW00093765,2010-09-11,TMAX,256
USW00013754,2009-11-02,TMIN,128
USC00310356,2013-09-03,TMIN,222
USC00310576,2009-02-22,TMIN,-22
USC00310356,2013-09-03,TMAX,289
USC00315830,2007-03-06,TMAX,139
USC00310576,2011-08-20,TMAX,322
USW00013754,2009-09-26,TMAX,233
USW00013754,2009-09-26,TMIN,200
USC00310356,2014-07-17,TMIN,206
USR0000NCRN,2015-10-25,TMAX,256
USC00314689,2014-10-26,TMIN,117
USC00314689,2014-10-26,TMAX,261
USC00310576,2014-03-25,TMIN,22
USC00310576,2014-03-25,TMAX,106
USC00316676,2015-05-04,TMIN,100
USC00310576,2011-08-20,TMIN,194
USW00093719,2015-09-05,TMAX,306
USC00317170,2014-12-03,TMAX,206
USR0000NCRN,2011-12-25,TMAX,161
USC00310576,2011-01-23,TMIN,-72
USW00093765,2014-03-17,TMIN,44
USC00314689,2013-01-23,TMIN,-61
USR0000NCRN,2008-08-16,TMAX,294
USC00314684,2005-08-25,TMAX,300
USC00317170,2010-08-14,TMIN,228
USC00317170,2010-08-14,TMAX,311
USC00314689,2015-04-06,TMAX,244
USC00316676,2009-10-25,TMIN,156
USC00315830,2015-06-19,TMAX,328
USC00314689,2006-10-04,TMAX,283
USC00316096,2014-08-24,TMAX,272
USC00314689,2006-10-04,TMIN,139
USC00316676,2009-10-25,TMAX,278
USC00316096,2014-08-24,TMIN,200
USR0000NNWB,2013-01-29,TMAX,233
USW00093765,2012-03-29,TMIN,172
USW00093765,2012-03-29,TMAX,294
USC00314689,2008-12-19,TMIN,117
USW00093719,2007-09-02,TMAX,278
USC00314689,2008-12-19,TMAX,222
USR0000NNWB,2013-01-29,TMIN,106
USW00093765,2014-03-17,TMAX,94
USC00310576,2007-11-27,TMAX,217
USC00314684,2005-08-25,TMIN,183
USC00315830,2014-04-02,TMAX,206
USC00316096,2013-06-07,TMAX,278
USC00315830,2010-05-26,TMIN,206
USC00316096,2013-06-07,TMIN,228
USR0000NCRN,2008-08-20,TMAX,328
USC00314689,2007-10-11,TMAX,283
USC00315830,2009-03-14,TMIN,61
USR0000NCRN,2012-06-24,TMIN,194
USW00093719,2007-07-26,TMIN,206
USC00314689,2010-06-20,TMIN,233
USW00093719,2007-07-26,TMAX,311
USC00314689,2010-06-20,TMAX,344
USC00314689,2013-01-23,TMAX,44
USC00315830,2006-09-07,TMIN,189
USR0000NCRN,2007-02-22,TMIN,100
USC00315830,2006-09-07,TMAX,267
USC00314689,2013-06-07,TMAX,272
USC00314689,2013-06-07,TMIN,217
USW00013754,2007-09-28,TMIN,194
USC00314684,2005-05-16,TMAX,322
USC00310356,2008-11-15,TMAX,244
USC00310356,2008-11-15,TMIN,194
USC00315830,2014-04-02,TMIN,128
USC00310356,2005-05-19,TMIN,161
USC00310356,2005-05-19,TMAX,256
USR0000NCRN,2011-04-14,TMAX,211
USC00315830,2008-05-20,TMAX,256
USW00093719,2007-11-09,TMAX,144
USR0000NCRN,2015-09-08,TMAX,300
USC00314684,2007-09-30,TMAX,261
USR0000NCRN,2010-06-01,TMAX,267
USC00317170,2011-06-08,TMIN,228
USC00317170,2011-06-08,TMAX,356
USR0000NCRN,2010-06-01,TMIN,228
USR0000NHOF,2006-03-22,TMAX,111
USC00315830,2008-05-20,TMIN,200
USR0000NHOF,2006-03-22,TMIN,-44
USW00093743,2009-04-25,TMAX,250
USC00315830,2011-03-02,TMAX,172
USC00314689,2015-04-06,TMIN,78
USW00093765,2011-06-22,TMAX,311
USW00093765,2011-06-22,TMIN,239
USC00316096,2009-11-08,TMAX,222
USC00314684,2015-12-29,TMIN,133
USC00314684,2015-12-29,TMAX,217
USC00315830,2011-03-02,TMIN,17
USC00310356,2009-04-25,TMIN,178
USW00093719,2010-09-19,TMAX,289
USC00314684,2007-09-30,TMIN,94
USW00093765,2014-02-02,TMIN,72
USC00314689,2009-10-21,TMIN,44
USR0000NCRN,2011-04-14,TMIN,89
USR0000NCRN,2009-01-08,TMIN,56
USR0000NCRN,2009-01-08,TMAX,144
USR0000NHOF,2008-08-02,TMAX,339
USC00310576,2007-11-27,TMIN,194
USC00315830,2015-06-19,TMIN,228
USC00317170,2011-04-04,TMAX,272
USC00316676,2008-02-08,TMAX,217
USC00316676,2008-02-08,TMIN,17
USC00317170,2011-04-04,TMIN,117
USC00310356,2009-04-25,TMAX,228
USR0000NHOF,2008-08-02,TMIN,211
USW00013754,2007-09-28,TMAX,306
USR0000NCRN,2015-09-08,TMIN,222
USW00093719,2010-09-19,TMIN,167
USW00093743,2009-04-25,TMIN,178
USC00310576,2009-06-20,TMIN,233
USC00310576,2009-04-15,TMIN,144
USC00317170,2008-01-28,TMIN,-6
USW00093765,2014-02-02,TMAX,139
USC00310576,2009-06-20,TMAX,317
USC00314684,2011-05-05,TMIN,67
USC00310576,2009-04-15,TMAX,211
USR0000NCRN,2013-09-13,TMIN,206
USC00310356,2005-11-30,TMAX,200
USR0000NCRN,2015-04-17,TMIN,167
USW00093743,2012-10-31,TMAX,150
USC00314689,2012-06-30,TMIN,233
USC00314684,2015-03-26,TMAX,228
USC00314689,2015-12-29,TMAX,267
USC00316676,2010-05-10,TMAX,217
USW00093743,2012-10-31,TMIN,67
USC00316676,2010-05-10,TMIN,61
USC00316096,2013-01-14,TMAX,233
USC00314684,2006-07-24,TMIN,211
USC00314684,2006-07-24,TMAX,311
USC00316096,2013-01-14,TMIN,111
USR0000NNWB,2006-10-28,TMIN,117
USR0000NNWB,2006-10-28,TMAX,228
USC00310356,2007-10-17,TMIN,161
USR0000NCRN,2005-01-16,TMIN,33
USC00314144,2006-08-13,TMAX,300
USR0000NNWB,2012-09-17,TMIN,194
USC00314144,2006-08-13,TMIN,156
USW00093719,2013-06-07,TMAX,294
USR0000NNWB,2012-09-17,TMAX,294
USC00317170,2012-02-04,TMIN,0
USR0000NCRN,2005-10-06,TMIN,217
USC00315830,2005-03-06,TMIN,-6
USC00315830,2006-06-04,TMAX,272
USC00317170,2015-11-04,TMAX,228
USW00093743,2014-06-18,TMAX,294
USC00316096,2013-05-11,TMAX,261
USC00316096,2013-05-11,TMIN,200
USW00093743,2014-06-18,TMIN,233
USC00314684,2007-08-01,TMIN,178
USC00314684,2007-08-01,TMAX,322
USR0000NNWB,2008-10-27,TMIN,33
USR0000NNWB,2008-10-27,TMAX,233
USW00093765,2008-11-16,TMIN,56
USW00093765,2008-11-16,TMAX,144
USC00310576,2012-05-25,TMIN,183
USC00314684,2015-03-26,TMIN,56
USC00314684,2015-08-18,TMIN,206
USC00310576,2012-05-25,TMAX,294
USR0000NCRN,2005-10-06,TMAX,278
USC00310576,2007-06-11,TMIN,144
USC00314689,2015-12-29,TMIN,128
USC00315830,2011-08-26,TMAX,317
USC00316676,2014-10-26,TMIN,67
USC00314689,2012-06-30,TMAX,383
USC00316676,2014-10-26,TMAX,233
USC00315830,2006-06-04,TMIN,156
USW00093719,2013-06-07,TMIN,222
USR0000NCRN,2005-01-16,TMAX,61
USC00317170,2012-02-04,TMAX,200
USC00316676,2006-10-24,TMAX,172
USW00093719,2011-12-14,TMIN,11
USC00314684,2015-08-18,TMAX,339
USR0000NHOF,2010-04-02,TMIN,50
USC00317170,2010-04-19,TMIN,72
USC00316676,2006-10-24,TMIN,28
USW00093719,2011-07-31,TMAX,361
USR0000NHOF,2010-04-02,TMAX,267
USC00310576,2005-08-30,TMAX,311
USC00310576,2005-08-30,TMIN,222
USR0000NHOF,2010-05-29,TMIN,150
USC00314689,2013-05-11,TMAX,311
USC00314689,2013-05-11,TMIN,200
USR0000NHOF,2010-05-29,TMAX,267
USR0000NNWB,2015-09-10,TMIN,233
USC00317170,2010-04-19,TMAX,206
USR0000NNWB,2012-07-02,TMIN,206
USC00314689,2011-11-21,TMAX,239
USR0000NNWB,2015-09-10,TMAX,333
USC00310576,2011-11-17,TMIN,189
USR0000NCRN,2012-09-30,TMIN,172
USR0000NNWB,2012-07-02,TMAX,322
USR0000NCRN,2007-12-31,TMAX,172
USW00093719,2015-06-12,TMAX,328
USR0000NCRN,2007-12-31,TMIN,39
USC00315830,2005-03-06,TMAX,122
USC00314144,2005-06-02,TMAX,267
USR0000NHOF,2014-06-18,TMAX,356
USR0000NHOF,2014-06-18,TMIN,217
USC00316676,2012-09-23,TMAX,272
USW00093719,2006-12-05,TMAX,122
USC00310356,2007-10-17,TMAX,228
USC00314684,2010-02-10,TMAX,39
USC00314684,2010-02-10,TMIN,-22
USC00316676,2012-09-23,TMIN,150
USC00314144,2007-09-15,TMAX,283
USW00093765,2014-08-17,TMAX,306
USR0000NCRN,2006-12-17,TMAX,206
USW00093765,2015-11-09,TMAX,222
USW00093765,2015-11-09,TMIN,150
USW00093719,2012-04-12,TMIN,28
USW00093719,2012-04-12,TMAX,172
USW00093719,2006-12-05,TMIN,-11
USR0000NNWB,2008-10-15,TMIN,128
USR0000NNWB,2008-10-15,TMAX,311
USW00093719,2015-06-12,TMIN,222
USC00314144,2007-12-06,TMIN,-28
USR0000NCRN,2006-12-17,TMIN,6
USW00093719,2009-01-06,TMAX,228
USC00310576,2007-06-11,TMAX,278
USC00314689,2006-12-07,TMIN,94
USC00316096,2015-04-06,TMIN,83
USR0000NHOF,2007-05-01,TMAX,328
USC00314684,2005-08-03,TMIN,189
USR0000NNWB,2007-01-11,TMAX,117
USC00314684,2005-08-03,TMAX,311
USW00093719,2006-04-11,TMAX,217
USW00093719,2006-04-11,TMIN,28
USC00315830,2015-08-28,TMIN,222
USC00314684,2010-08-14,TMIN,217
USC00314684,2010-08-14,TMAX,322
USW00093743,2011-01-10,TMIN,-32
USC00316676,2006-11-03,TMIN,61
USW00093765,2005-06-21,TMAX,250
USC00316096,2012-11-28,TMIN,-22
USR0000NCRN,2009-07-04,TMAX,294
USR0000NCRN,2009-07-04,TMIN,244
USC00316096,2012-11-28,TMAX,106
USC00315830,2015-08-28,TMAX,278
USC00315830,2014-03-25,TMIN,28
USC00316676,2006-11-03,TMAX,217
USC00315830,2014-03-25,TMAX,111
USC00314144,2010-05-01,TMIN,178
USR0000NHOF,2007-05-01,TMIN,150
USC00314689,2007-05-27,TMIN,156
USC00314144,2010-05-01,TMAX,283
USW00093719,2005-07-15,TMAX,322
USC00316096,2011-11-21,TMAX,233
USC00316676,2008-11-25,TMAX,161
USW00093719,2014-02-02,TMAX,200
USR0000NNWB,2014-03-17,TMAX,56
USR0000NNWB,2014-03-17,TMIN,22
USW00013754,2005-08-23,TMIN,272
USC00316676,2008-11-25,TMIN,6
USC00315830,2011-05-25,TMIN,200
USC00316096,2011-11-21,TMIN,133
USW00013754,2013-06-07,TMAX,283
USW00013754,2013-06-07,TMIN,222
USW00093719,2014-02-02,TMIN,61
USC00310356,2006-02-07,TMIN,-6
USC00310356,2006-02-07,TMAX,94
USW00013754,2015-11-08,TMAX,194
USR0000NHOF,2010-12-09,TMAX,56
USW00013754,2007-11-23,TMAX,178
USC00316096,2011-07-30,TMAX,383
USW00013754,2007-11-23,TMIN,44
USC00314689,2007-05-27,TMAX,306
USR0000NNWB,2007-01-11,TMIN,-39
USC00316676,2011-07-20,TMIN,206
USC00310356,2012-10-31,TMAX,139
USC00314684,2008-01-16,TMAX,89
USR0000NCRN,2007-12-09,TMAX,233
USR0000NNWB,2013-06-07,TMAX,283
USC00317170,2015-11-04,TMIN,156
USR0000NNWB,2013-06-07,TMIN,217
USW00013754,2009-10-23,TMIN,117
USC00317170,2012-12-15,TMAX,139
USW00013754,2009-10-23,TMAX,261
USC00316676,2010-03-12,TMAX,200
USC00317170,2012-12-15,TMIN,6
USC00316676,2010-03-12,TMIN,139
USC00316676,2008-07-04,TMIN,172
USC00314689,2008-05-23,TMIN,122
USC00314689,2008-05-23,TMAX,261
USW00013754,2008-08-21,TMIN,222
USW00013754,2008-08-21,TMAX,294
USC00316676,2008-07-04,TMAX,317
USC00310356,2014-06-18,TMAX,289
USC00310356,2014-06-18,TMIN,239
USC00314144,2011-07-11,TMIN,233
USC00314144,2011-07-11,TMAX,322
USC00314689,2006-12-07,TMAX,178
USR0000NHOF,2009-02-27,TMIN,11
USW00013754,2011-01-27,TMAX,111
USW00013754,2011-01-27,TMIN,-5
USW00093719,2011-04-17,TMIN,72
USW00093719,2008-11-19,TMIN,-17
USC00316676,2011-07-20,TMAX,356
USC00314684,2008-01-16,TMIN,-44
USW00093719,2008-11-19,TMAX,56
USR0000NNWB,2007-07-14,TMAX,317
USR0000NNWB,2007-07-14,TMIN,194
USW00093719,2009-04-16,TMIN,50
USW00093719,2009-04-16,TMAX,167
USC00314684,2006-06-12,TMAX,317
USR0000NCRN,2007-12-09,TMIN,83
USC00315830,2011-08-26,TMIN,244
USC00314684,2006-06-12,TMIN,194
USC00314684,2009-05-24,TMAX,283
USC00314684,2009-05-24,TMIN,178
USW00093765,2005-06-21,TMIN,156
USR0000NCRN,2013-06-21,TMIN,189
USC00315830,2012-02-20,TMAX,111
USR0000NCRN,2013-06-21,TMAX,278
USW00093719,2011-04-17,TMAX,222
USC00314684,2015-10-08,TMIN,100
USR0000NHOF,2009-02-27,TMAX,194
USC00314684,2015-10-08,TMAX,256
USC00310356,2012-10-31,TMIN,83
USC00314144,2005-07-05,TMAX,339
USR0000NCRN,2012-09-30,TMAX,244
USC00310576,2011-11-17,TMAX,256
USW00093719,2015-06-06,TMAX,294
USC00315830,2013-12-06,TMIN,150
USC00315830,2013-12-06,TMAX,228
USW00093719,2015-06-06,TMIN,167
USC00317170,2007-09-05,TMIN,183
USC00317170,2007-09-05,TMAX,328
USC00316676,2011-01-13,TMIN,-33
USC00314144,2009-09-05,TMAX,294
USW00093719,2010-08-18,TMIN,228
USR0000NCRN,2005-08-12,TMIN,233
USR0000NNWB,2015-06-24,TMIN,244
USC00310356,2010-04-02,TMIN,117
USC00316096,2015-10-13,TMIN,144
USC00310356,2010-04-02,TMAX,222
USW00093719,2010-08-18,TMAX,344
USR0000NCRN,2005-08-12,TMAX,333
USC00316676,2009-12-27,TMAX,106
USR0000NNWB,2015-06-24,TMAX,344
USC00316676,2009-12-27,TMIN,39
USW00013754,2012-09-17,TMIN,200
USC00315830,2008-11-06,TMIN,133
USW00093765,2013-06-07,TMIN,233
USW00093765,2015-01-09,TMAX,89
USW00093765,2013-06-07,TMAX,278
USR0000NHOF,2005-05-19,TMIN,89
USW00013754,2007-01-11,TMIN,-38
USC00316096,2009-10-21,TMAX,217
USW00013754,2007-01-11,TMAX,106
USC00316676,2009-04-02,TMIN,128
USC00316676,2009-04-02,TMAX,183
USC00310356,2008-04-27,TMAX,222
USW00093743,2010-04-02,TMAX,217
USC00310356,2008-04-27,TMIN,139
USR0000NCRN,2008-08-30,TMIN,222
USC00316096,2009-10-21,TMIN,33
USC00314684,2008-01-21,TMIN,-78
USC00314689,2005-11-09,TMIN,139
USC00314689,2006-06-12,TMAX,311
USR0000NCRN,2008-08-30,TMAX,322
USC00314689,2006-06-12,TMIN,206
USC00314684,2008-01-21,TMAX,28
USC00316676,2011-01-13,TMAX,50
USC00314689,2005-11-09,TMAX,267
USC00314144,2009-09-05,TMIN,139
USR0000NNWB,2005-04-21,TMIN,167
USC00315830,2015-04-11,TMIN,183
USR0000NNWB,2005-04-21,TMAX,311
USW00013754,2012-09-17,TMAX,283
USW00013754,2010-12-13,TMIN,-32
USW00013754,2005-09-04,TMIN,200
USW00093765,2012-07-30,TMAX,294
USW00093719,2010-08-24,TMIN,217
USW00093719,2010-08-24,TMAX,289
USC00314684,2011-12-26,TMIN,11
USC00314144,2006-09-22,TMAX,272
USC00314684,2010-06-28,TMAX,344
USC00317170,2014-12-29,TMAX,156
USC00314684,2011-12-26,TMAX,139
USC00314144,2006-09-22,TMIN,106
USC00314684,2010-06-28,TMIN,206
USR0000NNWB,2007-11-10,TMAX,117
USC00314689,2007-10-28,TMAX,217
USR0000NNWB,2007-11-10,TMIN,17
USC00310576,2006-11-28,TMIN,72
USR0000NCRN,2010-03-18,TMAX,111
USR0000NHOF,2015-03-23,TMIN,28
USR0000NHOF,2015-03-23,TMAX,122
USC00317170,2014-12-29,TMIN,89
USR0000NCRN,2010-03-18,TMIN,67
USC00314144,2007-06-22,TMIN,156
USC00314144,2007-06-22,TMAX,328
USW00093765,2012-07-30,TMIN,239
USC00310576,2010-08-11,TMIN,228
USC00310576,2010-08-11,TMAX,361
USC00314689,2005-02-02,TMAX,106
USC00310576,2006-11-28,TMAX,211
USW00093765,2015-01-09,TMIN,-60
USW00013754,2005-09-04,TMAX,300
USR0000NHOF,2011-08-24,TMAX,294
USC00310356,2005-01-24,TMAX,-11
USR0000NCRN,2010-11-13,TMIN,11
USR0000NHOF,2005-05-19,TMAX,244
USC00315830,2008-11-06,TMAX,233
USC00310356,2005-01-24,TMIN,-67
USC00316676,2007-12-07,TMIN,-6
USC00315830,2011-05-14,TMAX,267
USC00316096,2015-10-13,TMAX,250
USR0000NHOF,2011-08-24,TMIN,161
USC00317170,2013-06-07,TMAX,278
USW00013754,2010-12-13,TMAX,56
USC00317170,2013-06-07,TMIN,222
USR0000NCRN,2012-08-18,TMIN,222
USC00314689,2015-01-05,TMAX,239
USW00093743,2008-04-27,TMAX,233
USW00093743,2008-04-27,TMIN,172
USC00314689,2011-02-03,TMAX,244
USC00314689,2011-02-03,TMIN,22
USC00316676,2007-12-07,TMAX,67
USW00093719,2014-03-17,TMAX,72
USW00093743,2010-04-02,TMIN,100
USC00315830,2013-05-23,TMIN,211
USC00310576,2010-10-14,TMAX,278
USC00316676,2005-04-03,TMIN,78
USR0000NCRN,2007-04-08,TMIN,-22
USC00310576,2013-09-03,TMIN,228
USW00093743,2010-05-29,TMAX,267
USC00316676,2013-08-26,TMAX,267
USC00310576,2013-09-03,TMAX,322
USC00316676,2013-08-26,TMIN,144
USW00013754,2005-04-28,TMIN,100
USW00013754,2005-04-28,TMAX,211
USC00314144,2006-02-24,TMAX,167
USC00314144,2007-12-06,TMAX,72
USW00093765,2010-11-13,TMAX,189
USW00093743,2011-08-24,TMAX,294
USC00314144,2006-02-24,TMIN,-11
USC00317170,2013-02-03,TMIN,11
USW00093719,2014-03-17,TMIN,33
USC00317170,2013-02-03,TMAX,106
USC00314684,2008-12-01,TMIN,72
USW00093743,2011-08-24,TMIN,217
USC00314684,2008-12-01,TMAX,178
USW00093743,2010-05-29,TMIN,217
USC00315830,2013-03-04,TMIN,6
USC00310576,2010-10-14,TMIN,150
USC00316676,2009-09-13,TMAX,289
USC00316096,2015-08-26,TMAX,294
USC00310356,2011-08-24,TMAX,317
USC00316676,2012-07-15,TMAX,311
USC00314689,2011-11-21,TMIN,167
USC00316676,2012-07-15,TMIN,211
USW00093719,2009-01-06,TMIN,128
USW00093719,2011-12-14,TMAX,144
USC00310356,2011-08-24,TMIN,233
USC00314689,2013-11-05,TMAX,189
USC00315830,2005-01-02,TMAX,206
USC00315830,2005-01-02,TMIN,56
USC00315830,2013-12-10,TMAX,161
USW00093719,2011-07-31,TMIN,228
USC00315830,2005-10-22,TMIN,189
USW00093765,2014-08-17,TMIN,250
USW00093765,2005-01-17,TMIN,-28
USW00093765,2005-01-17,TMAX,44
USC00315830,2005-10-22,TMAX,261
USC00316676,2007-10-30,TMIN,39
USR0000NCRN,2007-04-08,TMAX,128
USC00314144,2005-06-02,TMIN,150
USC00316676,2009-09-13,TMIN,150
USC00315830,2013-03-04,TMAX,172
USW00093743,2011-01-10,TMAX,0
USC00314144,2009-06-18,TMAX,278
USC00317170,2008-06-21,TMAX,261
USW00093719,2012-11-03,TMIN,22
USC00315830,2011-05-14,TMIN,183
USC00310576,2014-07-06,TMAX,283
USC00310576,2014-07-06,TMIN,144
USW00093719,2013-03-01,TMAX,139
USW00093719,2013-03-01,TMIN,22
USR0000NCRN,2010-02-04,TMAX,72
USC00316676,2011-02-13,TMAX,139
USC00317170,2008-06-21,TMIN,178
USC00316676,2011-02-13,TMIN,-28
USC00314684,2007-07-04,TMAX,272
USW00093765,2010-11-13,TMIN,44
USW00093719,2012-11-03,TMAX,150
USW00093765,2010-06-23,TMAX,322
USW00013754,2007-11-02,TMIN,122
USC00315830,2015-04-11,TMAX,233
USC00310356,2010-05-29,TMIN,211
USC00316676,2007-10-30,TMAX,167
USC00310356,2010-05-29,TMAX,300
USW00093765,2010-06-23,TMIN,250
USW00013754,2007-11-02,TMAX,183
USC00314684,2007-07-04,TMIN,156
USW00093765,2007-03-02,TMIN,117
USW00093765,2014-12-01,TMAX,183
USC00316676,2005-04-03,TMAX,217
USC00314144,2009-06-18,TMIN,206
USW00093765,2014-12-01,TMIN,100
USR0000NCRN,2014-10-17,TMAX,233
USC00316096,2015-12-29,TMIN,172
USR0000NCRN,2014-10-17,TMIN,117
USC00316096,2013-01-23,TMAX,50
USC00316096,2015-12-29,TMAX,239
USC00316096,2015-08-26,TMIN,206
USC00314689,2013-11-05,TMIN,56
USC00315830,2013-05-23,TMAX,278
USC00316096,2013-01-23,TMIN,-50
USC00310576,2012-06-21,TMIN,206
USC00310576,2012-06-21,TMAX,328
USR0000NCRN,2010-02-04,TMIN,-17
USW00093765,2009-01-16,TMAX,-5
USR0000NCRN,2010-11-13,TMAX,189
USW00093719,2009-03-15,TMIN,72
USC00310356,2015-01-19,TMIN,56
USW00093765,2007-03-02,TMAX,211
USC00310356,2015-01-19,TMAX,150
USW00093719,2009-03-15,TMAX,122
USW00093765,2009-01-16,TMIN,-55
USC00315830,2008-08-15,TMAX,294
USW00093765,2007-09-03,TMIN,211
USW00093743,2009-11-17,TMAX,200
USR0000NHOF,2010-09-19,TMAX,294
USC00315830,2007-04-26,TMAX,250
USC00316096,2015-01-16,TMAX,122
USC00316096,2013-11-08,TMIN,6
USC00316676,2015-06-12,TMIN,206
USC00316676,2015-06-12,TMAX,317
USC00316096,2015-01-05,TMAX,172
USC00315830,2007-04-26,TMIN,178
USR0000NNWB,2009-06-10,TMAX,306
USC00316676,2008-11-07,TMAX,233
USR0000NHOF,2010-10-18,TMIN,89
USR0000NHOF,2010-10-18,TMAX,250
USC00316676,2009-07-03,TMAX,339
USC00316676,2009-07-03,TMIN,211
USR0000NNWB,2011-06-25,TMIN,244
USC00314689,2014-03-25,TMIN,17
USC00315830,2011-04-19,TMAX,239
USC00314689,2014-03-25,TMAX,94
USC00314684,2012-03-12,TMIN,-6
USW00093719,2012-12-15,TMIN,6
USR0000NNWB,2011-06-25,TMAX,344
USW00093719,2012-12-15,TMAX,150
USW00013754,2010-09-16,TMIN,178
USW00013754,2013-06-21,TMAX,294
USW00013754,2013-06-21,TMIN,194
USW00093719,2015-11-09,TMAX,222
USW00093719,2015-11-09,TMIN,122
USC00317170,2007-10-14,TMAX,261
USW00013754,2011-01-22,TMAX,11
USC00315830,2005-06-17,TMAX,306
USW00093719,2005-01-04,TMIN,111
USW00093719,2005-01-04,TMAX,239
USR0000NCRN,2008-01-07,TMAX,222
USR0000NCRN,2008-01-07,TMIN,56
USC00314689,2014-10-16,TMAX,222
USC00314689,2014-10-16,TMIN,128
USW00013754,2011-01-22,TMIN,-66
USC00316096,2013-11-08,TMAX,133
USC00316676,2008-11-07,TMIN,106
USC00315830,2011-04-19,TMIN,133
USW00093765,2013-12-06,TMIN,183
USC00314689,2008-04-16,TMAX,178
USC00314689,2008-04-16,TMIN,22
USW00013754,2006-12-01,TMIN,189
USC00310576,2006-03-18,TMAX,139
USW00013754,2006-12-01,TMAX,239
USC00310356,2005-06-22,TMIN,172
USC00315830,2007-09-29,TMIN,183
USC00316096,2015-01-05,TMIN,-6
USW00093719,2011-04-06,TMIN,11
USW00093719,2013-10-20,TMAX,211
USC00316676,2015-09-04,TMIN,206
USC00314689,2012-11-03,TMAX,178
USW00093719,2014-01-03,TMIN,-21
USC00315830,2011-10-10,TMAX,256
USC00310576,2009-02-24,TMAX,83
USC00310576,2009-04-25,TMIN,89
USC00314684,2014-12-04,TMAX,172
USC00316676,2012-05-20,TMAX,244
USC00310576,2009-04-25,TMAX,272
USR0000NCRN,2015-08-12,TMAX,300
USW00093719,2011-04-06,TMAX,194
USC00310356,2014-08-20,TMIN,233
USC00314689,2008-03-25,TMAX,139
USC00316676,2012-05-20,TMIN,111
USW00093719,2014-01-03,TMAX,111
USC00310576,2015-04-14,TMAX,244
USW00093765,2013-01-15,TMAX,194
USW00013754,2008-08-03,TMIN,211
USW00013754,2008-08-03,TMAX,317
USC00310576,2013-12-10,TMIN,72
USW00093719,2013-10-20,TMIN,122
USC00314684,2012-03-12,TMAX,172
USC00314689,2012-11-03,TMIN,11
USR0000NNWB,2009-06-10,TMIN,183
USC00310356,2005-06-22,TMAX,244
USC00314689,2006-06-04,TMIN,150
USC00314684,2011-05-17,TMIN,128
USC00317170,2012-11-25,TMIN,-28
USC00310576,2006-03-18,TMIN,6
USR0000NNWB,2013-03-09,TMAX,172
USC00317170,2012-11-25,TMAX,106
USC00310576,2009-02-24,TMIN,-22
USC00310576,2011-06-20,TMIN,206
USC00310576,2011-06-20,TMAX,350
USW00093765,2013-01-15,TMIN,111
USW00093719,2015-11-20,TMAX,194
USR0000NCRN,2005-07-03,TMAX,344
USC00314684,2011-05-17,TMAX,267
USC00310576,2013-12-10,TMAX,211
USR0000NNWB,2013-03-09,TMIN,22
USC00314689,2006-06-04,TMAX,278
USR0000NCRN,2005-07-03,TMIN,217
USC00314684,2014-12-04,TMIN,78
USW00093765,2014-11-08,TMIN,56
USW00093765,2014-11-08,TMAX,172
USC00315830,2011-10-10,TMIN,139
USC00316096,2015-01-16,TMIN,-6
USC00315830,2005-06-17,TMIN,200
USC00310356,2011-07-11,TMAX,306
USC00316676,2007-01-08,TMAX,217
USW00093765,2006-10-04,TMIN,144
USC00316676,2007-01-08,TMIN,72
USC00315830,2010-03-19,TMAX,217
USC00317170,2007-11-21,TMAX,211
USR0000NCRN,2009-09-03,TMIN,239
USR0000NNWB,2013-06-21,TMIN,183
USR0000NNWB,2013-06-21,TMAX,300
USC00314684,2013-08-26,TMAX,267
USC00314689,2006-10-28,TMAX,222
USC00314144,2008-08-02,TMAX,339
USW00093765,2012-12-24,TMAX,161
USW00093765,2007-09-13,TMAX,278
USR0000NHOF,2014-05-08,TMAX,339
USC00314144,2008-08-02,TMIN,211
USC00316096,2015-06-24,TMIN,228
USC00316096,2015-06-24,TMAX,322
USC00316676,2010-07-22,TMAX,344
USC00316676,2010-07-22,TMIN,233
USC00314684,2010-09-10,TMAX,306
USC00317170,2012-07-29,TMIN,200
USC00316096,2010-04-19,TMAX,178
USW00093765,2013-09-03,TMIN,217
USC00316096,2010-04-19,TMIN,44
USR0000NHOF,2008-05-20,TMIN,111
USR0000NCRN,2011-05-26,TMAX,278
USR0000NHOF,2014-05-08,TMIN,156
USC00310576,2006-08-25,TMAX,294
USC00310576,2006-08-25,TMIN,178
USC00317170,2007-10-14,TMIN,78
USC00316096,2015-08-07,TMIN,222
USW00093765,2007-09-13,TMIN,228
USR0000NNWB,2015-02-05,TMAX,100
USR0000NNWB,2011-09-24,TMAX,228
USR0000NNWB,2015-02-05,TMIN,-22
USR0000NNWB,2011-09-24,TMIN,206
USR0000NHOF,2008-05-20,TMAX,306
USC00314689,2006-10-28,TMIN,144
USR0000NHOF,2011-12-17,TMIN,-28
USC00314689,2005-06-07,TMIN,189
USC00314689,2006-10-24,TMAX,156
USR0000NHOF,2011-12-17,TMAX,100
USR0000NNWB,2010-12-07,TMIN,-56
USC00314689,2006-10-24,TMIN,17
USC00315830,2010-03-19,TMIN,78
USW00093765,2012-12-24,TMIN,89
USW00093765,2006-10-04,TMAX,256
USW00093765,2013-09-03,TMAX,294
USW00093719,2010-11-09,TMIN,22
USC00315830,2006-06-12,TMAX,294
USW00093765,2009-05-08,TMAX,256
USW00093719,2011-11-21,TMAX,233
USW00093719,2011-11-21,TMIN,128
USC00314144,2010-04-21,TMIN,89
USC00310576,2006-11-18,TMAX,133
USC00316676,2006-07-24,TMIN,217
USC00316676,2006-07-24,TMAX,306
USC00314689,2005-11-21,TMAX,156
USC00310576,2005-10-29,TMIN,17
USR0000NNWB,2010-07-12,TMIN,217
USR0000NNWB,2010-07-12,TMAX,322
USC00310576,2005-10-29,TMAX,133
USW00093719,2015-12-07,TMIN,83
USR0000NCRN,2009-01-22,TMIN,-78
USW00093719,2015-12-07,TMAX,111
USR0000NCRN,2009-01-22,TMAX,94
USW00013754,2013-03-09,TMAX,172
USW00013754,2013-03-09,TMIN,22
USC00314689,2005-11-21,TMIN,117
USW00093765,2009-05-08,TMIN,183
USC00310356,2011-07-11,TMIN,233
USC00310576,2006-11-18,TMIN,39
USW00093743,2011-07-11,TMAX,300
USC00314144,2010-04-21,TMAX,183
USW00093765,2008-05-16,TMAX,250
USC00315830,2006-06-12,TMIN,211
USW00093765,2007-06-06,TMAX,300
USW00093765,2007-06-06,TMIN,200
USC00314684,2013-08-26,TMIN,122
USC00314684,2010-09-10,TMIN,122
USR0000NNWB,2012-09-23,TMAX,250
USR0000NNWB,2012-09-23,TMIN,161
USR0000NHOF,2006-02-05,TMAX,83
USC00315830,2014-08-24,TMAX,272
USC00315830,2014-08-24,TMIN,222
USR0000NCRN,2010-06-03,TMIN,222
USR0000NCRN,2009-09-03,TMAX,261
USW00093765,2010-07-09,TMIN,228
USR0000NNWB,2009-08-18,TMAX,333
USW00093765,2010-07-09,TMAX,328
USR0000NNWB,2010-12-13,TMIN,-33
USR0000NHOF,2006-02-05,TMIN,-6
USR0000NHOF,2007-07-09,TMAX,294
USR0000NNWB,2009-08-18,TMIN,233
USW00093719,2010-11-09,TMAX,189
USW00093743,2011-07-11,TMIN,228
USW00093765,2008-05-16,TMIN,200
USC00317170,2012-07-29,TMAX,322
USR0000NCRN,2010-06-03,TMAX,278
USC00314689,2008-03-25,TMIN,17
USW00013754,2010-09-16,TMAX,306
USC00315830,2014-02-02,TMIN,67
USC00314689,2008-12-15,TMAX,228
USW00093765,2012-08-22,TMIN,222
USW00093765,2010-10-12,TMIN,222
USW00093743,2009-05-14,TMAX,244
USW00093765,2012-08-22,TMAX,283
USC00314684,2015-05-04,TMAX,267
USC00317170,2010-06-28,TMAX,344
USC00317170,2010-06-28,TMIN,233
USW00013754,2012-11-22,TMAX,167
USR0000NHOF,2014-05-27,TMIN,189
USC00310356,2007-08-21,TMAX,317
USC00310576,2007-02-08,TMIN,-33
USC00310576,2007-02-08,TMAX,128
USR0000NHOF,2014-05-27,TMAX,317
USC00314684,2015-05-04,TMIN,83
USW00093743,2009-05-14,TMIN,200
USC00315830,2011-11-25,TMIN,17
USR0000NHOF,2005-08-12,TMIN,189
USC00315830,2011-11-25,TMAX,222
USC00315830,2012-01-21,TMAX,172
USC00310576,2011-06-01,TMAX,356
USC00315830,2012-02-22,TMAX,183
USC00310576,2011-06-01,TMIN,178
USC00314689,2008-12-15,TMIN,122
USC00310576,2015-02-09,TMIN,83
USW00093719,2012-09-23,TMAX,256
USW00013754,2008-11-27,TMAX,156
USW00093719,2012-09-23,TMIN,161
USC00310356,2009-05-14,TMAX,244
USR0000NHOF,2007-10-17,TMAX,267
USR0000NHOF,2006-08-16,TMIN,150
USW00093719,2014-07-18,TMIN,211
USW00093719,2014-07-18,TMAX,306
USC00310356,2009-05-14,TMIN,144
USR0000NHOF,2006-08-16,TMAX,311
USC00315830,2011-10-08,TMAX,244
USC00317170,2007-06-26,TMAX,333
USW00093719,2007-05-03,TMIN,144
USW00093765,2010-10-12,TMAX,267
USR0000NHOF,2012-08-18,TMAX,317
USW00093719,2007-05-03,TMAX,239
USR0000NHOF,2005-07-05,TMIN,206
USR0000NHOF,2005-07-05,TMAX,317
USC00315830,2014-02-02,TMAX,144
USC00315830,2011-10-08,TMIN,139
USC00310356,2007-08-21,TMIN,244
USW00093765,2012-02-02,TMAX,211
USW00013754,2012-11-22,TMIN,67
USC00315830,2012-02-22,TMIN,100
USC00310356,2006-08-16,TMIN,178
USC00314684,2015-06-24,TMAX,372
USC00316096,2012-09-17,TMIN,194
USC00316096,2012-09-17,TMAX,267
USC00310356,2006-08-16,TMAX,306
USC00317170,2007-09-03,TMAX,311
USC00314684,2006-06-04,TMIN,139
USC00315830,2008-03-12,TMIN,117
USC00314689,2005-03-01,TMIN,44
USC00315830,2008-03-12,TMAX,194
USW00093719,2007-07-01,TMAX,294
USC00314684,2006-06-04,TMAX,267
USC00315830,2010-08-28,TMIN,228
USC00315830,2010-08-28,TMAX,294
USR0000NCRN,2013-01-13,TMIN,128
USW00093719,2015-04-30,TMAX,161
USR0000NHOF,2007-02-13,TMIN,28
USR0000NHOF,2007-02-13,TMAX,211
USC00314684,2007-07-16,TMIN,211
USW00093765,2005-04-28,TMIN,106
USC00314684,2007-07-16,TMAX,322
USC00315830,2005-05-28,TMAX,244
USW00093743,2011-12-17,TMIN,-5
USR0000NCRN,2014-07-17,TMIN,189
USC00314684,2015-06-24,TMIN,250
USC00316676,2012-03-01,TMAX,244
USW00093743,2014-05-27,TMIN,211
USC00315830,2010-02-04,TMIN,6
USC00315830,2010-02-04,TMAX,133
USC00310576,2015-02-09,TMAX,217
USW00093743,2014-05-27,TMAX,267
USW00093765,2012-02-02,TMIN,61
USC00317170,2007-09-03,TMIN,189
USC00314684,2009-08-13,TMIN,217
USR0000NHOF,2005-08-12,TMAX,322
USW00013754,2008-11-27,TMIN,-32
USW00013754,2012-07-20,TMAX,317
USW00093719,2013-09-03,TMIN,217
USW00093719,2013-09-03,TMAX,317
USW00013754,2012-07-20,TMIN,233
USW00093765,2012-11-25,TMIN,-5
USC00315830,2005-05-28,TMIN,200
USR0000NCRN,2008-12-01,TMIN,56
USC00314684,2014-03-25,TMIN,6
USR0000NCRN,2008-12-01,TMAX,156
USC00315830,2012-01-21,TMIN,94
USC00314684,2014-03-25,TMAX,89
USC00314684,2009-08-13,TMAX,311
USR0000NCRN,2007-02-21,TMAX,156
USC00315830,2013-05-11,TMIN,206
USC00310576,2014-01-06,TMIN,89
USC00314684,2005-09-04,TMAX,317
USC00314689,2014-12-01,TMAX,222
USW00093765,2013-12-06,TMAX,228
USW00093719,2014-07-26,TMIN,222
USW00093719,2014-07-26,TMAX,322
USW00013754,2014-05-10,TMIN,217
USC00315830,2006-03-12,TMAX,228
USC00316676,2013-06-06,TMAX,272
USC00314144,2011-01-05,TMAX,89
USW00093719,2011-07-19,TMAX,361
USW00093719,2015-11-20,TMIN,78
USC00316676,2013-06-06,TMIN,189
USR0000NCRN,2014-01-10,TMIN,50
USW00093719,2011-07-19,TMIN,200
USW00093743,2011-03-09,TMAX,189
USW00093719,2010-04-29,TMAX,244
USC00315830,2006-03-12,TMIN,133
USC00314684,2013-01-14,TMAX,244
USW00093719,2012-06-17,TMAX,267
USC00315830,2014-06-15,TMIN,211
USC00314144,2011-01-05,TMIN,-44
USC00314684,2005-09-04,TMIN,156
USW00093719,2012-06-17,TMIN,156
USC00314689,2014-12-01,TMIN,83
USC00310576,2005-03-22,TMIN,61
USC00310576,2015-04-14,TMIN,94
USC00315830,2014-10-27,TMIN,83
USR0000NHOF,2007-10-17,TMIN,150
USC00316676,2015-09-04,TMAX,294
USC00310356,2014-08-20,TMAX,294
USC00317170,2007-11-21,TMIN,100
USR0000NCRN,2015-08-12,TMIN,211
USR0000NHOF,2014-08-30,TMIN,200
USR0000NHOF,2007-07-09,TMIN,194
USC00310356,2011-03-13,TMIN,94
USR0000NCRN,2014-07-10,TMIN,217
USR0000NHOF,2010-09-19,TMIN,139
USW00093743,2010-10-18,TMIN,111
USR0000NHOF,2014-08-30,TMAX,333
USC00310356,2011-03-13,TMAX,139
USR0000NCRN,2011-03-05,TMIN,67
USR0000NCRN,2014-07-10,TMAX,300
USW00013754,2014-05-10,TMAX,289
USC00314684,2005-08-09,TMIN,217
USC00314684,2005-08-09,TMAX,272
USR0000NCRN,2011-03-05,TMAX,194
USW00093743,2010-10-18,TMAX,239
USC00310356,2014-08-30,TMIN,233
USC00310356,2014-08-30,TMAX,294
USR0000NCRN,2014-01-10,TMAX,200
USR0000NCRN,2008-10-01,TMAX,261
USW00093765,2005-02-27,TMAX,100
USC00314144,2009-11-19,TMAX,239
USC00310576,2005-03-22,TMAX,150
USW00093765,2005-02-27,TMIN,22
USC00314689,2013-11-08,TMIN,44
USR0000NNWB,2013-03-04,TMIN,-22
USR0000NNWB,2013-03-04,TMAX,100
USC00316096,2009-12-27,TMAX,133
USC00316096,2009-12-27,TMIN,44
USC00316676,2006-03-21,TMAX,144
USC00316096,2012-11-03,TMIN,11
USC00316676,2006-03-21,TMIN,56
USC00314689,2012-09-17,TMIN,178
USC00314689,2012-09-17,TMAX,294
USC00316096,2012-11-03,TMAX,144
USR0000NHOF,2012-08-18,TMIN,217
USC00310576,2014-01-06,TMAX,200
USC00314144,2008-04-27,TMAX,256
USC00315830,2013-05-11,TMAX,272
USC00314144,2008-04-27,TMIN,156
USR0000NCRN,2008-10-01,TMIN,144
USC00314684,2010-06-27,TMAX,322
USC00310356,2010-10-18,TMAX,222
USC00310356,2010-10-18,TMIN,128
USC00316096,2014-03-25,TMIN,11
USC00314684,2013-01-14,TMIN,106
USW00093719,2010-04-29,TMIN,28
USC00316096,2014-03-25,TMAX,128
USW00093743,2011-03-09,TMIN,67
USC00316676,2015-04-05,TMIN,44
USW00093765,2008-11-26,TMIN,17
USR0000NCRN,2014-07-17,TMAX,294
USW00093765,2008-11-26,TMAX,106
USW00093719,2013-09-09,TMAX,311
USC00316676,2012-03-01,TMIN,106
USC00315830,2014-06-15,TMAX,289
USC00314684,2008-11-16,TMIN,67
USC00314684,2008-11-16,TMAX,256
USC00315830,2015-11-22,TMAX,183
USC00315830,2015-11-22,TMIN,111
USW00093719,2013-09-09,TMIN,194
USC00314684,2010-06-27,TMIN,222
USC00316676,2015-04-05,TMAX,222
USC00315830,2006-06-19,TMIN,200
USC00314689,2013-11-08,TMAX,222
USC00315830,2006-06-19,TMAX,272
USC00314144,2009-11-19,TMIN,167
USC00316096,2014-10-16,TMIN,122
USC00317170,2012-01-09,TMAX,106
USC00316096,2014-10-16,TMAX,228
USW00093719,2009-11-15,TMIN,83
USW00093719,2009-11-15,TMAX,211
USC00316676,2005-08-29,TMAX,311
USC00316676,2005-08-29,TMIN,228
USC00317170,2008-09-23,TMAX,250
USC00310356,2011-07-13,TMIN,261
USC00314144,2008-08-10,TMAX,294
USC00314684,2006-11-16,TMIN,128
USW00013754,2007-09-02,TMAX,289
USC00317170,2008-09-23,TMIN,178
USW00093765,2007-01-11,TMIN,-21
USW00093765,2010-06-28,TMAX,306
USW00093765,2007-01-11,TMAX,122
USC00317170,2015-10-05,TMAX,217
USR0000NNWB,2011-01-05,TMIN,-28
USW00013754,2007-09-02,TMIN,206
USW00093765,2010-06-28,TMIN,233
USW00093743,2008-09-05,TMAX,194
USC00316676,2007-06-30,TMAX,344
USC00310576,2012-02-16,TMAX,178
USC00314684,2009-07-30,TMIN,228
USC00314684,2006-11-16,TMAX,244
USC00314684,2009-07-30,TMAX,300
USC00310356,2010-08-30,TMAX,317
USC00316096,2014-07-21,TMIN,222
USC00310576,2009-12-07,TMAX,89
USC00314689,2005-09-04,TMIN,167
USC00314689,2005-09-04,TMAX,317
USC00316096,2012-12-20,TMAX,200
USW00093765,2005-03-11,TMAX,133
USW00013754,2008-01-29,TMIN,-10
USW00013754,2008-01-29,TMAX,167
USC00316096,2012-12-20,TMIN,33
USC00310576,2013-11-11,TMAX,217
USC00310356,2010-08-30,TMIN,211
USC00310576,2009-12-07,TMIN,28
USC00314684,2009-04-17,TMAX,183
USW00093743,2010-10-16,TMAX,200
USC00314684,2009-08-11,TMIN,239
USC00310576,2007-10-19,TMAX,294
USW00093743,2010-10-16,TMIN,72
USC00310576,2007-10-19,TMIN,178
USW00093743,2008-09-05,TMIN,128
USC00310356,2013-01-13,TMAX,167
USC00314684,2009-04-17,TMIN,0
USC00316096,2014-07-21,TMAX,283
USR0000NCRN,2008-01-14,TMIN,6
USR0000NHOF,2007-04-15,TMAX,228
USC00314144,2008-08-10,TMIN,161
USR0000NHOF,2007-04-15,TMIN,56
USC00314684,2014-10-16,TMAX,239
USC00314684,2014-10-16,TMIN,106
USC00314144,2005-06-24,TMIN,161
USW00093743,2013-05-24,TMAX,272
USW00093765,2007-04-28,TMAX,250
USC00314144,2005-06-24,TMAX,311
USC00316676,2010-11-23,TMAX,228
USC00310356,2011-07-13,TMAX,300
USW00093719,2008-10-15,TMIN,128
USW00093719,2008-10-15,TMAX,294
USW00093765,2005-03-11,TMIN,72
USR0000NHOF,2010-10-16,TMAX,200
USC00310356,2013-05-24,TMIN,206
USW00013754,2015-02-05,TMAX,122
USC00310576,2013-03-16,TMIN,-6
USC00316676,2011-05-31,TMAX,344
USC00317170,2013-10-20,TMIN,111
USC00310356,2013-05-24,TMAX,244
USC00317170,2013-10-20,TMAX,222
USW00013754,2015-02-05,TMIN,-10
USW00013754,2012-05-25,TMIN,206
USW00093743,2013-05-24,TMIN,144
USW00093765,2006-05-27,TMIN,200
USW00093765,2006-05-27,TMAX,300
USW00093765,2007-04-28,TMIN,139
USC00310356,2015-05-08,TMIN,189
USC00316096,2013-06-06,TMAX,267
USC00310576,2005-01-02,TMAX,178
USC00310576,2005-01-02,TMIN,33
USC00316096,2013-06-06,TMIN,183
USC00310576,2012-02-16,TMIN,28
USC00310356,2015-05-08,TMAX,250
USC00310576,2015-11-24,TMIN,-6
USC00314689,2010-04-19,TMIN,72
USC00314689,2010-04-19,TMAX,200
USC00314684,2013-09-03,TMAX,322
USC00310576,2015-11-24,TMAX,89
USR0000NNWB,2011-11-21,TMAX,228
USR0000NNWB,2011-11-21,TMIN,194
USR0000NNWB,2009-05-30,TMAX,294
USC00315830,2010-02-10,TMAX,139
USC00315830,2010-07-21,TMIN,267
USC00315830,2010-07-21,TMAX,311
USR0000NNWB,2011-01-05,TMAX,100
USC00315830,2010-02-10,TMIN,33
USC00317170,2015-10-05,TMIN,183
USC00316676,2010-11-23,TMIN,61
USC00310576,2014-06-03,TMIN,100
USW00013754,2012-05-25,TMAX,283
USW00013754,2014-10-27,TMAX,244
USC00315830,2014-01-02,TMIN,11
USC00310576,2007-02-03,TMAX,111
USC00310576,2007-02-03,TMIN,44
USC00310356,2010-10-16,TMAX,217
USR0000NNWB,2008-08-03,TMIN,217
USW00093765,2013-06-21,TMIN,206
USR0000NNWB,2008-08-03,TMAX,333
USC00310356,2010-10-16,TMIN,111
USR0000NCRN,2011-02-25,TMIN,106
USW00013754,2011-11-21,TMAX,244
USC00314684,2007-09-26,TMAX,294
USR0000NHOF,2015-05-08,TMIN,178
USC00317170,2015-05-04,TMAX,289
USC00317170,2015-05-04,TMIN,94
USC00310576,2012-03-02,TMAX,267
USW00013754,2011-11-21,TMIN,144
USC00310576,2012-03-02,TMIN,117
USC00314144,2005-02-16,TMAX,222
USW00093765,2013-06-21,TMAX,289
USR0000NHOF,2006-11-01,TMAX,261
USR0000NHOF,2006-11-01,TMIN,94
USR0000NNWB,2014-10-27,TMIN,56
USW00093719,2005-02-17,TMIN,39
USR0000NNWB,2014-10-27,TMAX,261
USW00093743,2011-07-13,TMAX,378
USC00310576,2013-05-11,TMIN,144
USW00093719,2012-02-06,TMAX,133
USW00093719,2012-02-06,TMIN,33
USC00310356,2010-09-17,TMAX,317
USC00314144,2007-06-21,TMIN,128
USC00314144,2005-02-16,TMIN,44
USC00314689,2006-04-16,TMAX,322
USW00093765,2007-12-30,TMAX,194
USR0000NHOF,2005-06-22,TMAX,311
USC00310356,2015-05-02,TMAX,200
USC00315830,2010-04-09,TMAX,217
USW00093765,2007-12-30,TMIN,139
USC00314689,2006-04-16,TMIN,178
USC00315830,2010-04-09,TMIN,150
USR0000NHOF,2006-12-17,TMIN,-22
USR0000NHOF,2006-12-17,TMAX,211
USW00093719,2005-02-17,TMAX,128
USC00317170,2009-10-05,TMIN,156
USW00093743,2008-02-10,TMIN,72
USC00316096,2015-03-24,TMIN,50
USC00317170,2009-10-05,TMAX,228
USC00310576,2013-05-11,TMAX,300
USW00093743,2008-02-10,TMAX,283
USW00093743,2013-01-13,TMIN,111
USW00093743,2013-01-13,TMAX,200
USR0000NHOF,2015-05-08,TMAX,256
USC00317170,2014-11-08,TMAX,167
USR0000NNWB,2006-12-05,TMIN,-28
USC00315830,2012-09-30,TMIN,183
USC00315830,2012-09-30,TMAX,244
USC00317170,2012-08-22,TMAX,283
USC00315830,2008-07-12,TMAX,283
USC00314689,2009-03-06,TMIN,39
USC00315830,2008-07-12,TMIN,217
USR0000NNWB,2012-06-17,TMAX,272
USR0000NNWB,2012-06-17,TMIN,139
USR0000NNWB,2010-09-05,TMAX,317
USW00013754,2014-10-27,TMIN,67
USC00316676,2011-09-25,TMIN,211
USC00316676,2011-09-25,TMAX,228
USC00314684,2013-09-03,TMIN,222
USR0000NCRN,2008-01-14,TMAX,150
USC00310356,2008-02-10,TMIN,83
USC00316096,2009-08-13,TMIN,211
USC00310356,2008-02-10,TMAX,161
USC00316096,2009-08-13,TMAX,283
USC00315830,2014-01-02,TMAX,117
USC00317170,2014-11-08,TMIN,17
USC00317170,2012-08-22,TMIN,200
USR0000NCRN,2011-02-25,TMAX,178
USR0000NNWB,2006-12-05,TMAX,122
USW00013754,2014-08-17,TMAX,328
USC00310576,2013-11-11,TMIN,44
USR0000NNWB,2010-09-05,TMIN,156
USR0000NNWB,2006-04-13,TMIN,106
USR0000NNWB,2006-04-13,TMAX,272
USC00314684,2013-06-06,TMAX,278
USC00314684,2013-06-06,TMIN,178
USC00316676,2007-06-30,TMIN,217
USW00013754,2014-08-17,TMIN,217
USC00314684,2013-11-05,TMIN,50
USC00310356,2013-01-13,TMIN,117
USR0000NNWB,2012-05-25,TMIN,211
USR0000NNWB,2010-09-28,TMIN,194
USC00315830,2008-05-13,TMAX,200
USC00315830,2008-05-13,TMIN,89
USR0000NNWB,2012-05-25,TMAX,289
USC00314684,2013-11-08,TMAX,228
USC00314684,2013-11-08,TMIN,33
USC00316676,2010-10-04,TMIN,156
USC00316676,2010-10-04,TMAX,178
USC00314689,2009-03-06,TMAX,217
USC00314684,2009-08-11,TMAX,367
USR0000NNWB,2010-09-28,TMAX,267
USC00316096,2013-08-26,TMAX,283
USC00316676,2008-07-18,TMAX,328
USC00314684,2009-03-28,TMAX,206
USC00314144,2011-01-27,TMIN,-28
USC00314144,2006-07-21,TMIN,194
USC00314684,2009-06-30,TMIN,178
USC00314684,2009-06-30,TMAX,328
USC00315830,2006-01-26,TMIN,-11
USC00317170,2014-12-21,TMAX,89
USC00310576,2015-03-16,TMIN,33
USC00310356,2011-03-06,TMIN,139
USC00310356,2005-04-25,TMAX,144
USC00310356,2008-05-20,TMAX,228
USC00310356,2008-05-20,TMIN,167
USC00314689,2005-06-07,TMAX,328
USR0000NCRN,2013-05-24,TMIN,133
USC00310356,2011-03-06,TMAX,194
USR0000NCRN,2013-05-24,TMAX,261
USW00013754,2007-07-14,TMAX,294
USC00310356,2005-04-25,TMIN,83
USR0000NNWB,2010-12-07,TMAX,22
USC00314144,2011-01-27,TMAX,106
USC00315830,2009-03-13,TMIN,78
USR0000NCRN,2009-11-04,TMIN,161
USR0000NCRN,2011-05-26,TMIN,228
USR0000NCRN,2009-11-04,TMAX,222
USR0000NHOF,2011-07-11,TMAX,328
USC00316676,2010-08-14,TMAX,328
USR0000NCRN,2008-03-04,TMAX,222
USC00310576,2005-03-12,TMIN,17
USC00317170,2009-05-24,TMAX,283
USC00310576,2005-03-12,TMAX,194
USW00093743,2011-03-13,TMIN,106
USW00093743,2008-10-05,TMAX,267
USW00093743,2011-03-13,TMAX,200
USR0000NHOF,2013-01-29,TMAX,228
USC00317170,2009-05-24,TMIN,178
USW00093719,2015-03-11,TMIN,172
USW00093743,2008-10-05,TMIN,117
USR0000NHOF,2013-01-29,TMIN,89
USW00093719,2015-03-11,TMAX,300
USC00310576,2015-03-01,TMIN,17
USC00314689,2008-11-02,TMIN,44
USC00314689,2008-11-02,TMAX,233
USC00310576,2013-09-13,TMIN,183
USC00310576,2013-09-13,TMAX,317
USC00314144,2006-07-21,TMAX,322
USC00315830,2008-09-30,TMAX,267
USC00316676,2010-08-14,TMIN,233
USR0000NHOF,2011-07-11,TMIN,200
USC00315830,2009-03-13,TMAX,122
USC00314689,2015-06-24,TMIN,244
USC00314689,2015-03-24,TMAX,183
USC00314684,2005-04-21,TMIN,139
USC00310576,2014-03-17,TMIN,44
USC00314684,2005-04-21,TMAX,300
USC00315830,2015-07-23,TMIN,239
USC00315830,2015-07-23,TMAX,317
USC00314144,2007-11-18,TMIN,11
USC00314144,2007-11-18,TMAX,200
USW00093765,2005-10-03,TMIN,211
USW00013754,2005-10-22,TMIN,178
USW00013754,2005-10-22,TMAX,261
USR0000NNWB,2010-12-04,TMIN,-11
USC00314144,2009-04-26,TMAX,306
USC00314144,2009-04-26,TMIN,128
USW00093765,2005-10-03,TMAX,289
USC00316096,2015-08-07,TMAX,278
USC00317170,2012-01-09,TMIN,61
USR0000NCRN,2009-11-17,TMAX,183
USC00315830,2015-08-10,TMIN,189
USR0000NCRN,2009-11-17,TMIN,161
USC00315830,2015-08-10,TMAX,283
USR0000NCRN,2007-02-21,TMIN,156
USW00013754,2012-09-23,TMIN,172
USW00013754,2012-09-23,TMAX,261
USR0000NNWB,2010-12-04,TMAX,61
USW00093743,2008-05-20,TMIN,167
USC00317170,2013-12-06,TMIN,178
USC00314689,2015-06-24,TMAX,361
USC00314684,2007-07-15,TMAX,294
USC00314684,2007-07-15,TMIN,211
USW00013754,2007-08-16,TMIN,233
USC00310356,2011-03-09,TMAX,161
USR0000NCRN,2012-02-08,TMIN,11
USC00310356,2011-03-09,TMIN,72
USW00013754,2007-08-16,TMAX,311
USC00317170,2013-12-06,TMAX,267
USC00315830,2008-09-30,TMIN,183
USC00314684,2010-04-08,TMIN,133
USC00315830,2012-04-04,TMAX,244
USW00013754,2007-07-14,TMIN,211
USR0000NCRN,2012-02-08,TMAX,150
USC00315830,2012-04-04,TMIN,61
USC00310576,2014-03-17,TMAX,139
USC00314684,2010-04-08,TMAX,300
USC00317170,2013-09-03,TMIN,211
USC00317170,2013-09-03,TMAX,311
USW00093743,2008-05-20,TMAX,256
USC00316676,2009-09-02,TMIN,178
USC00315830,2006-01-26,TMAX,128
USC00314684,2009-03-28,TMIN,128
USR0000NCRN,2008-03-04,TMIN,167
USW00093719,2005-08-02,TMIN,211
USC00314689,2006-09-23,TMAX,294
USC00310576,2010-05-26,TMIN,200
USW00093719,2009-08-02,TMIN,222
USC00310576,2014-06-03,TMAX,272
USR0000NCRN,2015-09-09,TMAX,289
USW00093765,2009-10-23,TMIN,144
USC00316096,2015-08-18,TMIN,200
USW00093765,2009-10-23,TMAX,261
USR0000NCRN,2015-09-09,TMIN,217
USC00314689,2014-07-21,TMAX,300
USC00314689,2014-07-21,TMIN,228
USR0000NNWB,2006-09-07,TMIN,194
USR0000NNWB,2009-05-30,TMIN,178
USR0000NHOF,2007-12-01,TMAX,139
USR0000NNWB,2006-09-07,TMAX,283
USC00317170,2008-05-16,TMIN,194
USC00317170,2008-05-16,TMAX,289
USC00314689,2012-12-20,TMAX,183
USC00316676,2010-09-16,TMAX,300
USC00314689,2012-12-20,TMIN,50
USW00093765,2013-10-20,TMIN,133
USC00310576,2009-06-19,TMIN,217
USC00315830,2015-09-19,TMAX,283
USC00310576,2009-06-19,TMAX,278
USR0000NHOF,2007-12-01,TMIN,-44
USC00316676,2012-05-28,TMAX,294
USC00316676,2008-07-18,TMIN,206
USC00316676,2011-05-31,TMIN,206
USC00314689,2013-06-06,TMAX,283
USC00314689,2013-06-06,TMIN,161
USR0000NHOF,2010-10-16,TMIN,39
USW00093765,2006-12-23,TMAX,194
USW00093765,2006-12-23,TMIN,139
USC00316676,2006-02-23,TMAX,139
USC00316676,2012-05-28,TMIN,206
USC00310576,2013-03-16,TMAX,167
USC00316676,2014-05-04,TMAX,250
USC00316676,2006-02-23,TMIN,94
USC00316676,2014-05-04,TMIN,122
USC00314689,2015-08-17,TMAX,333
USC00310576,2009-03-31,TMAX,200
USC00314689,2006-09-23,TMIN,178
USC00310576,2010-05-26,TMAX,278
USC00310576,2009-03-31,TMIN,39
USC00316096,2010-04-04,TMIN,150
USC00314689,2015-08-17,TMIN,206
USC00316096,2010-04-04,TMAX,228
USC00310356,2006-02-05,TMAX,183
USW00093719,2009-08-02,TMAX,306
USC00310576,2008-07-29,TMAX,339
USW00013754,2013-09-09,TMAX,300
USR0000NCRN,2010-08-11,TMIN,256
USW00093719,2013-06-21,TMIN,189
USC00316096,2011-02-03,TMAX,139
USC00316096,2011-02-03,TMIN,33
USR0000NNWB,2014-08-17,TMIN,222
USC00316096,2015-08-18,TMAX,300
USC00314689,2005-11-20,TMIN,44
USC00316676,2009-09-02,TMAX,244
USW00093719,2013-06-21,TMAX,306
USC00310576,2015-03-01,TMAX,78
USC00310576,2007-04-14,TMIN,67
USC00310576,2007-04-14,TMAX,194
USW00013754,2013-09-09,TMIN,200
USC00314144,2005-03-19,TMIN,50
USC00314144,2005-03-19,TMAX,156
USW00093743,2013-01-29,TMAX,206
USC00310576,2015-03-16,TMAX,206
USW00093743,2013-01-29,TMIN,78
USC00310356,2006-12-17,TMIN,72
USW00093719,2005-08-02,TMAX,306
USR0000NCRN,2010-08-11,TMAX,328
USC00310356,2013-01-29,TMIN,33
USC00314684,2009-12-27,TMIN,22
USC00314684,2009-12-27,TMAX,89
USC00310356,2006-02-05,TMIN,11
USW00093765,2013-10-20,TMAX,217
USC00316676,2010-09-16,TMIN,167
USC00315830,2015-09-19,TMIN,222
USC00310576,2008-07-29,TMIN,217
USC00315830,2008-01-10,TMAX,211
USR0000NNWB,2014-08-17,TMAX,333
USW00093719,2013-03-04,TMIN,-11
USC00310356,2008-09-05,TMIN,222
USC00310356,2008-09-05,TMAX,311
USC00310356,2006-12-17,TMAX,183
USC00317170,2009-04-16,TMIN,72
USC00315830,2008-01-10,TMIN,111
USW00093765,2009-10-05,TMIN,161
USW00093765,2009-10-05,TMAX,200
USC00314689,2010-11-22,TMAX,228
USW00093719,2013-03-04,TMAX,100
USC00310356,2013-01-29,TMAX,128
USC00317170,2014-12-21,TMIN,-6
USC00317170,2009-04-16,TMAX,178
USC00314689,2010-11-22,TMIN,61
USC00317170,2012-02-15,TMAX,178
USC00317170,2012-02-15,TMIN,44
USW00093743,2009-11-17,TMIN,111
USR0000NCRN,2013-01-13,TMAX,211
USC00316096,2013-08-26,TMIN,161
USR0000NNWB,2006-06-12,TMIN,189
USW00013754,2011-10-24,TMIN,100
USC00310356,2013-03-16,TMIN,39
USR0000NNWB,2007-11-06,TMIN,67
USC00310356,2013-03-16,TMAX,133
USC00316676,2006-04-16,TMAX,339
USC00316676,2006-04-16,TMIN,172
USW00013754,2011-10-24,TMAX,222
USC00310356,2006-04-21,TMIN,133
USC00310356,2006-04-21,TMAX,233
USC00316676,2010-09-19,TMAX,283
USC00310356,2008-10-31,TMAX,139
USC00310356,2010-11-17,TMAX,233
USR0000NCRN,2015-01-16,TMAX,122
USW00093765,2005-01-30,TMIN,33
USC00317170,2011-11-21,TMAX,217
USC00317170,2011-11-21,TMIN,139
USW00093765,2005-01-30,TMAX,128
USC00316676,2010-09-19,TMIN,167
USC00316096,2009-08-11,TMAX,322
USC00310356,2010-11-17,TMIN,172
USR0000NNWB,2007-11-06,TMAX,194
USC00316096,2009-08-11,TMIN,239
USR0000NNWB,2006-06-12,TMAX,311
USC00315830,2009-11-14,TMAX,150
USR0000NHOF,2014-04-02,TMIN,89
USC00316676,2014-07-21,TMAX,294
USC00316676,2009-09-28,TMIN,156
USC00316676,2009-09-28,TMAX,272
USC00314684,2005-12-18,TMAX,94
USC00314684,2005-12-18,TMIN,22
USC00310576,2006-11-01,TMIN,128
USR0000NHOF,2014-11-04,TMAX,217
USR0000NHOF,2014-11-04,TMIN,11
USC00316676,2014-07-21,TMIN,211
USC00314689,2010-09-02,TMAX,328
USC00314684,2011-01-21,TMIN,0
USW00093765,2008-08-25,TMIN,206
USR0000NCRN,2006-09-16,TMAX,261
USC00316676,2012-08-04,TMAX,317
USC00316676,2012-08-04,TMIN,217
USW00093765,2005-02-17,TMAX,122
USW00093765,2005-02-17,TMIN,39
USC00317170,2015-06-24,TMIN,239
USW00093765,2008-08-25,TMAX,294
USC00317170,2015-06-24,TMAX,344
USC00314684,2011-01-21,TMAX,128
USC00315830,2012-07-01,TMAX,339
USC00315830,2009-11-14,TMIN,128
USW00013754,2013-05-11,TMIN,206
USC00317170,2010-10-12,TMAX,300
USC00315830,2007-05-24,TMAX,250
USR0000NCRN,2012-09-13,TMAX,278
USW00013754,2013-12-06,TMIN,200
USW00013754,2013-12-06,TMAX,250
USC00317170,2010-12-22,TMIN,56
USC00317170,2010-10-12,TMIN,172
USR0000NCRN,2006-08-16,TMIN,178
USR0000NCRN,2006-08-16,TMAX,322
USR0000NCRN,2015-01-16,TMIN,0
USC00314689,2010-03-15,TMIN,56
USC00317170,2010-12-22,TMAX,94
USR0000NCRN,2012-09-13,TMIN,167
USR0000NNWB,2009-11-15,TMIN,94
USC00310356,2013-10-27,TMAX,194
USC00314689,2013-02-03,TMIN,11
USC00314689,2010-03-15,TMAX,183
USW00013754,2014-08-24,TMIN,206
USR0000NCRN,2005-08-09,TMIN,228
USC00314689,2013-02-03,TMAX,89
USR0000NNWB,2013-05-11,TMAX,278
USW00093719,2009-01-24,TMAX,144
USW00013754,2013-05-11,TMAX,267
USC00310576,2014-06-21,TMIN,206
USR0000NNWB,2008-08-21,TMAX,306
USR0000NCRN,2005-08-09,TMAX,306
USC00315830,2007-05-24,TMIN,150
USC00315830,2006-03-19,TMIN,11
USR0000NCRN,2006-09-16,TMIN,161
USW00093719,2014-11-08,TMIN,39
USC00315830,2006-03-19,TMAX,122
USW00093719,2014-11-08,TMAX,178
USR0000NCRN,2009-05-31,TMIN,172
USC00310356,2008-10-31,TMIN,50
USR0000NCRN,2009-05-31,TMAX,283
USC00310356,2015-10-25,TMIN,133
USW00093719,2009-01-24,TMIN,44
USW00093743,2013-10-27,TMIN,61
USC00314684,2015-01-10,TMAX,111
USW00093743,2013-10-27,TMAX,189
USC00310356,2015-10-25,TMAX,244
USW00093719,2007-07-07,TMIN,211
USW00013754,2014-08-24,TMAX,289
USR0000NNWB,2008-08-21,TMIN,217
USC00317170,2012-02-02,TMAX,211
USC00317170,2012-02-02,TMIN,67
USC00310356,2013-10-27,TMIN,133
USC00310576,2006-11-01,TMAX,244
USC00314689,2006-10-06,TMAX,300
USR0000NHOF,2014-04-02,TMAX,311
USC00310576,2012-09-30,TMIN,167
USW00093765,2009-07-30,TMAX,300
USC00315830,2006-09-05,TMIN,222
USR0000NCRN,2010-01-29,TMAX,67
USR0000NCRN,2010-01-29,TMIN,0
USC00316676,2015-12-25,TMAX,256
USR0000NNWB,2005-04-18,TMAX,272
USC00314144,2010-11-10,TMIN,11
USR0000NNWB,2005-04-18,TMIN,39
USC00314144,2008-11-07,TMAX,250
USC00316676,2015-12-25,TMIN,206
USR0000NHOF,2015-09-21,TMIN,183
USR0000NHOF,2006-04-21,TMIN,72
USC00314144,2008-11-07,TMIN,61
USC00310356,2013-06-07,TMAX,272
USR0000NHOF,2015-09-21,TMAX,294
USC00314684,2015-12-03,TMAX,228
USR0000NHOF,2015-06-19,TMAX,361
USC00310356,2014-04-02,TMAX,172
USC00310576,2009-02-17,TMAX,106
USC00310356,2009-01-08,TMIN,83
USW00093765,2009-07-30,TMIN,261
USC00310356,2013-06-07,TMIN,228
USC00315830,2005-09-30,TMIN,217
USC00310356,2014-11-04,TMIN,44
USW00093719,2011-09-24,TMAX,233
USW00093719,2011-09-24,TMIN,211
USR0000NHOF,2010-08-11,TMIN,250
USC00317170,2013-09-09,TMAX,333
USR0000NHOF,2009-08-20,TMAX,317
USC00317170,2013-09-09,TMIN,189
USC00314684,2010-11-29,TMIN,-22
USC00314684,2010-11-29,TMAX,100
USC00314684,2015-12-03,TMIN,106
USC00314144,2010-04-22,TMIN,67
USW00013754,2008-07-06,TMIN,206
USC00317170,2013-03-09,TMAX,172
USC00314144,2010-11-10,TMAX,183
USC00317170,2013-03-09,TMIN,22
USC00314684,2006-12-07,TMAX,172
USC00314144,2010-04-22,TMAX,239
USW00013754,2008-07-06,TMAX,289
USC00314684,2006-12-07,TMIN,-28
USC00315830,2006-09-05,TMAX,300
USC00310356,2014-11-04,TMAX,161
USC00314144,2009-01-24,TMAX,144
USC00315830,2005-09-30,TMAX,289
USC00310356,2014-04-02,TMIN,128
USC00310576,2012-09-30,TMAX,250
USC00315830,2012-05-25,TMIN,217
USC00315830,2011-11-17,TMIN,89
USC00315830,2011-11-17,TMAX,217
USC00314684,2014-12-01,TMIN,0
USC00314684,2014-12-01,TMAX,194
USC00314684,2010-04-19,TMAX,289
USR0000NNWB,2010-02-10,TMAX,78
USR0000NNWB,2010-02-10,TMIN,11
USC00310356,2015-11-21,TMIN,83
USC00314144,2006-11-26,TMIN,39
USC00310356,2015-11-21,TMAX,178
USR0000NCRN,2008-06-13,TMIN,178
USC00310576,2005-04-02,TMAX,206
USC00310576,2005-04-02,TMIN,117
USC00314144,2011-03-20,TMAX,161
USC00315830,2014-03-17,TMIN,50
USC00314689,2006-10-06,TMIN,161
USC00314684,2015-01-10,TMIN,-56
USC00314144,2011-03-20,TMIN,22
USW00093765,2009-03-28,TMIN,161
USW00093765,2009-03-28,TMAX,206
USC00315830,2012-07-01,TMIN,244
USR0000NCRN,2008-06-13,TMAX,328
USC00314144,2006-11-26,TMAX,206
USC00316676,2009-01-27,TMIN,28
USC00310576,2009-02-17,TMIN,-11
USC00310356,2009-01-08,TMAX,189
USW00093743,2013-03-16,TMIN,122
USR0000NHOF,2006-04-21,TMAX,256
USC00316676,2010-02-15,TMIN,-39
USC00315830,2012-05-25,TMAX,272
USR0000NHOF,2015-06-19,TMIN,211
USC00316676,2010-02-15,TMAX,72
USW00093719,2012-04-04,TMAX,289
USC00314684,2010-04-19,TMIN,33
USW00093743,2013-03-16,TMAX,189
USC00310576,2010-11-13,TMIN,33
USW00093719,2012-04-04,TMIN,156
USW00093743,2013-06-07,TMAX,283
USW00013754,2008-04-06,TMAX,200
USW00093765,2011-12-14,TMIN,39
USC00316676,2009-01-27,TMAX,78
USW00093765,2011-12-14,TMAX,161
USW00093743,2013-06-07,TMIN,233
USC00314689,2008-09-24,TMAX,233
USC00315830,2014-03-17,TMAX,122
USW00013754,2008-04-06,TMIN,106
USC00314689,2015-05-04,TMAX,261
USC00314689,2008-09-24,TMIN,144
USW00093719,2007-07-07,TMAX,317
USR0000NNWB,2013-05-11,TMIN,200
USR0000NCRN,2006-12-22,TMIN,100
USR0000NHOF,2009-12-31,TMIN,39
USW00093765,2007-11-26,TMAX,206
USC00315830,2015-02-02,TMIN,67
USC00310576,2011-01-16,TMAX,106
USR0000NCRN,2011-08-01,TMIN,222
USC00310576,2013-06-07,TMAX,261
USC00310576,2013-06-07,TMIN,178
USW00093719,2011-08-11,TMIN,217
USC00316096,2015-06-12,TMIN,222
USR0000NCRN,2008-04-27,TMAX,272
USR0000NCRN,2011-08-01,TMAX,306
USC00316096,2013-11-05,TMAX,233
USC00314689,2015-03-26,TMAX,233
USR0000NCRN,2008-04-27,TMIN,167
USR0000NHOF,2009-12-31,TMAX,133
USC00310356,2009-11-17,TMAX,244
USC00310356,2009-11-17,TMIN,133
USC00316096,2015-06-12,TMAX,294
USW00093765,2015-02-05,TMAX,128
USC00310576,2006-08-19,TMIN,222
USC00310356,2007-02-08,TMIN,-6
USW00093719,2012-12-24,TMAX,178
USC00310356,2007-02-08,TMAX,133
USW00093765,2007-11-26,TMIN,178
USR0000NHOF,2015-04-17,TMIN,150
USR0000NCRN,2005-11-08,TMAX,261
USR0000NCRN,2014-05-27,TMIN,211
USR0000NCRN,2005-11-08,TMIN,78
USR0000NCRN,2014-05-27,TMAX,261
USC00316676,2012-01-21,TMIN,6
USC00317170,2015-10-11,TMIN,144
USW00093743,2010-11-17,TMIN,61
USW00093719,2011-08-11,TMAX,328
USR0000NCRN,2005-12-26,TMAX,228
USW00093719,2005-12-30,TMIN,28
USC00314689,2008-03-15,TMIN,111
USR0000NCRN,2005-12-26,TMIN,-22
USR0000NCRN,2015-05-08,TMIN,189
USC00314689,2008-03-15,TMAX,217
USW00093719,2005-12-30,TMAX,139
USW00093765,2012-02-06,TMAX,117
USW00093765,2012-02-06,TMIN,50
USR0000NCRN,2015-05-08,TMAX,261
USW00093719,2012-12-24,TMIN,33
USC00316676,2012-01-21,TMAX,150
USC00314689,2011-07-30,TMAX,383
USC00317170,2007-11-20,TMIN,89
USW00093765,2015-02-05,TMIN,-27
USW00093719,2010-02-10,TMAX,78
USC00316676,2014-10-16,TMAX,256
USC00314684,2006-12-23,TMIN,128
USR0000NHOF,2011-03-09,TMIN,11
USC00314689,2008-07-09,TMIN,222
USC00317170,2007-11-20,TMAX,222
USW00093719,2006-06-12,TMIN,194
USC00310576,2008-07-31,TMIN,244
USC00310576,2008-07-31,TMAX,333
USR0000NCRN,2008-12-06,TMAX,150
USW00093765,2006-10-28,TMIN,122
USW00093765,2006-10-28,TMAX,228
USR0000NNWB,2014-03-25,TMIN,28
USC00310356,2011-03-19,TMAX,206
USC00314684,2013-05-23,TMIN,194
USR0000NCRN,2010-07-09,TMAX,339
USC00314684,2013-05-23,TMAX,283
USR0000NCRN,2010-07-09,TMIN,200
USC00310576,2014-11-29,TMIN,-6
USR0000NCRN,2008-02-10,TMIN,33
USR0000NHOF,2015-04-17,TMAX,256
USR0000NNWB,2014-03-25,TMAX,111
USR0000NNWB,2007-05-03,TMIN,156
USW00093719,2006-06-12,TMAX,306
USC00314684,2006-12-23,TMAX,194
USW00013754,2011-06-22,TMIN,222
USC00310576,2014-11-29,TMAX,100
USC00316676,2014-10-16,TMIN,128
USC00315830,2015-02-02,TMAX,150
USC00316676,2006-01-20,TMIN,-17
USC00317170,2012-09-17,TMIN,189
USC00316676,2014-04-07,TMIN,111
USC00316676,2014-04-07,TMAX,178
USR0000NCRN,2008-12-06,TMIN,-17
USC00317170,2012-09-17,TMAX,283
USC00310576,2006-08-19,TMAX,294
USC00315830,2012-08-03,TMIN,233
USW00093743,2010-11-17,TMAX,200
USW00093765,2012-04-04,TMAX,239
USW00093719,2010-02-10,TMIN,11
USC00315830,2012-08-03,TMAX,306
USC00317170,2011-04-29,TMAX,267
USC00316096,2012-09-23,TMAX,261
USC00316096,2012-09-23,TMIN,161
USC00315830,2013-10-20,TMIN,178
USR0000NHOF,2011-03-09,TMAX,183
USC00317170,2011-04-29,TMIN,161
USC00315830,2013-10-20,TMAX,244
USW00013754,2011-06-22,TMAX,317
USW00093765,2012-04-04,TMIN,183
USR0000NHOF,2010-08-11,TMAX,317
USC00310576,2011-01-16,TMIN,-22
USW00093765,2011-04-15,TMAX,228
USR0000NCRN,2007-06-21,TMIN,183
USC00314144,2009-12-25,TMAX,172
USW00093765,2012-02-15,TMIN,28
USC00316676,2007-11-09,TMAX,133
USC00310576,2010-05-29,TMIN,189
USW00093765,2012-02-15,TMAX,178
USC00310576,2010-05-29,TMAX,283
USR0000NCRN,2008-08-02,TMAX,356
USW00093765,2007-03-22,TMIN,78
USW00013754,2009-01-06,TMAX,211
USR0000NCRN,2008-08-02,TMIN,233
USC00314684,2012-04-12,TMIN,6
USW00013754,2009-01-06,TMIN,139
USC00314684,2012-04-12,TMAX,156
USR0000NCRN,2009-10-02,TMAX,261
USR0000NCRN,2009-10-02,TMIN,244
USC00316096,2013-05-23,TMIN,200
USC00316096,2013-05-23,TMAX,256
USR0000NCRN,2011-03-26,TMAX,144
USR0000NHOF,2014-10-27,TMIN,28
USR0000NHOF,2014-10-27,TMAX,289
USC00310576,2006-01-25,TMIN,50
USR0000NNWB,2009-11-15,TMAX,217
USR0000NCRN,2007-06-21,TMAX,306
USC00314144,2009-12-25,TMIN,33
USC00314684,2012-09-23,TMAX,272
USW00093719,2007-01-11,TMIN,-39
USW00093765,2005-04-21,TMIN,156
USC00314689,2013-05-23,TMIN,194
USC00314689,2013-05-23,TMAX,272
USC00314684,2012-09-23,TMIN,150
USW00093765,2005-04-21,TMAX,211
USW00093719,2007-01-11,TMAX,111
USR0000NCRN,2005-08-30,TMAX,322
USR0000NCRN,2005-08-30,TMIN,228
USR0000NCRN,2006-12-22,TMAX,200
USC00310576,2008-05-20,TMAX,256
USC00317170,2009-06-30,TMIN,206
USW00093765,2007-03-22,TMAX,217
USC00317170,2009-06-30,TMAX,333
USC00316676,2007-11-09,TMIN,11
USC00310576,2008-05-20,TMIN,150
USC00310576,2014-06-21,TMAX,311
USC00315830,2013-01-25,TMIN,-17
USC00315830,2013-01-25,TMAX,44
USC00310576,2006-01-25,TMAX,117
USC00310576,2010-11-13,TMAX,172
USW00093719,2014-03-25,TMIN,39
USC00316676,2015-03-09,TMAX,222
USR0000NCRN,2007-05-01,TMAX,328
USC00314689,2011-07-30,TMIN,256
USC00310576,2005-04-25,TMIN,22
USW00093719,2009-10-23,TMIN,117
USW00093743,2009-08-20,TMIN,256
USW00093719,2009-10-23,TMAX,267
USC00310356,2014-10-27,TMIN,117
USW00093743,2009-08-20,TMAX,311
USC00310356,2014-10-27,TMAX,250
USW00013754,2011-04-17,TMAX,228
USW00013754,2011-04-17,TMIN,94
USW00093719,2006-06-04,TMIN,144
USW00093719,2006-06-04,TMAX,289
USC00310576,2008-04-02,TMAX,228
USR0000NNWB,2014-08-24,TMAX,278
USR0000NNWB,2014-08-24,TMIN,183
USC00314144,2005-10-06,TMIN,183
USR0000NHOF,2007-02-08,TMIN,-72
USR0000NHOF,2007-02-08,TMAX,94
USR0000NCRN,2010-12-27,TMIN,-44
USC00310576,2008-04-02,TMIN,178
USW00093765,2011-04-15,TMIN,122
USC00310576,2005-04-25,TMAX,200
USR0000NCRN,2009-06-11,TMIN,256
USC00314144,2005-10-06,TMAX,267
USR0000NCRN,2010-12-27,TMAX,28
USR0000NCRN,2007-05-01,TMIN,150
USR0000NNWB,2009-12-23,TMAX,139
USR0000NNWB,2009-12-23,TMIN,-28
USW00093719,2014-03-25,TMAX,106
USR0000NCRN,2011-03-26,TMIN,72
USC00310356,2007-04-05,TMIN,117
USW00093743,2014-10-27,TMIN,78
USW00093743,2014-10-27,TMAX,256
USC00316676,2014-01-27,TMAX,128
USR0000NCRN,2009-06-11,TMAX,289
USC00317170,2015-10-11,TMAX,222
USR0000NCRN,2009-01-05,TMIN,133
USC00314689,2010-08-28,TMAX,311
USC00314689,2010-08-28,TMIN,200
USC00310356,2007-04-05,TMAX,278
USC00314689,2007-03-06,TMIN,61
USC00314689,2007-03-06,TMAX,167
USC00310356,2010-12-05,TMAX,89
USC00316676,2006-01-20,TMAX,172
USC00316676,2015-03-09,TMIN,72
USC00316676,2014-01-27,TMIN,-11
USC00310356,2010-12-05,TMIN,11
USR0000NCRN,2009-01-05,TMAX,194
USW00093765,2011-01-02,TMIN,100
USC00316676,2007-07-24,TMIN,172
USC00316676,2007-07-24,TMAX,283
USC00310356,2007-12-01,TMAX,144
USC00310576,2013-12-26,TMAX,83
USR0000NHOF,2009-01-08,TMIN,28
USC00314689,2005-03-01,TMAX,94
USC00314684,2011-10-02,TMIN,67
USC00310576,2014-12-14,TMAX,150
USC00314689,2013-08-26,TMAX,267
USC00310576,2014-12-14,TMIN,6
USC00316676,2011-03-23,TMAX,306
USC00315830,2011-06-03,TMIN,233
USC00314684,2011-10-02,TMAX,194
USC00314684,2005-05-26,TMIN,111
USW00093719,2013-12-06,TMIN,206
USR0000NHOF,2009-01-08,TMAX,133
USC00314689,2013-08-26,TMIN,133
USC00314144,2010-01-29,TMAX,61
USC00314144,2010-01-29,TMIN,-11
USR0000NCRN,2011-04-30,TMIN,128
USC00310356,2012-08-18,TMIN,239
USR0000NCRN,2011-04-30,TMAX,244
USC00314684,2012-11-03,TMIN,-11
USC00310356,2007-12-01,TMIN,56
USC00310356,2012-08-18,TMAX,311
USC00316676,2005-12-21,TMAX,100
USC00316676,2013-05-23,TMAX,289
USC00310356,2005-01-16,TMAX,78
USC00316676,2008-10-03,TMIN,72
USC00316676,2008-10-03,TMAX,272
USR0000NCRN,2015-05-02,TMAX,217
USW00093719,2015-09-10,TMAX,333
USW00093719,2011-09-14,TMIN,178
USC00317170,2007-07-01,TMAX,278
USW00093719,2012-03-06,TMAX,117
USC00317170,2011-09-15,TMIN,178
USR0000NHOF,2009-05-14,TMAX,233
USR0000NHOF,2009-05-14,TMIN,111
USC00316676,2011-02-05,TMIN,22
USC00317170,2011-09-15,TMAX,339
USC00310576,2005-12-02,TMAX,111
USC00310576,2005-12-02,TMIN,0
USC00316676,2011-08-21,TMIN,206
USC00316676,2011-08-21,TMAX,311
USC00314684,2005-05-26,TMAX,189
USR0000NCRN,2011-11-13,TMAX,206
USC00316676,2005-12-21,TMIN,-50
USC00316676,2013-05-23,TMIN,206
USR0000NCRN,2011-11-13,TMIN,44
USC00314684,2012-11-03,TMAX,189
USR0000NNWB,2006-04-11,TMAX,228
USW00093719,2015-01-09,TMAX,133
USC00315830,2006-01-23,TMAX,183
USR0000NNWB,2009-01-29,TMIN,28
USC00316676,2005-07-06,TMIN,233
USR0000NNWB,2012-11-22,TMAX,167
USW00093719,2014-08-17,TMAX,339
USW00093719,2008-06-11,TMIN,217
USW00093719,2008-06-11,TMAX,333
USR0000NNWB,2014-05-10,TMAX,317
USC00315830,2015-06-06,TMAX,261
USC00315830,2015-06-06,TMIN,178
USW00093719,2014-08-17,TMIN,228
USC00310356,2011-12-17,TMIN,83
USR0000NNWB,2012-11-22,TMIN,50
USC00316676,2011-03-23,TMIN,111
USR0000NCRN,2013-10-25,TMAX,139
USR0000NCRN,2013-10-25,TMIN,6
USR0000NNWB,2014-07-26,TMIN,217
USR0000NNWB,2014-07-26,TMAX,322
USC00314144,2009-01-24,TMIN,50
USC00317170,2008-06-28,TMIN,239
USW00093765,2013-09-09,TMAX,294
USW00093765,2007-06-10,TMIN,178
USC00316676,2005-01-14,TMAX,250
USR0000NNWB,2015-03-11,TMAX,294
USC00316676,2005-07-06,TMAX,317
USW00093719,2015-01-09,TMIN,-71
USC00317170,2009-02-21,TMIN,-17
USR0000NNWB,2006-04-11,TMIN,28
USR0000NNWB,2009-01-29,TMAX,133
USC00315830,2006-11-19,TMAX,239
USC00314144,2007-05-01,TMAX,328
USR0000NNWB,2012-07-20,TMAX,333
USC00314689,2007-03-26,TMAX,239
USC00310576,2008-11-18,TMAX,133
USC00310576,2008-11-18,TMIN,33
USR0000NCRN,2006-07-21,TMIN,228
USW00093719,2013-12-06,TMAX,278
USC00314144,2007-05-01,TMIN,233
USC00315830,2006-11-19,TMIN,33
USR0000NNWB,2015-03-11,TMIN,167
USC00314689,2007-03-26,TMIN,83
USC00317170,2009-07-30,TMAX,344
USR0000NNWB,2012-07-20,TMIN,222
USC00315830,2006-01-23,TMIN,89
USC00315830,2011-07-12,TMAX,306
USC00316676,2015-12-29,TMIN,150
USC00316676,2015-12-29,TMAX,228
USC00317170,2009-07-30,TMIN,244
USC00310356,2011-12-17,TMAX,183
USC00310356,2005-01-16,TMIN,50
USR0000NCRN,2006-07-21,TMAX,311
USR0000NNWB,2011-10-24,TMIN,100
USC00316676,2008-12-02,TMIN,11
USC00314144,2006-10-03,TMIN,78
USW00093765,2005-12-30,TMAX,111
USC00314144,2006-10-03,TMAX,283
USC00315830,2012-03-05,TMAX,172
USR0000NCRN,2015-06-19,TMAX,317
USW00093719,2013-03-09,TMAX,172
USW00093719,2013-03-09,TMIN,28
USC00315830,2012-03-05,TMIN,6
USW00093765,2009-04-16,TMIN,61
USC00314689,2009-12-27,TMAX,128
USC00317170,2009-02-21,TMAX,128
USC00314689,2009-12-27,TMIN,39
USC00317170,2007-06-26,TMIN,206
USC00315830,2007-03-31,TMIN,44
USW00093743,2012-08-18,TMIN,233
USR0000NNWB,2011-10-24,TMAX,233
USW00013754,2013-03-04,TMIN,-16
USC00315830,2007-03-31,TMAX,194
USW00093719,2015-04-30,TMIN,117
USC00316676,2008-12-02,TMAX,161
USC00316096,2014-12-01,TMIN,50
USW00093765,2005-12-30,TMIN,44
USW00013754,2013-10-20,TMAX,206
USR0000NCRN,2012-08-20,TMAX,278
USC00310356,2014-05-27,TMIN,211
USW00093719,2006-03-25,TMIN,11
USC00314684,2006-05-27,TMAX,333
USC00314684,2006-05-27,TMIN,189
USR0000NCRN,2012-08-20,TMIN,222
USW00093719,2006-03-25,TMAX,128
USR0000NCRN,2009-05-07,TMAX,233
USR0000NCRN,2009-05-07,TMIN,206
USW00093719,2011-09-14,TMAX,322
USW00093765,2005-04-28,TMAX,189
USC00310576,2006-09-09,TMAX,278
USC00310576,2006-09-09,TMIN,150
USC00310356,2014-05-27,TMAX,256
USC00314689,2008-08-20,TMAX,328
USC00314689,2008-08-20,TMIN,194
USW00093719,2007-07-01,TMIN,206
USW00093719,2015-09-10,TMIN,244
USW00013754,2013-10-20,TMIN,111
USR0000NCRN,2011-06-08,TMAX,294
USC00314689,2015-08-07,TMAX,328
USC00314689,2015-08-07,TMIN,217
USC00316096,2014-12-01,TMAX,217
USR0000NNWB,2007-09-02,TMAX,300
USW00093765,2009-04-16,TMAX,161
USC00314689,2012-02-04,TMAX,167
USR0000NHOF,2015-11-21,TMAX,206
USC00315830,2015-12-05,TMIN,67
USR0000NCRN,2014-04-02,TMAX,222
USR0000NCRN,2014-04-02,TMIN,117
USC00310576,2013-12-26,TMIN,11
USW00013754,2011-06-25,TMIN,256
USC00317170,2011-12-14,TMIN,6
USC00317170,2007-07-01,TMIN,217
USC00314689,2005-08-10,TMAX,317
USC00317170,2011-12-14,TMAX,150
USW00013754,2011-06-25,TMAX,333
USC00315830,2011-06-03,TMAX,306
USC00314689,2005-08-10,TMIN,217
USW00093719,2015-02-05,TMAX,139
USW00093719,2015-02-05,TMIN,-16
USR0000NCRN,2015-05-02,TMIN,83
USW00013754,2009-12-23,TMIN,-21
USW00093765,2011-12-12,TMIN,78
USW00093743,2011-12-17,TMAX,117
USC00310576,2006-02-07,TMIN,-11
USC00315830,2015-12-05,TMAX,144
USC00310356,2005-07-05,TMAX,311
USW00013754,2009-12-23,TMAX,111
USR0000NCRN,2014-11-04,TMIN,22
USW00093743,2012-08-18,TMAX,294
USC00314689,2012-02-04,TMIN,0
USC00314684,2006-10-28,TMIN,78
USR0000NCRN,2015-06-19,TMIN,222
USR0000NNWB,2007-09-02,TMIN,183
USW00093765,2011-12-12,TMAX,150
USW00013754,2013-03-04,TMAX,94
USR0000NNWB,2007-05-25,TMIN,128
USR0000NNWB,2011-08-03,TMAX,372
USR0000NNWB,2007-05-25,TMAX,294
USC00310576,2006-02-07,TMAX,100
USR0000NNWB,2011-08-03,TMIN,283
USC00314684,2006-07-27,TMAX,311
USC00314684,2006-07-27,TMIN,217
USC00316676,2011-02-05,TMAX,56
USC00310356,2005-07-05,TMIN,244
USR0000NHOF,2015-11-21,TMIN,22
USW00093719,2012-03-06,TMIN,-6
USR0000NCRN,2014-11-04,TMAX,200
USC00316676,2011-09-07,TMIN,239
USC00316676,2011-09-07,TMAX,328
USR0000NCRN,2011-06-08,TMIN,244
USC00314684,2006-10-28,TMAX,211
USW00093765,2012-11-25,TMAX,100
USW00093765,2013-09-09,TMIN,206
USC00314144,2009-10-02,TMIN,78
USW00093765,2013-03-09,TMIN,44
USC00314684,2012-08-02,TMIN,200
USC00316096,2012-06-30,TMIN,222
USW00093719,2007-04-28,TMIN,139
USW00093719,2007-04-28,TMAX,261
USC00314689,2008-02-24,TMIN,50
USC00310576,2008-01-27,TMAX,67
USC00310576,2008-01-27,TMIN,6
USC00317170,2012-09-23,TMAX,250
USW00013754,2010-02-10,TMAX,89
USW00013754,2010-02-10,TMIN,11
USC00317170,2012-09-23,TMIN,172
USR0000NCRN,2014-08-30,TMIN,217
USC00314689,2008-02-24,TMAX,133
USC00315830,2011-07-12,TMIN,228
USC00316096,2012-02-04,TMIN,0
USR0000NHOF,2007-04-05,TMIN,-11
USR0000NCRN,2014-08-30,TMAX,300
USC00316096,2015-05-04,TMAX,261
USW00093719,2008-05-16,TMIN,189
USC00317170,2008-01-25,TMIN,0
USC00310576,2015-04-12,TMAX,217
USC00310356,2007-02-13,TMAX,144
USC00317170,2010-09-03,TMIN,228
USW00093765,2011-11-21,TMIN,139
USC00315830,2007-02-25,TMIN,11
USW00093719,2009-10-05,TMIN,156
USW00093765,2015-07-25,TMAX,294
USW00093765,2007-02-11,TMAX,89
USW00093765,2015-07-25,TMIN,194
USW00093719,2009-10-05,TMAX,183
USR0000NCRN,2015-09-18,TMAX,267
USW00093743,2009-01-08,TMIN,61
USW00093743,2009-01-08,TMAX,144
USC00314684,2009-08-27,TMAX,328
USW00093765,2007-03-15,TMAX,217
USW00093765,2007-02-11,TMIN,-27
USW00093765,2007-03-15,TMIN,133
USC00314144,2005-08-30,TMAX,333
USW00093743,2010-08-11,TMAX,317
USW00093743,2010-08-11,TMIN,261
USC00314144,2005-08-30,TMIN,228
USC00314684,2012-08-02,TMAX,294
USW00093765,2013-03-09,TMAX,172
USW00093765,2011-11-21,TMAX,211
USC00316096,2012-06-30,TMAX,344
USC00317170,2010-09-03,TMAX,333
USC00316096,2012-04-12,TMIN,17
USC00316096,2012-04-12,TMAX,172
USW00093719,2008-05-16,TMAX,289
USC00310356,2015-06-19,TMAX,306
USW00093765,2007-06-10,TMAX,278
USR0000NHOF,2013-03-16,TMIN,111
USR0000NHOF,2009-08-20,TMIN,217
USC00314144,2008-03-24,TMAX,139
USC00310576,2010-04-02,TMIN,61
USC00316096,2012-03-29,TMIN,144
USC00314144,2008-03-24,TMIN,-11
USW00013754,2014-07-26,TMIN,217
USW00013754,2015-03-11,TMIN,172
USW00013754,2014-07-26,TMAX,306
USC00310576,2010-04-02,TMAX,283
USC00310356,2015-06-19,TMIN,233
USC00314684,2009-03-05,TMIN,-56
USR0000NHOF,2013-03-16,TMAX,189
USC00314684,2015-10-05,TMAX,256
USC00316096,2012-03-29,TMAX,289
USC00314144,2009-08-15,TMAX,306
USC00314684,2015-10-05,TMIN,172
USC00314144,2009-08-15,TMIN,194
USW00013754,2015-03-11,TMAX,283
USR0000NNWB,2007-03-14,TMAX,272
USR0000NNWB,2007-03-14,TMIN,106
USC00314684,2009-01-29,TMAX,228
USW00093765,2014-03-25,TMAX,122
USC00316096,2015-05-04,TMIN,78
USC00317170,2008-01-25,TMAX,56
USC00316096,2012-02-04,TMAX,189
USC00314689,2012-11-28,TMIN,17
USC00314684,2011-09-22,TMAX,294
USC00314144,2009-11-04,TMIN,28
USC00314689,2012-11-28,TMAX,111
USC00314144,2009-11-04,TMAX,206
USC00314684,2011-09-22,TMIN,200
USW00093719,2005-02-28,TMIN,56
USR0000NCRN,2014-05-08,TMAX,306
USC00314684,2009-03-05,TMAX,78
USW00093719,2005-02-28,TMAX,117
USC00314689,2008-09-21,TMAX,244
USR0000NHOF,2007-04-05,TMAX,178
USR0000NNWB,2011-01-22,TMAX,0
USW00093765,2011-01-02,TMAX,167
USW00093765,2006-06-04,TMIN,150
USC00314689,2010-09-02,TMIN,178
USR0000NNWB,2011-01-22,TMIN,-61
USW00093765,2006-06-04,TMAX,267
USW00093765,2014-03-25,TMIN,28
USC00314689,2008-09-21,TMIN,156
USC00314144,2009-10-02,TMAX,244
USC00314684,2009-08-27,TMIN,194
USC00315830,2007-02-25,TMAX,156
USC00310576,2005-03-23,TMAX,222
USC00310576,2005-03-23,TMIN,117
USR0000NNWB,2014-05-10,TMIN,206
USW00093765,2012-12-04,TMAX,200
USW00013754,2010-07-12,TMIN,206
USC00314689,2012-04-12,TMIN,17
USW00013754,2010-07-12,TMAX,311
USC00314689,2012-04-12,TMAX,167
USC00317170,2011-04-15,TMIN,83
USC00317170,2011-04-15,TMAX,233
USC00317170,2009-03-28,TMIN,178
USR0000NCRN,2005-10-25,TMIN,78
USC00317170,2007-07-26,TMIN,211
USC00317170,2007-07-26,TMAX,322
USC00317170,2009-03-28,TMAX,267
USW00093719,2007-09-10,TMIN,206
USR0000NCRN,2011-08-06,TMAX,300
USR0000NCRN,2011-08-06,TMIN,244
USW00093719,2007-09-10,TMAX,333
USW00013754,2005-05-29,TMAX,289
USC00316676,2005-06-08,TMIN,194
USW00013754,2013-09-03,TMAX,311
USC00310356,2005-08-12,TMAX,306
USW00093719,2011-03-04,TMIN,0
USC00310576,2013-01-29,TMIN,28
USC00314689,2012-03-29,TMIN,178
USW00013754,2007-09-20,TMAX,233
USC00314689,2012-03-29,TMAX,272
USR0000NCRN,2008-11-15,TMAX,239
USW00013754,2005-04-18,TMAX,239
USR0000NCRN,2008-11-15,TMIN,133
USW00013754,2005-04-18,TMIN,17
USC00310356,2005-08-12,TMIN,256
USC00317170,2008-06-28,TMAX,361
USC00310576,2013-01-29,TMAX,133
USW00093765,2012-09-23,TMAX,267
USW00013754,2012-04-04,TMAX,272
USW00013754,2012-04-04,TMIN,150
USW00093719,2005-10-03,TMIN,183
USW00093765,2012-09-23,TMIN,167
USW00093719,2005-10-03,TMAX,278
USW00093765,2015-10-11,TMAX,233
USW00013754,2007-09-20,TMIN,206
USC00316096,2015-01-08,TMIN,-89
USW00093765,2015-10-11,TMIN,161
USC00316096,2015-01-08,TMAX,-22
USW00013754,2013-09-03,TMIN,217
USC00316676,2005-06-08,TMAX,311
USW00093719,2011-03-04,TMAX,161
USC00315830,2013-06-21,TMIN,211
USC00317170,2014-03-25,TMAX,100
USW00093765,2010-09-23,TMIN,233
USW00013754,2008-11-01,TMIN,6
USC00315830,2010-05-02,TMAX,250
USR0000NCRN,2006-11-20,TMAX,133
USC00314684,2009-02-22,TMAX,122
USC00314684,2009-10-21,TMIN,6
USC00310356,2010-08-11,TMAX,306
USW00093765,2006-11-28,TMIN,100
USC00314684,2009-02-22,TMIN,-67
USC00314684,2009-01-29,TMIN,61
USW00013754,2008-11-01,TMAX,222
USC00310356,2010-08-11,TMIN,267
USC00314689,2006-05-27,TMIN,200
USW00093765,2012-12-04,TMIN,89
USW00093765,2006-11-28,TMAX,228
USC00315830,2012-06-21,TMIN,233
USW00093765,2010-09-23,TMAX,289
USR0000NHOF,2015-10-25,TMAX,261
USC00315830,2012-06-21,TMAX,294
USR0000NCRN,2014-05-08,TMIN,200
USC00317170,2014-03-25,TMIN,17
USR0000NHOF,2015-10-25,TMIN,78
USC00314684,2009-10-21,TMAX,217
USC00310576,2011-10-22,TMIN,61
USC00315830,2013-06-21,TMAX,300
USW00013754,2005-05-29,TMIN,167
USC00315830,2012-07-18,TMIN,267
USC00310576,2014-10-27,TMIN,44
USC00315830,2012-07-18,TMAX,311
USC00310576,2014-10-27,TMAX,256
USC00314144,2010-04-18,TMAX,206
USR0000NCRN,2015-09-18,TMIN,200
USR0000NCRN,2005-10-25,TMAX,167
USC00314144,2010-04-18,TMIN,39
USC00310576,2015-04-12,TMIN,89
USR0000NCRN,2013-06-07,TMAX,278
USC00314684,2012-09-17,TMIN,161
USC00314684,2012-09-17,TMAX,233
USR0000NNWB,2012-04-04,TMAX,294
USR0000NNWB,2012-04-04,TMIN,161
USW00093765,2008-06-09,TMAX,300
USC00316676,2005-01-14,TMIN,117
USC00310576,2011-10-22,TMAX,200
USC00315830,2010-05-02,TMIN,194
USW00093765,2008-06-09,TMIN,256
USR0000NCRN,2006-11-20,TMIN,28
USR0000NCRN,2013-06-07,TMIN,233
USW00093719,2015-08-09,TMAX,300
USW00093719,2009-06-30,TMIN,194
USW00093719,2009-06-30,TMAX,333
USC00316676,2007-08-27,TMAX,344
USC00316096,2014-03-24,TMIN,11
USC00316096,2013-10-19,TMIN,183
USC00316096,2014-03-24,TMAX,94
USC00316676,2007-08-27,TMIN,228
USC00310576,2011-12-31,TMIN,28
USC00310576,2011-12-31,TMAX,172
USC00316096,2013-10-19,TMAX,244
USC00314684,2011-04-17,TMAX,256
USC00316096,2013-03-15,TMIN,-28
USC00314684,2011-04-17,TMIN,72
USR0000NNWB,2009-02-18,TMAX,156
USC00316096,2013-03-15,TMAX,122
USC00310576,2008-03-12,TMIN,39
USC00310356,2008-10-07,TMAX,294
USR0000NNWB,2011-01-30,TMIN,6
USC00310576,2008-03-12,TMAX,206
USC00310576,2012-12-21,TMAX,200
USR0000NNWB,2009-02-18,TMIN,6
USC00314684,2014-08-29,TMIN,178
USR0000NNWB,2011-01-30,TMAX,206
USW00093743,2010-07-23,TMIN,261
USC00310576,2012-12-21,TMIN,56
USW00013754,2011-09-15,TMAX,322
USW00093743,2010-07-23,TMAX,317
USW00093765,2005-08-30,TMIN,244
USC00316676,2009-03-06,TMIN,-6
USW00013754,2011-08-05,TMAX,333
USR0000NNWB,2007-06-18,TMAX,361
USW00093719,2009-01-16,TMIN,-67
USC00315830,2008-11-18,TMIN,28
USW00093719,2009-01-16,TMAX,-17
USW00093719,2010-09-26,TMIN,222
USC00310576,2009-11-08,TMAX,183
USW00093743,2008-10-22,TMAX,161
USW00093719,2013-05-22,TMIN,211
USC00316676,2015-05-07,TMIN,117
USR0000NNWB,2005-01-02,TMAX,211
USR0000NNWB,2007-06-18,TMIN,217
USC00316676,2015-05-07,TMAX,239
USC00316676,2005-07-14,TMIN,217
USW00093719,2013-05-22,TMAX,300
USR0000NNWB,2005-01-02,TMIN,50
USW00093743,2008-10-22,TMIN,72
USR0000NCRN,2014-08-25,TMAX,267
USR0000NCRN,2014-08-25,TMIN,189
USW00013754,2011-09-15,TMIN,183
USC00315830,2008-11-18,TMAX,122
USR0000NHOF,2015-02-02,TMIN,0
USR0000NHOF,2014-10-26,TMAX,283
USC00316676,2006-07-27,TMAX,300
USC00316676,2006-07-27,TMIN,222
USC00316676,2014-02-02,TMAX,122
USC00316676,2014-02-02,TMIN,-11
USW00013754,2007-09-03,TMIN,194
USC00314144,2010-09-26,TMAX,283
USC00314689,2014-01-29,TMAX,-17
USC00310576,2015-08-28,TMIN,200
USC00310576,2015-08-28,TMAX,256
USC00314144,2010-09-26,TMIN,211
USW00093743,2010-11-12,TMAX,167
USC00317170,2010-06-23,TMAX,367
USC00310356,2006-03-11,TMIN,128
USW00013754,2007-09-03,TMAX,306
USC00314689,2011-09-07,TMIN,228
USC00314689,2011-12-12,TMAX,100
USC00314689,2011-12-12,TMIN,33
USC00314684,2013-03-01,TMAX,122
USC00314689,2011-09-07,TMAX,322
USC00310356,2006-03-11,TMAX,167
USC00317170,2010-06-23,TMIN,250
USR0000NCRN,2008-06-23,TMAX,283
USR0000NHOF,2014-10-26,TMIN,67
USC00315830,2014-07-22,TMIN,222
USC00315830,2012-09-24,TMIN,233
USW00093719,2008-08-17,TMAX,289
USC00315830,2008-12-22,TMIN,-6
USC00310356,2015-04-12,TMIN,139
USC00310356,2009-12-28,TMAX,128
USR0000NHOF,2015-02-02,TMAX,183
USC00314144,2005-07-07,TMAX,344
USC00310356,2009-12-28,TMIN,61
USC00315830,2014-07-22,TMAX,278
USW00093743,2014-10-26,TMIN,100
USW00093743,2014-10-26,TMAX,261
USW00093719,2005-04-25,TMAX,200
USC00314684,2014-08-29,TMAX,333
USW00093719,2005-04-25,TMIN,39
USC00314689,2014-01-29,TMIN,-94
USR0000NCRN,2008-06-23,TMIN,200
USC00310356,2014-10-26,TMIN,122
USC00310356,2008-10-07,TMIN,161
USC00314144,2005-07-07,TMIN,222
USC00310356,2014-10-26,TMAX,211
USC00316096,2014-04-02,TMAX,233
USC00315830,2012-09-24,TMAX,311
USC00316096,2014-04-02,TMIN,106
USC00310576,2013-08-27,TMIN,144
USW00093765,2005-08-30,TMAX,306
USC00316676,2009-03-06,TMAX,161
USR0000NHOF,2006-03-11,TMIN,106
USR0000NHOF,2006-03-11,TMAX,267
USC00315830,2012-04-05,TMAX,233
USC00315830,2012-04-05,TMIN,144
USC00310576,2005-10-03,TMIN,178
USC00310576,2005-10-03,TMAX,283
USR0000NNWB,2005-12-26,TMAX,122
USR0000NHOF,2015-04-12,TMIN,72
USC00314684,2014-01-06,TMAX,194
USR0000NNWB,2005-12-26,TMIN,39
USW00093765,2005-08-23,TMAX,306
USW00093765,2005-08-23,TMIN,233
USC00316096,2014-08-17,TMAX,322
USC00316096,2014-08-17,TMIN,211
USC00314684,2014-01-06,TMIN,50
USC00315830,2005-04-28,TMIN,94
USC00310356,2008-11-07,TMAX,239
USC00310356,2008-11-07,TMIN,144
USW00093719,2013-06-08,TMAX,328
USW00093765,2006-09-23,TMIN,233
USW00093765,2015-03-26,TMIN,161
USW00093765,2011-10-08,TMIN,139
USW00093765,2006-09-23,TMAX,278
USW00093743,2010-11-12,TMIN,39
USC00314689,2013-03-15,TMAX,161
USC00315830,2008-10-05,TMIN,117
USC00314689,2013-10-19,TMAX,233
USC00314689,2008-06-09,TMAX,383
USC00314684,2014-04-02,TMAX,261
USC00314689,2008-06-09,TMIN,256
USC00314684,2014-04-02,TMIN,33
USC00317170,2009-11-05,TMAX,200
USW00093719,2005-08-25,TMIN,206
USW00093719,2005-08-25,TMAX,289
USR0000NNWB,2010-04-19,TMIN,61
USC00317170,2011-01-02,TMAX,128
USC00314689,2013-03-15,TMIN,-17
USC00317170,2011-01-02,TMIN,-11
USC00316096,2012-12-04,TMAX,233
USW00093765,2015-04-14,TMAX,239
USR0000NNWB,2010-04-19,TMAX,206
USW00093765,2015-04-14,TMIN,189
USW00093765,2011-10-08,TMAX,250
USC00316096,2012-12-04,TMIN,61
USW00093765,2007-02-03,TMAX,83
USW00093765,2007-02-03,TMIN,44
USC00310576,2007-11-06,TMAX,200
USW00093719,2013-06-08,TMIN,228
USR0000NHOF,2010-05-01,TMAX,283
USW00093743,2008-02-20,TMIN,11
USW00013754,2014-10-17,TMAX,239
USR0000NCRN,2008-02-24,TMAX,139
USR0000NCRN,2008-02-24,TMIN,39
USW00093719,2008-08-17,TMIN,211
USC00314689,2014-12-17,TMIN,44
USC00314144,2007-07-10,TMIN,222
USC00310356,2010-07-23,TMIN,256
USW00013754,2014-10-17,TMIN,117
USC00314689,2010-11-23,TMIN,117
USC00316676,2015-10-05,TMIN,200
USC00314689,2010-11-23,TMAX,239
USC00310576,2013-08-27,TMAX,289
USC00314689,2014-03-24,TMIN,11
USC00314689,2014-03-24,TMAX,144
USR0000NCRN,2013-12-06,TMIN,183
USR0000NCRN,2013-12-06,TMAX,228
USR0000NHOF,2015-01-06,TMAX,167
USC00310576,2009-11-08,TMIN,17
USR0000NCRN,2015-11-17,TMIN,28
USR0000NCRN,2015-11-17,TMAX,211
USW00093719,2010-09-26,TMAX,300
USC00316676,2015-10-05,TMAX,261
USW00093719,2014-04-07,TMAX,261
USC00310356,2010-07-23,TMAX,300
USW00093719,2014-04-07,TMIN,122
USR0000NCRN,2005-10-30,TMAX,206
USW00093765,2015-03-26,TMAX,211
USR0000NCRN,2005-10-30,TMIN,22
USW00013754,2007-12-21,TMAX,106
USW00013754,2007-12-21,TMIN,78
USR0000NHOF,2010-05-01,TMIN,178
USW00093743,2008-02-20,TMAX,133
USC00315830,2005-04-28,TMAX,233
USC00314684,2013-09-02,TMIN,217
USC00316676,2005-07-14,TMAX,311
USW00093743,2009-12-28,TMAX,111
USR0000NNWB,2015-11-16,TMIN,33
USC00316096,2012-12-05,TMIN,100
USW00013754,2011-08-05,TMIN,256
USC00316096,2012-12-05,TMAX,239
USC00314144,2007-07-10,TMAX,300
USC00314684,2007-11-17,TMAX,111
USC00314684,2007-11-17,TMIN,-44
USC00315830,2011-10-24,TMIN,144
USR0000NHOF,2015-04-12,TMAX,233
USC00314684,2013-09-02,TMAX,322
USC00315830,2011-10-24,TMAX,222
USC00314689,2014-12-17,TMAX,200
USR0000NNWB,2014-10-17,TMAX,244
USW00093765,2013-06-08,TMAX,283
USR0000NNWB,2014-10-17,TMIN,111
USW00093743,2008-04-05,TMAX,222
USC00310576,2011-04-19,TMAX,244
USC00314684,2005-03-19,TMIN,22
USC00314689,2006-06-03,TMIN,222
USW00093743,2008-04-05,TMIN,172
USW00093743,2008-02-11,TMIN,11
USW00093743,2012-06-25,TMAX,294
USC00314689,2014-04-02,TMAX,300
USC00314684,2015-09-07,TMAX,294
USC00314689,2014-04-02,TMIN,106
USR0000NCRN,2012-07-18,TMIN,261
USC00315830,2012-09-13,TMAX,278
USR0000NCRN,2012-07-18,TMAX,311
USC00315830,2010-12-27,TMIN,-22
USR0000NHOF,2012-08-05,TMAX,317
USC00315830,2010-12-27,TMAX,94
USW00093765,2015-12-05,TMAX,167
USR0000NHOF,2012-08-05,TMIN,222
USC00315830,2012-09-13,TMIN,144
USC00314684,2014-03-24,TMIN,6
USR0000NNWB,2007-12-09,TMIN,83
USR0000NNWB,2007-12-09,TMAX,233
USC00314684,2015-09-07,TMIN,211
USW00093743,2008-02-11,TMAX,272
USC00314684,2013-10-19,TMAX,206
USC00317170,2011-08-11,TMAX,322
USC00310576,2006-06-13,TMIN,183
USC00315830,2009-03-28,TMAX,206
USC00315830,2005-10-24,TMAX,194
USW00093765,2010-02-03,TMIN,22
USW00093765,2010-02-03,TMAX,122
USR0000NHOF,2014-05-05,TMAX,267
USR0000NHOF,2014-06-15,TMIN,178
USR0000NCRN,2015-06-12,TMIN,239
USR0000NHOF,2014-05-05,TMIN,122
USR0000NCRN,2015-06-12,TMAX,289
USC00315830,2008-09-19,TMAX,256
USC00310576,2008-08-02,TMAX,328
USC00315830,2008-09-19,TMIN,200
USC00310576,2008-08-02,TMIN,228
USW00093743,2012-06-25,TMIN,239
USC00310576,2011-04-19,TMIN,78
USC00317170,2014-02-06,TMIN,28
USW00093719,2007-09-13,TMIN,222
USW00093719,2007-09-13,TMAX,289
USC00314684,2013-10-19,TMIN,167
USR0000NHOF,2014-06-15,TMAX,306
USW00093765,2015-12-05,TMIN,72
USC00314689,2007-12-05,TMAX,122
USW00093719,2008-01-25,TMIN,-44
USC00310356,2011-03-26,TMAX,228
USW00013754,2010-04-19,TMIN,67
USW00093765,2005-11-09,TMIN,156
USW00013754,2010-04-19,TMAX,194
USC00316676,2010-10-27,TMIN,211
USC00314684,2013-06-08,TMAX,278
USR0000NNWB,2005-03-18,TMAX,150
USC00310576,2008-10-24,TMIN,67
USW00093719,2011-06-06,TMAX,311
USC00316676,2011-11-16,TMIN,172
USC00316676,2011-11-16,TMAX,261
USC00314144,2009-06-14,TMIN,172
USC00314684,2013-06-08,TMIN,211
USR0000NNWB,2005-03-18,TMIN,22
USR0000NNWB,2014-04-07,TMIN,122
USC00314144,2009-06-14,TMAX,300
USC00310576,2006-10-28,TMAX,228
USR0000NCRN,2015-11-24,TMIN,-22
USW00093719,2005-12-26,TMAX,122
USW00093719,2005-12-26,TMIN,39
USW00093743,2012-02-25,TMIN,44
USC00310356,2008-08-28,TMAX,311
USC00310356,2008-08-28,TMIN,239
USC00310576,2006-10-28,TMIN,94
USR0000NCRN,2011-05-04,TMAX,233
USC00314689,2011-09-22,TMIN,211
USW00093719,2008-01-25,TMAX,39
USC00317170,2014-02-06,TMAX,194
USW00093765,2009-12-23,TMAX,117
USC00314689,2007-12-05,TMIN,17
USW00093765,2009-12-23,TMIN,-10
USR0000NHOF,2008-11-07,TMAX,250
USR0000NHOF,2008-11-07,TMIN,61
USC00317170,2013-09-02,TMIN,217
USC00317170,2013-09-02,TMAX,311
USC00310576,2006-06-13,TMAX,278
USC00315830,2009-06-19,TMAX,322
USC00310356,2013-01-11,TMAX,161
USC00315830,2005-10-24,TMIN,128
USC00310356,2013-01-11,TMIN,83
USR0000NCRN,2014-10-26,TMIN,78
USR0000NCRN,2014-10-26,TMAX,256
USC00310356,2008-01-03,TMAX,17
USC00310356,2008-01-03,TMIN,-39
USC00315830,2009-06-19,TMIN,256
USC00314684,2014-03-24,TMAX,161
USC00310576,2008-10-24,TMAX,194
USR0000NHOF,2006-10-02,TMAX,250
USW00093765,2014-06-13,TMIN,250
USC00315830,2009-03-28,TMIN,167
USC00317170,2015-01-10,TMAX,61
USC00315830,2014-07-09,TMAX,300
USC00315830,2014-07-09,TMIN,267
USC00314684,2015-06-19,TMAX,361
USW00093765,2011-10-02,TMIN,78
USC00314684,2015-06-19,TMIN,217
USW00093765,2011-10-02,TMAX,189
USW00013754,2015-07-20,TMAX,333
USC00316676,2007-08-12,TMAX,289
USW00013754,2015-07-20,TMIN,250
USC00317170,2010-02-03,TMIN,44
USC00317170,2010-02-03,TMAX,111
USC00310356,2005-03-13,TMAX,133
USR0000NCRN,2010-02-11,TMAX,89
USR0000NCRN,2010-02-11,TMIN,-17
USC00314144,2006-11-18,TMIN,22
USC00314144,2006-11-18,TMAX,144
USC00315830,2005-11-11,TMAX,194
USC00315830,2008-12-22,TMAX,133
USC00315830,2010-08-11,TMAX,322
USC00317170,2008-05-13,TMAX,222
USC00317170,2008-05-13,TMIN,94
USC00310356,2012-08-05,TMIN,261
USC00315830,2010-08-11,TMIN,267
USR0000NHOF,2010-07-23,TMIN,228
USR0000NHOF,2010-07-23,TMAX,333
USW00013754,2009-03-15,TMIN,83
USC00316096,2010-06-29,TMIN,233
USW00093765,2013-06-08,TMIN,239
USC00310356,2008-02-11,TMAX,161
USW00093743,2009-12-28,TMIN,33
USC00317170,2009-09-28,TMIN,167
USC00317170,2009-09-28,TMAX,289
USC00316096,2010-06-29,TMAX,311
USC00310356,2008-02-11,TMIN,11
USW00093743,2008-11-07,TMAX,217
USC00314684,2013-03-01,TMIN,6
USW00093743,2008-11-07,TMIN,106
USC00317170,2009-12-07,TMAX,139
USW00013754,2009-03-15,TMAX,122
USC00317170,2009-12-07,TMIN,28
USC00310356,2015-04-12,TMAX,228
USR0000NNWB,2013-05-22,TMIN,206
USR0000NNWB,2013-05-22,TMAX,300
USC00315830,2009-07-30,TMIN,256
USC00315830,2009-07-30,TMAX,300
USC00314689,2011-09-22,TMAX,306
USC00310356,2012-08-05,TMAX,311
USC00315830,2005-11-11,TMIN,33
USR0000NHOF,2008-10-17,TMIN,133
USW00013754,2010-04-09,TMAX,200
USR0000NCRN,2006-10-25,TMIN,6
USR0000NHOF,2009-12-28,TMIN,-22
USW00093743,2012-08-05,TMIN,267
USC00315830,2014-06-18,TMIN,239
USC00310356,2015-02-02,TMAX,139
USW00093765,2006-10-06,TMAX,267
USC00317170,2011-01-16,TMIN,11
USC00310356,2008-02-20,TMIN,50
USR0000NNWB,2011-03-12,TMAX,194
USC00310576,2008-05-16,TMIN,178
USC00310576,2008-05-16,TMAX,256
USC00310356,2008-02-20,TMAX,133
USR0000NCRN,2011-06-20,TMAX,333
USW00093765,2014-11-04,TMAX,183
USW00093765,2014-11-04,TMIN,67
USC00310356,2007-06-02,TMAX,272
USR0000NNWB,2011-03-12,TMIN,6
USW00093765,2008-04-06,TMAX,222
USW00093765,2008-04-06,TMIN,111
USC00310356,2007-06-02,TMIN,222
USC00314689,2008-08-10,TMIN,200
USC00315830,2014-06-18,TMAX,289
USR0000NCRN,2011-06-20,TMIN,206
USW00013754,2005-07-15,TMAX,311
USR0000NHOF,2007-12-20,TMAX,150
USR0000NHOF,2008-10-17,TMAX,250
USC00316676,2007-08-12,TMIN,189
USC00310576,2012-05-21,TMAX,228
USR0000NNWB,2005-12-21,TMIN,-50
USC00310576,2012-05-21,TMIN,122
USW00013754,2010-04-09,TMIN,72
USC00310356,2015-02-02,TMIN,61
USW00013754,2013-05-22,TMIN,211
USW00013754,2013-05-22,TMAX,283
USC00317170,2011-01-16,TMAX,144
USC00314689,2008-08-10,TMAX,289
USR0000NHOF,2009-12-28,TMAX,100
USW00093765,2006-10-06,TMIN,150
USC00317170,2013-06-08,TMAX,317
USC00317170,2013-06-08,TMIN,217
USW00013754,2005-07-15,TMIN,228
USW00093743,2008-08-28,TMIN,144
USR0000NCRN,2006-10-25,TMAX,156
USR0000NNWB,2005-12-21,TMAX,72
USC00317170,2015-01-10,TMIN,-39
USR0000NHOF,2007-12-20,TMIN,-50
USW00093743,2008-08-28,TMAX,206
USW00093743,2012-08-05,TMAX,306
USC00314144,2010-02-11,TMIN,-28
USC00314689,2013-10-19,TMIN,161
USR0000NNWB,2015-11-16,TMAX,189
USC00310356,2006-12-18,TMAX,178
USR0000NHOF,2012-06-24,TMIN,178
USC00314684,2010-06-20,TMAX,300
USW00093719,2009-02-08,TMIN,56
USC00317170,2010-09-22,TMIN,200
USC00317170,2015-10-13,TMIN,150
USW00093743,2008-03-14,TMAX,189
USW00093743,2008-03-14,TMIN,122
USC00310356,2007-08-27,TMAX,300
USC00310356,2007-08-27,TMIN,239
USR0000NHOF,2006-06-13,TMAX,211
USR0000NCRN,2014-06-21,TMIN,217
USC00310576,2015-11-01,TMIN,67
USC00314144,2007-02-13,TMAX,211
USR0000NHOF,2006-06-13,TMIN,183
USC00314684,2015-01-08,TMIN,-106
USW00093719,2009-06-06,TMIN,189
USR0000NHOF,2007-04-08,TMAX,128
USR0000NHOF,2007-04-08,TMIN,-89
USC00310356,2006-01-23,TMIN,61
USC00310356,2010-05-01,TMAX,222
USR0000NHOF,2012-06-24,TMAX,294
USC00314684,2015-01-08,TMAX,50
USW00093719,2005-08-30,TMIN,228
USC00314684,2010-06-20,TMIN,206
USR0000NNWB,2007-09-03,TMIN,183
USC00314144,2007-10-18,TMAX,289
USC00310576,2007-03-09,TMAX,128
USC00310356,2008-03-14,TMAX,178
USC00310576,2010-07-05,TMIN,144
USW00093765,2009-01-30,TMAX,117
USR0000NNWB,2008-12-01,TMAX,144
USC00310356,2008-03-14,TMIN,94
USC00310356,2006-12-18,TMIN,83
USR0000NNWB,2008-12-01,TMIN,50
USR0000NNWB,2007-09-03,TMAX,317
USC00314144,2007-10-18,TMIN,161
USC00314689,2007-03-15,TMAX,267
USC00314689,2007-03-15,TMIN,150
USR0000NNWB,2011-03-04,TMIN,6
USC00314684,2005-08-02,TMAX,294
USC00310576,2007-03-09,TMIN,22
USC00316676,2005-11-17,TMAX,256
USW00093743,2009-02-26,TMIN,22
USC00314684,2008-12-02,TMIN,33
USC00310576,2007-08-12,TMIN,183
USW00093719,2005-08-30,TMAX,328
USC00310356,2010-10-14,TMIN,189
USC00317170,2015-10-13,TMAX,261
USR0000NCRN,2014-06-21,TMAX,294
USC00310356,2006-01-23,TMAX,111
USW00093743,2011-04-01,TMIN,39
USW00013754,2012-02-04,TMIN,11
USC00316096,2011-08-21,TMIN,200
USW00013754,2012-02-04,TMAX,200
USW00093719,2013-12-10,TMAX,244
USC00316096,2011-08-21,TMAX,311
USW00013754,2013-06-20,TMIN,189
USR0000NNWB,2011-03-04,TMAX,167
USR0000NHOF,2006-09-22,TMAX,256
USW00013754,2013-06-20,TMAX,278
USW00093719,2009-11-02,TMAX,139
USW00093719,2009-11-02,TMIN,122
USR0000NHOF,2010-09-06,TMIN,133
USR0000NHOF,2012-06-25,TMIN,200
USW00093719,2013-12-10,TMIN,39
USC00317170,2010-09-22,TMAX,339
USC00315830,2014-12-14,TMAX,128
USC00315830,2014-12-14,TMIN,6
USC00314684,2015-11-09,TMAX,150
USR0000NHOF,2010-09-06,TMAX,306
USW00093743,2008-08-26,TMAX,206
USC00316676,2014-12-30,TMAX,144
USW00093765,2014-12-04,TMIN,94
USC00310356,2010-05-01,TMIN,183
USW00093719,2009-02-08,TMAX,228
USR0000NNWB,2010-08-18,TMIN,239
USC00317170,2008-03-15,TMIN,122
USC00317170,2008-03-15,TMAX,244
USC00316676,2014-06-04,TMAX,294
USC00315830,2005-02-02,TMIN,11
USC00310356,2010-10-14,TMAX,278
USR0000NNWB,2010-08-18,TMAX,344
USC00310356,2006-10-02,TMAX,244
USC00316676,2005-02-15,TMIN,56
USC00314689,2015-07-25,TMIN,172
USC00310356,2006-10-02,TMIN,133
USC00316676,2005-11-17,TMIN,89
USC00316676,2005-02-15,TMAX,194
USC00316676,2014-12-30,TMIN,67
USW00093743,2008-08-26,TMIN,150
USR0000NNWB,2013-06-20,TMIN,178
USW00013754,2008-04-02,TMIN,100
USR0000NNWB,2013-06-20,TMAX,294
USW00013754,2008-04-02,TMAX,200
USW00093765,2008-05-13,TMAX,211
USW00093765,2008-05-13,TMIN,94
USC00314684,2005-08-02,TMIN,200
USC00310576,2007-08-12,TMAX,278
USC00314689,2015-07-25,TMAX,300
USW00093719,2009-05-31,TMAX,317
USC00314144,2011-02-18,TMIN,106
USW00013754,2008-09-21,TMIN,178
USW00013754,2008-09-21,TMAX,256
USC00314689,2012-02-06,TMAX,94
USC00314689,2012-02-06,TMIN,17
USR0000NNWB,2005-04-25,TMIN,44
USW00093719,2011-02-25,TMAX,222
USC00310356,2015-12-26,TMAX,206
USW00093719,2009-03-31,TMAX,194
USW00093743,2010-10-14,TMAX,256
USW00093719,2009-03-31,TMIN,22
USC00314684,2013-05-22,TMIN,189
USC00314684,2013-05-22,TMAX,283
USC00315830,2005-03-23,TMAX,194
USC00315830,2005-03-23,TMIN,144
USW00093719,2011-02-25,TMIN,83
USW00093765,2015-06-19,TMAX,311
USC00314144,2007-07-28,TMAX,300
USW00093765,2015-06-19,TMIN,239
USC00310576,2013-03-10,TMAX,167
USW00093765,2014-04-07,TMIN,139
USR0000NNWB,2005-04-25,TMAX,206
USC00310576,2013-03-10,TMIN,-6
USW00093743,2010-10-14,TMIN,139
USR0000NHOF,2012-05-29,TMIN,194
USC00316096,2013-11-06,TMIN,122
USW00093719,2013-06-20,TMIN,189
USW00093719,2013-06-20,TMAX,289
USW00093743,2011-04-14,TMAX,211
USW00093743,2012-06-24,TMIN,200
USC00316096,2013-11-06,TMAX,194
USR0000NNWB,2014-11-04,TMAX,206
USW00093765,2005-03-05,TMIN,28
USW00093743,2011-04-14,TMIN,111
USR0000NNWB,2014-11-04,TMIN,33
USW00093765,2015-12-03,TMIN,78
USC00317170,2014-04-02,TMAX,322
USC00317170,2014-04-02,TMIN,94
USC00315830,2010-10-16,TMAX,233
USC00315830,2010-10-16,TMIN,89
USC00316096,2010-02-03,TMIN,-17
USC00316096,2010-02-03,TMAX,100
USW00093765,2015-12-03,TMAX,189
USC00316676,2009-11-28,TMIN,-6
USR0000NHOF,2012-05-29,TMAX,283
USC00314144,2011-02-18,TMAX,244
USC00316676,2009-11-28,TMAX,139
USC00314144,2007-07-28,TMIN,178
USC00317170,2008-04-25,TMIN,122
USC00310576,2013-10-14,TMAX,267
USW00013754,2015-12-29,TMIN,167
USR0000NCRN,2013-11-11,TMIN,22
USC00315830,2015-01-08,TMAX,67
USC00314684,2014-02-06,TMIN,22
USR0000NCRN,2013-11-11,TMAX,156
USW00013754,2015-12-29,TMAX,256
USC00310356,2006-06-13,TMIN,167
USW00093719,2005-01-30,TMIN,22
USW00093719,2005-01-30,TMAX,83
USR0000NCRN,2015-01-19,TMIN,17
USW00093719,2009-06-06,TMAX,217
USC00310356,2015-12-26,TMIN,167
USC00310356,2008-10-22,TMAX,206
USW00093765,2009-01-30,TMIN,11
USC00316096,2014-08-29,TMIN,206
USC00316096,2014-08-29,TMAX,317
USC00314684,2014-02-06,TMAX,183
USR0000NCRN,2015-01-19,TMAX,167
USC00310576,2010-07-05,TMAX,311
USC00315830,2015-01-08,TMIN,-89
USC00310356,2008-10-22,TMIN,100
USW00093743,2009-02-26,TMAX,178
USC00310576,2008-04-27,TMIN,156
USC00310576,2013-10-14,TMIN,189
USC00315830,2005-02-02,TMAX,117
USW00093765,2014-04-07,TMAX,222
USC00317170,2008-04-25,TMAX,278
USC00315830,2006-08-25,TMAX,306
USR0000NNWB,2010-08-24,TMIN,211
USR0000NNWB,2010-08-24,TMAX,294
USW00013754,2009-05-04,TMAX,272
USW00013754,2009-05-04,TMIN,189
USW00093719,2010-07-09,TMIN,211
USW00093719,2010-07-09,TMAX,333
USR0000NHOF,2006-01-23,TMIN,67
USC00314144,2007-02-13,TMIN,28
USR0000NCRN,2014-05-29,TMAX,267
USR0000NCRN,2014-05-29,TMIN,194
USC00315830,2006-08-25,TMIN,200
USC00315830,2008-06-11,TMAX,306
USW00013754,2010-12-22,TMIN,-16
USW00093765,2010-09-28,TMAX,261
USW00013754,2010-12-22,TMAX,183
USW00013754,2005-06-15,TMIN,228
USR0000NHOF,2006-01-23,TMAX,211
USW00093765,2010-09-28,TMIN,211
USC00310576,2008-04-27,TMAX,283
USC00315830,2008-06-11,TMIN,244
USR0000NCRN,2015-11-24,TMAX,133
USC00314684,2012-11-22,TMAX,150
USC00310576,2006-05-28,TMAX,289
USW00013754,2013-06-08,TMIN,217
USW00093743,2010-05-01,TMIN,189
USC00316096,2012-08-02,TMIN,189
USW00093765,2013-05-22,TMIN,222
USW00093765,2013-05-22,TMAX,272
USW00093719,2010-02-15,TMAX,144
USR0000NHOF,2015-06-12,TMIN,206
USR0000NHOF,2015-06-12,TMAX,328
USC00310356,2007-05-28,TMAX,256
USW00013754,2005-01-02,TMAX,206
USW00013754,2005-01-02,TMIN,44
USC00310576,2011-10-10,TMIN,133
USC00316676,2005-07-21,TMIN,244
USC00316676,2005-07-21,TMAX,328
USR0000NCRN,2009-09-15,TMIN,250
USC00310576,2010-10-03,TMIN,150
USC00310576,2010-10-03,TMAX,244
USC00310576,2011-10-10,TMAX,256
USR0000NCRN,2009-09-15,TMAX,289
USC00310576,2009-11-05,TMIN,67
USC00316096,2010-10-12,TMAX,278
USW00013754,2013-06-08,TMAX,294
USR0000NNWB,2013-06-08,TMAX,322
USR0000NCRN,2008-03-30,TMIN,72
USW00093765,2007-11-20,TMAX,172
USR0000NCRN,2008-03-30,TMAX,117
USW00093719,2014-11-04,TMAX,217
USW00093719,2014-11-04,TMIN,44
USW00093765,2009-12-07,TMIN,50
USC00310356,2007-05-28,TMIN,167
USR0000NHOF,2008-08-28,TMIN,217
USR0000NHOF,2008-08-28,TMAX,289
USW00093719,2005-05-29,TMAX,289
USW00093719,2009-05-31,TMIN,178
USW00093719,2005-05-29,TMIN,144
USC00316096,2012-08-02,TMAX,300
USW00093719,2008-05-20,TMAX,311
USW00093719,2010-02-15,TMIN,-22
USR0000NHOF,2007-08-04,TMAX,333
USR0000NCRN,2015-05-05,TMAX,250
USC00310356,2011-04-01,TMIN,78
USR0000NCRN,2015-05-05,TMIN,100
USW00093719,2008-05-20,TMIN,167
USC00310356,2011-04-01,TMAX,122
USR0000NNWB,2007-10-03,TMIN,211
USW00093765,2007-11-20,TMIN,106
USW00093743,2010-05-01,TMAX,256
USR0000NNWB,2007-12-03,TMAX,211
USC00316096,2010-10-12,TMIN,183
USC00314684,2007-04-13,TMIN,50
USC00316676,2006-06-18,TMAX,294
USW00093719,2009-08-27,TMAX,322
USW00093719,2012-07-29,TMIN,211
USC00310356,2008-04-05,TMIN,144
USW00093765,2012-07-02,TMAX,328
USC00315830,2007-10-07,TMAX,289
USC00315830,2007-10-07,TMIN,206
USW00093765,2012-07-02,TMIN,239
USW00013754,2005-12-26,TMAX,122
USW00013754,2005-12-26,TMIN,33
USC00310356,2005-07-20,TMAX,300
USW00093719,2012-07-29,TMAX,333
USC00314684,2011-09-24,TMIN,189
USW00093719,2013-01-15,TMAX,172
USC00315830,2006-09-09,TMAX,283
USR0000NHOF,2015-01-06,TMIN,-22
USC00310576,2012-04-12,TMIN,33
USC00310576,2012-04-12,TMAX,172
USW00093765,2014-06-13,TMAX,289
USC00315830,2006-09-09,TMIN,183
USC00314144,2010-02-11,TMAX,67
USW00093719,2009-08-27,TMIN,222
USC00314684,2011-09-24,TMAX,300
USC00315830,2007-06-01,TMAX,267
USC00310356,2015-06-12,TMAX,283
USR0000NNWB,2013-06-08,TMIN,222
USW00093765,2007-10-14,TMIN,100
USC00315830,2009-02-02,TMAX,150
USW00093765,2007-10-14,TMAX,250
USC00315830,2009-02-02,TMIN,33
USC00314144,2008-07-31,TMIN,217
USR0000NNWB,2007-12-03,TMIN,33
USC00314144,2008-07-31,TMAX,333
USR0000NNWB,2007-10-03,TMAX,311
USC00310576,2007-11-06,TMIN,56
USC00316676,2005-12-18,TMIN,0
USC00315830,2008-10-05,TMAX,256
USC00315830,2007-06-01,TMIN,167
USW00013754,2005-02-07,TMAX,117
USW00013754,2005-02-07,TMIN,11
USC00310356,2005-07-20,TMIN,261
USC00310356,2015-06-12,TMIN,250
USW00093719,2013-01-15,TMIN,111
USC00310356,2008-04-05,TMAX,178
USW00093765,2011-06-08,TMIN,261
USW00093765,2011-06-08,TMAX,311
USC00316676,2006-06-18,TMIN,150
USC00317170,2009-11-05,TMIN,89
USC00314684,2012-11-22,TMIN,28
USR0000NHOF,2007-08-04,TMIN,172
USW00093765,2009-12-07,TMAX,161
USC00314689,2013-09-02,TMIN,217
USR0000NCRN,2008-08-29,TMAX,317
USC00316096,2011-12-12,TMAX,139
USC00316676,2006-04-20,TMIN,83
USR0000NCRN,2008-08-29,TMIN,228
USC00314689,2013-09-02,TMAX,328
USC00316676,2006-04-20,TMAX,250
USR0000NNWB,2008-09-04,TMIN,183
USC00310576,2014-10-26,TMIN,50
USC00310576,2014-10-26,TMAX,239
USC00314144,2008-07-18,TMIN,172
USC00314144,2008-07-18,TMAX,306
USC00316676,2014-03-17,TMAX,144
USC00310576,2013-05-12,TMAX,278
USC00310576,2015-11-01,TMAX,200
USC00310576,2013-05-12,TMIN,194
USC00316676,2005-10-30,TMIN,11
USC00316676,2005-10-30,TMAX,144
USW00093765,2008-04-05,TMIN,178
USW00093765,2008-04-05,TMAX,211
USC00315830,2006-08-26,TMIN,200
USR0000NHOF,2006-09-22,TMIN,78
USC00316676,2014-03-17,TMIN,56
USR0000NNWB,2007-04-26,TMIN,178
USC00316676,2012-08-06,TMAX,322
USC00314144,2006-10-25,TMAX,161
USW00093743,2011-04-01,TMAX,133
USC00310576,2006-05-28,TMIN,172
USC00316096,2015-03-12,TMAX,183
USR0000NHOF,2015-12-26,TMAX,261
USC00314144,2006-10-25,TMIN,-11
USR0000NHOF,2015-12-26,TMIN,172
USC00316676,2005-08-10,TMAX,306
USC00316676,2005-08-10,TMIN,211
USR0000NHOF,2012-06-25,TMAX,300
USC00316096,2015-03-12,TMIN,67
USC00314684,2015-11-09,TMIN,100
USC00317170,2015-04-30,TMAX,178
USR0000NNWB,2007-04-26,TMAX,306
USC00316676,2012-08-06,TMIN,228
USC00315830,2009-07-04,TMAX,294
USC00310576,2014-07-26,TMIN,200
USC00315830,2009-07-04,TMIN,178
USC00310576,2014-07-26,TMAX,283
USC00317170,2015-04-30,TMIN,122
USC00314684,2008-12-02,TMAX,133
USR0000NNWB,2008-09-04,TMAX,328
USC00315830,2006-08-26,TMAX,306
USC00317170,2013-05-22,TMIN,206
USC00316096,2011-12-12,TMIN,56
USR0000NHOF,2008-03-14,TMIN,78
USC00316676,2005-07-04,TMAX,294
USR0000NHOF,2012-02-25,TMAX,128
USC00314684,2007-02-07,TMIN,-56
USC00314684,2007-02-07,TMAX,78
USC00314144,2005-06-23,TMAX,317
USC00314684,2010-02-03,TMIN,-33
USC00314684,2010-02-03,TMAX,94
USC00314144,2005-06-23,TMIN,172
USW00013754,2007-09-10,TMIN,206
USC00316096,2013-09-02,TMIN,217
USW00013754,2007-09-10,TMAX,322
USC00314684,2007-04-13,TMAX,256
USC00310576,2009-11-05,TMAX,194
USW00093765,2014-12-04,TMAX,144
USC00316096,2013-09-02,TMAX,300
USC00310576,2012-09-17,TMIN,139
USC00310576,2012-09-17,TMAX,250
USC00315830,2011-11-13,TMAX,206
USC00315830,2011-11-13,TMIN,72
USR0000NHOF,2009-04-29,TMAX,278
USW00013754,2008-11-16,TMAX,139
USW00093719,2005-09-30,TMIN,183
USC00310576,2005-07-03,TMIN,211
USR0000NHOF,2011-04-14,TMIN,56
USC00317170,2013-05-22,TMAX,322
USC00317170,2015-06-19,TMAX,339
USC00314689,2010-12-23,TMAX,78
USC00314689,2010-12-23,TMIN,0
USR0000NCRN,2005-06-02,TMAX,261
USC00317170,2015-06-19,TMIN,211
USC00310576,2013-01-25,TMIN,-28
USC00314689,2008-08-11,TMIN,183
USW00093719,2005-12-21,TMIN,-50
USW00093719,2005-09-30,TMAX,244
USC00316676,2005-12-18,TMAX,94
USR0000NHOF,2012-02-25,TMIN,6
USW00093719,2005-12-21,TMAX,56
USC00310576,2005-07-03,TMAX,283
USC00316676,2005-07-04,TMIN,222
USC00314689,2008-08-11,TMAX,300
USR0000NHOF,2008-03-14,TMAX,217
USC00310576,2013-01-25,TMAX,56
USC00314684,2007-01-06,TMIN,150
USC00314684,2007-01-06,TMAX,222
USW00013754,2008-11-16,TMIN,33
USR0000NHOF,2011-04-14,TMAX,233
USR0000NHOF,2009-04-29,TMIN,83
USC00316676,2006-06-03,TMAX,300
USR0000NNWB,2014-04-07,TMAX,250
USC00315830,2013-02-03,TMAX,94
USR0000NNWB,2007-03-03,TMAX,200
USC00315830,2007-08-13,TMIN,194
USC00315830,2007-08-13,TMAX,300
USR0000NNWB,2007-03-03,TMIN,83
USC00316096,2015-11-09,TMAX,217
USC00310356,2007-11-19,TMAX,167
USC00316096,2015-11-09,TMIN,133
USC00314144,2010-06-27,TMAX,344
USC00314144,2010-06-27,TMIN,250
USC00310356,2007-11-19,TMIN,106
USR0000NNWB,2010-04-09,TMIN,83
USC00315830,2006-07-24,TMAX,294
USC00310356,2013-03-04,TMIN,-11
USR0000NHOF,2005-10-20,TMAX,283
USR0000NHOF,2005-10-20,TMIN,144
USW00013754,2009-10-02,TMAX,261
USC00315830,2013-10-14,TMAX,278
USR0000NCRN,2008-04-18,TMIN,78
USW00013754,2009-10-02,TMIN,106
USC00315830,2011-12-14,TMIN,39
USC00316096,2014-07-07,TMIN,183
USC00315830,2006-07-24,TMIN,217
USW00093719,2012-04-05,TMAX,200
USR0000NNWB,2010-04-09,TMAX,206
USR0000NNWB,2012-03-05,TMIN,0
USR0000NCRN,2007-12-01,TMIN,0
USC00315830,2007-01-11,TMAX,122
USR0000NNWB,2010-02-03,TMIN,-6
USR0000NNWB,2010-02-03,TMAX,111
USC00310576,2012-11-25,TMAX,128
USR0000NNWB,2006-09-05,TMAX,300
USR0000NNWB,2006-09-05,TMIN,211
USC00316096,2012-12-15,TMAX,150
USW00013754,2008-01-27,TMAX,100
USW00013754,2008-01-27,TMIN,-10
USC00310576,2006-08-13,TMAX,272
USC00310576,2006-08-13,TMIN,172
USR0000NCRN,2007-12-01,TMAX,150
USR0000NCRN,2013-11-09,TMAX,167
USC00316096,2012-12-15,TMIN,11
USR0000NCRN,2013-11-09,TMIN,-6
USW00013754,2011-02-10,TMAX,39
USW00013754,2011-02-10,TMIN,-32
USW00093765,2005-08-09,TMIN,233
USR0000NNWB,2012-03-05,TMAX,150
USC00315830,2005-01-04,TMIN,117
USC00315830,2005-01-04,TMAX,178
USC00316096,2011-04-17,TMIN,89
USC00316676,2009-11-18,TMIN,117
USW00093719,2006-11-01,TMAX,256
USC00314684,2005-02-27,TMAX,117
USR0000NCRN,2011-11-22,TMIN,144
USW00093765,2005-08-09,TMAX,300
USW00093765,2006-06-03,TMIN,200
USC00314684,2005-02-27,TMIN,-50
USC00316676,2007-08-16,TMIN,183
USC00314684,2009-12-07,TMIN,-22
USC00314689,2012-11-22,TMIN,39
USC00310356,2005-05-28,TMAX,228
USC00314689,2005-08-30,TMAX,344
USC00314689,2005-08-30,TMIN,233
USW00013754,2010-06-21,TMAX,333
USC00317170,2009-05-25,TMIN,189
USC00316676,2007-10-14,TMIN,67
USC00317170,2009-05-25,TMAX,289
USW00093719,2010-04-27,TMIN,122
USC00310356,2005-08-09,TMAX,289
USW00093765,2006-06-03,TMAX,256
USR0000NHOF,2007-06-02,TMAX,256
USW00013754,2010-06-21,TMIN,233
USC00314144,2008-08-20,TMIN,167
USC00316676,2012-06-20,TMAX,317
USW00093719,2012-04-05,TMIN,89
USC00316676,2007-10-14,TMAX,244
USC00315830,2015-12-07,TMAX,183
USC00310356,2005-05-28,TMIN,194
USR0000NCRN,2008-04-18,TMAX,300
USC00316676,2009-11-18,TMAX,189
USC00315830,2011-12-14,TMAX,156
USC00316096,2014-07-07,TMAX,294
USW00093719,2006-11-01,TMIN,133
USC00314684,2009-12-07,TMAX,67
USC00316676,2013-06-08,TMAX,283
USC00314684,2012-09-29,TMIN,144
USC00316676,2013-06-08,TMIN,211
USC00314684,2006-08-15,TMIN,183
USW00093719,2007-12-31,TMAX,161
USC00315830,2006-07-21,TMAX,306
USC00316676,2005-07-29,TMIN,217
USC00314684,2012-09-29,TMAX,294
USC00314684,2006-08-15,TMAX,300
USR0000NCRN,2011-11-22,TMAX,222
USC00314689,2012-11-22,TMAX,161
USC00310356,2013-03-04,TMAX,83
USC00315830,2015-12-07,TMIN,106
USC00315830,2006-07-21,TMIN,239
USC00316676,2012-06-20,TMIN,194
USC00316096,2011-04-17,TMAX,211
USW00093765,2013-12-10,TMIN,33
USW00093743,2013-03-04,TMAX,94
USC00316676,2005-07-29,TMAX,339
USW00093719,2005-06-16,TMIN,211
USC00315830,2011-08-12,TMIN,239
USW00093765,2005-04-25,TMIN,78
USC00316676,2015-08-17,TMIN,183
USC00310576,2015-06-24,TMIN,256
USW00093743,2012-04-12,TMIN,22
USW00093743,2012-04-12,TMAX,178
USC00310576,2015-06-24,TMAX,328
USC00314689,2011-04-28,TMIN,183
USC00316676,2010-05-08,TMIN,189
USC00314689,2011-04-28,TMAX,283
USW00093719,2013-09-02,TMIN,233
USC00314684,2012-12-03,TMAX,200
USR0000NNWB,2007-11-02,TMAX,172
USC00316676,2015-06-06,TMAX,233
USC00316676,2015-06-06,TMIN,161
USC00314144,2011-01-16,TMIN,-39
USC00310356,2015-10-26,TMIN,156
USW00093719,2013-09-02,TMAX,322
USR0000NCRN,2010-10-14,TMIN,144
USR0000NHOF,2005-05-28,TMAX,306
USW00093765,2013-12-10,TMAX,189
USW00093765,2005-04-25,TMAX,167
USW00093719,2011-07-09,TMIN,233
USC00317170,2011-09-14,TMAX,317
USC00317170,2014-10-17,TMAX,228
USC00316676,2015-08-17,TMAX,300
USC00317170,2007-06-19,TMAX,361
USC00317170,2011-09-14,TMIN,172
USC00315830,2014-07-18,TMAX,289
USC00314144,2009-04-25,TMAX,272
USC00317170,2014-10-17,TMIN,117
USC00310356,2015-10-26,TMAX,228
USC00310576,2007-07-04,TMAX,267
USC00317170,2014-08-29,TMIN,217
USC00310576,2007-07-04,TMIN,139
USC00317170,2015-12-05,TMIN,17
USC00314144,2011-01-16,TMAX,139
USC00317170,2009-03-31,TMAX,206
USC00317170,2009-03-31,TMIN,44
USR0000NHOF,2005-05-28,TMIN,144
USC00317170,2014-08-29,TMAX,328
USC00310356,2008-08-26,TMAX,306
USC00314684,2009-05-03,TMIN,189
USC00314684,2009-05-03,TMAX,289
USC00316676,2010-05-08,TMAX,300
USW00013754,2005-08-25,TMIN,222
USC00314684,2012-11-06,TMIN,6
USW00013754,2005-08-25,TMAX,283
USC00315830,2007-05-01,TMIN,194
USC00315830,2009-06-13,TMAX,294
USC00316676,2010-04-26,TMAX,267
USR0000NNWB,2011-10-22,TMIN,67
USR0000NNWB,2009-02-08,TMIN,67
USC00315830,2009-06-13,TMIN,233
USC00315830,2012-01-01,TMIN,39
USR0000NNWB,2007-11-02,TMIN,117
USW00093765,2007-03-09,TMIN,33
USW00093765,2007-03-09,TMAX,150
USR0000NNWB,2009-02-08,TMAX,233
USC00316676,2009-11-29,TMAX,150
USC00316676,2009-11-29,TMIN,0
USC00316676,2010-10-02,TMAX,206
USC00310576,2012-11-25,TMIN,-11
USC00316676,2010-10-02,TMIN,150
USW00093743,2013-03-04,TMIN,-16
USW00093765,2005-12-26,TMAX,122
USC00315830,2012-01-01,TMAX,189
USW00093765,2005-12-26,TMIN,61
USC00315830,2007-01-11,TMIN,-28
USR0000NCRN,2015-02-02,TMAX,161
USR0000NCRN,2015-02-02,TMIN,17
USC00315830,2011-08-12,TMAX,344
USC00316676,2013-12-24,TMIN,67
USW00093765,2013-10-19,TMIN,194
USR0000NHOF,2013-03-04,TMIN,-33
USC00317170,2008-12-15,TMIN,128
USC00317170,2008-12-15,TMAX,233
USW00093765,2011-03-22,TMIN,139
USC00310356,2012-04-12,TMIN,44
USW00093765,2011-03-22,TMAX,283
USC00310356,2012-04-12,TMAX,167
USC00314689,2006-02-08,TMAX,111
USW00093765,2013-10-19,TMAX,256
USR0000NHOF,2011-03-26,TMAX,133
USR0000NHOF,2013-03-04,TMAX,89
USR0000NCRN,2010-10-14,TMAX,261
USC00314689,2006-02-08,TMIN,-22
USC00310356,2005-10-20,TMIN,139
USC00314144,2008-09-05,TMIN,172
USC00314144,2008-09-05,TMAX,278
USR0000NHOF,2009-10-25,TMIN,122
USC00315830,2008-01-05,TMIN,-39
USC00315830,2008-01-05,TMAX,111
USC00315830,2007-05-01,TMAX,261
USR0000NNWB,2011-10-22,TMAX,211
USC00310356,2005-10-20,TMAX,261
USW00093719,2014-03-24,TMIN,22
USC00315830,2010-09-05,TMAX,300
USR0000NHOF,2007-08-27,TMAX,289
USC00310576,2013-06-20,TMAX,256
USC00314144,2005-05-15,TMIN,183
USR0000NNWB,2012-09-24,TMAX,250
USC00314689,2007-05-31,TMIN,144
USR0000NNWB,2008-05-23,TMIN,128
USR0000NNWB,2012-09-24,TMIN,117
USC00310356,2010-11-12,TMAX,189
USR0000NCRN,2012-03-15,TMIN,100
USR0000NNWB,2008-05-23,TMAX,261
USC00316676,2009-12-30,TMIN,-33
USC00310576,2012-11-03,TMIN,22
USC00316676,2014-10-25,TMIN,67
USC00316676,2014-10-25,TMAX,211
USC00315830,2005-10-07,TMIN,222
USR0000NCRN,2012-03-15,TMAX,233
USW00093719,2011-12-26,TMIN,6
USC00310576,2005-04-21,TMIN,156
USC00316676,2009-12-30,TMAX,83
USC00310356,2005-10-22,TMIN,217
USC00310356,2005-10-22,TMAX,267
USW00093765,2012-02-26,TMAX,106
USC00316096,2010-09-02,TMIN,183
USW00093719,2011-12-26,TMAX,128
USC00310576,2013-06-20,TMIN,178
USR0000NNWB,2015-02-27,TMAX,106
USC00317170,2015-08-18,TMIN,206
USW00093765,2007-09-02,TMAX,289
USW00093765,2007-09-02,TMIN,200
USC00315830,2015-10-08,TMIN,144
USC00317170,2014-05-24,TMAX,283
USC00315830,2015-10-08,TMAX,261
USC00317170,2014-05-24,TMIN,144
USC00315830,2011-01-29,TMIN,0
USR0000NCRN,2006-12-09,TMIN,-78
USC00310356,2010-11-12,TMIN,78
USR0000NCRN,2006-12-09,TMAX,94
USR0000NNWB,2015-02-27,TMIN,-6
USC00314689,2007-05-31,TMAX,311
USR0000NNWB,2009-10-02,TMAX,261
USR0000NNWB,2009-10-02,TMIN,117
USR0000NHOF,2011-02-14,TMIN,61
USW00093765,2012-02-26,TMIN,6
USR0000NHOF,2011-02-14,TMAX,211
USC00315830,2011-08-24,TMAX,300
USC00315830,2010-11-10,TMIN,61
USC00315830,2011-08-24,TMIN,217
USC00314144,2005-05-15,TMAX,289
USC00310576,2005-04-21,TMAX,294
USC00314144,2010-04-04,TMAX,272
USC00316676,2010-12-01,TMAX,228
USW00093765,2007-06-19,TMIN,233
USR0000NCRN,2014-03-18,TMAX,83
USW00093765,2007-06-19,TMAX,278
USC00315830,2006-06-13,TMAX,261
USC00314144,2009-02-11,TMIN,100
USC00315830,2006-06-13,TMIN,200
USC00314144,2009-02-11,TMAX,217
USC00314689,2011-04-17,TMAX,228
USR0000NCRN,2014-03-18,TMIN,39
USC00310576,2010-09-29,TMIN,200
USC00310576,2010-09-29,TMAX,278
USW00093765,2005-09-30,TMIN,211
USC00314689,2011-04-17,TMIN,83
USW00093765,2015-08-16,TMAX,294
USC00316676,2008-03-24,TMIN,33
USR0000NNWB,2008-07-12,TMAX,322
USC00314689,2014-05-26,TMIN,133
USC00316096,2011-09-24,TMAX,239
USC00316096,2011-09-24,TMIN,211
USC00310356,2010-09-06,TMIN,233
USC00314689,2014-05-26,TMAX,278
USW00013754,2011-03-04,TMIN,22
USW00013754,2008-11-26,TMAX,111
USW00013754,2008-11-26,TMIN,-38
USC00310356,2013-09-10,TMIN,228
USC00316676,2010-12-01,TMIN,106
USC00310576,2013-05-22,TMIN,189
USW00013754,2011-10-19,TMAX,261
USC00314684,2007-02-03,TMAX,94
USC00310576,2013-05-22,TMAX,278
USC00314684,2007-02-03,TMIN,0
USC00315830,2011-01-29,TMAX,122
USC00314689,2008-06-21,TMAX,256
USW00013754,2011-10-19,TMIN,150
USC00314689,2008-06-21,TMIN,178
USC00314689,2005-06-15,TMAX,350
USC00314144,2010-04-04,TMIN,111
USW00093765,2007-07-16,TMIN,239
USR0000NNWB,2014-03-24,TMIN,17
USC00315830,2010-11-10,TMAX,183
USC00310356,2006-10-25,TMIN,17
USC00310576,2012-11-03,TMAX,189
USW00093765,2007-07-16,TMAX,300
USR0000NCRN,2005-06-23,TMIN,200
USR0000NNWB,2014-03-24,TMAX,111
USC00310356,2013-09-10,TMAX,306
USW00093765,2005-09-30,TMAX,250
USC00315830,2005-10-07,TMAX,272
USC00315830,2014-07-18,TMIN,194
USC00310576,2007-08-18,TMIN,233
USC00316676,2007-08-16,TMAX,328
USC00316676,2015-04-04,TMAX,272
USW00013754,2013-09-02,TMIN,222
USW00093743,2008-01-03,TMIN,-38
USC00316676,2015-04-04,TMIN,150
USR0000NCRN,2005-07-07,TMAX,333
USR0000NCRN,2005-07-07,TMIN,233
USW00093719,2010-04-27,TMAX,228
USC00316096,2013-03-01,TMAX,111
USW00013754,2009-07-04,TMIN,167
USR0000NHOF,2011-03-26,TMIN,44
USR0000NHOF,2005-10-22,TMIN,139
USC00316096,2013-03-01,TMIN,-17
USR0000NHOF,2007-08-27,TMIN,211
USW00013754,2013-09-02,TMAX,306
USR0000NHOF,2005-10-22,TMAX,272
USC00314684,2014-05-10,TMAX,333
USR0000NHOF,2008-04-05,TMAX,206
USW00093719,2010-01-29,TMAX,67
USW00093719,2010-01-29,TMIN,-6
USR0000NHOF,2007-05-16,TMIN,133
USC00314684,2014-11-04,TMAX,178
USC00315830,2006-05-28,TMIN,189
USR0000NHOF,2007-05-16,TMAX,267
USC00315830,2006-05-28,TMAX,311
USW00093719,2007-04-26,TMIN,172
USW00013754,2010-02-03,TMIN,6
USR0000NNWB,2010-05-26,TMAX,261
USR0000NNWB,2010-05-26,TMIN,189
USC00315830,2010-09-05,TMIN,183
USW00013754,2010-02-03,TMAX,100
USW00093719,2014-03-24,TMAX,106
USC00314144,2008-08-20,TMAX,306
USW00093719,2007-02-07,TMIN,6
USC00315830,2013-10-14,TMIN,222
USC00317170,2013-03-15,TMIN,-17
USC00310576,2011-08-26,TMIN,206
USW00093719,2007-02-07,TMAX,117
USR0000NHOF,2007-06-02,TMIN,122
USW00093765,2012-03-12,TMIN,61
USC00310576,2011-08-26,TMAX,322
USC00316676,2005-06-09,TMAX,306
USW00093765,2012-03-12,TMAX,211
USC00316676,2005-06-09,TMIN,206
USC00317170,2013-03-15,TMAX,161
USW00013754,2009-07-04,TMAX,306
USW00093719,2007-04-26,TMAX,294
USW00093743,2008-01-03,TMAX,50
USC00314684,2014-05-10,TMIN,206
USC00314684,2014-11-04,TMIN,6
USR0000NHOF,2008-04-05,TMIN,161
USC00315830,2015-12-29,TMIN,156
USC00314684,2014-10-17,TMAX,228
USC00315830,2015-12-29,TMAX,217
USC00314684,2014-10-17,TMIN,89
USW00013754,2011-03-31,TMIN,78
USC00310576,2007-05-24,TMIN,128
USC00310576,2007-05-24,TMAX,244
USC00316676,2006-12-07,TMAX,172
USR0000NCRN,2012-09-17,TMIN,200
USC00314684,2005-03-01,TMIN,50
USC00314689,2007-03-27,TMAX,283
USC00314684,2005-03-01,TMAX,89
USR0000NCRN,2012-09-17,TMAX,267
USC00316676,2005-02-14,TMIN,56
USC00317170,2009-09-26,TMAX,244
USC00317170,2009-09-26,TMIN,200
USC00316676,2006-12-07,TMIN,-11
USW00093765,2014-08-29,TMIN,244
USW00093765,2014-08-29,TMAX,306
USW00013754,2008-06-27,TMIN,233
USW00013754,2008-06-27,TMAX,322
USC00314689,2005-06-15,TMIN,244
USC00310576,2005-03-31,TMIN,106
USC00310576,2006-03-19,TMIN,-28
USC00310356,2005-08-09,TMIN,233
USW00013754,2012-09-24,TMAX,233
USC00310576,2010-07-21,TMIN,239
USW00013754,2012-09-24,TMIN,128
USC00310576,2010-07-21,TMAX,350
USC00310576,2005-03-31,TMAX,244
USR0000NNWB,2009-08-27,TMIN,222
USC00310356,2009-04-29,TMIN,172
USC00316096,2011-04-28,TMIN,211
USC00314144,2006-03-10,TMAX,244
USC00314144,2006-03-10,TMIN,139
USC00310576,2006-03-19,TMAX,128
USC00310356,2009-04-29,TMAX,239
USR0000NNWB,2009-08-27,TMAX,344
USC00316676,2008-07-03,TMAX,322
USW00013754,2011-03-31,TMAX,111
USC00316676,2008-07-03,TMIN,167
USC00316676,2005-02-14,TMAX,194
USC00316096,2011-04-28,TMAX,250
USC00310576,2007-08-18,TMAX,317
USW00093765,2015-11-22,TMAX,150
USW00093765,2015-11-22,TMIN,50
USR0000NNWB,2010-09-19,TMAX,300
USR0000NNWB,2010-09-19,TMIN,167
USC00314144,2009-04-25,TMIN,172
USC00314144,2008-07-19,TMIN,189
USC00316676,2012-11-27,TMIN,11
USW00013754,2014-04-07,TMAX,244
USC00317170,2009-05-08,TMIN,178
USC00316096,2014-01-29,TMIN,-78
USW00093765,2015-09-19,TMAX,289
USW00093743,2008-10-17,TMIN,150
USC00314689,2014-05-07,TMAX,278
USC00314689,2007-03-16,TMIN,117
USW00093743,2008-10-17,TMAX,250
USC00314689,2005-04-18,TMAX,250
USC00310356,2014-08-25,TMAX,278
USC00314689,2013-06-08,TMAX,300
USC00310356,2015-01-06,TMIN,33
USW00093765,2013-09-02,TMIN,222
USC00314689,2013-06-08,TMIN,217
USC00314689,2005-04-18,TMIN,72
USC00316676,2015-07-26,TMIN,178
USC00316676,2015-07-26,TMAX,294
USC00310356,2007-12-20,TMIN,6
USC00310356,2007-12-20,TMAX,133
USW00093765,2013-09-02,TMAX,294
USW00013754,2008-07-12,TMAX,294
USW00093719,2008-05-23,TMAX,250
USC00314689,2007-03-16,TMAX,267
USW00013754,2014-04-07,TMIN,133
USW00093719,2008-05-23,TMIN,117
USC00314684,2012-07-20,TMIN,233
USW00093765,2007-02-07,TMIN,11
USW00093765,2007-02-07,TMAX,133
USW00093719,2010-08-17,TMIN,228
USC00314689,2011-05-04,TMIN,139
USC00314684,2009-01-06,TMAX,183
USC00314684,2009-01-06,TMIN,122
USC00314689,2012-12-04,TMAX,239
USC00310356,2006-11-26,TMIN,44
USR0000NCRN,2007-05-15,TMIN,100
USC00314689,2011-05-04,TMAX,283
USR0000NCRN,2010-11-10,TMAX,183
USW00013754,2012-03-05,TMAX,172
USW00013754,2012-03-05,TMIN,-5
USC00314689,2012-12-04,TMIN,100
USC00317170,2012-07-02,TMAX,311
USC00310356,2014-06-15,TMIN,217
USC00310356,2014-06-15,TMAX,289
USC00317170,2012-07-02,TMIN,200
USC00314689,2014-05-07,TMIN,144
USC00316676,2012-05-24,TMIN,178
USC00316676,2012-05-24,TMAX,289
USR0000NHOF,2013-01-11,TMAX,206
USC00314144,2007-12-31,TMIN,-11
USR0000NNWB,2015-07-20,TMAX,356
USW00093719,2005-03-24,TMIN,67
USR0000NCRN,2013-09-10,TMIN,189
USC00314144,2010-10-27,TMAX,283
USC00314689,2014-08-17,TMIN,217
USC00315830,2012-08-20,TMIN,222
USC00316676,2006-10-04,TMAX,272
USC00316676,2006-10-04,TMIN,106
USC00314144,2011-03-14,TMAX,167
USC00314684,2006-06-03,TMIN,217
USR0000NHOF,2009-02-26,TMAX,172
USC00314684,2006-06-03,TMAX,311
USW00093719,2005-03-24,TMAX,189
USC00314144,2007-12-31,TMAX,161
USC00314144,2011-03-14,TMIN,78
USC00315830,2011-06-06,TMIN,189
USC00317170,2011-10-08,TMIN,94
USC00315830,2011-06-06,TMAX,289
USC00314684,2006-09-16,TMIN,150
USC00315830,2015-09-17,TMAX,272
USC00310356,2010-02-11,TMAX,128
USC00314684,2006-09-16,TMAX,278
USC00316096,2012-09-29,TMAX,261
USC00316096,2012-09-29,TMIN,189
USC00315830,2012-08-20,TMAX,278
USC00315830,2013-03-10,TMIN,0
USR0000NNWB,2015-07-20,TMIN,239
USR0000NHOF,2013-01-11,TMIN,67
USW00013754,2008-07-12,TMIN,211
USR0000NCRN,2013-09-10,TMAX,311
USC00314689,2014-08-17,TMAX,322
USC00310356,2014-08-25,TMIN,194
USC00310356,2006-09-16,TMAX,278
USW00093765,2009-03-31,TMAX,183
USW00093765,2009-03-31,TMIN,50
USC00314684,2011-08-21,TMIN,206
USC00314684,2012-07-20,TMAX,339
USC00314684,2007-07-28,TMIN,194
USW00093743,2010-09-06,TMIN,206
USW00093765,2015-09-19,TMIN,217
USW00093765,2014-05-24,TMAX,261
USC00317170,2011-10-08,TMAX,250
USW00093765,2014-05-24,TMIN,194
USW00093765,2009-09-28,TMIN,172
USW00093743,2010-09-06,TMAX,294
USW00093765,2009-09-28,TMAX,261
USC00314684,2011-08-21,TMAX,317
USC00315830,2013-03-10,TMAX,167
USC00314684,2007-07-28,TMAX,339
USC00314689,2008-12-08,TMIN,-50
USW00093765,2009-03-03,TMAX,17
USC00310576,2010-06-01,TMAX,333
USW00093719,2011-06-06,TMIN,183
USC00317170,2011-08-11,TMIN,217
USC00316096,2014-01-06,TMAX,183
USC00314689,2010-10-12,TMAX,300
USR0000NNWB,2008-11-26,TMIN,-28
USC00314689,2010-10-12,TMIN,178
USR0000NNWB,2008-11-26,TMAX,122
USC00310576,2005-07-16,TMAX,322
USC00310576,2005-07-16,TMIN,239
USC00314144,2011-03-07,TMIN,0
USR0000NHOF,2006-10-02,TMIN,61
USW00093765,2009-03-03,TMIN,-55
USC00314144,2011-03-13,TMIN,83
USW00093765,2008-03-15,TMIN,139
USW00093765,2015-10-13,TMIN,172
USR0000NNWB,2010-02-15,TMIN,-28
USR0000NNWB,2010-02-15,TMAX,150
USC00314144,2011-03-13,TMAX,228
USC00317170,2015-04-14,TMAX,267
USC00314684,2013-03-15,TMIN,-39
USC00317170,2015-04-14,TMIN,89
USC00315830,2010-12-21,TMIN,-28
USW00093765,2008-03-15,TMAX,211
USC00314689,2006-08-15,TMAX,311
USC00314689,2006-08-15,TMIN,206
USW00093719,2014-10-17,TMAX,250
USW00093719,2014-10-17,TMIN,128
USW00093743,2007-12-20,TMIN,0
USW00093743,2007-12-20,TMAX,133
USC00316676,2010-10-27,TMAX,283
USC00316096,2015-06-19,TMAX,322
USC00316096,2015-06-19,TMIN,222
USC00314689,2012-09-29,TMIN,183
USC00310356,2012-06-25,TMIN,228
USC00314684,2014-12-29,TMAX,200
USW00093765,2005-11-09,TMAX,228
USC00314684,2014-12-29,TMIN,100
USR0000NCRN,2011-05-04,TMIN,72
USC00314689,2012-09-29,TMAX,294
USW00093743,2012-02-25,TMAX,150
USC00310356,2009-10-25,TMAX,261
USC00310356,2012-06-25,TMAX,294
USC00314144,2011-03-07,TMAX,128
USC00310356,2011-03-26,TMIN,78
USC00310356,2009-10-25,TMIN,183
USC00310356,2007-08-04,TMIN,233
USC00315830,2010-12-21,TMAX,67
USC00314684,2013-03-15,TMAX,111
USW00093765,2015-10-13,TMAX,244
USR0000NNWB,2012-12-17,TMIN,139
USC00315830,2013-06-20,TMIN,217
USW00093719,2015-02-27,TMIN,-5
USR0000NNWB,2006-11-01,TMIN,133
USC00315830,2013-06-20,TMAX,283
USW00093743,2007-06-02,TMIN,189
USW00093719,2015-02-27,TMAX,100
USC00310356,2006-11-26,TMAX,178
USW00093765,2009-09-26,TMAX,250
USW00093765,2009-09-26,TMIN,211
USC00317170,2014-11-04,TMAX,194
USW00013754,2010-08-18,TMIN,228
USC00317170,2014-11-04,TMIN,28
USW00013754,2010-08-18,TMAX,328
USW00093743,2009-10-25,TMIN,144
USC00310576,2006-02-24,TMAX,150
USR0000NCRN,2007-05-15,TMAX,261
USR0000NCRN,2011-11-25,TMAX,183
USW00093719,2010-08-17,TMAX,322
USW00013754,2005-12-21,TMIN,-28
USC00310576,2006-02-24,TMIN,0
USW00013754,2005-12-21,TMAX,61
USC00315830,2008-12-29,TMIN,94
USW00093719,2005-05-16,TMAX,239
USC00316096,2013-06-08,TMIN,222
USC00316096,2013-06-08,TMAX,278
USC00315830,2009-10-23,TMIN,144
USC00316096,2014-01-06,TMIN,-6
USR0000NNWB,2012-12-17,TMAX,167
USC00317170,2009-05-08,TMAX,300
USC00315830,2008-12-29,TMAX,206
USC00315830,2009-01-21,TMAX,111
USW00093743,2013-01-11,TMAX,200
USC00315830,2009-01-21,TMIN,-56
USW00093719,2005-05-16,TMIN,178
USC00316676,2012-01-06,TMAX,144
USC00310576,2010-06-01,TMIN,217
USW00093765,2008-05-20,TMAX,261
USC00316676,2012-01-06,TMIN,-17
USC00315830,2009-10-23,TMAX,256
USW00093743,2009-10-25,TMAX,222
USC00310356,2007-08-04,TMAX,294
USW00093743,2007-06-02,TMAX,261
USR0000NNWB,2006-11-01,TMAX,267
USW00093743,2013-01-11,TMIN,89
USR0000NCRN,2011-11-25,TMIN,-11
USC00314689,2015-06-19,TMAX,344
USC00314689,2015-06-19,TMIN,222
USW00093765,2008-05-20,TMIN,172
USC00315830,2013-02-03,TMIN,-6
USW00013754,2010-01-29,TMAX,78
USC00314689,2014-07-07,TMIN,200
USC00316096,2009-09-04,TMIN,183
USR0000NCRN,2006-01-23,TMAX,211
USW00093719,2010-02-03,TMIN,-6
USW00093719,2010-02-03,TMAX,94
USR0000NHOF,2015-05-05,TMAX,267
USW00013754,2010-08-24,TMIN,217
USR0000NHOF,2015-05-05,TMIN,72
USC00310356,2012-09-17,TMIN,206
USR0000NHOF,2006-11-26,TMAX,200
USR0000NHOF,2006-11-26,TMIN,28
USC00316096,2014-05-07,TMIN,156
USC00316096,2014-05-07,TMAX,261
USC00310356,2012-09-17,TMAX,278
USW00013754,2010-08-24,TMAX,278
USC00314684,2013-11-06,TMIN,89
USC00314684,2013-11-06,TMAX,206
USC00314684,2015-01-09,TMAX,-28
USC00314684,2015-01-09,TMIN,-106
USC00317170,2013-10-19,TMIN,183
USC00317170,2010-04-08,TMIN,167
USC00317170,2013-10-19,TMAX,222
USW00013754,2012-04-05,TMIN,89
USC00316096,2011-09-07,TMAX,300
USW00013754,2012-04-05,TMAX,200
USW00093743,2009-05-23,TMAX,267
USW00093743,2009-04-29,TMAX,250
USW00093765,2014-10-17,TMAX,217
USW00093765,2014-10-17,TMIN,139
USW00093765,2011-01-22,TMAX,6
USW00093765,2011-01-22,TMIN,-43
USC00314144,2006-01-21,TMAX,239
USC00314144,2006-01-21,TMIN,44
USC00317170,2014-03-24,TMAX,100
USC00316676,2007-02-27,TMAX,200
USC00316676,2013-01-29,TMAX,150
USW00093743,2012-09-17,TMIN,200
USW00093743,2012-09-17,TMAX,267
USC00316676,2013-01-29,TMIN,33
USC00314684,2008-10-21,TMAX,189
USC00316676,2015-10-11,TMAX,211
USC00316676,2015-10-11,TMIN,150
USR0000NNWB,2010-01-29,TMAX,83
USR0000NNWB,2010-01-29,TMIN,-6
USW00093719,2007-12-31,TMIN,28
USW00093743,2009-05-23,TMIN,178
USC00316096,2011-09-07,TMIN,222
USR0000NCRN,2006-01-23,TMIN,17
USC00317170,2008-05-20,TMAX,317
USC00317170,2008-05-20,TMIN,167
USC00315830,2006-04-17,TMAX,250
USC00315830,2006-08-18,TMAX,306
USC00310356,2008-08-26,TMIN,244
USW00093765,2014-03-24,TMAX,94
USW00093719,2005-06-16,TMAX,322
USC00317170,2007-06-19,TMIN,217
USR0000NHOF,2012-04-12,TMIN,-11
USR0000NHOF,2009-10-25,TMAX,206
USR0000NHOF,2009-02-26,TMIN,-33
USC00314684,2012-11-06,TMAX,128
USC00314684,2012-12-03,TMIN,17
USC00314689,2012-08-02,TMAX,283
USW00093765,2014-02-06,TMIN,17
USR0000NHOF,2012-04-12,TMAX,172
USW00093765,2014-02-06,TMAX,111
USC00314689,2012-08-02,TMIN,194
USC00316676,2012-11-27,TMAX,194
USW00093719,2011-07-09,TMAX,306
USC00316676,2013-12-24,TMAX,256
USC00314144,2008-07-19,TMAX,306
USC00315830,2006-08-18,TMIN,228
USC00317170,2015-12-05,TMAX,161
USR0000NNWB,2012-04-05,TMIN,83
USR0000NNWB,2012-04-05,TMAX,189
USC00316676,2010-04-26,TMIN,183
USW00093765,2014-03-24,TMIN,22
USC00315830,2013-05-12,TMAX,256
USC00315830,2006-04-17,TMIN,178
USR0000NCRN,2013-12-26,TMIN,33
USC00315830,2013-05-12,TMIN,217
USR0000NCRN,2013-12-26,TMAX,67
USW00093719,2005-01-02,TMAX,200
USR0000NHOF,2008-02-11,TMAX,94
USW00093719,2005-01-02,TMIN,44
USR0000NHOF,2008-02-11,TMIN,-50
USC00310356,2009-05-23,TMIN,206
USC00317170,2014-03-24,TMIN,0
USC00316676,2010-05-28,TMIN,161
USC00315830,2007-11-15,TMIN,94
USW00093743,2008-10-07,TMAX,228
USC00316676,2010-05-28,TMAX,317
USC00314144,2010-03-13,TMAX,178
USC00315830,2007-11-15,TMAX,211
USW00093765,2008-04-25,TMIN,128
USC00314144,2010-03-13,TMIN,117
USW00093765,2008-04-25,TMAX,244
USC00310356,2009-05-23,TMAX,267
USW00093743,2008-10-07,TMIN,139
USC00317170,2010-04-08,TMAX,289
USC00310356,2010-02-11,TMIN,0
USC00314684,2005-08-30,TMIN,217
USC00310576,2005-12-30,TMAX,139
USC00314689,2008-12-08,TMAX,94
USW00093743,2011-03-26,TMAX,161
USR0000NNWB,2007-12-21,TMAX,100
USR0000NNWB,2007-12-21,TMIN,61
USW00013754,2010-02-15,TMIN,-27
USW00093743,2011-03-26,TMIN,72
USW00013754,2010-02-15,TMAX,144
USC00310356,2008-10-17,TMIN,206
USR0000NHOF,2008-08-17,TMIN,183
USC00310356,2015-01-06,TMAX,122
USC00316676,2008-01-13,TMIN,83
USR0000NHOF,2010-02-11,TMAX,89
USC00310356,2008-10-17,TMAX,256
USC00310576,2010-12-24,TMIN,0
USR0000NHOF,2010-02-11,TMIN,-28
USC00316676,2008-01-13,TMAX,144
USR0000NHOF,2008-08-17,TMAX,272
USC00310576,2010-12-24,TMAX,83
USC00310356,2006-09-16,TMIN,144
USC00310576,2006-04-13,TMIN,89
USC00310576,2006-04-13,TMAX,261
USC00310356,2015-05-05,TMIN,167
USC00314144,2007-11-03,TMIN,-11
USR0000NHOF,2009-05-23,TMAX,267
USR0000NHOF,2009-05-23,TMIN,128
USC00314144,2010-10-27,TMIN,233
USW00013754,2010-01-29,TMIN,-5
USW00093719,2006-02-20,TMAX,67
USC00317170,2010-09-28,TMAX,272
USC00317170,2010-09-28,TMIN,189
USC00315830,2006-03-22,TMAX,117
USW00093719,2006-02-20,TMIN,0
USC00315830,2015-09-17,TMIN,200
USC00316096,2012-11-22,TMAX,161
USW00093743,2010-02-11,TMAX,94
USW00093743,2010-02-11,TMIN,-10
USR0000NCRN,2010-11-10,TMIN,39
USC00316096,2012-11-22,TMIN,61
USR0000NCRN,2011-02-18,TMAX,189
USR0000NCRN,2011-02-18,TMIN,128
USC00310576,2014-11-08,TMIN,22
USC00314689,2014-07-07,TMAX,311
USC00310356,2015-05-05,TMAX,233
USC00310576,2014-11-08,TMAX,183
USC00314144,2007-11-03,TMAX,183
USC00315830,2006-03-22,TMIN,39
USR0000NHOF,2015-03-13,TMIN,11
USW00093743,2009-04-29,TMIN,150
USW00013754,2011-10-22,TMAX,211
USC00314689,2014-01-06,TMAX,189
USR0000NHOF,2012-09-17,TMAX,267
USR0000NNWB,2012-02-15,TMAX,178
USC00314689,2014-01-06,TMIN,83
USR0000NCRN,2009-04-24,TMAX,244
USR0000NCRN,2009-04-24,TMIN,83
USW00013754,2012-12-17,TMIN,144
USC00316096,2009-09-04,TMAX,267
USW00013754,2012-12-17,TMAX,183
USC00315830,2013-05-22,TMIN,222
USC00315830,2013-05-22,TMAX,278
USC00316676,2015-05-01,TMAX,161
USC00315830,2010-08-14,TMIN,256
USC00315830,2010-08-14,TMAX,317
USC00310576,2009-05-14,TMIN,100
USC00310576,2005-12-30,TMIN,28
USC00314684,2005-08-30,TMAX,317
USC00310576,2005-09-04,TMIN,161
USC00315830,2012-03-27,TMAX,239
USC00316676,2007-02-27,TMIN,44
USC00315830,2012-03-27,TMIN,72
USC00310576,2005-09-04,TMAX,289
USR0000NHOF,2012-09-17,TMIN,178
USW00013754,2010-05-26,TMIN,183
USC00310356,2012-02-25,TMAX,189
USC00316096,2010-11-23,TMAX,222
USC00310356,2012-02-25,TMIN,100
USC00314689,2006-02-21,TMIN,28
USC00316676,2015-05-01,TMIN,111
USC00314689,2006-02-21,TMAX,156
USC00310576,2006-09-07,TMIN,178
USW00013754,2011-10-22,TMIN,78
USC00316096,2014-01-29,TMAX,-39
USR0000NCRN,2010-10-04,TMAX,183
USC00310576,2009-05-14,TMAX,228
USR0000NHOF,2015-03-13,TMAX,189
USC00314684,2008-10-21,TMIN,6
USC00310576,2006-09-07,TMAX,261
USC00315830,2008-02-25,TMAX,128
USC00315830,2008-02-25,TMIN,33
USC00314689,2005-06-08,TMIN,194
USR0000NNWB,2012-02-15,TMIN,39
USC00314684,2005-03-19,TMAX,150
USR0000NCRN,2010-10-04,TMIN,106
USC00314689,2005-06-08,TMAX,317
USC00314689,2006-11-03,TMIN,33
USC00316096,2010-11-23,TMIN,89
USC00314689,2006-11-03,TMAX,261
USW00013754,2010-05-26,TMAX,244
USC00314144,2007-02-26,TMAX,189
USC00316676,2006-06-03,TMIN,222
USW00013754,2009-05-13,TMAX,233
USR0000NHOF,2005-11-08,TMAX,250
USC00314684,2010-10-12,TMIN,128
USW00013754,2007-02-03,TMAX,83
USW00013754,2007-02-03,TMIN,33
USR0000NHOF,2005-11-08,TMIN,44
USW00093765,2011-04-17,TMAX,200
USW00093719,2014-01-06,TMIN,0
USW00013754,2015-04-14,TMAX,272
USW00093765,2011-04-17,TMIN,133
USW00093743,2010-04-21,TMAX,189
USW00093743,2010-04-21,TMIN,133
USW00013754,2015-04-14,TMIN,200
USC00314689,2008-04-15,TMAX,139
USC00310576,2012-09-13,TMAX,261
USC00315830,2007-07-09,TMAX,300
USW00093765,2013-01-29,TMAX,183
USC00317170,2015-12-29,TMIN,139
USW00093765,2013-01-29,TMIN,89
USC00310576,2014-06-18,TMAX,344
USC00310576,2014-06-18,TMIN,222
USC00317170,2015-12-29,TMAX,256
USW00013754,2008-12-30,TMAX,161
USC00310576,2012-09-13,TMIN,117
USC00316676,2013-03-15,TMAX,128
USW00093719,2014-01-06,TMAX,206
USC00316676,2013-03-15,TMIN,0
USC00310356,2012-03-15,TMIN,139
USC00310356,2007-02-28,TMIN,67
USC00315830,2011-10-20,TMIN,117
USC00314684,2012-02-06,TMAX,106
USC00310356,2012-03-15,TMAX,206
USR0000NHOF,2006-12-18,TMIN,22
USC00315830,2014-11-08,TMAX,178
USR0000NHOF,2006-12-09,TMIN,-122
USR0000NHOF,2006-12-09,TMAX,83
USC00314684,2010-10-12,TMAX,283
USC00314684,2012-02-06,TMIN,17
USC00317170,2008-04-05,TMAX,211
USR0000NHOF,2006-04-17,TMAX,300
USR0000NHOF,2006-04-17,TMIN,111
USC00314689,2008-04-15,TMIN,56
USC00315830,2011-10-20,TMAX,244
USW00093719,2011-02-02,TMAX,233
USR0000NCRN,2012-09-24,TMAX,233
USR0000NCRN,2012-09-24,TMIN,111
USC00314689,2009-09-28,TMIN,150
USC00314689,2009-09-28,TMAX,283
USC00317170,2008-04-05,TMIN,94
USR0000NNWB,2009-11-02,TMAX,144
USW00093765,2011-01-04,TMIN,-49
USC00315830,2015-06-12,TMAX,289
USR0000NCRN,2011-03-13,TMAX,206
USC00310576,2009-07-04,TMAX,300
USC00317170,2010-11-13,TMIN,39
USC00310576,2014-06-15,TMIN,183
USC00314144,2011-02-19,TMAX,211
USC00316676,2009-05-21,TMAX,244
USC00310576,2009-07-04,TMIN,161
USC00310356,2007-11-04,TMAX,189
USR0000NNWB,2015-11-22,TMAX,128
USC00310576,2014-06-15,TMAX,306
USC00314684,2008-09-24,TMIN,144
USR0000NNWB,2015-11-22,TMIN,33
USC00316676,2005-11-21,TMAX,156
USC00316676,2009-05-21,TMIN,111
USC00316096,2014-03-17,TMAX,83
USC00314684,2008-09-24,TMAX,244
USC00316676,2005-11-21,TMIN,100
USC00310576,2010-11-03,TMIN,89
USR0000NCRN,2012-04-05,TMAX,189
USC00316096,2014-03-17,TMIN,28
USC00315830,2015-06-12,TMIN,250
USR0000NNWB,2009-12-07,TMAX,128
USC00314144,2011-02-19,TMIN,67
USW00093765,2011-07-19,TMIN,244
USW00093765,2011-01-04,TMAX,111
USR0000NNWB,2009-12-07,TMIN,6
USR0000NCRN,2011-03-13,TMIN,111
USR0000NNWB,2015-12-05,TMAX,167
USC00316676,2008-08-15,TMAX,278
USC00316676,2014-05-07,TMIN,167
USR0000NNWB,2015-12-05,TMIN,44
USR0000NNWB,2013-02-03,TMIN,0
USC00314144,2008-08-29,TMAX,311
USC00314144,2008-08-29,TMIN,206
USC00310576,2006-11-27,TMIN,61
USC00310576,2006-11-27,TMAX,200
USC00316676,2014-05-07,TMAX,283
USC00316676,2008-08-15,TMIN,156
USW00093765,2011-07-19,TMAX,317
USC00317170,2010-11-13,TMAX,194
USR0000NHOF,2006-12-18,TMAX,228
USR0000NNWB,2013-02-03,TMAX,106
USW00093765,2013-03-01,TMAX,111
USC00310576,2005-11-12,TMIN,-6
USC00310576,2005-11-12,TMAX,172
USW00013754,2012-03-06,TMIN,11
USC00310576,2007-05-16,TMAX,261
USW00093719,2011-02-02,TMIN,128
USC00316676,2013-09-09,TMIN,156
USC00314684,2010-02-15,TMAX,133
USR0000NHOF,2014-03-25,TMAX,128
USW00093743,2012-06-21,TMIN,222
USC00314144,2010-10-18,TMIN,89
USW00093765,2012-12-17,TMAX,172
USC00314689,2015-10-11,TMIN,128
USC00314144,2010-10-18,TMAX,250
USW00093743,2012-06-21,TMAX,294
USW00093719,2012-07-02,TMIN,206
USW00093719,2007-10-28,TMAX,200
USR0000NHOF,2006-06-04,TMIN,122
USR0000NHOF,2006-06-04,TMAX,283
USC00310356,2011-01-10,TMAX,33
USC00310356,2015-07-23,TMIN,211
USC00310356,2014-03-25,TMIN,28
USC00310356,2014-03-25,TMAX,156
USC00316676,2010-03-30,TMAX,194
USC00310356,2010-04-21,TMAX,194
USW00093765,2015-04-30,TMAX,206
USW00093743,2010-12-09,TMIN,-27
USC00316676,2010-03-30,TMIN,117
USC00314684,2010-02-15,TMIN,-33
USC00310356,2010-04-21,TMIN,156
USR0000NCRN,2012-12-21,TMIN,44
USC00314144,2006-05-28,TMAX,322
USW00093765,2012-12-17,TMIN,144
USR0000NHOF,2015-11-24,TMIN,-33
USR0000NCRN,2012-03-12,TMAX,194
USR0000NHOF,2015-11-24,TMAX,150
USC00315830,2011-06-25,TMIN,256
USW00093719,2007-10-28,TMIN,111
USR0000NCRN,2012-12-21,TMAX,183
USC00314689,2015-10-11,TMAX,222
USC00315830,2011-06-25,TMAX,300
USC00314684,2014-03-17,TMAX,128
USR0000NCRN,2012-03-12,TMIN,17
USW00093743,2012-03-15,TMIN,100
USW00093743,2012-03-15,TMAX,228
USR0000NCRN,2012-05-29,TMIN,228
USR0000NCRN,2013-05-23,TMIN,211
USR0000NHOF,2014-03-25,TMIN,17
USR0000NCRN,2013-05-23,TMAX,250
USC00316096,2012-06-17,TMAX,261
USC00316096,2012-12-03,TMIN,72
USC00314684,2014-03-17,TMIN,22
USC00316096,2012-06-17,TMIN,161
USC00314144,2006-05-28,TMIN,161
USW00093743,2010-12-09,TMAX,61
USC00310356,2015-07-23,TMAX,278
USW00093765,2015-04-30,TMIN,128
USC00310356,2006-06-04,TMIN,194
USC00310356,2006-06-04,TMAX,261
USR0000NHOF,2015-08-10,TMAX,339
USR0000NCRN,2015-09-21,TMIN,200
USC00315830,2007-05-27,TMIN,172
USR0000NCRN,2007-12-04,TMIN,0
USR0000NCRN,2015-09-21,TMAX,289
USC00316676,2006-08-15,TMIN,161
USC00315830,2007-05-27,TMAX,261
USC00316676,2006-08-15,TMAX,300
USC00314689,2008-10-07,TMAX,278
USC00314689,2008-10-07,TMIN,139
USC00314144,2006-06-19,TMIN,161
USC00315830,2014-11-08,TMIN,61
USW00013754,2008-12-30,TMIN,17
USC00314144,2006-06-19,TMAX,294
USC00310356,2007-02-28,TMAX,167
USC00316676,2013-09-09,TMAX,300
USW00013754,2015-09-10,TMIN,250
USW00013754,2015-09-10,TMAX,317
USC00310576,2007-05-16,TMIN,161
USR0000NHOF,2015-08-10,TMIN,161
USC00315830,2005-08-30,TMIN,239
USC00315830,2005-08-30,TMAX,311
USC00316676,2005-12-03,TMAX,122
USC00310356,2006-04-17,TMAX,278
USC00310356,2006-04-17,TMIN,172
USC00316096,2012-12-03,TMAX,233
USC00310356,2012-06-21,TMIN,217
USC00310356,2012-06-21,TMAX,283
USC00314684,2007-03-15,TMAX,267
USC00314144,2005-10-20,TMAX,300
USC00314144,2005-10-20,TMIN,150
USW00093765,2014-10-26,TMIN,100
USC00310576,2006-07-21,TMAX,306
USC00317170,2014-12-04,TMIN,89
USC00310576,2006-07-21,TMIN,211
USC00310356,2007-06-21,TMAX,278
USC00310356,2007-06-21,TMIN,206
USC00315830,2008-05-16,TMIN,200
USC00310576,2015-02-02,TMIN,11
USC00316676,2005-12-03,TMIN,-28
USC00314684,2007-03-15,TMIN,111
USC00315830,2008-05-16,TMAX,250
USC00310576,2015-02-02,TMAX,161
USC00315830,2008-01-27,TMAX,100
USC00315830,2008-01-27,TMIN,-6
USW00093765,2014-10-26,TMAX,250
USR0000NNWB,2009-11-02,TMIN,111
USR0000NCRN,2012-04-05,TMIN,83
USC00317170,2010-06-27,TMIN,250
USR0000NHOF,2014-12-16,TMAX,206
USC00315830,2012-09-17,TMIN,178
USW00093743,2011-06-20,TMIN,217
USC00310576,2015-01-01,TMAX,106
USC00310576,2015-01-01,TMIN,-6
USC00315830,2012-09-17,TMAX,294
USR0000NCRN,2008-03-24,TMIN,39
USC00314689,2008-09-23,TMAX,239
USW00013754,2013-02-03,TMAX,117
USC00314689,2014-03-17,TMAX,111
USC00314689,2007-02-21,TMAX,183
USC00316676,2006-12-25,TMIN,83
USC00315830,2009-01-17,TMAX,22
USC00316676,2006-12-25,TMAX,183
USR0000NCRN,2015-12-26,TMAX,239
USR0000NNWB,2015-04-14,TMIN,206
USR0000NCRN,2015-12-26,TMIN,183
USW00013754,2015-06-19,TMAX,344
USR0000NNWB,2007-02-03,TMAX,78
USC00310576,2005-01-31,TMAX,83
USW00013754,2015-06-19,TMIN,217
USC00317170,2012-11-22,TMAX,167
USC00314689,2014-03-17,TMIN,22
USR0000NNWB,2015-04-14,TMAX,272
USC00314144,2008-12-30,TMIN,-6
USW00093719,2012-03-29,TMIN,150
USW00093743,2013-10-14,TMAX,228
USW00093743,2013-10-14,TMIN,189
USW00093719,2012-03-29,TMAX,278
USC00310356,2015-11-24,TMIN,17
USW00013754,2005-03-18,TMIN,22
USR0000NHOF,2011-08-06,TMAX,300
USC00317170,2012-02-26,TMAX,106
USC00310356,2015-11-24,TMAX,133
USC00310356,2010-03-18,TMAX,172
USC00310356,2010-03-18,TMIN,72
USW00093765,2007-09-05,TMIN,211
USC00314144,2008-12-30,TMAX,178
USC00316676,2014-05-26,TMIN,150
USW00093765,2007-09-05,TMAX,311
USC00310576,2013-12-06,TMIN,111
USC00316676,2014-05-26,TMAX,278
USC00317170,2015-12-03,TMIN,44
USW00013754,2013-02-03,TMIN,0
USC00310576,2013-12-06,TMAX,239
USR0000NHOF,2014-12-16,TMIN,0
USC00317170,2015-12-03,TMAX,222
USC00314689,2008-09-23,TMIN,156
USW00093743,2011-06-20,TMAX,344
USR0000NHOF,2011-04-01,TMIN,11
USR0000NCRN,2008-11-02,TMIN,33
USC00316096,2009-09-28,TMIN,156
USR0000NNWB,2015-09-19,TMIN,206
USR0000NCRN,2013-03-10,TMAX,178
USC00314689,2009-01-17,TMIN,-106
USW00093743,2012-05-21,TMIN,161
USW00093743,2008-04-18,TMIN,94
USC00310356,2006-02-24,TMAX,139
USW00093743,2008-04-18,TMAX,267
USR0000NCRN,2013-03-10,TMIN,-28
USC00314689,2007-02-21,TMIN,128
USC00316096,2009-09-28,TMAX,267
USW00093765,2012-11-06,TMAX,106
USW00093743,2012-09-24,TMAX,261
USR0000NHOF,2008-06-23,TMIN,183
USR0000NNWB,2014-04-02,TMIN,83
USR0000NHOF,2008-06-23,TMAX,294
USC00314684,2011-02-06,TMAX,161
USC00314684,2011-02-06,TMIN,11
USC00314144,2009-12-10,TMIN,11
USR0000NHOF,2011-04-01,TMAX,117
USR0000NNWB,2014-04-02,TMAX,311
USW00093743,2012-05-21,TMAX,256
USC00317170,2012-11-22,TMIN,44
USC00316676,2009-06-28,TMIN,178
USR0000NHOF,2011-08-06,TMIN,244
USR0000NNWB,2007-02-03,TMIN,17
USC00315830,2009-01-17,TMIN,-67
USC00317170,2013-01-29,TMAX,233
USC00317170,2013-01-29,TMIN,94
USC00310576,2005-01-31,TMIN,11
USR0000NCRN,2011-11-17,TMIN,44
USR0000NCRN,2011-11-17,TMAX,206
USR0000NHOF,2010-04-21,TMAX,183
USC00315830,2012-11-25,TMIN,-6
USR0000NCRN,2013-06-08,TMIN,239
USC00310356,2012-05-21,TMAX,239
USR0000NNWB,2014-10-26,TMIN,89
USC00310356,2012-05-21,TMIN,167
USC00310356,2010-06-01,TMIN,222
USR0000NNWB,2014-10-26,TMAX,261
USC00315830,2012-11-25,TMAX,117
USC00310356,2012-09-24,TMAX,289
USC00310356,2012-09-24,TMIN,167
USR0000NCRN,2008-11-02,TMAX,256
USR0000NNWB,2015-09-19,TMAX,311
USC00316676,2009-06-28,TMAX,317
USC00310356,2010-06-01,TMAX,272
USC00310356,2011-01-10,TMIN,-50
USR0000NCRN,2013-06-08,TMAX,278
USR0000NHOF,2011-06-20,TMAX,339
USC00316676,2010-02-03,TMAX,94
USC00314689,2012-06-17,TMIN,144
USC00315830,2009-05-09,TMIN,183
USW00093719,2014-10-26,TMIN,94
USW00093719,2008-11-26,TMIN,-28
USC00314684,2005-11-09,TMAX,250
USW00093719,2014-10-26,TMAX,267
USW00093719,2008-11-26,TMAX,117
USR0000NNWB,2007-07-26,TMIN,211
USC00310356,2015-03-02,TMAX,172
USR0000NNWB,2007-07-26,TMAX,317
USC00315830,2005-02-08,TMIN,11
USR0000NHOF,2007-06-21,TMAX,294
USR0000NHOF,2007-06-21,TMIN,128
USW00013754,2014-04-02,TMAX,294
USW00013754,2014-04-02,TMIN,111
USW00013754,2009-04-16,TMAX,172
USC00317170,2011-01-21,TMIN,61
USC00317170,2011-01-21,TMAX,117
USW00093719,2008-11-16,TMIN,22
USC00314144,2009-04-24,TMAX,272
USC00316676,2010-02-03,TMIN,33
USW00093719,2008-11-16,TMAX,133
USW00013754,2009-04-16,TMIN,61
USW00093719,2011-02-16,TMAX,178
USR0000NHOF,2008-04-18,TMIN,39
USC00310356,2007-11-04,TMIN,83
USW00093765,2011-03-19,TMIN,117
USC00317170,2010-06-27,TMAX,372
USW00093765,2011-03-19,TMAX,233
USC00315830,2009-05-09,TMAX,261
USC00315830,2005-02-08,TMAX,117
USW00013754,2012-03-04,TMIN,28
USC00317170,2014-12-04,TMAX,172
USW00013754,2012-03-04,TMAX,150
USC00310356,2015-08-10,TMIN,211
USC00310356,2015-03-02,TMIN,50
USC00314144,2010-05-29,TMIN,150
USC00314144,2010-05-29,TMAX,267
USC00314684,2005-11-09,TMIN,72
USC00314689,2012-06-17,TMAX,267
USC00317170,2012-02-26,TMIN,-28
USW00013754,2012-03-06,TMAX,106
USR0000NCRN,2014-03-25,TMIN,11
USR0000NHOF,2008-04-18,TMAX,289
USR0000NCRN,2014-03-25,TMAX,117
USC00310576,2010-11-03,TMAX,178
USC00310356,2015-08-10,TMAX,289
USW00093719,2010-08-14,TMIN,217
USW00093719,2010-08-14,TMAX,306
USC00314684,2011-12-12,TMAX,100
USC00315830,2007-09-24,TMIN,206
USR0000NCRN,2006-05-28,TMAX,306
USC00314684,2011-12-12,TMIN,0
USR0000NCRN,2006-05-28,TMIN,183
USC00314144,2009-04-24,TMIN,50
USR0000NCRN,2009-08-15,TMAX,289
USC00310356,2006-12-09,TMIN,-33
USR0000NHOF,2015-08-12,TMIN,183
USR0000NHOF,2011-06-20,TMIN,200
USC00314684,2014-04-07,TMIN,83
USC00314689,2012-02-24,TMAX,244
USC00314684,2014-04-07,TMAX,144
USC00310356,2006-12-09,TMAX,72
USC00314689,2012-02-24,TMIN,178
USR0000NNWB,2010-05-09,TMIN,94
USR0000NNWB,2010-05-09,TMAX,222
USW00013754,2005-03-18,TMAX,139
USW00013754,2010-08-17,TMAX,322
USW00013754,2010-08-17,TMIN,222
USC00315830,2008-02-17,TMIN,72
USR0000NNWB,2006-02-20,TMIN,0
USC00315830,2007-09-24,TMAX,300
USR0000NHOF,2015-08-12,TMAX,317
USC00314684,2014-02-02,TMIN,-50
USR0000NCRN,2011-01-29,TMAX,106
USR0000NCRN,2008-03-14,TMAX,206
USR0000NCRN,2008-03-14,TMIN,128
USC00310576,2007-05-01,TMAX,306
USC00310576,2007-05-01,TMIN,106
USR0000NCRN,2006-06-04,TMIN,156
USR0000NCRN,2006-06-04,TMAX,283
USR0000NNWB,2011-04-15,TMIN,100
USC00314684,2011-07-30,TMIN,244
USC00314684,2011-07-30,TMAX,400
USC00315830,2008-02-17,TMAX,200
USR0000NCRN,2011-01-29,TMIN,-33
USR0000NNWB,2011-04-15,TMAX,233
USR0000NNWB,2006-02-20,TMAX,67
USC00314684,2014-02-02,TMAX,128
USW00093743,2010-09-01,TMIN,206
USW00093719,2008-05-13,TMAX,206
USW00093719,2008-05-13,TMIN,83
USW00093743,2010-09-23,TMAX,300
USW00093743,2010-09-01,TMAX,294
USW00093743,2010-09-23,TMIN,206
USW00093719,2011-02-16,TMIN,-33
USW00093765,2013-03-01,TMIN,33
USC00315830,2005-10-03,TMAX,289
USC00315830,2005-10-03,TMIN,183
USC00310576,2005-05-28,TMAX,289
USC00314684,2010-11-17,TMIN,128
USR0000NCRN,2008-12-05,TMIN,44
USC00314689,2014-04-07,TMIN,100
USC00316676,2013-06-20,TMAX,256
USC00310576,2009-11-17,TMAX,233
USC00317170,2015-11-09,TMAX,211
USC00310576,2009-11-17,TMIN,89
USR0000NNWB,2007-09-20,TMAX,228
USC00314689,2014-04-07,TMAX,233
USC00314684,2015-07-25,TMAX,306
USR0000NCRN,2007-02-13,TMIN,111
USC00314684,2015-07-25,TMIN,167
USC00310356,2009-07-08,TMIN,222
USR0000NCRN,2007-02-13,TMAX,217
USC00310356,2009-07-08,TMAX,322
USR0000NNWB,2007-09-20,TMIN,206
USW00093765,2012-11-22,TMAX,156
USC00314684,2007-12-12,TMIN,144
USW00093765,2012-11-22,TMIN,67
USC00310576,2010-09-09,TMAX,344
USC00310576,2010-09-09,TMIN,200
USR0000NNWB,2008-09-07,TMAX,339
USR0000NCRN,2008-09-05,TMIN,194
USC00316676,2013-06-20,TMIN,183
USC00316676,2011-09-08,TMIN,217
USC00314684,2007-03-13,TMIN,33
USW00093765,2010-11-25,TMAX,211
USW00093743,2009-07-08,TMAX,300
USC00310576,2009-05-23,TMAX,267
USR0000NHOF,2008-11-15,TMAX,250
USC00315830,2011-05-24,TMIN,233
USC00310356,2008-06-13,TMIN,222
USR0000NHOF,2008-11-15,TMIN,122
USR0000NNWB,2008-02-28,TMAX,72
USR0000NCRN,2013-09-03,TMIN,217
USC00315830,2011-05-24,TMAX,272
USC00316676,2011-01-20,TMAX,144
USR0000NCRN,2013-09-03,TMAX,294
USC00316676,2011-01-20,TMIN,6
USW00093765,2005-04-18,TMAX,189
USC00315830,2011-07-24,TMIN,261
USC00310356,2006-11-18,TMAX,206
USC00314689,2015-08-26,TMIN,222
USR0000NCRN,2008-12-05,TMAX,106
USW00093765,2005-04-18,TMIN,44
USC00316676,2011-09-08,TMAX,306
USR0000NNWB,2008-09-07,TMIN,233
USW00093719,2005-01-31,TMIN,6
USC00314689,2008-04-28,TMIN,133
USC00310356,2005-11-08,TMAX,267
USW00093765,2015-06-06,TMAX,261
USR0000NNWB,2014-01-06,TMAX,200
USC00310576,2007-12-13,TMAX,261
USC00310576,2007-12-13,TMIN,111
USR0000NNWB,2009-04-16,TMIN,61
USW00093765,2015-06-06,TMIN,183
USW00093765,2009-08-27,TMIN,233
USC00310356,2014-07-22,TMAX,283
USR0000NCRN,2008-08-10,TMAX,294
USC00310356,2014-07-22,TMIN,217
USR0000NNWB,2009-04-16,TMAX,178
USW00093765,2009-08-27,TMAX,306
USC00317170,2011-09-24,TMAX,239
USR0000NHOF,2008-10-31,TMAX,183
USR0000NNWB,2009-05-13,TMIN,122
USC00316676,2012-02-20,TMIN,28
USC00310576,2006-02-05,TMIN,44
USR0000NNWB,2014-01-06,TMIN,-17
USR0000NCRN,2008-08-10,TMIN,200
USR0000NCRN,2006-02-07,TMIN,-17
USR0000NNWB,2009-05-13,TMAX,228
USC00316676,2010-07-10,TMIN,211
USR0000NHOF,2010-09-01,TMAX,311
USW00013754,2012-11-03,TMAX,156
USR0000NHOF,2014-07-17,TMIN,178
USC00316676,2013-11-08,TMAX,228
USC00310356,2005-11-08,TMIN,133
USR0000NCRN,2008-09-05,TMAX,294
USR0000NNWB,2008-02-29,TMIN,-39
USC00314684,2014-10-26,TMIN,39
USC00314689,2008-04-28,TMAX,289
USR0000NHOF,2014-07-17,TMAX,311
USC00314684,2007-12-12,TMAX,267
USC00316676,2013-11-08,TMIN,83
USW00093743,2008-06-13,TMAX,283
USC00314684,2007-03-13,TMAX,194
USC00314684,2014-10-26,TMAX,228
USC00314684,2010-11-17,TMAX,222
USC00317170,2014-02-02,TMAX,189
USC00314684,2015-03-12,TMAX,294
USC00317170,2015-11-09,TMIN,117
USW00093743,2008-06-13,TMIN,183
USR0000NHOF,2010-09-01,TMIN,161
USC00317170,2014-02-02,TMIN,44
USW00013754,2012-11-03,TMIN,17
USC00316676,2010-07-10,TMAX,333
USC00310576,2006-02-05,TMAX,172
USR0000NNWB,2008-02-28,TMIN,-28
USR0000NHOF,2014-06-21,TMIN,211
USW00013754,2008-09-04,TMIN,172
USR0000NCRN,2009-12-10,TMAX,156
USW00013754,2011-10-08,TMAX,239
USR0000NNWB,2008-05-13,TMIN,78
USC00310576,2011-11-25,TMAX,161
USR0000NCRN,2007-01-09,TMAX,133
USW00013754,2011-10-08,TMIN,133
USR0000NNWB,2011-04-06,TMIN,28
USC00314144,2011-05-04,TMAX,228
USC00314144,2011-05-04,TMIN,50
USR0000NCRN,2007-01-09,TMIN,67
USW00093765,2010-08-14,TMIN,228
USW00093765,2010-08-14,TMAX,300
USR0000NNWB,2011-04-06,TMAX,200
USW00093765,2008-09-21,TMIN,200
USR0000NCRN,2006-11-26,TMAX,206
USR0000NNWB,2012-08-22,TMAX,294
USW00093765,2011-09-06,TMAX,306
USW00093765,2008-09-21,TMAX,261
USR0000NCRN,2006-11-26,TMIN,72
USC00314144,2011-05-26,TMIN,206
USC00315830,2008-10-16,TMAX,272
USW00093765,2011-09-06,TMIN,272
USR0000NNWB,2008-05-13,TMAX,217
USC00314684,2005-02-17,TMIN,44
USC00310576,2011-11-25,TMIN,6
USR0000NHOF,2009-01-04,TMAX,161
USC00316096,2014-10-26,TMIN,83
USC00310576,2011-11-13,TMIN,0
USC00310576,2006-06-04,TMIN,139
USC00316096,2014-10-26,TMAX,250
USC00310576,2006-06-04,TMAX,283
USC00316676,2015-03-24,TMAX,128
USC00314689,2006-09-16,TMIN,167
USR0000NHOF,2005-11-30,TMIN,44
USR0000NCRN,2006-04-17,TMAX,311
USR0000NCRN,2006-04-17,TMIN,122
USW00013754,2009-07-30,TMIN,233
USR0000NCRN,2006-08-13,TMAX,300
USC00316676,2015-03-24,TMIN,56
USW00013754,2009-02-26,TMIN,17
USW00013754,2009-07-30,TMAX,317
USW00013754,2009-02-26,TMAX,183
USR0000NCRN,2008-11-07,TMAX,250
USR0000NCRN,2006-08-13,TMIN,183
USR0000NCRN,2008-11-07,TMIN,111
USW00093765,2014-12-21,TMIN,39
USC00314684,2015-01-16,TMIN,11
USR0000NHOF,2009-01-04,TMIN,22
USR0000NCRN,2009-10-25,TMIN,178
USC00315830,2008-10-16,TMIN,83
USC00314684,2015-01-16,TMAX,50
USC00310576,2012-07-18,TMAX,333
USC00310576,2007-04-15,TMAX,206
USC00314689,2015-08-26,TMAX,311
USC00310356,2006-11-18,TMIN,67
USC00317170,2007-08-06,TMIN,250
USC00317170,2007-08-06,TMAX,328
USW00093719,2013-01-29,TMAX,244
USC00315830,2011-07-24,TMAX,317
USC00314684,2005-12-21,TMIN,-39
USC00314684,2005-12-21,TMAX,83
USC00316096,2010-02-15,TMIN,-28
USC00316096,2010-02-15,TMAX,128
USW00093719,2013-01-29,TMIN,111
USC00314684,2007-02-11,TMAX,83
USC00314144,2011-05-26,TMAX,300
USR0000NCRN,2015-02-09,TMIN,94
USR0000NCRN,2015-02-09,TMAX,183
USC00314684,2007-02-11,TMIN,-61
USC00310576,2007-04-15,TMIN,83
USW00013754,2008-09-04,TMAX,306
USC00310576,2009-05-23,TMIN,150
USC00310576,2012-07-18,TMIN,233
USC00314684,2008-12-15,TMAX,178
USC00314684,2008-12-15,TMIN,6
USR0000NCRN,2005-03-13,TMIN,44
USR0000NCRN,2012-05-21,TMAX,267
USW00093719,2008-04-06,TMAX,194
USW00093719,2008-04-06,TMIN,94
USC00316676,2012-02-20,TMAX,106
USC00317170,2012-12-17,TMIN,139
USR0000NCRN,2012-05-21,TMIN,156
USC00317170,2015-10-08,TMIN,133
USC00317170,2012-12-17,TMAX,161
USW00013754,2014-01-06,TMAX,194
USC00317170,2015-10-08,TMAX,261
USW00093765,2010-11-25,TMIN,50
USC00314144,2009-12-31,TMIN,39
USW00013754,2014-01-06,TMIN,6
USW00093765,2014-12-21,TMAX,83
USW00013754,2009-02-18,TMAX,150
USR0000NHOF,2009-07-08,TMIN,150
USW00013754,2009-02-18,TMIN,-10
USR0000NNWB,2008-02-29,TMAX,144
USR0000NHOF,2009-07-08,TMAX,317
USR0000NNWB,2009-08-01,TMAX,311
USR0000NNWB,2009-08-01,TMIN,228
USR0000NCRN,2005-03-13,TMAX,211
USC00314144,2009-12-31,TMAX,133
USC00314144,2005-10-30,TMAX,211
USC00316096,2015-10-11,TMAX,228
USW00093719,2005-01-31,TMAX,89
USW00093719,2005-08-23,TMIN,222
USC00310576,2011-09-19,TMIN,161
USC00315830,2006-11-01,TMAX,244
USC00315830,2006-11-01,TMIN,156
USC00314144,2010-07-23,TMAX,333
USC00316676,2008-07-05,TMIN,211
USC00314144,2010-07-23,TMIN,228
USW00093765,2015-10-08,TMIN,139
USC00315830,2011-10-22,TMAX,211
USC00316096,2011-04-05,TMAX,194
USW00093765,2012-07-20,TMAX,311
USW00093765,2008-06-28,TMIN,261
USR0000NHOF,2015-07-23,TMIN,217
USW00093765,2012-07-20,TMIN,244
USR0000NHOF,2015-07-23,TMAX,300
USR0000NNWB,2007-11-22,TMAX,244
USW00093765,2015-10-08,TMAX,256
USC00316676,2006-06-12,TMAX,306
USC00316676,2006-06-12,TMIN,156
USW00013754,2015-09-19,TMAX,300
USC00310356,2011-11-17,TMIN,178
USW00093719,2005-08-23,TMAX,289
USC00310356,2011-11-17,TMAX,206
USR0000NNWB,2011-10-08,TMIN,111
USR0000NHOF,2011-11-17,TMAX,200
USW00093765,2008-12-25,TMAX,189
USR0000NCRN,2010-05-01,TMAX,256
USW00093765,2007-11-23,TMAX,183
USC00310356,2010-09-23,TMAX,283
USW00013754,2010-11-09,TMIN,33
USC00310356,2010-09-23,TMIN,239
USW00093765,2005-03-24,TMIN,89
USW00093765,2014-05-10,TMAX,239
USR0000NCRN,2010-05-01,TMIN,183
USR0000NNWB,2008-12-07,TMIN,-44
USR0000NHOF,2011-11-17,TMIN,6
USC00314684,2015-03-12,TMIN,128
USR0000NNWB,2009-09-26,TMAX,239
USW00013754,2015-12-05,TMAX,167
USR0000NNWB,2009-09-26,TMIN,194
USW00093765,2005-03-24,TMAX,194
USW00013754,2015-12-05,TMIN,61
USW00093765,2014-05-10,TMIN,194
USW00013754,2010-11-09,TMAX,189
USR0000NNWB,2011-10-08,TMAX,256
USC00316676,2008-07-05,TMAX,344
USW00093765,2008-12-25,TMIN,83
USC00310356,2014-06-21,TMIN,222
USC00317170,2014-10-26,TMIN,100
USC00317170,2014-10-26,TMAX,250
USR0000NCRN,2011-01-05,TMIN,-22
USC00310576,2011-09-19,TMAX,217
USC00310576,2006-01-23,TMAX,211
USW00093743,2008-07-31,TMIN,167
USW00093743,2008-07-31,TMAX,244
USR0000NHOF,2012-06-21,TMIN,206
USC00310576,2005-05-28,TMIN,144
USR0000NHOF,2012-06-21,TMAX,317
USW00093719,2012-07-02,TMAX,317
USC00316676,2008-12-23,TMAX,33
USC00315830,2009-06-07,TMAX,267
USC00317170,2015-06-06,TMAX,272
USC00315830,2009-06-07,TMIN,194
USC00314689,2015-11-10,TMAX,211
USC00314144,2007-08-08,TMAX,367
USC00310356,2008-07-31,TMAX,278
USR0000NCRN,2012-05-29,TMAX,283
USC00317170,2015-06-06,TMIN,156
USW00013754,2012-08-22,TMIN,211
USC00314144,2007-08-08,TMIN,267
USW00013754,2012-08-22,TMAX,289
USW00013754,2015-11-22,TMIN,56
USW00013754,2015-11-22,TMAX,133
USW00093743,2011-08-06,TMIN,256
USR0000NCRN,2013-01-11,TMIN,83
USC00314689,2015-11-10,TMIN,178
USR0000NCRN,2011-01-05,TMAX,100
USW00013754,2015-09-19,TMIN,211
USC00316676,2008-12-23,TMIN,-67
USW00013754,2005-02-28,TMIN,67
USW00013754,2005-02-28,TMAX,133
USW00093743,2011-08-06,TMAX,317
USW00093765,2008-06-28,TMAX,294
USC00310356,2014-06-21,TMAX,289
USW00093719,2010-12-22,TMIN,-28
USC00314689,2007-01-06,TMAX,217
USR0000NNWB,2008-12-07,TMAX,83
USW00093719,2007-09-03,TMAX,306
USR0000NCRN,2006-09-22,TMAX,267
USW00093719,2010-12-22,TMAX,83
USR0000NCRN,2006-09-22,TMIN,122
USW00013754,2009-12-07,TMAX,128
USC00316096,2011-04-05,TMIN,61
USW00013754,2009-12-07,TMIN,33
USC00315830,2011-10-22,TMIN,83
USR0000NCRN,2013-01-11,TMAX,211
USC00310576,2006-01-23,TMIN,83
USW00093719,2007-09-03,TMIN,189
USC00310576,2011-03-29,TMIN,6
USR0000NHOF,2008-08-26,TMAX,289
USC00316676,2007-02-07,TMIN,-56
USW00093719,2013-02-03,TMAX,122
USC00314689,2009-05-03,TMIN,200
USC00316096,2010-06-20,TMAX,317
USC00310576,2011-03-29,TMAX,100
USC00316676,2011-01-07,TMIN,-17
USC00310356,2011-08-06,TMAX,311
USC00310356,2011-08-06,TMIN,256
USC00316676,2011-01-07,TMAX,72
USC00317170,2011-06-22,TMAX,328
USC00317170,2011-06-22,TMIN,222
USR0000NHOF,2015-03-02,TMIN,17
USC00314684,2015-10-13,TMIN,139
USR0000NNWB,2014-05-24,TMAX,278
USR0000NHOF,2015-03-02,TMAX,194
USR0000NCRN,2006-06-19,TMIN,183
USR0000NCRN,2006-02-07,TMAX,128
USW00093743,2013-05-23,TMIN,217
USR0000NCRN,2006-06-19,TMAX,283
USW00093743,2013-05-23,TMAX,256
USR0000NCRN,2010-04-02,TMIN,67
USR0000NCRN,2010-04-02,TMAX,228
USC00315830,2009-07-28,TMIN,256
USC00316096,2014-04-07,TMIN,128
USC00316096,2010-06-20,TMIN,200
USC00310576,2012-08-20,TMIN,211
USC00316096,2015-10-11,TMIN,156
USR0000NHOF,2012-05-25,TMIN,183
USR0000NHOF,2012-05-25,TMAX,283
USR0000NHOF,2014-06-21,TMAX,339
USW00093765,2006-07-24,TMIN,222
USW00093765,2006-07-24,TMAX,289
USC00316676,2013-06-07,TMAX,267
USC00315830,2009-07-28,TMAX,300
USC00316676,2013-05-11,TMAX,294
USC00316676,2013-06-07,TMIN,206
USC00316676,2013-05-11,TMIN,139
USR0000NHOF,2008-10-31,TMIN,-50
USW00093765,2007-11-23,TMIN,44
USR0000NCRN,2010-05-29,TMIN,194
USR0000NCRN,2010-05-29,TMAX,261
USC00314144,2007-08-02,TMAX,300
USC00314144,2008-08-17,TMAX,272
USC00314144,2007-08-02,TMIN,144
USC00317170,2011-09-24,TMIN,211
USW00093719,2013-02-03,TMIN,6
USC00310576,2012-08-20,TMAX,306
USW00013754,2011-12-14,TMIN,28
USW00093719,2014-12-01,TMIN,61
USW00093743,2012-05-25,TMIN,206
USC00316096,2014-04-07,TMAX,233
USC00310576,2014-10-17,TMAX,244
USC00310576,2014-10-17,TMIN,128
USW00093743,2014-06-21,TMAX,300
USC00315830,2014-11-04,TMAX,167
USC00315830,2014-11-04,TMIN,56
USC00317170,2015-01-09,TMIN,-89
USW00093719,2011-09-15,TMAX,317
USW00093719,2014-12-01,TMAX,239
USW00013754,2005-06-16,TMAX,328
USW00013754,2005-06-16,TMIN,222
USW00093719,2009-08-13,TMIN,222
USW00093719,2009-08-13,TMAX,261
USC00310356,2015-08-12,TMIN,217
USW00013754,2008-10-15,TMIN,117
USR0000NHOF,2012-03-15,TMIN,100
USW00013754,2008-10-15,TMAX,289
USC00310356,2012-05-25,TMIN,222
USC00316676,2011-04-27,TMIN,189
USC00310356,2012-05-25,TMAX,289
USR0000NHOF,2012-03-15,TMAX,283
USC00314689,2007-01-06,TMIN,161
USR0000NHOF,2008-06-13,TMIN,139
USC00316676,2010-11-24,TMIN,100
USC00317170,2015-01-09,TMAX,117
USW00013754,2011-12-14,TMAX,156
USC00314684,2015-10-13,TMAX,211
USR0000NNWB,2014-05-24,TMIN,172
USC00314689,2009-05-03,TMAX,306
USR0000NHOF,2008-07-31,TMIN,217
USC00310356,2013-05-23,TMIN,217
USC00310356,2013-05-23,TMAX,267
USC00314144,2008-08-17,TMIN,183
USW00093743,2014-06-21,TMIN,222
USC00316676,2010-11-24,TMAX,239
USR0000NHOF,2008-08-26,TMIN,200
USC00316676,2007-02-07,TMAX,83
USR0000NCRN,2013-10-14,TMAX,217
USW00093719,2007-06-04,TMAX,322
USR0000NCRN,2013-10-14,TMIN,183
USR0000NHOF,2014-07-22,TMAX,306
USR0000NHOF,2014-07-22,TMIN,222
USW00093719,2007-06-04,TMIN,183
USR0000NHOF,2008-06-13,TMAX,300
USC00310356,2015-08-12,TMAX,272
USW00093743,2012-05-25,TMAX,294
USW00093719,2011-09-15,TMIN,183
USC00316676,2011-04-27,TMAX,278
USR0000NHOF,2008-07-31,TMAX,333
USC00315830,2005-04-02,TMIN,156
USC00314684,2006-02-08,TMAX,111
USC00314144,2009-12-10,TMAX,194
USW00093765,2005-05-16,TMIN,183
USC00314684,2009-09-28,TMIN,144
USC00314684,2009-09-28,TMAX,283
USC00314684,2005-01-26,TMAX,117
USW00013754,2008-05-20,TMAX,283
USW00093765,2005-05-16,TMAX,239
USC00315830,2007-12-22,TMIN,94
USW00093719,2015-11-22,TMAX,133
USW00013754,2008-05-20,TMIN,150
USW00093719,2015-11-22,TMIN,44
USC00314689,2010-12-07,TMAX,33
USW00093743,2011-06-08,TMAX,300
USC00310356,2013-12-26,TMAX,117
USC00315830,2007-12-22,TMAX,172
USC00316096,2011-06-22,TMAX,294
USC00316096,2011-06-22,TMIN,211
USC00310576,2013-03-04,TMIN,6
USC00310576,2013-03-04,TMAX,100
USR0000NHOF,2005-07-20,TMIN,244
USW00013754,2005-08-30,TMAX,317
USW00013754,2005-08-30,TMIN,228
USC00314689,2010-12-07,TMIN,-56
USC00314684,2014-12-03,TMAX,128
USW00093719,2011-06-03,TMAX,311
USC00317170,2009-01-06,TMIN,122
USC00316096,2015-07-25,TMIN,161
USC00310356,2011-12-25,TMAX,150
USC00310356,2011-12-25,TMIN,72
USC00310576,2006-04-17,TMAX,250
USC00310576,2006-04-17,TMIN,122
USC00316096,2015-11-10,TMAX,256
USW00093719,2009-09-02,TMIN,178
USW00093719,2009-09-02,TMAX,244
USW00093743,2013-08-27,TMAX,283
USC00310576,2015-06-12,TMIN,206
USC00315830,2007-10-11,TMIN,189
USR0000NCRN,2005-10-20,TMAX,278
USC00317170,2011-09-06,TMAX,356
USC00310576,2015-06-12,TMAX,311
USR0000NCRN,2005-10-20,TMIN,172
USC00317170,2011-09-06,TMIN,250
USW00093719,2011-06-03,TMIN,172
USW00093743,2013-08-27,TMIN,183
USC00315830,2007-10-11,TMAX,267
USW00093719,2015-12-29,TMIN,156
USC00317170,2009-01-06,TMAX,217
USW00093719,2015-12-29,TMAX,267
USC00315830,2014-10-26,TMAX,217
USC00315830,2005-01-26,TMAX,128
USR0000NCRN,2006-06-13,TMIN,189
USC00310576,2008-12-27,TMIN,83
USW00093719,2015-09-19,TMIN,194
USW00093743,2013-05-12,TMAX,267
USW00093765,2015-02-27,TMIN,0
USC00316676,2008-01-10,TMAX,239
USR0000NNWB,2008-12-21,TMAX,183
USW00093743,2013-05-12,TMIN,178
USC00314684,2007-11-06,TMAX,200
USW00093765,2014-04-02,TMAX,211
USW00093765,2014-04-02,TMIN,133
USC00310576,2008-12-27,TMAX,150
USW00093719,2009-08-01,TMIN,228
USW00093765,2015-02-27,TMAX,83
USC00317170,2011-05-18,TMIN,133
USC00314144,2007-11-24,TMIN,-44
USR0000NCRN,2008-06-28,TMIN,256
USR0000NNWB,2008-09-21,TMIN,167
USC00314684,2014-08-17,TMAX,322
USR0000NNWB,2008-09-21,TMAX,267
USC00310576,2012-09-24,TMAX,250
USC00310356,2005-11-23,TMIN,28
USC00314689,2011-08-21,TMAX,306
USR0000NCRN,2006-06-13,TMAX,228
USW00093719,2009-08-01,TMAX,317
USR0000NCRN,2011-12-17,TMAX,111
USC00314689,2011-08-21,TMIN,211
USC00314684,2012-01-12,TMAX,161
USR0000NHOF,2010-04-18,TMAX,206
USR0000NHOF,2010-04-18,TMIN,39
USW00093765,2013-06-20,TMIN,200
USW00093765,2013-06-20,TMAX,278
USW00093743,2011-06-08,TMIN,244
USC00315830,2005-01-26,TMIN,-11
USR0000NNWB,2008-12-21,TMIN,39
USC00316676,2008-01-10,TMIN,89
USR0000NCRN,2008-06-28,TMAX,317
USC00316096,2013-01-29,TMAX,233
USR0000NCRN,2009-02-11,TMIN,128
USR0000NHOF,2005-07-20,TMAX,333
USW00093743,2011-12-25,TMAX,150
USC00310356,2013-05-12,TMAX,239
USW00093719,2015-09-19,TMAX,306
USR0000NCRN,2011-12-17,TMIN,-17
USC00310356,2013-05-12,TMIN,189
USW00093743,2011-12-25,TMIN,28
USR0000NCRN,2009-02-11,TMAX,206
USC00316096,2013-01-29,TMIN,106
USC00316096,2015-07-25,TMAX,300
USC00310356,2013-08-27,TMIN,206
USC00310356,2013-08-27,TMAX,283
USC00317170,2013-06-20,TMAX,289
USC00314689,2010-06-28,TMAX,361
USC00314684,2012-11-28,TMAX,167
USW00013754,2015-11-16,TMAX,194
USC00316676,2010-08-28,TMAX,306
USW00013754,2014-12-01,TMAX,228
USR0000NCRN,2007-09-10,TMAX,317
USR0000NNWB,2010-03-15,TMAX,172
USC00316676,2008-04-16,TMAX,167
USC00314689,2010-06-28,TMIN,233
USW00013754,2011-03-12,TMAX,172
USC00316676,2008-04-16,TMIN,50
USR0000NHOF,2010-11-12,TMAX,167
USC00314144,2005-03-09,TMIN,-50
USW00013754,2011-03-12,TMIN,-5
USC00314144,2009-01-08,TMIN,28
USW00093743,2013-12-26,TMIN,39
USW00093743,2013-12-26,TMAX,72
USC00317170,2007-10-01,TMIN,161
USC00310356,2011-06-08,TMAX,283
USR0000NHOF,2011-05-18,TMIN,83
USC00317170,2013-06-20,TMIN,172
USC00317170,2013-03-01,TMIN,17
USC00316676,2013-01-12,TMAX,222
USR0000NCRN,2008-07-31,TMAX,344
USW00093719,2010-04-19,TMIN,56
USW00093765,2007-10-19,TMIN,239
USW00093719,2012-02-15,TMIN,39
USR0000NNWB,2012-03-29,TMAX,294
USW00093765,2011-05-07,TMAX,244
USC00314689,2012-12-05,TMIN,139
USW00093765,2007-10-19,TMAX,283
USC00314689,2012-12-05,TMAX,239
USC00316676,2012-01-23,TMIN,39
USC00315830,2009-10-05,TMIN,161
USC00315830,2009-10-05,TMAX,239
USW00093719,2012-02-15,TMAX,178
USC00315830,2014-10-17,TMAX,233
USC00315830,2014-10-17,TMIN,122
USC00317170,2007-10-01,TMAX,278
USC00316676,2012-01-23,TMAX,72
USW00093719,2010-04-19,TMAX,200
USC00314684,2012-11-28,TMIN,6
USR0000NHOF,2011-05-18,TMAX,244
USR0000NNWB,2010-03-15,TMIN,50
USR0000NCRN,2008-07-31,TMIN,228
USC00316676,2013-01-12,TMIN,100
USC00310356,2011-06-08,TMIN,250
USR0000NNWB,2015-10-08,TMIN,144
USC00316096,2015-11-10,TMIN,144
USR0000NNWB,2006-07-24,TMAX,317
USW00013754,2015-11-16,TMIN,33
USC00314684,2005-01-26,TMIN,-33
USW00093743,2007-06-27,TMAX,289
USC00316096,2012-02-06,TMAX,122
USW00013754,2010-05-09,TMAX,217
USC00316096,2012-02-06,TMIN,39
USC00314144,2009-01-08,TMAX,133
USC00310576,2012-04-05,TMAX,283
USC00316676,2009-11-03,TMIN,111
USC00316676,2009-11-03,TMAX,239
USR0000NCRN,2012-08-05,TMAX,300
USR0000NNWB,2010-12-22,TMIN,-17
USR0000NNWB,2011-07-09,TMAX,306
USR0000NCRN,2012-08-05,TMIN,267
USC00310576,2012-04-05,TMIN,172
USC00315830,2014-10-26,TMIN,89
USR0000NNWB,2011-07-09,TMIN,244
USC00310356,2013-12-26,TMIN,44
USR0000NNWB,2010-12-22,TMAX,83
USC00317170,2014-04-07,TMAX,244
USC00314144,2005-03-09,TMAX,100
USW00093765,2010-02-15,TMAX,139
USC00317170,2014-04-07,TMIN,106
USC00315830,2008-07-29,TMIN,239
USW00093719,2007-02-03,TMAX,83
USW00093719,2007-02-03,TMIN,22
USC00316096,2014-02-06,TMAX,106
USW00013754,2010-05-09,TMIN,83
USC00315830,2008-07-29,TMAX,311
USW00093719,2009-05-30,TMAX,283
USR0000NNWB,2015-10-08,TMAX,272
USW00093743,2007-06-27,TMIN,233
USW00093719,2009-05-30,TMIN,167
USC00316676,2012-05-30,TMIN,206
USR0000NHOF,2013-05-12,TMAX,156
USC00316676,2009-02-17,TMIN,-39
USC00310576,2009-12-05,TMIN,72
USC00316096,2015-06-06,TMAX,272
USC00316096,2015-06-06,TMIN,156
USW00013754,2007-12-09,TMAX,228
USR0000NCRN,2007-09-10,TMIN,206
USW00093765,2010-02-15,TMIN,11
USW00013754,2007-12-09,TMIN,83
USC00310576,2009-12-05,TMAX,161
USC00316676,2009-02-17,TMAX,94
USR0000NNWB,2006-07-24,TMIN,217
USC00316676,2012-05-30,TMAX,283
USC00314684,2014-12-03,TMIN,78
USR0000NHOF,2013-05-12,TMIN,128
USC00316676,2015-08-29,TMAX,278
USC00310576,2011-01-14,TMIN,-39
USC00310356,2012-07-18,TMIN,272
USC00317170,2015-03-26,TMAX,250
USC00310356,2012-07-18,TMAX,311
USC00310576,2009-09-12,TMAX,250
USC00316096,2013-05-22,TMAX,272
USC00314684,2012-01-12,TMIN,78
USC00310576,2009-09-12,TMIN,144
USW00093719,2012-12-17,TMAX,172
USR0000NHOF,2011-06-08,TMAX,328
USR0000NHOF,2011-06-08,TMIN,228
USW00093765,2010-06-27,TMIN,267
USC00314689,2010-02-03,TMIN,17
USC00314689,2010-02-03,TMAX,100
USC00314684,2007-06-06,TMAX,317
USR0000NHOF,2010-10-14,TMIN,100
USR0000NHOF,2010-10-14,TMAX,261
USW00093765,2010-06-27,TMAX,311
USR0000NCRN,2011-07-13,TMIN,239
USC00310356,2006-09-22,TMAX,278
USC00310356,2006-09-22,TMIN,122
USC00316096,2013-05-22,TMIN,217
USR0000NNWB,2005-03-08,TMAX,172
USC00316676,2012-01-07,TMAX,200
USW00093765,2011-08-11,TMIN,256
USC00315830,2005-05-18,TMIN,128
USW00093743,2012-07-18,TMIN,261
USC00315830,2012-11-03,TMAX,183
USW00013754,2005-04-25,TMAX,189
USW00093743,2012-07-18,TMAX,306
USC00314689,2013-01-29,TMAX,228
USW00013754,2005-04-25,TMIN,39
USC00315830,2013-06-08,TMAX,283
USC00314684,2005-04-18,TMIN,6
USR0000NHOF,2011-12-25,TMAX,150
USC00316676,2010-06-19,TMIN,233
USC00315830,2013-06-08,TMIN,244
USC00314689,2013-01-29,TMIN,83
USC00316676,2014-03-24,TMIN,33
USR0000NHOF,2011-12-25,TMIN,-17
USC00316676,2014-03-24,TMAX,178
USC00317170,2015-03-26,TMIN,144
USC00316676,2010-11-05,TMIN,100
USC00314689,2014-08-29,TMIN,217
USC00314689,2014-08-29,TMAX,333
USW00093719,2012-12-17,TMIN,139
USC00316676,2012-01-07,TMIN,-6
USR0000NNWB,2015-12-29,TMIN,156
USC00316676,2014-06-04,TMIN,144
USR0000NNWB,2015-12-29,TMAX,272
USW00093743,2012-06-24,TMAX,283
USC00310576,2011-01-14,TMAX,67
USW00093765,2011-09-14,TMIN,178
USW00093743,2013-12-06,TMIN,172
USW00093719,2008-10-24,TMIN,106
USW00093743,2013-12-06,TMAX,228
USR0000NCRN,2014-12-16,TMIN,-6
USR0000NCRN,2014-12-16,TMAX,178
USC00315830,2012-12-24,TMIN,78
USC00315830,2012-12-24,TMAX,172
USC00314144,2008-03-04,TMAX,228
USR0000NNWB,2009-03-15,TMAX,117
USC00316676,2006-12-23,TMAX,200
USC00316676,2006-12-23,TMIN,106
USC00314144,2009-05-31,TMIN,144
USW00093765,2005-03-05,TMAX,156
USC00310356,2013-12-06,TMIN,106
USC00314144,2009-05-31,TMAX,311
USW00093719,2008-10-24,TMAX,183
USC00310356,2013-12-06,TMAX,194
USC00315830,2005-04-02,TMAX,211
USC00314144,2008-03-04,TMIN,111
USR0000NNWB,2009-03-15,TMIN,72
USW00013754,2009-05-13,TMIN,117
USW00093743,2007-11-04,TMIN,33
USW00093765,2009-01-22,TMIN,-43
USW00013754,2014-11-04,TMAX,211
USC00317170,2007-07-16,TMAX,317
USR0000NCRN,2011-07-13,TMAX,361
USW00013754,2005-06-15,TMAX,333
USW00013754,2014-11-04,TMIN,28
USC00314684,2007-06-06,TMIN,183
USC00310356,2012-06-24,TMAX,289
USC00310356,2012-06-24,TMIN,222
USW00093743,2012-05-29,TMAX,289
USC00314684,2005-04-18,TMAX,200
USC00314684,2007-09-24,TMIN,189
USC00315830,2010-05-12,TMIN,183
USC00315830,2010-05-12,TMAX,256
USC00314684,2007-09-24,TMAX,339
USC00310576,2005-10-22,TMIN,206
USW00093743,2007-11-04,TMAX,194
USC00314144,2008-08-30,TMIN,200
USC00310576,2005-10-22,TMAX,256
USC00314144,2008-08-30,TMAX,328
USC00316676,2009-08-28,TMAX,322
USC00316676,2009-08-28,TMIN,217
USW00093743,2012-05-29,TMIN,233
USR0000NNWB,2011-09-18,TMIN,167
USC00316676,2010-06-19,TMAX,317
USW00093765,2011-12-26,TMAX,133
USR0000NNWB,2012-02-04,TMIN,6
USW00013754,2007-04-26,TMAX,283
USW00013754,2007-04-26,TMIN,172
USW00013754,2013-12-10,TMAX,244
USC00315830,2005-12-02,TMAX,139
USW00013754,2005-07-25,TMAX,322
USW00013754,2013-12-10,TMIN,50
USC00315830,2005-12-02,TMIN,33
USC00314684,2014-08-17,TMIN,189
USR0000NNWB,2012-02-04,TMAX,183
USC00310576,2005-07-08,TMIN,250
USC00315830,2009-10-02,TMIN,139
USC00314684,2008-11-02,TMAX,233
USW00013754,2015-03-15,TMIN,117
USC00315830,2005-04-21,TMIN,156
USC00310576,2005-07-08,TMAX,322
USC00315830,2005-04-21,TMAX,211
USW00013754,2007-06-18,TMAX,339
USC00316676,2010-11-05,TMAX,200
USW00013754,2007-06-18,TMIN,211
USC00314689,2010-06-29,TMIN,250
USC00315830,2009-10-02,TMAX,261
USW00013754,2015-10-08,TMIN,150
USC00314684,2008-11-02,TMIN,11
USR0000NCRN,2007-10-23,TMIN,172
USC00314684,2007-11-06,TMIN,50
USW00013754,2011-04-06,TMIN,39
USC00310356,2007-06-27,TMIN,222
USC00310576,2012-09-24,TMIN,100
USC00310356,2005-11-23,TMAX,122
USW00013754,2011-04-06,TMAX,178
USC00314689,2011-06-22,TMAX,333
USC00314144,2009-07-08,TMIN,150
USR0000NHOF,2011-11-25,TMIN,-33
USR0000NHOF,2011-11-25,TMAX,194
USC00314144,2009-07-08,TMAX,317
USC00314689,2011-06-22,TMIN,222
USR0000NCRN,2006-11-18,TMIN,50
USR0000NCRN,2006-11-18,TMAX,161
USC00316676,2015-08-29,TMIN,200
USW00093765,2011-01-21,TMIN,-5
USR0000NCRN,2007-10-23,TMAX,294
USW00093765,2011-01-21,TMAX,133
USR0000NNWB,2011-09-18,TMAX,217
USR0000NCRN,2009-04-25,TMIN,183
USR0000NCRN,2009-04-25,TMAX,250
USC00314144,2007-11-24,TMAX,111
USC00317170,2011-05-18,TMAX,278
USW00013754,2005-07-25,TMIN,194
USC00314689,2010-06-29,TMAX,350
USC00315830,2014-11-29,TMAX,139
USC00314684,2012-12-04,TMAX,239
USR0000NCRN,2015-08-10,TMIN,161
USC00310356,2007-04-08,TMAX,144
USC00314684,2012-12-04,TMIN,56
USC00316676,2014-08-19,TMAX,328
USC00310356,2011-11-25,TMIN,61
USC00310356,2011-11-25,TMAX,161
USR0000NNWB,2005-03-08,TMIN,22
USC00310356,2007-04-08,TMIN,11
USC00314689,2007-02-07,TMIN,-11
USR0000NCRN,2015-08-10,TMAX,294
USW00093765,2011-09-14,TMAX,294
USC00314689,2007-02-07,TMAX,111
USC00315830,2007-04-28,TMIN,189
USC00315830,2007-04-28,TMAX,256
USC00315830,2012-11-03,TMIN,33
USC00315830,2014-11-29,TMIN,-17
USR0000NNWB,2008-05-20,TMAX,311
USC00317170,2007-07-16,TMIN,222
USW00093765,2011-12-26,TMIN,33
USR0000NHOF,2007-02-28,TMIN,0
USW00013754,2012-03-29,TMAX,289
USR0000NHOF,2007-02-28,TMAX,161
USW00013754,2010-03-15,TMAX,167
USW00013754,2008-11-19,TMIN,-21
USC00314689,2013-05-22,TMIN,194
USC00310356,2007-06-27,TMAX,306
USW00013754,2008-11-19,TMAX,61
USC00314689,2013-05-22,TMAX,272
USW00093765,2009-01-22,TMAX,83
USC00310356,2011-04-14,TMAX,178
USC00316676,2015-08-07,TMAX,333
USR0000NHOF,2012-07-18,TMIN,239
USC00310356,2011-04-14,TMIN,133
USR0000NNWB,2008-05-20,TMIN,167
USC00316676,2015-08-07,TMIN,217
USR0000NHOF,2012-07-18,TMAX,311
USW00093765,2011-08-11,TMAX,361
USW00093765,2008-05-23,TMIN,161
USW00093765,2008-05-23,TMAX,250
USC00316676,2014-08-19,TMIN,206
USC00310356,2012-05-29,TMAX,283
USC00310356,2012-05-29,TMIN,233
USW00013754,2012-03-29,TMIN,144
USW00013754,2010-03-15,TMIN,56
USW00013754,2015-10-08,TMAX,267
USC00315830,2005-05-18,TMAX,250
USR0000NNWB,2012-03-29,TMIN,150
USC00310576,2012-10-31,TMIN,67
USC00316676,2010-08-28,TMIN,206
USC00314689,2005-02-17,TMAX,189
USC00310356,2011-05-18,TMIN,178
USW00013754,2011-07-09,TMAX,322
USC00310356,2011-06-20,TMAX,300
USW00013754,2009-03-31,TMAX,178
USR0000NHOF,2010-06-01,TMAX,267
USC00314689,2014-02-06,TMAX,172
USR0000NHOF,2010-06-01,TMIN,194
USW00013754,2007-07-26,TMIN,222
USC00314684,2015-06-06,TMAX,233
USW00013754,2011-07-09,TMIN,239
USW00013754,2007-07-26,TMAX,306
USC00314689,2009-01-17,TMAX,0
USC00314689,2005-02-17,TMIN,56
USC00314684,2015-06-06,TMIN,156
USW00093743,2010-03-18,TMIN,78
USW00013754,2009-03-31,TMIN,39
USR0000NHOF,2006-02-24,TMAX,156
USR0000NNWB,2014-12-01,TMIN,67
USC00310576,2013-10-25,TMAX,167
USR0000NHOF,2006-02-24,TMIN,-39
USW00093719,2005-02-02,TMIN,-6
USW00093719,2006-07-24,TMIN,217
USW00013754,2005-09-30,TMIN,206
USC00310356,2007-01-09,TMIN,0
USR0000NCRN,2012-11-08,TMIN,11
USW00093719,2008-09-21,TMIN,161
USC00316676,2014-01-09,TMAX,61
USW00093719,2008-09-21,TMAX,256
USR0000NNWB,2008-11-19,TMAX,61
USC00315830,2005-12-30,TMIN,28
USC00316676,2012-03-13,TMAX,222
USW00013754,2005-09-30,TMAX,239
USC00315830,2005-12-30,TMAX,161
USW00093765,2011-01-16,TMAX,128
USR0000NCRN,2009-07-08,TMIN,233
USR0000NCRN,2009-07-08,TMAX,317
USC00316676,2012-03-13,TMIN,33
USW00093743,2010-03-18,TMAX,139
USC00310356,2008-06-23,TMIN,200
USC00310356,2010-12-09,TMAX,39
USC00310356,2008-06-23,TMAX,294
USC00315830,2006-10-28,TMIN,172
USW00093765,2008-12-23,TMIN,-43
USC00315830,2006-10-28,TMAX,239
USC00310356,2007-01-09,TMAX,183
USW00093765,2011-01-16,TMIN,11
USW00093719,2006-07-24,TMAX,306
USC00310576,2006-03-22,TMAX,111
USR0000NNWB,2014-12-01,TMAX,233
USR0000NNWB,2009-08-13,TMAX,256
USR0000NCRN,2013-08-27,TMAX,283
USW00093719,2009-12-07,TMAX,111
USW00093719,2009-12-07,TMIN,17
USC00317170,2012-07-20,TMAX,339
USW00093743,2011-05-18,TMAX,256
USR0000NCRN,2013-08-27,TMIN,156
USC00317170,2012-07-20,TMIN,244
USW00093743,2011-05-18,TMIN,161
USW00093765,2014-01-06,TMAX,189
USW00093765,2014-01-06,TMIN,11
USR0000NCRN,2012-06-21,TMIN,206
USR0000NCRN,2012-06-21,TMAX,300
USR0000NHOF,2010-09-23,TMAX,317
USW00093719,2014-05-24,TMAX,272
USR0000NHOF,2010-09-23,TMIN,167
USC00310356,2010-04-18,TMAX,211
USC00314684,2013-06-20,TMIN,172
USC00314684,2013-06-20,TMAX,267
USW00093719,2014-05-24,TMIN,167
USC00310356,2010-04-18,TMIN,111
USR0000NNWB,2009-08-13,TMIN,228
USC00316676,2013-05-22,TMAX,283
USC00316676,2013-05-22,TMIN,194
USC00316096,2014-02-02,TMIN,61
USC00317170,2010-12-09,TMAX,67
USC00310356,2006-08-13,TMAX,306
USW00013754,2007-03-03,TMAX,194
USC00317170,2010-12-09,TMIN,-6
USW00013754,2007-03-03,TMIN,83
USC00310576,2006-03-22,TMIN,22
USC00316096,2014-12-17,TMAX,161
USC00310576,2013-10-25,TMIN,67
USC00310356,2006-08-13,TMIN,178
USC00316096,2014-12-17,TMIN,50
USR0000NNWB,2008-11-19,TMIN,-22
USC00315830,2007-06-30,TMIN,233
USC00314144,2010-04-02,TMAX,267
USC00315830,2007-06-30,TMAX,306
USR0000NHOF,2007-01-09,TMAX,139
USR0000NHOF,2007-01-09,TMIN,-33
USW00093719,2011-10-08,TMAX,250
USW00093719,2011-10-08,TMIN,122
USW00093719,2005-02-02,TMAX,111
USC00316096,2014-02-02,TMAX,183
USC00314144,2005-10-25,TMIN,61
USW00093719,2007-11-07,TMAX,133
USC00314144,2010-04-02,TMIN,50
USW00013754,2011-04-15,TMIN,100
USC00316676,2014-01-09,TMIN,-83
USC00314684,2011-06-22,TMAX,328
USC00310356,2013-06-08,TMAX,267
USR0000NNWB,2009-06-30,TMIN,200
USC00314689,2014-02-06,TMIN,17
USR0000NNWB,2009-06-30,TMAX,344
USC00315830,2015-03-11,TMIN,133
USC00310356,2013-06-08,TMIN,222
USW00093743,2013-06-08,TMAX,283
USW00093743,2013-06-08,TMIN,233
USC00315830,2015-10-31,TMAX,222
USC00315830,2015-03-11,TMAX,244
USW00093765,2012-11-06,TMIN,56
USC00310356,2012-04-05,TMAX,222
USC00314689,2013-11-06,TMIN,100
USC00317170,2010-09-02,TMAX,328
USR0000NNWB,2015-06-19,TMAX,356
USC00310356,2012-04-05,TMIN,178
USR0000NNWB,2015-06-19,TMIN,222
USC00314144,2006-06-04,TMIN,133
USC00314144,2006-06-04,TMAX,294
USR0000NHOF,2012-09-24,TMAX,233
USC00315830,2015-10-31,TMIN,122
USR0000NCRN,2014-05-05,TMIN,156
USC00317170,2009-08-15,TMIN,222
USC00310356,2014-12-16,TMIN,50
USC00315830,2012-04-12,TMAX,178
USC00314689,2013-06-20,TMAX,272
USW00013754,2014-10-26,TMIN,89
USW00013754,2014-10-26,TMAX,261
USW00093743,2012-09-24,TMIN,122
USC00310356,2006-02-24,TMIN,56
USR0000NCRN,2009-04-26,TMAX,256
USW00093719,2010-03-15,TMIN,56
USW00093719,2010-03-15,TMAX,172
USW00093743,2010-06-01,TMAX,278
USW00093743,2010-06-01,TMIN,228
USR0000NHOF,2010-04-21,TMIN,89
USW00013754,2008-10-27,TMIN,44
USW00013754,2008-10-27,TMAX,222
USC00317170,2011-03-22,TMIN,144
USC00314684,2006-02-08,TMIN,-39
USC00316676,2010-02-10,TMAX,89
USC00316676,2010-02-10,TMIN,-6
USC00317170,2011-03-22,TMAX,300
USW00093765,2015-12-29,TMIN,189
USR0000NCRN,2014-05-05,TMAX,233
USC00315830,2012-04-12,TMIN,28
USW00093765,2015-12-29,TMAX,239
USC00317170,2009-08-15,TMAX,311
USC00310356,2010-12-09,TMIN,-50
USR0000NHOF,2012-05-21,TMAX,272
USC00310356,2008-04-18,TMIN,72
USW00093743,2008-06-23,TMAX,250
USW00093719,2007-10-08,TMAX,322
USW00093719,2007-10-08,TMIN,200
USC00314689,2013-11-06,TMAX,222
USC00310356,2008-04-18,TMAX,222
USW00093719,2015-10-08,TMIN,144
USR0000NHOF,2012-04-05,TMAX,178
USR0000NHOF,2012-04-05,TMIN,78
USW00093765,2008-12-23,TMAX,94
USW00013754,2008-09-07,TMAX,317
USW00093765,2009-01-06,TMAX,183
USW00093765,2009-01-06,TMIN,139
USC00316096,2012-02-02,TMAX,211
USC00316096,2012-02-02,TMIN,61
USR0000NCRN,2005-06-22,TMIN,183
USC00316096,2010-06-28,TMAX,306
USC00316096,2010-06-28,TMIN,239
USW00093719,2015-10-08,TMAX,272
USC00310356,2011-06-20,TMIN,200
USR0000NCRN,2005-06-22,TMAX,317
USC00310356,2011-05-18,TMAX,239
USW00093743,2008-06-23,TMIN,178
USC00314144,2006-02-07,TMAX,111
USC00310576,2013-12-02,TMIN,61
USW00093743,2012-04-05,TMAX,189
USR0000NHOF,2012-09-24,TMIN,78
USR0000NCRN,2012-05-25,TMIN,206
USW00093743,2012-04-05,TMIN,83
USR0000NCRN,2012-05-25,TMAX,283
USC00310356,2014-12-16,TMAX,139
USR0000NHOF,2012-05-21,TMIN,150
USW00093719,2012-02-04,TMIN,-6
USC00310576,2013-12-02,TMAX,139
USW00093719,2012-02-04,TMAX,200
USC00314684,2011-06-22,TMIN,200
USR0000NCRN,2009-04-26,TMIN,172
USC00316676,2011-03-04,TMAX,111
USW00013754,2008-09-07,TMIN,233
USC00316096,2013-06-20,TMIN,189
USC00317170,2011-12-26,TMAX,133
USC00316096,2013-06-20,TMAX,278
USC00316676,2011-03-04,TMIN,11
USC00314144,2005-10-30,TMIN,-6
USR0000NHOF,2005-10-06,TMAX,261
USC00314144,2006-02-07,TMIN,44
USR0000NHOF,2005-10-06,TMIN,211
USC00317170,2011-12-26,TMIN,28
USC00314689,2013-06-20,TMIN,156
USW00013754,2011-04-15,TMAX,217
USC00310356,2009-02-26,TMAX,117
USW00093765,2006-04-11,TMAX,211
USC00314684,2011-06-11,TMAX,350
USC00316676,2012-01-22,TMAX,206
USW00093719,2015-06-19,TMAX,344
USW00093719,2015-06-19,TMIN,222
USC00316676,2013-09-02,TMIN,222
USC00316676,2013-09-02,TMAX,322
USW00093765,2006-04-11,TMIN,72
USC00316676,2015-02-25,TMAX,-17
USC00316676,2012-01-22,TMIN,39
USC00314684,2012-12-15,TMAX,139
USW00093765,2005-08-25,TMIN,206
USW00093765,2005-08-25,TMAX,289
USR0000NNWB,2010-08-17,TMAX,339
USR0000NNWB,2010-08-17,TMIN,239
USC00314144,2006-06-13,TMAX,228
USC00314144,2006-06-13,TMIN,178
USC00317170,2014-01-06,TMAX,189
USC00317170,2015-02-27,TMIN,-11
USW00093719,2015-04-14,TMAX,278
USC00317170,2014-01-06,TMIN,78
USC00314684,2011-06-11,TMIN,194
USW00093765,2011-01-31,TMIN,50
USW00093765,2005-12-21,TMAX,78
USR0000NNWB,2011-09-15,TMAX,322
USC00310356,2013-03-10,TMAX,161
USC00310356,2013-03-10,TMIN,39
USC00314689,2011-04-05,TMAX,283
USC00314689,2011-04-05,TMIN,144
USC00310576,2012-12-03,TMIN,28
USW00093743,2013-03-10,TMAX,150
USW00093743,2013-03-10,TMIN,-16
USC00315830,2006-03-25,TMIN,11
USR0000NCRN,2015-03-23,TMAX,111
USC00315830,2006-03-25,TMAX,133
USC00315830,2005-09-04,TMIN,194
USW00013754,2009-06-30,TMIN,211
USR0000NCRN,2015-07-23,TMIN,217
USR0000NNWB,2008-06-27,TMAX,350
USR0000NCRN,2015-07-23,TMAX,278
USC00315830,2005-09-04,TMAX,317
USW00013754,2009-06-30,TMAX,328
USR0000NHOF,2013-03-10,TMAX,156
USR0000NHOF,2013-03-10,TMIN,-33
USR0000NCRN,2015-11-21,TMIN,72
USR0000NNWB,2011-09-15,TMIN,172
USW00093765,2005-12-21,TMIN,-28
USC00314684,2012-12-15,TMIN,-17
USC00310356,2012-12-21,TMAX,183
USC00314684,2007-06-19,TMIN,200
USW00013754,2009-08-13,TMAX,267
USW00013754,2015-03-15,TMAX,228
USC00317170,2011-10-02,TMIN,72
USC00317170,2011-10-02,TMAX,183
USW00093719,2007-11-10,TMAX,122
USW00093719,2007-11-10,TMIN,28
USW00093743,2012-12-21,TMIN,44
USW00013754,2014-12-01,TMIN,50
USC00314144,2009-12-28,TMAX,100
USC00314144,2009-12-28,TMIN,-22
USC00314689,2007-02-11,TMIN,-44
USC00310576,2007-06-07,TMAX,289
USR0000NHOF,2012-12-21,TMAX,178
USC00317170,2013-03-01,TMAX,133
USR0000NHOF,2012-12-21,TMIN,33
USC00310576,2012-10-31,TMAX,144
USC00317170,2012-11-06,TMAX,89
USC00317170,2012-11-06,TMIN,22
USC00317170,2014-05-10,TMAX,322
USC00317170,2014-05-10,TMIN,200
USC00314689,2011-09-16,TMAX,317
USW00013754,2009-08-13,TMIN,222
USC00314144,2005-08-12,TMAX,339
USW00013754,2010-08-14,TMAX,311
USW00013754,2010-08-14,TMIN,222
USC00315830,2015-06-24,TMIN,267
USC00315830,2015-06-24,TMAX,311
USC00317170,2015-02-27,TMAX,111
USC00315830,2009-04-28,TMAX,250
USW00093719,2009-09-26,TMAX,233
USW00093719,2009-09-26,TMIN,194
USC00314684,2013-01-29,TMAX,128
USC00314684,2013-01-29,TMIN,0
USC00316676,2015-02-25,TMIN,-33
USC00314684,2007-06-19,TMAX,350
USR0000NNWB,2008-06-27,TMIN,239
USW00093765,2011-05-07,TMIN,139
USW00093719,2015-12-05,TMAX,161
USR0000NCRN,2015-11-21,TMAX,194
USW00093719,2015-04-14,TMIN,206
USR0000NHOF,2010-11-12,TMIN,-6
USC00316096,2014-02-06,TMIN,11
USC00314689,2009-11-08,TMAX,244
USC00314689,2009-11-08,TMIN,67
USW00093743,2012-12-21,TMAX,183
USC00314144,2005-08-12,TMIN,206
USW00093719,2015-12-05,TMIN,39
USC00310356,2012-12-21,TMIN,72
USR0000NNWB,2007-09-10,TMIN,200
USW00093765,2011-01-31,TMAX,100
USC00317170,2010-09-02,TMIN,183
USC00310576,2012-12-03,TMAX,200
USC00316676,2011-11-21,TMAX,256
USR0000NHOF,2005-11-23,TMIN,-11
USC00316676,2011-11-21,TMIN,106
USR0000NHOF,2005-11-23,TMAX,100
USC00310356,2010-09-01,TMIN,233
USC00316676,2009-06-07,TMIN,189
USC00310356,2010-09-01,TMAX,328
USC00317170,2011-04-17,TMAX,233
USC00314689,2009-05-24,TMAX,283
USC00314689,2009-05-24,TMIN,183
USC00317170,2011-04-17,TMIN,33
USC00310576,2014-07-22,TMAX,272
USC00316676,2015-01-17,TMAX,139
USC00310576,2014-07-22,TMIN,217
USR0000NHOF,2006-05-28,TMAX,300
USR0000NHOF,2006-05-28,TMIN,144
USR0000NHOF,2010-03-18,TMAX,139
USR0000NHOF,2010-03-18,TMIN,50
USR0000NNWB,2010-08-14,TMIN,222
USR0000NNWB,2010-08-14,TMAX,317
USR0000NHOF,2008-02-20,TMAX,167
USC00316676,2015-01-17,TMIN,22
USC00310576,2007-03-23,TMAX,244
USC00310356,2005-01-17,TMIN,0
USR0000NCRN,2012-11-08,TMAX,144
USC00315830,2005-12-26,TMAX,167
USC00310356,2006-05-28,TMAX,311
USC00315830,2005-12-26,TMIN,89
USC00310356,2006-05-28,TMIN,244
USC00315830,2008-01-29,TMIN,17
USC00315830,2008-01-29,TMAX,150
USC00310356,2009-02-26,TMIN,17
USC00316676,2012-09-29,TMIN,156
USC00316676,2012-09-29,TMAX,283
USR0000NHOF,2008-02-20,TMIN,-33
USC00316096,2011-09-22,TMAX,300
USC00317170,2009-03-03,TMIN,-28
USC00317170,2009-03-03,TMAX,39
USC00316676,2014-08-24,TMAX,289
USC00316676,2013-10-19,TMIN,189
USC00316096,2011-09-22,TMIN,222
USC00316676,2013-10-19,TMAX,233
USC00316676,2014-08-24,TMIN,217
USC00310356,2005-01-17,TMAX,67
USR0000NNWB,2007-09-10,TMAX,344
USC00310576,2007-03-23,TMIN,72
USR0000NHOF,2007-05-28,TMIN,106
USC00314144,2007-05-15,TMAX,250
USC00316676,2009-06-07,TMAX,222
USR0000NCRN,2010-07-23,TMIN,244
USC00315830,2009-04-28,TMIN,144
USC00316676,2015-02-05,TMAX,156
USC00314689,2014-02-02,TMAX,161
USC00314689,2012-02-02,TMIN,44
USC00314144,2006-11-20,TMAX,156
USC00314144,2010-10-04,TMAX,189
USC00310576,2013-06-08,TMAX,283
USW00093719,2007-11-07,TMIN,17
USR0000NHOF,2006-08-13,TMAX,283
USR0000NHOF,2006-08-13,TMIN,144
USC00310576,2013-06-08,TMIN,211
USR0000NCRN,2007-12-04,TMAX,89
USR0000NCRN,2015-03-23,TMIN,61
USC00315830,2010-01-29,TMAX,189
USW00093719,2014-04-02,TMIN,117
USC00316676,2015-02-05,TMIN,-17
USC00314144,2010-10-04,TMIN,94
USC00315830,2010-01-29,TMIN,6
USR0000NCRN,2013-05-12,TMAX,261
USR0000NCRN,2013-05-12,TMIN,172
USR0000NNWB,2009-03-31,TMIN,33
USR0000NHOF,2007-05-28,TMAX,294
USC00314144,2006-11-20,TMIN,22
USR0000NNWB,2009-03-31,TMAX,211
USR0000NHOF,2007-06-27,TMIN,172
USR0000NHOF,2007-06-27,TMAX,306
USC00317170,2010-02-15,TMIN,6
USC00314689,2011-09-16,TMIN,150
USC00316096,2010-12-23,TMAX,72
USC00316096,2010-12-23,TMIN,-28
USC00317170,2010-02-15,TMAX,161
USC00317170,2008-05-23,TMIN,122
USC00317170,2008-05-23,TMAX,267
USC00310576,2011-08-24,TMAX,283
USC00314689,2014-02-02,TMIN,50
USW00093743,2010-04-18,TMAX,211
USC00310576,2011-08-24,TMIN,167
USC00314144,2007-05-15,TMIN,61
USW00093765,2008-07-17,TMAX,294
USC00310576,2015-09-09,TMAX,294
USC00310576,2015-09-09,TMIN,217
USC00314689,2012-02-02,TMAX,217
USW00093719,2014-04-02,TMAX,317
USC00310576,2007-06-07,TMIN,94
USW00093765,2008-07-17,TMIN,228
USR0000NCRN,2010-07-23,TMAX,322
USW00093743,2010-04-18,TMIN,89
USC00316676,2006-12-17,TMIN,11
USC00310356,2011-10-24,TMIN,150
USR0000NNWB,2006-06-14,TMAX,256
USW00013754,2014-01-28,TMIN,-49
USC00316676,2005-11-08,TMAX,244
USW00093719,2008-08-29,TMIN,228
USR0000NCRN,2006-04-19,TMAX,261
USR0000NHOF,2013-03-14,TMIN,-11
USR0000NHOF,2013-03-14,TMAX,111
USR0000NCRN,2006-04-19,TMIN,72
USC00316676,2015-09-09,TMAX,278
USC00316676,2015-09-09,TMIN,222
USW00013754,2007-07-10,TMIN,211
USW00093719,2011-05-10,TMIN,111
USR0000NNWB,2009-12-29,TMAX,83
USW00013754,2015-10-24,TMIN,128
USW00013754,2007-07-10,TMAX,294
USC00310356,2010-09-16,TMAX,317
USC00310356,2007-04-07,TMAX,144
USR0000NNWB,2009-12-29,TMIN,-28
USW00093743,2010-06-20,TMAX,322
USW00013754,2015-10-24,TMAX,222
USC00310356,2007-04-07,TMIN,33
USR0000NNWB,2012-01-21,TMAX,200
USC00316676,2005-11-08,TMIN,78
USR0000NNWB,2012-01-21,TMIN,67
USW00093719,2008-08-29,TMAX,317
USC00315830,2012-01-07,TMAX,172
USR0000NNWB,2011-02-18,TMAX,250
USC00310356,2013-08-29,TMAX,278
USC00310356,2013-08-29,TMIN,250
USR0000NNWB,2011-02-18,TMIN,139
USC00310356,2015-12-27,TMIN,172
USW00093743,2013-08-29,TMAX,322
USW00093743,2013-08-29,TMIN,233
USR0000NCRN,2012-07-29,TMIN,211
USW00013754,2015-06-09,TMIN,200
USW00013754,2015-06-09,TMAX,289
USC00314684,2009-08-18,TMIN,217
USC00314144,2010-06-02,TMAX,283
USW00013754,2007-03-09,TMAX,133
USW00093719,2014-05-11,TMIN,206
USC00314144,2010-06-02,TMIN,206
USR0000NCRN,2015-02-01,TMIN,-39
USC00314689,2007-03-02,TMIN,156
USW00093719,2014-05-11,TMAX,294
USW00013754,2014-01-28,TMAX,44
USR0000NCRN,2015-02-01,TMAX,144
USC00314684,2009-08-18,TMAX,322
USR0000NNWB,2011-04-14,TMAX,250
USW00013754,2005-11-30,TMAX,200
USW00093719,2011-05-10,TMAX,272
USC00310356,2010-09-16,TMIN,217
USC00316676,2015-03-01,TMAX,61
USW00093719,2012-01-16,TMAX,117
USC00314689,2014-06-19,TMAX,344
USC00314689,2014-06-19,TMIN,233
USC00317170,2007-11-05,TMAX,200
USW00013754,2012-08-17,TMAX,311
USC00310356,2013-03-14,TMIN,17
USW00093765,2013-12-27,TMAX,122
USC00314684,2015-02-26,TMAX,39
USW00093719,2015-03-16,TMIN,33
USR0000NNWB,2011-11-23,TMAX,233
USC00314684,2011-10-06,TMAX,244
USR0000NNWB,2015-12-06,TMAX,183
USC00310356,2013-03-14,TMAX,133
USC00315830,2005-08-03,TMIN,294
USR0000NNWB,2015-12-06,TMIN,56
USC00315830,2005-08-03,TMAX,322
USW00093765,2013-12-27,TMIN,33
USC00316676,2014-01-28,TMIN,0
USC00310356,2012-11-01,TMAX,156
USC00316676,2014-01-28,TMAX,194
USR0000NNWB,2007-11-27,TMIN,56
USC00316676,2015-03-01,TMIN,-17
USW00093719,2012-01-16,TMIN,-39
USR0000NHOF,2015-12-27,TMIN,167
USR0000NNWB,2011-04-14,TMIN,94
USC00317170,2009-09-27,TMIN,211
USW00093765,2006-11-02,TMAX,228
USC00310576,2006-05-30,TMAX,289
USW00093765,2006-11-02,TMIN,100
USC00317170,2009-09-27,TMAX,283
USC00310576,2009-08-29,TMAX,300
USW00093743,2013-03-14,TMIN,11
USC00310576,2006-05-30,TMIN,167
USC00310576,2009-08-29,TMIN,217
USW00093743,2010-06-20,TMIN,233
USW00093743,2013-03-14,TMAX,111
USC00314144,2005-07-04,TMIN,194
USW00093719,2011-08-10,TMAX,356
USW00013754,2012-08-17,TMIN,211
USC00314144,2005-07-04,TMAX,317
USC00314684,2015-02-26,TMIN,-33
USR0000NHOF,2015-12-27,TMAX,261
USW00093719,2015-03-16,TMAX,233
USC00315830,2008-02-24,TMIN,56
USC00315830,2008-02-24,TMAX,178
USR0000NNWB,2007-11-27,TMAX,206
USW00013754,2007-03-09,TMIN,17
USW00013754,2005-11-30,TMIN,106
USC00315830,2014-03-21,TMAX,178
USW00093719,2011-06-24,TMIN,222
USW00093719,2011-06-24,TMAX,339
USR0000NNWB,2015-06-09,TMAX,306
USR0000NCRN,2014-07-25,TMIN,200
USR0000NCRN,2014-07-25,TMAX,283
USC00310576,2011-05-30,TMIN,172
USW00093719,2009-01-17,TMIN,-83
USC00316096,2010-12-27,TMAX,22
USC00315830,2011-01-05,TMIN,0
USC00316096,2010-12-27,TMIN,-44
USC00314144,2008-07-13,TMIN,139
USC00315830,2011-01-05,TMAX,94
USC00316676,2006-07-22,TMIN,228
USC00314689,2011-02-24,TMIN,-11
USC00317170,2009-01-17,TMIN,-56
USC00310356,2010-06-20,TMAX,317
USC00316676,2006-07-22,TMAX,311
USC00310356,2010-06-20,TMIN,261
USC00310356,2005-12-03,TMAX,206
USR0000NCRN,2010-08-28,TMIN,178
USC00316096,2015-10-12,TMAX,206
USW00093743,2013-10-26,TMIN,33
USC00316676,2013-10-15,TMAX,217
USC00314689,2007-12-09,TMIN,72
USC00314689,2012-06-18,TMIN,139
USR0000NNWB,2010-10-17,TMAX,250
USC00310356,2011-09-19,TMIN,178
USW00013754,2011-05-13,TMIN,172
USC00314689,2007-12-09,TMAX,222
USW00093719,2009-01-17,TMAX,11
USC00310356,2010-02-01,TMIN,-44
USC00310356,2010-02-01,TMAX,67
USC00314144,2005-04-20,TMIN,133
USC00310576,2008-02-09,TMAX,206
USC00314144,2005-04-20,TMAX,300
USC00317170,2009-06-06,TMAX,250
USC00310576,2008-02-09,TMIN,28
USW00013754,2015-12-06,TMAX,189
USR0000NNWB,2015-06-09,TMIN,206
USC00314689,2011-02-18,TMAX,244
USC00315830,2014-08-28,TMIN,189
USC00314689,2012-06-18,TMAX,289
USC00317170,2009-06-06,TMIN,194
USC00310356,2009-04-02,TMAX,211
USC00317170,2015-01-31,TMIN,-39
USC00315830,2014-08-28,TMAX,300
USW00013754,2015-12-06,TMIN,78
USC00316096,2015-10-12,TMIN,150
USW00013754,2011-11-23,TMAX,233
USW00013754,2011-11-23,TMIN,128
USR0000NHOF,2006-10-06,TMIN,122
USW00013754,2005-03-01,TMIN,17
USW00093765,2005-08-24,TMAX,294
USR0000NHOF,2006-10-06,TMAX,261
USW00013754,2005-03-31,TMIN,94
USC00314684,2014-05-25,TMIN,117
USW00013754,2005-03-31,TMAX,233
USC00316676,2008-07-12,TMIN,194
USR0000NCRN,2012-07-29,TMAX,306
USW00093719,2011-05-17,TMAX,256
USC00314684,2014-05-25,TMAX,261
USC00316676,2014-10-21,TMIN,56
USC00316676,2014-10-21,TMAX,233
USC00310576,2008-10-15,TMAX,283
USC00314689,2007-03-02,TMAX,222
USC00315830,2012-01-07,TMIN,6
USC00317170,2009-01-17,TMAX,39
USR0000NCRN,2014-10-20,TMAX,211
USC00310356,2015-12-27,TMAX,239
USR0000NCRN,2014-10-20,TMIN,39
USC00315830,2014-03-21,TMIN,61
USW00093765,2005-08-24,TMIN,239
USW00093765,2015-04-11,TMIN,133
USC00315830,2008-04-05,TMAX,217
USC00314689,2011-02-24,TMAX,172
USC00314689,2011-07-12,TMAX,356
USC00315830,2014-11-30,TMIN,39
USC00315830,2008-04-05,TMIN,178
USC00314689,2011-07-12,TMIN,239
USW00013754,2005-03-01,TMAX,117
USC00316676,2008-07-12,TMAX,283
USC00314684,2011-10-06,TMIN,78
USR0000NCRN,2012-05-23,TMIN,200
USR0000NCRN,2010-08-28,TMAX,300
USR0000NCRN,2012-05-23,TMAX,267
USC00317170,2008-10-25,TMIN,172
USC00310576,2010-02-14,TMIN,-22
USC00316676,2013-10-15,TMIN,167
USC00314144,2008-07-13,TMAX,306
USC00315830,2014-11-30,TMAX,106
USW00093765,2015-04-11,TMAX,217
USC00310356,2005-12-03,TMIN,-6
USC00315830,2006-09-06,TMIN,211
USC00310576,2006-07-22,TMAX,306
USC00310576,2006-07-22,TMIN,244
USC00310576,2008-10-15,TMIN,100
USC00315830,2006-09-06,TMAX,289
USC00310576,2010-02-14,TMAX,67
USW00013754,2009-02-10,TMAX,222
USW00013754,2008-11-02,TMIN,39
USW00013754,2009-02-10,TMIN,39
USR0000NHOF,2005-10-21,TMIN,133
USC00310356,2014-04-05,TMAX,183
USC00314684,2009-04-01,TMIN,22
USC00310356,2014-04-05,TMIN,139
USW00093765,2012-07-16,TMIN,250
USW00093765,2007-05-15,TMAX,239
USC00314684,2009-06-06,TMIN,178
USC00316096,2015-11-20,TMIN,94
USW00013754,2008-03-11,TMAX,183
USR0000NHOF,2005-10-21,TMAX,278
USW00013754,2008-03-11,TMIN,28
USR0000NHOF,2012-11-01,TMAX,156
USR0000NNWB,2006-05-31,TMIN,200
USR0000NNWB,2006-05-31,TMAX,317
USR0000NCRN,2013-11-06,TMAX,194
USC00316676,2008-03-14,TMAX,250
USC00314144,2007-11-11,TMIN,-33
USC00314144,2007-11-11,TMAX,139
USC00316676,2008-03-14,TMIN,72
USR0000NNWB,2013-06-14,TMAX,267
USC00314684,2010-06-21,TMIN,200
USC00314684,2009-04-01,TMAX,211
USR0000NNWB,2013-06-14,TMIN,161
USC00310576,2015-11-10,TMAX,222
USR0000NNWB,2009-05-22,TMIN,161
USR0000NCRN,2014-04-06,TMIN,111
USC00314689,2007-07-14,TMIN,178
USR0000NHOF,2010-10-29,TMIN,22
USR0000NCRN,2014-04-06,TMAX,139
USC00315830,2005-01-17,TMIN,-6
USW00013754,2013-06-14,TMAX,267
USC00314144,2006-06-16,TMAX,306
USC00316676,2014-01-08,TMIN,-83
USC00315830,2006-02-12,TMIN,28
USW00013754,2013-06-14,TMIN,156
USC00314689,2013-12-27,TMIN,67
USC00316676,2014-01-08,TMAX,-28
USW00093765,2012-07-16,TMAX,311
USC00317170,2009-04-15,TMAX,200
USC00314144,2006-06-16,TMIN,133
USW00093719,2007-10-19,TMAX,306
USC00310356,2006-10-06,TMIN,156
USC00317170,2009-04-15,TMIN,122
USW00093765,2007-05-15,TMIN,122
USC00314689,2013-12-27,TMAX,206
USC00310356,2006-10-06,TMAX,261
USR0000NNWB,2009-05-22,TMAX,272
USR0000NHOF,2012-11-01,TMIN,28
USC00314689,2012-11-01,TMIN,39
USC00314689,2007-07-14,TMAX,289
USC00316676,2006-02-20,TMAX,94
USC00310576,2008-09-24,TMAX,244
USC00310576,2008-09-24,TMIN,167
USC00314144,2006-09-06,TMAX,283
USC00310356,2014-10-20,TMAX,233
USC00310356,2014-10-20,TMIN,100
USC00314689,2010-05-01,TMAX,311
USC00314144,2006-09-06,TMIN,189
USC00315830,2005-08-09,TMIN,228
USC00314144,2010-01-31,TMAX,17
USC00314689,2010-05-01,TMIN,183
USR0000NCRN,2013-02-01,TMIN,-44
USC00310576,2015-11-10,TMIN,150
USC00314144,2010-01-31,TMIN,-72
USC00315830,2005-08-09,TMAX,300
USC00314684,2009-06-06,TMAX,306
USR0000NNWB,2012-03-14,TMAX,294
USC00316676,2006-02-20,TMIN,-33
USR0000NCRN,2010-11-06,TMAX,144
USR0000NNWB,2012-03-14,TMIN,139
USW00093765,2009-09-27,TMIN,200
USC00314684,2008-09-04,TMIN,156
USC00314684,2008-09-04,TMAX,322
USW00093765,2015-08-12,TMAX,283
USC00316676,2007-06-26,TMAX,333
USR0000NNWB,2007-08-06,TMIN,250
USR0000NHOF,2014-04-05,TMAX,283
USR0000NHOF,2014-04-05,TMIN,122
USR0000NCRN,2008-01-15,TMAX,111
USC00314689,2012-11-01,TMAX,150
USR0000NCRN,2008-01-15,TMIN,-28
USR0000NNWB,2015-01-18,TMAX,172
USR0000NNWB,2015-01-18,TMIN,33
USW00093765,2015-08-12,TMIN,222
USW00093765,2009-01-07,TMIN,106
USC00310576,2009-02-03,TMIN,33
USC00316676,2008-02-28,TMAX,111
USR0000NCRN,2012-09-27,TMIN,139
USC00316676,2007-06-26,TMIN,211
USC00316676,2008-02-29,TMAX,78
USW00013754,2011-05-18,TMIN,122
USC00316676,2008-02-28,TMIN,-33
USW00013754,2011-05-18,TMAX,267
USC00316676,2008-02-29,TMIN,-44
USW00093765,2009-01-07,TMAX,211
USR0000NCRN,2010-11-06,TMIN,56
USR0000NCRN,2013-02-01,TMAX,111
USR0000NCRN,2012-09-27,TMAX,283
USR0000NHOF,2010-10-13,TMIN,161
USC00316096,2015-11-20,TMAX,194
USC00310576,2010-08-18,TMAX,344
USR0000NCRN,2008-05-22,TMAX,289
USR0000NCRN,2008-05-22,TMIN,122
USC00314689,2007-03-28,TMIN,94
USC00310576,2005-12-20,TMAX,83
USW00093719,2007-10-19,TMIN,211
USW00093719,2007-04-08,TMAX,133
USC00310356,2006-04-12,TMAX,222
USC00314684,2009-05-09,TMIN,189
USC00310576,2008-11-26,TMIN,-6
USR0000NNWB,2007-09-18,TMAX,261
USW00093765,2007-06-11,TMAX,261
USR0000NNWB,2007-09-18,TMIN,144
USC00310356,2006-02-06,TMIN,-6
USC00316676,2010-08-12,TMIN,250
USW00093743,2012-11-01,TMAX,161
USC00317170,2007-11-05,TMIN,56
USC00316676,2010-08-12,TMAX,356
USW00093743,2012-11-01,TMIN,22
USR0000NCRN,2010-12-24,TMIN,-44
USC00310356,2006-02-06,TMAX,61
USW00093765,2012-12-16,TMIN,133
USC00310576,2005-12-20,TMIN,-33
USR0000NNWB,2010-09-09,TMIN,183
USC00314684,2006-03-12,TMIN,150
USC00314684,2007-10-08,TMIN,183
USC00314684,2010-05-11,TMAX,189
USW00013754,2008-11-02,TMAX,222
USC00314684,2010-05-11,TMIN,100
USC00314684,2006-03-12,TMAX,289
USW00093719,2009-02-17,TMIN,-22
USC00314689,2007-03-28,TMAX,294
USW00093719,2006-05-31,TMIN,183
USC00314684,2005-03-13,TMIN,11
USC00314684,2005-03-13,TMAX,200
USW00093719,2006-05-31,TMAX,289
USC00310356,2012-11-01,TMIN,78
USW00093719,2009-02-17,TMAX,83
USC00317170,2014-02-05,TMIN,50
USC00316676,2013-06-16,TMIN,150
USC00314144,2009-03-13,TMIN,44
USC00314684,2007-03-08,TMIN,6
USC00314684,2009-05-09,TMAX,289
USC00310356,2006-09-10,TMIN,189
USC00310356,2006-09-10,TMAX,283
USC00316676,2013-06-16,TMAX,289
USC00314684,2007-10-08,TMAX,317
USC00317170,2014-02-05,TMAX,206
USR0000NNWB,2010-09-09,TMAX,322
USC00310576,2008-11-26,TMAX,133
USC00314144,2009-03-13,TMAX,78
USR0000NNWB,2005-02-18,TMIN,-22
USC00316096,2011-05-25,TMIN,178
USC00310356,2006-04-12,TMIN,28
USC00314689,2015-10-12,TMIN,139
USC00314689,2007-06-11,TMAX,278
USC00314684,2010-07-11,TMAX,322
USC00310576,2008-06-10,TMAX,378
USC00314684,2010-07-11,TMIN,189
USR0000NNWB,2015-09-04,TMAX,333
USC00310576,2010-08-18,TMIN,217
USC00316676,2010-09-27,TMAX,306
USC00314684,2005-12-19,TMAX,50
USC00315830,2005-01-17,TMAX,56
USC00314684,2005-12-19,TMIN,-11
USC00314684,2010-11-02,TMAX,178
USC00314689,2009-02-10,TMIN,56
USC00310576,2008-06-10,TMIN,244
USR0000NNWB,2015-09-04,TMIN,217
USW00013754,2009-11-05,TMAX,200
USC00314684,2010-11-02,TMIN,50
USC00314689,2009-02-10,TMAX,217
USR0000NCRN,2015-02-08,TMAX,172
USC00317170,2008-02-20,TMIN,22
USR0000NNWB,2005-02-18,TMAX,89
USR0000NCRN,2015-02-08,TMIN,94
USC00314684,2007-03-08,TMAX,228
USC00315830,2013-05-17,TMIN,217
USC00315830,2013-05-17,TMAX,267
USW00093765,2012-12-16,TMAX,172
USW00093765,2007-06-11,TMIN,194
USC00316676,2010-09-27,TMIN,217
USC00316676,2011-05-23,TMIN,167
USW00013754,2009-11-05,TMIN,89
USC00316676,2011-05-23,TMAX,311
USW00093765,2008-11-07,TMIN,128
USC00310576,2009-02-03,TMAX,178
USC00315830,2006-02-12,TMAX,133
USR0000NCRN,2010-02-01,TMIN,-61
USC00314689,2007-06-11,TMIN,150
USR0000NCRN,2010-02-01,TMAX,106
USW00093719,2007-04-08,TMIN,-11
USC00317170,2008-02-20,TMAX,172
USC00314689,2015-10-12,TMAX,222
USR0000NHOF,2005-12-03,TMAX,111
USC00316096,2011-05-25,TMAX,294
USR0000NHOF,2005-12-03,TMIN,-50
USR0000NCRN,2010-12-24,TMAX,78
USW00093765,2008-11-07,TMAX,211
USW00093743,2010-02-01,TMAX,94
USW00093743,2010-02-01,TMIN,-43
USC00316096,2010-05-27,TMAX,306
USC00310576,2010-12-27,TMIN,-11
USW00093743,2010-10-13,TMAX,272
USC00315830,2015-01-10,TMAX,94
USC00310576,2014-12-15,TMIN,11
USW00093765,2011-08-06,TMIN,267
USC00310576,2014-12-15,TMAX,156
USC00310576,2010-12-27,TMAX,28
USW00093765,2011-08-06,TMAX,317
USW00093719,2015-03-22,TMIN,94
USW00093743,2010-10-13,TMIN,178
USC00314689,2005-05-18,TMAX,278
USW00093719,2015-03-22,TMAX,156
USC00314689,2005-05-18,TMIN,117
USC00317170,2015-10-31,TMAX,206
USR0000NNWB,2007-12-01,TMIN,-11
USC00317170,2015-09-04,TMAX,344
USR0000NNWB,2009-09-14,TMAX,294
USC00316676,2009-04-15,TMIN,128
USW00013754,2015-08-27,TMIN,211
USW00013754,2015-08-27,TMAX,267
USC00316676,2009-04-15,TMAX,194
USC00314684,2005-10-20,TMIN,117
USR0000NNWB,2009-09-14,TMIN,156
USC00310576,2015-07-21,TMIN,244
USW00093719,2005-04-27,TMAX,244
USC00317170,2007-08-24,TMIN,217
USC00317170,2007-08-24,TMAX,333
USC00317170,2007-05-15,TMAX,278
USC00310576,2011-11-15,TMAX,244
USC00310356,2011-01-16,TMIN,-11
USC00316096,2015-04-15,TMAX,211
USC00316096,2015-04-15,TMIN,111
USC00310576,2015-07-21,TMAX,350
USW00093719,2013-08-30,TMIN,200
USC00310576,2013-05-15,TMAX,217
USC00314684,2009-01-21,TMIN,-100
USC00310576,2013-05-15,TMIN,61
USC00314684,2009-01-21,TMAX,-6
USC00316096,2009-06-29,TMIN,233
USC00314684,2005-10-20,TMAX,289
USW00093719,2013-08-30,TMAX,306
USW00093719,2005-04-27,TMIN,133
USC00316096,2009-06-29,TMAX,328
USW00093719,2008-03-31,TMAX,211
USC00317170,2015-09-04,TMIN,206
USW00013754,2005-11-22,TMAX,172
USW00013754,2005-11-22,TMIN,56
USC00317170,2015-10-31,TMIN,72
USC00316676,2011-12-25,TMIN,6
USR0000NHOF,2014-04-06,TMIN,106
USC00314689,2006-10-05,TMAX,289
USC00314689,2006-10-05,TMIN,167
USC00314144,2010-05-09,TMAX,217
USW00013754,2011-05-13,TMAX,261
USC00317170,2009-01-07,TMAX,228
USC00310356,2011-01-16,TMAX,72
USC00316676,2014-03-19,TMAX,89
USC00316676,2014-03-19,TMIN,56
USW00093719,2006-07-28,TMAX,339
USW00093719,2015-08-08,TMAX,283
USW00093765,2006-03-10,TMAX,200
USW00093765,2005-07-07,TMAX,311
USW00093719,2015-08-08,TMIN,211
USW00093719,2015-06-09,TMIN,211
USR0000NCRN,2015-05-07,TMIN,189
USC00314144,2010-05-09,TMIN,39
USC00310576,2009-02-26,TMIN,-17
USW00093719,2015-06-09,TMAX,306
USW00013754,2013-10-26,TMIN,11
USW00093719,2006-07-28,TMIN,228
USC00310576,2012-07-29,TMAX,339
USR0000NNWB,2007-12-01,TMAX,139
USR0000NNWB,2014-07-17,TMIN,194
USC00314684,2006-10-26,TMAX,144
USC00316096,2012-04-08,TMIN,50
USR0000NNWB,2014-07-17,TMAX,311
USC00310576,2012-07-29,TMIN,206
USC00310576,2013-12-04,TMIN,28
USR0000NHOF,2014-04-06,TMAX,156
USC00310576,2013-12-04,TMAX,183
USC00315830,2015-04-05,TMIN,56
USC00315830,2015-04-05,TMAX,194
USC00316676,2011-12-25,TMAX,139
USW00013754,2013-01-24,TMIN,-32
USC00315830,2011-03-19,TMIN,122
USC00310576,2011-11-15,TMIN,122
USW00013754,2013-01-24,TMAX,67
USW00093719,2008-03-31,TMIN,94
USC00317170,2008-01-11,TMAX,211
USC00317170,2008-01-11,TMIN,161
USC00314684,2005-10-24,TMIN,67
USW00093765,2006-03-10,TMIN,156
USR0000NNWB,2013-05-17,TMIN,206
USR0000NNWB,2013-05-17,TMAX,333
USC00317170,2009-01-07,TMIN,122
USC00314684,2006-10-26,TMIN,0
USC00316096,2012-04-08,TMAX,222
USC00314684,2005-10-24,TMAX,300
USC00310356,2014-04-06,TMIN,106
USC00317170,2007-05-15,TMIN,83
USC00315830,2012-08-06,TMAX,311
USW00093719,2009-05-22,TMIN,144
USC00310356,2009-06-03,TMIN,233
USC00314689,2006-11-19,TMIN,11
USC00310576,2013-06-14,TMAX,333
USC00310576,2013-06-14,TMIN,194
USC00316676,2007-07-01,TMAX,311
USW00013754,2010-07-05,TMAX,311
USW00013754,2007-04-05,TMIN,89
USC00314144,2009-01-28,TMIN,61
USW00093719,2009-05-22,TMAX,267
USR0000NNWB,2005-03-13,TMIN,39
USW00013754,2008-01-21,TMIN,-55
USC00310356,2007-08-13,TMIN,217
USW00093719,2010-04-18,TMAX,200
USC00310356,2009-07-06,TMAX,311
USC00310576,2009-02-26,TMAX,117
USW00093765,2011-12-13,TMIN,61
USC00310356,2009-07-06,TMIN,250
USR0000NHOF,2012-05-23,TMIN,178
USC00315830,2012-12-03,TMIN,94
USR0000NHOF,2012-05-23,TMAX,278
USC00316676,2015-12-06,TMAX,167
USC00314689,2006-12-08,TMIN,-44
USC00315830,2012-05-30,TMAX,278
USC00315830,2012-05-30,TMIN,211
USC00314684,2010-12-21,TMAX,44
USC00314684,2009-06-13,TMAX,289
USC00310356,2009-06-03,TMAX,278
USC00314684,2009-06-13,TMIN,200
USC00314689,2007-02-05,TMIN,-39
USC00310356,2010-10-13,TMAX,261
USC00316676,2006-07-28,TMIN,228
USC00314684,2011-08-25,TMAX,328
USC00310576,2010-09-16,TMIN,161
USC00310576,2010-09-16,TMAX,306
USW00013754,2008-01-21,TMAX,33
USC00316676,2006-07-28,TMAX,317
USC00317170,2015-11-23,TMIN,-6
USC00317170,2015-11-23,TMAX,78
USC00314144,2009-01-28,TMAX,206
USR0000NHOF,2007-08-28,TMAX,317
USC00310356,2010-10-13,TMIN,211
USR0000NNWB,2005-03-13,TMAX,239
USC00310356,2007-08-13,TMAX,300
USR0000NHOF,2007-08-28,TMIN,178
USC00314684,2010-12-21,TMIN,-50
USC00315830,2015-01-10,TMIN,-22
USW00093765,2011-12-13,TMAX,161
USC00314689,2006-12-08,TMAX,161
USC00314689,2007-08-09,TMAX,383
USC00310576,2014-07-24,TMAX,322
USC00310576,2014-07-24,TMIN,239
USC00315830,2008-01-28,TMAX,100
USC00315830,2008-01-28,TMIN,-17
USR0000NCRN,2012-07-17,TMIN,233
USC00316096,2014-05-25,TMIN,117
USW00093719,2013-05-17,TMIN,206
USC00317170,2007-11-27,TMIN,122
USC00317170,2007-11-27,TMAX,222
USC00314684,2012-04-08,TMAX,183
USR0000NNWB,2012-08-17,TMIN,222
USC00314689,2014-01-02,TMAX,111
USW00093719,2013-05-17,TMAX,317
USR0000NCRN,2012-07-17,TMAX,311
USC00314684,2012-04-08,TMIN,50
USC00316096,2014-05-25,TMAX,256
USC00315830,2011-03-04,TMAX,144
USR0000NNWB,2012-08-17,TMAX,333
USW00013754,2009-09-12,TMIN,144
USC00314689,2014-01-02,TMIN,67
USC00315830,2012-08-06,TMIN,239
USR0000NCRN,2005-07-04,TMAX,322
USR0000NHOF,2009-07-06,TMIN,217
USR0000NHOF,2009-07-06,TMAX,261
USC00310576,2015-10-07,TMAX,211
USW00093743,2012-05-23,TMIN,200
USW00093719,2010-04-18,TMIN,67
USW00093743,2012-05-23,TMAX,267
USR0000NCRN,2008-08-15,TMIN,183
USW00013754,2008-03-24,TMIN,56
USR0000NCRN,2008-08-15,TMAX,306
USW00013754,2008-03-24,TMAX,133
USR0000NCRN,2013-08-29,TMAX,311
USR0000NCRN,2013-08-29,TMIN,222
USC00316676,2006-09-09,TMAX,261
USW00013754,2009-09-12,TMAX,283
USC00310576,2010-02-13,TMAX,78
USC00314689,2012-12-22,TMAX,89
USC00310576,2010-02-13,TMIN,6
USC00314689,2008-03-11,TMIN,44
USC00314689,2008-03-11,TMAX,178
USC00314689,2007-08-09,TMIN,267
USC00310356,2012-05-23,TMIN,211
USC00314689,2012-12-22,TMIN,17
USC00310356,2012-05-23,TMAX,256
USC00310576,2015-10-07,TMIN,139
USC00315830,2011-03-04,TMIN,28
USC00316676,2006-09-09,TMIN,156
USC00314689,2011-04-04,TMAX,283
USC00317170,2012-06-24,TMAX,311
USC00317170,2012-06-24,TMIN,189
USC00314689,2007-07-25,TMIN,172
USC00314689,2007-07-25,TMAX,317
USR0000NHOF,2009-04-02,TMAX,183
USW00013754,2011-06-11,TMAX,333
USC00317170,2012-01-21,TMAX,200
USC00310576,2011-07-20,TMAX,344
USC00314144,2007-08-12,TMAX,289
USC00315830,2010-09-23,TMAX,294
USC00316096,2014-06-19,TMIN,228
USC00315830,2010-09-23,TMIN,228
USR0000NNWB,2006-08-14,TMIN,172
USW00013754,2011-06-11,TMIN,217
USC00315830,2015-06-08,TMAX,267
USC00315830,2012-03-12,TMIN,61
USR0000NNWB,2006-08-14,TMAX,317
USC00315830,2015-06-08,TMIN,161
USC00315830,2012-03-12,TMAX,200
USW00013754,2013-09-11,TMAX,311
USW00013754,2009-12-29,TMAX,72
USC00316676,2005-09-01,TMAX,344
USC00316676,2005-09-01,TMIN,194
USW00013754,2007-07-28,TMAX,289
USW00013754,2015-01-18,TMAX,178
USW00013754,2007-07-28,TMIN,206
USR0000NHOF,2009-04-02,TMIN,111
USR0000NCRN,2010-06-15,TMAX,344
USR0000NCRN,2010-06-15,TMIN,222
USC00317170,2014-06-04,TMAX,350
USC00317170,2010-06-21,TMAX,344
USC00310576,2012-12-05,TMAX,239
USW00093765,2013-01-11,TMAX,222
USC00315830,2015-03-10,TMAX,156
USW00093765,2013-01-11,TMIN,83
USC00317170,2015-09-20,TMIN,183
USC00317170,2015-09-20,TMAX,306
USC00314689,2015-04-15,TMAX,267
USC00310356,2013-09-12,TMAX,300
USC00316096,2014-06-19,TMAX,306
USW00013754,2013-08-30,TMIN,206
USC00314689,2015-04-15,TMIN,128
USC00310576,2012-12-05,TMIN,67
USW00013754,2013-08-30,TMAX,294
USC00315830,2014-06-14,TMAX,283
USC00310576,2011-07-20,TMIN,189
USC00317170,2015-03-10,TMAX,256
USC00317170,2010-06-21,TMIN,206
USC00317170,2012-01-21,TMIN,78
USW00013754,2015-01-18,TMIN,39
USW00013754,2009-12-29,TMIN,-5
USW00013754,2013-09-11,TMIN,194
USC00310576,2012-04-10,TMAX,228
USC00314689,2006-02-13,TMIN,-39
USR0000NNWB,2005-11-22,TMIN,44
USR0000NHOF,2006-02-06,TMAX,106
USR0000NHOF,2010-12-29,TMAX,83
USC00317170,2012-12-16,TMIN,83
USC00317170,2015-01-31,TMAX,83
USC00317170,2012-12-16,TMAX,156
USC00315830,2013-06-14,TMAX,306
USR0000NHOF,2010-12-29,TMIN,-67
USC00315830,2013-06-14,TMIN,211
USW00093719,2010-12-29,TMIN,-50
USW00093743,2013-10-26,TMAX,172
USC00314689,2006-02-13,TMAX,72
USC00316096,2010-05-27,TMIN,150
USR0000NNWB,2010-10-17,TMIN,61
USC00314689,2010-03-13,TMAX,189
USC00314689,2010-03-13,TMIN,122
USR0000NHOF,2010-10-13,TMAX,272
USC00316676,2005-09-02,TMIN,206
USC00316676,2005-09-02,TMAX,328
USC00310576,2012-04-10,TMIN,106
USW00093719,2009-10-22,TMAX,261
USW00093719,2009-01-30,TMAX,111
USC00315830,2014-08-18,TMIN,233
USC00314144,2008-09-30,TMIN,172
USC00314144,2008-09-30,TMAX,256
USC00310576,2008-07-30,TMIN,222
USC00310576,2012-12-16,TMAX,161
USC00310576,2008-07-30,TMAX,322
USC00310576,2012-12-16,TMIN,33
USW00093719,2009-10-22,TMIN,56
USR0000NCRN,2014-04-05,TMAX,244
USR0000NCRN,2014-04-05,TMIN,128
USW00093765,2006-05-31,TMIN,200
USW00093719,2009-01-30,TMIN,-11
USW00093765,2006-05-31,TMAX,278
USC00315830,2015-03-10,TMIN,83
USR0000NHOF,2010-02-01,TMIN,-83
USC00310356,2013-10-26,TMAX,172
USR0000NHOF,2006-02-06,TMIN,-39
USR0000NNWB,2005-11-22,TMAX,161
USR0000NHOF,2010-02-01,TMAX,100
USC00315830,2014-08-18,TMAX,306
USC00317170,2015-10-06,TMAX,206
USC00317170,2015-10-06,TMIN,161
USW00093719,2010-12-29,TMAX,72
USC00316096,2011-03-30,TMIN,33
USR0000NNWB,2006-12-16,TMAX,183
USW00093719,2008-06-10,TMAX,356
USC00310576,2011-07-10,TMIN,200
USC00316096,2012-06-18,TMAX,283
USW00093743,2013-09-12,TMIN,206
USW00093743,2013-09-12,TMAX,300
USC00316096,2012-06-18,TMIN,133
USC00314144,2006-04-19,TMAX,250
USW00093719,2011-06-19,TMIN,211
USW00093719,2011-06-19,TMAX,361
USC00314689,2010-05-27,TMIN,156
USC00316096,2011-05-23,TMIN,200
USW00013754,2005-05-27,TMAX,283
USC00314689,2010-05-27,TMAX,322
USR0000NHOF,2007-08-13,TMAX,333
USW00013754,2005-02-18,TMAX,100
USC00315830,2014-11-06,TMAX,222
USC00310576,2011-12-13,TMAX,150
USC00315830,2014-11-06,TMIN,167
USC00310576,2011-12-13,TMIN,44
USR0000NHOF,2007-08-13,TMIN,156
USW00013754,2005-02-18,TMIN,-33
USC00314684,2005-07-03,TMAX,317
USR0000NNWB,2015-10-24,TMIN,122
USW00013754,2013-10-26,TMAX,172
USC00314144,2006-04-19,TMIN,61
USW00013754,2005-05-27,TMIN,156
USC00316096,2010-03-13,TMIN,111
USC00314144,2007-08-12,TMIN,161
USR0000NNWB,2006-12-16,TMIN,28
USW00093765,2005-07-07,TMIN,256
USC00310356,2014-04-06,TMAX,200
USC00315830,2011-03-19,TMAX,222
USR0000NCRN,2006-08-26,TMIN,183
USC00316096,2011-05-23,TMAX,278
USR0000NCRN,2006-08-26,TMAX,328
USR0000NCRN,2005-02-28,TMIN,50
USC00314689,2008-07-17,TMAX,328
USC00314689,2008-07-17,TMIN,167
USC00310576,2006-02-25,TMAX,178
USC00310576,2006-02-25,TMIN,11
USR0000NCRN,2005-02-28,TMAX,233
USC00315830,2014-08-27,TMAX,294
USW00013754,2013-05-17,TMIN,194
USC00314144,2008-12-03,TMIN,-72
USC00314144,2008-12-03,TMAX,117
USR0000NCRN,2015-05-07,TMAX,244
USC00316096,2010-03-13,TMAX,178
USC00315830,2014-08-27,TMIN,211
USW00013754,2013-05-17,TMAX,311
USR0000NNWB,2015-10-24,TMAX,228
USW00093765,2014-05-29,TMIN,211
USC00314144,2008-05-22,TMAX,267
USC00317170,2015-03-10,TMIN,78
USC00317170,2014-06-04,TMIN,183
USC00314684,2007-02-05,TMIN,-44
USC00310356,2013-09-12,TMIN,233
USC00314684,2008-07-19,TMIN,200
USC00314684,2008-07-19,TMAX,317
USC00314684,2007-02-05,TMAX,122
USR0000NHOF,2006-09-10,TMIN,139
USR0000NNWB,2005-01-26,TMIN,-17
USW00013754,2010-12-14,TMIN,-55
USW00093743,2009-06-03,TMIN,222
USW00093765,2009-04-15,TMAX,172
USW00093765,2009-04-15,TMIN,94
USC00315830,2005-12-28,TMAX,156
USC00315830,2005-12-28,TMIN,-6
USC00310576,2011-05-30,TMAX,317
USR0000NHOF,2006-09-10,TMAX,283
USC00315830,2007-07-10,TMAX,261
USC00314689,2011-02-18,TMIN,144
USW00093719,2008-06-10,TMIN,233
USC00315830,2007-07-10,TMIN,256
USW00013754,2010-12-14,TMAX,6
USR0000NNWB,2005-01-26,TMAX,161
USC00316676,2005-10-01,TMAX,244
USW00093743,2009-06-03,TMAX,278
USC00314689,2012-04-08,TMAX,217
USC00314689,2012-04-08,TMIN,61
USC00314684,2005-07-03,TMIN,211
USC00310576,2007-07-16,TMAX,294
USC00315830,2014-06-14,TMIN,206
USC00315830,2007-07-28,TMAX,294
USC00310576,2007-07-16,TMIN,222
USC00317170,2007-11-02,TMIN,144
USC00314144,2008-05-22,TMIN,72
USW00093765,2014-05-29,TMAX,267
USC00310576,2011-07-10,TMAX,306
USC00315830,2007-07-28,TMIN,233
USC00314144,2009-04-18,TMAX,256
USC00314144,2009-04-18,TMIN,6
USR0000NCRN,2013-10-17,TMAX,244
USC00317170,2007-11-02,TMAX,183
USW00093719,2011-05-17,TMIN,139
USC00314144,2006-01-22,TMIN,61
USC00316096,2010-05-01,TMAX,256
USC00314144,2006-01-22,TMAX,217
USC00316096,2010-05-01,TMIN,178
USC00316676,2005-10-01,TMIN,189
USR0000NCRN,2013-10-17,TMIN,139
USC00314684,2011-08-25,TMIN,167
USC00315830,2007-09-05,TMIN,206
USR0000NNWB,2005-04-27,TMIN,122
USC00310576,2013-08-29,TMIN,211
USC00314689,2013-06-14,TMAX,350
USC00314689,2013-06-14,TMIN,200
USR0000NNWB,2015-01-08,TMAX,-11
USC00316676,2013-03-02,TMIN,17
USC00316676,2013-03-02,TMAX,133
USW00093765,2008-10-03,TMIN,94
USW00093765,2008-10-03,TMAX,233
USC00310356,2005-12-29,TMIN,-28
USR0000NNWB,2008-04-15,TMIN,56
USC00315830,2006-03-10,TMAX,194
USR0000NNWB,2008-04-15,TMAX,161
USC00310356,2005-12-29,TMAX,144
USC00314689,2014-07-06,TMAX,289
USC00314689,2015-01-18,TMIN,44
USW00093765,2015-09-20,TMIN,206
USC00314144,2010-10-03,TMIN,144
USC00316676,2007-09-02,TMIN,178
USC00314689,2013-06-16,TMIN,183
USC00314689,2013-06-16,TMAX,300
USW00013754,2011-03-25,TMAX,133
USC00316676,2007-09-02,TMAX,294
USR0000NNWB,2008-01-21,TMAX,44
USW00013754,2008-06-10,TMAX,344
USR0000NHOF,2006-02-21,TMAX,144
USC00314689,2005-01-22,TMIN,-33
USW00093765,2012-02-03,TMIN,17
USC00315830,2010-12-05,TMAX,61
USW00093743,2013-03-13,TMIN,72
USC00315830,2010-12-05,TMIN,6
USC00310576,2014-06-20,TMIN,211
USC00310576,2010-11-10,TMIN,50
USW00093765,2012-02-03,TMAX,122
USR0000NHOF,2013-03-13,TMAX,150
USC00317170,2012-07-16,TMAX,333
USC00317170,2012-07-16,TMIN,222
USC00310576,2014-06-20,TMAX,350
USW00013754,2011-03-25,TMIN,72
USR0000NHOF,2013-03-13,TMIN,50
USC00316096,2011-10-09,TMAX,250
USR0000NNWB,2015-01-08,TMIN,-89
USW00013754,2008-06-10,TMIN,233
USC00310576,2005-08-24,TMAX,350
USR0000NHOF,2006-02-21,TMIN,-11
USC00316096,2013-06-14,TMAX,261
USC00316096,2013-06-14,TMIN,156
USC00310576,2005-08-24,TMIN,228
USC00315830,2006-03-24,TMAX,106
USC00314689,2014-07-06,TMIN,150
USC00316676,2011-09-14,TMAX,306
USR0000NCRN,2011-11-15,TMAX,233
USC00314689,2009-04-01,TMAX,200
USC00314689,2009-04-01,TMIN,106
USC00316676,2009-07-06,TMIN,211
USC00316676,2011-09-14,TMIN,172
USC00314144,2011-01-01,TMAX,189
USW00093765,2007-02-20,TMIN,78
USC00314684,2007-07-25,TMIN,156
USW00093719,2009-01-04,TMIN,28
USW00093719,2009-01-04,TMAX,156
USC00316676,2009-07-06,TMAX,317
USW00093765,2007-02-20,TMAX,144
USW00093765,2006-01-21,TMAX,194
USC00314684,2007-07-25,TMAX,300
USC00315830,2015-02-26,TMAX,56
USW00013754,2009-10-22,TMIN,72
USC00315830,2014-01-08,TMAX,78
USW00013754,2009-10-22,TMAX,261
USC00310576,2013-12-25,TMAX,106
USC00316676,2005-01-22,TMIN,-33
USC00315830,2006-11-17,TMIN,61
USW00093765,2009-08-12,TMAX,300
USW00093765,2015-09-20,TMAX,300
USW00093719,2011-03-14,TMAX,156
USC00316676,2010-04-09,TMIN,167
USR0000NNWB,2008-01-21,TMIN,-72
USC00315830,2006-03-10,TMIN,156
USW00013754,2010-07-06,TMIN,178
USW00093765,2007-05-23,TMAX,239
USW00013754,2010-07-06,TMAX,339
USC00314689,2015-01-18,TMAX,144
USC00314689,2015-03-01,TMAX,44
USW00093743,2010-10-29,TMIN,78
USW00093743,2010-10-29,TMAX,183
USC00314689,2008-10-30,TMAX,150
USC00314144,2006-08-24,TMIN,200
USC00314689,2008-10-30,TMIN,0
USW00093765,2012-01-21,TMIN,78
USC00316676,2010-04-09,TMAX,289
USC00314144,2008-04-07,TMAX,133
USC00314144,2008-04-07,TMIN,89
USC00315830,2014-07-24,TMAX,306
USC00315830,2014-07-24,TMIN,228
USW00093765,2007-05-23,TMIN,161
USR0000NCRN,2011-11-15,TMIN,161
USW00093719,2011-03-14,TMIN,78
USW00093765,2009-08-12,TMIN,222
USW00093743,2013-03-13,TMAX,156
USR0000NHOF,2011-04-06,TMIN,-17
USC00310576,2013-08-29,TMAX,306
USW00093719,2007-08-24,TMAX,328
USC00314684,2007-02-25,TMAX,133
USW00093719,2007-08-24,TMIN,217
USC00314684,2014-10-21,TMIN,28
USC00310576,2009-10-22,TMIN,39
USC00314684,2014-10-21,TMAX,228
USC00315830,2015-06-09,TMAX,272
USC00310356,2006-06-16,TMAX,256
USC00310356,2006-06-16,TMIN,194
USC00315830,2014-05-06,TMIN,178
USC00315830,2014-05-06,TMAX,289
USC00314689,2012-03-14,TMIN,144
USW00093719,2005-06-23,TMIN,200
USR0000NNWB,2008-04-17,TMAX,250
USC00316096,2013-12-11,TMAX,106
USR0000NNWB,2008-04-17,TMIN,22
USC00314144,2011-01-01,TMIN,-11
USR0000NHOF,2009-11-18,TMAX,189
USC00314689,2011-01-02,TMIN,67
USR0000NCRN,2013-09-12,TMIN,178
USC00316676,2013-10-16,TMIN,161
USC00316676,2006-08-25,TMIN,183
USC00316096,2013-12-11,TMIN,-22
USR0000NHOF,2008-09-07,TMAX,322
USC00314684,2011-12-16,TMIN,28
USR0000NNWB,2007-12-31,TMAX,156
USC00310356,2014-11-07,TMIN,89
USC00310356,2014-11-07,TMAX,206
USW00093743,2012-04-10,TMIN,122
USW00093743,2012-04-10,TMAX,222
USC00310576,2007-09-05,TMIN,156
USC00310576,2009-10-22,TMAX,239
USR0000NCRN,2011-01-14,TMAX,67
USR0000NHOF,2008-06-22,TMAX,300
USR0000NHOF,2008-06-22,TMIN,156
USC00314684,2011-12-16,TMAX,217
USC00314684,2005-08-11,TMAX,317
USC00310576,2010-11-10,TMAX,194
USC00310356,2012-04-10,TMIN,128
USC00310356,2012-04-10,TMAX,222
USR0000NCRN,2015-06-22,TMAX,333
USR0000NCRN,2015-06-22,TMIN,261
USC00310576,2010-05-27,TMAX,267
USR0000NHOF,2008-09-07,TMIN,222
USR0000NCRN,2011-01-14,TMIN,-89
USC00310576,2010-05-27,TMIN,139
USC00315830,2015-06-09,TMIN,244
USW00093743,2011-06-04,TMAX,278
USW00013754,2008-07-09,TMIN,211
USW00093743,2011-06-04,TMIN,156
USC00317170,2009-10-25,TMIN,156
USC00316096,2011-02-24,TMAX,161
USC00314689,2012-03-14,TMAX,272
USW00093743,2008-10-15,TMAX,278
USC00310576,2014-12-30,TMAX,150
USC00314689,2005-01-22,TMAX,22
USW00093765,2009-02-27,TMIN,44
USC00310356,2013-03-13,TMAX,156
USW00093743,2013-12-04,TMIN,106
USC00314689,2011-01-02,TMAX,200
USW00093719,2015-12-06,TMAX,183
USR0000NNWB,2014-08-27,TMAX,306
USW00093765,2009-02-27,TMAX,189
USR0000NNWB,2014-08-27,TMIN,194
USC00310356,2013-03-13,TMIN,78
USW00093743,2013-12-04,TMAX,189
USW00093765,2006-02-13,TMIN,-10
USC00310356,2013-12-04,TMIN,61
USC00310356,2013-12-04,TMAX,161
USW00093719,2015-12-06,TMIN,56
USC00317170,2009-10-25,TMAX,244
USR0000NCRN,2013-09-12,TMAX,289
USC00316096,2011-02-24,TMIN,-6
USR0000NHOF,2006-06-16,TMIN,122
USR0000NHOF,2006-06-16,TMAX,289
USR0000NNWB,2011-06-24,TMIN,228
USR0000NNWB,2011-06-24,TMAX,344
USC00316096,2011-10-09,TMIN,172
USR0000NHOF,2009-11-18,TMIN,133
USC00314684,2009-05-08,TMAX,272
USC00316676,2013-10-16,TMAX,206
USC00314684,2009-05-08,TMIN,167
USC00316096,2011-01-29,TMIN,-39
USC00310356,2007-11-22,TMAX,189
USC00310576,2014-12-30,TMIN,72
USC00316096,2013-06-16,TMIN,172
USC00310356,2011-01-21,TMAX,139
USC00317170,2010-12-07,TMIN,-11
USC00317170,2010-12-07,TMAX,39
USC00316096,2011-01-29,TMAX,111
USC00310356,2007-11-22,TMIN,144
USW00093765,2006-02-13,TMAX,72
USC00315830,2012-02-07,TMAX,144
USC00315830,2012-02-07,TMIN,44
USR0000NHOF,2011-04-06,TMAX,178
USC00315830,2008-06-22,TMIN,211
USC00315830,2008-06-22,TMAX,283
USC00310356,2011-01-21,TMIN,50
USC00316096,2013-06-16,TMAX,278
USR0000NNWB,2015-08-30,TMIN,183
USW00093765,2006-01-21,TMIN,111
USR0000NNWB,2005-03-01,TMAX,100
USR0000NNWB,2005-03-01,TMIN,22
USC00316096,2009-06-13,TMIN,206
USC00314144,2006-10-26,TMAX,189
USC00314144,2006-10-26,TMIN,-6
USC00310356,2015-11-08,TMAX,239
USR0000NNWB,2008-07-19,TMIN,222
USC00314689,2013-12-11,TMAX,106
USR0000NHOF,2011-06-04,TMAX,300
USC00310576,2013-11-06,TMIN,111
USC00310576,2013-11-06,TMAX,228
USC00314689,2013-12-11,TMIN,-11
USC00310356,2006-02-21,TMIN,6
USR0000NCRN,2015-09-10,TMIN,256
USC00314684,2005-02-08,TMAX,172
USC00314684,2005-02-08,TMIN,0
USW00013754,2005-12-28,TMAX,172
USW00013754,2005-12-28,TMIN,-6
USC00315830,2005-11-30,TMIN,144
USC00310356,2015-10-07,TMIN,150
USW00093719,2008-06-13,TMAX,322
USR0000NNWB,2008-07-19,TMAX,339
USC00310356,2008-09-07,TMIN,267
USC00314144,2011-05-15,TMAX,261
USC00315830,2006-05-31,TMIN,194
USC00315830,2012-05-22,TMIN,244
USC00310356,2008-11-06,TMAX,228
USW00093719,2015-05-06,TMIN,100
USW00093719,2014-08-27,TMAX,311
USW00093719,2014-08-27,TMIN,200
USC00310356,2008-11-06,TMIN,144
USW00093743,2007-11-03,TMIN,56
USC00310356,2015-11-08,TMIN,133
USW00013754,2011-04-18,TMAX,239
USC00316096,2010-05-11,TMAX,211
USC00316096,2010-05-11,TMIN,106
USW00013754,2011-04-18,TMIN,83
USC00310576,2007-10-24,TMAX,300
USC00310576,2007-10-24,TMIN,167
USC00315830,2009-01-07,TMAX,206
USC00314144,2011-05-15,TMIN,178
USR0000NHOF,2005-06-14,TMIN,239
USW00093743,2011-01-21,TMAX,128
USW00093743,2011-01-21,TMIN,-5
USC00315830,2009-01-07,TMIN,33
USC00316096,2009-06-13,TMAX,300
USC00315830,2006-05-31,TMAX,283
USR0000NCRN,2005-07-15,TMAX,317
USC00310356,2005-06-08,TMAX,272
USR0000NHOF,2011-06-04,TMIN,111
USC00317170,2008-01-07,TMIN,72
USW00093719,2011-02-18,TMAX,256
USW00093719,2011-02-18,TMIN,128
USC00314684,2015-07-21,TMIN,233
USR0000NHOF,2015-06-22,TMIN,250
USR0000NCRN,2013-05-17,TMIN,189
USR0000NCRN,2013-05-17,TMAX,300
USW00093765,2014-06-04,TMIN,228
USC00314684,2015-07-21,TMAX,350
USC00314684,2015-10-06,TMAX,189
USW00093743,2013-12-12,TMIN,-16
USC00316676,2012-11-23,TMIN,33
USC00316096,2015-12-27,TMIN,172
USW00093743,2013-12-12,TMAX,94
USC00314689,2006-04-19,TMIN,94
USC00316676,2012-11-23,TMAX,167
USC00314684,2015-10-06,TMIN,144
USW00093719,2008-01-10,TMAX,206
USC00316096,2015-12-27,TMAX,244
USW00093719,2008-01-10,TMIN,78
USR0000NHOF,2014-03-21,TMIN,0
USW00093719,2015-02-07,TMIN,-32
USR0000NHOF,2015-06-22,TMAX,367
USW00093765,2013-09-11,TMIN,206
USW00093719,2015-02-07,TMAX,167
USC00314684,2013-06-16,TMIN,111
USW00093719,2008-06-13,TMIN,172
USC00310356,2015-10-07,TMAX,206
USC00314684,2013-06-16,TMAX,300
USC00310356,2015-06-22,TMAX,306
USC00310356,2008-09-07,TMAX,267
USC00310356,2015-06-22,TMIN,261
USR0000NCRN,2005-07-15,TMIN,217
USW00093765,2013-09-11,TMAX,294
USC00314684,2006-12-21,TMIN,17
USC00315830,2012-05-22,TMAX,256
USW00013754,2005-01-03,TMAX,217
USW00013754,2005-01-03,TMIN,67
USC00315830,2006-10-02,TMAX,261
USR0000NCRN,2015-09-10,TMAX,306
USW00093765,2014-10-21,TMIN,144
USW00093765,2014-10-21,TMAX,239
USC00317170,2008-01-07,TMAX,228
USR0000NHOF,2010-02-14,TMIN,-89
USR0000NHOF,2010-02-14,TMAX,67
USC00310356,2005-06-08,TMIN,228
USC00315830,2006-10-02,TMIN,128
USC00314684,2006-12-21,TMAX,128
USC00310576,2007-09-05,TMAX,311
USW00093719,2015-05-06,TMAX,239
USC00314689,2008-02-16,TMAX,144
USW00093719,2015-09-17,TMAX,261
USC00317170,2007-12-19,TMAX,133
USC00310356,2013-05-17,TMIN,111
USC00310356,2013-05-17,TMAX,233
USC00317170,2014-05-25,TMIN,100
USC00310576,2015-05-01,TMIN,106
USC00315830,2015-02-26,TMIN,-22
USW00093765,2015-01-01,TMAX,106
USC00315830,2005-04-03,TMIN,89
USW00093765,2015-01-01,TMIN,-27
USC00315830,2008-09-20,TMIN,178
USC00317170,2014-05-25,TMAX,278
USC00315830,2008-09-20,TMAX,244
USC00310576,2015-05-01,TMAX,178
USW00093719,2005-08-24,TMIN,222
USW00093719,2005-08-24,TMAX,289
USC00315830,2005-11-30,TMAX,217
USW00093765,2011-11-23,TMAX,228
USW00093765,2011-11-23,TMIN,128
USC00315830,2009-03-27,TMIN,144
USC00315830,2009-03-27,TMAX,206
USC00314689,2005-07-30,TMIN,211
USW00013754,2012-11-23,TMAX,183
USC00314689,2010-03-18,TMIN,83
USC00314689,2007-05-02,TMAX,333
USC00316676,2005-01-22,TMAX,39
USC00315830,2006-11-17,TMAX,239
USC00314144,2010-10-03,TMAX,172
USW00013754,2010-09-09,TMIN,200
USC00310576,2010-08-25,TMAX,294
USC00315830,2014-01-08,TMIN,-72
USC00310576,2010-10-17,TMAX,206
USC00315830,2010-04-04,TMAX,222
USR0000NNWB,2011-06-01,TMAX,339
USC00316676,2006-03-23,TMAX,128
USR0000NNWB,2015-08-30,TMAX,317
USW00093743,2013-05-17,TMIN,200
USW00093743,2008-09-07,TMIN,156
USC00316676,2006-03-23,TMIN,-17
USW00093743,2013-05-17,TMAX,283
USC00310576,2010-10-17,TMIN,61
USW00013754,2010-09-09,TMAX,300
USC00314689,2007-05-02,TMIN,189
USC00315830,2010-04-04,TMIN,156
USW00093743,2008-09-07,TMAX,206
USC00314689,2010-03-18,TMAX,167
USC00317170,2007-12-19,TMIN,6
USW00013754,2012-11-23,TMIN,33
USC00316096,2014-07-17,TMIN,194
USC00316676,2011-01-16,TMIN,-44
USC00317170,2008-05-22,TMIN,122
USC00310576,2010-11-09,TMAX,172
USW00093719,2007-02-05,TMIN,-33
USW00093719,2007-02-05,TMAX,56
USC00310576,2013-12-25,TMIN,11
USW00093765,2007-10-13,TMAX,233
USW00093765,2007-10-13,TMIN,122
USW00013754,2009-10-25,TMAX,217
USC00317170,2008-05-22,TMAX,267
USW00093743,2007-11-03,TMAX,189
USW00093765,2012-01-21,TMAX,178
USC00314689,2015-12-27,TMIN,156
USR0000NCRN,2015-10-13,TMIN,167
USW00013754,2009-10-25,TMIN,133
USC00317170,2014-10-21,TMIN,117
USR0000NCRN,2015-10-13,TMAX,256
USC00317170,2014-10-21,TMAX,250
USC00314689,2015-12-27,TMAX,250
USC00316096,2010-07-11,TMAX,311
USW00013754,2013-12-03,TMIN,11
USC00316096,2010-07-11,TMIN,211
USC00310576,2010-11-09,TMIN,44
USC00310576,2005-05-27,TMIN,144
USC00316676,2014-12-14,TMIN,6
USC00314144,2005-04-27,TMIN,39
USC00316676,2011-01-16,TMAX,111
USW00093743,2011-01-14,TMIN,-60
USC00314144,2006-08-24,TMAX,317
USR0000NCRN,2006-06-17,TMIN,144
USR0000NCRN,2006-06-17,TMAX,306
USC00310576,2010-08-25,TMIN,206
USW00093743,2011-01-14,TMAX,61
USC00316096,2014-07-17,TMAX,294
USC00310576,2015-04-16,TMIN,122
USC00310576,2014-04-05,TMAX,300
USC00314689,2008-02-16,TMIN,72
USC00310576,2015-04-16,TMAX,189
USC00316676,2014-12-14,TMAX,150
USC00314144,2005-09-02,TMAX,328
USC00314144,2005-09-02,TMIN,189
USC00310576,2014-04-05,TMIN,156
USR0000NHOF,2015-10-07,TMIN,106
USR0000NHOF,2015-10-07,TMAX,272
USC00314144,2005-04-27,TMAX,250
USW00013754,2013-12-03,TMAX,172
USC00310576,2014-10-20,TMAX,194
USC00310576,2014-10-20,TMIN,39
USC00310576,2005-05-27,TMAX,294
USC00314684,2007-02-25,TMIN,-11
USC00314684,2013-06-14,TMIN,183
USC00314684,2013-06-14,TMAX,367
USR0000NNWB,2009-02-10,TMIN,50
USC00314689,2005-07-19,TMIN,239
USC00316096,2011-08-20,TMAX,317
USR0000NHOF,2011-11-24,TMIN,-11
USC00310356,2006-04-19,TMAX,200
USC00310356,2006-04-19,TMIN,122
USW00093719,2011-08-10,TMIN,239
USW00093719,2011-06-11,TMIN,194
USC00310356,2011-06-04,TMAX,322
USC00310356,2011-06-04,TMIN,189
USC00310356,2011-04-06,TMAX,194
USR0000NHOF,2011-11-24,TMAX,156
USC00316096,2015-03-01,TMAX,183
USC00316096,2011-08-20,TMIN,211
USC00316096,2015-03-01,TMIN,11
USC00314684,2015-09-17,TMIN,117
USC00314684,2009-06-29,TMIN,194
USC00314684,2009-06-29,TMAX,317
USC00310356,2011-04-06,TMIN,67
USC00316096,2011-02-18,TMIN,122
USW00093719,2009-09-14,TMAX,283
USC00310576,2009-09-27,TMIN,200
USW00093719,2007-03-06,TMAX,106
USR0000NNWB,2009-02-10,TMAX,217
USC00310576,2009-09-27,TMAX,239
USR0000NHOF,2015-03-26,TMIN,161
USC00314689,2008-04-17,TMIN,28
USC00314689,2008-04-17,TMAX,256
USC00315830,2012-06-19,TMAX,283
USR0000NCRN,2013-03-13,TMAX,156
USR0000NCRN,2013-03-13,TMIN,72
USW00093765,2015-11-23,TMIN,11
USR0000NHOF,2011-01-14,TMAX,56
USW00013754,2005-04-19,TMAX,278
USC00314689,2011-05-23,TMAX,317
USW00093719,2009-12-29,TMIN,-28
USW00013754,2005-04-19,TMIN,100
USR0000NHOF,2010-06-20,TMAX,328
USR0000NHOF,2015-03-26,TMAX,250
USR0000NHOF,2010-06-20,TMIN,200
USC00314144,2009-01-16,TMAX,-17
USW00093719,2015-07-26,TMAX,317
USR0000NHOF,2009-06-03,TMAX,289
USC00310356,2005-04-03,TMIN,94
USR0000NHOF,2009-06-03,TMIN,183
USC00314689,2005-07-19,TMAX,339
USC00316676,2011-10-19,TMAX,283
USW00093765,2015-11-23,TMAX,83
USR0000NNWB,2015-05-06,TMAX,244
USC00316676,2014-05-05,TMIN,133
USR0000NCRN,2009-12-30,TMIN,39
USW00093765,2013-06-14,TMAX,267
USW00093765,2013-06-14,TMIN,161
USC00314689,2009-06-07,TMAX,267
USC00316096,2010-03-18,TMIN,67
USC00316676,2014-02-04,TMAX,244
USC00316676,2008-07-29,TMAX,333
USC00316676,2012-04-08,TMAX,189
USC00316676,2014-02-04,TMIN,50
USR0000NCRN,2009-12-30,TMAX,72
USW00093765,2006-10-26,TMIN,50
USC00317170,2010-12-14,TMIN,-17
USW00093765,2006-10-26,TMAX,167
USC00316676,2012-04-08,TMIN,44
USC00317170,2010-12-14,TMAX,28
USC00316676,2008-07-29,TMIN,228
USC00314689,2015-07-21,TMIN,261
USC00314684,2015-09-17,TMAX,278
USC00314689,2008-11-30,TMIN,67
USC00314689,2008-11-30,TMAX,161
USR0000NHOF,2006-04-12,TMIN,28
USC00310356,2008-06-22,TMIN,200
USC00310356,2008-06-22,TMAX,294
USW00093719,2009-01-21,TMIN,-83
USW00093719,2009-01-21,TMAX,17
USW00093719,2007-03-06,TMIN,0
USC00316096,2014-07-06,TMIN,150
USW00093765,2007-02-05,TMIN,-21
USW00013754,2012-09-14,TMAX,278
USW00093765,2007-02-05,TMAX,67
USR0000NNWB,2015-05-06,TMIN,111
USW00013754,2012-09-14,TMIN,206
USC00316096,2010-03-18,TMAX,111
USC00316676,2007-04-04,TMAX,289
USC00310356,2008-10-15,TMAX,294
USW00093719,2009-12-29,TMAX,72
USC00314144,2009-01-16,TMIN,-83
USW00093719,2009-09-14,TMIN,156
USC00314689,2007-01-10,TMIN,-39
USR0000NCRN,2006-11-03,TMIN,0
USC00310356,2006-06-17,TMIN,189
USC00310356,2006-06-17,TMAX,306
USC00314689,2007-01-10,TMAX,128
USC00316676,2007-04-04,TMIN,133
USR0000NCRN,2006-11-03,TMAX,122
USR0000NHOF,2006-04-12,TMAX,233
USC00314689,2009-06-07,TMIN,194
USC00310356,2008-10-15,TMIN,161
USR0000NNWB,2014-01-28,TMIN,-61
USR0000NHOF,2011-01-14,TMIN,-106
USW00093719,2010-03-31,TMIN,78
USC00310576,2009-07-06,TMIN,222
USW00013754,2010-10-17,TMIN,56
USW00013754,2010-10-17,TMAX,233
USC00315830,2009-04-24,TMAX,239
USR0000NCRN,2007-04-27,TMAX,256
USC00310576,2010-03-14,TMIN,94
USC00310576,2010-03-14,TMAX,222
USR0000NHOF,2011-11-15,TMIN,144
USC00316676,2007-11-07,TMIN,6
USR0000NHOF,2011-11-15,TMAX,256
USC00315830,2009-04-24,TMIN,117
USR0000NCRN,2007-04-27,TMIN,211
USC00315830,2009-07-29,TMIN,256
USC00314144,2007-06-01,TMIN,78
USC00315830,2009-07-29,TMAX,306
USC00314684,2010-05-27,TMIN,133
USC00314684,2010-05-27,TMAX,256
USC00310576,2009-12-24,TMIN,0
USC00310576,2009-12-24,TMAX,139
USC00316676,2006-12-24,TMAX,222
USC00316676,2006-12-24,TMIN,89
USC00314684,2015-11-16,TMIN,6
USC00314144,2010-02-01,TMIN,-83
USC00314684,2015-11-16,TMAX,178
USW00013754,2015-05-06,TMIN,122
USW00093743,2014-10-20,TMAX,206
USR0000NNWB,2005-04-27,TMAX,244
USW00093743,2014-10-20,TMIN,61
USW00093765,2009-09-27,TMAX,261
USR0000NCRN,2013-11-06,TMIN,128
USC00315830,2007-05-02,TMAX,256
USC00310356,2011-09-19,TMAX,222
USW00013754,2015-05-06,TMAX,239
USC00316676,2009-10-03,TMAX,256
USC00316676,2009-10-03,TMIN,106
USR0000NHOF,2014-10-20,TMAX,250
USW00013754,2007-12-13,TMAX,233
USC00315830,2007-05-02,TMIN,200
USR0000NHOF,2014-10-20,TMIN,11
USC00317170,2012-02-03,TMIN,22
USC00317170,2012-02-03,TMAX,183
USW00013754,2007-12-13,TMIN,117
USC00316676,2007-11-07,TMAX,206
USW00093719,2013-06-14,TMAX,272
USW00093719,2013-06-14,TMIN,167
USC00314684,2013-12-11,TMAX,200
USC00310576,2009-07-06,TMAX,311
USC00314689,2011-04-04,TMIN,117
USC00315830,2013-05-15,TMAX,244
USC00315830,2013-05-15,TMIN,167
USC00314144,2008-08-03,TMAX,328
USR0000NCRN,2006-06-16,TMAX,300
USC00316676,2014-05-05,TMAX,272
USW00093765,2007-03-06,TMIN,17
USW00093719,2010-03-31,TMAX,228
USR0000NCRN,2006-06-16,TMIN,156
USW00093765,2007-03-06,TMAX,117
USR0000NNWB,2007-08-06,TMAX,328
USR0000NHOF,2006-06-17,TMIN,106
USW00093719,2011-02-28,TMAX,272
USC00314684,2010-06-21,TMAX,328
USW00013754,2008-04-17,TMAX,239
USR0000NHOF,2006-06-17,TMAX,289
USW00013754,2008-04-17,TMIN,22
USC00310356,2005-04-03,TMAX,183
USW00013754,2010-09-22,TMAX,300
USC00314689,2011-10-09,TMIN,139
USR0000NCRN,2007-06-19,TMIN,211
USC00316096,2014-07-06,TMAX,278
USC00314689,2011-10-09,TMAX,250
USR0000NCRN,2007-06-19,TMAX,311
USC00314144,2008-08-03,TMIN,211
USC00310356,2011-11-15,TMAX,206
USW00013754,2010-09-22,TMIN,172
USC00310356,2011-11-15,TMIN,117
USC00314684,2013-12-11,TMIN,-39
USC00316676,2006-09-22,TMAX,228
USC00314144,2010-02-01,TMAX,100
USC00315830,2012-12-23,TMIN,-17
USC00316676,2006-09-22,TMIN,122
USC00310356,2005-10-21,TMIN,217
USW00093719,2015-07-26,TMIN,167
USC00310356,2005-10-21,TMAX,261
USC00316096,2012-11-01,TMIN,22
USC00315830,2012-12-23,TMAX,117
USC00315830,2012-06-19,TMIN,183
USC00314144,2007-06-01,TMAX,267
USC00317170,2009-08-12,TMIN,228
USC00317170,2009-08-12,TMAX,306
USC00315830,2005-02-15,TMIN,78
USC00315830,2005-02-15,TMAX,189
USW00093719,2011-11-23,TMAX,228
USW00093719,2011-11-23,TMIN,117
USC00316676,2011-10-19,TMIN,139
USW00013754,2015-02-07,TMAX,150
USW00013754,2015-02-07,TMIN,-43
USW00093719,2011-02-28,TMIN,139
USC00316096,2012-11-01,TMAX,167
USC00315830,2007-09-05,TMAX,311
USC00314689,2015-07-21,TMAX,350
USC00314689,2005-03-18,TMIN,17
USW00013754,2008-07-09,TMAX,294
USC00310356,2012-09-27,TMIN,183
USW00093719,2009-04-24,TMAX,283
USC00314689,2007-06-21,TMIN,167
USC00314689,2007-06-21,TMAX,283
USW00013754,2009-05-22,TMAX,267
USW00093719,2005-06-23,TMAX,300
USC00314684,2009-12-04,TMIN,33
USC00316676,2008-02-16,TMIN,6
USC00316676,2008-02-16,TMAX,167
USC00314144,2007-09-03,TMAX,306
USC00314144,2011-03-06,TMIN,72
USC00317170,2008-02-27,TMIN,56
USC00317170,2008-02-27,TMAX,156
USW00013754,2005-08-11,TMAX,311
USW00013754,2005-08-11,TMIN,233
USC00310576,2014-03-21,TMIN,33
USC00314689,2011-02-25,TMIN,133
USR0000NNWB,2012-09-14,TMAX,283
USR0000NNWB,2012-09-14,TMIN,194
USW00093743,2012-09-27,TMAX,267
USC00310356,2012-09-27,TMAX,267
USW00093743,2012-09-27,TMIN,161
USC00314144,2007-09-03,TMIN,144
USR0000NNWB,2006-10-02,TMAX,261
USC00314689,2011-05-25,TMAX,350
USC00314689,2011-05-25,TMIN,200
USC00310356,2012-09-28,TMIN,200
USC00314144,2009-03-27,TMAX,217
USC00314144,2009-03-27,TMIN,133
USC00310356,2012-09-28,TMAX,267
USW00093743,2008-05-22,TMAX,267
USC00314144,2011-03-06,TMAX,211
USW00093719,2012-07-21,TMIN,222
USC00316096,2015-07-21,TMAX,333
USW00093719,2012-07-21,TMAX,311
USC00316096,2014-10-21,TMIN,106
USR0000NNWB,2011-03-29,TMIN,-11
USW00013754,2005-04-27,TMIN,144
USW00013754,2005-04-27,TMAX,239
USW00013754,2009-05-22,TMIN,161
USC00314684,2009-12-04,TMAX,178
USR0000NNWB,2006-10-02,TMIN,117
USC00316096,2014-10-21,TMAX,244
USC00316676,2007-11-15,TMIN,89
USW00093719,2009-04-24,TMIN,83
USC00316676,2007-11-15,TMAX,261
USR0000NNWB,2005-04-19,TMAX,300
USR0000NCRN,2011-06-24,TMAX,294
USC00310576,2014-03-21,TMAX,211
USC00314689,2014-07-17,TMAX,300
USR0000NHOF,2012-09-27,TMAX,272
USR0000NHOF,2012-09-27,TMIN,117
USC00310576,2007-08-13,TMAX,300
USC00314684,2012-11-01,TMAX,150
USW00013754,2014-08-27,TMAX,317
USW00013754,2014-08-27,TMIN,206
USC00314684,2005-08-11,TMIN,211
USR0000NCRN,2010-06-02,TMAX,289
USW00093719,2007-12-12,TMIN,139
USW00093743,2010-09-16,TMAX,283
USC00314689,2005-10-20,TMIN,167
USW00093743,2010-09-16,TMIN,194
USW00093719,2007-12-12,TMAX,256
USC00316676,2006-08-25,TMAX,294
USC00310576,2011-07-30,TMIN,239
USR0000NCRN,2010-06-02,TMIN,228
USR0000NCRN,2009-11-30,TMAX,200
USR0000NCRN,2009-11-30,TMIN,183
USC00310576,2011-07-30,TMAX,372
USR0000NNWB,2007-12-31,TMIN,33
USC00316676,2007-02-04,TMIN,-11
USC00316676,2007-02-04,TMAX,94
USC00314684,2012-11-01,TMIN,17
USC00314689,2014-07-17,TMIN,178
USR0000NHOF,2008-05-22,TMAX,267
USR0000NNWB,2005-04-19,TMIN,94
USR0000NHOF,2015-11-08,TMIN,117
USR0000NCRN,2010-01-31,TMAX,28
USR0000NCRN,2010-01-31,TMIN,-50
USC00315830,2011-02-08,TMIN,67
USC00310576,2007-08-13,TMIN,183
USC00315830,2011-02-08,TMAX,128
USC00316676,2007-12-05,TMAX,106
USW00093765,2005-11-08,TMAX,222
USC00316096,2015-07-21,TMIN,233
USC00316676,2007-12-05,TMIN,11
USW00093743,2009-11-18,TMAX,200
USW00013754,2009-02-27,TMAX,206
USR0000NHOF,2012-04-10,TMAX,244
USW00093743,2009-11-18,TMIN,144
USR0000NHOF,2008-05-22,TMIN,72
USW00093765,2005-11-08,TMIN,89
USW00013754,2009-02-27,TMIN,17
USC00317170,2015-03-15,TMAX,217
USC00314689,2005-10-20,TMAX,300
USR0000NCRN,2011-06-24,TMIN,239
USR0000NHOF,2012-04-10,TMIN,83
USW00013754,2008-07-19,TMAX,311
USC00315830,2012-03-28,TMAX,211
USC00316676,2007-09-18,TMIN,139
USR0000NNWB,2009-10-22,TMIN,72
USR0000NNWB,2009-10-22,TMAX,272
USC00315830,2013-08-30,TMIN,211
USC00315830,2013-08-30,TMAX,300
USW00093765,2015-03-10,TMAX,228
USC00316096,2015-01-01,TMIN,-44
USW00093743,2008-06-22,TMAX,261
USW00093765,2014-02-05,TMIN,78
USR0000NHOF,2008-04-13,TMIN,78
USW00093743,2008-06-22,TMIN,178
USC00316096,2015-01-01,TMAX,106
USC00310576,2011-01-29,TMIN,-6
USR0000NCRN,2005-06-17,TMIN,194
USR0000NCRN,2013-03-14,TMIN,0
USC00317170,2013-06-14,TMAX,300
USC00317170,2013-06-14,TMIN,189
USC00314689,2014-10-21,TMIN,117
USC00314689,2014-10-21,TMAX,244
USC00317170,2015-03-15,TMIN,128
USC00310356,2009-11-18,TMAX,183
USC00316676,2015-06-22,TMAX,328
USC00314689,2011-05-23,TMIN,206
USR0000NHOF,2008-04-13,TMAX,222
USW00093719,2013-09-11,TMIN,194
USR0000NNWB,2010-12-14,TMAX,11
USC00314689,2005-11-22,TMIN,72
USW00013754,2008-07-19,TMIN,217
USC00314689,2005-03-18,TMAX,144
USC00314689,2005-11-22,TMAX,183
USC00316676,2007-09-18,TMAX,256
USC00315830,2012-11-07,TMAX,100
USR0000NHOF,2006-04-19,TMAX,239
USR0000NHOF,2012-09-28,TMIN,122
USR0000NHOF,2012-09-28,TMAX,261
USR0000NHOF,2006-04-19,TMIN,28
USC00315830,2012-11-07,TMIN,56
USC00316096,2010-07-20,TMAX,322
USC00316096,2010-07-20,TMIN,261
USW00093719,2011-06-11,TMAX,339
USR0000NNWB,2008-06-10,TMIN,239
USR0000NNWB,2008-06-10,TMAX,378
USC00317170,2008-10-25,TMAX,250
USW00093719,2013-09-11,TMAX,311
USC00316676,2015-06-22,TMIN,239
USW00093765,2015-03-10,TMIN,83
USC00316096,2011-02-18,TMAX,194
USR0000NNWB,2010-12-14,TMIN,-56
USR0000NNWB,2015-02-07,TMAX,161
USC00310576,2011-01-29,TMAX,133
USW00093765,2014-02-05,TMAX,178
USW00093719,2011-12-13,TMAX,156
USC00315830,2015-09-20,TMAX,294
USC00314144,2010-08-18,TMIN,206
USR0000NHOF,2014-11-07,TMIN,11
USC00316096,2011-10-19,TMAX,244
USC00317170,2009-09-06,TMAX,267
USR0000NHOF,2014-11-07,TMAX,194
USC00316096,2011-10-19,TMIN,178
USW00093743,2013-02-01,TMAX,122
USW00093743,2013-02-01,TMIN,-27
USC00310576,2012-09-15,TMIN,161
USC00310356,2008-05-22,TMAX,233
USW00093743,2012-09-28,TMIN,161
USW00093743,2012-09-28,TMAX,272
USC00310576,2012-09-15,TMAX,272
USC00310356,2008-05-22,TMIN,156
USC00317170,2013-01-11,TMAX,211
USR0000NHOF,2013-02-01,TMAX,100
USR0000NHOF,2013-02-01,TMIN,-56
USC00317170,2013-01-11,TMIN,56
USC00315830,2015-09-20,TMIN,211
USC00314144,2010-08-18,TMAX,317
USC00310576,2013-05-17,TMAX,317
USR0000NNWB,2011-03-29,TMAX,172
USC00310356,2013-02-01,TMIN,72
USC00310356,2007-11-03,TMAX,178
USR0000NCRN,2013-03-14,TMAX,111
USC00310356,2015-03-26,TMIN,67
USC00310356,2011-11-24,TMIN,78
USC00310356,2011-11-24,TMAX,217
USR0000NNWB,2015-02-07,TMIN,-33
USC00310356,2007-11-03,TMIN,117
USC00317170,2009-09-06,TMIN,183
USC00316676,2008-10-09,TMAX,250
USC00310576,2009-05-25,TMAX,278
USC00315830,2012-03-28,TMIN,72
USC00316676,2008-10-09,TMIN,106
USR0000NCRN,2005-06-17,TMAX,283
USC00315830,2010-02-13,TMIN,-44
USC00310356,2009-11-18,TMIN,139
USC00310576,2009-05-25,TMIN,178
USW00093743,2011-04-06,TMAX,161
USC00310356,2015-03-26,TMAX,228
USW00093719,2011-12-13,TMIN,17
USW00093743,2011-04-06,TMIN,28
USC00310576,2013-05-17,TMIN,189
USC00310356,2013-02-01,TMAX,133
USC00315830,2010-02-13,TMAX,50
USW00013754,2011-06-24,TMIN,233
USR0000NHOF,2014-12-04,TMIN,56
USC00315830,2011-03-22,TMIN,144
USW00093765,2012-12-22,TMAX,100
USC00310356,2014-01-08,TMIN,-44
USC00310576,2009-06-03,TMIN,194
USW00013754,2015-09-04,TMAX,333
USW00093743,2014-01-08,TMAX,44
USW00093765,2012-12-22,TMIN,28
USW00093743,2014-01-08,TMIN,-82
USW00093765,2011-08-03,TMAX,339
USC00310576,2015-06-08,TMAX,261
USC00310576,2015-06-08,TMIN,128
USC00314689,2015-06-21,TMAX,344
USC00314689,2015-06-21,TMIN,217
USR0000NHOF,2012-07-03,TMAX,339
USC00317170,2011-12-16,TMAX,228
USW00093765,2011-06-12,TMAX,311
USW00093765,2011-06-12,TMIN,250
USW00093765,2005-07-24,TMIN,217
USW00093765,2005-07-24,TMAX,300
USW00093719,2013-01-24,TMIN,-39
USC00316676,2009-09-04,TMIN,183
USW00013754,2012-03-28,TMIN,28
USC00317170,2008-06-10,TMAX,372
USR0000NHOF,2005-07-04,TMIN,189
USR0000NCRN,2015-08-09,TMAX,289
USR0000NNWB,2007-09-24,TMIN,156
USC00310576,2012-02-03,TMIN,33
USR0000NNWB,2007-03-09,TMAX,161
USR0000NNWB,2006-01-21,TMAX,222
USR0000NNWB,2006-01-21,TMIN,56
USC00314684,2009-05-30,TMIN,172
USC00314689,2009-08-12,TMAX,361
USC00314689,2009-06-19,TMAX,311
USC00314689,2009-06-19,TMIN,228
USW00093719,2007-12-03,TMAX,217
USR0000NNWB,2011-12-25,TMAX,156
USR0000NNWB,2011-12-25,TMIN,11
USR0000NNWB,2006-04-12,TMIN,83
USR0000NNWB,2006-04-12,TMAX,256
USC00316096,2012-11-07,TMAX,100
USR0000NHOF,2005-08-03,TMAX,328
USC00314684,2015-08-16,TMAX,317
USW00013754,2008-08-29,TMAX,306
USR0000NCRN,2011-08-21,TMAX,306
USW00013754,2008-08-29,TMIN,217
USR0000NHOF,2005-08-03,TMIN,150
USR0000NCRN,2015-08-09,TMIN,178
USC00317170,2008-06-10,TMIN,244
USR0000NNWB,2007-09-24,TMAX,294
USW00013754,2012-03-28,TMAX,233
USW00093765,2015-10-31,TMAX,200
USR0000NHOF,2014-01-08,TMIN,-111
USC00314689,2014-02-05,TMAX,172
USW00013754,2015-09-04,TMIN,217
USR0000NHOF,2012-07-03,TMIN,194
USR0000NHOF,2011-09-09,TMAX,283
USW00093719,2013-01-24,TMAX,50
USC00317170,2011-12-16,TMIN,117
USW00093743,2007-12-22,TMIN,100
USW00093765,2011-08-03,TMIN,256
USW00093743,2007-12-22,TMAX,183
USC00316676,2006-05-31,TMIN,183
USC00316676,2006-05-31,TMAX,289
USW00093765,2009-06-07,TMAX,267
USC00310576,2012-01-01,TMIN,22
USW00013754,2009-07-29,TMIN,250
USW00013754,2009-07-29,TMAX,306
USC00316096,2014-03-19,TMAX,167
USC00310356,2006-02-25,TMAX,156
USC00316096,2013-03-12,TMAX,178
USC00310356,2006-02-25,TMIN,22
USC00316096,2013-03-12,TMIN,128
USR0000NHOF,2005-07-04,TMAX,300
USC00314684,2014-03-21,TMIN,0
USC00314684,2015-08-16,TMIN,167
USC00310576,2008-03-15,TMAX,228
USR0000NNWB,2011-05-18,TMIN,133
USW00093719,2013-10-26,TMIN,17
USR0000NHOF,2005-06-10,TMAX,278
USC00310356,2010-12-29,TMAX,78
USC00316676,2009-09-04,TMAX,261
USC00314684,2010-07-20,TMAX,317
USC00310356,2010-12-29,TMIN,-28
USR0000NHOF,2015-05-07,TMIN,161
USC00314684,2010-07-20,TMIN,233
USW00093719,2013-10-26,TMAX,183
USC00314684,2014-03-21,TMAX,206
USR0000NHOF,2015-05-07,TMAX,244
USR0000NNWB,2011-05-18,TMAX,267
USR0000NHOF,2005-06-10,TMIN,144
USC00315830,2010-07-05,TMAX,289
USC00310576,2009-06-03,TMAX,328
USR0000NHOF,2010-05-27,TMAX,328
USC00310576,2008-03-15,TMIN,117
USC00315830,2010-07-05,TMIN,183
USR0000NHOF,2014-01-08,TMAX,94
USC00314689,2014-02-05,TMIN,39
USR0000NHOF,2010-05-27,TMIN,133
USC00315830,2010-02-01,TMAX,117
USC00310356,2014-01-08,TMAX,78
USC00314689,2009-08-12,TMIN,217
USR0000NCRN,2008-12-20,TMAX,228
USR0000NCRN,2015-06-23,TMIN,267
USC00310576,2006-09-23,TMIN,172
USW00013754,2014-08-28,TMIN,183
USC00316676,2011-06-23,TMIN,211
USC00310356,2010-05-27,TMAX,256
USC00314684,2006-06-15,TMIN,161
USC00317170,2012-06-18,TMAX,278
USC00310356,2010-05-27,TMIN,189
USW00013754,2014-08-28,TMAX,333
USR0000NCRN,2015-06-23,TMAX,306
USC00316676,2012-08-05,TMIN,222
USR0000NNWB,2009-03-27,TMIN,150
USC00314689,2009-09-27,TMIN,194
USC00314689,2009-09-27,TMAX,272
USC00317170,2012-06-18,TMIN,117
USC00314684,2010-09-02,TMAX,311
USC00314684,2012-03-01,TMIN,83
USC00314689,2008-10-16,TMAX,300
USR0000NNWB,2010-12-02,TMIN,-17
USC00314689,2012-02-03,TMAX,194
USC00314684,2006-06-15,TMAX,261
USC00317170,2012-02-07,TMIN,44
USW00093765,2014-12-22,TMIN,72
USC00314689,2012-02-03,TMIN,39
USC00314684,2013-03-12,TMAX,211
USR0000NNWB,2010-12-02,TMAX,89
USC00310576,2012-03-12,TMIN,11
USR0000NHOF,2010-09-11,TMIN,156
USC00315830,2008-12-15,TMIN,17
USC00315830,2009-12-09,TMIN,100
USC00315830,2009-12-09,TMAX,217
USW00013754,2012-01-21,TMIN,83
USR0000NHOF,2007-12-22,TMIN,94
USC00310356,2013-01-15,TMIN,128
USR0000NHOF,2007-12-22,TMAX,183
USR0000NCRN,2013-03-03,TMAX,83
USC00310576,2015-11-23,TMIN,28
USC00315830,2008-12-15,TMAX,206
USC00316676,2011-06-23,TMAX,317
USC00314684,2013-03-12,TMIN,150
USC00316676,2012-08-05,TMAX,317
USR0000NCRN,2008-12-20,TMIN,111
USC00310356,2007-03-29,TMIN,122
USR0000NNWB,2007-03-09,TMIN,11
USC00310576,2005-10-01,TMAX,272
USC00310576,2005-10-01,TMIN,189
USC00310356,2007-03-29,TMAX,233
USC00314689,2008-10-16,TMIN,144
USC00314684,2012-03-01,TMAX,233
USW00093743,2012-07-03,TMIN,217
USC00314689,2012-09-26,TMAX,283
USW00013754,2009-11-28,TMIN,11
USW00013754,2009-11-28,TMAX,139
USC00315830,2009-12-29,TMAX,106
USC00316676,2005-02-27,TMAX,122
USR0000NHOF,2006-07-22,TMIN,244
USC00315830,2009-12-29,TMIN,0
USC00316676,2005-02-27,TMIN,-17
USW00013754,2011-02-03,TMIN,39
USR0000NCRN,2011-08-21,TMIN,211
USC00314689,2006-12-21,TMIN,28
USC00314689,2006-12-21,TMAX,172
USC00314689,2012-09-26,TMIN,128
USC00316096,2012-11-07,TMIN,33
USW00013754,2011-02-03,TMAX,144
USC00310576,2012-02-03,TMAX,206
USC00314689,2011-08-25,TMIN,217
USC00314144,2005-07-15,TMIN,228
USC00315830,2010-02-01,TMIN,-39
USC00314689,2011-08-25,TMAX,322
USR0000NCRN,2008-05-15,TMAX,256
USR0000NNWB,2010-04-18,TMIN,83
USC00317170,2011-06-24,TMAX,333
USR0000NCRN,2008-05-15,TMIN,178
USR0000NNWB,2009-03-27,TMAX,222
USC00310576,2006-09-23,TMAX,278
USW00093765,2014-02-04,TMAX,78
USW00093765,2012-07-21,TMIN,244
USC00317170,2012-02-07,TMAX,144
USC00317170,2011-06-24,TMIN,172
USW00093743,2010-05-27,TMAX,311
USR0000NHOF,2006-07-22,TMAX,306
USW00093743,2010-05-27,TMIN,167
USW00093765,2014-02-04,TMIN,39
USC00316096,2014-03-19,TMIN,61
USW00093719,2012-08-17,TMIN,217
USW00093765,2012-07-21,TMAX,306
USR0000NNWB,2010-09-22,TMAX,322
USC00316676,2005-06-16,TMAX,344
USC00316676,2005-06-16,TMIN,217
USC00310356,2008-12-11,TMAX,183
USC00310356,2008-12-11,TMIN,22
USW00093743,2012-07-03,TMAX,311
USR0000NCRN,2014-07-24,TMAX,311
USR0000NCRN,2014-07-24,TMIN,206
USR0000NNWB,2010-04-18,TMAX,217
USW00093719,2012-08-17,TMAX,328
USR0000NHOF,2011-09-09,TMIN,156
USW00013754,2011-09-25,TMIN,194
USW00093743,2008-01-14,TMAX,239
USW00093743,2008-12-11,TMIN,144
USW00013754,2005-01-26,TMAX,167
USC00314684,2007-02-12,TMIN,-39
USW00093765,2015-10-31,TMIN,111
USC00310576,2013-12-12,TMIN,11
USC00310576,2013-12-12,TMAX,117
USW00013754,2005-01-26,TMIN,22
USC00310576,2014-04-06,TMIN,106
USC00310356,2005-07-04,TMIN,233
USC00310576,2014-04-06,TMAX,261
USC00317170,2012-12-22,TMAX,100
USC00317170,2012-12-22,TMIN,22
USC00316676,2015-07-21,TMIN,239
USR0000NCRN,2008-08-03,TMIN,217
USC00314689,2013-10-15,TMAX,211
USC00316676,2015-07-21,TMAX,339
USC00310356,2007-12-22,TMIN,83
USC00310356,2007-12-22,TMAX,111
USW00013754,2014-11-30,TMIN,11
USC00315830,2010-09-11,TMIN,189
USW00013754,2014-11-30,TMAX,206
USW00093743,2008-12-11,TMAX,206
USC00310356,2005-07-04,TMAX,306
USC00314689,2007-04-15,TMAX,233
USC00310576,2005-12-28,TMAX,172
USW00093765,2009-01-04,TMAX,167
USC00316676,2013-06-13,TMAX,317
USC00317170,2009-10-22,TMIN,150
USC00316676,2013-06-13,TMIN,217
USC00317170,2009-10-22,TMAX,261
USW00093765,2008-01-07,TMAX,200
USW00093719,2007-12-03,TMIN,39
USW00093765,2006-08-14,TMIN,183
USC00310576,2013-06-17,TMIN,200
USW00093765,2008-01-07,TMIN,56
USW00093743,2008-08-21,TMAX,211
USW00093743,2008-08-21,TMIN,144
USR0000NCRN,2013-01-12,TMIN,128
USC00314684,2005-09-01,TMAX,339
USW00093765,2006-08-14,TMAX,283
USC00314684,2005-09-01,TMIN,178
USC00310576,2013-06-17,TMAX,294
USR0000NHOF,2015-09-10,TMAX,339
USR0000NCRN,2013-01-12,TMAX,211
USC00310576,2007-10-17,TMAX,256
USC00310576,2011-07-25,TMAX,356
USC00310576,2005-12-28,TMIN,-39
USW00013754,2009-03-27,TMIN,150
USW00013754,2009-03-27,TMAX,228
USC00315830,2009-05-13,TMIN,128
USC00316676,2006-11-19,TMIN,17
USC00316676,2006-08-13,TMAX,250
USR0000NCRN,2007-06-01,TMIN,139
USC00316676,2006-11-19,TMAX,156
USC00316676,2006-08-13,TMIN,178
USR0000NCRN,2007-06-01,TMAX,278
USC00315830,2010-07-24,TMIN,272
USC00314144,2010-12-09,TMAX,56
USC00314144,2011-01-23,TMAX,72
USC00315830,2013-12-04,TMIN,83
USC00315830,2010-07-24,TMAX,306
USC00314684,2010-04-26,TMIN,167
USC00314684,2010-04-26,TMAX,256
USC00316096,2009-08-12,TMIN,217
USC00310576,2009-11-28,TMAX,139
USC00315830,2013-12-04,TMAX,178
USC00316096,2009-08-12,TMAX,300
USR0000NNWB,2005-02-04,TMAX,89
USC00314689,2015-03-25,TMAX,228
USR0000NNWB,2005-02-04,TMIN,22
USW00093765,2010-05-11,TMAX,211
USC00310576,2007-10-17,TMIN,100
USC00316096,2015-09-17,TMAX,256
USC00316096,2015-09-17,TMIN,194
USC00314144,2011-01-23,TMIN,-122
USC00314684,2007-02-12,TMAX,106
USC00314144,2009-07-07,TMIN,172
USC00310576,2011-07-25,TMIN,228
USC00315830,2010-09-11,TMAX,278
USC00314144,2009-07-07,TMAX,294
USR0000NCRN,2008-08-03,TMAX,333
USC00314689,2013-10-15,TMIN,144
USC00314684,2010-04-29,TMAX,189
USC00315830,2009-05-13,TMAX,228
USR0000NNWB,2008-09-20,TMIN,156
USW00093765,2009-01-04,TMIN,50
USR0000NNWB,2008-09-20,TMAX,228
USC00316676,2010-01-30,TMIN,-6
USR0000NHOF,2006-01-22,TMIN,61
USC00316096,2015-06-09,TMIN,200
USC00314684,2010-04-29,TMIN,17
USR0000NHOF,2006-01-22,TMAX,156
USC00317170,2015-08-12,TMIN,194
USC00317170,2015-08-12,TMAX,300
USC00316096,2011-08-25,TMIN,217
USC00316096,2015-06-09,TMAX,278
USC00314144,2010-12-09,TMIN,-83
USC00316676,2010-01-30,TMAX,67
USR0000NCRN,2013-03-03,TMIN,-22
USC00316096,2009-09-27,TMAX,272
USC00316096,2009-09-27,TMIN,183
USW00093765,2005-04-27,TMIN,150
USW00093765,2005-04-27,TMAX,228
USW00013754,2007-10-14,TMIN,89
USR0000NHOF,2014-08-27,TMAX,317
USR0000NHOF,2014-08-27,TMIN,167
USC00314144,2010-08-13,TMIN,222
USW00093719,2010-11-17,TMAX,206
USC00314144,2006-05-30,TMAX,278
USC00314144,2006-05-30,TMIN,156
USR0000NCRN,2005-11-17,TMAX,211
USR0000NCRN,2005-11-17,TMIN,28
USW00013754,2011-09-25,TMAX,233
USW00093743,2010-08-24,TMAX,272
USC00314144,2010-08-13,TMAX,322
USC00310576,2009-01-16,TMIN,-28
USW00093743,2010-08-24,TMIN,217
USC00310576,2009-01-16,TMAX,117
USC00316676,2014-11-29,TMAX,100
USC00316676,2014-11-29,TMIN,-6
USR0000NHOF,2009-11-09,TMIN,44
USC00316676,2013-05-17,TMIN,189
USW00013754,2007-10-14,TMAX,250
USW00093743,2013-01-15,TMAX,172
USC00315830,2005-03-31,TMIN,111
USW00093719,2010-11-17,TMIN,50
USC00310576,2013-09-12,TMIN,178
USR0000NNWB,2014-11-30,TMIN,6
USC00317170,2014-02-04,TMAX,156
USC00314144,2005-04-03,TMAX,206
USC00310356,2014-08-27,TMAX,294
USC00310576,2013-09-12,TMAX,311
USC00310356,2014-08-27,TMIN,211
USC00317170,2014-02-04,TMIN,33
USC00315830,2011-11-23,TMAX,228
USC00316676,2014-06-02,TMIN,106
USW00093765,2009-06-07,TMIN,194
USW00093765,2005-12-19,TMAX,111
USW00093765,2005-12-19,TMIN,28
USC00310576,2012-01-01,TMAX,189
USC00315830,2011-11-23,TMIN,139
USR0000NNWB,2014-11-30,TMAX,206
USC00314144,2005-04-03,TMIN,89
USC00310356,2008-08-21,TMAX,317
USC00310576,2011-09-07,TMIN,200
USW00093719,2005-05-27,TMIN,150
USC00310576,2011-09-07,TMAX,306
USC00315830,2005-03-31,TMAX,217
USW00093743,2013-01-15,TMIN,122
USC00316676,2013-05-17,TMAX,317
USR0000NNWB,2015-09-17,TMIN,194
USC00314684,2009-12-08,TMIN,-6
USR0000NNWB,2007-04-27,TMIN,206
USR0000NCRN,2010-09-29,TMIN,200
USR0000NCRN,2010-09-29,TMAX,261
USR0000NCRN,2008-11-26,TMIN,-28
USC00314144,2010-12-02,TMAX,83
USW00093719,2012-06-19,TMIN,178
USR0000NHOF,2006-02-25,TMAX,161
USC00315830,2005-01-03,TMAX,183
USR0000NHOF,2006-02-25,TMIN,-50
USC00315830,2005-01-03,TMIN,83
USC00315830,2010-03-14,TMAX,167
USW00093765,2008-03-31,TMIN,122
USR0000NNWB,2007-04-27,TMAX,283
USC00314144,2005-12-03,TMIN,-33
USW00093765,2008-03-31,TMAX,211
USC00314689,2013-03-12,TMAX,211
USC00314689,2013-03-12,TMIN,150
USC00316096,2009-10-03,TMAX,267
USW00093719,2012-06-19,TMAX,322
USC00316096,2009-10-03,TMIN,178
USR0000NHOF,2009-11-09,TMAX,244
USC00314689,2006-06-15,TMIN,172
USC00314684,2009-12-08,TMAX,100
USR0000NCRN,2008-11-26,TMAX,122
USW00093719,2005-05-27,TMAX,294
USR0000NCRN,2010-02-13,TMAX,17
USR0000NCRN,2010-02-13,TMIN,-11
USC00316096,2015-03-25,TMAX,233
USC00314689,2008-12-23,TMAX,78
USC00314144,2010-12-02,TMIN,-39
USC00314689,2008-12-23,TMIN,-61
USW00093743,2008-01-14,TMIN,50
USW00093765,2010-07-11,TMAX,311
USC00316096,2013-10-15,TMAX,206
USR0000NHOF,2015-09-10,TMIN,244
USC00316096,2013-10-15,TMIN,172
USC00314144,2005-12-03,TMAX,128
USR0000NNWB,2009-09-12,TMIN,167
USC00316096,2012-02-03,TMIN,6
USC00316096,2015-03-25,TMIN,83
USC00314689,2006-06-15,TMAX,283
USC00315830,2010-03-14,TMIN,94
USC00316096,2012-02-03,TMAX,128
USC00314689,2014-03-19,TMAX,94
USR0000NNWB,2009-09-12,TMAX,294
USC00314689,2014-03-19,TMIN,33
USW00093765,2010-07-11,TMIN,233
USC00315830,2005-12-20,TMAX,111
USC00315830,2005-12-20,TMIN,-17
USR0000NNWB,2010-09-22,TMIN,172
USC00314684,2013-06-13,TMAX,328
USC00314684,2013-06-13,TMIN,222
USC00314684,2015-03-25,TMIN,22
USC00316676,2009-11-02,TMAX,239
USC00315830,2011-03-14,TMAX,194
USC00314684,2007-05-15,TMIN,94
USC00315830,2013-10-17,TMIN,178
USC00314684,2007-05-15,TMAX,239
USC00316676,2009-11-02,TMIN,128
USC00317170,2013-03-12,TMAX,200
USC00315830,2013-10-17,TMAX,261
USW00093765,2008-02-25,TMIN,39
USC00314684,2009-10-03,TMAX,261
USC00314684,2014-01-02,TMIN,6
USW00093765,2008-02-25,TMAX,122
USC00314684,2009-10-03,TMIN,106
USC00315830,2011-03-14,TMIN,89
USW00093743,2010-09-11,TMAX,261
USC00317170,2013-03-12,TMIN,144
USW00093743,2010-09-11,TMIN,200
USC00310356,2005-02-15,TMAX,144
USW00093719,2015-10-06,TMAX,206
USR0000NHOF,2009-09-27,TMAX,278
USC00314684,2012-09-26,TMIN,89
USC00317170,2009-02-18,TMIN,17
USR0000NCRN,2014-01-08,TMIN,-94
USC00314684,2011-12-13,TMAX,106
USC00314689,2006-12-24,TMAX,200
USC00314689,2006-12-24,TMIN,78
USC00314684,2005-01-22,TMIN,-44
USR0000NNWB,2011-09-25,TMIN,217
USR0000NNWB,2011-09-25,TMAX,233
USC00316676,2013-05-14,TMAX,206
USC00316676,2013-05-14,TMIN,67
USC00316096,2011-01-31,TMIN,33
USC00310356,2011-09-09,TMAX,289
USC00310356,2011-09-09,TMIN,228
USW00093719,2008-04-15,TMIN,56
USC00314684,2015-06-21,TMAX,356
USW00093719,2008-04-15,TMAX,150
USC00314684,2015-06-21,TMIN,228
USC00316096,2011-01-31,TMAX,94
USR0000NCRN,2010-10-17,TMAX,233
USR0000NCRN,2010-10-17,TMIN,50
USC00314684,2015-03-25,TMAX,200
USC00317170,2009-02-18,TMAX,150
USC00314684,2012-09-26,TMAX,250
USR0000NHOF,2011-01-16,TMIN,-39
USR0000NHOF,2011-01-16,TMAX,139
USC00314689,2006-01-25,TMIN,78
USW00013754,2012-12-23,TMAX,122
USR0000NCRN,2014-08-27,TMAX,294
USR0000NCRN,2014-08-27,TMIN,194
USC00315830,2013-06-17,TMIN,244
USR0000NCRN,2008-12-08,TMAX,172
USR0000NNWB,2007-08-24,TMAX,344
USW00013754,2010-04-04,TMIN,139
USC00315830,2013-06-17,TMAX,289
USW00093719,2015-10-06,TMIN,144
USC00315830,2012-11-23,TMAX,172
USC00315830,2012-11-23,TMIN,61
USC00314689,2008-08-02,TMAX,356
USR0000NNWB,2007-08-24,TMIN,228
USW00013754,2010-04-04,TMAX,250
USC00314689,2008-08-02,TMIN,228
USW00093719,2013-12-11,TMAX,111
USW00093765,2014-05-06,TMIN,178
USC00310356,2007-03-14,TMIN,122
USC00310576,2007-05-02,TMAX,333
USR0000NCRN,2009-07-07,TMIN,228
USC00310576,2007-05-02,TMIN,178
USR0000NCRN,2008-09-30,TMAX,256
USW00013754,2010-10-13,TMAX,267
USR0000NCRN,2008-09-30,TMIN,183
USC00316676,2007-02-21,TMIN,94
USC00314689,2014-10-19,TMAX,267
USC00310576,2005-01-15,TMAX,78
USC00310576,2005-01-15,TMIN,33
USC00314144,2010-11-04,TMAX,200
USR0000NNWB,2012-09-15,TMIN,178
USR0000NNWB,2012-09-15,TMAX,294
USC00314689,2014-10-19,TMIN,94
USC00310356,2005-02-15,TMIN,56
USR0000NHOF,2009-09-27,TMIN,156
USW00013754,2010-10-13,TMIN,172
USC00314684,2011-12-13,TMIN,17
USW00093765,2005-09-01,TMAX,306
USC00316676,2013-08-30,TMIN,194
USC00316676,2013-08-30,TMAX,300
USW00093765,2006-03-23,TMAX,111
USW00093765,2006-03-23,TMIN,17
USC00316676,2007-02-21,TMAX,200
USC00315830,2012-04-08,TMAX,217
USC00315830,2012-04-08,TMIN,83
USW00093719,2010-09-09,TMIN,172
USW00093719,2010-09-09,TMAX,306
USW00013754,2012-12-23,TMIN,-32
USW00093765,2005-09-01,TMIN,228
USW00093765,2008-12-19,TMIN,111
USR0000NNWB,2015-03-16,TMIN,39
USR0000NNWB,2015-03-16,TMAX,239
USC00310576,2015-03-26,TMAX,222
USC00310356,2005-02-28,TMAX,117
USR0000NCRN,2005-10-02,TMIN,172
USW00093743,2011-09-15,TMAX,294
USW00093719,2013-11-10,TMIN,83
USW00093719,2013-11-10,TMAX,228
USC00310356,2014-11-06,TMAX,200
USC00310356,2014-11-06,TMIN,122
USR0000NCRN,2005-10-02,TMAX,267
USC00317170,2014-05-06,TMIN,150
USW00093719,2012-12-22,TMAX,100
USR0000NNWB,2007-06-21,TMAX,306
USW00093719,2012-12-22,TMIN,22
USC00315830,2012-09-28,TMIN,172
USC00315830,2012-09-28,TMAX,283
USC00316096,2014-10-19,TMAX,183
USC00316096,2014-10-19,TMIN,61
USW00093765,2015-03-22,TMIN,94
USW00093765,2012-06-18,TMAX,278
USW00093765,2012-06-18,TMIN,161
USR0000NNWB,2007-06-21,TMIN,167
USC00310356,2005-02-28,TMIN,61
USC00317170,2014-05-06,TMAX,294
USC00310576,2015-09-20,TMIN,172
USC00310576,2015-09-20,TMAX,300
USC00317170,2013-06-13,TMAX,361
USC00317170,2013-06-13,TMIN,239
USC00310356,2014-07-07,TMIN,211
USW00093719,2015-11-04,TMAX,233
USW00093765,2015-10-12,TMAX,206
USW00093765,2015-10-12,TMIN,167
USC00310356,2015-06-23,TMAX,300
USW00093765,2015-04-15,TMAX,206
USW00093719,2007-04-27,TMIN,206
USW00093719,2007-04-27,TMAX,289
USW00013754,2005-07-24,TMIN,211
USW00093765,2015-04-15,TMIN,139
USC00310576,2015-03-26,TMIN,78
USC00310576,2009-04-26,TMAX,283
USC00314689,2012-11-07,TMAX,94
USW00013754,2007-08-01,TMIN,211
USC00317170,2009-12-08,TMAX,122
USC00315830,2015-04-16,TMIN,133
USC00310576,2009-04-26,TMIN,161
USC00317170,2009-12-08,TMIN,72
USW00093743,2011-09-15,TMIN,194
USC00315830,2015-04-16,TMAX,189
USW00093765,2015-03-22,TMAX,178
USC00314689,2012-12-16,TMIN,94
USW00093743,2009-09-27,TMAX,278
USC00314689,2005-08-24,TMIN,228
USC00314689,2005-08-24,TMAX,294
USR0000NCRN,2013-05-18,TMIN,172
USR0000NCRN,2013-05-18,TMAX,256
USW00093719,2014-11-30,TMIN,17
USW00013754,2008-02-25,TMAX,150
USC00314689,2015-03-10,TMAX,250
USC00314684,2005-01-22,TMAX,28
USW00093765,2012-06-19,TMIN,183
USW00093765,2012-06-19,TMAX,289
USC00310356,2011-09-15,TMIN,222
USW00093719,2014-11-30,TMAX,217
USW00093719,2014-06-19,TMAX,361
USC00315830,2005-06-08,TMAX,283
USW00013754,2008-02-25,TMIN,33
USW00093719,2014-06-19,TMIN,228
USR0000NHOF,2014-11-06,TMAX,256
USC00314684,2014-01-02,TMAX,106
USR0000NHOF,2014-11-06,TMIN,133
USW00013754,2009-11-18,TMAX,194
USC00310356,2011-09-15,TMAX,300
USC00317170,2008-06-24,TMIN,194
USW00093765,2008-11-30,TMIN,106
USC00317170,2008-06-24,TMAX,328
USW00013754,2009-11-18,TMIN,139
USC00314689,2012-12-16,TMAX,144
USW00013754,2007-08-01,TMAX,306
USW00093743,2009-09-27,TMIN,189
USC00310356,2014-07-07,TMAX,289
USW00093719,2005-07-07,TMAX,339
USC00315830,2015-12-06,TMAX,161
USC00315830,2015-12-06,TMIN,67
USW00093765,2013-03-12,TMAX,178
USW00093743,2014-11-06,TMAX,217
USW00093743,2014-11-06,TMIN,144
USR0000NCRN,2014-01-08,TMAX,50
USW00093765,2008-11-30,TMAX,189
USC00316676,2010-09-28,TMAX,233
USC00316676,2010-09-28,TMIN,206
USC00310356,2010-09-11,TMAX,300
USC00315830,2005-06-08,TMIN,222
USC00310356,2010-09-11,TMIN,206
USR0000NHOF,2007-03-14,TMIN,67
USW00093719,2005-07-07,TMIN,233
USC00316676,2011-04-14,TMIN,100
USC00316676,2011-04-14,TMAX,233
USR0000NHOF,2007-03-14,TMAX,261
USW00093765,2013-03-12,TMIN,128
USW00093765,2009-04-24,TMIN,106
USW00093765,2008-12-19,TMAX,172
USW00093743,2011-09-09,TMAX,283
USW00093719,2009-04-01,TMIN,117
USC00316096,2011-10-06,TMAX,244
USC00310576,2010-05-09,TMAX,328
USR0000NCRN,2008-12-08,TMIN,-56
USC00310356,2010-08-24,TMAX,300
USC00315830,2014-10-22,TMIN,106
USC00315830,2014-10-22,TMAX,244
USC00310356,2005-08-03,TMAX,328
USC00316676,2011-01-10,TMIN,-50
USC00310356,2005-08-03,TMIN,228
USC00316676,2014-06-02,TMAX,244
USC00315830,2014-06-20,TMIN,211
USC00315830,2014-06-20,TMAX,306
USC00316676,2011-01-10,TMAX,44
USC00310356,2010-08-24,TMIN,250
USC00315830,2013-09-11,TMAX,306
USC00315830,2013-09-11,TMIN,206
USR0000NCRN,2006-08-24,TMAX,306
USC00316676,2007-02-05,TMIN,-22
USC00316676,2007-02-05,TMAX,128
USC00310356,2013-01-15,TMAX,189
USW00093719,2009-10-04,TMAX,244
USR0000NNWB,2015-09-17,TMAX,267
USW00093719,2009-10-04,TMIN,156
USC00316676,2007-12-21,TMIN,-17
USR0000NNWB,2011-03-25,TMIN,61
USC00315830,2006-06-17,TMIN,150
USR0000NNWB,2011-03-25,TMAX,156
USW00093719,2015-01-01,TMAX,128
USR0000NCRN,2006-08-24,TMIN,189
USW00093719,2015-01-01,TMIN,-27
USC00315830,2006-06-17,TMAX,283
USW00013754,2007-04-08,TMAX,128
USW00013754,2007-04-08,TMIN,-5
USR0000NCRN,2007-06-06,TMAX,311
USC00315830,2010-06-13,TMIN,250
USC00315830,2010-06-13,TMAX,306
USR0000NHOF,2009-01-31,TMAX,83
USC00316096,2011-10-06,TMIN,94
USC00314144,2009-04-29,TMIN,67
USW00093719,2013-01-11,TMIN,67
USW00093765,2011-06-19,TMAX,322
USC00314144,2009-04-29,TMAX,278
USW00093719,2009-04-01,TMAX,183
USC00316676,2007-12-21,TMAX,156
USC00314684,2011-05-25,TMAX,350
USC00314684,2011-05-25,TMIN,194
USC00314684,2009-05-30,TMAX,322
USC00310356,2012-07-03,TMAX,311
USC00310356,2012-07-03,TMIN,244
USC00316096,2015-03-10,TMIN,78
USC00317170,2015-10-12,TMIN,150
USC00316096,2012-09-26,TMAX,267
USC00316096,2012-09-26,TMIN,128
USC00315830,2011-11-15,TMIN,161
USC00314144,2009-08-27,TMAX,317
USC00316096,2015-03-10,TMAX,228
USC00310576,2006-02-06,TMIN,-6
USC00310576,2015-11-23,TMAX,133
USC00315830,2010-02-14,TMIN,0
USC00314684,2005-10-06,TMIN,211
USC00310576,2006-02-06,TMAX,122
USC00315830,2010-02-14,TMAX,133
USW00013754,2008-10-21,TMIN,33
USC00314684,2010-09-02,TMIN,156
USR0000NHOF,2010-09-11,TMAX,261
USC00315830,2011-11-15,TMAX,228
USW00013754,2008-10-21,TMAX,217
USW00093765,2014-12-22,TMAX,122
USC00317170,2014-05-29,TMAX,311
USC00314689,2006-02-25,TMAX,167
USC00314144,2009-08-27,TMIN,189
USC00317170,2015-10-12,TMAX,206
USR0000NCRN,2006-07-23,TMAX,289
USC00314144,2005-07-15,TMAX,328
USW00093765,2015-07-26,TMAX,294
USC00317170,2014-05-29,TMIN,200
USC00314144,2005-10-02,TMIN,139
USC00314689,2006-02-25,TMIN,6
USC00314144,2005-10-02,TMAX,278
USW00093743,2011-07-22,TMAX,322
USC00314684,2007-02-04,TMAX,89
USC00316096,2015-06-21,TMAX,333
USW00013754,2012-01-21,TMAX,194
USW00093743,2011-07-22,TMIN,278
USR0000NNWB,2006-03-24,TMAX,72
USC00310576,2012-03-12,TMAX,172
USR0000NHOF,2009-01-31,TMIN,-72
USC00314684,2007-02-04,TMIN,-28
USC00314684,2005-10-06,TMAX,294
USR0000NCRN,2006-07-23,TMIN,222
USC00314144,2005-09-03,TMIN,178
USC00314144,2005-09-03,TMAX,328
USR0000NCRN,2010-04-01,TMIN,50
USC00315830,2012-09-14,TMAX,283
USR0000NCRN,2010-04-01,TMAX,256
USC00315830,2012-09-14,TMIN,211
USC00316096,2015-06-21,TMIN,272
USW00093765,2014-05-06,TMAX,294
USC00314144,2010-02-13,TMIN,-44
USR0000NNWB,2014-08-28,TMIN,178
USW00093719,2008-09-20,TMAX,233
USR0000NNWB,2010-07-06,TMAX,361
USW00013754,2012-09-15,TMIN,183
USR0000NNWB,2012-07-16,TMAX,339
USR0000NNWB,2012-07-16,TMIN,206
USC00315830,2010-09-19,TMIN,233
USW00013754,2012-09-15,TMAX,300
USC00310576,2012-07-21,TMAX,328
USC00314689,2013-06-13,TMAX,356
USW00093743,2011-09-09,TMIN,211
USW00093765,2009-08-18,TMAX,294
USW00093765,2009-08-18,TMIN,228
USC00314689,2013-06-13,TMIN,250
USW00093765,2015-07-26,TMIN,217
USC00310576,2012-07-21,TMIN,222
USC00310576,2010-05-09,TMIN,111
USC00310576,2015-12-03,TMIN,117
USC00316676,2012-03-27,TMAX,250
USC00316676,2012-03-27,TMIN,78
USW00013754,2008-02-09,TMIN,17
USC00317170,2015-04-15,TMAX,217
USW00093719,2008-09-20,TMIN,156
USC00317170,2015-04-15,TMIN,139
USR0000NNWB,2010-07-06,TMIN,194
USC00317170,2009-04-24,TMAX,294
USC00316676,2006-10-25,TMAX,133
USC00314144,2010-11-04,TMIN,100
USC00314689,2014-03-21,TMIN,17
USC00316676,2012-05-29,TMAX,300
USC00310356,2007-03-14,TMAX,211
USC00316676,2006-10-25,TMIN,17
USR0000NNWB,2012-03-28,TMIN,44
USR0000NNWB,2012-03-28,TMAX,256
USC00310356,2011-07-22,TMAX,311
USC00316676,2012-05-29,TMIN,194
USR0000NCRN,2009-07-07,TMAX,300
USC00310356,2011-07-22,TMIN,278
USR0000NHOF,2012-11-24,TMIN,-22
USR0000NCRN,2010-08-13,TMIN,233
USR0000NCRN,2010-08-13,TMAX,322
USC00314689,2014-03-21,TMAX,206
USR0000NHOF,2012-11-24,TMAX,117
USW00093765,2014-05-11,TMIN,189
USC00317170,2009-04-24,TMIN,100
USC00316096,2013-06-13,TMAX,311
USC00316096,2013-06-13,TMIN,189
USW00093719,2013-12-11,TMIN,-16
USW00013754,2008-02-09,TMAX,200
USC00310576,2015-12-03,TMAX,239
USR0000NNWB,2009-07-29,TMIN,233
USR0000NHOF,2005-08-24,TMIN,178
USC00314689,2005-11-11,TMIN,17
USC00310356,2005-06-10,TMAX,278
USC00314684,2014-03-19,TMIN,6
USC00310356,2005-06-10,TMIN,228
USR0000NCRN,2007-06-30,TMAX,317
USC00316096,2014-03-21,TMIN,33
USR0000NNWB,2010-10-27,TMAX,306
USC00310576,2009-08-02,TMAX,317
USC00316096,2014-03-21,TMAX,183
USR0000NCRN,2007-06-30,TMIN,228
USC00310356,2012-11-24,TMIN,83
USW00093719,2013-01-11,TMAX,217
USC00310356,2012-11-24,TMAX,156
USC00314144,2010-02-13,TMAX,17
USC00314684,2013-10-15,TMAX,211
USW00093765,2011-06-19,TMIN,256
USC00314684,2013-10-15,TMIN,144
USC00310356,2006-07-22,TMAX,306
USC00310356,2006-07-22,TMIN,172
USR0000NNWB,2006-03-24,TMIN,28
USR0000NHOF,2005-08-24,TMAX,272
USC00314684,2014-03-19,TMAX,50
USW00093765,2008-02-20,TMIN,44
USC00314684,2007-10-07,TMAX,294
USR0000NNWB,2009-07-29,TMAX,306
USC00317170,2014-07-09,TMAX,367
USW00093719,2015-01-31,TMAX,94
USC00315830,2010-09-19,TMAX,289
USC00310576,2006-02-21,TMIN,11
USC00315830,2011-04-18,TMAX,222
USW00093719,2015-01-31,TMIN,-27
USC00310576,2006-02-21,TMAX,150
USC00315830,2011-04-18,TMIN,89
USC00317170,2014-07-09,TMIN,239
USR0000NNWB,2014-08-28,TMAX,344
USW00093765,2008-02-20,TMAX,139
USC00316096,2012-12-16,TMIN,11
USW00093743,2012-11-24,TMIN,28
USC00316096,2012-12-16,TMAX,167
USC00314689,2007-02-25,TMIN,50
USC00314144,2009-11-08,TMIN,11
USC00314689,2007-02-25,TMAX,139
USW00093743,2012-11-24,TMAX,122
USC00314684,2007-10-07,TMIN,178
USC00310576,2009-08-02,TMIN,256
USR0000NNWB,2010-10-27,TMIN,244
USR0000NCRN,2007-06-06,TMIN,194
USC00316096,2011-03-30,TMAX,156
USC00310576,2009-11-28,TMIN,28
USW00013754,2007-04-27,TMAX,267
USC00310576,2011-08-25,TMIN,178
USR0000NCRN,2007-10-04,TMIN,217
USC00310356,2014-07-25,TMAX,250
USC00310576,2014-05-25,TMAX,261
USC00315830,2008-12-21,TMAX,183
USR0000NCRN,2007-10-04,TMAX,283
USW00013754,2007-11-20,TMAX,211
USC00310576,2013-03-14,TMIN,28
USR0000NCRN,2007-09-17,TMAX,261
USC00310576,2014-05-25,TMIN,106
USR0000NNWB,2007-09-16,TMAX,250
USC00315830,2011-10-23,TMAX,244
USC00315830,2011-10-23,TMIN,94
USR0000NNWB,2007-09-16,TMIN,144
USC00314684,2012-06-18,TMAX,261
USC00314684,2012-06-18,TMIN,122
USC00310356,2006-11-03,TMIN,56
USC00315830,2008-12-21,TMIN,111
USC00317170,2015-06-09,TMIN,217
USC00310576,2013-03-14,TMAX,161
USC00310356,2006-11-03,TMAX,206
USC00310576,2011-08-25,TMAX,294
USC00317170,2015-06-09,TMAX,300
USC00310356,2014-07-25,TMIN,200
USR0000NNWB,2014-03-21,TMIN,22
USW00093719,2006-01-21,TMAX,228
USW00093765,2009-04-01,TMAX,183
USC00314684,2015-10-12,TMAX,222
USC00314684,2012-02-03,TMAX,211
USC00314684,2011-08-20,TMAX,333
USW00093765,2009-04-01,TMIN,139
USW00093719,2006-01-21,TMIN,44
USC00315830,2007-06-10,TMIN,211
USW00093743,2013-06-14,TMAX,272
USW00093743,2013-06-14,TMIN,178
USC00317170,2011-08-10,TMAX,350
USR0000NNWB,2008-02-25,TMIN,17
USR0000NNWB,2008-02-25,TMAX,156
USW00013754,2007-11-27,TMAX,217
USC00314684,2011-08-20,TMIN,194
USW00013754,2007-11-27,TMIN,100
USC00310576,2005-07-15,TMAX,306
USR0000NHOF,2015-02-08,TMIN,78
USC00314684,2015-10-12,TMIN,128
USR0000NHOF,2015-02-08,TMAX,228
USR0000NNWB,2005-11-30,TMIN,94
USR0000NNWB,2014-03-21,TMAX,217
USC00310356,2013-06-14,TMIN,206
USC00314689,2009-12-08,TMAX,100
USC00314689,2009-12-08,TMIN,39
USR0000NHOF,2015-10-13,TMAX,267
USC00317170,2013-08-30,TMAX,306
USR0000NHOF,2010-10-17,TMIN,11
USC00314689,2015-01-01,TMIN,-33
USC00315830,2013-03-02,TMAX,150
USW00013754,2014-03-21,TMIN,44
USC00310576,2010-06-29,TMIN,239
USW00093719,2006-08-14,TMIN,172
USR0000NNWB,2013-01-24,TMAX,39
USC00310576,2011-06-06,TMAX,283
USC00315830,2009-08-15,TMAX,289
USR0000NHOF,2006-05-30,TMAX,300
USR0000NHOF,2006-05-30,TMIN,139
USW00013754,2014-03-21,TMAX,194
USC00310356,2015-02-08,TMIN,39
USC00310356,2015-02-08,TMAX,106
USC00310576,2010-02-01,TMIN,-22
USC00310576,2011-06-06,TMIN,167
USC00310576,2010-02-01,TMAX,50
USW00093765,2009-06-10,TMAX,289
USW00093765,2009-06-10,TMIN,194
USC00317170,2013-08-30,TMIN,183
USR0000NHOF,2015-10-13,TMIN,150
USW00093765,2012-02-07,TMAX,139
USW00093743,2011-03-02,TMIN,6
USR0000NNWB,2005-11-30,TMAX,217
USC00315830,2011-10-09,TMAX,256
USR0000NHOF,2010-10-17,TMAX,233
USW00093765,2012-02-07,TMIN,67
USC00315830,2011-10-09,TMIN,144
USC00310356,2010-12-03,TMIN,22
USC00314689,2006-10-26,TMIN,67
USC00310356,2006-05-30,TMAX,344
USC00310356,2006-05-30,TMIN,194
USW00093765,2015-10-06,TMAX,211
USR0000NCRN,2008-07-10,TMAX,317
USR0000NNWB,2013-01-24,TMIN,-44
USW00013754,2011-04-14,TMAX,228
USW00013754,2011-04-14,TMIN,122
USW00093765,2015-10-06,TMIN,139
USC00310576,2010-06-29,TMAX,344
USR0000NCRN,2014-10-22,TMIN,111
USW00093743,2011-03-02,TMAX,150
USC00315830,2008-05-14,TMAX,233
USC00314689,2006-10-26,TMAX,167
USC00315830,2008-05-14,TMIN,78
USR0000NCRN,2014-10-22,TMAX,183
USR0000NHOF,2006-11-17,TMIN,11
USC00310356,2013-06-14,TMAX,294
USR0000NHOF,2014-07-25,TMAX,300
USR0000NHOF,2013-05-15,TMAX,189
USW00093743,2008-07-04,TMIN,206
USW00013754,2011-10-03,TMIN,56
USR0000NHOF,2013-05-15,TMIN,117
USC00310356,2014-10-22,TMAX,228
USC00315830,2007-12-28,TMIN,50
USR0000NNWB,2014-05-06,TMAX,294
USC00310356,2007-08-28,TMIN,233
USR0000NNWB,2015-08-08,TMAX,278
USC00314684,2011-02-25,TMIN,-11
USC00315830,2013-12-03,TMAX,167
USC00315830,2013-12-03,TMIN,44
USW00013754,2013-12-25,TMIN,-10
USR0000NNWB,2015-08-08,TMIN,211
USR0000NNWB,2007-10-19,TMAX,306
USR0000NNWB,2008-11-02,TMIN,33
USC00314684,2012-12-22,TMAX,94
USC00314684,2014-02-05,TMAX,50
USC00315830,2007-12-28,TMAX,200
USW00013754,2011-10-03,TMAX,211
USR0000NNWB,2008-11-02,TMAX,244
USC00315830,2015-02-07,TMIN,-39
USC00316096,2011-07-12,TMIN,250
USC00314684,2014-02-05,TMIN,22
USW00093743,2008-07-04,TMAX,256
USW00093765,2007-06-04,TMAX,278
USW00093765,2007-06-04,TMIN,211
USC00314689,2008-05-22,TMIN,128
USC00316676,2008-11-15,TMAX,228
USC00310356,2014-12-18,TMIN,56
USW00093743,2014-10-22,TMIN,106
USC00314689,2008-05-22,TMAX,267
USC00310356,2014-12-18,TMAX,156
USC00314684,2009-09-27,TMIN,183
USC00315830,2015-02-07,TMAX,50
USC00310356,2013-05-15,TMAX,211
USC00310356,2013-05-15,TMIN,72
USW00093743,2014-10-22,TMAX,189
USC00314684,2009-09-27,TMAX,228
USW00093743,2013-05-15,TMAX,233
USW00093743,2013-05-15,TMIN,178
USC00310356,2014-10-22,TMIN,111
USC00316096,2011-07-12,TMAX,317
USR0000NHOF,2015-04-05,TMAX,211
USC00314684,2011-02-25,TMAX,183
USR0000NNWB,2014-05-06,TMIN,172
USR0000NHOF,2015-04-05,TMIN,0
USC00314689,2006-08-18,TMAX,322
USW00013754,2013-12-25,TMAX,72
USC00314684,2012-11-07,TMIN,44
USW00013754,2007-12-12,TMAX,256
USW00093765,2012-04-08,TMIN,133
USC00316676,2012-09-26,TMAX,250
USC00310576,2014-05-11,TMAX,289
USW00093743,2010-10-17,TMAX,228
USW00093743,2010-10-17,TMIN,61
USW00013754,2009-10-04,TMIN,156
USC00316676,2012-09-26,TMIN,94
USC00310576,2014-05-11,TMIN,183
USW00013754,2007-11-20,TMIN,89
USW00093719,2006-10-02,TMIN,106
USW00013754,2010-03-31,TMAX,228
USW00013754,2010-03-31,TMIN,78
USW00093719,2006-10-02,TMAX,256
USC00317170,2011-08-10,TMIN,239
USW00013754,2009-10-04,TMAX,239
USW00013754,2007-12-12,TMIN,133
USC00315830,2008-11-02,TMIN,78
USR0000NHOF,2006-11-17,TMAX,156
USR0000NHOF,2014-07-25,TMIN,200
USC00314684,2012-02-03,TMIN,28
USW00093765,2012-04-08,TMAX,211
USC00315830,2008-11-02,TMAX,222
USC00314689,2015-02-26,TMAX,39
USC00317170,2011-05-29,TMAX,317
USC00314684,2015-04-15,TMAX,289
USC00314684,2012-12-22,TMIN,11
USC00310356,2014-12-04,TMIN,106
USC00314689,2006-08-18,TMIN,156
USC00310576,2005-12-29,TMIN,67
USR0000NNWB,2007-10-19,TMIN,222
USC00314684,2012-11-07,TMAX,72
USC00317170,2011-05-29,TMIN,194
USW00093719,2006-11-02,TMAX,211
USW00093719,2006-11-02,TMIN,83
USC00315830,2013-03-02,TMIN,22
USC00314684,2015-04-15,TMIN,139
USC00315830,2012-08-21,TMIN,222
USC00314689,2007-08-18,TMAX,322
USC00314689,2015-02-26,TMIN,0
USC00314689,2006-05-31,TMIN,194
USC00316096,2011-04-04,TMIN,144
USC00314689,2006-05-31,TMAX,317
USC00314684,2010-03-18,TMAX,161
USC00310576,2005-07-15,TMIN,211
USC00310576,2005-12-29,TMAX,156
USC00314684,2010-03-18,TMIN,-6
USC00315830,2012-08-21,TMAX,278
USR0000NHOF,2008-07-04,TMAX,317
USR0000NHOF,2008-07-04,TMIN,172
USR0000NCRN,2013-06-17,TMIN,233
USC00314684,2014-06-19,TMAX,361
USC00310576,2014-01-08,TMAX,11
USW00013754,2011-02-18,TMIN,122
USC00310356,2015-10-13,TMIN,167
USC00310576,2006-06-17,TMIN,133
USC00310576,2006-06-17,TMAX,289
USW00093743,2011-01-16,TMAX,128
USW00093743,2013-10-17,TMIN,161
USW00093743,2013-10-17,TMAX,244
USC00314684,2014-06-19,TMIN,228
USC00316676,2015-06-21,TMAX,333
USC00315830,2009-06-29,TMAX,322
USC00316676,2015-06-21,TMIN,228
USW00013754,2009-09-14,TMAX,283
USC00310356,2015-10-13,TMAX,217
USR0000NCRN,2011-07-30,TMIN,244
USC00316676,2013-03-12,TMAX,217
USW00013754,2009-09-14,TMIN,156
USC00316676,2011-01-22,TMAX,94
USC00310576,2014-01-08,TMIN,-50
USC00315830,2009-06-29,TMIN,261
USR0000NNWB,2008-06-13,TMIN,189
USC00317170,2013-12-11,TMAX,100
USC00314684,2006-05-31,TMAX,300
USW00093743,2009-12-30,TMAX,89
USW00013754,2008-12-10,TMIN,172
USW00013754,2008-12-10,TMAX,200
USW00093765,2013-08-30,TMIN,206
USW00093765,2013-08-30,TMAX,283
USR0000NCRN,2013-02-02,TMAX,72
USR0000NCRN,2005-04-03,TMAX,194
USW00093719,2011-12-25,TMAX,167
USR0000NCRN,2005-04-03,TMIN,89
USW00093719,2011-12-25,TMIN,6
USW00093743,2011-09-19,TMAX,267
USC00314689,2007-08-18,TMIN,206
USC00316676,2015-12-27,TMIN,178
USR0000NCRN,2007-06-07,TMIN,189
USC00310576,2010-08-12,TMAX,367
USC00316676,2015-12-27,TMAX,256
USC00310576,2010-08-12,TMIN,261
USC00315830,2007-08-20,TMAX,306
USR0000NCRN,2011-07-30,TMAX,378
USC00314684,2006-05-31,TMIN,183
USR0000NCRN,2011-09-15,TMIN,172
USW00093743,2009-12-30,TMIN,-27
USR0000NCRN,2011-09-15,TMAX,300
USC00317170,2013-12-11,TMIN,-17
USC00315830,2009-08-29,TMIN,233
USC00316676,2011-01-22,TMIN,-11
USW00013754,2007-04-05,TMAX,189
USC00314689,2009-08-26,TMAX,322
USC00317170,2009-04-01,TMIN,117
USC00310576,2011-09-25,TMAX,228
USC00314689,2009-08-26,TMIN,200
USR0000NNWB,2010-03-31,TMIN,72
USR0000NHOF,2010-11-09,TMAX,200
USC00310576,2011-09-25,TMIN,211
USC00314689,2006-03-23,TMAX,117
USC00314689,2006-03-23,TMIN,0
USW00093765,2007-12-13,TMIN,122
USC00314689,2006-11-19,TMAX,133
USC00316096,2015-02-26,TMAX,56
USC00310576,2009-11-03,TMIN,133
USC00310576,2009-11-03,TMAX,150
USW00013754,2010-07-05,TMIN,161
USR0000NHOF,2010-11-09,TMIN,-6
USW00093765,2007-12-13,TMAX,206
USR0000NHOF,2014-12-04,TMAX,150
USC00314689,2009-05-14,TMAX,256
USC00316676,2015-12-06,TMIN,61
USR0000NCRN,2005-04-20,TMAX,233
USC00316096,2012-12-22,TMIN,-17
USC00316096,2012-12-22,TMAX,94
USC00310576,2015-08-18,TMIN,189
USC00315830,2009-08-29,TMAX,306
USR0000NCRN,2007-06-07,TMAX,289
USC00315830,2012-12-03,TMAX,211
USC00314689,2009-05-14,TMIN,133
USC00315830,2011-03-22,TMAX,278
USC00316676,2013-03-12,TMIN,72
USC00314689,2007-04-08,TMIN,-17
USR0000NCRN,2005-04-20,TMIN,144
USW00093765,2015-01-31,TMAX,78
USC00315830,2008-12-30,TMIN,44
USC00314689,2005-10-06,TMIN,222
USC00315830,2008-12-30,TMAX,206
USR0000NNWB,2010-03-31,TMAX,244
USW00093765,2015-01-31,TMIN,-21
USC00310356,2009-12-30,TMIN,0
USR0000NCRN,2007-09-03,TMIN,183
USC00315830,2007-08-20,TMIN,267
USR0000NCRN,2007-09-03,TMAX,311
USR0000NCRN,2006-01-22,TMIN,-117
USC00317170,2009-04-01,TMAX,194
USC00316096,2015-02-26,TMIN,6
USC00310356,2009-12-30,TMAX,111
USC00310576,2015-08-18,TMAX,317
USC00316676,2008-11-15,TMIN,172
USR0000NCRN,2013-02-02,TMIN,-67
USC00314684,2011-02-16,TMIN,-39
USW00093719,2008-11-15,TMAX,256
USC00315830,2012-09-15,TMAX,294
USW00093719,2008-11-15,TMIN,122
USW00093765,2015-01-06,TMIN,-5
USC00316676,2005-04-26,TMAX,200
USC00316676,2012-08-21,TMIN,211
USC00316676,2005-04-26,TMIN,100
USC00316676,2012-08-21,TMAX,267
USC00316676,2010-07-20,TMIN,239
USC00316676,2010-07-20,TMAX,333
USC00314684,2014-07-06,TMAX,278
USC00314684,2014-07-06,TMIN,144
USC00314684,2009-08-12,TMIN,211
USC00314689,2009-06-29,TMIN,233
USC00314689,2009-06-29,TMAX,333
USC00316096,2014-01-02,TMIN,72
USC00314684,2009-08-12,TMAX,356
USC00310576,2012-09-28,TMIN,122
USC00310576,2012-09-28,TMAX,283
USR0000NCRN,2008-07-10,TMIN,228
USW00093743,2011-01-16,TMIN,-27
USC00315830,2012-09-15,TMIN,194
USC00310356,2010-12-03,TMAX,94
USC00314689,2005-06-23,TMAX,339
USW00093719,2006-08-14,TMAX,300
USR0000NCRN,2013-06-17,TMAX,278
USC00316096,2014-02-04,TMAX,61
USC00315830,2009-08-15,TMIN,228
USC00316096,2014-01-02,TMAX,144
USC00314684,2006-02-25,TMIN,-11
USC00316096,2014-02-04,TMIN,33
USC00314689,2005-06-23,TMIN,189
USC00314684,2006-02-25,TMAX,161
USC00314684,2009-11-14,TMAX,117
USC00317170,2012-04-08,TMAX,233
USC00317170,2012-04-08,TMIN,61
USW00013754,2014-07-17,TMAX,289
USC00314684,2009-11-14,TMIN,94
USW00013754,2011-02-18,TMAX,239
USW00013754,2011-05-17,TMAX,256
USC00317170,2008-10-03,TMIN,89
USC00314689,2015-01-01,TMAX,111
USC00316676,2007-07-01,TMIN,217
USC00317170,2008-10-03,TMAX,239
USC00317170,2013-05-17,TMIN,122
USC00317170,2013-05-17,TMAX,311
USW00013754,2014-07-17,TMIN,206
USC00314144,2008-08-26,TMAX,289
USW00013754,2012-07-30,TMIN,217
USR0000NNWB,2015-08-27,TMIN,206
USC00314684,2011-02-16,TMAX,139
USC00310576,2007-03-16,TMAX,272
USR0000NNWB,2008-06-13,TMAX,344
USW00093765,2015-06-09,TMIN,222
USW00093765,2015-06-09,TMAX,283
USC00310576,2007-03-16,TMIN,167
USC00314689,2005-10-06,TMAX,261
USC00316676,2008-09-06,TMAX,272
USC00316676,2008-09-06,TMIN,211
USC00310576,2005-03-24,TMIN,61
USC00317170,2011-06-12,TMAX,344
USC00317170,2011-06-12,TMIN,217
USC00310576,2014-11-07,TMAX,244
USC00317170,2009-02-27,TMIN,50
USC00310576,2005-03-24,TMAX,189
USC00314689,2014-02-04,TMAX,228
USC00314689,2014-02-04,TMIN,28
USR0000NCRN,2011-09-23,TMAX,294
USW00093765,2013-05-17,TMIN,206
USC00317170,2009-02-27,TMAX,222
USW00093765,2013-05-17,TMAX,272
USW00013754,2009-03-07,TMAX,244
USR0000NCRN,2011-09-23,TMIN,222
USC00314144,2008-08-26,TMIN,206
USR0000NCRN,2015-12-27,TMIN,189
USR0000NNWB,2015-08-27,TMAX,261
USR0000NCRN,2007-09-17,TMIN,139
USC00314689,2014-05-25,TMIN,161
USC00314689,2014-05-25,TMAX,300
USC00317170,2009-06-07,TMAX,289
USW00013754,2012-07-30,TMAX,283
USC00317170,2009-06-07,TMIN,189
USW00093719,2007-06-21,TMAX,294
USW00093719,2007-06-21,TMIN,161
USW00013754,2011-05-17,TMIN,144
USW00093743,2011-09-19,TMIN,183
USW00013754,2014-05-06,TMIN,172
USC00315830,2009-05-03,TMIN,206
USC00315830,2009-05-03,TMAX,250
USC00316676,2006-06-15,TMAX,250
USC00316676,2006-06-15,TMIN,161
USW00093765,2015-01-06,TMAX,139
USR0000NHOF,2009-12-30,TMIN,-72
USW00013754,2009-03-07,TMIN,100
USR0000NCRN,2015-12-27,TMAX,250
USR0000NHOF,2009-12-30,TMAX,72
USC00310576,2014-11-07,TMIN,94
USW00013754,2014-05-06,TMAX,294
USC00310356,2015-02-01,TMAX,139
USC00310356,2015-02-01,TMIN,39
USW00093765,2012-01-23,TMAX,183
USW00013754,2008-09-20,TMAX,239
USR0000NHOF,2012-07-17,TMIN,211
USW00093719,2010-10-17,TMAX,239
USR0000NNWB,2009-11-05,TMIN,78
USC00315830,2012-04-10,TMIN,122
USR0000NHOF,2012-07-17,TMAX,333
USC00310576,2012-02-15,TMIN,33
USC00315830,2012-04-10,TMAX,217
USR0000NHOF,2013-02-02,TMIN,-89
USC00310576,2011-11-24,TMIN,72
USC00314144,2009-11-18,TMAX,189
USC00316676,2010-04-18,TMIN,94
USR0000NNWB,2006-07-28,TMAX,350
USR0000NHOF,2013-02-02,TMAX,83
USR0000NNWB,2007-07-28,TMIN,206
USC00316676,2010-04-18,TMAX,289
USC00310576,2011-11-24,TMAX,233
USR0000NNWB,2007-07-28,TMAX,300
USW00093765,2014-03-21,TMIN,72
USW00093765,2011-06-24,TMIN,267
USW00093765,2014-03-21,TMAX,178
USW00013754,2008-09-20,TMIN,172
USW00093743,2013-02-02,TMIN,-66
USC00317170,2007-05-17,TMIN,161
USW00093719,2010-10-17,TMIN,56
USW00093719,2008-01-01,TMAX,178
USC00310356,2015-09-10,TMAX,317
USR0000NCRN,2013-05-15,TMAX,233
USC00310576,2010-11-25,TMAX,189
USC00310576,2010-11-25,TMIN,33
USR0000NCRN,2013-05-15,TMIN,172
USC00314689,2013-08-30,TMIN,194
USC00314689,2013-08-30,TMAX,300
USW00013754,2015-08-08,TMAX,294
USC00316676,2015-11-03,TMIN,178
USW00093719,2015-08-30,TMIN,189
USR0000NCRN,2013-10-26,TMAX,172
USC00314689,2005-08-11,TMAX,328
USR0000NNWB,2007-10-07,TMAX,317
USR0000NNWB,2007-10-07,TMIN,200
USC00314689,2007-02-04,TMAX,106
USC00314689,2007-02-04,TMIN,-6
USR0000NHOF,2011-07-22,TMAX,367
USW00013754,2015-08-08,TMIN,222
USC00316676,2013-01-31,TMAX,239
USC00316676,2013-01-31,TMIN,117
USC00315830,2012-01-23,TMAX,194
USR0000NNWB,2006-07-28,TMIN,239
USR0000NNWB,2008-08-29,TMAX,328
USR0000NNWB,2008-08-29,TMIN,239
USC00314684,2007-06-27,TMAX,317
USC00316676,2015-11-03,TMAX,189
USC00316676,2006-04-19,TMAX,217
USW00093719,2007-07-04,TMIN,144
USW00093719,2007-07-04,TMAX,300
USC00314144,2005-11-18,TMIN,-22
USW00093743,2012-07-17,TMIN,250
USC00310356,2013-02-02,TMAX,111
USW00093743,2012-07-17,TMAX,311
USC00310356,2015-04-05,TMIN,94
USW00093743,2009-11-09,TMAX,244
USC00310576,2012-05-23,TMIN,172
USC00314684,2006-03-23,TMAX,117
USR0000NNWB,2009-11-05,TMAX,206
USW00093743,2010-02-13,TMAX,22
USW00093743,2010-02-13,TMIN,-5
USC00314684,2006-03-23,TMIN,-22
USC00310576,2012-05-23,TMAX,294
USC00314689,2005-09-01,TMAX,344
USC00314689,2005-09-01,TMIN,194
USW00093719,2014-05-06,TMIN,167
USW00093765,2008-06-10,TMAX,294
USC00310356,2013-02-02,TMIN,-17
USW00093765,2008-06-10,TMIN,256
USW00093743,2013-02-02,TMAX,67
USW00093765,2011-06-24,TMAX,311
USW00093719,2008-01-01,TMIN,17
USC00314684,2015-06-09,TMIN,172
USC00314684,2015-06-09,TMAX,317
USC00310356,2010-02-13,TMAX,50
USR0000NNWB,2007-07-10,TMIN,222
USR0000NNWB,2007-07-10,TMAX,300
USC00310356,2010-02-13,TMIN,-11
USC00310576,2012-02-15,TMAX,128
USC00314144,2010-04-01,TMIN,17
USC00314684,2012-12-16,TMAX,133
USR0000NNWB,2012-06-19,TMIN,183
USR0000NHOF,2011-09-19,TMIN,150
USR0000NNWB,2012-06-19,TMAX,333
USC00310356,2005-04-20,TMAX,178
USC00314144,2009-11-18,TMIN,133
USR0000NCRN,2013-10-26,TMIN,6
USC00310356,2015-04-05,TMAX,189
USR0000NHOF,2011-09-19,TMAX,250
USC00314144,2010-04-01,TMAX,294
USC00316676,2006-04-19,TMIN,67
USW00093743,2009-11-09,TMIN,94
USC00310356,2005-04-20,TMIN,144
USC00314144,2005-11-18,TMAX,100
USC00314684,2012-12-16,TMIN,11
USR0000NHOF,2008-08-21,TMIN,183
USW00093719,2006-03-18,TMAX,139
USW00013754,2008-06-13,TMAX,317
USC00316676,2010-07-23,TMAX,339
USC00315830,2007-12-27,TMIN,39
USC00314689,2009-10-03,TMIN,172
USC00314689,2006-02-05,TMAX,200
USC00315830,2008-04-02,TMAX,206
USC00315830,2008-04-02,TMIN,133
USC00314689,2006-02-05,TMIN,39
USC00310356,2006-01-22,TMIN,44
USC00316676,2010-07-23,TMIN,233
USW00013754,2012-04-08,TMAX,233
USW00013754,2012-04-08,TMIN,50
USC00316096,2014-02-05,TMIN,61
USC00316096,2014-02-05,TMAX,178
USC00317170,2014-03-21,TMIN,22
USW00093719,2006-03-18,TMIN,17
USR0000NHOF,2014-12-18,TMAX,139
USR0000NNWB,2010-07-05,TMIN,172
USC00315830,2011-06-08,TMIN,250
USR0000NNWB,2010-07-05,TMAX,339
USR0000NHOF,2014-12-18,TMIN,0
USW00013754,2008-06-13,TMIN,183
USR0000NNWB,2009-03-07,TMAX,267
USC00315830,2011-06-08,TMAX,294
USW00093765,2009-04-24,TMAX,239
USW00093719,2015-08-27,TMIN,206
USW00093765,2010-05-11,TMIN,144
USC00316676,2015-09-07,TMIN,228
USW00093719,2015-08-27,TMAX,267
USC00316676,2014-04-04,TMAX,294
USR0000NNWB,2006-11-02,TMAX,206
USC00315830,2007-12-27,TMAX,122
USC00316676,2014-04-04,TMIN,117
USR0000NNWB,2006-11-02,TMIN,67
USC00316676,2015-09-07,TMAX,272
USR0000NNWB,2007-04-08,TMAX,133
USC00315830,2011-10-02,TMIN,78
USC00316096,2011-08-25,TMAX,317
USR0000NNWB,2007-04-08,TMIN,-28
USC00315830,2011-10-02,TMAX,183
USC00314684,2005-08-24,TMIN,228
USR0000NCRN,2008-06-22,TMAX,300
USC00314684,2005-08-24,TMAX,283
USC00314689,2009-10-03,TMAX,278
USR0000NNWB,2009-03-07,TMIN,106
USR0000NCRN,2008-06-22,TMIN,189
USR0000NNWB,2005-01-15,TMIN,22
USR0000NNWB,2005-01-15,TMAX,78
USC00317170,2014-03-21,TMAX,211
USR0000NNWB,2012-04-08,TMAX,239
USR0000NNWB,2012-04-08,TMIN,61
USR0000NCRN,2006-05-30,TMAX,294
USC00316676,2012-08-02,TMAX,272
USC00314144,2008-05-15,TMAX,256
USR0000NCRN,2006-05-30,TMIN,178
USC00314689,2005-08-11,TMIN,228
USR0000NCRN,2012-11-24,TMAX,117
USR0000NHOF,2013-01-15,TMAX,172
USC00310356,2015-05-07,TMIN,189
USC00310576,2014-11-06,TMAX,228
USR0000NHOF,2013-01-15,TMIN,117
USC00310576,2014-11-06,TMIN,139
USC00310356,2015-05-07,TMAX,239
USC00316676,2012-08-02,TMIN,200
USC00310576,2005-10-21,TMIN,167
USC00310576,2005-10-21,TMAX,278
USR0000NHOF,2014-07-24,TMAX,339
USR0000NHOF,2014-07-24,TMIN,200
USC00314689,2005-05-29,TMIN,150
USR0000NHOF,2008-08-21,TMAX,289
USC00314144,2008-05-15,TMIN,156
USC00310576,2009-03-15,TMAX,122
USC00314144,2009-07-06,TMIN,217
USC00314144,2009-07-06,TMAX,261
USC00310356,2006-01-22,TMAX,161
USW00093765,2014-06-19,TMAX,300
USW00013754,2010-10-27,TMIN,233
USW00013754,2010-10-27,TMAX,278
USR0000NCRN,2010-06-13,TMAX,322
USR0000NCRN,2010-06-13,TMIN,244
USC00314684,2015-03-10,TMIN,78
USC00316676,2008-11-18,TMAX,144
USC00316676,2008-11-18,TMIN,17
USC00310576,2013-10-17,TMIN,150
USC00310356,2015-09-10,TMIN,239
USC00314684,2015-03-10,TMAX,189
USC00310576,2014-10-22,TMIN,111
USR0000NCRN,2005-07-30,TMIN,222
USC00310356,2015-01-10,TMIN,-89
USC00310576,2014-10-22,TMAX,261
USR0000NCRN,2005-07-30,TMAX,306
USC00310576,2009-03-15,TMIN,72
USC00310576,2013-10-17,TMAX,222
USC00310356,2014-07-24,TMAX,289
USC00310356,2014-07-24,TMIN,239
USR0000NCRN,2012-11-24,TMIN,17
USC00310356,2015-01-10,TMAX,78
USW00013754,2007-04-27,TMIN,211
USC00315830,2012-01-16,TMAX,117
USC00316096,2013-08-30,TMAX,300
USC00317170,2007-08-07,TMIN,261
USC00314144,2010-10-29,TMIN,22
USR0000NHOF,2015-02-01,TMIN,-28
USR0000NHOF,2015-02-01,TMAX,144
USC00317170,2011-12-13,TMIN,22
USC00317170,2011-12-13,TMAX,156
USC00314144,2010-04-10,TMIN,6
USW00093743,2007-06-19,TMIN,222
USC00314684,2015-03-01,TMAX,56
USW00093743,2007-06-19,TMAX,294
USC00317170,2010-05-11,TMAX,211
USC00317170,2007-08-07,TMAX,367
USC00317170,2010-05-11,TMIN,128
USW00093719,2014-03-21,TMIN,22
USW00093719,2014-03-21,TMAX,211
USR0000NCRN,2009-07-06,TMAX,283
USR0000NCRN,2009-07-06,TMIN,244
USC00310356,2014-12-04,TMAX,156
USW00093743,2013-06-17,TMIN,239
USW00013754,2011-02-02,TMAX,200
USW00093743,2013-06-17,TMAX,289
USW00013754,2011-02-02,TMIN,133
USW00013754,2005-01-15,TMIN,33
USW00093719,2012-07-16,TMIN,206
USR0000NHOF,2010-08-24,TMIN,206
USW00013754,2005-06-13,TMIN,217
USC00315830,2015-05-06,TMIN,133
USC00314684,2006-12-16,TMIN,17
USC00314684,2011-10-19,TMIN,150
USC00315830,2011-11-14,TMAX,222
USC00315830,2011-11-14,TMIN,133
USC00314684,2006-11-26,TMIN,28
USC00314684,2006-12-16,TMAX,206
USC00316676,2012-11-01,TMIN,39
USC00316096,2009-12-08,TMAX,178
USC00314684,2006-11-26,TMAX,183
USC00316676,2012-11-01,TMAX,161
USW00093719,2005-11-08,TMAX,256
USC00316096,2009-12-08,TMIN,83
USR0000NCRN,2013-06-14,TMAX,256
USR0000NCRN,2013-06-14,TMIN,139
USW00093719,2005-11-08,TMIN,78
USC00310576,2011-12-28,TMAX,189
USR0000NHOF,2010-08-24,TMAX,267
USW00013754,2005-03-13,TMAX,222
USW00093719,2012-07-16,TMAX,333
USW00013754,2005-03-13,TMIN,50
USW00013754,2005-01-15,TMAX,78
USC00310356,2013-06-17,TMIN,244
USC00314684,2015-03-01,TMIN,-28
USC00314684,2013-05-17,TMAX,328
USC00316096,2011-04-04,TMAX,228
USR0000NCRN,2005-12-03,TMAX,150
USR0000NCRN,2005-12-03,TMIN,-17
USC00310356,2007-06-19,TMIN,233
USC00310356,2007-06-19,TMAX,278
USC00314684,2006-10-05,TMAX,294
USC00316676,2005-07-07,TMAX,333
USC00315830,2007-02-12,TMAX,150
USC00315830,2007-02-12,TMIN,-28
USC00310356,2010-10-17,TMAX,217
USC00310356,2010-10-17,TMIN,106
USR0000NHOF,2014-10-22,TMIN,89
USR0000NNWB,2008-03-24,TMIN,33
USR0000NNWB,2008-03-24,TMAX,144
USR0000NHOF,2014-10-22,TMAX,189
USW00093743,2010-11-09,TMAX,200
USW00093743,2010-11-09,TMIN,33
USW00093765,2012-01-23,TMIN,72
USC00314684,2006-10-05,TMIN,122
USC00310356,2007-08-28,TMAX,283
USC00314684,2013-05-17,TMIN,183
USC00310356,2009-11-09,TMAX,228
USC00315830,2007-08-19,TMIN,222
USC00315830,2007-08-19,TMAX,300
USC00310356,2013-06-17,TMAX,278
USC00314144,2010-04-10,TMAX,206
USC00310576,2011-12-28,TMIN,72
USW00093765,2013-12-11,TMAX,106
USR0000NHOF,2006-11-03,TMIN,-44
USR0000NHOF,2006-11-03,TMAX,106
USC00315830,2012-03-02,TMAX,194
USC00316676,2005-07-07,TMIN,222
USC00310576,2012-05-22,TMAX,261
USC00310356,2008-07-04,TMAX,294
USC00310576,2014-08-27,TMIN,183
USC00310356,2008-07-04,TMIN,250
USC00316676,2007-11-10,TMAX,144
USW00093765,2013-12-11,TMIN,6
USC00317170,2014-12-22,TMAX,106
USW00013754,2005-06-23,TMAX,300
USC00316676,2007-11-10,TMIN,33
USC00310356,2009-11-09,TMIN,72
USW00013754,2005-06-23,TMIN,206
USC00317170,2014-12-22,TMIN,50
USR0000NCRN,2014-07-07,TMIN,189
USR0000NCRN,2014-07-07,TMAX,294
USC00310576,2012-05-22,TMIN,156
USC00316096,2013-08-30,TMIN,194
USC00314144,2005-10-07,TMAX,278
USW00093765,2011-02-24,TMIN,17
USC00316676,2005-01-03,TMAX,206
USW00093719,2012-04-08,TMIN,72
USW00093719,2009-05-14,TMAX,250
USC00316676,2013-11-09,TMAX,150
USC00316676,2013-11-09,TMIN,17
USW00013754,2005-06-13,TMAX,300
USW00093719,2009-05-14,TMIN,133
USW00013754,2013-11-10,TMAX,211
USR0000NHOF,2015-01-10,TMIN,-67
USR0000NNWB,2005-03-31,TMIN,111
USC00310356,2006-11-17,TMAX,206
USR0000NCRN,2006-04-12,TMAX,233
USR0000NCRN,2006-04-12,TMIN,78
USC00315830,2011-04-28,TMAX,261
USR0000NCRN,2012-01-01,TMAX,189
USC00310356,2006-11-17,TMIN,89
USC00317170,2010-07-11,TMAX,328
USC00317170,2010-07-11,TMIN,211
USR0000NNWB,2009-10-04,TMIN,150
USC00310576,2010-07-09,TMIN,206
USW00013754,2006-12-16,TMAX,167
USC00316676,2005-01-03,TMIN,56
USW00093719,2015-10-24,TMIN,111
USC00310576,2010-07-09,TMAX,322
USW00093765,2010-10-04,TMAX,194
USC00315830,2012-01-23,TMIN,67
USW00093719,2014-05-06,TMAX,300
USC00316676,2010-12-09,TMAX,50
USW00093719,2015-08-30,TMAX,300
USC00316676,2010-12-09,TMIN,-67
USC00316096,2009-08-26,TMAX,306
USC00314684,2007-06-27,TMIN,211
USC00316096,2009-08-26,TMIN,206
USR0000NHOF,2010-02-13,TMAX,17
USR0000NHOF,2010-02-13,TMIN,-44
USC00315830,2011-04-28,TMIN,217
USC00315830,2012-01-16,TMIN,-22
USC00316676,2014-08-18,TMIN,222
USC00310356,2012-07-17,TMIN,261
USW00013754,2013-11-10,TMIN,78
USC00310356,2012-07-17,TMAX,306
USC00316676,2014-08-18,TMAX,311
USW00093765,2010-10-04,TMIN,111
USC00314684,2010-05-01,TMAX,283
USC00314684,2010-05-01,TMIN,122
USR0000NHOF,2015-01-10,TMAX,78
USW00093719,2012-04-08,TMAX,233
USW00093719,2015-10-24,TMAX,222
USR0000NNWB,2009-10-04,TMAX,244
USW00093765,2009-10-22,TMIN,89
USW00013754,2012-06-19,TMIN,178
USR0000NCRN,2010-11-23,TMIN,106
USC00315830,2015-05-06,TMAX,250
USW00013754,2012-06-19,TMAX,306
USC00314684,2013-08-30,TMIN,189
USC00315830,2008-07-04,TMIN,200
USC00316676,2014-10-19,TMAX,261
USC00314684,2013-08-30,TMAX,300
USC00315830,2008-07-04,TMAX,294
USR0000NHOF,2008-12-11,TMAX,217
USC00316676,2014-10-19,TMIN,111
USR0000NHOF,2008-12-11,TMIN,144
USC00310576,2014-08-27,TMAX,289
USC00314684,2010-03-13,TMAX,178
USC00314684,2014-02-04,TMAX,233
USC00314684,2011-10-19,TMAX,283
USC00316096,2013-05-17,TMIN,194
USC00314144,2005-10-07,TMIN,217
USC00314684,2010-03-13,TMIN,106
USC00317170,2008-11-07,TMAX,250
USC00316096,2013-05-17,TMAX,294
USW00093765,2011-02-24,TMAX,161
USC00310576,2009-01-31,TMAX,122
USC00317170,2008-11-07,TMIN,117
USC00310356,2010-11-09,TMIN,67
USW00093765,2009-10-22,TMAX,244
USR0000NCRN,2005-06-08,TMAX,294
USR0000NCRN,2010-11-23,TMAX,228
USR0000NCRN,2005-06-08,TMIN,217
USC00310576,2008-12-11,TMIN,189
USC00310576,2008-12-11,TMAX,206
USC00310356,2010-11-09,TMAX,172
USR0000NNWB,2005-03-31,TMAX,278
USR0000NHOF,2011-07-22,TMIN,256
USC00317170,2014-06-19,TMAX,361
USC00314684,2014-02-04,TMIN,28
USC00317170,2014-06-19,TMIN,222
USW00093719,2010-04-21,TMAX,172
USC00314689,2013-05-17,TMIN,200
USW00093765,2012-06-24,TMAX,306
USW00013754,2006-12-16,TMIN,39
USW00093765,2012-06-24,TMIN,222
USC00315830,2012-03-02,TMIN,122
USC00314689,2013-05-17,TMAX,317
USR0000NHOF,2007-06-19,TMAX,333
USW00093719,2010-04-21,TMIN,100
USC00310576,2009-01-31,TMIN,-6
USR0000NHOF,2007-06-19,TMIN,194
USR0000NNWB,2012-12-23,TMAX,128
USR0000NHOF,2014-03-21,TMAX,222
USR0000NNWB,2011-06-19,TMIN,217
USC00314144,2006-02-21,TMIN,39
USR0000NHOF,2009-03-27,TMAX,217
USW00093765,2008-04-17,TMAX,228
USC00317170,2011-02-18,TMIN,128
USW00013754,2013-08-29,TMAX,317
USW00093765,2008-04-17,TMIN,67
USC00314144,2006-02-21,TMAX,150
USR0000NNWB,2012-05-22,TMIN,189
USW00013754,2013-08-29,TMIN,228
USR0000NHOF,2009-03-15,TMIN,78
USR0000NHOF,2009-03-27,TMIN,133
USC00310576,2012-12-23,TMAX,106
USC00317170,2011-11-14,TMAX,250
USR0000NHOF,2009-03-15,TMAX,128
USR0000NNWB,2010-10-04,TMAX,183
USW00093743,2009-02-24,TMAX,78
USC00310356,2010-07-24,TMAX,306
USC00310356,2010-07-24,TMIN,272
USR0000NHOF,2009-08-02,TMIN,228
USR0000NHOF,2009-08-02,TMAX,294
USC00316676,2010-03-13,TMAX,178
USC00315830,2005-09-02,TMIN,217
USC00315830,2008-05-22,TMAX,256
USC00315830,2005-09-02,TMAX,311
USC00314684,2015-10-31,TMAX,211
USC00314689,2005-01-03,TMAX,211
USC00314689,2013-02-01,TMIN,28
USW00013754,2013-02-01,TMAX,111
USC00310576,2014-12-04,TMAX,217
USC00314689,2013-02-01,TMAX,117
USW00013754,2013-02-01,TMIN,-16
USR0000NNWB,2015-07-21,TMIN,233
USC00315830,2008-03-24,TMAX,133
USC00314689,2009-07-06,TMIN,228
USC00314689,2009-07-06,TMAX,306
USC00315830,2008-03-24,TMIN,67
USR0000NNWB,2015-07-21,TMAX,361
USR0000NHOF,2007-11-22,TMAX,239
USC00310576,2005-07-22,TMAX,328
USR0000NHOF,2007-06-30,TMAX,294
USC00314684,2012-09-14,TMAX,283
USC00317170,2011-02-18,TMAX,261
USC00314684,2012-09-14,TMIN,133
USR0000NNWB,2012-05-22,TMAX,317
USW00093765,2005-09-02,TMIN,211
USW00093765,2005-09-02,TMAX,306
USC00310576,2012-12-23,TMIN,-6
USC00314689,2005-01-03,TMIN,67
USC00315830,2008-05-22,TMIN,139
USC00310576,2014-12-04,TMIN,100
USC00310356,2010-08-18,TMAX,317
USC00317170,2014-07-24,TMIN,211
USW00093719,2013-03-02,TMAX,117
USC00310576,2009-03-27,TMIN,117
USC00310576,2009-03-27,TMAX,194
USW00093719,2013-03-02,TMIN,0
USW00093765,2009-01-17,TMIN,-88
USW00093719,2007-05-02,TMAX,317
USW00093719,2007-05-02,TMIN,178
USR0000NCRN,2007-10-31,TMIN,111
USC00310356,2010-08-18,TMIN,278
USR0000NHOF,2011-07-30,TMIN,233
USR0000NNWB,2012-02-07,TMAX,144
USW00093765,2009-01-17,TMAX,22
USR0000NCRN,2007-10-31,TMAX,244
USC00310576,2010-06-02,TMAX,283
USC00310576,2010-06-02,TMIN,217
USW00093765,2011-01-09,TMAX,33
USW00093719,2009-07-06,TMAX,267
USC00310356,2009-04-18,TMAX,211
USC00310356,2011-08-12,TMIN,272
USC00317170,2014-07-24,TMAX,328
USR0000NNWB,2010-10-04,TMIN,106
USC00316676,2008-10-25,TMAX,200
USR0000NCRN,2012-12-23,TMAX,117
USC00317170,2011-11-14,TMIN,83
USC00316676,2010-03-13,TMIN,128
USC00314684,2015-10-31,TMIN,56
USW00013754,2014-08-18,TMAX,322
USC00314144,2008-11-19,TMAX,61
USC00317170,2013-06-15,TMAX,311
USW00013754,2014-08-18,TMIN,222
USC00314684,2013-03-02,TMIN,-17
USR0000NHOF,2008-11-26,TMAX,111
USC00316096,2010-02-13,TMAX,6
USC00316096,2010-02-13,TMIN,-17
USC00314144,2008-11-19,TMIN,-44
USR0000NHOF,2008-11-26,TMIN,-67
USC00317170,2013-06-15,TMIN,133
USC00314684,2013-03-02,TMAX,111
USC00310356,2009-04-18,TMIN,78
USR0000NCRN,2007-02-05,TMIN,33
USW00093719,2006-06-16,TMAX,289
USR0000NNWB,2012-02-07,TMIN,39
USC00316676,2008-10-25,TMIN,128
USW00093719,2006-06-16,TMIN,161
USR0000NCRN,2012-12-23,TMIN,-33
USW00093719,2012-09-27,TMIN,144
USW00093719,2012-09-27,TMAX,289
USR0000NHOF,2007-06-30,TMIN,217
USC00316676,2005-07-03,TMIN,211
USC00316676,2005-07-03,TMAX,317
USC00316676,2010-07-11,TMIN,211
USC00316676,2010-07-11,TMAX,322
USC00314689,2011-02-16,TMAX,211
USW00013754,2015-11-04,TMAX,239
USW00093743,2009-04-18,TMIN,56
USW00013754,2015-11-04,TMIN,172
USW00093719,2009-10-25,TMIN,122
USW00093719,2007-09-16,TMIN,150
USC00314684,2014-03-20,TMIN,39
USW00093743,2009-04-18,TMAX,211
USR0000NCRN,2009-01-16,TMAX,-11
USR0000NCRN,2009-01-16,TMIN,-56
USW00093719,2007-09-16,TMAX,244
USW00093743,2011-08-12,TMAX,322
USC00314684,2014-03-20,TMAX,100
USC00316096,2012-11-23,TMIN,39
USW00013754,2009-02-17,TMIN,-21
USR0000NNWB,2007-02-12,TMAX,178
USC00314144,2009-12-24,TMAX,111
USW00013754,2007-01-10,TMIN,-16
USR0000NNWB,2007-02-12,TMIN,-33
USW00013754,2007-01-10,TMAX,78
USW00093719,2005-01-26,TMIN,-22
USW00093743,2009-03-27,TMAX,211
USW00093743,2009-03-27,TMIN,133
USC00316676,2015-05-06,TMIN,111
USC00316096,2012-05-22,TMAX,267
USC00316676,2015-05-06,TMAX,267
USW00013754,2015-12-27,TMIN,183
USW00013754,2015-12-27,TMAX,256
USW00093765,2015-03-15,TMAX,211
USW00093719,2005-01-26,TMAX,161
USR0000NHOF,2009-10-04,TMAX,233
USC00316676,2010-03-18,TMAX,178
USR0000NHOF,2009-10-04,TMIN,111
USW00093743,2011-08-12,TMIN,261
USW00093743,2008-01-07,TMIN,78
USR0000NHOF,2010-11-13,TMIN,-22
USC00310356,2012-03-06,TMIN,28
USW00093765,2009-02-10,TMAX,200
USC00310356,2012-03-06,TMAX,161
USC00314689,2011-02-16,TMIN,-28
USW00093765,2009-02-10,TMIN,50
USC00314689,2011-12-25,TMIN,11
USW00093719,2009-10-25,TMAX,222
USC00316676,2009-04-01,TMAX,211
USW00013754,2007-07-25,TMAX,289
USW00013754,2007-07-25,TMIN,178
USC00317170,2008-07-19,TMIN,117
USC00310576,2011-09-09,TMAX,311
USC00316096,2013-01-11,TMIN,78
USW00093765,2013-06-15,TMAX,278
USW00093719,2014-04-05,TMAX,272
USW00093719,2014-04-05,TMIN,128
USC00314684,2015-06-08,TMAX,278
USC00314684,2015-06-08,TMIN,133
USW00093765,2013-06-15,TMIN,144
USC00317170,2008-07-19,TMAX,311
USW00013754,2009-02-17,TMAX,83
USC00310356,2010-05-09,TMAX,256
USC00316096,2011-01-02,TMIN,94
USC00314684,2008-05-14,TMIN,67
USC00314684,2008-05-14,TMAX,217
USR0000NNWB,2008-05-22,TMIN,122
USR0000NNWB,2008-05-22,TMAX,272
USC00315830,2009-11-28,TMIN,17
USC00317170,2012-08-21,TMAX,261
USC00317170,2012-08-21,TMIN,211
USC00315830,2009-11-28,TMAX,144
USC00310356,2010-05-09,TMIN,150
USC00315830,2015-08-27,TMAX,300
USC00314684,2008-11-30,TMAX,89
USC00314684,2008-11-30,TMIN,67
USC00314684,2012-03-14,TMIN,128
USC00316676,2009-04-01,TMIN,56
USC00314689,2011-12-25,TMAX,139
USC00314684,2012-03-14,TMAX,239
USR0000NHOF,2011-07-30,TMAX,378
USC00314144,2009-12-24,TMIN,-28
USC00316096,2013-01-11,TMAX,222
USR0000NCRN,2012-03-28,TMAX,211
USR0000NCRN,2012-03-28,TMIN,28
USC00316096,2012-11-23,TMAX,183
USW00093719,2009-07-06,TMIN,228
USR0000NNWB,2013-03-13,TMAX,156
USR0000NCRN,2009-03-15,TMAX,144
USC00316676,2013-12-11,TMAX,233
USR0000NCRN,2009-03-15,TMIN,83
USC00316676,2013-12-11,TMIN,0
USC00310576,2011-09-09,TMIN,172
USR0000NCRN,2008-08-17,TMIN,211
USR0000NCRN,2008-08-17,TMAX,300
USW00093765,2008-08-11,TMAX,283
USC00315830,2015-08-27,TMIN,222
USW00093765,2008-08-11,TMIN,194
USR0000NNWB,2013-03-13,TMIN,61
USC00316676,2008-10-16,TMIN,122
USR0000NNWB,2013-02-01,TMAX,106
USR0000NNWB,2013-02-01,TMIN,-39
USC00314689,2015-08-16,TMIN,183
USC00314689,2015-08-16,TMAX,317
USC00314144,2009-12-09,TMAX,222
USC00316676,2007-04-15,TMAX,211
USC00316676,2007-04-15,TMIN,122
USC00310576,2008-08-21,TMAX,306
USW00013754,2012-04-09,TMAX,222
USW00013754,2012-04-09,TMIN,133
USC00310356,2005-07-15,TMIN,228
USC00310356,2005-07-15,TMAX,278
USW00093765,2014-03-20,TMIN,89
USC00310576,2008-08-21,TMIN,189
USC00316676,2013-05-15,TMAX,211
USC00316676,2013-05-15,TMIN,94
USW00093765,2014-03-20,TMAX,183
USC00314144,2008-07-30,TMIN,228
USC00314144,2008-07-30,TMAX,322
USW00093765,2010-12-07,TMIN,-38
USW00093743,2007-06-30,TMIN,233
USC00314684,2008-01-18,TMIN,17
USR0000NHOF,2010-11-30,TMAX,228
USC00316096,2009-07-06,TMAX,272
USW00093765,2010-12-07,TMAX,22
USW00093719,2006-07-22,TMAX,317
USW00093719,2006-07-22,TMIN,239
USW00093743,2010-08-18,TMIN,233
USR0000NCRN,2014-08-28,TMIN,172
USC00314684,2012-05-22,TMAX,283
USC00316676,2006-05-30,TMAX,294
USR0000NCRN,2014-08-28,TMAX,311
USC00314144,2010-09-17,TMIN,200
USC00314144,2010-09-17,TMAX,311
USR0000NNWB,2011-05-17,TMAX,261
USC00314684,2007-05-23,TMIN,128
USC00316096,2014-01-08,TMIN,-94
USC00316096,2014-01-08,TMAX,56
USW00093743,2009-11-30,TMIN,111
USR0000NHOF,2010-11-30,TMIN,67
USC00314684,2007-05-23,TMAX,267
USC00314684,2013-06-15,TMAX,261
USR0000NNWB,2011-05-17,TMIN,150
USW00093743,2009-03-15,TMIN,89
USC00316096,2013-02-01,TMIN,-50
USC00316096,2013-02-01,TMAX,111
USW00093743,2009-03-15,TMAX,144
USC00316096,2009-07-06,TMIN,217
USC00314684,2013-06-15,TMIN,128
USC00314689,2011-01-07,TMIN,-22
USW00093743,2009-08-02,TMIN,233
USC00310576,2010-10-13,TMAX,306
USW00093719,2007-12-13,TMAX,250
USC00314689,2012-08-21,TMAX,283
USC00316676,2009-06-03,TMAX,322
USR0000NHOF,2015-05-01,TMIN,72
USR0000NHOF,2015-05-01,TMAX,194
USW00093719,2007-12-13,TMIN,117
USC00315830,2012-01-09,TMAX,161
USW00093743,2007-06-30,TMAX,300
USR0000NNWB,2007-12-19,TMAX,122
USW00093765,2014-10-20,TMAX,217
USW00093765,2014-10-20,TMIN,67
USC00314144,2011-02-14,TMAX,211
USR0000NNWB,2012-04-09,TMAX,239
USR0000NNWB,2007-12-19,TMIN,-22
USR0000NNWB,2012-04-09,TMIN,106
USC00316676,2014-08-27,TMAX,283
USC00315830,2012-01-09,TMIN,67
USC00310576,2006-08-14,TMIN,156
USW00093719,2005-07-24,TMIN,211
USC00314684,2015-01-18,TMAX,139
USC00310576,2006-08-14,TMAX,289
USR0000NCRN,2015-05-01,TMIN,94
USR0000NCRN,2015-05-01,TMAX,189
USC00314689,2012-08-21,TMIN,211
USW00093765,2014-01-08,TMIN,-60
USC00310576,2010-10-13,TMIN,172
USC00314689,2011-01-07,TMAX,67
USW00093743,2012-02-15,TMIN,33
USW00093743,2012-02-15,TMAX,183
USC00314684,2008-01-18,TMAX,106
USC00310356,2006-09-06,TMAX,306
USC00310356,2006-09-06,TMIN,206
USC00314689,2012-07-16,TMAX,322
USW00013754,2008-05-22,TMIN,122
USW00093765,2009-01-21,TMIN,-66
USW00093743,2010-08-18,TMAX,311
USW00013754,2008-05-22,TMAX,267
USW00093765,2014-04-05,TMAX,228
USW00093765,2014-04-05,TMIN,139
USC00314689,2012-07-16,TMIN,233
USW00093765,2012-09-27,TMAX,272
USR0000NCRN,2012-06-19,TMIN,161
USW00093765,2012-09-27,TMIN,167
USR0000NCRN,2012-06-19,TMAX,289
USW00093765,2009-01-21,TMAX,17
USW00093743,2009-08-02,TMAX,300
USW00093765,2014-01-08,TMAX,56
USC00314684,2015-01-18,TMIN,-6
USC00316096,2012-05-22,TMIN,156
USC00316676,2006-05-30,TMIN,172
USC00310576,2014-02-05,TMAX,78
USW00093719,2015-09-04,TMAX,333
USW00093719,2012-01-21,TMAX,206
USR0000NNWB,2007-01-10,TMAX,78
USR0000NNWB,2007-01-10,TMIN,-22
USW00093719,2012-01-21,TMIN,72
USW00093765,2008-03-11,TMIN,67
USR0000NHOF,2014-06-14,TMAX,322
USW00093765,2008-03-11,TMAX,189
USR0000NCRN,2008-09-07,TMIN,244
USW00093765,2011-04-18,TMIN,117
USC00314689,2005-11-08,TMIN,83
USC00316676,2012-09-14,TMIN,167
USW00093743,2009-02-24,TMIN,-38
USW00013754,2015-07-21,TMIN,233
USC00316676,2012-09-14,TMAX,278
USW00013754,2015-07-21,TMAX,356
USC00315830,2013-05-16,TMIN,194
USC00315830,2013-05-16,TMAX,261
USR0000NCRN,2008-09-07,TMAX,322
USW00093719,2008-12-19,TMAX,228
USC00316676,2006-02-05,TMIN,39
USC00317170,2009-06-10,TMIN,183
USW00093719,2008-12-19,TMIN,111
USC00310356,2011-08-12,TMAX,328
USC00310356,2009-01-27,TMIN,39
USC00314689,2009-05-09,TMAX,317
USC00316096,2015-10-31,TMIN,83
USW00093765,2014-08-18,TMIN,217
USC00314689,2009-05-09,TMIN,217
USR0000NHOF,2005-11-17,TMIN,-17
USC00315830,2007-11-18,TMIN,78
USC00315830,2007-11-18,TMAX,183
USC00316096,2015-10-31,TMAX,200
USC00310576,2013-06-16,TMIN,139
USW00093765,2011-04-18,TMAX,228
USC00310576,2013-06-16,TMAX,294
USW00093743,2010-07-24,TMAX,306
USC00316676,2006-02-05,TMAX,206
USW00093743,2010-07-24,TMIN,267
USC00314689,2010-02-13,TMAX,44
USC00314689,2010-02-13,TMIN,-11
USW00093765,2014-08-18,TMAX,306
USR0000NHOF,2012-02-15,TMIN,28
USR0000NHOF,2012-02-15,TMAX,178
USC00316676,2008-10-16,TMAX,289
USC00310356,2009-01-27,TMAX,83
USC00317170,2009-06-10,TMAX,300
USR0000NHOF,2005-11-17,TMAX,183
USC00314689,2005-11-08,TMAX,239
USW00093719,2013-03-13,TMAX,161
USC00314684,2008-08-29,TMAX,289
USC00310356,2006-08-14,TMIN,178
USW00013754,2010-11-16,TMIN,139
USC00310576,2013-11-10,TMIN,28
USW00093719,2010-01-31,TMIN,-61
USC00310576,2013-10-16,TMAX,211
USW00093765,2014-01-28,TMAX,44
USW00093765,2014-01-28,TMIN,-43
USW00093719,2010-01-31,TMAX,11
USC00314689,2005-02-18,TMIN,-17
USC00310576,2013-10-16,TMIN,172
USC00315830,2008-01-15,TMAX,117
USC00314684,2015-12-06,TMAX,150
USC00315830,2008-01-15,TMIN,-17
USC00314689,2005-02-18,TMAX,122
USR0000NHOF,2010-07-24,TMAX,339
USW00093765,2012-11-23,TMAX,156
USR0000NHOF,2010-07-24,TMIN,256
USC00314684,2015-12-06,TMIN,22
USW00093765,2012-11-23,TMIN,61
USC00314684,2012-05-22,TMIN,178
USW00093719,2008-05-14,TMIN,67
USW00093719,2008-05-14,TMAX,250
USC00314684,2008-08-29,TMIN,222
USR0000NHOF,2010-11-13,TMAX,189
USR0000NHOF,2014-06-14,TMIN,200
USC00314684,2009-05-14,TMIN,128
USW00093719,2013-03-13,TMIN,78
USC00310576,2005-07-22,TMIN,244
USC00314689,2012-06-24,TMAX,328
USC00314689,2012-06-24,TMIN,194
USC00316096,2011-12-25,TMIN,6
USC00316096,2011-12-25,TMAX,167
USC00314684,2009-05-14,TMAX,233
USW00093765,2011-10-23,TMAX,217
USC00310576,2014-02-05,TMIN,50
USW00093765,2011-10-23,TMIN,139
USC00316676,2010-05-11,TMIN,89
USC00316676,2010-05-11,TMAX,206
USR0000NHOF,2014-05-06,TMIN,161
USC00317170,2014-03-20,TMIN,67
USC00317170,2014-03-20,TMAX,211
USC00314684,2009-06-07,TMAX,222
USC00314684,2009-06-07,TMIN,178
USR0000NHOF,2014-05-06,TMAX,322
USC00310356,2006-08-14,TMAX,306
USC00310576,2013-11-10,TMAX,172
USW00013754,2010-11-16,TMAX,239
USC00314689,2008-12-16,TMIN,94
USC00314689,2008-12-16,TMAX,228
USW00093743,2010-05-09,TMAX,228
USR0000NHOF,2012-06-19,TMAX,300
USW00013754,2012-09-27,TMIN,150
USW00013754,2013-06-15,TMAX,300
USW00013754,2013-06-15,TMIN,133
USC00316096,2010-04-29,TMAX,206
USC00310576,2007-07-09,TMAX,306
USW00013754,2009-07-06,TMAX,267
USR0000NHOF,2014-06-20,TMIN,206
USW00013754,2009-07-06,TMIN,217
USR0000NCRN,2011-09-07,TMAX,294
USC00316676,2011-07-31,TMAX,383
USC00314684,2009-04-15,TMAX,189
USC00314684,2015-06-22,TMIN,233
USC00314689,2014-03-20,TMIN,67
USC00317170,2010-01-31,TMIN,-17
USW00093719,2009-01-07,TMIN,94
USC00314689,2014-03-20,TMAX,206
USC00317170,2010-01-31,TMAX,39
USR0000NNWB,2011-02-28,TMIN,150
USW00093765,2005-01-03,TMAX,183
USW00093719,2009-01-07,TMAX,222
USR0000NHOF,2012-06-19,TMIN,150
USR0000NHOF,2012-05-30,TMAX,228
USC00316676,2006-06-16,TMAX,278
USC00316676,2006-06-16,TMIN,156
USW00093719,2013-10-16,TMIN,172
USW00093719,2013-10-16,TMAX,239
USC00315830,2008-11-27,TMIN,-11
USC00316096,2010-11-02,TMAX,156
USR0000NCRN,2011-09-07,TMIN,222
USW00013754,2014-04-05,TMAX,272
USC00317170,2010-04-18,TMIN,83
USC00316096,2013-03-02,TMIN,-22
USW00093743,2014-10-21,TMIN,128
USW00093743,2014-10-21,TMAX,239
USC00316676,2006-12-05,TMIN,-17
USC00316096,2013-03-02,TMAX,106
USC00315830,2015-06-22,TMAX,317
USC00316676,2006-12-05,TMAX,122
USW00013754,2014-04-05,TMIN,133
USC00310356,2014-10-21,TMIN,144
USC00310356,2014-10-21,TMAX,222
USW00013754,2012-09-27,TMAX,289
USC00315830,2015-06-22,TMIN,267
USC00316096,2010-11-02,TMIN,89
USC00317170,2010-08-12,TMIN,261
USC00317170,2010-08-12,TMAX,356
USW00093765,2005-01-03,TMIN,94
USC00314689,2009-01-22,TMAX,100
USW00093765,2011-11-14,TMAX,217
USW00093743,2011-07-30,TMIN,261
USC00310356,2009-12-24,TMAX,117
USC00314684,2009-02-10,TMAX,189
USR0000NHOF,2012-03-06,TMAX,122
USC00317170,2010-04-26,TMIN,189
USW00013754,2013-05-16,TMIN,172
USW00013754,2013-05-16,TMAX,317
USC00310356,2009-02-24,TMAX,67
USC00314684,2006-07-28,TMAX,328
USC00316096,2014-11-06,TMAX,222
USC00316096,2014-11-06,TMIN,122
USW00093719,2015-02-26,TMIN,6
USC00317170,2010-04-26,TMAX,300
USR0000NHOF,2005-07-15,TMIN,217
USC00310356,2012-06-19,TMIN,194
USC00310356,2012-06-19,TMAX,294
USR0000NHOF,2005-07-15,TMAX,306
USC00314684,2006-07-28,TMIN,222
USR0000NCRN,2009-03-04,TMIN,-89
USC00314144,2010-08-28,TMIN,167
USC00314144,2010-08-28,TMAX,311
USC00315830,2012-07-03,TMAX,322
USW00013754,2014-05-25,TMAX,283
USC00314684,2011-04-18,TMIN,72
USR0000NCRN,2005-03-24,TMIN,78
USC00314684,2015-06-22,TMAX,356
USC00314684,2011-02-24,TMIN,-17
USC00314684,2009-02-10,TMIN,44
USR0000NHOF,2014-06-20,TMAX,339
USC00314684,2011-02-24,TMAX,122
USW00093765,2011-11-14,TMIN,128
USR0000NNWB,2011-02-28,TMAX,272
USR0000NHOF,2012-05-30,TMIN,167
USC00314689,2009-01-22,TMIN,-56
USC00316096,2015-01-31,TMAX,72
USR0000NHOF,2015-04-16,TMAX,206
USC00314689,2014-01-08,TMIN,-89
USR0000NHOF,2012-03-06,TMIN,-50
USW00093743,2012-06-19,TMIN,172
USW00093743,2012-06-19,TMAX,283
USW00013754,2014-05-25,TMIN,133
USR0000NCRN,2005-03-24,TMAX,206
USC00316096,2010-04-29,TMIN,28
USC00314689,2014-01-08,TMAX,56
USC00314684,2009-04-15,TMIN,117
USR0000NCRN,2009-03-04,TMAX,67
USC00310356,2009-12-24,TMIN,22
USC00316096,2015-01-31,TMIN,-39
USC00314684,2011-04-18,TMAX,217
USC00315830,2008-11-27,TMAX,150
USW00093743,2011-07-30,TMAX,361
USC00314144,2010-03-14,TMAX,161
USW00093719,2015-07-21,TMIN,239
USW00093719,2015-07-21,TMAX,356
USC00317170,2008-12-08,TMIN,-17
USW00093765,2005-02-04,TMIN,22
USW00093743,2009-12-24,TMIN,11
USW00093765,2006-07-22,TMIN,267
USC00315830,2012-04-09,TMAX,217
USW00093765,2005-02-04,TMAX,78
USW00093765,2006-07-22,TMAX,306
USW00013754,2007-02-12,TMIN,-32
USW00013754,2010-11-05,TMIN,67
USC00315830,2012-04-09,TMIN,122
USC00310576,2011-10-02,TMAX,200
USC00310576,2011-10-02,TMIN,83
USW00093719,2015-09-20,TMIN,178
USW00093743,2009-12-24,TMAX,117
USC00315830,2015-01-16,TMIN,17
USC00310576,2006-09-06,TMIN,200
USC00317170,2008-12-08,TMAX,100
USC00310576,2006-09-06,TMAX,228
USR0000NNWB,2007-02-20,TMIN,39
USC00310576,2009-07-29,TMIN,222
USW00013754,2014-10-20,TMIN,44
USR0000NNWB,2006-05-30,TMIN,172
USW00093765,2012-08-21,TMIN,222
USC00310356,2005-06-14,TMIN,250
USC00310356,2014-08-28,TMIN,217
USW00093719,2014-01-08,TMAX,61
USW00013754,2007-02-12,TMAX,161
USC00310356,2014-08-28,TMAX,306
USC00316096,2011-10-23,TMAX,211
USR0000NHOF,2009-04-18,TMIN,6
USR0000NCRN,2008-07-30,TMIN,244
USR0000NNWB,2007-07-04,TMAX,311
USW00013754,2007-12-19,TMAX,139
USC00310356,2011-07-30,TMIN,272
USW00093719,2014-01-08,TMIN,-82
USR0000NCRN,2008-07-30,TMAX,311
USC00317170,2014-08-18,TMIN,217
USC00316676,2014-07-06,TMIN,144
USC00317170,2014-08-18,TMAX,333
USC00314144,2010-03-14,TMIN,78
USW00013754,2007-12-19,TMIN,-21
USR0000NHOF,2009-04-18,TMAX,256
USR0000NNWB,2006-05-30,TMAX,306
USW00013754,2014-10-20,TMAX,228
USC00310576,2009-07-29,TMAX,317
USC00315830,2006-04-19,TMAX,244
USC00316676,2009-08-26,TMIN,200
USR0000NNWB,2008-07-09,TMAX,300
USR0000NNWB,2014-10-20,TMAX,228
USR0000NNWB,2014-10-20,TMIN,50
USC00316676,2014-07-06,TMAX,278
USW00093765,2005-06-23,TMAX,289
USR0000NNWB,2008-07-09,TMIN,211
USW00093743,2007-11-22,TMIN,161
USC00314689,2011-03-12,TMAX,189
USW00093765,2005-06-23,TMIN,211
USW00093719,2015-09-20,TMAX,311
USC00314144,2009-02-08,TMAX,228
USR0000NNWB,2013-05-16,TMIN,183
USR0000NNWB,2013-05-16,TMAX,333
USR0000NHOF,2015-04-16,TMIN,100
USW00013754,2007-08-06,TMIN,233
USC00316676,2013-12-03,TMIN,17
USC00316676,2013-12-03,TMAX,133
USR0000NHOF,2014-10-21,TMIN,94
USC00315830,2012-07-03,TMIN,228
USC00314144,2009-02-08,TMIN,-17
USC00317170,2010-04-18,TMAX,211
USC00310576,2008-01-25,TMAX,133
USC00310576,2008-01-25,TMIN,6
USC00314689,2011-03-12,TMIN,17
USW00093765,2006-12-16,TMAX,178
USC00314144,2007-02-05,TMAX,56
USC00317170,2015-01-18,TMAX,167
USC00315830,2006-04-19,TMIN,83
USC00314144,2007-02-05,TMIN,-61
USC00316676,2009-08-26,TMAX,300
USW00093743,2007-11-22,TMAX,211
USC00316096,2015-02-07,TMAX,128
USW00013754,2010-05-27,TMIN,150
USW00013754,2010-05-27,TMAX,317
USR0000NCRN,2010-05-09,TMAX,217
USR0000NHOF,2014-10-21,TMAX,272
USC00316096,2015-02-07,TMIN,-50
USW00093765,2006-12-16,TMIN,39
USC00317170,2008-08-11,TMIN,189
USC00316096,2010-04-18,TMIN,61
USC00316096,2010-04-18,TMAX,200
USC00316676,2011-07-31,TMIN,239
USC00317170,2015-01-18,TMIN,39
USC00314689,2015-10-31,TMIN,67
USR0000NHOF,2011-08-12,TMIN,211
USR0000NHOF,2011-08-12,TMAX,294
USC00314689,2015-10-31,TMAX,211
USC00315830,2015-01-16,TMAX,83
USW00093765,2006-05-30,TMAX,278
USC00314689,2011-06-12,TMIN,211
USW00093719,2015-02-26,TMAX,33
USW00093719,2014-06-04,TMAX,344
USW00093719,2006-05-30,TMAX,289
USC00310356,2009-10-04,TMIN,194
USR0000NNWB,2014-05-29,TMAX,261
USC00310356,2010-11-30,TMIN,94
USW00093719,2006-05-30,TMIN,167
USR0000NNWB,2014-05-29,TMIN,200
USW00013754,2013-10-16,TMAX,233
USW00093719,2009-06-29,TMIN,222
USR0000NNWB,2011-05-10,TMAX,278
USC00317170,2013-12-03,TMIN,6
USW00093719,2009-06-29,TMAX,328
USC00316676,2013-08-29,TMIN,194
USC00316676,2013-08-29,TMAX,294
USC00317170,2015-09-17,TMIN,183
USR0000NNWB,2011-06-11,TMIN,206
USW00093743,2012-03-06,TMAX,117
USC00316096,2014-01-28,TMIN,-56
USC00314689,2005-12-28,TMAX,172
USC00316096,2014-01-28,TMAX,50
USC00314689,2005-12-28,TMIN,22
USC00310356,2009-10-04,TMAX,267
USR0000NNWB,2006-06-16,TMAX,311
USC00317170,2007-09-30,TMIN,133
USC00316676,2010-05-01,TMAX,283
USW00093765,2012-03-14,TMAX,239
USC00310356,2005-06-14,TMAX,283
USR0000NCRN,2006-03-24,TMIN,28
USW00093765,2012-03-14,TMIN,128
USR0000NNWB,2015-12-27,TMIN,178
USR0000NNWB,2015-12-27,TMAX,267
USR0000NHOF,2007-08-02,TMAX,300
USW00093765,2010-01-31,TMIN,-27
USC00314689,2014-11-06,TMIN,139
USW00093765,2010-01-31,TMAX,44
USC00317170,2013-12-03,TMAX,172
USC00314689,2012-11-23,TMIN,0
USR0000NNWB,2011-05-10,TMIN,117
USC00310576,2009-06-18,TMIN,200
USW00013754,2013-10-16,TMIN,178
USC00314689,2012-11-23,TMAX,194
USR0000NNWB,2009-07-06,TMAX,267
USR0000NNWB,2009-07-06,TMIN,233
USC00310356,2009-03-27,TMAX,161
USC00310356,2009-03-27,TMIN,133
USC00316676,2010-05-01,TMIN,117
USR0000NNWB,2011-06-11,TMAX,344
USR0000NNWB,2006-06-16,TMIN,161
USR0000NCRN,2014-11-30,TMAX,178
USR0000NCRN,2014-11-30,TMIN,11
USR0000NHOF,2007-08-02,TMIN,144
USC00310356,2014-06-14,TMAX,278
USW00093719,2014-06-04,TMIN,200
USC00310356,2014-06-14,TMIN,211
USC00316096,2012-07-16,TMAX,306
USW00013754,2012-01-16,TMAX,117
USC00316096,2012-07-16,TMIN,222
USW00093743,2009-10-04,TMAX,244
USC00316676,2007-04-13,TMIN,78
USC00316676,2007-04-13,TMAX,267
USC00317170,2007-06-04,TMIN,183
USC00317170,2007-06-04,TMAX,333
USC00317170,2015-09-17,TMAX,289
USW00093743,2009-10-04,TMIN,167
USW00093719,2008-03-11,TMAX,194
USW00093743,2010-05-09,TMIN,106
USW00093719,2008-03-11,TMIN,44
USW00093719,2011-06-07,TMIN,167
USC00316096,2011-01-02,TMAX,167
USC00316676,2010-03-18,TMIN,11
USW00093743,2008-01-07,TMAX,322
USR0000NCRN,2014-10-21,TMAX,244
USW00013754,2012-01-16,TMIN,-49
USC00310576,2012-01-07,TMIN,6
USW00013754,2013-03-13,TMIN,78
USW00093719,2013-06-15,TMAX,306
USW00093719,2013-06-15,TMIN,150
USR0000NNWB,2011-05-11,TMIN,139
USR0000NCRN,2009-11-03,TMIN,161
USC00310576,2008-09-20,TMIN,172
USW00093765,2005-10-01,TMIN,194
USC00315830,2006-10-26,TMIN,22
USW00093719,2014-10-20,TMAX,233
USC00315830,2006-10-26,TMAX,161
USW00093765,2005-10-01,TMAX,272
USC00314689,2014-11-06,TMAX,233
USW00093765,2010-08-12,TMIN,267
USW00093765,2010-08-12,TMAX,311
USC00310576,2005-04-27,TMAX,244
USW00093719,2014-10-20,TMIN,61
USC00317170,2007-09-30,TMAX,278
USR0000NCRN,2014-10-21,TMIN,117
USC00310576,2005-04-27,TMIN,150
USC00310576,2009-06-18,TMAX,272
USW00013754,2013-03-13,TMAX,161
USR0000NCRN,2009-11-03,TMAX,200
USW00093719,2011-06-07,TMAX,328
USC00310576,2008-09-20,TMAX,256
USC00310576,2007-07-09,TMIN,211
USC00316676,2011-03-31,TMAX,133
USC00314689,2012-05-22,TMAX,294
USW00093765,2015-03-15,TMIN,111
USR0000NCRN,2012-03-06,TMAX,111
USC00310576,2007-10-23,TMIN,144
USC00310576,2007-10-23,TMAX,267
USW00093719,2008-01-28,TMAX,100
USW00093719,2008-01-28,TMIN,-44
USR0000NCRN,2012-03-06,TMIN,-28
USW00093719,2005-05-15,TMAX,289
USR0000NNWB,2009-06-12,TMIN,211
USR0000NNWB,2009-06-12,TMAX,339
USC00316096,2015-05-06,TMAX,239
USC00310356,2015-04-16,TMAX,200
USC00316096,2015-05-06,TMIN,111
USW00093719,2005-05-15,TMIN,189
USC00315830,2012-02-03,TMAX,206
USC00315830,2012-02-03,TMIN,61
USC00315830,2015-11-10,TMIN,178
USC00316676,2006-08-18,TMIN,233
USC00315830,2011-03-09,TMIN,72
USC00314689,2011-02-09,TMAX,111
USC00314684,2010-02-13,TMAX,22
USW00093719,2011-10-09,TMIN,161
USR0000NNWB,2011-05-11,TMAX,250
USC00310356,2015-04-16,TMIN,139
USW00093719,2011-10-09,TMAX,261
USC00310576,2015-11-02,TMAX,272
USC00316096,2012-06-24,TMAX,294
USC00316096,2012-06-24,TMIN,194
USR0000NNWB,2013-06-15,TMAX,311
USC00314689,2011-06-12,TMAX,328
USR0000NNWB,2014-04-05,TMAX,272
USW00013754,2009-08-12,TMIN,217
USR0000NNWB,2014-04-05,TMIN,122
USW00013754,2009-08-12,TMAX,289
USR0000NNWB,2013-06-15,TMIN,139
USW00093743,2008-11-26,TMAX,117
USW00093743,2008-11-26,TMIN,-27
USW00093765,2012-03-01,TMAX,228
USW00093743,2014-06-20,TMIN,211
USR0000NNWB,2015-11-04,TMIN,161
USW00093719,2005-10-30,TMAX,200
USC00310576,2015-11-02,TMIN,89
USC00310356,2009-02-24,TMIN,-22
USW00093765,2012-03-01,TMIN,161
USR0000NNWB,2015-11-04,TMAX,228
USW00093743,2014-06-20,TMAX,311
USW00093719,2005-10-30,TMIN,17
USC00316676,2006-08-18,TMAX,311
USC00314684,2010-02-13,TMIN,-72
USC00314689,2005-07-07,TMAX,344
USC00310576,2014-06-14,TMAX,317
USW00093765,2014-07-24,TMIN,217
USR0000NCRN,2006-03-24,TMAX,67
USC00315830,2011-03-09,TMAX,189
USC00315830,2015-11-10,TMAX,228
USR0000NCRN,2010-05-09,TMIN,78
USC00316676,2011-03-31,TMIN,78
USR0000NNWB,2007-05-15,TMIN,111
USW00093765,2006-04-19,TMIN,89
USC00316676,2012-09-27,TMIN,133
USC00316676,2012-09-27,TMAX,272
USW00013754,2015-07-26,TMAX,311
USW00013754,2012-05-22,TMAX,283
USW00013754,2012-05-22,TMIN,167
USC00310356,2014-06-20,TMIN,211
USR0000NNWB,2007-05-15,TMAX,272
USC00310576,2012-01-07,TMAX,189
USW00093743,2012-03-06,TMIN,-10
USC00314689,2012-05-22,TMIN,178
USW00093765,2006-04-19,TMAX,222
USC00310356,2014-06-20,TMAX,283
USC00310576,2014-06-14,TMIN,183
USW00013754,2015-07-26,TMIN,183
USW00093765,2014-07-24,TMAX,306
USR0000NNWB,2012-09-27,TMIN,144
USC00310576,2010-07-24,TMIN,250
USC00310576,2010-07-24,TMAX,344
USC00314689,2005-07-07,TMIN,233
USC00316096,2014-03-20,TMIN,67
USW00013754,2007-09-23,TMAX,317
USC00314684,2006-01-21,TMAX,189
USC00316096,2014-03-20,TMAX,206
USW00013754,2007-08-06,TMAX,306
USC00315830,2005-05-27,TMIN,183
USC00310356,2007-03-31,TMIN,56
USC00310356,2010-11-30,TMAX,200
USC00310356,2007-03-31,TMAX,233
USC00315830,2005-05-27,TMAX,244
USC00314684,2009-05-31,TMAX,294
USR0000NCRN,2014-12-30,TMAX,72
USC00314144,2006-10-06,TMIN,161
USR0000NCRN,2014-12-30,TMIN,22
USC00314144,2006-10-06,TMAX,278
USC00317170,2008-08-11,TMAX,300
USW00013754,2007-09-23,TMIN,206
USC00314684,2009-05-31,TMIN,178
USR0000NNWB,2012-09-27,TMAX,306
USC00314684,2006-01-21,TMIN,33
USW00093719,2006-11-26,TMAX,194
USW00093765,2006-05-30,TMIN,189
USC00316096,2013-06-15,TMAX,283
USW00013754,2012-02-07,TMIN,50
USC00316096,2015-12-06,TMIN,78
USW00093765,2010-04-26,TMAX,222
USC00316676,2015-01-05,TMAX,233
USW00013754,2010-11-17,TMIN,50
USW00093765,2013-08-29,TMAX,311
USW00093765,2013-08-29,TMIN,228
USW00093743,2009-07-29,TMAX,300
USC00314684,2011-11-14,TMIN,50
USW00093743,2009-07-29,TMIN,261
USC00316096,2013-03-13,TMIN,67
USC00314684,2006-06-16,TMAX,283
USC00314684,2006-06-16,TMIN,150
USC00316096,2013-03-13,TMAX,156
USC00316096,2011-02-25,TMIN,100
USC00314684,2014-01-08,TMIN,-106
USR0000NHOF,2007-02-05,TMAX,56
USR0000NHOF,2007-02-05,TMIN,-61
USR0000NCRN,2008-03-15,TMIN,122
USR0000NHOF,2008-09-20,TMAX,222
USR0000NHOF,2008-09-20,TMIN,139
USC00317170,2012-04-09,TMIN,111
USC00314684,2014-01-08,TMAX,-39
USC00317170,2012-04-09,TMAX,239
USC00314684,2011-11-14,TMAX,217
USC00314684,2011-01-31,TMAX,200
USC00314684,2013-08-29,TMIN,200
USC00314684,2013-08-29,TMAX,306
USW00093765,2010-04-26,TMIN,183
USW00093719,2011-08-06,TMIN,250
USW00013754,2009-01-07,TMAX,211
USC00317170,2011-04-18,TMIN,33
USW00093765,2013-02-01,TMAX,122
USR0000NNWB,2010-08-12,TMIN,261
USR0000NNWB,2010-08-12,TMAX,356
USW00093765,2013-02-01,TMIN,-10
USC00316096,2015-12-06,TMAX,183
USR0000NCRN,2013-06-16,TMIN,189
USW00093719,2007-02-12,TMAX,183
USC00314684,2014-10-20,TMAX,189
USW00093719,2007-02-12,TMIN,-44
USW00013754,2009-01-07,TMIN,94
USW00093719,2015-08-12,TMAX,311
USC00314684,2014-10-20,TMIN,22
USR0000NCRN,2013-06-16,TMAX,272
USC00314684,2012-08-21,TMAX,261
USC00314684,2012-08-21,TMIN,211
USR0000NHOF,2014-11-30,TMAX,211
USC00314144,2008-02-20,TMIN,-33
USC00314144,2008-02-20,TMAX,167
USR0000NHOF,2012-03-28,TMIN,0
USC00310576,2011-04-06,TMAX,217
USR0000NHOF,2012-03-28,TMAX,250
USC00314689,2013-12-03,TMAX,167
USC00316096,2014-04-05,TMIN,133
USW00093719,2015-06-22,TMAX,350
USC00314689,2010-04-29,TMIN,39
USW00093765,2012-05-22,TMIN,178
USC00316676,2015-02-07,TMIN,-56
USC00316676,2015-02-07,TMAX,56
USC00314684,2010-03-31,TMIN,83
USC00315830,2008-11-01,TMAX,206
USC00315830,2008-11-01,TMIN,33
USW00093765,2012-05-22,TMAX,261
USW00093743,2013-05-16,TMIN,189
USR0000NNWB,2011-03-14,TMIN,83
USW00093743,2013-05-16,TMAX,261
USW00093719,2015-06-22,TMIN,256
USW00093765,2011-10-09,TMIN,178
USC00316096,2011-11-14,TMIN,117
USC00310356,2013-05-16,TMIN,139
USC00314684,2010-03-31,TMAX,200
USC00315830,2011-06-24,TMIN,222
USC00314689,2013-12-03,TMIN,89
USR0000NNWB,2006-11-26,TMAX,200
USW00013754,2010-11-17,TMAX,206
USC00310576,2008-07-04,TMIN,167
USC00310356,2005-03-24,TMAX,167
USR0000NCRN,2008-03-15,TMAX,233
USR0000NNWB,2015-11-23,TMIN,-11
USC00310356,2013-11-06,TMAX,244
USC00310356,2005-03-24,TMIN,106
USC00314689,2015-12-06,TMIN,39
USC00315830,2011-06-24,TMAX,300
USW00093765,2011-10-09,TMAX,256
USC00314689,2015-12-06,TMAX,161
USC00310576,2008-07-04,TMAX,322
USW00093719,2015-08-12,TMIN,206
USC00310576,2011-04-06,TMIN,28
USC00316096,2011-02-25,TMAX,178
USC00314684,2007-06-11,TMIN,144
USR0000NNWB,2006-11-26,TMIN,56
USC00314684,2007-06-11,TMAX,339
USC00316096,2012-09-27,TMAX,278
USC00316096,2012-09-27,TMIN,139
USC00316096,2014-04-05,TMAX,261
USR0000NNWB,2015-11-23,TMAX,83
USR0000NHOF,2014-11-30,TMIN,0
USC00314684,2015-08-08,TMIN,217
USC00314684,2015-08-08,TMAX,283
USC00314684,2013-02-01,TMAX,122
USW00013754,2014-03-20,TMAX,206
USC00315830,2010-05-27,TMAX,294
USW00093719,2005-09-02,TMIN,206
USW00093719,2005-09-02,TMAX,322
USR0000NCRN,2009-12-09,TMAX,211
USC00316676,2012-02-24,TMAX,261
USC00316676,2012-02-24,TMIN,139
USC00316676,2013-06-15,TMAX,261
USC00314689,2013-03-13,TMIN,61
USC00314689,2013-03-13,TMAX,217
USC00315830,2010-05-27,TMIN,183
USC00316676,2013-06-15,TMIN,128
USC00316096,2015-08-08,TMIN,222
USC00316096,2015-08-08,TMAX,283
USC00316096,2010-03-31,TMIN,72
USC00316096,2010-03-31,TMAX,233
USC00315830,2012-11-28,TMIN,56
USW00093743,2008-09-20,TMAX,256
USW00093743,2008-09-20,TMIN,167
USC00314684,2013-12-03,TMAX,128
USC00314684,2011-01-31,TMIN,-6
USW00093719,2012-11-07,TMAX,106
USW00013754,2014-03-20,TMIN,61
USC00314684,2013-02-01,TMIN,6
USC00310576,2008-12-05,TMAX,178
USC00317170,2008-05-14,TMIN,78
USC00317170,2008-05-14,TMAX,256
USW00093765,2012-04-09,TMAX,222
USW00093765,2012-04-09,TMIN,139
USC00314689,2013-01-11,TMAX,178
USC00310576,2008-12-23,TMIN,-28
USC00314689,2012-09-14,TMAX,278
USC00314689,2012-09-14,TMIN,189
USW00013754,2015-02-26,TMAX,56
USW00093719,2012-11-07,TMIN,50
USC00314689,2013-01-11,TMIN,61
USW00013754,2011-05-10,TMIN,122
USW00013754,2011-05-10,TMAX,272
USW00093765,2008-01-28,TMAX,144
USW00093765,2008-01-28,TMIN,0
USC00310356,2008-09-20,TMAX,256
USC00310356,2008-09-20,TMIN,183
USC00314684,2010-04-21,TMIN,56
USC00310576,2008-12-23,TMAX,44
USC00314689,2010-12-27,TMAX,22
USC00315830,2012-11-28,TMAX,133
USC00317170,2011-04-14,TMIN,100
USC00314684,2005-03-18,TMAX,33
USC00317170,2011-04-14,TMAX,250
USC00315830,2013-10-26,TMAX,172
USR0000NNWB,2012-11-07,TMIN,44
USC00314684,2007-06-21,TMIN,161
USW00093765,2011-04-14,TMIN,122
USC00315830,2013-10-16,TMIN,211
USC00315830,2013-10-16,TMAX,239
USC00317170,2011-04-18,TMAX,267
USW00093765,2005-02-07,TMIN,33
USR0000NNWB,2011-08-25,TMAX,350
USC00314684,2013-12-27,TMIN,-28
USC00314684,2009-07-06,TMIN,211
USC00314684,2009-07-06,TMAX,317
USC00314689,2011-11-14,TMIN,144
USR0000NNWB,2011-08-25,TMIN,222
USC00314689,2011-11-14,TMAX,244
USC00310576,2009-10-04,TMAX,278
USW00013754,2011-02-28,TMIN,144
USC00314684,2007-06-21,TMAX,300
USC00310576,2009-10-04,TMIN,167
USW00013754,2011-02-28,TMAX,228
USW00093765,2005-02-07,TMAX,106
USC00315830,2013-10-26,TMIN,44
USC00317170,2009-07-06,TMIN,233
USC00317170,2009-07-06,TMAX,267
USW00093743,2010-06-15,TMIN,233
USC00314684,2013-12-03,TMIN,-6
USC00310356,2007-02-05,TMAX,100
USC00310356,2007-02-05,TMIN,-56
USR0000NNWB,2012-11-07,TMAX,100
USW00093765,2015-06-22,TMIN,267
USW00093765,2015-06-22,TMAX,311
USC00314689,2010-12-27,TMIN,-17
USW00093719,2011-08-06,TMAX,328
USW00093743,2010-06-15,TMAX,339
USC00316676,2011-11-23,TMAX,250
USC00310356,2013-05-16,TMAX,222
USC00315830,2007-03-16,TMAX,217
USC00310356,2008-04-07,TMIN,94
USC00310356,2008-04-07,TMAX,217
USC00315830,2007-03-16,TMIN,161
USC00316676,2011-11-23,TMIN,156
USC00310356,2009-07-29,TMIN,261
USC00316096,2012-04-09,TMIN,106
USC00316096,2012-04-09,TMAX,217
USC00314684,2005-03-18,TMIN,17
USC00314684,2010-04-21,TMAX,217
USW00093765,2011-04-14,TMAX,217
USC00310356,2009-07-29,TMAX,300
USR0000NNWB,2011-03-14,TMAX,156
USC00314689,2010-04-29,TMAX,239
USC00316096,2011-11-14,TMAX,228
USC00314144,2011-07-10,TMIN,250
USC00316096,2013-12-03,TMAX,167
USC00314144,2011-07-10,TMAX,322
USC00314689,2006-06-16,TMAX,294
USR0000NCRN,2015-12-03,TMAX,178
USR0000NCRN,2009-01-28,TMAX,194
USW00013754,2015-09-20,TMIN,194
USC00315830,2015-10-24,TMIN,139
USR0000NCRN,2015-12-03,TMIN,56
USR0000NCRN,2009-01-28,TMIN,0
USR0000NHOF,2009-02-24,TMIN,-117
USC00314684,2009-02-18,TMAX,83
USC00314689,2009-12-04,TMAX,178
USC00316096,2014-10-20,TMAX,217
USC00316096,2014-10-20,TMIN,39
USC00315830,2009-05-22,TMAX,261
USC00314689,2009-12-04,TMIN,44
USC00316676,2014-11-06,TMAX,228
USC00316676,2014-11-06,TMIN,106
USC00316676,2015-01-05,TMIN,94
USC00316676,2005-12-28,TMAX,128
USC00314684,2012-04-09,TMAX,233
USC00315830,2006-09-20,TMAX,278
USC00314684,2012-04-09,TMIN,72
USC00314689,2006-06-16,TMIN,167
USC00315830,2015-12-27,TMIN,178
USC00314684,2005-11-08,TMIN,67
USC00314689,2014-04-05,TMIN,183
USC00310356,2012-07-29,TMAX,278
USR0000NCRN,2014-05-06,TMAX,294
USC00310576,2011-04-28,TMIN,211
USW00093719,2014-08-18,TMAX,350
USR0000NHOF,2010-12-31,TMAX,167
USR0000NCRN,2015-04-16,TMAX,211
USC00310576,2008-01-03,TMIN,-11
USC00310576,2008-01-03,TMAX,44
USC00315830,2007-08-08,TMAX,317
USW00013754,2015-11-23,TMIN,-5
USW00013754,2015-11-23,TMAX,83
USC00317170,2008-12-02,TMIN,28
USW00093719,2005-03-01,TMAX,100
USC00316676,2005-10-20,TMAX,283
USC00315830,2015-10-24,TMAX,261
USC00315830,2007-08-08,TMIN,283
USW00013754,2015-09-20,TMAX,311
USC00316096,2013-12-03,TMIN,11
USC00316676,2005-10-20,TMIN,133
USC00316676,2005-12-28,TMIN,-17
USC00316096,2011-02-16,TMIN,-28
USC00316096,2011-02-16,TMAX,161
USW00093719,2008-01-21,TMAX,33
USC00314684,2013-03-13,TMAX,217
USC00314684,2013-03-13,TMIN,56
USC00310576,2008-04-25,TMIN,117
USC00314689,2014-10-20,TMIN,44
USC00314689,2014-10-20,TMAX,222
USC00315830,2010-06-29,TMIN,261
USC00314689,2014-12-22,TMAX,83
USW00093743,2013-11-06,TMAX,211
USC00314684,2015-01-01,TMAX,83
USW00093765,2008-07-19,TMAX,306
USC00310576,2008-04-25,TMAX,250
USW00093765,2007-05-02,TMIN,194
USW00093765,2007-05-02,TMAX,244
USR0000NHOF,2010-06-15,TMIN,194
USC00314684,2009-02-18,TMIN,-33
USW00093765,2015-09-17,TMIN,211
USW00093743,2013-11-06,TMIN,133
USR0000NCRN,2008-12-27,TMAX,206
USW00013754,2011-05-07,TMAX,250
USC00317170,2008-01-28,TMAX,106
USC00315830,2006-09-20,TMIN,200
USR0000NHOF,2010-06-15,TMAX,367
USR0000NCRN,2013-05-16,TMAX,267
USC00310576,2011-04-28,TMAX,272
USC00314689,2014-12-22,TMIN,39
USW00093765,2015-09-17,TMAX,261
USC00314689,2014-07-24,TMAX,322
USC00314689,2014-07-24,TMIN,222
USC00315830,2009-05-22,TMIN,161
USC00317170,2013-08-29,TMAX,306
USC00317170,2013-08-29,TMIN,233
USC00314144,2009-11-03,TMAX,200
USW00093765,2013-03-02,TMIN,22
USR0000NCRN,2014-06-20,TMIN,206
USC00315830,2015-12-27,TMAX,250
USR0000NNWB,2006-04-19,TMAX,256
USC00314684,2015-01-01,TMIN,-44
USC00314144,2009-11-03,TMIN,50
USR0000NCRN,2014-06-20,TMAX,306
USC00310576,2005-06-10,TMAX,283
USW00093719,2008-01-21,TMIN,-72
USW00093765,2008-07-19,TMIN,239
USC00310576,2005-06-10,TMIN,217
USR0000NNWB,2006-04-19,TMIN,94
USC00315830,2010-06-29,TMAX,306
USR0000NCRN,2013-05-16,TMIN,189
USW00093765,2013-03-02,TMAX,117
USW00093765,2011-01-01,TMAX,183
USC00310576,2015-04-05,TMIN,28
USC00310356,2012-07-29,TMIN,233
USW00093765,2008-05-14,TMIN,78
USW00093765,2005-08-11,TMIN,250
USR0000NHOF,2009-01-27,TMAX,106
USC00314684,2009-09-14,TMIN,139
USR0000NHOF,2009-01-27,TMIN,39
USW00093765,2008-05-14,TMAX,228
USC00317170,2011-10-06,TMAX,250
USC00310356,2013-11-06,TMIN,150
USC00314684,2005-04-19,TMIN,72
USW00013754,2005-10-01,TMAX,261
USW00013754,2005-10-01,TMIN,183
USC00314684,2005-04-19,TMAX,267
USW00013754,2007-07-04,TMAX,289
USC00314684,2009-09-14,TMAX,294
USR0000NNWB,2009-01-07,TMIN,100
USR0000NNWB,2009-01-07,TMAX,217
USC00310576,2008-06-22,TMIN,194
USW00013754,2007-07-04,TMIN,150
USC00310576,2008-06-22,TMAX,261
USC00316676,2013-09-11,TMIN,178
USR0000NHOF,2009-07-29,TMAX,294
USC00316676,2005-12-19,TMAX,56
USR0000NHOF,2009-07-29,TMIN,239
USC00316676,2005-12-19,TMIN,-6
USC00316676,2009-12-29,TMIN,-6
USW00093743,2012-03-28,TMIN,94
USW00093743,2012-07-29,TMIN,217
USC00314684,2005-01-03,TMAX,211
USW00093765,2005-08-11,TMAX,306
USW00013754,2009-06-29,TMIN,233
USW00013754,2009-06-29,TMAX,328
USC00314684,2005-01-03,TMIN,50
USW00093743,2012-07-29,TMAX,300
USC00314689,2006-05-30,TMIN,172
USW00093743,2012-03-28,TMAX,200
USC00314689,2006-05-30,TMAX,300
USR0000NCRN,2014-12-18,TMAX,128
USC00317170,2013-02-01,TMAX,111
USC00317170,2013-02-01,TMIN,22
USW00013754,2012-02-07,TMAX,150
USC00317170,2011-10-06,TMIN,111
USC00316096,2015-08-16,TMAX,306
USC00315830,2011-12-13,TMAX,150
USR0000NHOF,2010-12-31,TMIN,-39
USC00314684,2006-05-30,TMAX,300
USC00314684,2006-05-30,TMIN,161
USC00316676,2009-12-29,TMAX,117
USC00316096,2014-07-24,TMAX,306
USC00310356,2005-11-17,TMAX,244
USC00316096,2014-07-24,TMIN,217
USC00310356,2014-11-30,TMAX,144
USC00317170,2008-12-02,TMAX,89
USR0000NCRN,2011-07-20,TMIN,261
USR0000NCRN,2011-07-20,TMAX,311
USC00310576,2006-10-26,TMAX,156
USC00314684,2013-12-27,TMAX,50
USC00310576,2006-10-26,TMIN,0
USC00314684,2007-07-14,TMAX,294
USC00315830,2012-12-05,TMAX,217
USC00314144,2007-12-22,TMIN,94
USC00315830,2012-12-05,TMIN,122
USC00314689,2014-04-05,TMAX,294
USC00314144,2007-12-22,TMAX,183
USC00315830,2012-11-01,TMIN,39
USW00013754,2011-05-07,TMIN,117
USW00093719,2005-03-01,TMIN,22
USC00315830,2012-11-01,TMAX,172
USW00093719,2014-08-18,TMIN,228
USR0000NCRN,2015-04-16,TMIN,128
USR0000NCRN,2014-05-06,TMIN,167
USC00310576,2015-04-05,TMAX,217
USC00310356,2014-11-30,TMIN,17
USW00013754,2005-09-02,TMIN,217
USC00316096,2015-08-16,TMIN,161
USW00013754,2005-09-02,TMAX,317
USC00316676,2010-02-13,TMIN,-17
USC00316676,2010-02-13,TMAX,61
USW00093765,2010-12-04,TMIN,11
USC00315830,2011-12-13,TMIN,78
USW00013754,2010-08-12,TMIN,256
USW00013754,2010-08-12,TMAX,350
USC00314684,2007-07-14,TMIN,178
USC00314689,2012-09-27,TMAX,294
USC00315830,2008-02-18,TMIN,161
USC00314689,2012-09-27,TMIN,139
USC00314684,2005-11-08,TMAX,250
USC00315830,2008-02-18,TMAX,189
USR0000NCRN,2008-11-19,TMIN,-28
USR0000NCRN,2008-11-19,TMAX,61
USC00314684,2011-12-25,TMIN,-6
USW00093765,2010-12-04,TMAX,67
USC00314684,2011-12-25,TMAX,128
USR0000NNWB,2012-01-23,TMAX,178
USR0000NNWB,2012-01-23,TMIN,56
USR0000NHOF,2009-02-24,TMAX,72
USC00316676,2013-09-11,TMAX,306
USC00310356,2005-11-17,TMIN,106
USR0000NCRN,2014-12-18,TMIN,-11
USR0000NHOF,2010-09-26,TMIN,211
USR0000NNWB,2007-09-23,TMAX,333
USR0000NNWB,2006-02-25,TMAX,178
USC00314144,2008-03-15,TMIN,106
USR0000NNWB,2010-01-31,TMAX,22
USC00316096,2009-12-04,TMIN,67
USR0000NHOF,2006-03-24,TMIN,-17
USC00317170,2014-10-20,TMAX,222
USC00317170,2014-10-20,TMIN,39
USW00093719,2007-09-26,TMIN,167
USC00317170,2014-01-08,TMAX,61
USC00314689,2005-04-19,TMIN,100
USC00314689,2005-04-19,TMAX,306
USC00310356,2008-04-28,TMIN,128
USR0000NNWB,2015-02-26,TMIN,6
USW00093719,2012-04-09,TMAX,239
USW00093719,2012-04-09,TMIN,128
USR0000NNWB,2015-02-26,TMAX,28
USC00310576,2007-02-05,TMIN,6
USC00310576,2007-02-05,TMAX,128
USW00093765,2005-05-15,TMIN,194
USW00013754,2012-01-23,TMAX,200
USW00093719,2007-02-20,TMIN,28
USW00093765,2005-05-15,TMAX,244
USR0000NNWB,2010-01-31,TMIN,-61
USW00093719,2007-02-20,TMAX,189
USC00314144,2008-03-15,TMAX,233
USR0000NHOF,2006-03-24,TMAX,67
USC00317170,2009-02-10,TMIN,56
USC00314684,2015-04-11,TMAX,294
USC00317170,2012-09-27,TMAX,289
USC00314684,2007-09-20,TMIN,172
USR0000NHOF,2006-09-06,TMIN,194
USC00314689,2011-03-30,TMIN,50
USR0000NHOF,2009-12-09,TMAX,222
USC00310356,2007-06-30,TMIN,244
USC00317170,2012-09-27,TMIN,133
USR0000NNWB,2014-08-18,TMAX,339
USC00310356,2007-06-30,TMAX,289
USW00093719,2007-09-26,TMAX,300
USR0000NNWB,2014-08-18,TMIN,217
USR0000NCRN,2011-07-10,TMIN,211
USR0000NCRN,2011-07-10,TMAX,300
USC00315830,2011-08-05,TMAX,322
USC00315830,2011-09-25,TMAX,272
USR0000NNWB,2007-07-25,TMIN,167
USC00316096,2009-12-04,TMAX,150
USC00314689,2014-07-09,TMIN,244
USR0000NHOF,2011-03-02,TMIN,-28
USC00315830,2011-09-25,TMIN,211
USC00316676,2015-06-08,TMIN,139
USC00316676,2015-06-08,TMAX,272
USR0000NCRN,2007-01-06,TMIN,111
USW00093743,2010-11-30,TMIN,83
USW00093719,2014-03-20,TMIN,56
USC00315830,2014-02-05,TMIN,50
USC00315830,2014-02-05,TMAX,167
USW00093719,2014-03-20,TMAX,217
USC00314689,2010-03-31,TMIN,89
USC00314689,2010-03-31,TMAX,233
USC00316096,2015-11-16,TMAX,189
USR0000NHOF,2011-03-02,TMAX,189
USC00315830,2010-10-27,TMIN,233
USR0000NHOF,2014-12-30,TMIN,0
USR0000NHOF,2014-12-30,TMAX,72
USC00310576,2006-04-12,TMAX,228
USC00316096,2015-11-16,TMIN,17
USC00314684,2010-04-18,TMIN,28
USC00315830,2010-10-27,TMAX,272
USW00093743,2009-01-27,TMAX,100
USC00310576,2005-02-15,TMAX,183
USW00093719,2014-05-29,TMIN,206
USC00310356,2006-12-25,TMIN,100
USW00093743,2009-01-27,TMIN,44
USC00317170,2012-11-23,TMAX,189
USR0000NCRN,2006-12-25,TMIN,100
USR0000NCRN,2006-12-25,TMAX,206
USC00317170,2014-01-08,TMIN,-78
USR0000NCRN,2007-01-06,TMAX,244
USC00316096,2015-06-08,TMAX,272
USC00315830,2012-08-17,TMAX,306
USC00315830,2012-08-17,TMIN,222
USC00316676,2007-07-07,TMIN,211
USW00093743,2010-11-30,TMAX,211
USC00315830,2008-12-25,TMAX,183
USC00316096,2015-06-08,TMIN,133
USC00315830,2008-06-10,TMIN,250
USC00315830,2008-06-10,TMAX,300
USW00093765,2015-03-16,TMIN,56
USC00314689,2015-08-08,TMIN,228
USW00093743,2008-04-28,TMAX,228
USW00093743,2008-04-28,TMIN,189
USC00317170,2015-06-22,TMAX,350
USC00316676,2007-07-07,TMAX,339
USC00315830,2008-12-25,TMIN,156
USW00093765,2011-01-01,TMIN,22
USC00314689,2015-08-08,TMAX,289
USW00093719,2010-08-12,TMIN,256
USR0000NCRN,2015-11-08,TMIN,133
USW00093719,2010-08-12,TMAX,356
USC00317170,2015-06-22,TMIN,244
USC00314684,2010-04-18,TMAX,189
USW00013754,2012-11-07,TMIN,56
USC00317170,2009-02-10,TMAX,233
USC00315830,2005-04-27,TMAX,211
USW00093719,2010-10-04,TMAX,189
USW00093719,2007-12-19,TMAX,128
USC00310356,2012-02-15,TMIN,61
USC00314144,2011-02-14,TMIN,61
USC00310576,2008-10-07,TMAX,272
USC00310576,2008-10-07,TMIN,128
USC00314144,2007-10-04,TMAX,283
USC00314689,2013-06-15,TMAX,289
USR0000NHOF,2008-04-07,TMIN,89
USC00314144,2007-10-04,TMIN,183
USW00093719,2009-02-27,TMAX,211
USC00315830,2008-06-27,TMAX,300
USR0000NHOF,2008-04-07,TMAX,133
USC00315830,2008-06-27,TMIN,261
USC00314689,2013-06-15,TMIN,139
USC00310356,2009-08-02,TMIN,256
USC00310356,2009-08-02,TMAX,300
USC00316096,2014-12-22,TMAX,100
USC00316096,2014-12-22,TMIN,61
USW00093719,2009-02-27,TMIN,11
USW00093719,2010-10-04,TMIN,106
USW00013754,2007-09-29,TMAX,250
USC00310576,2006-11-17,TMIN,78
USR0000NHOF,2006-08-14,TMAX,294
USC00315830,2007-06-02,TMIN,222
USC00316096,2013-06-15,TMIN,111
USW00093719,2013-02-01,TMAX,122
USW00093719,2013-02-01,TMIN,-21
USC00315830,2012-12-16,TMAX,167
USC00314689,2011-03-30,TMAX,167
USC00310576,2006-11-17,TMAX,206
USW00093743,2010-11-13,TMAX,194
USC00315830,2005-04-27,TMIN,167
USC00314684,2011-10-23,TMIN,50
USC00316676,2009-06-03,TMIN,183
USW00013754,2007-07-03,TMIN,167
USC00314689,2009-04-15,TMIN,56
USC00314689,2009-04-15,TMAX,194
USW00093719,2005-07-24,TMAX,300
USW00093765,2011-01-09,TMIN,-43
USW00093719,2007-12-19,TMIN,-33
USR0000NHOF,2006-12-25,TMIN,94
USR0000NHOF,2006-12-25,TMAX,206
USC00314684,2011-10-23,TMAX,206
USC00315830,2012-12-16,TMIN,139
USR0000NHOF,2006-08-14,TMIN,133
USW00013754,2007-09-29,TMIN,178
USW00093719,2009-09-06,TMAX,267
USW00093743,2009-11-30,TMAX,194
USC00316676,2005-10-06,TMIN,222
USC00314144,2006-09-23,TMAX,300
USC00317170,2014-04-05,TMAX,300
USC00310576,2006-03-24,TMIN,39
USR0000NCRN,2006-09-23,TMAX,278
USC00315830,2005-01-15,TMIN,56
USC00317170,2014-04-05,TMIN,150
USR0000NNWB,2007-07-25,TMAX,306
USC00315830,2005-01-15,TMAX,100
USW00093719,2013-08-29,TMAX,317
USC00316096,2011-03-12,TMIN,-17
USC00316096,2011-03-12,TMAX,150
USW00093719,2013-08-29,TMIN,233
USC00310356,2009-03-15,TMIN,72
USC00314144,2006-09-23,TMIN,172
USC00310356,2009-03-15,TMAX,122
USC00315830,2011-08-05,TMIN,233
USC00314684,2015-04-11,TMIN,172
USC00314684,2012-11-23,TMIN,-11
USC00314684,2012-11-23,TMAX,161
USC00310576,2006-03-24,TMAX,78
USW00013754,2007-07-03,TMAX,272
USC00310356,2015-05-01,TMAX,200
USR0000NCRN,2009-02-08,TMAX,217
USW00093765,2005-03-13,TMIN,67
USR0000NHOF,2010-08-18,TMAX,317
USR0000NHOF,2010-08-18,TMIN,206
USW00093765,2006-06-16,TMAX,294
USW00093765,2006-06-16,TMIN,161
USW00093719,2009-09-06,TMIN,189
USW00093765,2015-03-16,TMAX,167
USC00310356,2012-02-15,TMAX,133
USC00314689,2005-02-08,TMAX,217
USC00310356,2006-03-24,TMAX,122
USC00315830,2007-06-02,TMAX,267
USR0000NHOF,2006-09-06,TMAX,222
USC00314689,2005-02-08,TMIN,17
USW00093765,2007-01-10,TMIN,0
USW00093765,2007-01-10,TMAX,78
USC00310356,2006-03-24,TMIN,0
USR0000NCRN,2009-02-08,TMIN,28
USR0000NCRN,2006-09-23,TMIN,239
USC00314684,2007-09-20,TMAX,261
USC00314689,2014-07-09,TMAX,333
USW00093765,2005-03-13,TMAX,172
USC00316676,2005-10-06,TMAX,278
USC00310356,2015-05-01,TMIN,111
USW00013754,2012-11-07,TMAX,100
USC00316676,2014-08-27,TMIN,194
USR0000NNWB,2006-11-30,TMIN,100
USR0000NNWB,2015-09-20,TMIN,189
USW00093719,2007-07-25,TMIN,167
USC00314144,2008-03-05,TMAX,200
USC00314144,2008-03-05,TMIN,33
USC00317170,2014-01-28,TMIN,-44
USR0000NNWB,2014-03-20,TMIN,61
USR0000NNWB,2014-03-20,TMAX,217
USC00317170,2008-06-13,TMIN,172
USC00317170,2008-06-13,TMAX,328
USW00093719,2007-01-10,TMAX,72
USW00013754,2007-12-01,TMIN,0
USC00314689,2010-11-02,TMAX,183
USW00093719,2007-01-10,TMIN,-28
USC00314144,2010-12-24,TMAX,72
USC00310356,2014-12-30,TMIN,56
USC00310356,2014-12-30,TMAX,172
USC00314689,2008-09-04,TMIN,183
USC00314689,2008-09-04,TMAX,322
USW00013754,2011-03-14,TMIN,83
USW00013754,2007-12-01,TMAX,139
USW00093719,2011-08-25,TMIN,211
USW00093765,2006-12-08,TMAX,67
USC00317170,2014-01-28,TMAX,144
USW00093765,2006-12-08,TMIN,-32
USC00314689,2015-11-16,TMAX,183
USC00316096,2013-08-29,TMIN,222
USC00315830,2009-10-22,TMIN,156
USW00093765,2014-07-17,TMAX,294
USC00314684,2005-02-18,TMAX,206
USC00310576,2008-10-28,TMAX,228
USC00314684,2005-02-18,TMIN,-39
USC00310576,2012-05-30,TMIN,200
USC00310576,2012-05-30,TMAX,306
USW00093719,2005-10-01,TMIN,183
USW00093719,2005-10-01,TMAX,278
USC00310576,2008-10-28,TMIN,44
USC00315830,2012-02-26,TMAX,183
USC00315830,2012-02-26,TMIN,61
USW00013754,2011-03-14,TMAX,161
USC00314684,2008-11-15,TMIN,150
USC00314684,2008-11-15,TMAX,228
USR0000NNWB,2006-07-22,TMIN,239
USC00310576,2012-08-06,TMIN,211
USC00315830,2009-10-22,TMAX,244
USC00317170,2007-05-02,TMIN,189
USR0000NNWB,2006-07-22,TMAX,328
USC00317170,2007-05-02,TMAX,322
USC00316096,2013-08-29,TMAX,311
USC00314689,2006-07-28,TMAX,339
USC00314684,2012-09-27,TMAX,283
USW00093719,2007-07-25,TMAX,294
USC00314144,2011-02-06,TMAX,150
USC00314144,2006-09-10,TMAX,300
USW00093719,2008-11-07,TMAX,256
USC00314689,2006-01-21,TMIN,72
USR0000NNWB,2006-02-25,TMIN,6
USW00093719,2008-11-07,TMIN,106
USC00314684,2014-04-05,TMAX,306
USC00310576,2012-08-06,TMAX,317
USC00314684,2014-04-05,TMIN,156
USC00317170,2013-03-13,TMAX,161
USR0000NNWB,2015-06-22,TMAX,372
USC00310576,2007-04-27,TMIN,178
USC00310576,2007-04-27,TMAX,294
USR0000NNWB,2015-06-22,TMIN,250
USC00314689,2012-04-09,TMIN,89
USC00314689,2012-04-09,TMAX,283
USC00317170,2013-03-13,TMIN,72
USW00013754,2015-02-26,TMIN,11
USC00310576,2008-12-05,TMIN,0
USR0000NNWB,2007-09-23,TMIN,200
USC00314144,2011-02-06,TMIN,6
USC00317170,2012-05-22,TMAX,306
USC00317170,2012-05-22,TMIN,172
USC00315830,2014-03-20,TMIN,100
USC00315830,2014-03-20,TMAX,183
USW00093719,2011-08-25,TMAX,344
USR0000NNWB,2007-10-14,TMAX,267
USW00093743,2008-04-07,TMIN,100
USC00314684,2006-02-13,TMIN,-50
USC00314689,2006-07-28,TMIN,228
USC00316096,2011-06-12,TMIN,189
USC00315830,2010-01-31,TMAX,61
USC00315830,2010-01-31,TMIN,0
USC00314689,2010-11-02,TMIN,61
USC00314684,2012-09-27,TMIN,111
USC00316096,2012-09-14,TMIN,189
USC00317170,2013-03-02,TMIN,6
USC00316096,2011-06-12,TMAX,294
USC00314684,2006-02-13,TMAX,72
USC00315830,2005-08-24,TMIN,233
USW00093765,2014-07-17,TMIN,217
USR0000NNWB,2007-10-14,TMIN,72
USW00093743,2008-04-07,TMAX,139
USC00317170,2013-03-02,TMAX,111
USC00314144,2006-09-10,TMIN,156
USC00315830,2005-08-24,TMAX,300
USC00314689,2006-01-21,TMAX,206
USR0000NCRN,2009-11-09,TMIN,206
USC00310356,2006-12-25,TMAX,178
USC00316096,2012-09-14,TMAX,289
USW00013754,2015-06-22,TMAX,356
USC00315830,2010-10-17,TMAX,217
USW00093743,2012-12-23,TMIN,-27
USC00315830,2010-10-17,TMIN,100
USW00093719,2015-09-04,TMIN,211
USC00314144,2006-02-09,TMAX,106
USC00316676,2014-10-20,TMIN,56
USC00315830,2007-04-01,TMAX,228
USC00314689,2013-08-29,TMIN,206
USC00314689,2013-08-29,TMAX,300
USR0000NNWB,2012-02-22,TMAX,217
USC00316676,2009-06-19,TMAX,283
USC00316676,2009-06-19,TMIN,211
USC00316676,2014-10-20,TMAX,189
USR0000NHOF,2010-09-26,TMAX,283
USC00316676,2006-11-02,TMAX,261
USC00317170,2012-11-23,TMIN,33
USC00310356,2009-11-30,TMIN,111
USW00093719,2006-04-19,TMIN,67
USC00316676,2006-11-02,TMIN,128
USW00093743,2009-12-09,TMIN,183
USC00317170,2011-10-23,TMAX,217
USW00093743,2010-11-13,TMIN,39
USW00093719,2006-04-19,TMAX,244
USW00093743,2012-12-23,TMAX,106
USC00316676,2015-10-06,TMAX,206
USC00316096,2010-08-29,TMIN,178
USW00093719,2012-05-22,TMAX,306
USW00093719,2012-05-22,TMIN,178
USR0000NNWB,2015-09-20,TMAX,311
USW00093719,2014-05-29,TMAX,261
USW00013754,2010-01-31,TMIN,-49
USW00013754,2010-01-31,TMAX,22
USC00314144,2010-12-24,TMIN,-56
USC00310356,2010-06-15,TMAX,306
USC00310356,2010-06-15,TMIN,244
USW00093765,2008-06-13,TMAX,300
USW00093765,2008-06-13,TMIN,200
USC00314684,2014-01-28,TMIN,-17
USC00310576,2005-02-15,TMIN,89
USC00310576,2006-04-12,TMIN,56
USC00316676,2015-10-06,TMIN,161
USC00314684,2014-01-28,TMAX,189
USC00310356,2012-12-23,TMAX,183
USC00310356,2012-12-23,TMIN,17
USC00316676,2005-11-11,TMAX,206
USC00316676,2005-11-11,TMIN,6
USW00013754,2012-01-23,TMIN,72
USC00315830,2007-04-01,TMIN,50
USC00317170,2011-10-23,TMIN,94
USR0000NNWB,2006-11-30,TMAX,250
USW00013754,2011-08-25,TMIN,222
USC00310356,2009-11-30,TMAX,178
USC00314689,2015-11-16,TMIN,28
USC00317170,2011-10-09,TMAX,256
USC00310576,2013-05-16,TMIN,167
USC00310576,2013-05-16,TMAX,289
USR0000NCRN,2009-11-08,TMIN,161
USW00093743,2013-06-16,TMIN,217
USR0000NCRN,2009-11-08,TMAX,228
USW00093743,2013-06-16,TMAX,283
USC00310356,2009-12-09,TMIN,78
USC00310356,2009-12-09,TMAX,206
USR0000NCRN,2009-11-09,TMAX,239
USC00314684,2014-07-24,TMAX,322
USW00093765,2008-02-27,TMIN,28
USC00310356,2013-06-16,TMIN,200
USC00314684,2014-07-24,TMIN,233
USC00310356,2013-06-16,TMAX,283
USW00093765,2008-02-27,TMAX,144
USR0000NHOF,2008-04-28,TMAX,228
USR0000NHOF,2008-04-28,TMIN,167
USW00093765,2009-07-06,TMIN,233
USC00317170,2008-04-17,TMIN,39
USC00317170,2008-04-17,TMAX,250
USW00093765,2009-07-06,TMAX,272
USW00093765,2013-03-13,TMAX,144
USR0000NHOF,2012-12-23,TMAX,128
USW00093765,2013-03-13,TMIN,78
USC00316096,2012-08-21,TMIN,217
USW00093743,2009-12-09,TMAX,217
USC00317170,2011-10-09,TMIN,144
USR0000NHOF,2012-12-23,TMIN,-39
USR0000NNWB,2012-02-22,TMIN,100
USW00013754,2011-08-25,TMAX,333
USC00316096,2010-08-29,TMAX,294
USW00013754,2015-06-22,TMIN,256
USC00317170,2014-07-17,TMIN,189
USC00316676,2005-03-05,TMIN,28
USC00317170,2014-07-17,TMAX,300
USC00316096,2012-08-21,TMAX,256
USC00314144,2006-02-09,TMIN,-39
USR0000NHOF,2012-07-29,TMIN,200
USC00314144,2008-09-07,TMAX,322
USR0000NNWB,2009-06-29,TMIN,228
USR0000NNWB,2009-06-29,TMAX,333
USC00314144,2008-09-07,TMIN,222
USR0000NHOF,2012-07-29,TMAX,322
USC00316676,2005-03-05,TMAX,150
USC00314144,2008-12-27,TMAX,233
USW00093719,2006-11-26,TMIN,56
USC00315830,2013-06-16,TMAX,289
USC00314144,2007-06-19,TMIN,194
USW00093765,2015-08-08,TMAX,267
USW00093765,2007-12-19,TMIN,0
USC00314684,2006-12-08,TMIN,-44
USW00093765,2007-12-19,TMAX,133
USW00013754,2014-05-11,TMAX,283
USC00314144,2008-09-20,TMAX,222
USC00314144,2008-09-20,TMIN,139
USC00316676,2015-04-15,TMIN,156
USC00314144,2007-06-19,TMAX,333
USC00315830,2008-10-24,TMIN,72
USC00310576,2014-08-28,TMIN,161
USR0000NNWB,2006-10-26,TMIN,6
USR0000NNWB,2006-10-26,TMAX,172
USR0000NHOF,2012-04-09,TMAX,233
USW00093719,2012-02-07,TMIN,22
USR0000NHOF,2012-04-09,TMIN,89
USC00310576,2014-08-28,TMAX,306
USW00013754,2011-10-23,TMAX,217
USC00315830,2008-10-24,TMAX,194
USC00314684,2006-12-08,TMAX,183
USR0000NCRN,2005-12-29,TMAX,256
USW00093743,2007-11-15,TMAX,200
USR0000NCRN,2005-12-29,TMIN,56
USW00093719,2014-11-06,TMIN,139
USC00315830,2011-08-25,TMAX,317
USR0000NNWB,2014-02-05,TMAX,217
USC00315830,2011-08-25,TMIN,244
USC00310356,2012-04-09,TMAX,200
USC00317170,2011-08-25,TMIN,211
USR0000NCRN,2007-12-22,TMIN,94
USR0000NCRN,2007-12-22,TMAX,239
USC00310356,2012-04-09,TMIN,128
USR0000NCRN,2006-09-06,TMIN,206
USW00093765,2007-06-21,TMIN,194
USC00310356,2010-06-02,TMAX,261
USC00310356,2014-12-15,TMAX,150
USC00310356,2010-06-02,TMIN,233
USC00314144,2006-02-06,TMIN,-17
USC00310576,2011-01-21,TMIN,22
USC00314144,2006-02-06,TMAX,122
USW00013754,2008-11-07,TMIN,106
USW00093719,2014-11-06,TMAX,256
USW00093743,2012-04-09,TMAX,211
USC00317170,2011-08-25,TMAX,344
USW00093743,2012-04-09,TMIN,128
USC00310576,2011-01-21,TMAX,122
USW00093765,2007-06-21,TMAX,294
USC00310576,2008-05-22,TMAX,250
USC00317170,2009-06-29,TMIN,194
USC00315830,2015-08-18,TMIN,211
USC00315830,2015-08-18,TMAX,294
USW00093743,2009-11-03,TMAX,206
USW00093765,2008-11-15,TMAX,233
USW00093765,2008-11-15,TMIN,133
USC00310576,2015-12-27,TMAX,250
USW00093765,2015-02-26,TMAX,61
USW00093719,2015-03-10,TMIN,78
USW00093719,2015-06-08,TMAX,300
USC00310356,2005-03-07,TMIN,11
USW00093765,2015-05-06,TMAX,233
USW00093765,2015-05-06,TMIN,139
USC00317170,2015-04-11,TMAX,228
USC00310576,2015-12-27,TMIN,156
USW00093719,2008-04-17,TMAX,239
USW00093719,2008-04-17,TMIN,17
USW00093719,2015-03-10,TMAX,261
USR0000NCRN,2012-05-30,TMAX,250
USR0000NCRN,2012-05-30,TMIN,189
USC00315830,2012-07-21,TMAX,306
USC00315830,2012-07-21,TMIN,233
USW00093743,2009-11-03,TMIN,100
USC00310576,2008-05-22,TMIN,122
USW00013754,2011-10-23,TMIN,128
USC00310356,2010-06-13,TMIN,250
USC00317170,2009-06-29,TMAX,328
USC00316096,2013-10-16,TMIN,183
USW00093743,2007-11-15,TMIN,50
USC00316096,2013-10-16,TMAX,222
USC00316676,2012-05-22,TMIN,178
USW00093765,2015-08-08,TMIN,217
USC00316676,2012-05-22,TMAX,267
USC00310356,2010-06-13,TMAX,300
USC00314144,2005-10-21,TMIN,161
USC00314144,2005-10-21,TMAX,289
USW00013754,2010-02-13,TMAX,17
USC00315830,2009-07-06,TMAX,300
USW00013754,2010-02-13,TMIN,-16
USW00093743,2010-06-02,TMAX,283
USW00093743,2010-06-02,TMIN,228
USC00316676,2015-03-25,TMAX,200
USC00310356,2012-01-01,TMAX,194
USC00315830,2009-07-06,TMIN,233
USR0000NCRN,2012-08-06,TMAX,300
USC00316676,2015-03-25,TMIN,72
USR0000NCRN,2012-08-06,TMIN,244
USC00314689,2006-03-18,TMIN,22
USC00315830,2010-06-02,TMAX,317
USR0000NHOF,2005-09-02,TMIN,167
USR0000NHOF,2005-09-02,TMAX,317
USR0000NNWB,2011-06-01,TMIN,206
USC00314144,2010-07-24,TMIN,256
USC00310356,2006-09-23,TMAX,278
USC00314689,2009-06-13,TMAX,311
USW00093743,2008-04-13,TMAX,206
USC00315830,2009-08-12,TMAX,306
USW00093765,2010-09-01,TMIN,211
USW00013754,2014-06-04,TMAX,328
USC00314689,2009-06-13,TMIN,222
USW00093765,2010-09-01,TMAX,300
USW00013754,2014-06-04,TMIN,194
USW00013754,2015-03-22,TMIN,89
USC00310576,2008-04-28,TMIN,161
USW00013754,2015-03-22,TMAX,167
USW00093719,2007-11-23,TMIN,28
USC00314689,2013-10-16,TMIN,172
USW00013754,2015-08-30,TMIN,183
USC00310576,2005-08-03,TMAX,328
USC00314689,2011-04-14,TMIN,83
USC00310576,2008-04-28,TMAX,267
USC00310576,2005-08-03,TMIN,189
USC00310356,2006-09-23,TMIN,128
USC00314689,2006-07-22,TMIN,239
USC00314144,2010-07-24,TMAX,339
USC00314689,2015-04-11,TMAX,289
USC00310356,2008-11-19,TMIN,0
USW00013754,2007-02-20,TMAX,167
USC00310356,2008-11-19,TMAX,72
USW00013754,2007-02-20,TMIN,39
USR0000NNWB,2006-12-08,TMAX,28
USW00013754,2014-10-21,TMIN,117
USR0000NCRN,2011-02-06,TMAX,133
USW00013754,2014-10-21,TMAX,250
USR0000NNWB,2006-12-08,TMIN,-56
USC00310576,2006-04-19,TMAX,244
USC00310576,2006-04-19,TMIN,67
USC00310356,2009-02-08,TMIN,-50
USC00310356,2009-02-08,TMAX,133
USW00093743,2008-04-13,TMIN,117
USC00314689,2015-11-20,TMIN,117
USC00314689,2005-02-03,TMAX,111
USC00314684,2012-06-24,TMAX,333
USC00314684,2012-06-24,TMIN,183
USW00093765,2010-05-27,TMIN,178
USC00314689,2009-09-14,TMIN,144
USC00314689,2009-09-14,TMAX,294
USW00093765,2010-05-27,TMAX,300
USC00314689,2013-10-16,TMAX,228
USC00314689,2006-07-22,TMAX,333
USR0000NHOF,2007-12-03,TMIN,22
USR0000NHOF,2009-11-03,TMAX,200
USC00315830,2006-04-12,TMIN,89
USW00093743,2010-03-14,TMIN,94
USW00093743,2010-03-14,TMAX,172
USC00315830,2006-04-12,TMAX,228
USC00316676,2015-08-08,TMIN,222
USC00316676,2015-08-08,TMAX,283
USC00310576,2015-06-09,TMAX,289
USW00093765,2015-02-26,TMIN,11
USW00013754,2008-11-07,TMAX,250
USC00316676,2015-04-15,TMAX,272
USC00314689,2010-04-21,TMAX,228
USW00013754,2014-05-11,TMIN,211
USC00310356,2010-03-14,TMIN,100
USC00310356,2010-03-14,TMAX,144
USW00093719,2005-12-28,TMAX,183
USC00310356,2014-12-15,TMIN,28
USW00093719,2005-12-28,TMIN,-28
USR0000NCRN,2006-09-06,TMAX,222
USR0000NNWB,2014-02-05,TMIN,50
USC00315830,2010-06-02,TMIN,233
USC00310576,2015-06-09,TMIN,139
USC00314689,2011-04-14,TMAX,222
USC00314144,2006-08-14,TMIN,150
USC00314144,2006-08-14,TMAX,311
USR0000NHOF,2007-12-03,TMAX,217
USW00013754,2015-08-30,TMAX,300
USR0000NCRN,2006-10-26,TMAX,178
USW00093719,2007-11-23,TMAX,156
USR0000NHOF,2009-11-03,TMIN,50
USC00315830,2009-08-12,TMIN,244
USR0000NHOF,2010-03-14,TMIN,78
USR0000NCRN,2006-10-26,TMIN,17
USR0000NHOF,2010-03-14,TMAX,161
USC00317170,2014-08-27,TMAX,300
USC00314689,2005-09-02,TMIN,200
USW00013754,2015-08-12,TMAX,317
USC00314684,2007-01-10,TMIN,-6
USC00314684,2007-01-10,TMAX,133
USR0000NHOF,2007-01-06,TMIN,61
USR0000NHOF,2007-01-06,TMAX,222
USW00013754,2015-08-12,TMIN,217
USC00316676,2013-01-11,TMIN,83
USC00316676,2013-01-11,TMAX,189
USC00310356,2005-09-02,TMAX,311
USC00310356,2005-09-02,TMIN,244
USC00314689,2010-04-21,TMIN,122
USC00317170,2014-08-27,TMIN,189
USC00316676,2013-05-16,TMIN,150
USC00316676,2013-05-16,TMAX,300
USC00314689,2005-09-02,TMAX,328
USR0000NNWB,2012-12-16,TMAX,150
USC00310576,2015-06-22,TMAX,328
USC00310576,2015-06-22,TMIN,244
USW00093719,2005-01-03,TMAX,217
USW00093719,2005-01-03,TMIN,56
USC00314684,2013-10-16,TMIN,144
USC00316676,2009-02-21,TMIN,-56
USC00314684,2013-10-16,TMAX,194
USC00316096,2011-04-14,TMIN,89
USC00316096,2011-04-14,TMAX,217
USC00316676,2009-02-21,TMAX,89
USC00314689,2007-06-27,TMAX,322
USC00314684,2015-01-31,TMAX,106
USW00093743,2008-07-30,TMIN,178
USW00093743,2008-07-30,TMAX,233
USC00314684,2015-01-31,TMIN,-44
USC00316096,2010-08-12,TMIN,256
USC00316096,2010-08-12,TMAX,328
USR0000NNWB,2009-04-24,TMIN,94
USC00310356,2013-06-15,TMAX,272
USW00093743,2013-06-15,TMAX,283
USC00314684,2014-08-18,TMAX,328
USW00093743,2013-06-15,TMIN,139
USR0000NNWB,2011-10-23,TMIN,122
USC00314684,2005-07-07,TMIN,222
USC00317170,2015-01-01,TMAX,117
USW00093743,2013-08-30,TMAX,289
USC00310356,2013-08-30,TMIN,211
USR0000NCRN,2010-08-18,TMAX,322
USR0000NCRN,2010-08-18,TMIN,228
USC00310356,2013-08-30,TMAX,294
USC00314684,2014-08-18,TMIN,211
USC00317170,2015-01-01,TMIN,-39
USW00093765,2013-05-15,TMAX,244
USW00093765,2013-05-15,TMIN,172
USW00093743,2010-06-13,TMAX,311
USW00093765,2006-12-21,TMIN,56
USC00317170,2015-07-21,TMIN,256
USC00310576,2012-06-19,TMIN,139
USC00310576,2012-06-19,TMAX,283
USC00314689,2011-03-23,TMAX,294
USC00314684,2005-07-07,TMAX,333
USC00316676,2014-01-02,TMAX,122
USC00317170,2015-07-21,TMAX,372
USR0000NNWB,2012-12-16,TMIN,111
USC00314689,2011-03-23,TMIN,94
USR0000NNWB,2011-10-23,TMAX,222
USC00310356,2007-04-27,TMAX,211
USC00310356,2007-04-27,TMIN,167
USR0000NNWB,2009-04-24,TMAX,289
USR0000NNWB,2010-11-05,TMIN,72
USC00310576,2007-12-04,TMIN,44
USC00316096,2011-01-07,TMAX,83
USC00316096,2011-01-07,TMIN,-33
USC00315830,2014-04-05,TMIN,156
USR0000NHOF,2008-11-06,TMAX,233
USC00310576,2010-08-24,TMIN,222
USC00310356,2010-12-31,TMAX,111
USR0000NHOF,2008-11-06,TMIN,94
USC00314684,2014-08-27,TMAX,289
USW00093719,2011-11-14,TMAX,256
USC00315830,2014-10-20,TMAX,183
USC00316676,2005-03-11,TMAX,122
USC00314684,2009-12-29,TMAX,94
USC00314684,2009-12-29,TMIN,-22
USW00093765,2008-08-29,TMAX,300
USW00093765,2008-08-29,TMIN,239
USW00093719,2009-08-12,TMIN,222
USC00317170,2015-12-27,TMIN,178
USW00093743,2012-01-01,TMAX,178
USC00310576,2013-10-26,TMAX,139
USC00315830,2014-04-05,TMAX,222
USC00310576,2010-06-23,TMIN,244
USC00310576,2007-12-04,TMAX,217
USC00310356,2008-07-30,TMAX,306
USR0000NCRN,2007-09-11,TMIN,244
USW00093719,2011-05-29,TMIN,183
USC00310576,2010-06-23,TMAX,356
USC00317170,2010-09-26,TMIN,228
USW00093743,2010-06-13,TMIN,239
USC00315830,2009-03-07,TMAX,178
USR0000NHOF,2007-04-07,TMIN,-56
USC00316676,2011-02-03,TMIN,56
USC00317170,2015-05-06,TMAX,244
USC00315830,2009-03-07,TMIN,117
USC00314689,2007-06-27,TMIN,228
USC00317170,2015-05-06,TMIN,100
USC00316676,2014-06-19,TMAX,339
USR0000NHOF,2007-11-03,TMAX,183
USC00310356,2005-04-27,TMAX,189
USC00316676,2005-03-11,TMIN,33
USC00314689,2010-12-21,TMIN,-33
USC00317170,2010-09-26,TMAX,283
USC00310356,2005-04-27,TMIN,156
USR0000NHOF,2007-11-03,TMIN,-11
USC00316676,2014-06-19,TMIN,222
USC00310356,2008-07-30,TMIN,261
USC00314689,2010-12-21,TMAX,67
USW00093719,2013-05-15,TMIN,144
USW00093765,2006-12-21,TMAX,178
USC00314689,2006-11-02,TMIN,139
USC00314144,2007-06-06,TMIN,150
USR0000NCRN,2013-06-15,TMAX,289
USW00093719,2012-02-07,TMAX,139
USC00316096,2015-10-06,TMAX,211
USR0000NCRN,2006-02-09,TMIN,-28
USR0000NHOF,2005-06-08,TMIN,156
USC00310576,2005-12-03,TMAX,100
USC00310576,2005-12-03,TMIN,-28
USR0000NCRN,2013-06-15,TMIN,117
USC00316096,2015-10-06,TMIN,150
USW00093765,2015-02-07,TMAX,111
USC00315830,2007-07-16,TMIN,228
USW00093765,2015-02-07,TMIN,-5
USC00314144,2008-04-28,TMAX,228
USC00314144,2008-04-28,TMIN,167
USC00315830,2007-07-16,TMAX,294
USC00314689,2010-08-12,TMIN,261
USC00314689,2010-08-12,TMAX,344
USR0000NCRN,2006-02-09,TMAX,89
USC00314684,2007-02-26,TMAX,178
USR0000NNWB,2010-02-13,TMAX,28
USC00315830,2006-08-14,TMAX,289
USW00093719,2011-05-11,TMIN,117
USC00316096,2011-04-18,TMAX,228
USW00093719,2012-11-23,TMIN,33
USR0000NHOF,2005-06-08,TMAX,289
USW00093719,2015-06-08,TMIN,144
USW00093719,2009-02-10,TMAX,217
USW00093719,2009-02-10,TMIN,33
USC00317170,2015-04-11,TMIN,161
USC00314144,2007-06-06,TMAX,300
USW00093719,2007-09-23,TMIN,200
USC00310356,2012-01-01,TMIN,67
USW00093719,2007-09-23,TMAX,328
USC00310576,2006-05-31,TMIN,183
USC00310576,2006-05-31,TMAX,289
USW00093719,2012-11-23,TMAX,194
USC00316096,2011-04-18,TMIN,50
USR0000NNWB,2009-02-27,TMAX,211
USR0000NNWB,2009-02-27,TMIN,33
USC00310356,2009-11-03,TMIN,128
USR0000NCRN,2015-10-07,TMIN,139
USR0000NCRN,2015-10-07,TMAX,256
USC00310356,2009-11-03,TMAX,156
USR0000NHOF,2010-06-02,TMAX,283
USR0000NHOF,2010-06-02,TMIN,206
USC00315830,2006-08-14,TMIN,178
USW00093719,2011-05-11,TMAX,244
USR0000NNWB,2010-02-13,TMIN,-22
USR0000NCRN,2007-09-11,TMAX,317
USR0000NNWB,2009-09-27,TMIN,183
USR0000NCRN,2012-09-15,TMIN,183
USW00093719,2013-06-16,TMIN,189
USR0000NCRN,2012-09-15,TMAX,289
USC00316096,2015-01-18,TMIN,22
USC00310576,2009-05-03,TMIN,200
USW00093719,2013-06-16,TMAX,306
USR0000NCRN,2013-10-16,TMIN,172
USR0000NHOF,2007-04-07,TMAX,94
USR0000NHOF,2014-03-20,TMIN,56
USC00316096,2015-01-18,TMAX,172
USC00316676,2005-04-19,TMIN,78
USC00316676,2005-04-19,TMAX,267
USC00310356,2005-03-07,TMAX,100
USR0000NNWB,2009-09-27,TMAX,283
USW00093743,2013-08-30,TMIN,206
USW00093719,2012-08-21,TMAX,272
USW00093719,2012-08-21,TMIN,217
USW00093719,2011-05-29,TMAX,306
USC00314689,2007-10-08,TMIN,206
USC00314689,2007-10-08,TMAX,333
USR0000NHOF,2008-07-30,TMAX,322
USC00316676,2014-01-02,TMIN,22
USC00310356,2007-01-06,TMAX,194
USR0000NHOF,2008-07-30,TMIN,228
USR0000NCRN,2013-10-16,TMAX,222
USC00310576,2009-05-03,TMAX,278
USW00093719,2012-02-03,TMIN,22
USR0000NCRN,2006-10-06,TMIN,133
USC00314689,2009-05-04,TMAX,300
USW00013754,2005-08-24,TMIN,233
USR0000NCRN,2010-02-14,TMIN,-56
USR0000NCRN,2010-02-14,TMAX,67
USW00013754,2005-08-24,TMAX,283
USC00314684,2007-02-26,TMIN,56
USC00314689,2008-06-24,TMAX,322
USC00310356,2014-03-20,TMAX,161
USC00310576,2008-04-12,TMIN,128
USC00314689,2008-06-24,TMIN,194
USC00310576,2008-04-12,TMAX,272
USC00317170,2010-12-04,TMIN,22
USR0000NHOF,2014-03-20,TMAX,222
USR0000NCRN,2006-10-06,TMAX,289
USC00310356,2007-01-06,TMIN,111
USC00317170,2010-12-04,TMAX,78
USC00314689,2009-05-04,TMIN,211
USW00093719,2012-02-03,TMAX,133
USC00310356,2014-03-20,TMIN,67
USW00093719,2013-05-15,TMAX,311
USR0000NCRN,2012-02-15,TMIN,33
USC00314684,2014-12-22,TMIN,-11
USW00093719,2005-03-13,TMIN,22
USW00093765,2011-08-10,TMIN,239
USC00310356,2011-06-24,TMAX,294
USC00310356,2011-06-24,TMIN,239
USW00093719,2006-10-26,TMAX,172
USW00013754,2013-05-15,TMIN,128
USR0000NNWB,2011-01-13,TMIN,-50
USW00093719,2005-02-18,TMAX,83
USW00013754,2005-05-15,TMAX,267
USW00013754,2005-05-15,TMIN,194
USC00314689,2011-10-19,TMAX,278
USC00310356,2010-01-31,TMAX,67
USC00310356,2010-01-31,TMIN,-44
USW00093719,2005-02-18,TMIN,-39
USW00093765,2010-09-26,TMIN,217
USW00013754,2011-11-14,TMAX,250
USC00315830,2007-09-13,TMAX,283
USW00013754,2011-11-14,TMIN,122
USC00317170,2010-05-27,TMIN,156
USC00316676,2013-06-14,TMAX,356
USC00315830,2007-04-27,TMIN,200
USC00316676,2010-03-31,TMAX,217
USC00315830,2007-04-27,TMAX,250
USC00317170,2013-12-27,TMAX,117
USW00093719,2006-10-26,TMIN,6
USW00093719,2012-03-14,TMIN,122
USC00317170,2012-11-07,TMIN,50
USC00314689,2014-08-18,TMIN,222
USC00316096,2010-12-21,TMIN,-33
USC00314684,2006-11-02,TMAX,267
USR0000NNWB,2005-12-28,TMIN,-11
USC00314684,2006-11-02,TMIN,111
USW00013754,2005-10-30,TMAX,194
USC00317170,2012-11-07,TMAX,83
USC00314144,2009-12-30,TMIN,-72
USW00093765,2011-05-29,TMIN,233
USW00013754,2005-10-30,TMIN,33
USW00013754,2013-05-15,TMAX,261
USC00310356,2007-11-15,TMIN,122
USC00314689,2014-08-18,TMAX,328
USC00314144,2009-12-30,TMAX,72
USW00093719,2005-03-13,TMAX,217
USC00310356,2013-12-12,TMIN,28
USC00315830,2007-05-25,TMIN,150
USW00093765,2011-12-25,TMAX,167
USW00093765,2011-12-25,TMIN,50
USC00316676,2010-03-31,TMIN,67
USC00316676,2013-06-14,TMIN,194
USW00093743,2011-06-24,TMAX,294
USW00093743,2011-06-24,TMIN,244
USW00093765,2006-11-26,TMIN,89
USC00317170,2015-02-26,TMAX,22
USR0000NNWB,2011-02-09,TMIN,-17
USC00310356,2013-12-12,TMAX,106
USW00093719,2006-03-10,TMAX,244
USC00317170,2008-12-01,TMAX,167
USC00310356,2011-01-14,TMAX,50
USW00093719,2009-09-27,TMIN,178
USW00093765,2011-08-10,TMAX,356
USC00314689,2011-10-19,TMIN,161
USW00093765,2006-11-26,TMAX,189
USC00314689,2010-07-11,TMAX,328
USR0000NNWB,2007-02-05,TMIN,-33
USR0000NNWB,2007-02-05,TMAX,56
USC00314689,2010-07-11,TMIN,211
USC00314689,2011-02-25,TMAX,222
USW00093719,2009-09-27,TMAX,278
USC00317170,2013-12-27,TMIN,0
USW00093719,2008-07-09,TMIN,206
USC00314689,2005-12-19,TMAX,111
USR0000NNWB,2014-05-11,TMIN,211
USW00093719,2006-03-10,TMIN,167
USC00314144,2005-02-28,TMAX,128
USC00317170,2015-02-26,TMIN,0
USR0000NNWB,2011-12-13,TMAX,161
USW00093765,2014-05-25,TMIN,139
USW00093719,2014-10-21,TMIN,122
USW00093719,2014-10-21,TMAX,261
USW00093765,2011-05-29,TMAX,289
USW00093765,2014-05-25,TMAX,250
USW00093765,2009-09-06,TMIN,217
USW00093719,2014-02-05,TMIN,61
USW00093719,2014-02-05,TMAX,222
USW00093743,2010-01-31,TMAX,39
USC00314684,2014-07-09,TMAX,333
USC00317170,2012-11-01,TMAX,161
USC00314684,2014-07-09,TMIN,239
USC00315830,2015-07-26,TMAX,294
USC00316676,2009-11-14,TMIN,122
USR0000NCRN,2014-11-07,TMIN,33
USC00315830,2015-07-26,TMIN,206
USC00310356,2011-01-14,TMIN,-33
USC00317170,2008-12-01,TMIN,83
USC00317170,2010-05-27,TMAX,328
USR0000NCRN,2014-11-07,TMAX,172
USR0000NNWB,2011-12-13,TMIN,100
USC00316676,2009-11-14,TMAX,133
USW00093743,2010-01-31,TMIN,-49
USC00310576,2008-10-22,TMAX,228
USC00317170,2011-11-23,TMIN,139
USC00317170,2011-11-23,TMAX,228
USW00093765,2006-07-28,TMIN,272
USW00093765,2009-12-29,TMAX,89
USC00310356,2014-03-21,TMIN,78
USW00093719,2005-02-04,TMIN,22
USW00093765,2009-12-29,TMIN,-5
USC00310356,2014-03-21,TMAX,172
USW00013754,2014-11-06,TMAX,244
USW00013754,2014-11-06,TMIN,133
USC00314144,2009-08-02,TMAX,311
USW00093719,2015-09-17,TMIN,194
USC00314144,2009-08-02,TMIN,233
USW00093743,2010-02-14,TMIN,-49
USC00317170,2008-01-10,TMIN,94
USW00093743,2010-02-14,TMAX,67
USC00317170,2008-01-10,TMAX,211
USW00093719,2015-01-18,TMAX,183
USW00093719,2015-01-18,TMIN,33
USC00310576,2013-02-01,TMAX,139
USR0000NCRN,2013-12-04,TMIN,94
USC00310576,2013-02-01,TMIN,22
USR0000NCRN,2006-02-06,TMIN,-6
USC00315830,2007-05-25,TMAX,250
USR0000NCRN,2006-02-06,TMAX,111
USR0000NCRN,2012-09-28,TMAX,289
USC00315830,2007-01-10,TMIN,-6
USW00013754,2011-06-24,TMAX,322
USC00315830,2005-10-01,TMAX,278
USC00314144,2008-12-27,TMIN,89
USR0000NNWB,2011-06-19,TMAX,356
USC00314689,2006-04-19,TMAX,250
USR0000NNWB,2008-03-11,TMAX,194
USR0000NNWB,2008-03-11,TMIN,39
USW00093719,2012-09-14,TMAX,289
USW00093719,2012-09-14,TMIN,194
USW00093719,2005-11-22,TMAX,172
USW00093719,2005-11-22,TMIN,56
USW00013754,2006-12-08,TMAX,50
USC00310576,2012-07-03,TMAX,311
USC00315830,2005-10-01,TMIN,211
USC00310576,2012-07-03,TMIN,206
USW00093765,2015-09-04,TMIN,228
USW00013754,2006-12-08,TMIN,-43
USW00093719,2005-02-04,TMAX,89
USR0000NCRN,2012-09-28,TMIN,139
USW00093765,2014-06-04,TMAX,289
USC00315830,2007-01-10,TMAX,167
USW00093765,2006-07-28,TMAX,306
USR0000NCRN,2013-12-04,TMAX,178
USW00013754,2012-08-21,TMAX,267
USW00013754,2012-08-21,TMIN,211
USR0000NNWB,2012-11-23,TMAX,194
USC00314689,2010-05-11,TMIN,133
USR0000NHOF,2011-09-07,TMIN,217
USC00314144,2010-09-06,TMAX,306
USR0000NHOF,2005-06-14,TMAX,322
USC00314689,2005-05-15,TMIN,189
USW00093765,2015-09-04,TMAX,311
USR0000NNWB,2012-11-23,TMIN,28
USW00093719,2014-07-17,TMAX,306
USC00314689,2005-05-15,TMAX,283
USW00093719,2012-03-14,TMAX,283
USC00316096,2010-12-21,TMAX,56
USC00315830,2005-07-16,TMAX,311
USR0000NNWB,2005-12-28,TMAX,189
USC00314689,2011-08-20,TMAX,317
USC00314689,2011-08-20,TMIN,217
USR0000NHOF,2011-09-07,TMAX,300
USC00315830,2005-07-16,TMIN,267
USC00314144,2005-02-28,TMIN,28
USC00310356,2007-11-15,TMAX,194
USC00317170,2012-11-01,TMIN,33
USC00314689,2010-05-11,TMAX,217
USC00314144,2010-09-06,TMIN,133
USC00310356,2010-02-14,TMAX,50
USR0000NHOF,2010-09-16,TMIN,161
USR0000NHOF,2009-02-08,TMIN,39
USR0000NHOF,2010-09-16,TMAX,306
USR0000NHOF,2009-02-08,TMAX,228
USC00310576,2013-01-24,TMAX,67
USR0000NCRN,2008-08-26,TMIN,228
USR0000NCRN,2008-08-26,TMAX,311
USR0000NCRN,2005-10-21,TMIN,178
USC00317170,2011-02-24,TMAX,189
USR0000NCRN,2012-04-10,TMIN,122
USR0000NCRN,2012-04-10,TMAX,228
USC00315830,2007-09-13,TMIN,222
USC00317170,2011-02-24,TMIN,17
USC00310576,2013-01-24,TMIN,-17
USW00093765,2010-09-26,TMAX,278
USW00093765,2006-02-25,TMIN,0
USC00315830,2008-10-27,TMAX,228
USR0000NCRN,2005-09-02,TMAX,311
USW00093765,2006-02-25,TMAX,150
USC00310356,2010-02-14,TMIN,-22
USR0000NCRN,2005-10-21,TMAX,289
USR0000NNWB,2011-01-13,TMAX,56
USR0000NCRN,2005-09-02,TMIN,211
USC00315830,2008-10-27,TMIN,144
USC00314684,2014-08-27,TMIN,167
USC00316096,2014-08-18,TMIN,211
USR0000NNWB,2007-09-29,TMAX,256
USC00310576,2015-08-27,TMAX,300
USR0000NNWB,2014-10-21,TMAX,256
USW00093765,2005-06-15,TMAX,289
USC00310576,2015-08-27,TMIN,206
USR0000NNWB,2015-06-08,TMIN,144
USC00317170,2007-10-07,TMAX,311
USW00093765,2012-11-01,TMIN,61
USW00093743,2012-09-15,TMIN,183
USW00093743,2012-09-15,TMAX,289
USR0000NCRN,2008-03-05,TMAX,272
USW00093765,2008-05-22,TMIN,139
USC00315830,2009-05-25,TMAX,261
USW00093765,2012-11-01,TMAX,156
USC00310356,2012-09-15,TMIN,217
USC00310356,2012-09-15,TMAX,306
USW00093765,2010-04-21,TMAX,194
USW00093765,2008-05-22,TMAX,250
USR0000NHOF,2011-01-21,TMAX,100
USW00093743,2008-11-06,TMAX,239
USC00314144,2010-09-29,TMAX,228
USC00314684,2011-03-12,TMAX,117
USR0000NNWB,2015-06-08,TMAX,311
USR0000NCRN,2011-11-24,TMIN,6
USR0000NHOF,2006-09-23,TMAX,278
USC00316096,2012-03-14,TMIN,117
USR0000NCRN,2014-06-14,TMIN,200
USC00317170,2013-06-16,TMIN,183
USC00317170,2013-06-16,TMAX,311
USR0000NHOF,2006-09-23,TMIN,156
USR0000NHOF,2008-10-15,TMIN,83
USC00315830,2015-08-30,TMIN,200
USR0000NNWB,2015-03-22,TMAX,161
USW00013754,2011-05-11,TMIN,117
USW00093765,2005-06-15,TMIN,244
USC00314684,2014-12-22,TMAX,83
USR0000NHOF,2012-09-15,TMIN,167
USR0000NHOF,2012-09-15,TMAX,278
USC00317170,2007-10-07,TMIN,200
USC00315830,2009-05-25,TMIN,200
USC00314144,2006-11-03,TMIN,28
USC00310356,2011-09-07,TMAX,306
USC00314689,2005-10-01,TMIN,172
USC00314689,2005-10-01,TMAX,272
USR0000NCRN,2012-04-09,TMAX,217
USR0000NCRN,2012-04-09,TMIN,117
USC00314144,2006-11-03,TMAX,150
USR0000NNWB,2014-10-21,TMIN,117
USC00314684,2011-03-12,TMIN,-6
USW00093765,2010-04-21,TMIN,122
USW00093743,2008-11-06,TMIN,122
USC00310576,2009-12-09,TMAX,217
USC00315830,2010-10-13,TMAX,272
USR0000NHOF,2014-12-15,TMIN,-22
USR0000NNWB,2011-04-18,TMAX,272
USR0000NNWB,2011-04-18,TMIN,83
USR0000NHOF,2014-12-15,TMAX,189
USC00314689,2015-04-11,TMIN,178
USR0000NCRN,2009-03-27,TMIN,172
USW00013754,2011-08-06,TMAX,322
USR0000NHOF,2011-01-21,TMIN,-50
USR0000NCRN,2014-03-20,TMIN,50
USC00314689,2005-07-03,TMIN,217
USW00013754,2011-08-06,TMIN,244
USW00013754,2011-12-13,TMIN,33
USC00316676,2013-02-01,TMIN,17
USC00316676,2013-02-01,TMAX,144
USC00314689,2015-11-20,TMAX,200
USR0000NCRN,2012-02-15,TMAX,178
USW00013754,2011-12-13,TMAX,161
USW00093765,2013-06-16,TMIN,239
USW00093765,2013-06-16,TMAX,278
USC00315830,2010-10-13,TMIN,206
USR0000NCRN,2014-03-20,TMAX,200
USC00310576,2009-12-09,TMIN,78
USW00093719,2014-01-28,TMIN,-49
USC00316096,2012-03-14,TMAX,256
USC00314689,2005-02-03,TMIN,-17
USW00093743,2008-11-19,TMIN,-27
USR0000NNWB,2011-11-14,TMAX,256
USW00093743,2008-11-19,TMAX,67
USC00315830,2008-02-11,TMAX,183
USR0000NCRN,2011-11-24,TMAX,156
USR0000NCRN,2014-03-21,TMIN,44
USC00315830,2008-02-11,TMIN,11
USR0000NNWB,2011-11-14,TMIN,194
USR0000NCRN,2014-06-14,TMAX,283
USW00013754,2011-06-19,TMIN,228
USR0000NCRN,2014-03-21,TMAX,189
USC00314144,2009-07-29,TMAX,311
USC00314684,2015-12-27,TMIN,156
USC00314144,2009-07-29,TMIN,222
USC00314684,2015-12-27,TMAX,233
USR0000NCRN,2011-02-06,TMIN,6
USW00093719,2014-01-28,TMAX,44
USR0000NCRN,2009-03-27,TMAX,217
USC00310356,2005-12-20,TMIN,-44
USC00310356,2005-12-20,TMAX,111
USW00013754,2011-06-19,TMAX,361
USR0000NNWB,2007-09-29,TMIN,144
USC00316096,2009-11-14,TMIN,122
USW00093765,2014-08-27,TMIN,228
USC00310576,2008-10-22,TMIN,33
USC00316096,2014-08-18,TMAX,311
USR0000NNWB,2012-08-21,TMAX,278
USR0000NCRN,2009-04-02,TMIN,133
USR0000NCRN,2009-04-02,TMAX,183
USW00013754,2015-06-08,TMAX,283
USR0000NNWB,2012-08-21,TMIN,217
USC00316676,2005-07-25,TMAX,300
USC00317170,2007-06-11,TMAX,278
USC00317170,2007-06-11,TMIN,144
USR0000NCRN,2013-11-10,TMIN,89
USC00316676,2005-07-25,TMIN,189
USW00013754,2015-06-08,TMIN,133
USC00316676,2012-12-22,TMAX,122
USC00314144,2006-06-17,TMIN,128
USC00314144,2006-06-17,TMAX,306
USR0000NHOF,2010-01-31,TMAX,17
USR0000NHOF,2010-01-31,TMIN,-72
USC00316676,2012-12-22,TMIN,33
USC00317170,2013-09-11,TMAX,311
USR0000NHOF,2008-11-19,TMIN,-44
USR0000NNWB,2015-03-22,TMIN,100
USC00315830,2015-11-23,TMIN,17
USW00013754,2011-05-11,TMAX,233
USR0000NCRN,2013-11-10,TMAX,211
USR0000NNWB,2014-11-06,TMAX,244
USR0000NNWB,2014-11-06,TMIN,128
USR0000NHOF,2011-06-24,TMAX,317
USR0000NNWB,2005-01-03,TMAX,222
USC00314689,2005-12-19,TMIN,0
USR0000NNWB,2005-01-03,TMIN,56
USC00310576,2006-06-16,TMAX,289
USW00093719,2014-07-17,TMIN,206
USC00310576,2006-06-16,TMIN,150
USR0000NNWB,2007-12-13,TMAX,244
USW00093719,2012-12-16,TMIN,122
USW00093719,2012-12-16,TMAX,161
USW00093765,2009-09-06,TMAX,256
USR0000NHOF,2011-06-24,TMIN,222
USR0000NNWB,2013-05-15,TMAX,317
USW00093719,2008-07-09,TMAX,300
USC00316676,2010-01-31,TMIN,-44
USC00316676,2010-01-31,TMAX,22
USR0000NNWB,2013-05-15,TMIN,133
USR0000NNWB,2011-02-09,TMAX,100
USR0000NNWB,2007-12-13,TMIN,117
USC00315830,2015-11-23,TMAX,133
USW00093765,2009-05-14,TMAX,244
USC00310576,2013-08-30,TMIN,189
USC00310356,2010-10-29,TMIN,144
USW00093719,2005-04-19,TMIN,89
USC00310576,2012-09-27,TMIN,117
USC00316676,2010-12-21,TMIN,-33
USC00314689,2010-07-20,TMAX,344
USC00316676,2010-12-21,TMAX,61
USR0000NHOF,2008-10-15,TMAX,300
USC00315830,2011-03-26,TMAX,156
USW00093743,2009-02-08,TMIN,61
USC00315830,2011-03-26,TMIN,89
USW00093743,2009-02-08,TMAX,183
USR0000NHOF,2005-12-20,TMAX,89
USC00315830,2015-08-30,TMAX,289
USC00314689,2010-07-20,TMIN,256
USC00310356,2011-09-07,TMIN,261
USC00316096,2013-12-27,TMAX,111
USR0000NNWB,2014-05-11,TMAX,306
USW00093765,2014-08-27,TMAX,306
USC00316096,2009-11-14,TMAX,150
USC00314689,2011-04-18,TMIN,106
USC00310356,2007-08-02,TMAX,328
USC00310356,2007-08-02,TMIN,228
USC00310576,2012-09-27,TMAX,278
USR0000NNWB,2009-10-25,TMIN,122
USR0000NHOF,2005-12-20,TMIN,-56
USR0000NNWB,2009-10-25,TMAX,217
USR0000NHOF,2008-11-19,TMAX,61
USC00317170,2013-09-11,TMIN,183
USC00310576,2013-08-30,TMAX,306
USW00093719,2011-04-14,TMAX,239
USC00310576,2013-03-13,TMAX,206
USC00310576,2013-03-13,TMIN,83
USR0000NCRN,2005-04-27,TMAX,233
USC00310356,2010-10-29,TMAX,256
USC00316096,2013-12-27,TMIN,-6
USR0000NCRN,2005-04-27,TMIN,117
USC00314689,2011-04-18,TMAX,261
USC00314144,2010-09-29,TMIN,183
USW00093719,2011-04-14,TMIN,100
USW00093743,2011-09-07,TMAX,289
USC00317170,2009-12-29,TMAX,89
USC00317170,2009-12-29,TMIN,11
USW00093765,2009-05-14,TMIN,200
USW00013754,2007-02-05,TMIN,-27
USW00013754,2007-02-05,TMAX,56
USC00315830,2006-05-30,TMAX,283
USC00315830,2006-05-30,TMIN,183
USW00093719,2005-04-19,TMAX,289
USW00093743,2011-09-07,TMIN,217
USC00314144,2011-03-23,TMAX,239
USW00093719,2009-08-12,TMAX,300
USC00317170,2015-02-07,TMAX,156
USC00310356,2007-12-03,TMAX,178
USR0000NNWB,2014-01-08,TMAX,72
USC00314684,2015-05-06,TMAX,278
USC00314684,2015-05-06,TMIN,94
USC00316676,2011-11-14,TMIN,56
USR0000NNWB,2012-11-01,TMIN,39
USR0000NNWB,2012-11-01,TMAX,161
USC00316676,2011-11-14,TMAX,228
USC00310356,2015-12-03,TMAX,200
USC00315830,2006-07-22,TMAX,306
USC00315830,2006-07-22,TMIN,272
USR0000NNWB,2013-03-02,TMAX,106
USC00314684,2013-01-11,TMAX,183
USC00310576,2010-06-13,TMIN,200
USR0000NNWB,2013-03-02,TMIN,0
USC00310576,2010-06-13,TMAX,339
USC00314689,2013-09-11,TMAX,317
USC00316676,2013-03-13,TMIN,94
USC00315830,2007-02-05,TMIN,-22
USC00315830,2007-02-05,TMAX,111
USC00314144,2010-11-12,TMIN,-6
USC00310356,2015-12-03,TMIN,117
USR0000NNWB,2014-01-08,TMIN,-89
USW00013754,2012-07-21,TMAX,317
USC00314689,2010-04-18,TMAX,261
USC00317170,2013-05-16,TMAX,328
USW00093719,2012-01-23,TMAX,183
USC00315830,2009-11-18,TMAX,222
USC00310576,2014-10-21,TMIN,39
USC00310576,2014-10-21,TMAX,239
USC00314684,2015-02-07,TMAX,39
USC00314684,2015-02-07,TMIN,-83
USR0000NCRN,2009-10-04,TMIN,200
USC00316676,2014-07-24,TMIN,239
USC00316676,2015-01-31,TMIN,-11
USC00316676,2006-01-25,TMAX,156
USC00315830,2013-06-15,TMAX,283
USC00315830,2013-06-15,TMIN,150
USC00316676,2015-01-31,TMAX,117
USC00316676,2014-07-24,TMAX,311
USW00013754,2012-07-21,TMIN,228
USC00310576,2011-05-13,TMAX,233
USC00310576,2011-06-24,TMAX,356
USC00310576,2011-06-24,TMIN,222
USC00314144,2007-06-07,TMAX,306
USC00314689,2010-04-18,TMIN,106
USC00310356,2007-12-03,TMIN,78
USC00315830,2009-11-18,TMIN,144
USC00314144,2010-11-12,TMAX,167
USC00316676,2006-01-25,TMIN,28
USW00093765,2013-05-16,TMIN,194
USW00093765,2013-05-16,TMAX,256
USC00314689,2008-11-15,TMAX,250
USR0000NNWB,2011-10-09,TMIN,156
USW00013754,2009-04-24,TMAX,261
USW00093765,2011-05-05,TMIN,106
USW00093743,2013-10-16,TMAX,239
USW00093743,2013-10-16,TMIN,183
USW00013754,2007-12-31,TMIN,44
USC00314144,2005-06-17,TMIN,161
USC00314144,2005-06-17,TMAX,306
USR0000NCRN,2008-04-28,TMAX,228
USC00317170,2011-09-16,TMAX,250
USR0000NCRN,2008-04-28,TMIN,189
USC00315830,2011-05-04,TMIN,183
USW00093765,2007-07-25,TMIN,183
USW00093765,2007-07-25,TMAX,283
USW00013754,2010-10-04,TMAX,178
USW00013754,2010-10-04,TMIN,117
USC00310356,2006-10-26,TMAX,194
USR0000NNWB,2010-05-27,TMIN,161
USC00314689,2008-11-15,TMIN,167
USC00316676,2013-03-13,TMAX,206
USW00093765,2011-10-06,TMIN,122
USR0000NNWB,2011-10-09,TMAX,256
USC00317170,2011-09-16,TMIN,156
USR0000NNWB,2010-11-16,TMAX,233
USC00314689,2013-09-11,TMIN,183
USC00310576,2013-01-15,TMAX,250
USC00314684,2008-01-11,TMIN,83
USR0000NCRN,2009-07-29,TMAX,300
USC00314684,2010-01-31,TMIN,-83
USR0000NCRN,2009-07-29,TMIN,272
USC00314684,2010-01-31,TMAX,6
USC00316096,2013-05-15,TMAX,239
USW00013754,2009-04-24,TMIN,89
USC00316096,2013-05-15,TMIN,156
USC00314684,2008-01-11,TMAX,200
USC00316676,2010-11-13,TMAX,167
USC00316676,2010-11-13,TMIN,22
USW00013754,2007-12-31,TMAX,161
USC00317170,2010-02-13,TMAX,50
USC00317170,2010-02-13,TMIN,17
USC00314684,2013-01-11,TMIN,56
USW00093743,2009-01-16,TMIN,-60
USW00093743,2009-01-16,TMAX,-5
USW00093765,2011-10-06,TMAX,250
USW00093719,2012-01-23,TMIN,61
USC00317170,2013-05-16,TMIN,178
USR0000NCRN,2009-10-04,TMAX,244
USC00317170,2015-12-06,TMAX,178
USC00314684,2007-04-08,TMIN,-61
USW00093765,2013-10-16,TMIN,189
USC00314684,2007-04-08,TMAX,100
USW00093765,2013-10-16,TMAX,228
USW00013754,2014-05-29,TMAX,267
USW00093743,2011-07-20,TMIN,267
USC00317170,2015-12-06,TMIN,44
USR0000NCRN,2008-04-07,TMAX,133
USR0000NCRN,2008-04-07,TMIN,100
USR0000NCRN,2006-08-14,TMAX,294
USC00316096,2015-06-22,TMIN,256
USC00316096,2015-06-22,TMAX,339
USR0000NCRN,2011-12-31,TMAX,194
USR0000NCRN,2006-09-10,TMIN,178
USC00310576,2011-05-13,TMIN,100
USC00314689,2006-03-12,TMIN,156
USW00093743,2011-07-20,TMAX,317
USC00314684,2011-06-12,TMAX,339
USR0000NCRN,2006-08-14,TMIN,167
USC00316096,2009-09-14,TMIN,144
USR0000NNWB,2011-05-07,TMIN,89
USW00013754,2014-05-29,TMIN,200
USR0000NHOF,2009-01-16,TMAX,-17
USC00314689,2007-08-22,TMIN,228
USC00316676,2011-04-29,TMAX,267
USC00310576,2007-08-27,TMIN,222
USC00314689,2014-08-27,TMAX,289
USC00310576,2007-08-27,TMAX,333
USR0000NNWB,2015-08-12,TMIN,206
USC00314689,2014-08-27,TMIN,172
USC00316676,2011-04-29,TMIN,156
USW00093719,2007-09-24,TMIN,156
USC00310576,2010-01-31,TMAX,44
USC00315830,2008-03-30,TMIN,22
USW00013754,2014-01-08,TMAX,67
USW00013754,2014-01-08,TMIN,-82
USR0000NHOF,2009-01-16,TMIN,-83
USC00310576,2010-01-31,TMIN,-11
USW00093765,2007-08-24,TMIN,233
USC00314684,2007-11-09,TMIN,-6
USC00314144,2007-06-07,TMIN,139
USC00317170,2007-06-21,TMAX,306
USC00315830,2005-06-01,TMIN,178
USC00317170,2007-06-21,TMIN,172
USW00093765,2007-08-24,TMAX,306
USC00314684,2007-11-09,TMAX,133
USC00314684,2011-06-12,TMIN,194
USC00315830,2008-02-09,TMIN,50
USC00315830,2008-02-09,TMAX,183
USR0000NCRN,2015-06-09,TMIN,206
USW00093765,2008-01-10,TMAX,217
USR0000NCRN,2015-06-09,TMAX,283
USW00093765,2010-02-13,TMAX,50
USW00093719,2011-10-23,TMAX,217
USC00310576,2010-06-27,TMAX,344
USW00093765,2010-02-13,TMIN,11
USC00310356,2011-07-20,TMAX,300
USR0000NCRN,2006-05-31,TMIN,189
USR0000NCRN,2006-05-31,TMAX,283
USW00093719,2011-10-23,TMIN,106
USR0000NNWB,2012-02-03,TMIN,22
USC00314689,2009-12-29,TMAX,89
USC00310576,2010-06-27,TMIN,228
USC00317170,2012-09-14,TMAX,283
USC00317170,2012-09-14,TMIN,189
USC00314689,2009-12-29,TMIN,-17
USR0000NNWB,2012-02-03,TMAX,144
USC00314684,2007-05-17,TMAX,283
USC00314684,2007-05-17,TMIN,156
USC00317170,2015-03-16,TMIN,28
USW00093765,2015-06-08,TMIN,161
USW00093765,2015-06-08,TMAX,272
USC00310356,2011-07-20,TMIN,244
USC00316096,2009-09-14,TMAX,283
USC00314689,2011-11-23,TMAX,233
USC00316676,2012-06-18,TMAX,267
USC00314689,2011-11-23,TMIN,167
USR0000NCRN,2006-02-21,TMIN,44
USR0000NCRN,2006-02-21,TMAX,150
USW00093719,2014-07-24,TMAX,333
USR0000NCRN,2006-09-10,TMAX,294
USW00093719,2014-07-24,TMIN,211
USC00316096,2013-09-11,TMAX,300
USR0000NCRN,2014-12-15,TMIN,-17
USR0000NNWB,2010-05-27,TMAX,333
USC00316676,2012-06-18,TMIN,133
USC00314689,2007-08-07,TMAX,361
USR0000NCRN,2014-12-15,TMAX,156
USC00316676,2012-07-16,TMIN,217
USC00316096,2013-09-11,TMIN,183
USC00314689,2007-08-07,TMIN,244
USC00316676,2012-07-16,TMAX,306
USW00093743,2010-11-23,TMAX,211
USW00093743,2010-11-23,TMIN,106
USW00093765,2008-01-10,TMIN,100
USC00314689,2014-01-28,TMIN,-22
USR0000NNWB,2010-11-16,TMIN,133
USC00310576,2010-06-20,TMIN,211
USC00310356,2011-01-01,TMAX,94
USC00317170,2009-09-14,TMAX,294
USC00315830,2005-06-02,TMIN,167
USC00317170,2008-11-15,TMAX,256
USC00317170,2008-11-15,TMIN,156
USW00093765,2013-12-03,TMAX,167
USC00314689,2011-03-06,TMAX,194
USR0000NCRN,2010-11-04,TMAX,206
USR0000NHOF,2009-11-30,TMAX,194
USC00315830,2013-12-25,TMIN,-6
USW00093719,2015-11-23,TMIN,-16
USW00093719,2015-11-23,TMAX,78
USC00314689,2011-12-16,TMAX,222
USW00093765,2013-12-03,TMIN,44
USC00317170,2015-03-16,TMAX,244
USR0000NHOF,2010-05-09,TMIN,39
USR0000NHOF,2010-05-09,TMAX,217
USC00314684,2011-04-14,TMIN,67
USR0000NCRN,2009-08-02,TMAX,294
USC00310356,2012-05-30,TMAX,278
USC00310356,2012-05-30,TMIN,239
USR0000NCRN,2009-08-02,TMIN,267
USC00314684,2011-04-14,TMAX,222
USC00316676,2014-04-05,TMIN,144
USC00316096,2011-10-23,TMIN,111
USW00013754,2009-01-04,TMAX,161
USW00093765,2011-02-08,TMIN,33
USW00093765,2011-02-18,TMAX,172
USC00317170,2015-06-08,TMAX,283
USC00317170,2010-03-31,TMAX,239
USW00093719,2015-12-27,TMIN,178
USW00093719,2015-12-27,TMAX,261
USW00093765,2011-02-18,TMIN,106
USC00317170,2008-03-11,TMIN,61
USC00317170,2008-03-11,TMAX,206
USW00093743,2010-09-26,TMAX,289
USW00093743,2010-09-26,TMIN,233
USC00317170,2015-06-08,TMIN,133
USW00093719,2008-02-25,TMAX,161
USC00316676,2009-08-19,TMAX,322
USC00314684,2008-01-28,TMIN,-56
USC00314684,2008-01-28,TMAX,117
USW00093719,2008-02-25,TMIN,17
USC00317170,2010-03-31,TMIN,78
USW00013754,2009-01-04,TMIN,33
USC00310356,2010-11-13,TMIN,72
USW00093765,2005-04-19,TMIN,139
USC00314684,2011-02-18,TMAX,217
USC00315830,2014-05-25,TMIN,139
USC00316096,2014-07-09,TMAX,306
USC00314144,2006-03-24,TMAX,128
USW00093719,2013-05-16,TMIN,183
USC00310356,2008-11-26,TMIN,28
USR0000NNWB,2007-05-02,TMIN,183
USC00315830,2005-12-03,TMAX,111
USC00314144,2011-03-23,TMIN,100
USC00315830,2015-07-21,TMAX,306
USW00093743,2012-05-30,TMAX,250
USR0000NNWB,2014-05-25,TMIN,133
USW00093743,2012-05-30,TMIN,189
USC00314689,2007-05-17,TMIN,161
USC00314689,2007-05-17,TMAX,289
USR0000NNWB,2014-05-25,TMAX,294
USC00315830,2015-07-21,TMIN,272
USW00093765,2012-08-21,TMAX,256
USW00013754,2015-03-10,TMIN,83
USR0000NNWB,2007-02-20,TMAX,189
USR0000NNWB,2007-07-04,TMIN,161
USW00013754,2015-03-10,TMAX,244
USW00093765,2005-11-22,TMAX,161
USC00316676,2011-08-20,TMAX,328
USW00093765,2005-11-22,TMIN,61
USC00315830,2013-06-16,TMIN,150
USR0000NNWB,2007-05-02,TMAX,322
USR0000NCRN,2010-11-04,TMIN,106
USC00315830,2013-01-24,TMAX,100
USC00316096,2014-07-09,TMIN,261
USR0000NHOF,2014-08-28,TMIN,150
USC00316676,2012-04-09,TMIN,100
USW00093719,2013-05-16,TMAX,328
USC00316676,2012-04-09,TMAX,239
USC00314689,2011-12-16,TMIN,139
USC00316676,2014-04-05,TMAX,317
USW00013754,2012-11-01,TMIN,39
USW00093719,2006-02-25,TMIN,-6
USC00314144,2006-03-24,TMIN,22
USW00093719,2006-02-25,TMAX,178
USR0000NHOF,2009-11-30,TMIN,83
USR0000NHOF,2014-08-28,TMAX,356
USW00093765,2011-06-06,TMIN,211
USW00093765,2011-06-06,TMAX,300
USW00013754,2012-11-01,TMAX,167
USC00315830,2005-12-03,TMIN,-44
USC00310356,2008-11-26,TMAX,167
USC00310576,2012-03-28,TMIN,28
USC00310576,2012-03-28,TMAX,161
USC00315830,2013-01-24,TMIN,-11
USC00310356,2011-07-30,TMAX,311
USC00315830,2013-12-25,TMAX,89
USC00316676,2011-08-20,TMIN,206
USR0000NHOF,2015-12-03,TMAX,172
USC00315830,2014-05-25,TMAX,256
USW00093765,2007-02-25,TMIN,22
USW00093719,2008-05-22,TMAX,267
USC00314144,2010-11-06,TMAX,156
USC00314144,2010-11-06,TMIN,44
USR0000NNWB,2009-08-12,TMIN,222
USW00013754,2012-02-03,TMIN,22
USR0000NNWB,2009-08-12,TMAX,294
USW00013754,2012-02-03,TMAX,133
USC00314689,2008-05-14,TMIN,89
USC00314689,2008-05-14,TMAX,244
USW00093719,2008-10-03,TMAX,239
USC00310576,2009-11-18,TMAX,189
USC00310576,2009-11-18,TMIN,111
USW00093719,2008-10-03,TMIN,83
USC00314689,2014-01-28,TMAX,189
USW00093743,2012-08-06,TMAX,300
USW00093743,2012-08-06,TMIN,239
USR0000NNWB,2015-03-10,TMIN,83
USR0000NCRN,2008-09-20,TMAX,244
USC00310576,2005-04-03,TMAX,189
USC00316676,2015-10-12,TMAX,222
USR0000NCRN,2008-09-20,TMIN,172
USW00093719,2008-05-22,TMIN,111
USR0000NNWB,2011-05-07,TMAX,250
USW00093765,2005-03-19,TMAX,150
USR0000NNWB,2009-09-06,TMIN,194
USC00310576,2013-01-15,TMIN,111
USC00310576,2010-06-20,TMAX,311
USC00316676,2007-11-30,TMAX,156
USC00317170,2009-09-14,TMIN,156
USC00314684,2014-11-06,TMAX,222
USC00316676,2007-11-30,TMIN,44
USC00314684,2014-11-06,TMIN,117
USC00314144,2006-05-31,TMIN,156
USR0000NNWB,2009-09-06,TMAX,267
USC00314144,2006-05-31,TMAX,306
USC00315830,2011-05-04,TMAX,250
USR0000NNWB,2010-11-17,TMIN,56
USW00093765,2011-09-16,TMAX,222
USW00093765,2011-09-16,TMIN,178
USC00310576,2005-06-08,TMIN,200
USC00310576,2005-06-08,TMAX,306
USC00310356,2012-08-06,TMAX,311
USC00314689,2013-05-15,TMAX,306
USC00314689,2013-05-15,TMIN,56
USC00310356,2012-08-06,TMIN,272
USC00310356,2006-10-26,TMIN,17
USW00093765,2011-05-05,TMAX,206
USR0000NNWB,2015-03-10,TMAX,244
USC00316676,2015-10-12,TMIN,156
USR0000NHOF,2010-11-23,TMAX,233
USR0000NHOF,2014-02-05,TMAX,217
USW00013754,2009-06-12,TMIN,211
USC00314684,2005-11-22,TMIN,78
USC00314684,2011-02-18,TMIN,28
USR0000NHOF,2014-02-05,TMIN,61
USC00310356,2009-01-16,TMIN,-50
USC00310356,2009-01-16,TMAX,117
USC00310576,2014-03-20,TMAX,161
USC00310576,2014-03-20,TMIN,78
USC00314689,2013-03-02,TMIN,-6
USC00314689,2013-03-02,TMAX,106
USR0000NHOF,2012-08-06,TMAX,311
USC00314684,2005-11-22,TMAX,183
USW00093765,2007-11-02,TMIN,122
USW00093765,2005-04-19,TMAX,200
USC00314144,2008-03-26,TMAX,200
USR0000NHOF,2012-08-06,TMIN,217
USW00013754,2010-11-05,TMAX,156
USC00317170,2009-01-21,TMAX,33
USC00310356,2010-11-13,TMAX,161
USW00093765,2007-02-25,TMAX,167
USR0000NNWB,2008-05-14,TMIN,67
USR0000NHOF,2009-12-24,TMAX,111
USR0000NNWB,2008-05-14,TMAX,256
USC00317170,2008-08-29,TMIN,228
USC00314144,2008-03-26,TMIN,17
USC00310576,2005-04-03,TMIN,83
USC00316676,2009-08-19,TMIN,217
USR0000NNWB,2010-11-17,TMAX,206
USC00314689,2011-03-06,TMIN,144
USR0000NHOF,2010-11-23,TMIN,94
USR0000NHOF,2009-12-24,TMIN,-28
USC00310356,2011-01-01,TMIN,17
USR0000NHOF,2006-10-26,TMAX,167
USR0000NHOF,2006-10-26,TMIN,-28
USW00093765,2007-11-02,TMAX,194
USR0000NCRN,2007-10-30,TMIN,56
USR0000NCRN,2007-10-30,TMAX,206
USW00093765,2005-03-19,TMIN,78
USW00013754,2009-06-12,TMAX,317
USC00317170,2009-01-21,TMIN,-44
USW00093765,2011-02-08,TMAX,128
USW00093743,2014-02-05,TMAX,161
USW00093743,2014-02-05,TMIN,72
USC00314684,2005-12-28,TMAX,122
USC00314684,2005-12-28,TMIN,6
USC00317170,2008-08-29,TMAX,322
USC00315830,2005-06-02,TMAX,261
USC00316096,2010-01-31,TMAX,22
USC00316096,2010-01-31,TMIN,-56
USC00310576,2014-11-30,TMAX,128
USC00314144,2005-12-29,TMAX,167
USW00013754,2013-03-02,TMIN,11
USW00093765,2009-10-25,TMAX,217
USC00310576,2010-09-11,TMAX,289
USC00310576,2010-09-11,TMIN,139
USR0000NNWB,2014-06-04,TMIN,194
USW00093765,2008-12-08,TMIN,-27
USC00317170,2007-07-25,TMIN,167
USC00316096,2010-04-21,TMIN,94
USW00093765,2012-11-07,TMIN,44
USC00314684,2005-06-23,TMIN,183
USC00310356,2008-04-13,TMIN,150
USC00310356,2008-04-13,TMAX,206
USW00093765,2005-12-28,TMAX,150
USW00093765,2005-12-28,TMIN,22
USR0000NCRN,2009-04-18,TMAX,222
USC00316096,2010-04-21,TMAX,189
USW00093765,2006-03-18,TMIN,44
USR0000NCRN,2009-04-18,TMIN,56
USC00317170,2007-07-25,TMAX,300
USC00315830,2015-03-22,TMAX,156
USC00314144,2005-12-29,TMIN,78
USW00093765,2008-12-01,TMAX,167
USW00093765,2008-12-08,TMAX,94
USW00013754,2008-01-28,TMIN,-21
USC00316676,2007-03-22,TMAX,183
USW00093765,2012-09-14,TMAX,272
USC00310356,2013-11-10,TMAX,172
USC00310356,2013-11-10,TMIN,67
USC00314689,2009-11-14,TMIN,122
USW00093719,2012-11-01,TMIN,39
USR0000NCRN,2010-10-29,TMAX,206
USW00013754,2013-03-02,TMAX,117
USR0000NCRN,2010-10-29,TMIN,56
USW00093719,2012-11-01,TMAX,167
USW00093765,2014-11-06,TMAX,222
USC00310576,2014-05-06,TMIN,128
USW00093719,2011-04-18,TMAX,261
USW00093765,2012-09-14,TMIN,211
USW00093719,2011-04-18,TMIN,83
USW00093765,2014-11-06,TMIN,139
USW00013754,2008-01-28,TMAX,100
USW00093765,2007-11-27,TMAX,200
USC00315830,2009-10-04,TMIN,167
USC00315830,2009-10-04,TMAX,272
USW00093765,2006-03-18,TMAX,144
USC00310576,2014-05-06,TMAX,278
USR0000NHOF,2015-06-09,TMIN,194
USW00093743,2008-03-15,TMIN,128
USW00093765,2008-12-01,TMIN,72
USW00093719,2005-06-13,TMIN,222
USW00093765,2015-07-21,TMIN,244
USW00093765,2015-07-21,TMAX,317
USR0000NNWB,2011-08-06,TMAX,322
USC00314144,2009-11-09,TMAX,244
USC00314144,2007-10-13,TMIN,22
USC00314144,2007-10-13,TMAX,233
USW00093743,2013-11-10,TMAX,206
USW00093743,2013-11-10,TMIN,111
USC00315830,2008-06-28,TMAX,300
USC00315830,2008-06-28,TMIN,261
USC00310576,2013-06-15,TMAX,256
USC00310576,2013-06-15,TMIN,122
USR0000NNWB,2009-02-17,TMIN,-39
USR0000NNWB,2011-08-06,TMIN,256
USR0000NNWB,2009-02-17,TMAX,89
USC00310576,2012-11-01,TMIN,28
USC00310356,2008-01-07,TMIN,-6
USC00314144,2009-11-09,TMIN,44
USC00315830,2014-05-11,TMAX,256
USC00315830,2014-05-11,TMIN,217
USC00315830,2013-08-29,TMIN,256
USC00314144,2009-03-15,TMIN,78
USC00315830,2013-08-29,TMAX,311
USC00310576,2012-11-01,TMAX,161
USW00013754,2015-01-08,TMAX,-16
USW00093743,2008-03-15,TMAX,211
USR0000NHOF,2015-06-09,TMAX,300
USR0000NCRN,2013-08-30,TMIN,200
USR0000NCRN,2013-08-30,TMAX,294
USC00315830,2010-11-25,TMIN,61
USC00314144,2010-08-30,TMAX,333
USC00314144,2010-08-30,TMIN,189
USC00315830,2010-11-25,TMAX,200
USR0000NCRN,2015-03-26,TMIN,167
USW00013754,2013-06-16,TMAX,283
USC00315830,2012-09-27,TMAX,278
USC00314144,2009-10-04,TMAX,233
USC00314144,2009-10-04,TMIN,111
USC00310576,2012-04-09,TMAX,228
USC00310356,2015-06-09,TMIN,239
USR0000NNWB,2014-07-24,TMAX,317
USR0000NNWB,2014-07-24,TMIN,206
USW00093765,2012-11-07,TMAX,94
USC00310356,2015-06-09,TMAX,272
USC00310576,2012-04-09,TMIN,89
USC00314144,2009-03-15,TMAX,128
USC00315830,2012-09-27,TMIN,167
USW00093719,2005-08-11,TMAX,328
USW00013754,2013-06-16,TMIN,183
USC00316676,2007-03-22,TMIN,72
USR0000NNWB,2012-01-16,TMIN,-44
USC00317170,2013-05-15,TMAX,300
USC00317170,2013-05-15,TMIN,133
USW00093765,2009-06-29,TMAX,317
USC00310576,2005-01-30,TMIN,33
USC00310576,2005-01-30,TMAX,94
USW00013754,2014-02-05,TMIN,61
USC00314144,2005-03-24,TMAX,217
USC00314144,2005-03-24,TMIN,83
USR0000NNWB,2010-11-05,TMAX,161
USR0000NCRN,2014-02-05,TMAX,172
USC00310576,2010-11-23,TMIN,61
USC00314684,2005-10-01,TMIN,167
USW00013754,2015-01-08,TMIN,-82
USC00314684,2005-10-01,TMAX,228
USC00314689,2011-02-09,TMIN,-33
USR0000NNWB,2013-06-16,TMIN,189
USR0000NNWB,2013-06-16,TMAX,311
USC00314144,2008-08-15,TMIN,139
USC00314684,2011-10-09,TMIN,89
USW00013754,2014-07-24,TMAX,322
USW00093765,2009-06-29,TMIN,256
USR0000NNWB,2012-01-16,TMAX,122
USC00310356,2010-09-26,TMIN,239
USC00315830,2014-10-21,TMAX,217
USC00315830,2014-10-20,TMIN,72
USC00310356,2010-12-31,TMIN,6
USC00317170,2015-02-07,TMIN,-39
USC00314689,2015-10-06,TMAX,189
USR0000NNWB,2015-07-26,TMIN,178
USC00316676,2011-02-03,TMAX,239
USR0000NNWB,2015-07-26,TMAX,328
USR0000NHOF,2011-07-10,TMIN,206
USW00093719,2011-11-14,TMIN,139
USC00310356,2010-09-26,TMAX,289
USW00093719,2013-12-03,TMIN,6
USR0000NHOF,2011-07-10,TMAX,322
USW00093719,2007-05-15,TMIN,100
USC00317170,2015-12-27,TMAX,294
USC00310576,2010-08-24,TMAX,317
USW00093719,2007-05-15,TMAX,267
USC00314684,2006-04-19,TMIN,61
USW00013754,2009-09-27,TMIN,183
USC00315830,2014-10-21,TMIN,83
USC00314689,2015-10-06,TMIN,144
USC00314684,2006-04-19,TMAX,217
USW00013754,2009-09-27,TMAX,272
USW00093765,2015-12-06,TMAX,183
USR0000NHOF,2008-03-15,TMIN,106
USW00093765,2015-12-06,TMIN,89
USR0000NHOF,2007-04-27,TMAX,261
USR0000NNWB,2012-07-21,TMIN,222
USC00310576,2007-09-10,TMIN,211
USC00314689,2007-05-23,TMIN,133
USC00315830,2015-10-26,TMAX,250
USC00315830,2015-10-26,TMIN,161
USW00093719,2010-02-13,TMAX,17
USW00093719,2010-02-13,TMIN,-17
USW00093765,2009-09-14,TMAX,283
USW00093765,2009-09-14,TMIN,167
USC00314689,2007-05-23,TMAX,267
USW00093765,2009-10-25,TMIN,144
USR0000NNWB,2012-07-21,TMAX,311
USC00315830,2010-08-12,TMAX,322
USC00315830,2010-08-12,TMIN,267
USW00013754,2012-02-22,TMIN,94
USR0000NHOF,2007-04-27,TMIN,206
USC00314689,2009-11-14,TMAX,156
USR0000NNWB,2014-06-04,TMAX,344
USR0000NCRN,2005-12-20,TMIN,-17
USW00093765,2007-11-27,TMIN,106
USC00310576,2007-09-10,TMAX,294
USC00314684,2011-10-09,TMAX,244
USC00314144,2006-08-26,TMAX,328
USC00315830,2008-08-10,TMAX,300
USR0000NCRN,2014-02-05,TMIN,67
USR0000NHOF,2008-03-15,TMAX,233
USR0000NNWB,2007-07-03,TMIN,172
USR0000NNWB,2007-07-03,TMAX,283
USW00013754,2014-07-24,TMIN,206
USW00013754,2014-02-05,TMAX,206
USC00317170,2009-08-18,TMAX,328
USC00314684,2006-07-22,TMIN,228
USC00314144,2006-08-26,TMIN,161
USC00314684,2006-07-22,TMAX,322
USR0000NCRN,2005-12-20,TMAX,111
USW00093765,2010-04-18,TMAX,200
USC00310576,2010-11-23,TMAX,233
USC00314144,2008-08-15,TMAX,294
USC00314684,2013-09-11,TMAX,317
USC00317170,2009-08-18,TMIN,228
USC00314684,2013-09-11,TMIN,172
USW00093765,2010-04-18,TMIN,94
USC00315830,2008-08-10,TMIN,228
USW00013754,2012-02-22,TMAX,217
USW00093743,2012-01-01,TMIN,17
USC00310356,2008-01-07,TMAX,156
USC00310576,2013-10-26,TMIN,22
USW00093719,2013-12-03,TMAX,178
USW00093743,2011-07-10,TMIN,228
USW00093765,2015-12-27,TMIN,183
USW00013754,2008-05-14,TMAX,239
USW00013754,2008-05-14,TMIN,56
USR0000NNWB,2007-04-05,TMIN,50
USR0000NCRN,2011-08-12,TMIN,244
USW00093765,2007-02-12,TMIN,-21
USW00093719,2014-05-25,TMIN,139
USC00314689,2010-01-31,TMIN,-78
USW00093719,2014-05-25,TMAX,289
USC00314689,2010-01-31,TMAX,0
USC00315830,2006-09-16,TMAX,261
USR0000NHOF,2007-03-31,TMIN,0
USR0000NHOF,2007-03-31,TMAX,233
USW00093765,2007-02-12,TMAX,150
USC00315830,2013-02-01,TMAX,144
USC00315830,2013-02-01,TMIN,72
USR0000NNWB,2006-03-10,TMIN,167
USR0000NNWB,2006-03-10,TMAX,233
USW00093765,2010-12-14,TMAX,11
USC00317170,2009-05-14,TMIN,139
USW00093719,2007-11-27,TMAX,217
USW00093765,2015-01-18,TMAX,167
USR0000NCRN,2013-12-12,TMAX,78
USW00093765,2015-01-18,TMIN,56
USW00093719,2008-07-19,TMIN,211
USC00314684,2005-09-02,TMAX,322
USR0000NCRN,2010-03-14,TMIN,94
USR0000NCRN,2013-12-12,TMIN,-33
USC00310576,2008-12-15,TMAX,172
USR0000NCRN,2010-07-24,TMAX,311
USR0000NCRN,2010-03-14,TMAX,167
USC00314684,2007-05-02,TMAX,344
USW00093765,2007-04-08,TMAX,111
USW00093765,2005-10-30,TMAX,194
USR0000NCRN,2010-07-24,TMIN,267
USR0000NNWB,2007-04-05,TMAX,172
USW00093765,2007-04-08,TMIN,6
USC00315830,2013-11-10,TMIN,117
USR0000NCRN,2011-09-19,TMAX,250
USW00013754,2008-04-15,TMIN,72
USC00317170,2007-05-23,TMAX,256
USW00093719,2006-12-16,TMAX,178
USR0000NCRN,2011-09-19,TMIN,178
USC00315830,2006-09-16,TMIN,167
USC00314689,2011-10-23,TMAX,206
USW00093719,2006-12-16,TMIN,17
USC00314684,2005-09-02,TMIN,183
USC00317170,2007-05-23,TMIN,144
USC00314684,2010-08-12,TMIN,239
USC00314684,2010-08-12,TMAX,339
USC00310576,2007-08-28,TMIN,233
USW00093719,2006-12-08,TMIN,-61
USW00093719,2010-12-14,TMAX,11
USR0000NCRN,2011-12-31,TMIN,50
USC00310576,2015-01-10,TMAX,133
USR0000NNWB,2008-01-28,TMAX,106
USC00315830,2007-07-07,TMAX,317
USC00317170,2015-08-08,TMIN,106
USC00315830,2007-07-07,TMIN,256
USR0000NNWB,2008-01-28,TMIN,-39
USC00314684,2013-05-16,TMIN,150
USC00314684,2013-05-16,TMAX,322
USW00093719,2007-09-24,TMAX,283
USC00317170,2011-12-25,TMIN,6
USC00314684,2014-07-17,TMIN,172
USC00317170,2011-08-03,TMIN,256
USC00310576,2015-01-10,TMIN,0
USC00314684,2014-07-17,TMAX,261
USC00315830,2005-06-01,TMAX,244
USW00093719,2010-12-14,TMIN,-56
USR0000NNWB,2015-08-12,TMAX,317
USR0000NHOF,2015-12-03,TMIN,33
USC00316096,2009-12-29,TMIN,-39
USW00093765,2007-10-07,TMAX,289
USW00093765,2007-10-07,TMIN,206
USW00093719,2006-12-08,TMAX,39
USC00314684,2013-05-15,TMAX,217
USC00314684,2013-05-15,TMIN,94
USC00317170,2015-08-08,TMAX,311
USC00310576,2008-12-15,TMIN,94
USW00093765,2005-02-18,TMAX,100
USC00310576,2007-08-28,TMAX,294
USW00093719,2008-07-11,TMAX,283
USW00093719,2008-07-11,TMIN,222
USW00093765,2005-02-18,TMIN,-17
USW00093719,2005-08-01,TMAX,294
USC00314689,2011-10-23,TMIN,78
USC00317170,2011-12-25,TMAX,161
USW00093719,2007-11-27,TMIN,67
USC00316676,2008-03-03,TMIN,11
USC00315830,2013-11-10,TMAX,217
USC00316676,2008-03-03,TMAX,161
USC00315830,2006-02-25,TMAX,156
USC00316676,2014-03-20,TMIN,67
USC00316676,2014-03-20,TMAX,133
USC00316096,2009-12-29,TMAX,72
USC00315830,2006-02-25,TMIN,-6
USW00013754,2008-04-15,TMAX,167
USW00093719,2005-08-01,TMIN,222
USW00093719,2005-08-11,TMIN,228
USW00093765,2005-10-30,TMIN,39
USC00314684,2012-07-16,TMIN,222
USR0000NNWB,2009-01-04,TMAX,156
USR0000NNWB,2007-12-12,TMIN,122
USW00093765,2010-03-31,TMAX,222
USW00093765,2010-03-31,TMIN,89
USC00315830,2008-08-25,TMIN,217
USC00316096,2015-04-11,TMAX,222
USR0000NCRN,2011-03-29,TMAX,161
USR0000NCRN,2011-03-29,TMIN,-17
USR0000NHOF,2010-06-13,TMAX,356
USC00316096,2011-12-16,TMIN,117
USC00315830,2015-03-22,TMIN,67
USR0000NHOF,2010-06-13,TMIN,222
USC00316676,2006-01-21,TMAX,167
USR0000NCRN,2015-03-26,TMAX,217
USC00314144,2009-04-02,TMIN,111
USR0000NHOF,2011-07-20,TMAX,361
USC00317170,2009-05-14,TMAX,261
USW00013754,2012-12-16,TMIN,122
USR0000NNWB,2011-05-13,TMIN,183
USC00315830,2013-03-13,TMAX,178
USC00310576,2005-09-02,TMAX,311
USC00310576,2008-07-06,TMIN,206
USC00314144,2009-04-02,TMAX,183
USR0000NNWB,2009-01-04,TMIN,50
USW00093719,2007-10-07,TMAX,306
USW00093765,2015-12-27,TMAX,239
USC00314684,2005-06-23,TMAX,322
USR0000NNWB,2008-11-07,TMAX,256
USR0000NNWB,2008-11-07,TMIN,133
USR0000NHOF,2006-05-31,TMIN,150
USR0000NHOF,2006-05-31,TMAX,272
USC00316096,2015-04-11,TMIN,117
USC00316096,2011-12-16,TMAX,228
USW00093743,2011-07-10,TMAX,294
USC00316676,2006-01-21,TMIN,0
USW00013754,2011-10-09,TMAX,244
USC00315830,2006-06-16,TMAX,294
USW00013754,2011-10-09,TMIN,161
USC00315830,2006-06-16,TMIN,161
USR0000NHOF,2011-07-20,TMIN,239
USC00314689,2013-05-16,TMIN,189
USC00314689,2013-05-16,TMAX,322
USR0000NNWB,2007-12-12,TMAX,250
USC00310576,2008-07-06,TMAX,311
USW00093719,2010-05-27,TMIN,150
USW00093719,2010-05-27,TMAX,322
USW00093719,2007-10-07,TMIN,194
USC00310356,2010-11-23,TMAX,183
USC00310576,2005-09-02,TMIN,200
USC00310356,2006-05-31,TMIN,200
USC00316676,2008-08-02,TMAX,328
USC00314689,2005-10-24,TMIN,106
USC00316676,2008-08-02,TMIN,222
USR0000NCRN,2011-08-12,TMAX,317
USW00013754,2009-09-06,TMAX,256
USW00013754,2009-09-06,TMIN,206
USC00316096,2011-11-23,TMAX,233
USC00316096,2011-11-23,TMIN,117
USC00310356,2011-07-10,TMIN,233
USC00310356,2011-07-10,TMAX,289
USC00314144,2010-02-14,TMIN,-89
USC00314144,2010-02-14,TMAX,67
USC00314689,2015-06-22,TMIN,256
USC00314689,2015-06-22,TMAX,350
USC00317170,2010-04-21,TMAX,178
USC00315830,2008-09-24,TMIN,183
USC00315830,2008-09-24,TMAX,239
USW00093719,2008-07-19,TMAX,317
USC00317170,2010-04-21,TMIN,111
USC00310576,2014-11-30,TMIN,0
USC00314684,2012-07-16,TMAX,300
USR0000NNWB,2011-05-13,TMAX,267
USC00316096,2013-05-16,TMAX,278
USC00316096,2013-05-16,TMIN,183
USW00093719,2005-06-13,TMAX,306
USC00310356,2010-11-23,TMIN,139
USC00310356,2006-05-31,TMAX,344
USW00013754,2012-12-16,TMAX,172
USC00310356,2008-03-15,TMIN,128
USC00310356,2008-03-15,TMAX,172
USC00316676,2006-10-05,TMAX,283
USC00317170,2013-10-16,TMIN,161
USC00317170,2013-10-16,TMAX,228
USC00317170,2014-11-06,TMAX,233
USC00317170,2014-11-06,TMIN,133
USC00314684,2007-05-02,TMIN,178
USC00316096,2014-08-27,TMAX,300
USC00315830,2008-08-25,TMAX,300
USC00316096,2014-08-27,TMIN,200
USR0000NHOF,2007-11-15,TMAX,200
USR0000NHOF,2007-11-15,TMIN,17
USC00315830,2011-06-19,TMAX,306
USC00315830,2011-06-19,TMIN,244
USC00315830,2013-03-13,TMIN,78
USC00316096,2009-06-07,TMAX,267
USC00316676,2006-10-05,TMIN,128
USW00093765,2010-12-14,TMIN,-43
USC00316096,2009-06-07,TMIN,183
USC00314144,2007-06-21,TMAX,294
USW00093743,2009-01-31,TMIN,-32
USW00093719,2015-11-04,TMIN,161
USC00316096,2014-03-22,TMIN,56
USC00310356,2010-06-27,TMAX,306
USC00310356,2010-02-02,TMAX,100
USC00314689,2010-03-14,TMIN,83
USC00314689,2010-03-14,TMAX,194
USW00093765,2011-05-23,TMAX,283
USR0000NHOF,2010-07-12,TMIN,189
USC00317170,2009-11-18,TMIN,133
USW00013754,2015-06-23,TMIN,267
USW00013754,2015-06-23,TMAX,328
USC00316096,2014-03-22,TMAX,228
USW00093743,2009-02-03,TMAX,100
USR0000NNWB,2008-03-31,TMAX,211
USW00093743,2009-02-03,TMIN,-10
USC00310356,2010-06-27,TMIN,256
USW00013754,2010-06-13,TMIN,244
USC00316676,2014-08-28,TMIN,172
USW00013754,2010-06-13,TMAX,356
USC00315830,2008-08-21,TMIN,228
USC00316676,2014-08-28,TMAX,294
USR0000NCRN,2013-05-14,TMAX,211
USW00013754,2013-12-27,TMIN,11
USR0000NCRN,2013-05-14,TMIN,44
USR0000NHOF,2008-07-13,TMAX,306
USW00013754,2011-04-28,TMAX,261
USC00317170,2015-09-09,TMAX,317
USC00315830,2009-02-17,TMIN,-17
USW00093719,2012-05-30,TMIN,189
USC00316676,2007-12-09,TMAX,222
USR0000NHOF,2007-06-07,TMIN,139
USW00093765,2009-08-26,TMAX,294
USC00315830,2008-08-29,TMIN,222
USW00093719,2010-09-22,TMIN,156
USW00013754,2010-08-13,TMIN,244
USR0000NHOF,2007-06-07,TMAX,306
USW00013754,2010-08-13,TMAX,328
USW00093765,2014-11-07,TMIN,94
USW00093765,2014-11-07,TMAX,172
USR0000NHOF,2008-07-13,TMIN,139
USW00093765,2009-08-26,TMIN,217
USC00316676,2008-04-17,TMIN,11
USW00093743,2010-02-02,TMIN,17
USW00093743,2010-02-02,TMAX,128
USC00316096,2015-10-24,TMIN,122
USW00013754,2011-04-28,TMIN,217
USW00093719,2012-05-30,TMAX,244
USC00316096,2015-10-24,TMAX,217
USR0000NCRN,2011-04-15,TMAX,233
USC00315830,2008-08-21,TMAX,300
USW00093719,2010-09-22,TMAX,311
USR0000NNWB,2010-04-27,TMIN,128
USR0000NNWB,2010-04-27,TMAX,222
USR0000NNWB,2010-04-26,TMAX,283
USW00093765,2011-05-23,TMIN,239
USC00316096,2010-06-21,TMAX,317
USW00093765,2005-12-29,TMIN,83
USC00314689,2009-10-25,TMAX,267
USW00093765,2005-12-29,TMAX,167
USC00315830,2015-05-07,TMIN,178
USR0000NHOF,2009-08-12,TMAX,306
USC00315830,2015-05-07,TMAX,233
USR0000NNWB,2007-02-25,TMAX,178
USR0000NNWB,2007-02-25,TMIN,44
USC00314689,2012-03-01,TMIN,183
USR0000NHOF,2009-08-12,TMIN,217
USC00314689,2006-02-20,TMAX,78
USC00314689,2012-02-07,TMIN,50
USR0000NCRN,2014-10-19,TMAX,189
USR0000NCRN,2014-10-19,TMIN,56
USC00314689,2005-10-30,TMIN,28
USC00314689,2005-10-30,TMAX,194
USC00316096,2010-06-21,TMIN,228
USC00310356,2005-05-16,TMIN,194
USC00316096,2011-01-26,TMIN,67
USC00316676,2006-06-14,TMAX,233
USC00310356,2005-05-16,TMAX,233
USC00314689,2009-10-25,TMIN,139
USC00310576,2008-10-31,TMAX,139
USR0000NCRN,2011-10-20,TMIN,100
USC00314689,2006-09-06,TMIN,189
USC00314689,2006-09-06,TMAX,239
USC00317170,2015-09-09,TMIN,222
USC00315830,2010-04-01,TMIN,72
USR0000NCRN,2011-10-20,TMAX,178
USC00310356,2015-12-06,TMAX,200
USC00317170,2009-11-18,TMAX,194
USR0000NHOF,2010-07-12,TMAX,306
USC00310356,2015-12-06,TMIN,61
USC00316676,2008-04-17,TMAX,194
USC00315830,2010-04-01,TMAX,239
USW00013754,2009-12-24,TMIN,17
USW00013754,2009-12-24,TMAX,94
USC00314689,2005-12-20,TMIN,-28
USC00314689,2005-12-20,TMAX,106
USR0000NNWB,2008-03-31,TMIN,100
USC00316096,2011-01-26,TMAX,150
USC00316676,2006-06-14,TMIN,189
USR0000NCRN,2011-04-15,TMIN,100
USW00013754,2013-12-27,TMAX,117
USC00315830,2008-08-29,TMAX,300
USC00310356,2009-06-11,TMIN,222
USC00316096,2010-04-09,TMAX,194
USC00315830,2009-07-07,TMAX,300
USR0000NNWB,2014-07-25,TMAX,289
USR0000NNWB,2015-06-23,TMAX,361
USC00310576,2005-02-18,TMAX,83
USC00315830,2015-01-31,TMIN,-22
USW00013754,2012-11-24,TMAX,122
USW00093765,2014-01-07,TMAX,11
USR0000NHOF,2014-04-04,TMIN,117
USC00310576,2005-02-18,TMIN,-44
USW00093765,2014-01-07,TMIN,-77
USC00314689,2014-06-04,TMIN,206
USW00013754,2010-09-23,TMAX,317
USC00316096,2010-04-09,TMIN,61
USC00314144,2007-06-30,TMAX,294
USW00093719,2009-06-13,TMAX,328
USC00316676,2015-05-05,TMAX,272
USC00310576,2012-01-16,TMAX,89
USC00316676,2015-05-05,TMIN,106
USC00314689,2014-03-22,TMIN,61
USR0000NNWB,2014-07-25,TMIN,194
USC00314144,2009-10-22,TMAX,256
USR0000NHOF,2013-03-02,TMIN,-28
USR0000NHOF,2013-03-02,TMAX,106
USC00315830,2015-01-31,TMAX,100
USW00013754,2013-05-19,TMIN,178
USC00310576,2014-01-29,TMIN,-33
USW00013754,2013-05-19,TMAX,272
USW00093743,2013-03-02,TMAX,117
USW00093719,2005-04-20,TMIN,139
USW00093743,2013-03-02,TMIN,-10
USR0000NNWB,2015-06-23,TMIN,261
USW00093719,2012-11-28,TMAX,111
USW00093765,2011-07-12,TMIN,278
USC00310356,2009-06-11,TMAX,300
USW00013754,2005-01-31,TMIN,11
USC00310356,2009-05-07,TMIN,200
USC00310576,2006-04-20,TMIN,83
USW00093765,2005-11-11,TMIN,39
USW00093719,2005-04-20,TMAX,300
USC00317170,2009-05-04,TMIN,211
USC00310576,2006-04-20,TMAX,289
USW00013754,2012-11-24,TMIN,39
USR0000NHOF,2014-04-04,TMAX,311
USC00310576,2014-01-29,TMAX,17
USC00315830,2009-07-07,TMIN,228
USC00314144,2009-10-22,TMIN,33
USW00013754,2005-01-31,TMAX,94
USC00316096,2012-07-21,TMIN,222
USR0000NCRN,2005-10-29,TMAX,161
USC00316676,2013-03-11,TMIN,0
USC00314684,2015-07-26,TMIN,161
USC00315830,2013-06-18,TMIN,228
USC00315830,2013-06-18,TMAX,289
USR0000NCRN,2013-06-12,TMIN,206
USC00314689,2014-06-04,TMAX,333
USW00093765,2005-01-22,TMIN,-22
USC00316676,2011-11-15,TMIN,139
USW00093743,2009-08-12,TMIN,228
USC00316676,2011-11-15,TMAX,256
USC00314684,2015-07-26,TMAX,300
USW00093719,2005-04-03,TMIN,83
USR0000NCRN,2007-11-15,TMIN,33
USC00310576,2012-01-16,TMIN,-28
USW00093719,2013-02-02,TMIN,-44
USW00093719,2013-02-02,TMAX,106
USC00314684,2007-03-02,TMAX,217
USC00314684,2007-03-02,TMIN,50
USC00316676,2007-12-09,TMIN,28
USW00093719,2005-04-03,TMAX,189
USR0000NCRN,2007-11-15,TMAX,211
USC00316676,2013-03-11,TMAX,183
USR0000NCRN,2013-06-12,TMAX,311
USW00093719,2008-03-30,TMAX,94
USC00316096,2012-07-21,TMAX,306
USW00093765,2009-06-19,TMAX,317
USC00317170,2012-08-05,TMAX,333
USW00093743,2013-10-18,TMIN,194
USC00314689,2014-03-22,TMAX,250
USW00093765,2006-10-25,TMAX,139
USC00314144,2007-06-30,TMIN,217
USW00093765,2009-06-19,TMIN,250
USW00093765,2006-10-25,TMIN,39
USW00093743,2013-10-18,TMAX,250
USC00314689,2006-02-20,TMIN,-6
USR0000NCRN,2005-10-29,TMIN,33
USC00310576,2008-10-31,TMIN,6
USR0000NHOF,2010-02-02,TMAX,89
USC00317170,2012-08-05,TMIN,233
USW00093765,2005-01-22,TMAX,150
USW00093719,2009-06-13,TMIN,206
USC00310576,2011-06-04,TMIN,117
USC00315830,2009-02-17,TMAX,83
USC00310576,2011-06-04,TMAX,300
USW00093719,2008-03-30,TMIN,61
USW00093743,2009-08-12,TMAX,306
USR0000NHOF,2010-02-02,TMIN,-28
USR0000NNWB,2012-02-16,TMIN,44
USW00013754,2005-06-02,TMIN,172
USC00315830,2010-08-24,TMIN,233
USC00310356,2014-05-26,TMIN,178
USR0000NNWB,2011-11-24,TMIN,94
USW00013754,2008-06-28,TMIN,239
USC00317170,2010-07-23,TMAX,356
USW00013754,2008-06-28,TMAX,328
USC00310576,2007-05-27,TMAX,289
USC00316676,2006-07-21,TMAX,322
USC00317170,2010-07-23,TMIN,250
USC00314689,2010-02-14,TMIN,-50
USC00314689,2010-02-14,TMAX,56
USC00316676,2006-07-21,TMIN,206
USC00310356,2006-01-26,TMAX,156
USC00310356,2014-05-26,TMAX,250
USC00310356,2008-12-15,TMAX,167
USR0000NHOF,2012-08-03,TMIN,189
USR0000NHOF,2012-08-03,TMAX,311
USR0000NNWB,2014-07-23,TMAX,328
USW00013754,2015-04-05,TMIN,44
USR0000NNWB,2014-07-23,TMIN,233
USC00310356,2008-12-15,TMIN,56
USR0000NCRN,2013-10-18,TMIN,189
USW00093719,2011-06-23,TMIN,222
USR0000NCRN,2013-10-18,TMAX,250
USC00310356,2006-01-26,TMIN,-17
USW00093719,2011-05-18,TMAX,272
USC00314684,2014-05-29,TMIN,183
USW00093743,2012-02-07,TMAX,150
USC00316676,2009-10-22,TMIN,28
USC00315830,2006-04-18,TMAX,250
USW00013754,2008-09-24,TMIN,167
USW00013754,2008-09-24,TMAX,211
USW00093719,2011-05-18,TMIN,117
USR0000NCRN,2015-12-07,TMIN,94
USC00317170,2007-09-24,TMAX,289
USW00013754,2009-02-02,TMAX,178
USC00314144,2005-05-27,TMAX,300
USW00093743,2007-09-11,TMIN,250
USC00314684,2014-03-22,TMAX,200
USW00093743,2012-02-07,TMIN,56
USR0000NCRN,2015-12-07,TMAX,128
USC00315830,2006-04-18,TMIN,89
USC00316676,2009-10-22,TMAX,233
USC00314144,2005-05-27,TMIN,133
USW00093743,2007-09-11,TMAX,300
USW00093719,2011-06-23,TMAX,356
USR0000NNWB,2014-12-15,TMAX,172
USC00314684,2014-05-29,TMAX,333
USC00310356,2010-11-25,TMAX,178
USR0000NNWB,2015-06-10,TMIN,194
USC00310356,2012-12-22,TMAX,183
USC00314684,2009-02-17,TMIN,-44
USR0000NHOF,2009-03-13,TMIN,44
USC00315830,2011-04-14,TMAX,217
USW00093743,2012-08-03,TMIN,222
USW00093743,2012-12-22,TMAX,94
USC00314144,2008-01-28,TMAX,111
USC00316676,2012-05-21,TMAX,233
USC00314144,2008-01-28,TMIN,-17
USR0000NCRN,2010-02-02,TMIN,0
USC00315830,2011-04-14,TMIN,122
USC00314689,2005-03-11,TMAX,178
USR0000NCRN,2010-02-02,TMAX,117
USR0000NHOF,2009-03-13,TMAX,78
USW00093743,2012-12-22,TMIN,11
USC00314689,2009-01-04,TMIN,39
USC00314689,2009-01-04,TMAX,139
USC00314684,2009-02-17,TMAX,89
USW00013754,2015-01-16,TMIN,11
USC00316676,2007-01-09,TMAX,206
USC00314689,2005-03-11,TMIN,56
USC00310356,2014-03-19,TMAX,83
USW00093743,2013-05-14,TMIN,67
USW00093743,2013-05-14,TMAX,211
USR0000NCRN,2015-06-21,TMIN,272
USW00093765,2010-06-02,TMAX,278
USC00314144,2011-01-21,TMAX,100
USR0000NNWB,2015-06-10,TMAX,306
USC00310356,2010-11-25,TMIN,89
USC00314144,2011-01-21,TMIN,-50
USC00310356,2012-12-22,TMIN,28
USW00013754,2015-04-05,TMAX,200
USC00310576,2007-05-27,TMIN,133
USW00093765,2010-06-02,TMIN,233
USC00310576,2006-03-23,TMAX,111
USC00316096,2011-07-31,TMAX,328
USW00093719,2015-04-16,TMAX,217
USC00310576,2006-03-23,TMIN,-22
USC00314689,2013-08-31,TMIN,194
USC00314689,2013-08-31,TMAX,322
USC00310356,2013-05-14,TMAX,211
USC00310356,2013-05-14,TMIN,72
USR0000NNWB,2015-05-01,TMIN,89
USR0000NNWB,2015-05-01,TMAX,167
USC00310356,2010-07-12,TMIN,250
USR0000NNWB,2014-10-23,TMAX,206
USC00310356,2010-07-12,TMAX,306
USR0000NCRN,2015-06-21,TMAX,328
USR0000NNWB,2014-10-23,TMIN,83
USC00310356,2009-08-12,TMIN,256
USC00314144,2005-06-10,TMIN,194
USC00314684,2014-03-22,TMIN,0
USC00316676,2008-09-29,TMAX,278
USR0000NHOF,2006-01-26,TMIN,-61
USC00314689,2008-09-19,TMAX,267
USC00310356,2010-09-29,TMAX,267
USC00310576,2014-08-19,TMAX,322
USW00093743,2012-11-28,TMAX,117
USC00314689,2008-09-19,TMIN,156
USR0000NHOF,2006-01-26,TMAX,78
USC00314684,2014-11-05,TMAX,206
USR0000NCRN,2012-11-07,TMAX,100
USR0000NCRN,2012-11-07,TMIN,33
USW00093719,2015-06-10,TMIN,194
USC00314684,2014-11-05,TMIN,61
USC00316676,2008-09-29,TMIN,172
USW00093719,2015-06-10,TMAX,294
USC00316676,2011-08-24,TMAX,300
USC00310356,2013-06-12,TMAX,278
USC00310356,2013-06-12,TMIN,233
USR0000NNWB,2011-12-16,TMAX,233
USR0000NHOF,2015-12-06,TMAX,178
USC00314689,2012-03-01,TMAX,272
USW00093719,2014-10-23,TMAX,217
USR0000NHOF,2015-12-06,TMIN,39
USW00093719,2014-10-23,TMIN,100
USW00013754,2014-12-30,TMAX,78
USC00315830,2010-08-24,TMAX,306
USC00314689,2012-02-07,TMAX,144
USC00310356,2010-09-29,TMIN,211
USW00013754,2014-07-23,TMAX,306
USR0000NNWB,2012-02-16,TMAX,156
USW00013754,2014-07-23,TMIN,228
USC00314684,2006-10-02,TMIN,111
USW00093719,2005-10-21,TMIN,161
USW00013754,2005-06-02,TMAX,261
USW00013754,2011-06-03,TMIN,178
USR0000NNWB,2006-07-23,TMIN,217
USC00314684,2006-10-02,TMAX,278
USC00317170,2007-09-16,TMIN,144
USR0000NNWB,2006-07-23,TMAX,322
USC00317170,2007-09-16,TMAX,256
USW00013754,2014-12-30,TMIN,28
USW00093765,2011-03-12,TMAX,144
USW00093719,2005-10-21,TMAX,283
USR0000NNWB,2010-04-26,TMIN,183
USC00314689,2005-03-23,TMAX,211
USC00314689,2005-03-23,TMIN,122
USC00310576,2014-08-19,TMIN,206
USW00093765,2011-03-12,TMIN,44
USC00317170,2007-09-24,TMIN,194
USW00013754,2014-07-25,TMIN,200
USC00314689,2013-03-14,TMAX,161
USW00093743,2014-05-26,TMIN,172
USR0000NHOF,2012-11-28,TMIN,-28
USW00093743,2010-06-27,TMAX,317
USR0000NHOF,2009-01-28,TMIN,61
USW00093719,2015-04-16,TMIN,117
USR0000NNWB,2014-12-15,TMIN,-11
USW00093743,2014-05-26,TMAX,267
USC00314144,2005-06-10,TMAX,300
USC00310356,2011-01-08,TMAX,83
USC00316676,2011-03-12,TMIN,0
USR0000NHOF,2009-01-28,TMAX,206
USC00316676,2011-03-12,TMAX,128
USW00013754,2009-02-02,TMIN,0
USC00316096,2010-03-14,TMIN,78
USC00316096,2010-03-14,TMAX,167
USC00316096,2010-06-01,TMAX,267
USC00316096,2010-06-01,TMIN,222
USC00316676,2005-10-28,TMIN,61
USC00310356,2011-01-08,TMIN,44
USW00013754,2011-06-03,TMAX,311
USC00314144,2008-05-23,TMAX,261
USC00315830,2011-08-06,TMIN,261
USC00314144,2008-05-23,TMIN,94
USC00315830,2011-08-06,TMAX,311
USW00013754,2014-07-25,TMAX,289
USW00093743,2010-07-12,TMIN,233
USR0000NNWB,2011-12-16,TMIN,100
USC00310356,2012-02-07,TMAX,122
USC00310356,2012-02-07,TMIN,56
USW00093743,2013-06-12,TMAX,311
USR0000NHOF,2007-10-24,TMAX,278
USR0000NHOF,2007-10-24,TMIN,211
USW00093743,2010-07-12,TMAX,311
USW00093743,2012-11-28,TMIN,-10
USW00093743,2010-06-27,TMIN,261
USC00316676,2011-08-24,TMIN,183
USC00316676,2005-10-28,TMAX,183
USC00317170,2014-01-07,TMIN,-78
USR0000NHOF,2014-05-26,TMIN,139
USR0000NHOF,2014-05-26,TMAX,306
USR0000NCRN,2012-02-03,TMAX,128
USR0000NHOF,2012-11-28,TMAX,106
USC00314689,2013-03-14,TMIN,6
USR0000NCRN,2012-02-03,TMIN,0
USC00314684,2015-10-07,TMIN,100
USC00314684,2015-10-07,TMAX,194
USC00317170,2014-01-07,TMAX,78
USC00310356,2009-08-12,TMAX,300
USW00093719,2012-11-28,TMIN,-11
USW00093765,2005-11-11,TMAX,144
USC00317170,2012-05-29,TMAX,317
USW00093719,2015-11-10,TMIN,139
USW00093719,2015-11-10,TMAX,250
USC00314684,2010-10-04,TMAX,156
USR0000NCRN,2014-02-06,TMAX,94
USC00310576,2010-09-19,TMAX,311
USR0000NCRN,2008-05-23,TMIN,139
USR0000NCRN,2009-06-03,TMAX,272
USR0000NCRN,2008-05-23,TMAX,272
USR0000NCRN,2009-06-03,TMIN,217
USR0000NNWB,2006-12-21,TMAX,183
USW00093719,2006-07-23,TMIN,217
USW00093719,2006-07-23,TMAX,311
USC00314689,2010-09-03,TMAX,344
USR0000NCRN,2010-03-19,TMIN,61
USC00310356,2009-06-18,TMAX,278
USC00314689,2010-09-03,TMIN,228
USR0000NCRN,2005-07-26,TMIN,261
USR0000NCRN,2005-07-26,TMAX,350
USC00310356,2009-06-18,TMIN,233
USC00315830,2008-03-15,TMIN,133
USC00310356,2007-10-24,TMIN,228
USC00315830,2008-03-15,TMAX,211
USR0000NCRN,2015-02-27,TMIN,-6
USC00314144,2009-09-28,TMIN,139
USC00316096,2014-05-11,TMIN,211
USC00314684,2008-11-18,TMIN,6
USR0000NCRN,2005-03-22,TMAX,211
USC00316096,2014-05-11,TMAX,272
USR0000NHOF,2011-04-18,TMIN,44
USW00093765,2007-11-05,TMAX,194
USR0000NNWB,2008-08-17,TMIN,211
USC00317170,2014-11-07,TMIN,83
USC00310576,2013-12-11,TMIN,6
USR0000NHOF,2009-03-07,TMAX,250
USC00314689,2008-02-20,TMIN,0
USW00093719,2011-11-24,TMAX,156
USR0000NHOF,2009-03-07,TMIN,72
USC00310356,2007-03-27,TMAX,222
USC00316096,2015-10-07,TMIN,133
USC00317170,2014-11-07,TMAX,206
USW00013754,2014-12-22,TMIN,67
USR0000NCRN,2008-02-17,TMIN,67
USR0000NCRN,2014-02-06,TMIN,6
USR0000NCRN,2008-02-17,TMAX,306
USC00310356,2007-10-24,TMAX,267
USC00314144,2009-09-28,TMAX,278
USC00310576,2010-09-19,TMIN,144
USC00314684,2005-01-15,TMIN,11
USR0000NNWB,2006-12-21,TMIN,28
USR0000NCRN,2015-02-27,TMAX,94
USC00316096,2010-10-17,TMIN,33
USW00093743,2013-01-31,TMIN,67
USR0000NHOF,2011-01-29,TMIN,-50
USC00310356,2012-11-23,TMAX,156
USC00310356,2012-11-23,TMIN,67
USC00315830,2006-09-23,TMIN,139
USC00315830,2015-10-12,TMAX,228
USC00317170,2012-05-29,TMIN,217
USC00315830,2006-09-23,TMAX,278
USR0000NNWB,2015-12-28,TMIN,144
USC00316096,2010-10-17,TMAX,228
USR0000NNWB,2015-12-28,TMAX,200
USC00315830,2015-10-12,TMIN,156
USC00314684,2010-12-04,TMAX,78
USR0000NNWB,2012-11-24,TMIN,11
USR0000NNWB,2011-06-12,TMAX,350
USW00013754,2015-08-18,TMIN,200
USR0000NHOF,2013-01-31,TMAX,206
USR0000NHOF,2013-01-31,TMIN,22
USC00314684,2011-09-16,TMAX,317
USW00093765,2014-01-02,TMIN,89
USR0000NHOF,2011-01-29,TMAX,128
USR0000NNWB,2008-08-17,TMAX,294
USC00315830,2012-04-07,TMIN,33
USR0000NCRN,2010-03-19,TMAX,228
USC00316096,2015-12-26,TMAX,244
USC00316096,2015-12-26,TMIN,172
USC00316096,2015-10-07,TMAX,250
USC00314684,2011-09-16,TMIN,150
USC00314684,2005-01-15,TMAX,217
USW00093743,2010-05-12,TMIN,194
USC00314684,2010-12-04,TMIN,-22
USW00093719,2007-08-01,TMIN,200
USC00310356,2013-01-31,TMAX,178
USC00314684,2008-11-18,TMAX,133
USR0000NCRN,2014-03-19,TMAX,167
USW00013754,2015-02-01,TMIN,-32
USC00310356,2013-01-31,TMIN,111
USW00093743,2010-05-12,TMAX,261
USW00013754,2015-02-01,TMAX,156
USW00093765,2014-01-02,TMAX,161
USW00093719,2007-08-01,TMAX,311
USC00315830,2006-05-29,TMAX,300
USC00315830,2012-04-07,TMAX,189
USC00315830,2006-05-29,TMIN,200
USW00093743,2013-01-31,TMAX,194
USR0000NCRN,2014-03-19,TMIN,61
USW00093765,2007-11-05,TMIN,61
USC00310576,2010-12-29,TMAX,89
USW00093765,2011-06-11,TMIN,244
USR0000NNWB,2015-04-05,TMIN,28
USR0000NCRN,2010-09-16,TMIN,178
USR0000NHOF,2014-01-03,TMAX,89
USR0000NNWB,2006-01-22,TMIN,72
USW00093719,2006-09-22,TMAX,256
USW00093719,2014-05-05,TMAX,250
USR0000NHOF,2006-11-02,TMAX,211
USW00093719,2014-05-05,TMIN,150
USW00093719,2006-09-22,TMIN,133
USW00093743,2009-05-22,TMAX,256
USC00310576,2005-08-11,TMAX,328
USR0000NHOF,2006-11-02,TMIN,56
USC00310576,2005-08-11,TMIN,228
USC00315830,2015-03-26,TMIN,111
USC00316096,2013-11-10,TMIN,72
USR0000NNWB,2015-04-05,TMAX,211
USC00310576,2010-12-29,TMIN,-17
USR0000NCRN,2010-11-09,TMAX,194
USC00315830,2015-03-26,TMAX,228
USC00316096,2013-11-10,TMAX,211
USW00013754,2011-12-16,TMAX,239
USC00314689,2013-12-25,TMAX,100
USC00314684,2008-12-08,TMIN,-67
USC00314689,2013-12-25,TMIN,-17
USC00317170,2014-11-05,TMIN,72
USC00316676,2010-05-26,TMAX,267
USR0000NHOF,2010-09-29,TMAX,228
USC00314684,2014-10-23,TMIN,78
USC00310576,2007-03-14,TMIN,56
USC00314684,2014-10-23,TMAX,183
USW00093719,2006-02-05,TMAX,100
USC00316676,2010-05-26,TMIN,200
USC00310576,2007-03-14,TMAX,250
USC00315830,2010-05-11,TMAX,256
USR0000NCRN,2012-12-22,TMIN,6
USC00315830,2010-05-11,TMIN,183
USR0000NNWB,2011-07-10,TMAX,339
USR0000NNWB,2015-02-01,TMIN,-22
USR0000NNWB,2015-02-01,TMAX,150
USW00093719,2006-02-05,TMIN,28
USC00317170,2010-06-02,TMIN,222
USR0000NHOF,2007-02-12,TMAX,167
USC00317170,2010-06-02,TMAX,311
USR0000NHOF,2007-02-12,TMIN,-67
USC00310356,2008-11-16,TMAX,228
USC00317170,2014-11-05,TMAX,217
USW00093765,2006-01-25,TMAX,128
USW00093743,2009-05-22,TMIN,167
USW00013754,2011-12-16,TMIN,122
USC00316676,2012-09-25,TMAX,228
USR0000NCRN,2005-01-23,TMAX,33
USC00314684,2010-10-04,TMIN,133
USW00013754,2007-02-06,TMIN,-60
USR0000NHOF,2010-05-12,TMIN,178
USW00093765,2014-06-20,TMIN,222
USR0000NHOF,2010-04-19,TMIN,11
USW00093743,2007-11-11,TMIN,17
USW00093743,2007-11-11,TMAX,144
USW00013754,2007-02-06,TMAX,39
USR0000NHOF,2010-04-19,TMAX,200
USR0000NCRN,2005-03-22,TMIN,61
USC00314144,2010-06-29,TMAX,344
USC00314144,2010-06-29,TMIN,217
USC00315830,2005-12-19,TMAX,117
USC00315830,2005-12-19,TMIN,22
USW00093719,2011-11-24,TMIN,22
USC00310576,2010-05-28,TMIN,156
USC00310576,2010-05-28,TMAX,333
USW00093719,2007-11-02,TMIN,117
USW00093765,2014-06-20,TMAX,311
USR0000NHOF,2010-05-12,TMAX,272
USC00314144,2006-08-15,TMAX,317
USR0000NHOF,2011-04-18,TMAX,244
USC00314144,2009-01-07,TMIN,122
USC00314144,2009-01-07,TMAX,206
USR0000NCRN,2012-06-20,TMIN,211
USR0000NCRN,2012-06-20,TMAX,300
USW00013754,2014-12-22,TMAX,100
USC00316676,2012-09-25,TMIN,94
USC00314144,2007-05-03,TMAX,250
USC00310576,2013-12-11,TMAX,233
USR0000NNWB,2006-01-22,TMAX,156
USR0000NCRN,2010-11-09,TMIN,28
USR0000NNWB,2010-06-13,TMIN,239
USC00314684,2008-12-08,TMAX,89
USW00093765,2011-06-11,TMAX,306
USR0000NNWB,2010-06-13,TMAX,361
USW00093743,2009-03-07,TMIN,100
USC00314144,2008-09-24,TMAX,206
USW00093719,2007-11-02,TMAX,183
USC00314144,2008-09-24,TMIN,122
USR0000NCRN,2005-01-23,TMIN,-156
USW00013754,2009-05-03,TMIN,206
USW00013754,2009-05-03,TMAX,272
USC00314144,2006-08-15,TMIN,178
USW00013754,2011-06-23,TMAX,350
USW00013754,2011-06-23,TMIN,228
USW00093743,2009-03-07,TMAX,183
USC00316676,2012-05-21,TMIN,144
USW00093719,2013-05-19,TMIN,178
USW00093719,2013-05-19,TMAX,300
USR0000NNWB,2013-05-19,TMAX,294
USW00093765,2013-11-09,TMIN,28
USR0000NHOF,2009-05-22,TMAX,261
USC00310576,2009-04-01,TMAX,189
USC00314689,2015-12-26,TMAX,261
USC00314684,2008-12-23,TMIN,-72
USC00310576,2009-04-01,TMIN,44
USC00314684,2007-09-14,TMIN,194
USW00093765,2010-07-23,TMAX,306
USW00093765,2010-07-23,TMIN,267
USC00310576,2013-10-15,TMAX,217
USC00310576,2013-10-15,TMIN,172
USW00093743,2007-10-24,TMAX,272
USW00093743,2007-10-24,TMIN,228
USC00314684,2014-06-14,TMIN,194
USC00310356,2009-02-03,TMAX,133
USC00310356,2009-02-03,TMIN,17
USC00314144,2007-10-17,TMAX,267
USR0000NHOF,2009-05-22,TMIN,122
USC00315830,2012-06-18,TMAX,278
USC00315830,2012-06-18,TMIN,156
USR0000NNWB,2013-05-19,TMIN,189
USW00093765,2010-07-20,TMAX,300
USC00310356,2012-11-28,TMIN,56
USC00314684,2008-12-23,TMAX,28
USC00314689,2009-08-18,TMAX,328
USR0000NHOF,2005-05-16,TMAX,239
USR0000NNWB,2006-09-17,TMAX,272
USC00317170,2010-09-09,TMIN,200
USC00317170,2010-09-09,TMAX,311
USC00310576,2011-03-19,TMAX,283
USC00315830,2010-02-12,TMAX,100
USC00315830,2010-02-12,TMIN,-17
USR0000NNWB,2010-08-13,TMIN,244
USW00093719,2008-08-10,TMIN,183
USC00314144,2005-03-07,TMAX,222
USC00316676,2006-06-17,TMIN,144
USR0000NNWB,2010-08-13,TMAX,328
USW00093719,2008-08-10,TMAX,311
USW00013754,2015-12-28,TMIN,156
USC00316676,2006-06-17,TMAX,289
USC00314684,2013-10-26,TMAX,139
USC00314144,2005-03-07,TMIN,11
USW00013754,2015-12-28,TMAX,211
USR0000NCRN,2005-01-03,TMAX,344
USR0000NCRN,2005-01-03,TMIN,0
USW00093765,2013-11-09,TMAX,161
USC00314689,2015-12-26,TMIN,183
USW00093765,2010-07-20,TMIN,267
USW00093765,2008-09-04,TMAX,306
USR0000NCRN,2005-11-12,TMAX,200
USR0000NNWB,2010-07-24,TMIN,256
USR0000NNWB,2009-01-30,TMIN,0
USR0000NNWB,2010-07-24,TMAX,356
USC00310356,2013-03-02,TMAX,106
USW00093765,2014-10-23,TMAX,200
USC00314144,2007-10-17,TMIN,150
USC00310356,2013-03-02,TMIN,33
USC00314689,2015-03-16,TMAX,244
USC00316676,2013-09-10,TMIN,189
USW00093765,2009-11-28,TMIN,39
USR0000NCRN,2012-09-16,TMAX,267
USC00316676,2006-06-01,TMIN,167
USC00317170,2008-03-31,TMIN,94
USC00316676,2006-06-01,TMAX,289
USW00093765,2009-11-28,TMAX,150
USC00317170,2008-03-31,TMAX,211
USR0000NCRN,2011-08-04,TMAX,328
USC00310356,2009-05-07,TMAX,250
USC00316096,2013-12-25,TMIN,-17
USC00316096,2013-12-25,TMAX,67
USW00093765,2014-10-23,TMIN,106
USC00316676,2013-09-10,TMAX,300
USW00093765,2007-10-20,TMAX,272
USR0000NCRN,2011-05-24,TMAX,278
USW00013754,2010-09-23,TMIN,206
USW00093765,2011-07-12,TMAX,317
USW00093765,2008-09-04,TMIN,194
USC00316676,2006-02-08,TMIN,-44
USC00314144,2007-08-04,TMIN,172
USR0000NNWB,2009-01-30,TMAX,117
USC00310356,2014-04-04,TMAX,178
USC00310576,2011-03-19,TMIN,56
USW00093743,2009-06-18,TMAX,283
USC00310356,2014-04-04,TMIN,128
USC00314684,2007-09-14,TMAX,300
USC00314684,2014-06-14,TMAX,311
USC00315830,2010-01-30,TMIN,17
USC00314144,2007-08-04,TMAX,333
USW00093743,2009-06-18,TMIN,244
USC00315830,2005-04-26,TMAX,189
USC00315830,2005-04-26,TMIN,144
USC00316676,2009-09-14,TMAX,267
USR0000NCRN,2011-05-24,TMIN,239
USW00093765,2007-10-20,TMIN,150
USR0000NCRN,2012-09-16,TMIN,172
USR0000NCRN,2005-11-12,TMIN,6
USC00315830,2010-01-30,TMAX,67
USW00093743,2012-11-23,TMAX,167
USC00315830,2006-10-05,TMIN,178
USR0000NHOF,2005-05-16,TMIN,172
USW00093765,2009-03-07,TMIN,117
USW00013754,2005-07-03,TMIN,217
USR0000NCRN,2008-07-06,TMAX,278
USR0000NCRN,2008-07-06,TMIN,206
USW00013754,2008-12-29,TMAX,172
USW00013754,2014-12-21,TMIN,28
USW00093719,2008-07-30,TMIN,233
USW00093719,2008-07-30,TMAX,333
USC00316096,2015-06-07,TMAX,272
USC00316096,2015-06-07,TMIN,156
USW00093765,2009-03-07,TMAX,178
USC00317170,2014-10-23,TMIN,83
USC00317170,2014-10-23,TMAX,200
USC00310576,2009-08-27,TMIN,194
USW00093765,2005-12-27,TMAX,117
USR0000NNWB,2006-09-16,TMIN,161
USC00314684,2014-04-06,TMIN,83
USR0000NCRN,2011-10-09,TMAX,250
USR0000NHOF,2012-11-23,TMAX,183
USR0000NCRN,2011-10-09,TMIN,178
USW00093765,2005-12-27,TMIN,17
USC00310576,2007-08-19,TMAX,311
USW00093719,2007-10-10,TMAX,289
USC00316676,2006-02-08,TMAX,117
USW00093743,2010-04-19,TMAX,183
USC00310576,2007-08-19,TMIN,194
USR0000NNWB,2011-06-12,TMIN,211
USR0000NNWB,2012-11-24,TMAX,117
USW00093765,2006-01-25,TMIN,50
USR0000NNWB,2009-12-24,TMIN,-6
USR0000NNWB,2009-12-24,TMAX,111
USW00093743,2012-11-23,TMIN,39
USW00093719,2010-04-04,TMIN,128
USW00013754,2008-12-29,TMIN,22
USW00093765,2015-06-10,TMIN,217
USW00093719,2010-12-21,TMAX,67
USW00093719,2010-12-21,TMIN,-28
USW00093743,2010-04-19,TMIN,72
USW00093765,2007-12-12,TMIN,144
USW00013754,2005-07-03,TMAX,289
USW00093765,2007-12-12,TMAX,211
USC00314684,2008-08-11,TMIN,178
USC00316676,2015-01-18,TMIN,33
USW00093765,2015-06-10,TMAX,272
USW00013754,2011-07-10,TMIN,228
USW00013754,2015-08-18,TMAX,311
USW00013754,2011-07-10,TMAX,322
USW00093765,2008-02-16,TMAX,128
USC00310576,2009-08-27,TMAX,328
USW00093765,2008-02-16,TMIN,72
USW00093719,2011-05-04,TMAX,228
USC00310356,2010-04-19,TMAX,189
USC00310356,2007-11-11,TMAX,217
USR0000NNWB,2006-09-17,TMIN,178
USC00317170,2009-05-04,TMAX,300
USW00093765,2011-10-19,TMAX,244
USC00316676,2008-06-10,TMIN,228
USC00316676,2008-06-10,TMAX,372
USW00093765,2011-10-19,TMIN,156
USR0000NCRN,2008-05-14,TMAX,261
USC00316676,2010-12-23,TMAX,89
USC00316676,2010-12-23,TMIN,-17
USR0000NCRN,2008-05-14,TMIN,61
USC00316676,2005-04-27,TMIN,139
USC00310356,2010-05-12,TMAX,217
USC00316676,2005-04-27,TMAX,211
USC00316676,2011-11-22,TMAX,233
USC00316676,2011-11-22,TMIN,133
USC00315830,2006-10-05,TMAX,283
USC00314684,2015-08-12,TMAX,267
USC00314689,2009-08-18,TMIN,228
USC00310356,2010-04-19,TMIN,117
USW00093719,2007-10-10,TMIN,211
USC00315830,2013-08-28,TMIN,244
USC00315830,2013-08-28,TMAX,294
USW00093719,2010-04-04,TMAX,289
USC00314684,2014-04-06,TMAX,250
USR0000NHOF,2012-11-23,TMIN,-6
USC00316676,2015-01-18,TMAX,167
USW00093719,2011-05-04,TMIN,83
USC00310356,2010-05-12,TMIN,172
USR0000NNWB,2006-09-16,TMAX,256
USR0000NNWB,2011-06-23,TMAX,361
USR0000NNWB,2011-06-23,TMIN,228
USC00316676,2010-08-11,TMAX,289
USC00314684,2013-10-26,TMIN,-22
USC00316676,2010-08-11,TMIN,244
USC00310356,2007-11-11,TMIN,39
USW00013754,2014-12-21,TMAX,94
USC00315830,2006-11-03,TMIN,56
USC00316676,2006-12-08,TMIN,-11
USC00315830,2006-11-03,TMAX,206
USC00314684,2015-08-12,TMIN,189
USR0000NNWB,2014-12-30,TMAX,72
USC00310356,2012-11-28,TMAX,161
USC00316676,2006-12-08,TMAX,183
USC00314684,2008-08-11,TMAX,306
USR0000NNWB,2014-12-30,TMIN,17
USC00310356,2008-11-16,TMIN,83
USC00315830,2006-01-21,TMAX,194
USC00316096,2011-07-31,TMIN,222
USC00310356,2011-10-02,TMAX,206
USW00093743,2008-09-30,TMIN,183
USR0000NNWB,2010-05-01,TMIN,189
USW00093743,2008-09-30,TMAX,250
USC00314689,2006-04-12,TMAX,250
USC00314689,2011-07-31,TMAX,378
USC00310356,2011-10-02,TMIN,94
USC00315830,2015-10-06,TMAX,217
USC00315830,2014-10-23,TMIN,89
USR0000NCRN,2011-11-14,TMAX,228
USR0000NCRN,2011-11-14,TMIN,133
USC00315830,2014-10-23,TMAX,178
USR0000NCRN,2007-10-18,TMAX,283
USW00093765,2014-07-23,TMAX,300
USW00093765,2014-07-23,TMIN,244
USR0000NHOF,2010-05-28,TMIN,161
USC00316096,2014-06-04,TMAX,306
USC00314689,2011-07-31,TMIN,261
USC00315830,2015-10-06,TMIN,172
USC00314689,2014-11-29,TMAX,111
USR0000NHOF,2010-05-28,TMAX,289
USC00314689,2006-04-12,TMIN,72
USR0000NCRN,2010-06-29,TMAX,311
USC00314144,2008-08-16,TMAX,289
USC00314684,2013-12-25,TMAX,89
USW00093719,2014-03-22,TMAX,267
USC00310576,2013-05-14,TMIN,56
USC00310356,2010-12-22,TMIN,-11
USR0000NCRN,2008-12-11,TMIN,150
USC00310356,2010-12-22,TMAX,61
USR0000NCRN,2012-01-07,TMIN,94
USR0000NNWB,2010-05-01,TMAX,306
USC00314144,2008-08-16,TMIN,189
USC00315830,2007-07-04,TMAX,278
USC00315830,2007-07-04,TMIN,172
USC00314684,2006-06-01,TMIN,178
USW00093719,2007-04-05,TMIN,67
USW00093765,2005-03-31,TMAX,228
USC00314144,2005-10-01,TMAX,283
USC00314144,2005-10-01,TMIN,167
USC00310356,2011-10-09,TMIN,150
USC00316096,2014-06-04,TMIN,183
USC00314684,2006-06-01,TMAX,294
USW00093719,2014-07-06,TMIN,161
USC00314684,2013-12-25,TMIN,-28
USC00314689,2007-06-18,TMAX,350
USC00314689,2007-06-18,TMIN,200
USW00093719,2014-03-22,TMIN,61
USW00093765,2013-08-31,TMIN,211
USW00093765,2013-08-31,TMAX,294
USC00317170,2014-06-14,TMAX,306
USC00317170,2008-06-22,TMAX,311
USC00317170,2010-07-20,TMAX,361
USC00317170,2010-07-20,TMIN,256
USR0000NCRN,2009-04-16,TMIN,61
USR0000NCRN,2009-04-16,TMAX,167
USW00093765,2012-04-07,TMAX,189
USW00093719,2014-06-20,TMIN,222
USR0000NNWB,2010-02-12,TMAX,56
USW00093765,2012-04-07,TMIN,39
USW00093719,2014-06-20,TMAX,322
USC00314684,2012-01-23,TMAX,44
USR0000NNWB,2010-02-12,TMIN,-22
USR0000NCRN,2012-07-21,TMAX,306
USR0000NHOF,2011-10-09,TMAX,250
USW00093719,2009-11-05,TMIN,72
USW00093719,2011-08-20,TMAX,317
USC00317170,2015-10-07,TMIN,122
USR0000NHOF,2011-10-09,TMIN,144
USW00093719,2008-05-21,TMAX,250
USC00314689,2014-01-07,TMAX,89
USC00314684,2012-01-23,TMIN,17
USC00314689,2014-11-29,TMIN,-28
USC00317170,2008-06-22,TMIN,194
USC00315830,2005-01-30,TMAX,122
USR0000NCRN,2010-06-29,TMIN,233
USC00317170,2009-08-26,TMAX,328
USC00317170,2009-08-26,TMIN,206
USW00013754,2010-03-13,TMAX,206
USC00317170,2015-08-30,TMIN,178
USW00013754,2010-03-13,TMIN,111
USC00314684,2006-08-13,TMAX,256
USC00317170,2014-06-14,TMIN,183
USC00316096,2015-03-22,TMIN,72
USC00316096,2015-03-22,TMAX,172
USW00093719,2011-03-25,TMIN,56
USR0000NCRN,2007-10-18,TMIN,183
USC00315830,2005-01-30,TMIN,39
USC00317170,2015-08-30,TMAX,294
USC00314689,2011-03-08,TMAX,150
USC00316676,2008-09-04,TMIN,150
USC00314684,2006-08-13,TMIN,150
USC00310576,2006-11-02,TMAX,200
USC00316096,2012-09-28,TMIN,144
USC00316676,2008-09-04,TMAX,328
USC00310576,2006-11-02,TMIN,117
USC00316096,2012-09-28,TMAX,283
USR0000NCRN,2008-12-11,TMAX,211
USW00013754,2008-07-30,TMAX,317
USC00316096,2009-10-25,TMAX,217
USC00316676,2006-02-25,TMIN,-11
USC00316096,2012-02-07,TMAX,144
USW00013754,2005-10-21,TMIN,167
USC00316676,2006-02-25,TMAX,167
USW00013754,2005-10-21,TMAX,278
USC00314684,2009-02-27,TMIN,-11
USR0000NHOF,2010-06-27,TMIN,250
USC00310356,2008-05-14,TMAX,189
USC00315830,2010-04-08,TMAX,211
USC00314689,2007-02-26,TMIN,89
USC00314684,2012-05-29,TMIN,206
USW00013754,2013-08-28,TMAX,317
USW00013754,2013-08-28,TMIN,206
USR0000NCRN,2011-10-23,TMIN,122
USW00093719,2012-12-05,TMAX,239
USR0000NCRN,2015-11-23,TMIN,-17
USC00314144,2010-06-20,TMAX,328
USR0000NCRN,2008-11-16,TMIN,28
USW00093765,2014-04-06,TMIN,106
USC00314684,2009-02-27,TMAX,161
USC00314144,2010-06-20,TMIN,200
USC00314684,2005-02-04,TMAX,50
USR0000NCRN,2008-11-16,TMAX,139
USC00314684,2012-05-29,TMAX,306
USR0000NCRN,2011-10-23,TMAX,211
USC00310576,2012-01-23,TMAX,78
USC00310576,2012-01-23,TMIN,50
USC00317170,2014-01-02,TMIN,67
USC00314689,2009-07-29,TMAX,339
USW00093743,2012-02-22,TMIN,94
USC00310576,2015-03-22,TMAX,178
USC00315830,2013-06-12,TMAX,311
USC00315830,2013-06-12,TMIN,217
USC00316096,2014-01-07,TMAX,0
USC00316096,2014-01-07,TMIN,-94
USR0000NHOF,2015-07-26,TMAX,322
USC00316096,2012-02-07,TMIN,39
USC00314689,2005-07-25,TMAX,322
USR0000NHOF,2015-07-26,TMIN,156
USC00310576,2015-03-22,TMIN,61
USR0000NHOF,2010-06-27,TMAX,344
USW00093743,2012-02-22,TMAX,189
USW00093719,2012-12-05,TMIN,106
USW00093719,2012-12-03,TMIN,122
USC00314689,2012-03-27,TMAX,239
USC00314689,2012-03-27,TMIN,56
USC00314684,2005-02-04,TMIN,17
USR0000NCRN,2010-05-02,TMIN,200
USC00310356,2008-05-14,TMIN,106
USR0000NNWB,2010-03-18,TMAX,183
USC00314144,2005-11-17,TMAX,217
USC00314144,2005-11-17,TMIN,28
USW00013754,2010-02-12,TMIN,-10
USC00316096,2012-05-23,TMIN,183
USR0000NHOF,2008-12-15,TMIN,111
USC00314689,2012-09-28,TMIN,167
USC00316096,2009-10-25,TMIN,139
USC00314689,2012-09-28,TMAX,294
USC00316096,2012-05-23,TMAX,272
USR0000NCRN,2012-01-07,TMAX,172
USC00314684,2012-08-05,TMAX,317
USC00314684,2012-08-05,TMIN,217
USC00310576,2013-05-14,TMAX,211
USW00093719,2014-07-06,TMAX,294
USC00314689,2007-02-26,TMAX,172
USC00315830,2008-07-06,TMIN,194
USC00315830,2005-03-13,TMAX,172
USW00093765,2005-03-31,TMIN,122
USC00315830,2005-03-13,TMIN,50
USW00013754,2008-07-30,TMIN,239
USC00315830,2008-07-06,TMAX,311
USW00093743,2008-05-14,TMIN,67
USW00093743,2008-05-14,TMAX,228
USR0000NHOF,2008-12-15,TMAX,217
USW00013754,2010-02-12,TMAX,44
USR0000NNWB,2010-03-18,TMIN,67
USW00093765,2005-11-30,TMIN,89
USW00093719,2012-12-03,TMAX,244
USC00310576,2013-05-19,TMIN,161
USW00093765,2005-11-30,TMAX,206
USR0000NCRN,2010-05-02,TMAX,256
USC00314144,2008-08-21,TMAX,289
USC00310576,2013-05-19,TMAX,283
USW00093765,2014-04-06,TMAX,144
USC00314144,2008-08-21,TMIN,183
USC00314689,2014-01-07,TMIN,-106
USC00315830,2005-09-03,TMIN,211
USC00315830,2006-02-21,TMIN,50
USC00315830,2006-02-21,TMAX,128
USW00093765,2007-09-20,TMAX,250
USC00315830,2005-09-03,TMAX,317
USC00315830,2010-04-08,TMIN,144
USC00310356,2011-10-09,TMAX,267
USW00093743,2011-08-04,TMAX,328
USR0000NNWB,2006-05-29,TMAX,306
USR0000NNWB,2006-05-29,TMIN,189
USW00093765,2007-09-20,TMIN,217
USC00314689,2005-07-25,TMIN,211
USC00316096,2011-06-19,TMIN,217
USC00317170,2015-10-07,TMAX,250
USW00093719,2008-05-21,TMIN,144
USC00317170,2014-07-23,TMAX,322
USC00317170,2014-07-23,TMIN,228
USC00310356,2012-11-07,TMIN,56
USR0000NNWB,2009-08-15,TMAX,311
USC00310356,2008-09-30,TMIN,194
USC00310356,2008-09-30,TMAX,294
USC00310356,2009-05-03,TMAX,239
USW00093743,2013-06-18,TMIN,233
USC00316096,2009-06-10,TMIN,183
USC00316096,2009-06-10,TMAX,294
USW00093719,2015-01-06,TMAX,167
USC00310576,2009-06-29,TMAX,306
USW00093765,2008-08-02,TMAX,306
USC00315830,2009-12-30,TMAX,78
USW00093765,2008-08-02,TMIN,250
USW00093719,2012-01-07,TMIN,61
USC00316676,2005-05-29,TMIN,139
USC00310576,2009-06-29,TMIN,183
USC00316676,2013-12-04,TMIN,17
USC00310356,2009-05-03,TMIN,178
USC00317170,2008-02-25,TMAX,161
USW00093719,2008-10-21,TMAX,228
USW00093719,2012-01-07,TMAX,217
USW00093719,2008-10-21,TMIN,50
USR0000NCRN,2007-09-05,TMIN,178
USR0000NCRN,2011-12-13,TMIN,22
USC00317170,2012-04-07,TMIN,17
USW00093743,2012-07-01,TMIN,200
USW00093765,2007-07-14,TMAX,294
USW00093719,2015-03-15,TMAX,217
USR0000NHOF,2014-02-04,TMAX,61
USW00093743,2012-07-01,TMAX,306
USW00093719,2007-03-16,TMAX,200
USC00310356,2012-11-07,TMAX,133
USR0000NHOF,2005-07-30,TMIN,194
USC00310356,2010-05-28,TMIN,211
USC00310356,2010-05-28,TMAX,311
USC00315830,2007-09-10,TMIN,222
USR0000NCRN,2007-09-05,TMAX,317
USR0000NHOF,2005-07-30,TMAX,289
USC00317170,2014-05-05,TMAX,244
USC00315830,2009-12-30,TMIN,-22
USC00310576,2014-10-19,TMAX,272
USC00315830,2007-09-10,TMAX,306
USC00317170,2014-05-05,TMIN,133
USC00310576,2014-10-19,TMIN,117
USR0000NHOF,2014-02-04,TMIN,33
USC00317170,2013-03-14,TMIN,6
USC00317170,2013-03-14,TMAX,117
USW00093743,2013-06-18,TMAX,289
USW00093743,2013-05-19,TMAX,267
USW00013754,2008-07-04,TMIN,200
USC00314684,2011-08-10,TMIN,217
USC00310356,2013-05-19,TMAX,267
USW00013754,2008-07-04,TMAX,317
USR0000NCRN,2010-04-19,TMIN,50
USR0000NCRN,2010-04-19,TMAX,183
USR0000NNWB,2014-03-22,TMIN,61
USC00310576,2005-04-19,TMAX,289
USR0000NNWB,2014-03-22,TMAX,256
USW00013754,2015-03-25,TMAX,239
USR0000NCRN,2011-04-28,TMAX,250
USC00310576,2005-04-19,TMIN,89
USR0000NCRN,2011-04-28,TMIN,217
USW00013754,2015-03-25,TMIN,89
USW00093743,2007-09-17,TMAX,261
USW00093743,2009-01-28,TMAX,189
USW00093743,2012-11-07,TMAX,106
USW00093743,2012-11-07,TMIN,33
USR0000NHOF,2012-09-26,TMAX,272
USR0000NHOF,2012-09-26,TMIN,106
USC00316676,2011-01-26,TMAX,150
USC00314684,2012-05-23,TMAX,306
USC00314684,2012-05-23,TMIN,178
USW00093743,2013-05-19,TMIN,194
USC00316676,2005-03-21,TMAX,211
USC00317170,2011-05-23,TMAX,300
USC00310356,2013-06-18,TMIN,228
USC00314684,2012-07-21,TMIN,233
USC00317170,2011-05-23,TMIN,189
USR0000NCRN,2008-09-24,TMAX,211
USR0000NCRN,2008-09-24,TMIN,167
USC00310356,2013-06-18,TMAX,278
USC00316676,2013-12-04,TMAX,183
USC00310356,2012-09-26,TMAX,272
USC00317170,2012-04-07,TMAX,183
USC00315830,2015-06-10,TMIN,206
USC00310356,2012-09-26,TMIN,183
USC00317170,2008-02-16,TMAX,167
USC00317170,2008-02-16,TMIN,61
USW00093765,2014-08-26,TMAX,294
USW00093719,2015-01-06,TMIN,-16
USC00316676,2011-01-26,TMIN,33
USC00314689,2009-06-06,TMIN,178
USW00093765,2014-08-26,TMIN,206
USW00093743,2012-09-26,TMAX,256
USW00093743,2012-09-26,TMIN,133
USC00315830,2015-06-10,TMAX,283
USR0000NCRN,2015-11-23,TMAX,83
USC00314684,2006-08-25,TMIN,161
USC00314684,2006-08-25,TMAX,306
USW00093719,2014-11-07,TMAX,189
USW00093743,2011-03-07,TMIN,28
USW00093719,2011-03-25,TMAX,144
USC00314144,2007-08-13,TMAX,333
USC00314684,2005-05-29,TMIN,133
USC00314689,2013-01-24,TMIN,-17
USW00013754,2005-10-20,TMAX,283
USC00316096,2009-07-29,TMAX,300
USC00315830,2015-04-15,TMAX,244
USC00315830,2015-04-15,TMIN,156
USC00316676,2015-04-06,TMIN,50
USW00093765,2011-02-10,TMIN,-21
USR0000NCRN,2005-05-16,TMAX,256
USW00093719,2005-10-06,TMAX,272
USW00093719,2005-10-06,TMIN,211
USR0000NCRN,2008-01-28,TMAX,144
USR0000NCRN,2008-01-28,TMIN,-28
USW00093765,2011-02-10,TMAX,44
USC00314689,2013-01-24,TMAX,44
USC00315830,2009-11-05,TMAX,200
USC00316676,2011-12-16,TMIN,28
USW00093719,2011-08-20,TMIN,211
USC00314689,2009-04-24,TMIN,89
USW00093743,2011-03-07,TMAX,144
USC00316096,2011-06-19,TMAX,339
USC00310356,2005-09-01,TMAX,306
USR0000NHOF,2008-05-14,TMAX,233
USR0000NHOF,2008-05-14,TMIN,17
USW00093743,2009-01-28,TMIN,61
USC00310356,2005-09-01,TMIN,244
USC00314684,2005-05-29,TMAX,306
USC00314684,2010-02-14,TMIN,-61
USC00314684,2006-09-06,TMIN,189
USC00316676,2015-04-06,TMAX,211
USC00314684,2010-02-14,TMAX,56
USC00314684,2006-09-06,TMAX,300
USC00316096,2009-07-29,TMIN,256
USR0000NCRN,2005-05-16,TMIN,178
USC00315830,2007-12-19,TMAX,133
USC00315830,2007-12-19,TMIN,0
USR0000NCRN,2012-07-21,TMIN,228
USW00093719,2014-11-07,TMIN,67
USW00093719,2005-12-29,TMIN,72
USW00093719,2005-12-29,TMAX,161
USC00314689,2007-04-27,TMIN,206
USW00093719,2009-11-05,TMAX,200
USC00314689,2007-04-27,TMAX,306
USC00314144,2006-06-15,TMAX,294
USC00314144,2006-06-15,TMIN,156
USC00314144,2007-08-13,TMIN,156
USR0000NCRN,2015-09-20,TMAX,300
USR0000NHOF,2012-02-20,TMIN,-28
USR0000NHOF,2012-02-20,TMAX,106
USC00310576,2014-03-19,TMAX,94
USC00310576,2014-01-09,TMAX,78
USW00093743,2007-09-17,TMIN,139
USC00310576,2014-03-19,TMIN,61
USW00093719,2007-03-16,TMIN,50
USR0000NHOF,2010-12-24,TMIN,-56
USR0000NHOF,2010-12-24,TMAX,72
USW00093719,2012-07-03,TMAX,350
USW00093719,2007-04-05,TMAX,178
USC00317170,2008-02-25,TMIN,39
USR0000NCRN,2015-09-20,TMIN,194
USW00093743,2010-05-28,TMAX,278
USC00315830,2009-11-05,TMIN,111
USR0000NHOF,2005-09-01,TMAX,322
USW00093765,2005-05-18,TMAX,239
USW00093765,2005-05-18,TMIN,139
USR0000NHOF,2005-09-01,TMIN,167
USW00093765,2010-09-09,TMAX,283
USR0000NCRN,2012-12-05,TMIN,117
USW00093719,2012-07-03,TMIN,222
USC00310356,2007-09-11,TMAX,289
USC00310356,2007-09-11,TMIN,256
USC00314689,2005-12-27,TMAX,117
USC00314689,2005-12-27,TMIN,28
USR0000NNWB,2009-08-15,TMIN,217
USR0000NCRN,2013-03-12,TMAX,172
USC00316676,2005-11-22,TMIN,83
USR0000NCRN,2013-03-12,TMIN,133
USC00310576,2014-01-09,TMIN,-50
USW00093743,2014-02-04,TMAX,72
USW00093743,2014-02-04,TMIN,39
USC00316676,2005-11-22,TMAX,200
USR0000NCRN,2011-12-13,TMAX,150
USC00314689,2008-11-18,TMAX,128
USC00316676,2011-12-16,TMAX,222
USW00093765,2011-06-23,TMIN,250
USC00314689,2009-04-24,TMAX,300
USW00093743,2010-05-28,TMIN,194
USR0000NCRN,2012-12-05,TMAX,233
USC00316676,2012-04-10,TMIN,89
USC00316676,2012-04-10,TMAX,239
USW00093765,2010-09-09,TMIN,222
USW00013754,2005-10-20,TMIN,178
USC00314689,2008-11-18,TMIN,17
USW00093765,2011-06-23,TMAX,311
USW00093719,2012-08-06,TMAX,317
USC00310356,2011-12-26,TMAX,144
USC00314689,2009-07-29,TMIN,233
USC00310356,2007-06-07,TMIN,222
USC00315830,2012-01-13,TMAX,178
USW00093743,2010-11-25,TMIN,56
USW00093743,2012-08-03,TMAX,306
USC00314689,2010-06-01,TMAX,311
USC00314684,2011-05-29,TMAX,294
USC00314689,2010-06-01,TMIN,233
USR0000NCRN,2010-12-02,TMIN,-11
USC00310356,2007-06-07,TMAX,294
USC00314689,2005-05-27,TMIN,122
USR0000NCRN,2011-07-22,TMAX,317
USC00314689,2005-05-27,TMAX,300
USC00314684,2013-08-31,TMIN,178
USC00310356,2008-07-10,TMAX,289
USC00317170,2008-10-16,TMAX,300
USR0000NCRN,2013-12-25,TMAX,67
USW00093719,2014-07-23,TMAX,333
USC00314684,2008-07-29,TMAX,339
USC00317170,2008-10-16,TMIN,150
USC00317170,2014-04-06,TMIN,94
USR0000NNWB,2012-04-07,TMAX,189
USC00316676,2008-08-27,TMIN,228
USR0000NNWB,2012-04-07,TMIN,11
USC00316676,2008-08-27,TMAX,300
USW00093743,2010-11-25,TMAX,206
USR0000NNWB,2013-02-02,TMAX,94
USR0000NCRN,2010-09-17,TMIN,228
USR0000NHOF,2009-02-03,TMAX,89
USC00314684,2011-01-29,TMIN,-44
USR0000NNWB,2014-08-26,TMIN,172
USR0000NNWB,2009-07-05,TMAX,322
USR0000NNWB,2009-07-05,TMIN,206
USC00314684,2005-02-07,TMIN,0
USC00314684,2008-09-06,TMAX,267
USC00314684,2008-09-06,TMIN,200
USR0000NCRN,2007-07-16,TMIN,228
USR0000NCRN,2009-01-07,TMAX,206
USC00314684,2005-02-07,TMAX,178
USC00310356,2008-07-10,TMIN,239
USC00310356,2014-10-19,TMAX,233
USR0000NCRN,2009-01-07,TMIN,100
USC00310356,2014-10-19,TMIN,117
USR0000NHOF,2009-06-18,TMAX,278
USR0000NHOF,2009-06-18,TMIN,194
USC00315830,2012-11-02,TMIN,44
USC00315830,2012-11-02,TMAX,183
USR0000NHOF,2009-02-03,TMIN,-39
USC00314684,2013-08-31,TMAX,306
USW00093719,2014-07-23,TMIN,239
USC00317170,2014-04-06,TMAX,172
USC00317170,2010-10-27,TMAX,294
USR0000NCRN,2014-02-04,TMAX,67
USC00314144,2010-02-02,TMAX,89
USR0000NCRN,2012-08-22,TMAX,283
USC00310576,2007-09-03,TMAX,294
USC00314684,2014-01-07,TMAX,189
USC00317170,2014-03-22,TMIN,61
USC00317170,2014-03-22,TMAX,261
USC00310576,2014-06-19,TMAX,350
USC00314684,2014-01-07,TMIN,-106
USC00310576,2014-06-19,TMIN,200
USC00315830,2005-07-04,TMIN,222
USC00316096,2014-11-29,TMAX,106
USW00093719,2010-06-29,TMIN,217
USW00093719,2010-06-29,TMAX,350
USR0000NCRN,2011-07-22,TMIN,272
USC00315830,2005-07-04,TMAX,306
USC00314684,2013-03-14,TMIN,-6
USC00316096,2014-11-29,TMIN,-28
USC00317170,2009-06-19,TMAX,317
USC00317170,2009-06-19,TMIN,239
USR0000NCRN,2012-08-22,TMIN,217
USC00317170,2010-10-27,TMIN,239
USC00314684,2008-07-17,TMIN,144
USC00314144,2010-02-02,TMIN,-28
USW00093743,2009-03-13,TMIN,61
USR0000NHOF,2014-10-19,TMAX,211
USR0000NHOF,2014-10-19,TMIN,44
USC00314684,2009-01-22,TMAX,6
USR0000NCRN,2013-12-25,TMIN,-11
USR0000NCRN,2010-09-17,TMAX,306
USC00314684,2008-07-17,TMAX,322
USC00314684,2008-07-29,TMIN,217
USC00314684,2011-03-31,TMAX,83
USW00093743,2009-05-07,TMAX,244
USR0000NNWB,2013-02-02,TMIN,-67
USR0000NCRN,2010-12-02,TMAX,94
USC00310576,2015-07-22,TMIN,222
USW00093743,2009-03-13,TMAX,100
USC00314684,2008-11-07,TMIN,89
USC00314689,2008-07-12,TMAX,300
USC00310576,2015-07-22,TMAX,350
USC00314684,2011-03-31,TMIN,50
USC00314684,2009-01-22,TMIN,-89
USC00314689,2008-07-12,TMIN,194
USC00314684,2008-11-07,TMAX,244
USC00310576,2007-09-03,TMIN,161
USW00093743,2009-05-07,TMIN,194
USC00310576,2010-04-04,TMAX,272
USC00314684,2011-01-29,TMAX,128
USR0000NNWB,2014-08-26,TMAX,294
USW00013754,2015-06-10,TMIN,183
USC00314144,2008-06-10,TMAX,322
USW00013754,2014-08-26,TMIN,194
USC00317170,2011-02-28,TMAX,272
USC00316676,2009-05-30,TMAX,311
USC00310576,2007-04-07,TMIN,44
USW00013754,2012-02-26,TMIN,-10
USC00314144,2008-06-10,TMIN,200
USW00013754,2015-06-10,TMAX,289
USC00310576,2006-03-10,TMIN,172
USC00316096,2013-03-14,TMIN,0
USC00316096,2013-03-14,TMAX,111
USC00315830,2009-02-27,TMAX,189
USC00314144,2009-05-25,TMAX,261
USC00315830,2013-05-19,TMIN,194
USW00013754,2010-07-24,TMIN,256
USR0000NHOF,2014-03-19,TMAX,128
USR0000NHOF,2014-03-19,TMIN,50
USC00315830,2013-05-19,TMAX,272
USC00314144,2009-05-25,TMIN,172
USC00315830,2009-02-27,TMIN,50
USC00310576,2006-03-10,TMAX,233
USC00310576,2007-04-07,TMAX,144
USW00013754,2014-08-26,TMAX,300
USC00315830,2011-12-28,TMAX,183
USC00316676,2007-01-09,TMIN,0
USR0000NHOF,2013-05-14,TMAX,377
USC00310356,2014-03-19,TMIN,56
USR0000NHOF,2013-05-14,TMIN,22
USC00315830,2011-12-28,TMIN,39
USW00013754,2010-12-02,TMAX,89
USW00013754,2009-07-05,TMAX,306
USW00013754,2009-07-05,TMIN,200
USW00093743,2008-07-13,TMIN,144
USW00093743,2008-07-13,TMAX,244
USC00316096,2013-08-31,TMIN,194
USC00316096,2013-08-31,TMAX,300
USW00013754,2010-12-02,TMIN,11
USC00316676,2009-05-30,TMIN,172
USW00013754,2014-10-23,TMIN,94
USC00315830,2007-02-04,TMAX,111
USC00315830,2007-02-04,TMIN,11
USW00013754,2014-10-23,TMAX,206
USC00316096,2012-03-27,TMAX,156
USR0000NCRN,2011-08-04,TMIN,256
USC00315830,2006-01-21,TMIN,94
USC00317170,2011-02-28,TMIN,144
USW00013754,2010-07-24,TMAX,333
USW00093719,2005-02-08,TMAX,206
USC00314684,2011-05-29,TMIN,183
USW00013754,2006-12-24,TMAX,178
USC00310356,2008-07-13,TMAX,317
USW00013754,2006-12-24,TMIN,106
USW00013754,2014-12-15,TMIN,-5
USW00093743,2008-12-15,TMAX,200
USC00310576,2011-09-15,TMIN,156
USW00093743,2008-12-15,TMIN,144
USC00314684,2012-08-17,TMIN,194
USC00310576,2011-09-15,TMAX,311
USR0000NHOF,2012-02-07,TMAX,139
USR0000NHOF,2012-02-07,TMIN,6
USC00314684,2012-08-17,TMAX,311
USR0000NNWB,2008-07-11,TMAX,289
USW00013754,2012-04-07,TMAX,178
USW00013754,2012-04-07,TMIN,17
USC00310576,2005-02-28,TMIN,50
USC00316096,2010-02-14,TMIN,-28
USC00316096,2010-02-14,TMAX,56
USR0000NCRN,2007-07-16,TMAX,317
USW00013754,2014-12-15,TMAX,161
USC00310576,2005-02-28,TMAX,122
USW00013754,2008-05-21,TMIN,156
USW00093719,2009-12-09,TMAX,233
USW00093719,2009-12-09,TMIN,94
USW00013754,2008-05-21,TMAX,250
USR0000NCRN,2011-06-02,TMIN,222
USW00013754,2010-03-18,TMAX,128
USC00310356,2008-07-13,TMIN,222
USW00013754,2010-03-18,TMIN,67
USR0000NHOF,2012-12-22,TMAX,89
USC00314684,2011-08-06,TMIN,244
USR0000NCRN,2011-06-02,TMAX,333
USW00093719,2014-07-09,TMAX,350
USC00314684,2010-10-13,TMIN,139
USC00314684,2010-10-13,TMAX,289
USR0000NNWB,2008-07-11,TMIN,222
USC00314144,2005-09-01,TMAX,333
USR0000NHOF,2012-12-22,TMIN,-6
USR0000NNWB,2005-04-20,TMIN,144
USC00314684,2011-08-06,TMAX,344
USR0000NNWB,2005-04-20,TMAX,306
USW00093719,2005-02-08,TMIN,17
USW00013754,2012-02-26,TMAX,106
USC00310576,2013-06-12,TMAX,294
USC00310576,2013-06-12,TMIN,189
USC00316096,2012-03-27,TMIN,39
USW00093719,2014-07-09,TMIN,256
USC00314144,2005-09-01,TMIN,183
USW00013754,2015-01-16,TMAX,133
USC00310576,2010-04-04,TMIN,122
USC00314689,2012-12-23,TMIN,-33
USC00314689,2012-05-23,TMIN,189
USW00093719,2007-05-17,TMAX,211
USC00315830,2009-12-08,TMAX,128
USC00315830,2009-12-08,TMIN,89
USC00314689,2012-05-23,TMAX,283
USW00093719,2007-05-17,TMIN,156
USW00093765,2008-12-16,TMAX,206
USW00093765,2008-12-16,TMIN,100
USC00315830,2015-08-12,TMAX,283
USC00314684,2005-12-20,TMIN,-39
USC00310356,2005-01-03,TMAX,206
USC00314684,2005-12-20,TMAX,111
USR0000NHOF,2015-06-21,TMAX,356
USC00317170,2013-11-09,TMAX,178
USC00314144,2007-08-28,TMAX,317
USC00310356,2005-01-03,TMIN,100
USR0000NHOF,2015-06-21,TMIN,256
USC00315830,2015-08-12,TMIN,211
USR0000NHOF,2006-08-24,TMAX,300
USC00317170,2013-11-09,TMIN,11
USR0000NCRN,2012-09-26,TMAX,267
USC00314689,2007-12-07,TMIN,-17
USW00093719,2014-08-26,TMAX,300
USC00314144,2005-02-15,TMIN,56
USC00314689,2007-12-07,TMAX,111
USW00093719,2007-12-27,TMAX,156
USC00316676,2011-12-13,TMIN,44
USR0000NCRN,2011-01-10,TMAX,-6
USW00093765,2014-05-05,TMAX,217
USR0000NHOF,2011-12-26,TMAX,128
USC00310356,2011-03-07,TMAX,167
USC00316676,2011-12-13,TMAX,128
USC00310356,2011-03-07,TMIN,39
USC00317170,2008-07-11,TMAX,289
USR0000NCRN,2011-01-10,TMIN,-33
USC00315830,2007-01-06,TMIN,167
USC00316676,2011-08-25,TMAX,306
USW00093765,2014-05-05,TMIN,161
USC00314689,2006-03-24,TMIN,39
USC00315830,2007-01-06,TMAX,211
USC00315830,2010-11-29,TMAX,183
USC00314684,2010-03-14,TMIN,61
USC00314684,2010-03-14,TMAX,194
USR0000NNWB,2008-07-04,TMIN,217
USR0000NNWB,2008-07-04,TMAX,344
USC00314689,2006-03-24,TMAX,111
USC00314144,2005-02-15,TMAX,222
USC00310576,2007-06-30,TMIN,222
USW00093719,2014-08-26,TMIN,189
USC00310576,2007-06-30,TMAX,333
USC00310576,2006-10-27,TMAX,172
USR0000NHOF,2012-07-01,TMIN,194
USW00093719,2005-02-07,TMIN,0
USC00314144,2010-09-11,TMAX,261
USW00093765,2008-03-14,TMAX,200
USW00093765,2008-03-14,TMIN,139
USW00093719,2012-08-06,TMIN,228
USC00314689,2012-01-12,TMIN,89
USC00314144,2010-09-11,TMIN,156
USC00317170,2013-08-31,TMIN,194
USC00310356,2011-12-26,TMIN,67
USC00317170,2013-08-31,TMAX,322
USC00316676,2014-07-09,TMIN,244
USR0000NHOF,2012-07-01,TMAX,356
USC00316676,2014-07-09,TMAX,339
USR0000NCRN,2011-09-09,TMIN,167
USC00314689,2010-04-09,TMIN,144
USR0000NCRN,2012-09-14,TMIN,189
USW00093743,2011-08-04,TMIN,272
USW00093719,2009-07-05,TMAX,311
USW00093719,2009-07-05,TMIN,200
USC00314689,2010-04-09,TMAX,283
USC00315830,2010-11-29,TMIN,111
USW00093719,2005-02-07,TMAX,139
USR0000NCRN,2012-09-14,TMAX,283
USR0000NCRN,2012-09-26,TMIN,128
USR0000NCRN,2011-09-09,TMAX,283
USR0000NCRN,2014-05-26,TMIN,150
USC00317170,2014-01-02,TMAX,106
USW00093719,2012-03-01,TMAX,272
USR0000NNWB,2014-12-22,TMIN,56
USR0000NCRN,2014-05-26,TMAX,256
USW00093719,2012-03-01,TMIN,189
USC00316096,2012-12-23,TMIN,-39
USC00315830,2011-04-06,TMAX,172
USW00093719,2007-12-27,TMIN,22
USC00314684,2010-10-17,TMIN,33
USC00314144,2007-08-28,TMIN,178
USW00093765,2006-09-22,TMAX,244
USC00314684,2010-10-17,TMAX,189
USC00310356,2014-08-18,TMAX,300
USC00314689,2012-01-12,TMAX,161
USW00093765,2006-09-22,TMIN,150
USC00316096,2010-06-23,TMAX,333
USC00310576,2006-10-27,TMIN,61
USC00316096,2010-06-23,TMIN,244
USC00310356,2014-08-18,TMIN,233
USC00316096,2012-12-23,TMAX,122
USC00314144,2011-04-15,TMIN,44
USC00316676,2011-08-25,TMIN,194
USR0000NNWB,2014-12-22,TMAX,94
USC00314684,2005-12-27,TMIN,-11
USR0000NNWB,2008-07-30,TMIN,244
USC00310576,2013-01-31,TMIN,122
USR0000NNWB,2008-07-30,TMAX,344
USC00310356,2012-08-03,TMIN,244
USC00314689,2011-06-19,TMIN,211
USC00310356,2015-07-26,TMIN,217
USW00093719,2005-11-20,TMIN,67
USC00316676,2015-03-10,TMAX,200
USC00315830,2015-08-09,TMIN,200
USW00013754,2013-02-02,TMIN,-32
USW00013754,2013-02-02,TMAX,83
USC00314689,2011-06-19,TMAX,339
USC00315830,2015-08-09,TMAX,278
USC00310576,2013-06-18,TMIN,206
USC00310576,2013-06-18,TMAX,294
USC00317170,2008-02-09,TMIN,50
USC00317170,2008-02-09,TMAX,222
USW00093719,2005-11-20,TMAX,161
USC00310356,2012-08-03,TMAX,289
USC00310356,2010-11-04,TMIN,133
USC00310356,2015-07-26,TMAX,317
USR0000NNWB,2006-12-24,TMAX,172
USC00310576,2013-01-31,TMAX,244
USC00316676,2015-02-06,TMIN,-56
USC00314689,2015-03-22,TMAX,183
USR0000NNWB,2008-05-21,TMAX,256
USC00314684,2013-03-14,TMAX,150
USR0000NNWB,2008-05-21,TMIN,150
USC00316096,2014-11-05,TMAX,222
USC00314144,2011-04-15,TMAX,233
USC00314689,2012-12-23,TMAX,117
USC00316096,2014-11-05,TMIN,61
USC00315830,2012-07-16,TMAX,306
USC00316676,2015-03-10,TMIN,89
USC00315830,2012-07-16,TMIN,250
USR0000NCRN,2014-02-04,TMIN,39
USR0000NCRN,2005-01-30,TMAX,128
USR0000NCRN,2005-01-30,TMIN,-94
USW00093719,2005-02-15,TMIN,67
USW00013754,2005-04-20,TMIN,133
USC00316676,2015-02-06,TMAX,117
USW00013754,2005-04-20,TMAX,278
USW00093765,2011-05-25,TMAX,283
USW00093719,2005-02-15,TMAX,183
USW00093765,2011-05-25,TMIN,206
USC00314684,2005-12-27,TMAX,122
USW00093765,2014-03-22,TMIN,94
USC00310356,2010-11-04,TMAX,172
USW00093765,2014-03-22,TMAX,206
USC00315830,2009-04-02,TMAX,178
USW00093719,2012-04-07,TMAX,183
USC00310356,2009-03-13,TMIN,83
USR0000NHOF,2010-11-25,TMIN,-6
USW00093719,2012-04-07,TMIN,17
USC00314689,2014-11-05,TMAX,222
USC00310356,2009-03-13,TMAX,150
USW00013754,2010-05-01,TMAX,283
USW00013754,2010-05-01,TMIN,172
USC00315830,2012-02-16,TMIN,50
USR0000NHOF,2011-12-26,TMIN,-11
USC00314689,2014-11-05,TMIN,106
USR0000NHOF,2010-12-22,TMIN,-28
USR0000NHOF,2010-12-22,TMAX,83
USC00317170,2008-07-11,TMIN,228
USC00315830,2012-01-13,TMIN,33
USR0000NHOF,2006-08-24,TMIN,156
USR0000NCRN,2005-09-01,TMAX,328
USC00314684,2014-05-11,TMAX,322
USR0000NCRN,2005-09-01,TMIN,211
USC00314684,2014-12-14,TMIN,-28
USC00315830,2009-04-02,TMIN,139
USC00310576,2014-04-04,TMIN,128
USW00013754,2005-01-17,TMAX,39
USC00315830,2012-02-16,TMAX,172
USR0000NNWB,2006-12-24,TMIN,83
USC00310356,2015-06-21,TMAX,300
USW00093765,2006-08-18,TMAX,300
USC00314144,2008-07-04,TMAX,317
USC00314144,2008-07-04,TMIN,172
USC00310356,2015-06-21,TMIN,267
USW00013754,2015-05-01,TMIN,106
USC00314684,2014-05-11,TMIN,200
USW00093765,2006-08-18,TMIN,228
USW00013754,2015-05-01,TMAX,206
USC00316676,2014-12-29,TMIN,100
USC00315830,2005-10-02,TMIN,183
USC00310576,2014-04-04,TMAX,283
USC00315830,2011-04-06,TMIN,44
USC00314689,2006-06-01,TMIN,189
USW00013754,2005-01-17,TMIN,28
USC00314689,2006-06-01,TMAX,306
USC00316676,2014-12-29,TMAX,239
USR0000NHOF,2008-09-30,TMIN,156
USC00314684,2014-12-14,TMAX,144
USR0000NHOF,2010-11-25,TMAX,211
USR0000NHOF,2008-09-30,TMAX,256
USC00315830,2005-10-02,TMAX,278
USC00310356,2012-07-01,TMIN,261
USR0000NHOF,2010-09-29,TMIN,183
USC00314689,2015-10-24,TMIN,106
USC00310576,2011-03-14,TMAX,250
USC00314689,2006-10-02,TMAX,272
USC00310356,2011-05-15,TMIN,200
USC00316676,2007-08-20,TMAX,317
USC00310356,2015-02-26,TMAX,50
USC00316096,2010-09-03,TMAX,333
USC00310356,2015-02-26,TMIN,-17
USC00316676,2007-08-20,TMIN,217
USC00310356,2011-05-15,TMAX,256
USC00310576,2011-03-14,TMIN,89
USR0000NNWB,2015-08-09,TMIN,183
USR0000NNWB,2015-08-09,TMAX,306
USW00093743,2012-02-26,TMAX,94
USC00316096,2010-09-03,TMIN,222
USW00093765,2006-06-14,TMAX,267
USW00093765,2006-06-14,TMIN,211
USC00314689,2006-11-17,TMIN,78
USC00316676,2007-05-15,TMIN,83
USC00316676,2007-05-15,TMAX,239
USC00314689,2006-11-17,TMAX,194
USC00310356,2011-04-15,TMIN,133
USR0000NHOF,2007-04-16,TMAX,156
USC00310356,2006-08-15,TMIN,178
USW00093743,2009-10-03,TMIN,194
USW00093743,2009-10-03,TMAX,267
USC00314684,2012-09-25,TMIN,72
USC00314689,2013-06-18,TMIN,217
USC00314689,2013-06-18,TMAX,306
USC00310356,2009-10-03,TMAX,261
USC00310356,2012-02-26,TMAX,144
USC00314689,2006-10-02,TMIN,122
USC00317170,2009-12-09,TMIN,106
USW00093765,2012-05-30,TMIN,222
USW00093765,2014-12-15,TMIN,6
USW00093765,2014-12-15,TMAX,150
USC00315830,2005-01-24,TMIN,-72
USC00317170,2009-12-09,TMAX,233
USW00093743,2011-04-15,TMAX,222
USC00310356,2012-02-26,TMIN,28
USR0000NHOF,2006-08-15,TMAX,306
USC00315830,2005-01-24,TMAX,33
USC00310356,2009-10-03,TMIN,161
USW00013754,2013-11-09,TMAX,167
USW00013754,2013-11-09,TMIN,11
USC00314684,2007-08-09,TMIN,244
USW00093765,2012-05-30,TMAX,272
USR0000NHOF,2007-04-16,TMIN,61
USC00314684,2012-09-25,TMAX,228
USC00310576,2010-01-30,TMAX,83
USR0000NHOF,2009-10-03,TMAX,272
USW00093743,2012-04-07,TMIN,11
USC00310356,2007-08-12,TMIN,211
USR0000NNWB,2011-06-07,TMAX,328
USC00314684,2006-12-05,TMAX,106
USC00310356,2011-04-15,TMAX,222
USC00310576,2009-11-30,TMAX,211
USC00316676,2015-12-02,TMIN,122
USC00310576,2006-05-29,TMAX,278
USC00310576,2006-05-29,TMIN,189
USC00310356,2007-08-12,TMAX,300
USC00314684,2006-12-05,TMIN,-39
USC00310576,2012-09-16,TMIN,139
USC00310576,2012-09-16,TMAX,283
USC00314144,2006-06-18,TMIN,144
USC00314689,2013-10-25,TMIN,50
USC00314144,2006-06-18,TMAX,294
USC00314689,2011-09-14,TMAX,317
USC00314689,2011-09-14,TMIN,183
USW00093719,2007-11-20,TMIN,78
USC00314684,2013-02-02,TMIN,-83
USC00314684,2013-02-02,TMAX,94
USW00093743,2012-04-07,TMAX,189
USC00310576,2010-01-30,TMIN,17
USC00310576,2009-11-30,TMIN,50
USW00013754,2007-07-16,TMIN,228
USC00310356,2006-08-15,TMAX,306
USC00316096,2013-06-18,TMIN,222
USW00093743,2012-02-26,TMIN,-32
USR0000NHOF,2011-08-04,TMIN,250
USC00315830,2010-11-09,TMIN,50
USR0000NHOF,2011-08-04,TMAX,367
USR0000NHOF,2009-10-03,TMIN,172
USR0000NCRN,2007-07-26,TMIN,211
USR0000NNWB,2015-01-10,TMIN,-56
USR0000NCRN,2007-07-26,TMAX,311
USC00316096,2013-06-18,TMAX,283
USR0000NNWB,2008-08-02,TMAX,356
USR0000NNWB,2008-08-02,TMIN,222
USC00315830,2010-11-09,TMAX,183
USC00310356,2012-04-07,TMAX,128
USC00310356,2012-04-07,TMIN,61
USC00316676,2015-12-02,TMAX,161
USC00314689,2013-10-25,TMAX,161
USR0000NNWB,2015-01-10,TMAX,72
USC00310356,2010-05-02,TMIN,183
USC00310356,2010-05-02,TMAX,233
USW00013754,2007-07-16,TMAX,306
USR0000NHOF,2006-08-15,TMIN,161
USC00317170,2011-11-24,TMAX,156
USC00317170,2011-11-24,TMIN,50
USW00093719,2013-09-12,TMAX,328
USC00314684,2006-02-24,TMIN,0
USR0000NHOF,2015-04-15,TMIN,94
USC00316096,2010-12-14,TMAX,0
USR0000NCRN,2014-03-23,TMIN,44
USC00315830,2014-12-21,TMIN,33
USR0000NNWB,2009-06-13,TMIN,217
USR0000NCRN,2014-03-23,TMAX,161
USC00316096,2013-10-26,TMIN,6
USR0000NNWB,2006-02-05,TMIN,33
USC00316096,2011-01-16,TMAX,128
USR0000NCRN,2011-04-18,TMAX,222
USC00314689,2005-01-15,TMIN,11
USW00093743,2010-05-02,TMIN,200
USC00314689,2009-02-21,TMIN,-50
USC00316096,2011-01-16,TMIN,-39
USW00093743,2010-05-02,TMAX,261
USC00310576,2014-08-26,TMAX,278
USC00314684,2005-06-21,TMAX,244
USC00310576,2011-09-23,TMIN,206
USW00093765,2014-07-25,TMIN,211
USC00316096,2010-12-14,TMIN,-56
USW00093765,2014-07-25,TMAX,289
USC00310576,2012-04-11,TMAX,239
USC00315830,2005-07-15,TMIN,222
USC00316676,2014-03-18,TMAX,67
USC00316096,2013-05-13,TMAX,206
USC00316676,2014-03-18,TMIN,39
USC00316096,2013-05-13,TMIN,78
USC00316676,2010-09-20,TMIN,150
USC00316096,2013-10-25,TMAX,139
USC00316096,2013-10-25,TMIN,11
USR0000NNWB,2009-06-13,TMAX,328
USC00315830,2014-12-21,TMAX,67
USR0000NHOF,2015-04-15,TMAX,211
USR0000NHOF,2015-08-30,TMAX,311
USR0000NHOF,2015-08-30,TMIN,161
USC00315830,2006-09-17,TMIN,211
USC00314144,2007-09-17,TMIN,83
USW00093765,2011-06-07,TMAX,300
USR0000NNWB,2014-11-05,TMAX,222
USC00316676,2007-11-20,TMAX,217
USR0000NNWB,2014-11-05,TMIN,106
USC00314684,2011-01-07,TMAX,56
USC00314684,2006-02-24,TMAX,144
USC00316676,2007-11-20,TMIN,78
USC00310576,2012-04-11,TMIN,111
USC00314689,2005-01-15,TMAX,72
USC00310576,2014-08-26,TMIN,178
USC00317170,2012-11-24,TMIN,6
USC00317170,2013-03-11,TMAX,217
USC00317170,2011-02-08,TMIN,78
USC00317170,2011-02-08,TMAX,133
USC00316676,2011-04-04,TMIN,33
USC00317170,2010-06-01,TMAX,283
USC00317170,2010-06-01,TMIN,211
USC00310576,2007-08-16,TMAX,339
USC00310576,2007-08-16,TMIN,200
USW00093719,2008-02-20,TMAX,172
USC00317170,2013-03-11,TMIN,39
USC00316676,2011-04-04,TMAX,217
USW00013754,2008-03-14,TMAX,217
USC00310576,2011-09-23,TMAX,300
USC00314144,2006-03-23,TMIN,-28
USW00093719,2008-02-20,TMIN,0
USC00316676,2009-03-27,TMIN,117
USC00316676,2009-03-27,TMAX,189
USW00013754,2008-03-14,TMIN,111
USC00315830,2005-07-15,TMAX,300
USC00314684,2007-08-09,TMAX,372
USC00315830,2011-10-03,TMAX,211
USC00315830,2010-08-18,TMAX,317
USC00315830,2007-08-01,TMIN,222
USC00315830,2007-08-01,TMAX,306
USC00315830,2010-08-18,TMIN,267
USC00314684,2011-01-07,TMIN,-33
USW00093765,2006-01-22,TMIN,89
USC00316096,2013-10-26,TMAX,172
USW00093765,2006-01-22,TMAX,172
USR0000NCRN,2011-04-18,TMIN,67
USW00013754,2009-06-07,TMAX,267
USW00013754,2009-06-07,TMIN,183
USC00317170,2012-11-24,TMAX,122
USW00093719,2013-06-11,TMAX,311
USW00093719,2013-06-11,TMIN,222
USR0000NHOF,2012-04-07,TMAX,183
USW00093743,2011-04-15,TMIN,117
USC00315830,2010-02-02,TMIN,17
USC00315830,2010-02-02,TMAX,117
USC00314689,2013-05-13,TMAX,250
USC00314689,2013-05-13,TMIN,122
USC00316676,2009-03-12,TMAX,278
USC00310576,2007-02-04,TMAX,94
USC00310576,2007-02-04,TMIN,17
USC00317170,2012-08-06,TMIN,228
USC00316676,2009-03-12,TMIN,122
USC00317170,2012-08-06,TMAX,311
USC00314684,2005-06-21,TMIN,117
USR0000NHOF,2012-04-07,TMIN,-17
USW00093719,2007-11-20,TMAX,211
USC00315830,2007-06-19,TMIN,228
USW00093765,2012-11-24,TMAX,139
USC00314689,2012-09-25,TMAX,283
USR0000NNWB,2008-03-14,TMAX,228
USC00316676,2007-10-26,TMAX,261
USW00013754,2015-08-09,TMIN,194
USR0000NNWB,2008-03-14,TMIN,94
USW00013754,2015-08-09,TMAX,294
USR0000NCRN,2007-05-03,TMIN,161
USC00314689,2012-09-25,TMIN,89
USR0000NCRN,2007-05-03,TMAX,256
USR0000NHOF,2008-05-23,TMIN,94
USC00316676,2013-05-19,TMIN,172
USC00316676,2013-05-19,TMAX,278
USR0000NHOF,2015-02-26,TMAX,33
USR0000NHOF,2008-05-23,TMAX,261
USC00314689,2007-09-02,TMAX,306
USC00316676,2010-02-14,TMIN,-56
USC00316676,2010-02-14,TMAX,28
USC00314689,2008-06-22,TMIN,189
USC00314689,2007-09-02,TMIN,167
USR0000NHOF,2014-02-06,TMIN,6
USW00093719,2010-11-05,TMAX,161
USC00314689,2008-06-22,TMAX,306
USC00316096,2015-09-04,TMIN,194
USR0000NCRN,2009-06-20,TMAX,339
USC00316676,2010-06-23,TMAX,344
USR0000NNWB,2009-12-30,TMIN,-28
USC00315830,2013-10-18,TMIN,217
USC00310576,2008-08-03,TMIN,211
USC00310576,2008-08-03,TMAX,339
USC00315830,2015-12-03,TMIN,117
USW00093765,2012-11-24,TMIN,22
USR0000NNWB,2009-12-30,TMAX,67
USC00315830,2013-10-18,TMAX,261
USW00093719,2015-04-05,TMAX,206
USC00315830,2015-12-03,TMAX,222
USW00093719,2010-11-05,TMIN,61
USC00317170,2013-06-11,TMAX,300
USR0000NCRN,2009-06-20,TMIN,294
USC00317170,2013-06-11,TMIN,222
USC00314144,2010-09-01,TMIN,161
USC00314684,2013-06-18,TMIN,211
USC00314684,2013-06-18,TMAX,317
USC00310576,2005-11-22,TMAX,194
USC00314144,2010-09-01,TMAX,311
USC00317170,2009-03-07,TMAX,267
USC00310576,2005-11-22,TMIN,78
USC00316096,2015-09-04,TMAX,328
USC00314689,2007-03-08,TMIN,0
USC00314689,2007-03-08,TMAX,211
USR0000NCRN,2006-03-23,TMIN,-17
USW00093719,2012-11-02,TMAX,189
USC00314144,2005-08-25,TMIN,172
USW00093719,2012-07-17,TMIN,222
USR0000NNWB,2008-06-28,TMAX,356
USW00093765,2015-04-16,TMIN,133
USC00314144,2005-08-25,TMAX,294
USW00093719,2012-07-17,TMAX,344
USC00310576,2011-12-26,TMIN,28
USW00013754,2014-05-05,TMAX,233
USR0000NHOF,2015-02-27,TMIN,-6
USR0000NHOF,2015-02-27,TMAX,122
USC00315830,2011-12-25,TMAX,167
USC00310576,2011-12-26,TMAX,161
USC00317170,2009-01-29,TMIN,67
USW00093765,2007-02-06,TMIN,-60
USW00093765,2007-02-06,TMAX,61
USR0000NHOF,2012-02-26,TMAX,111
USC00315830,2011-12-25,TMIN,33
USW00093719,2010-07-23,TMAX,350
USC00316676,2014-05-24,TMIN,178
USR0000NNWB,2008-12-08,TMIN,-61
USC00310576,2007-07-28,TMAX,328
USR0000NCRN,2006-03-23,TMAX,122
USC00316676,2007-11-23,TMIN,100
USR0000NCRN,2006-11-02,TMAX,222
USR0000NNWB,2008-12-08,TMAX,106
USC00316676,2014-05-24,TMAX,294
USR0000NCRN,2006-11-02,TMIN,72
USC00314144,2009-08-13,TMIN,217
USW00013754,2014-07-06,TMAX,289
USC00314689,2014-05-11,TMIN,206
USC00314689,2014-05-11,TMAX,322
USC00314144,2009-08-13,TMAX,256
USC00310576,2015-10-26,TMAX,239
USW00093765,2008-07-30,TMAX,300
USC00316676,2013-12-02,TMAX,144
USC00316676,2014-10-23,TMIN,94
USC00316676,2014-10-23,TMAX,183
USW00093719,2013-03-03,TMIN,0
USW00013754,2014-07-06,TMIN,161
USC00316676,2013-12-02,TMIN,61
USC00316676,2007-11-23,TMAX,250
USC00314144,2005-07-08,TMIN,256
USW00093719,2013-03-03,TMAX,89
USC00314144,2005-07-08,TMAX,333
USR0000NNWB,2008-06-28,TMIN,244
USW00093719,2012-11-02,TMIN,39
USW00093719,2006-08-18,TMIN,233
USC00316096,2015-07-26,TMAX,311
USC00316676,2010-06-23,TMIN,244
USC00316096,2012-09-25,TMAX,261
USW00093765,2005-02-15,TMAX,189
USC00315830,2006-10-06,TMAX,272
USW00093719,2010-06-13,TMIN,239
USR0000NCRN,2008-04-25,TMAX,267
USC00316096,2012-09-25,TMIN,106
USW00093719,2005-09-03,TMIN,189
USW00093719,2005-09-03,TMAX,317
USC00310576,2007-05-15,TMAX,233
USC00310356,2006-12-06,TMIN,39
USC00310576,2007-05-15,TMIN,78
USC00314684,2010-04-09,TMIN,139
USR0000NNWB,2011-06-07,TMIN,183
USC00310576,2006-07-28,TMAX,322
USC00310356,2006-12-06,TMAX,133
USW00093719,2010-06-13,TMAX,356
USC00314689,2005-12-02,TMAX,122
USC00314689,2005-12-02,TMIN,39
USC00315830,2015-07-22,TMIN,233
USC00315830,2015-07-22,TMAX,311
USC00310576,2006-07-28,TMIN,233
USC00317170,2008-07-29,TMIN,239
USC00310576,2007-06-02,TMAX,283
USC00317170,2008-07-29,TMAX,339
USC00314684,2015-03-15,TMAX,194
USW00013754,2015-09-05,TMIN,239
USR0000NCRN,2013-09-01,TMIN,233
USC00310576,2012-03-14,TMAX,233
USC00315830,2007-06-19,TMAX,289
USR0000NCRN,2012-11-23,TMAX,189
USW00013754,2015-09-05,TMAX,311
USC00315830,2006-10-06,TMIN,178
USW00093719,2014-11-05,TMAX,239
USR0000NCRN,2013-09-01,TMAX,300
USR0000NHOF,2006-06-02,TMIN,183
USR0000NHOF,2006-06-02,TMAX,283
USC00317170,2015-06-23,TMIN,256
USC00315830,2011-10-03,TMIN,67
USC00310576,2012-03-14,TMIN,117
USC00317170,2015-06-23,TMAX,344
USC00314684,2010-04-09,TMAX,278
USC00314684,2015-03-15,TMIN,122
USW00093719,2014-11-05,TMIN,106
USR0000NCRN,2012-11-23,TMIN,39
USR0000NCRN,2006-12-18,TMIN,61
USW00093765,2005-02-15,TMIN,78
USW00093719,2005-05-18,TMAX,250
USR0000NCRN,2010-12-09,TMIN,-61
USR0000NNWB,2006-10-25,TMAX,139
USR0000NNWB,2006-10-25,TMIN,6
USC00310576,2007-07-25,TMIN,156
USC00316096,2015-02-06,TMAX,50
USC00310356,2006-06-02,TMIN,239
USC00314144,2005-02-19,TMIN,-72
USC00310356,2006-06-02,TMAX,278
USC00316096,2015-02-06,TMIN,-50
USC00314144,2005-02-19,TMAX,133
USC00317170,2010-08-13,TMIN,239
USC00317170,2010-08-13,TMAX,328
USW00013754,2011-07-24,TMAX,361
USR0000NHOF,2014-05-07,TMIN,144
USC00317170,2015-12-28,TMIN,144
USC00317170,2015-12-28,TMAX,211
USR0000NHOF,2014-05-07,TMAX,283
USC00317170,2009-03-07,TMIN,106
USC00310356,2011-12-28,TMAX,167
USW00093719,2015-04-05,TMIN,33
USC00316676,2007-10-26,TMIN,217
USW00093765,2008-07-30,TMIN,261
USW00093719,2005-05-18,TMIN,117
USC00316096,2015-07-26,TMIN,183
USC00310576,2007-07-25,TMAX,294
USC00316676,2009-10-04,TMAX,278
USC00316676,2009-10-04,TMIN,144
USW00013754,2011-07-24,TMIN,256
USR0000NCRN,2010-12-09,TMAX,56
USR0000NCRN,2008-04-25,TMIN,33
USC00310576,2007-06-02,TMIN,133
USW00093719,2006-02-06,TMIN,0
USR0000NHOF,2010-12-27,TMAX,17
USR0000NHOF,2010-12-27,TMIN,-50
USR0000NCRN,2007-01-11,TMIN,67
USW00093719,2006-02-06,TMAX,122
USC00314684,2008-07-12,TMAX,289
USR0000NCRN,2007-01-11,TMAX,128
USC00310356,2011-12-28,TMIN,72
USR0000NCRN,2006-12-18,TMAX,244
USC00316676,2008-08-29,TMIN,228
USC00316676,2008-08-29,TMAX,283
USW00013754,2011-07-20,TMAX,344
USW00093765,2013-06-11,TMAX,278
USW00093765,2013-06-11,TMIN,233
USC00314684,2008-07-12,TMIN,183
USC00316676,2009-02-07,TMAX,117
USC00316676,2009-02-07,TMIN,-83
USR0000NNWB,2015-02-08,TMIN,83
USR0000NNWB,2015-02-08,TMAX,222
USW00013754,2011-07-20,TMIN,261
USC00310576,2009-09-14,TMIN,144
USC00310576,2009-09-14,TMAX,272
USW00093719,2006-08-18,TMAX,311
USC00316676,2014-04-03,TMAX,311
USC00310576,2011-03-09,TMIN,17
USC00316096,2013-09-10,TMAX,311
USW00093719,2015-06-07,TMIN,167
USW00093765,2005-04-03,TMIN,94
USC00314684,2011-05-10,TMAX,261
USC00316096,2013-09-10,TMIN,189
USR0000NNWB,2007-05-17,TMAX,211
USC00316676,2014-04-03,TMIN,89
USW00093719,2006-09-16,TMIN,167
USC00314689,2014-02-03,TMAX,217
USC00314689,2014-02-03,TMIN,78
USC00314684,2010-10-27,TMIN,194
USW00093765,2007-07-04,TMIN,161
USW00093765,2007-07-04,TMAX,283
USC00314684,2009-11-18,TMAX,178
USC00314684,2010-10-27,TMAX,267
USC00317170,2012-09-25,TMAX,261
USC00317170,2012-09-25,TMIN,94
USW00093765,2007-11-07,TMAX,139
USC00314684,2007-02-06,TMIN,-83
USW00093719,2015-06-07,TMAX,278
USC00314684,2007-02-06,TMAX,61
USC00316676,2012-11-07,TMAX,94
USR0000NCRN,2009-08-13,TMAX,278
USW00093765,2010-06-01,TMAX,267
USW00013754,2008-08-02,TMIN,228
USC00310576,2005-04-26,TMIN,111
USR0000NHOF,2007-08-12,TMIN,161
USC00314684,2009-11-18,TMIN,83
USC00314689,2014-10-18,TMAX,261
USC00314689,2014-10-18,TMIN,133
USW00093765,2010-06-01,TMIN,233
USC00314684,2012-10-31,TMAX,106
USC00314684,2012-10-31,TMIN,33
USR0000NHOF,2007-08-12,TMAX,289
USR0000NNWB,2009-05-25,TMIN,194
USR0000NCRN,2009-08-13,TMIN,256
USC00310356,2013-08-28,TMAX,272
USC00310356,2013-08-28,TMIN,239
USC00310576,2011-03-09,TMAX,161
USC00314684,2011-05-10,TMIN,111
USC00314689,2007-11-10,TMAX,144
USC00314689,2007-11-10,TMIN,56
USC00317170,2009-09-12,TMIN,161
USR0000NHOF,2010-05-02,TMAX,300
USC00317170,2009-09-12,TMAX,294
USC00316096,2011-11-22,TMAX,228
USR0000NNWB,2007-05-17,TMIN,150
USC00317170,2008-12-25,TMAX,200
USW00093765,2008-05-15,TMAX,239
USW00093743,2010-02-12,TMAX,61
USW00093743,2010-02-12,TMIN,-10
USC00310356,2005-01-23,TMIN,-44
USW00093743,2013-08-28,TMIN,239
USC00314689,2015-07-26,TMIN,172
USC00310356,2005-01-23,TMAX,133
USR0000NCRN,2011-11-16,TMAX,217
USR0000NNWB,2009-05-25,TMAX,294
USW00093719,2008-06-24,TMAX,317
USC00314689,2015-07-26,TMAX,317
USW00093719,2008-06-24,TMIN,194
USR0000NCRN,2012-02-22,TMIN,100
USW00093743,2007-10-23,TMAX,278
USC00314684,2007-11-02,TMIN,111
USR0000NCRN,2010-09-26,TMAX,289
USW00093743,2007-10-23,TMIN,211
USR0000NNWB,2007-04-15,TMAX,250
USW00093719,2010-04-08,TMAX,283
USR0000NCRN,2010-09-26,TMIN,228
USC00317170,2011-03-31,TMAX,133
USW00093765,2008-05-15,TMIN,194
USR0000NHOF,2009-09-28,TMAX,278
USR0000NHOF,2009-09-28,TMIN,139
USR0000NCRN,2011-11-16,TMIN,189
USR0000NCRN,2014-10-24,TMIN,72
USC00317170,2014-07-25,TMIN,189
USC00317170,2014-07-25,TMAX,283
USR0000NCRN,2014-10-24,TMAX,211
USC00310576,2005-05-15,TMAX,278
USW00093743,2013-12-11,TMAX,111
USC00310576,2005-05-15,TMIN,194
USW00093719,2006-08-13,TMAX,278
USW00093743,2013-12-11,TMIN,0
USC00316096,2011-11-22,TMIN,139
USR0000NCRN,2012-11-28,TMIN,-22
USW00093765,2005-04-03,TMAX,189
USC00317170,2008-12-25,TMIN,106
USW00093719,2006-08-13,TMIN,178
USC00310356,2010-02-12,TMAX,94
USC00310356,2010-02-12,TMIN,-6
USR0000NNWB,2008-02-24,TMAX,117
USC00310576,2006-06-02,TMIN,206
USC00310576,2006-06-02,TMAX,289
USR0000NNWB,2008-02-24,TMIN,33
USC00315830,2006-12-24,TMAX,183
USW00093719,2010-04-08,TMIN,161
USW00093743,2013-08-28,TMAX,294
USC00316096,2013-02-02,TMIN,-61
USW00093765,2012-07-03,TMAX,311
USC00310576,2015-08-08,TMIN,217
USC00316676,2015-08-27,TMIN,206
USR0000NNWB,2005-01-31,TMIN,11
USR0000NNWB,2005-01-31,TMAX,94
USW00093765,2007-03-16,TMIN,61
USW00013754,2007-04-01,TMIN,111
USW00013754,2008-03-31,TMAX,211
USR0000NCRN,2007-05-28,TMAX,283
USW00013754,2008-03-31,TMIN,111
USW00093765,2013-03-03,TMIN,17
USW00093765,2013-03-03,TMAX,89
USC00316676,2006-04-12,TMAX,228
USC00314684,2015-12-28,TMIN,156
USC00314684,2015-12-28,TMAX,250
USC00310576,2010-09-26,TMIN,167
USC00316676,2015-08-27,TMAX,294
USC00314684,2005-04-20,TMIN,139
USC00314684,2005-04-20,TMAX,294
USW00093719,2009-12-30,TMAX,61
USC00310576,2010-09-26,TMAX,333
USC00314689,2014-11-07,TMIN,78
USR0000NHOF,2014-03-23,TMIN,28
USC00310356,2011-10-24,TMAX,228
USC00310576,2015-08-08,TMAX,289
USC00314684,2006-02-20,TMIN,-44
USC00310576,2012-06-20,TMAX,311
USR0000NNWB,2006-06-14,TMIN,178
USC00316676,2015-06-10,TMIN,189
USC00316676,2015-06-10,TMAX,294
USC00314689,2006-07-21,TMAX,328
USW00093719,2006-12-25,TMIN,94
USC00314689,2006-07-21,TMIN,211
USC00314689,2012-01-23,TMIN,44
USW00093765,2005-09-03,TMIN,217
USW00093765,2015-05-01,TMAX,200
USW00093765,2005-09-03,TMAX,317
USW00093719,2006-12-25,TMAX,217
USC00314684,2012-01-16,TMAX,67
USC00316676,2012-12-23,TMIN,-11
USW00093719,2006-01-25,TMAX,122
USC00316096,2014-10-18,TMAX,261
USC00316676,2012-12-23,TMAX,117
USW00093719,2006-01-25,TMIN,39
USC00316676,2006-04-12,TMIN,67
USC00316096,2014-10-18,TMIN,156
USW00093719,2009-12-30,TMIN,-33
USC00310576,2012-06-20,TMIN,183
USC00314684,2006-02-20,TMAX,28
USR0000NHOF,2014-03-23,TMAX,206
USC00314689,2014-11-07,TMAX,239
USR0000NCRN,2012-02-22,TMAX,189
USC00314684,2010-08-13,TMAX,344
USC00316096,2012-05-21,TMIN,150
USC00314689,2005-04-02,TMAX,250
USR0000NNWB,2011-03-22,TMIN,128
USC00315830,2006-04-20,TMAX,267
USR0000NHOF,2010-05-02,TMIN,217
USR0000NCRN,2009-08-12,TMAX,300
USW00013754,2011-03-26,TMIN,72
USR0000NNWB,2011-03-22,TMAX,300
USC00310356,2013-12-11,TMIN,17
USR0000NCRN,2009-08-12,TMIN,272
USC00314689,2005-04-02,TMIN,122
USC00316676,2012-11-07,TMIN,61
USC00316676,2010-03-14,TMIN,78
USC00314684,2007-12-13,TMIN,111
USW00013754,2008-08-02,TMAX,333
USC00316676,2010-03-14,TMAX,217
USC00316676,2009-06-04,TMAX,311
USC00310576,2005-04-26,TMAX,206
USC00314684,2007-12-13,TMAX,261
USW00093765,2007-11-07,TMIN,44
USC00314684,2010-08-13,TMIN,217
USW00013754,2007-04-01,TMAX,250
USW00013754,2008-08-11,TMIN,189
USR0000NNWB,2010-07-23,TMIN,256
USR0000NNWB,2008-02-11,TMAX,94
USW00093765,2007-03-16,TMAX,200
USW00013754,2013-12-12,TMIN,-27
USC00317170,2011-09-25,TMIN,206
USC00317170,2011-09-25,TMAX,228
USW00013754,2012-08-05,TMAX,311
USC00310356,2008-12-08,TMIN,6
USW00013754,2013-12-12,TMAX,89
USW00013754,2008-08-11,TMAX,300
USR0000NNWB,2008-02-11,TMIN,-17
USW00013754,2011-03-26,TMAX,144
USC00310576,2009-02-10,TMAX,172
USW00013754,2012-08-05,TMIN,239
USC00310576,2009-02-10,TMIN,33
USC00316676,2008-11-30,TMIN,83
USC00316676,2008-11-30,TMAX,111
USC00315830,2006-04-20,TMIN,100
USC00316096,2012-05-21,TMAX,261
USC00310356,2013-12-11,TMAX,167
USC00310356,2014-03-23,TMIN,117
USC00310356,2014-03-23,TMAX,172
USR0000NNWB,2010-07-23,TMAX,361
USR0000NCRN,2012-11-28,TMAX,111
USW00013754,2014-05-05,TMIN,167
USW00093719,2006-09-16,TMAX,261
USC00315830,2008-11-15,TMIN,189
USC00314684,2009-01-17,TMAX,-11
USW00093743,2009-04-01,TMIN,139
USC00314689,2005-12-29,TMAX,161
USC00314684,2009-11-17,TMIN,61
USW00013754,2005-08-03,TMAX,328
USW00093719,2008-01-11,TMAX,211
USC00316676,2007-08-23,TMIN,217
USW00093719,2008-01-11,TMIN,167
USR0000NNWB,2015-04-11,TMIN,133
USC00316676,2009-07-29,TMIN,206
USC00316676,2009-07-29,TMAX,317
USC00317170,2009-08-19,TMIN,233
USW00093719,2012-07-30,TMAX,300
USW00093765,2008-09-06,TMAX,294
USC00314684,2006-07-23,TMIN,217
USR0000NNWB,2010-11-23,TMIN,111
USC00310356,2009-09-28,TMIN,217
USC00310356,2015-04-07,TMIN,144
USC00314689,2009-11-02,TMAX,144
USC00310356,2009-09-28,TMAX,267
USW00093765,2008-09-06,TMIN,261
USW00093743,2009-04-01,TMAX,172
USC00316096,2011-08-10,TMIN,222
USW00093719,2005-10-02,TMAX,256
USC00317170,2009-08-19,TMAX,333
USC00316096,2014-11-07,TMAX,172
USC00317170,2008-07-30,TMIN,233
USC00314689,2012-05-21,TMIN,189
USC00317170,2008-07-30,TMAX,339
USR0000NCRN,2007-02-12,TMIN,78
USC00317170,2015-04-16,TMIN,100
USW00093765,2006-08-25,TMIN,211
USR0000NCRN,2005-08-25,TMIN,189
USC00317170,2015-04-16,TMAX,217
USC00314684,2009-11-17,TMAX,222
USW00013754,2011-01-13,TMAX,50
USC00315830,2010-03-13,TMAX,183
USR0000NCRN,2005-08-25,TMAX,300
USW00093765,2011-06-07,TMIN,189
USW00013754,2007-06-10,TMIN,183
USC00315830,2010-03-13,TMIN,122
USW00013754,2011-01-13,TMIN,-55
USC00310356,2015-04-15,TMAX,256
USC00314689,2005-12-29,TMIN,100
USW00013754,2005-08-03,TMIN,200
USC00314684,2009-01-17,TMIN,-122
USW00093719,2005-10-02,TMIN,161
USC00315830,2013-01-11,TMAX,217
USW00013754,2007-06-10,TMAX,278
USC00315830,2013-01-11,TMIN,83
USR0000NCRN,2013-10-15,TMAX,211
USR0000NCRN,2013-10-15,TMIN,172
USW00013754,2010-04-26,TMAX,261
USW00013754,2014-11-05,TMAX,233
USW00013754,2014-11-05,TMIN,89
USC00310356,2011-01-29,TMAX,100
USC00310356,2011-01-29,TMIN,17
USC00310356,2015-04-15,TMIN,156
USC00314684,2015-02-06,TMIN,-83
USC00310356,2013-09-01,TMAX,306
USR0000NHOF,2006-12-06,TMIN,-56
USC00314689,2009-02-21,TMAX,111
USR0000NNWB,2013-06-11,TMAX,306
USR0000NHOF,2006-12-06,TMAX,172
USW00013754,2010-04-26,TMIN,172
USW00093719,2013-09-12,TMIN,194
USR0000NNWB,2013-06-11,TMIN,222
USW00093765,2013-03-11,TMAX,206
USW00093765,2013-03-11,TMIN,78
USC00314144,2007-09-17,TMAX,256
USC00316676,2010-09-20,TMAX,283
USC00314689,2009-11-02,TMIN,106
USR0000NNWB,2015-10-26,TMAX,183
USR0000NNWB,2015-10-26,TMIN,139
USC00317170,2009-05-30,TMIN,183
USC00314684,2006-07-23,TMAX,317
USR0000NCRN,2006-07-29,TMIN,256
USR0000NHOF,2011-04-15,TMIN,44
USR0000NHOF,2011-04-15,TMAX,233
USC00316096,2011-08-10,TMAX,356
USW00013754,2013-06-11,TMAX,294
USW00013754,2013-06-11,TMIN,228
USC00314684,2015-02-06,TMAX,111
USC00316676,2007-08-23,TMAX,311
USC00310356,2013-09-01,TMIN,244
USC00310356,2009-04-01,TMIN,89
USC00316676,2007-04-27,TMIN,194
USC00314689,2011-07-09,TMAX,300
USR0000NHOF,2009-04-01,TMAX,172
USC00314689,2011-07-09,TMIN,250
USC00317170,2009-05-30,TMAX,289
USR0000NHOF,2009-04-01,TMIN,111
USR0000NCRN,2006-07-29,TMAX,322
USR0000NNWB,2010-11-23,TMAX,239
USR0000NCRN,2012-04-07,TMAX,183
USC00310356,2015-04-07,TMAX,228
USR0000NCRN,2012-04-07,TMIN,6
USC00316676,2007-04-27,TMAX,300
USC00315830,2008-11-15,TMAX,233
USR0000NCRN,2007-02-12,TMAX,139
USR0000NNWB,2015-04-11,TMAX,244
USC00317170,2014-12-15,TMAX,156
USC00316676,2009-09-26,TMAX,294
USC00316676,2009-09-26,TMIN,200
USC00310356,2015-08-30,TMAX,294
USR0000NNWB,2005-02-08,TMIN,17
USW00093765,2012-11-02,TMIN,61
USC00314689,2007-01-09,TMAX,156
USC00316676,2005-12-20,TMAX,111
USC00314689,2007-01-09,TMIN,-6
USW00093765,2008-12-02,TMAX,83
USR0000NHOF,2015-11-02,TMAX,189
USC00310356,2015-08-30,TMIN,217
USW00093765,2012-11-02,TMAX,183
USR0000NNWB,2011-07-20,TMIN,250
USC00314684,2009-06-04,TMAX,317
USW00093765,2008-12-02,TMIN,6
USW00093719,2006-06-14,TMAX,261
USW00093719,2006-06-14,TMIN,189
USC00316676,2011-11-13,TMAX,183
USW00093765,2009-05-04,TMAX,250
USC00314689,2011-11-22,TMAX,244
USC00310576,2006-08-26,TMIN,178
USC00316676,2011-11-13,TMIN,28
USC00317170,2014-12-15,TMIN,-11
USC00314684,2009-06-04,TMIN,194
USC00316096,2013-02-02,TMAX,67
USC00314689,2012-01-23,TMAX,150
USC00317170,2011-03-31,TMIN,50
USR0000NCRN,2013-05-20,TMIN,200
USC00314684,2013-05-13,TMAX,256
USC00314684,2013-05-13,TMIN,111
USR0000NCRN,2013-05-20,TMAX,256
USC00317170,2011-02-16,TMAX,172
USC00317170,2011-02-16,TMIN,22
USC00316676,2013-01-30,TMAX,239
USR0000NHOF,2010-02-12,TMAX,50
USR0000NHOF,2010-02-12,TMIN,-44
USC00316676,2013-01-30,TMIN,106
USR0000NCRN,2009-06-30,TMIN,228
USW00093719,2012-07-30,TMIN,222
USR0000NNWB,2009-02-02,TMIN,17
USR0000NCRN,2009-06-30,TMAX,322
USR0000NNWB,2005-02-08,TMAX,217
USC00314684,2007-11-02,TMAX,261
USR0000NNWB,2009-02-02,TMAX,167
USR0000NNWB,2007-04-15,TMIN,67
USC00316676,2005-12-20,TMIN,-33
USW00093765,2009-05-04,TMIN,206
USC00314144,2006-11-02,TMAX,267
USR0000NCRN,2006-06-18,TMIN,161
USW00093719,2009-05-07,TMIN,194
USR0000NCRN,2014-07-18,TMAX,289
USC00314689,2005-08-31,TMAX,339
USC00314689,2005-08-31,TMIN,267
USC00316676,2007-08-03,TMAX,306
USR0000NCRN,2012-02-04,TMIN,0
USR0000NCRN,2012-02-04,TMAX,189
USC00310356,2005-01-04,TMIN,111
USC00310356,2005-01-04,TMAX,144
USW00013754,2015-05-07,TMIN,178
USW00013754,2015-05-07,TMAX,244
USC00310356,2009-04-01,TMAX,200
USC00316676,2007-08-03,TMIN,206
USW00093765,2014-12-14,TMAX,139
USR0000NHOF,2015-11-02,TMIN,172
USR0000NCRN,2012-12-17,TMIN,156
USR0000NCRN,2012-12-17,TMAX,161
USW00093765,2014-12-14,TMIN,6
USC00316096,2014-11-07,TMIN,28
USW00093765,2006-08-25,TMAX,294
USC00310356,2008-12-08,TMAX,83
USC00314689,2013-09-10,TMIN,183
USR0000NCRN,2014-07-18,TMIN,183
USW00093743,2009-09-28,TMAX,272
USC00314689,2013-09-10,TMAX,306
USC00314144,2006-11-02,TMIN,94
USR0000NNWB,2011-07-20,TMAX,367
USC00316676,2006-08-23,TMAX,283
USC00317170,2012-01-07,TMIN,39
USC00314689,2012-01-21,TMIN,78
USC00314689,2011-11-22,TMIN,144
USR0000NCRN,2006-06-18,TMAX,272
USC00317170,2012-01-07,TMAX,206
USC00314684,2007-09-23,TMIN,183
USC00314689,2012-01-21,TMAX,183
USC00314689,2012-05-21,TMAX,261
USC00316676,2006-08-23,TMIN,217
USC00310356,2011-10-20,TMIN,117
USC00314684,2007-09-23,TMAX,322
USC00317170,2015-12-26,TMAX,244
USW00093719,2009-05-07,TMAX,278
USC00310356,2011-10-20,TMAX,239
USC00317170,2015-12-26,TMIN,172
USR0000NNWB,2012-08-05,TMAX,344
USC00310576,2006-08-26,TMAX,294
USW00093743,2009-09-28,TMIN,172
USR0000NNWB,2012-08-05,TMIN,244
USC00316676,2009-06-04,TMIN,194
USC00314689,2015-10-24,TMAX,267
USW00093719,2010-07-23,TMIN,250
USC00315830,2014-07-07,TMIN,217
USC00314684,2007-08-22,TMIN,211
USC00317170,2008-04-27,TMAX,272
USC00315830,2007-04-08,TMAX,106
USW00013754,2011-05-29,TMAX,311
USC00314689,2012-10-31,TMAX,161
USC00316676,2013-05-13,TMAX,261
USC00316676,2013-05-13,TMIN,139
USC00315830,2007-04-08,TMIN,-11
USC00314689,2012-10-31,TMIN,56
USC00317170,2008-04-27,TMIN,167
USC00310576,2005-06-02,TMIN,167
USR0000NCRN,2015-07-26,TMIN,178
USC00310356,2012-08-22,TMIN,228
USC00316676,2009-12-28,TMAX,144
USW00093719,2007-03-09,TMIN,6
USC00316676,2009-12-28,TMIN,44
USC00310356,2010-10-03,TMIN,178
USC00317170,2009-11-28,TMIN,28
USC00310356,2012-08-22,TMAX,278
USC00317170,2009-11-28,TMAX,139
USC00314689,2007-03-22,TMAX,233
USW00093719,2015-03-01,TMIN,0
USW00013754,2005-08-01,TMAX,283
USW00093743,2009-11-15,TMAX,222
USW00093765,2006-08-13,TMIN,200
USR0000NCRN,2006-08-15,TMIN,200
USR0000NCRN,2006-08-15,TMAX,300
USC00314684,2014-11-29,TMAX,72
USC00314684,2014-11-29,TMIN,-33
USC00310356,2005-03-06,TMAX,139
USC00316676,2014-02-03,TMAX,200
USW00093765,2014-11-05,TMAX,217
USC00316676,2014-02-03,TMIN,61
USW00093765,2014-11-05,TMIN,144
USR0000NHOF,2006-03-23,TMAX,117
USR0000NHOF,2006-03-23,TMIN,-67
USW00093719,2015-03-01,TMAX,100
USC00316096,2011-03-23,TMAX,250
USC00316676,2012-05-23,TMIN,178
USR0000NHOF,2007-03-27,TMIN,106
USC00316676,2012-05-23,TMAX,300
USW00093765,2006-08-13,TMAX,278
USR0000NCRN,2015-07-26,TMAX,306
USR0000NHOF,2007-03-27,TMAX,283
USW00013754,2015-10-26,TMAX,194
USW00093743,2009-11-15,TMIN,106
USC00310576,2005-06-02,TMAX,217
USR0000NCRN,2014-05-07,TMAX,250
USW00093719,2013-06-18,TMIN,217
USC00314689,2007-03-22,TMIN,67
USC00314689,2010-10-17,TMIN,67
USC00314689,2010-10-17,TMAX,244
USW00093719,2005-12-27,TMAX,122
USR0000NHOF,2008-11-16,TMAX,133
USW00013754,2007-02-25,TMIN,17
USW00093719,2005-12-27,TMIN,-6
USR0000NNWB,2008-08-11,TMAX,300
USC00316676,2006-11-26,TMIN,17
USR0000NHOF,2009-11-28,TMIN,-22
USC00310356,2014-06-19,TMAX,283
USC00316676,2006-11-26,TMAX,183
USR0000NNWB,2008-08-11,TMIN,178
USC00316096,2010-10-13,TMIN,167
USW00013754,2011-08-10,TMAX,361
USC00316096,2010-10-13,TMAX,261
USC00310356,2010-04-10,TMIN,111
USC00310356,2010-04-10,TMAX,206
USC00314144,2011-04-28,TMIN,211
USC00316096,2011-03-23,TMIN,106
USW00013754,2011-08-10,TMIN,233
USW00093719,2011-01-13,TMIN,-61
USR0000NHOF,2008-11-16,TMIN,-11
USW00093719,2013-06-18,TMAX,322
USC00314144,2011-04-28,TMAX,261
USW00013754,2011-05-29,TMIN,189
USC00310356,2010-10-03,TMAX,233
USC00314689,2013-11-10,TMIN,61
USW00093719,2009-05-09,TMAX,317
USW00093719,2007-03-09,TMAX,156
USR0000NCRN,2013-12-05,TMIN,94
USR0000NCRN,2013-12-05,TMAX,222
USC00310356,2009-11-15,TMIN,128
USW00093719,2014-01-07,TMAX,0
USR0000NHOF,2012-02-22,TMIN,78
USC00314689,2013-11-10,TMAX,211
USR0000NHOF,2012-02-22,TMAX,206
USC00310356,2009-11-15,TMAX,194
USW00093719,2015-05-01,TMIN,100
USR0000NHOF,2009-11-28,TMAX,139
USW00093719,2014-01-07,TMIN,-82
USC00314689,2014-10-23,TMIN,78
USC00314689,2014-10-23,TMAX,206
USC00310576,2010-02-02,TMIN,-11
USW00093719,2009-05-09,TMIN,206
USC00310576,2010-02-02,TMAX,122
USW00013754,2007-02-25,TMAX,172
USW00093719,2015-05-01,TMAX,189
USC00310356,2005-03-06,TMIN,11
USC00316676,2007-05-01,TMIN,122
USC00314689,2012-07-21,TMAX,306
USW00093765,2012-05-29,TMIN,250
USW00093719,2008-07-04,TMAX,339
USR0000NCRN,2015-08-18,TMAX,306
USC00316676,2005-08-31,TMAX,322
USC00316676,2005-08-31,TMIN,239
USC00316676,2011-06-24,TMIN,217
USW00093719,2005-10-24,TMAX,189
USC00316676,2011-06-24,TMAX,350
USC00310356,2006-03-23,TMAX,117
USC00310356,2006-03-23,TMIN,33
USW00093719,2006-10-25,TMAX,139
USW00093765,2007-09-30,TMAX,261
USR0000NCRN,2015-08-18,TMIN,200
USR0000NHOF,2009-04-16,TMIN,11
USR0000NHOF,2009-04-16,TMAX,172
USW00093743,2012-08-22,TMIN,222
USC00314689,2006-06-14,TMAX,250
USW00093719,2006-10-25,TMIN,17
USR0000NHOF,2007-11-11,TMIN,-33
USR0000NHOF,2007-11-11,TMAX,139
USC00314689,2006-06-14,TMIN,200
USW00093719,2008-07-04,TMIN,211
USC00316676,2014-03-22,TMIN,33
USW00093765,2012-05-29,TMAX,289
USC00316096,2013-05-19,TMAX,267
USC00314144,2007-10-30,TMIN,-17
USC00310576,2005-11-09,TMAX,256
USC00316096,2012-01-21,TMAX,172
USW00093765,2006-11-19,TMAX,144
USR0000NNWB,2013-03-03,TMIN,-11
USC00317170,2008-07-09,TMIN,206
USR0000NNWB,2013-03-03,TMAX,83
USC00317170,2008-07-09,TMAX,300
USW00093743,2010-10-03,TMAX,189
USC00310576,2007-07-10,TMAX,306
USW00093765,2006-11-19,TMIN,39
USC00310356,2005-04-19,TMAX,172
USC00310576,2007-07-10,TMIN,233
USC00310576,2009-04-18,TMIN,28
USC00314144,2008-08-28,TMIN,217
USC00310356,2005-04-19,TMIN,117
USW00013754,2015-10-26,TMIN,156
USC00314144,2008-08-28,TMAX,289
USC00310576,2009-04-18,TMAX,206
USC00316096,2012-08-17,TMIN,217
USC00316096,2013-05-19,TMIN,178
USC00316096,2012-08-17,TMAX,300
USC00314684,2015-12-26,TMAX,267
USW00093765,2007-09-30,TMIN,178
USW00013754,2013-03-03,TMIN,-10
USC00315830,2010-07-11,TMIN,222
USR0000NNWB,2008-05-15,TMIN,167
USR0000NCRN,2011-10-24,TMIN,89
USC00317170,2014-12-14,TMIN,-6
USR0000NNWB,2008-05-15,TMAX,267
USW00013754,2005-09-03,TMIN,200
USW00013754,2005-09-03,TMAX,317
USC00310576,2012-03-04,TMIN,83
USC00315830,2010-12-14,TMAX,22
USC00315830,2010-12-14,TMIN,-56
USR0000NNWB,2006-02-06,TMIN,0
USR0000NNWB,2006-02-06,TMAX,117
USR0000NCRN,2011-10-24,TMAX,217
USC00314144,2006-07-29,TMIN,217
USW00093765,2005-10-21,TMIN,178
USW00093765,2005-10-21,TMAX,261
USC00310356,2005-01-15,TMAX,183
USC00314144,2006-07-29,TMAX,317
USC00310356,2005-01-15,TMIN,61
USC00314689,2012-07-21,TMIN,228
USC00316676,2007-05-01,TMAX,306
USC00317170,2014-12-14,TMAX,139
USW00093765,2012-08-06,TMAX,311
USW00093765,2012-08-06,TMIN,250
USW00093719,2005-10-24,TMIN,100
USC00316676,2014-03-22,TMAX,211
USR0000NNWB,2009-06-07,TMAX,278
USC00314684,2007-08-22,TMAX,372
USW00093719,2007-02-06,TMIN,-67
USW00093743,2012-08-22,TMAX,289
USW00093719,2007-02-06,TMAX,33
USC00316676,2012-03-28,TMIN,22
USC00316676,2012-03-28,TMAX,167
USC00314689,2009-07-28,TMAX,328
USC00315830,2014-07-17,TMAX,278
USC00310356,2014-06-19,TMIN,239
USR0000NNWB,2009-06-07,TMIN,194
USC00314689,2009-07-28,TMIN,194
USC00315830,2014-07-17,TMIN,211
USR0000NCRN,2014-05-07,TMIN,156
USC00315830,2006-10-27,TMIN,61
USR0000NNWB,2012-07-17,TMIN,222
USC00315830,2006-10-27,TMAX,189
USC00310576,2012-03-04,TMAX,206
USR0000NNWB,2012-07-17,TMAX,356
USC00315830,2010-07-11,TMAX,317
USC00314684,2015-12-26,TMIN,178
USW00013754,2013-03-03,TMAX,89
USR0000NCRN,2010-08-24,TMAX,283
USR0000NCRN,2009-08-29,TMAX,300
USR0000NCRN,2010-08-24,TMIN,217
USW00093719,2011-02-24,TMIN,-11
USW00093719,2008-03-14,TMAX,233
USW00093719,2008-03-14,TMIN,106
USC00310576,2008-03-24,TMAX,156
USC00310576,2008-03-24,TMIN,33
USW00093765,2005-12-03,TMIN,-6
USC00310356,2011-04-18,TMIN,133
USW00013754,2011-06-12,TMAX,339
USW00013754,2011-06-12,TMIN,211
USC00314689,2015-10-07,TMIN,111
USW00013754,2005-08-01,TMIN,228
USW00013754,2013-06-18,TMIN,228
USC00316096,2014-04-06,TMIN,106
USW00013754,2012-07-17,TMIN,228
USC00316096,2014-04-06,TMAX,144
USW00013754,2012-07-17,TMAX,322
USW00013754,2013-06-18,TMAX,306
USW00093765,2008-04-15,TMAX,161
USC00310356,2007-09-18,TMIN,156
USC00310576,2009-10-03,TMAX,261
USC00314689,2005-03-05,TMIN,72
USR0000NNWB,2011-08-20,TMIN,206
USC00310356,2009-05-22,TMAX,261
USC00314689,2005-03-05,TMAX,161
USC00310356,2009-03-07,TMAX,156
USW00093719,2011-02-24,TMAX,178
USR0000NNWB,2013-06-18,TMAX,317
USC00310356,2006-11-02,TMAX,206
USC00310356,2006-11-02,TMIN,89
USC00314689,2011-01-16,TMAX,128
USC00314684,2010-06-01,TMAX,306
USW00093765,2008-04-15,TMIN,72
USR0000NNWB,2011-08-20,TMAX,328
USR0000NNWB,2015-10-31,TMAX,217
USW00093719,2010-08-13,TMIN,233
USC00314684,2012-03-27,TMIN,50
USW00093719,2010-08-13,TMAX,328
USR0000NNWB,2007-09-26,TMAX,317
USC00314684,2010-06-01,TMIN,194
USR0000NNWB,2015-10-31,TMIN,94
USC00315830,2008-06-13,TMAX,306
USC00314689,2011-01-16,TMIN,0
USR0000NNWB,2007-09-26,TMIN,172
USC00310356,2011-04-18,TMAX,183
USW00093765,2012-08-05,TMIN,272
USC00315830,2008-06-13,TMIN,206
USC00310356,2009-03-07,TMIN,117
USC00315830,2005-03-24,TMIN,78
USW00093743,2008-11-16,TMIN,33
USW00093743,2008-11-16,TMAX,139
USC00316676,2013-08-31,TMIN,194
USR0000NCRN,2010-09-16,TMAX,289
USC00314684,2015-06-07,TMAX,300
USC00314684,2015-06-07,TMIN,172
USC00316676,2013-08-31,TMAX,294
USR0000NCRN,2005-01-04,TMIN,0
USR0000NCRN,2005-01-04,TMAX,244
USW00093743,2010-11-04,TMIN,106
USR0000NHOF,2014-01-03,TMIN,-67
USR0000NCRN,2012-04-11,TMIN,33
USR0000NCRN,2012-04-11,TMAX,189
USW00093719,2014-12-15,TMIN,-5
USW00093743,2011-04-18,TMAX,222
USW00093743,2011-04-18,TMIN,83
USW00013754,2005-06-08,TMIN,200
USW00093743,2010-11-04,TMAX,211
USW00013754,2005-06-08,TMAX,300
USW00093719,2014-12-15,TMAX,167
USR0000NCRN,2012-12-22,TMAX,94
USC00314144,2007-09-05,TMAX,322
USC00314144,2007-09-05,TMIN,139
USR0000NNWB,2007-02-06,TMAX,33
USR0000NNWB,2007-02-06,TMIN,-72
USW00093719,2015-06-23,TMAX,344
USW00093719,2014-07-25,TMAX,289
USC00310576,2009-10-03,TMIN,100
USC00314689,2015-10-07,TMAX,261
USC00310356,2009-05-22,TMIN,183
USR0000NCRN,2010-12-10,TMIN,-28
USW00093719,2015-06-23,TMIN,261
USC00317170,2015-06-10,TMIN,217
USR0000NCRN,2010-12-10,TMAX,111
USC00310576,2005-01-24,TMAX,17
USC00315830,2005-03-24,TMAX,189
USC00314144,2007-07-26,TMIN,128
USC00310356,2009-04-16,TMAX,172
USC00314144,2007-07-26,TMAX,300
USW00093765,2013-05-19,TMIN,200
USW00093765,2013-05-19,TMAX,267
USC00310576,2005-01-24,TMIN,-89
USC00310356,2007-09-18,TMAX,278
USR0000NNWB,2011-07-10,TMIN,233
USW00093765,2005-12-03,TMAX,167
USW00013754,2006-12-25,TMIN,106
USC00310576,2010-06-15,TMAX,361
USW00013754,2006-12-25,TMAX,211
USW00093719,2014-07-25,TMIN,206
USC00317170,2015-06-10,TMAX,333
USC00314144,2007-10-30,TMAX,206
USR0000NNWB,2013-06-18,TMIN,222
USC00314684,2012-03-27,TMAX,244
USC00316676,2013-06-11,TMAX,289
USC00316676,2012-09-28,TMAX,278
USC00316676,2013-06-11,TMIN,217
USW00013754,2005-10-06,TMIN,217
USW00013754,2008-05-15,TMIN,161
USW00013754,2008-05-15,TMAX,244
USR0000NCRN,2014-08-18,TMAX,306
USC00316676,2006-03-12,TMIN,150
USR0000NHOF,2014-06-19,TMAX,350
USW00093765,2008-10-16,TMAX,261
USR0000NNWB,2008-09-24,TMIN,156
USW00093765,2008-10-16,TMIN,178
USR0000NNWB,2011-02-03,TMIN,39
USR0000NNWB,2008-09-24,TMAX,217
USC00316676,2006-03-12,TMAX,289
USR0000NCRN,2014-08-18,TMIN,211
USW00093719,2015-12-28,TMIN,144
USR0000NHOF,2014-06-19,TMIN,217
USC00310356,2007-02-12,TMAX,72
USR0000NHOF,2012-09-16,TMIN,167
USW00093719,2007-04-15,TMAX,239
USW00013754,2005-10-06,TMAX,267
USR0000NHOF,2012-09-16,TMAX,250
USR0000NCRN,2010-11-30,TMIN,67
USR0000NCRN,2010-11-30,TMAX,211
USC00315830,2008-12-26,TMIN,89
USC00310576,2013-10-18,TMIN,150
USC00317170,2007-10-08,TMAX,328
USC00317170,2007-10-08,TMIN,200
USC00310576,2013-10-18,TMAX,267
USC00314689,2014-04-06,TMIN,83
USW00093719,2012-11-24,TMIN,11
USC00310576,2015-04-15,TMAX,267
USC00314689,2014-04-06,TMAX,244
USW00093719,2007-09-29,TMIN,150
USW00093719,2012-11-24,TMAX,122
USC00310576,2015-04-15,TMIN,150
USC00316676,2012-09-28,TMIN,133
USC00314689,2009-11-17,TMAX,228
USC00314689,2009-11-17,TMIN,89
USR0000NCRN,2009-08-29,TMIN,267
USW00093743,2014-06-19,TMAX,300
USW00093743,2014-06-19,TMIN,239
USW00093743,2009-04-16,TMIN,67
USW00093743,2009-04-16,TMAX,178
USR0000NCRN,2008-01-25,TMAX,61
USR0000NCRN,2008-01-25,TMIN,-39
USC00316676,2008-08-14,TMAX,222
USW00093719,2007-04-15,TMIN,72
USW00093765,2013-02-02,TMIN,-43
USC00314689,2009-03-14,TMAX,78
USC00310576,2010-06-15,TMIN,222
USC00310356,2012-09-16,TMIN,206
USC00316676,2007-03-23,TMIN,78
USC00314689,2009-03-14,TMIN,44
USC00317170,2013-05-19,TMIN,172
USC00317170,2013-05-19,TMAX,289
USC00315830,2008-03-11,TMAX,194
USC00315830,2008-03-11,TMIN,50
USC00310356,2012-09-16,TMAX,306
USC00314684,2006-11-17,TMIN,67
USC00314684,2006-11-17,TMAX,239
USC00316676,2008-09-20,TMIN,167
USC00315830,2012-07-29,TMIN,217
USR0000NNWB,2015-01-16,TMIN,17
USC00315830,2012-07-29,TMAX,311
USC00316676,2008-09-20,TMAX,250
USR0000NNWB,2015-01-16,TMAX,139
USW00093765,2012-08-05,TMAX,317
USW00093719,2008-08-02,TMAX,344
USC00310356,2009-04-16,TMIN,67
USR0000NCRN,2013-01-31,TMIN,50
USR0000NCRN,2013-01-31,TMAX,189
USC00316676,2008-08-14,TMIN,156
USR0000NNWB,2011-01-04,TMAX,122
USC00315830,2014-08-26,TMAX,283
USC00315830,2014-08-26,TMIN,194
USC00316096,2014-10-23,TMIN,89
USW00093719,2015-12-28,TMAX,206
USW00093719,2007-09-29,TMAX,250
USC00316096,2014-10-23,TMAX,194
USR0000NCRN,2014-04-04,TMAX,217
USW00093743,2012-09-16,TMIN,189
USW00093743,2012-09-16,TMAX,256
USR0000NCRN,2014-04-04,TMIN,150
USW00093719,2008-08-02,TMIN,222
USW00093765,2015-09-09,TMAX,289
USW00013754,2008-02-11,TMIN,-5
USW00013754,2008-02-11,TMAX,100
USW00093765,2013-02-02,TMAX,67
USR0000NCRN,2009-01-31,TMAX,83
USW00093765,2015-09-09,TMIN,239
USW00093719,2011-01-13,TMAX,50
USR0000NCRN,2009-04-29,TMIN,150
USR0000NCRN,2009-01-31,TMIN,-33
USR0000NNWB,2011-01-04,TMIN,-44
USR0000NCRN,2009-04-29,TMAX,267
USC00316676,2007-03-23,TMAX,244
USC00310576,2005-11-09,TMIN,122
USW00093765,2006-07-23,TMAX,289
USW00013754,2011-08-20,TMIN,217
USR0000NCRN,2014-06-19,TMAX,300
USC00310576,2006-04-18,TMAX,211
USC00310576,2006-04-18,TMIN,78
USC00310576,2009-12-08,TMIN,33
USC00314144,2009-06-30,TMIN,183
USR0000NCRN,2014-06-19,TMIN,233
USC00314144,2009-06-30,TMAX,322
USC00316096,2012-01-12,TMAX,161
USW00093765,2009-05-31,TMAX,267
USW00093765,2015-06-23,TMIN,272
USW00093765,2015-06-23,TMAX,311
USC00315830,2012-07-30,TMAX,306
USW00093765,2015-11-16,TMAX,183
USC00316096,2009-07-28,TMIN,239
USW00093743,2013-12-05,TMIN,106
USC00315830,2009-07-05,TMAX,300
USC00314689,2005-06-16,TMIN,217
USW00093743,2013-12-05,TMAX,228
USC00314144,2009-09-03,TMAX,256
USC00315830,2009-07-05,TMIN,244
USR0000NCRN,2008-10-28,TMAX,150
USC00316096,2009-07-28,TMAX,294
USC00310356,2013-12-05,TMIN,106
USC00316676,2009-02-10,TMAX,183
USW00093765,2015-12-28,TMAX,217
USR0000NCRN,2006-06-02,TMAX,283
USC00314689,2007-06-26,TMIN,217
USC00316096,2015-06-10,TMIN,189
USC00316096,2015-06-10,TMAX,278
USC00310576,2009-12-08,TMAX,144
USR0000NCRN,2008-11-06,TMIN,128
USC00314144,2008-01-29,TMIN,17
USC00314144,2008-01-29,TMAX,178
USR0000NHOF,2015-12-07,TMIN,72
USR0000NHOF,2015-12-07,TMAX,111
USC00315830,2009-01-16,TMIN,-50
USC00314689,2005-06-16,TMAX,344
USR0000NCRN,2013-03-02,TMAX,117
USC00314689,2014-06-14,TMIN,194
USR0000NCRN,2013-03-02,TMIN,-11
USC00315830,2009-01-16,TMAX,100
USW00093743,2008-07-10,TMAX,261
USW00093765,2015-12-28,TMIN,161
USR0000NHOF,2015-02-26,TMIN,0
USC00316676,2009-02-10,TMIN,39
USR0000NNWB,2015-08-18,TMIN,222
USC00314689,2014-06-14,TMAX,306
USC00310576,2008-06-28,TMAX,344
USW00093765,2009-05-31,TMIN,189
USC00316676,2008-03-25,TMAX,144
USW00093743,2013-10-15,TMIN,178
USC00317170,2013-06-18,TMIN,211
USC00316096,2013-06-11,TMIN,228
USC00317170,2013-06-18,TMAX,317
USR0000NNWB,2006-09-22,TMAX,272
USW00013754,2009-12-30,TMIN,-21
USC00316676,2011-02-16,TMIN,-22
USC00316676,2011-02-16,TMAX,144
USR0000NNWB,2006-09-22,TMIN,133
USC00317170,2007-12-09,TMIN,83
USC00314689,2007-11-17,TMIN,-22
USR0000NHOF,2007-10-23,TMIN,139
USC00316676,2013-03-14,TMIN,28
USC00314684,2008-09-19,TMAX,267
USW00013754,2005-12-27,TMAX,128
USW00013754,2005-12-27,TMIN,6
USC00316676,2014-11-30,TMIN,6
USW00013754,2014-01-07,TMAX,6
USC00316676,2014-11-30,TMAX,139
USR0000NCRN,2008-10-28,TMIN,17
USC00314684,2008-09-19,TMIN,133
USR0000NHOF,2007-10-23,TMAX,289
USC00316096,2013-06-11,TMAX,283
USC00310356,2013-12-05,TMAX,167
USC00314684,2005-07-25,TMIN,194
USR0000NNWB,2015-08-18,TMAX,322
USC00314144,2009-01-27,TMAX,106
USC00310576,2013-08-28,TMAX,306
USC00314144,2009-01-27,TMIN,39
USW00013754,2008-02-24,TMIN,39
USC00314689,2009-03-26,TMAX,172
USC00317170,2007-12-09,TMAX,239
USC00314689,2009-03-26,TMIN,83
USC00310576,2013-08-28,TMIN,161
USC00310576,2008-06-28,TMIN,244
USR0000NCRN,2006-06-02,TMIN,206
USC00316676,2015-06-20,TMAX,328
USW00093719,2009-12-24,TMIN,-11
USC00316676,2008-03-25,TMIN,28
USC00315830,2014-07-23,TMAX,300
USW00093719,2009-12-24,TMAX,100
USW00013754,2008-02-24,TMAX,94
USC00315830,2014-07-23,TMIN,233
USW00093765,2009-12-09,TMIN,194
USW00093765,2009-12-09,TMAX,228
USC00314684,2005-07-25,TMAX,306
USW00093743,2013-10-15,TMAX,233
USC00316676,2015-06-20,TMIN,217
USW00013754,2015-10-31,TMAX,200
USC00314689,2007-06-26,TMAX,328
USR0000NNWB,2009-11-03,TMIN,89
USR0000NCRN,2012-02-07,TMIN,56
USR0000NHOF,2010-10-03,TMAX,172
USW00093719,2008-11-30,TMAX,183
USR0000NCRN,2015-03-13,TMIN,56
USW00093765,2008-04-27,TMAX,228
USC00316676,2006-04-11,TMIN,22
USW00093765,2008-04-27,TMIN,189
USC00315830,2009-01-24,TMAX,133
USC00314684,2005-12-29,TMIN,33
USC00314684,2005-12-29,TMAX,178
USR0000NHOF,2014-02-06,TMAX,89
USC00316676,2015-07-20,TMAX,333
USC00315830,2009-01-24,TMIN,-44
USR0000NCRN,2008-02-09,TMAX,250
USW00093719,2012-08-05,TMAX,322
USW00093719,2008-05-15,TMIN,167
USW00093719,2011-07-10,TMIN,217
USW00093719,2008-05-15,TMAX,256
USR0000NCRN,2008-02-09,TMIN,33
USW00093719,2012-08-05,TMIN,239
USC00316676,2015-07-20,TMIN,228
USC00314684,2008-02-09,TMAX,161
USW00093719,2011-07-10,TMAX,322
USC00315830,2014-01-09,TMAX,117
USC00314684,2008-02-09,TMIN,17
USC00317170,2009-01-29,TMAX,189
USW00093765,2015-04-16,TMAX,211
USW00013754,2015-02-08,TMIN,61
USR0000NHOF,2010-10-03,TMIN,144
USW00013754,2015-02-08,TMAX,200
USW00093719,2008-01-07,TMAX,228
USW00093719,2008-01-07,TMIN,39
USR0000NHOF,2012-02-26,TMIN,-56
USC00314684,2013-03-11,TMAX,217
USC00314684,2013-03-11,TMIN,28
USR0000NHOF,2010-04-10,TMIN,6
USC00316676,2009-11-08,TMAX,189
USC00314144,2009-09-03,TMIN,183
USC00310576,2015-10-26,TMIN,100
USC00315830,2014-07-07,TMAX,294
USC00316676,2006-04-11,TMAX,183
USR0000NCRN,2012-02-07,TMAX,139
USW00093765,2015-06-07,TMAX,272
USC00316676,2009-11-08,TMIN,6
USC00315830,2014-01-09,TMIN,-28
USW00093765,2015-06-07,TMIN,167
USR0000NHOF,2007-09-17,TMIN,83
USW00093743,2011-12-28,TMAX,122
USR0000NCRN,2005-06-14,TMAX,311
USW00093743,2008-05-23,TMIN,150
USC00316676,2012-08-20,TMAX,278
USC00314684,2014-11-07,TMAX,244
USW00093743,2008-07-10,TMIN,183
USC00315830,2008-11-26,TMIN,-11
USW00093765,2011-11-24,TMAX,161
USC00316676,2012-08-20,TMIN,211
USW00093719,2010-07-24,TMIN,256
USW00093719,2010-07-24,TMAX,344
USW00093743,2014-02-06,TMAX,117
USR0000NHOF,2007-09-11,TMAX,328
USC00314684,2007-06-18,TMIN,189
USC00314689,2012-08-17,TMIN,206
USR0000NCRN,2008-11-06,TMAX,244
USC00314689,2012-08-17,TMAX,322
USC00317170,2008-09-06,TMAX,311
USC00310356,2008-05-23,TMIN,156
USC00310356,2008-05-23,TMAX,239
USC00317170,2008-09-06,TMIN,250
USC00310356,2015-02-27,TMIN,0
USC00310356,2015-02-27,TMAX,33
USC00315830,2008-11-26,TMAX,122
USR0000NHOF,2007-09-11,TMIN,233
USC00316676,2007-12-19,TMAX,106
USC00314684,2014-11-07,TMIN,72
USC00310356,2009-11-28,TMIN,28
USW00093743,2011-12-28,TMIN,28
USC00315830,2008-05-21,TMAX,244
USW00093743,2008-05-23,TMAX,256
USC00315830,2008-05-21,TMIN,156
USR0000NHOF,2010-04-10,TMAX,206
USC00314684,2007-06-18,TMAX,322
USC00314684,2013-06-11,TMAX,306
USC00310576,2010-02-12,TMAX,111
USC00310576,2010-02-12,TMIN,6
USC00310356,2009-11-28,TMAX,133
USR0000NNWB,2009-11-03,TMAX,211
USC00314684,2013-06-11,TMIN,211
USC00310356,2007-04-16,TMIN,72
USW00093765,2010-08-13,TMIN,239
USW00093765,2010-08-13,TMAX,311
USC00310356,2007-04-16,TMAX,211
USW00093743,2014-02-06,TMIN,11
USW00013754,2010-11-23,TMAX,239
USW00013754,2012-01-09,TMIN,72
USC00316676,2007-12-19,TMIN,-56
USW00093719,2008-11-30,TMIN,89
USW00093765,2011-11-24,TMIN,39
USW00013754,2010-11-23,TMIN,100
USC00310576,2007-07-28,TMIN,200
USW00013754,2008-12-19,TMAX,206
USC00316676,2013-03-14,TMAX,167
USW00013754,2009-11-03,TMIN,78
USW00093743,2011-01-29,TMIN,-27
USR0000NHOF,2012-08-22,TMAX,289
USC00314689,2006-02-24,TMAX,144
USR0000NNWB,2006-12-25,TMIN,94
USC00310576,2007-03-31,TMAX,206
USC00314689,2006-02-24,TMIN,22
USC00316096,2014-06-14,TMIN,200
USR0000NNWB,2006-12-25,TMAX,211
USC00316096,2014-06-14,TMAX,294
USR0000NNWB,2012-02-26,TMAX,128
USW00013754,2009-11-03,TMAX,194
USC00314684,2015-06-10,TMIN,183
USC00314684,2015-06-10,TMAX,306
USR0000NHOF,2012-04-11,TMIN,11
USR0000NHOF,2012-04-11,TMAX,167
USC00314684,2011-04-04,TMIN,22
USR0000NCRN,2012-01-15,TMIN,-33
USW00093719,2010-11-29,TMIN,28
USW00013754,2015-01-10,TMIN,-38
USC00314689,2010-10-13,TMIN,167
USC00310576,2007-03-31,TMIN,17
USW00093719,2010-11-29,TMAX,161
USC00316096,2009-11-17,TMIN,94
USC00314684,2011-04-04,TMAX,211
USR0000NCRN,2015-12-06,TMIN,83
USC00317170,2011-02-25,TMAX,222
USR0000NCRN,2007-12-08,TMAX,200
USR0000NCRN,2007-12-08,TMIN,44
USC00317170,2011-02-25,TMIN,133
USC00316096,2011-08-03,TMAX,350
USR0000NHOF,2009-11-15,TMIN,72
USR0000NNWB,2014-07-06,TMIN,156
USR0000NCRN,2009-09-28,TMIN,244
USC00316676,2014-10-18,TMAX,239
USC00316676,2014-10-18,TMIN,117
USR0000NNWB,2012-02-26,TMIN,-28
USR0000NHOF,2009-11-15,TMAX,211
USR0000NCRN,2009-09-28,TMAX,267
USC00314684,2005-03-23,TMAX,194
USC00314684,2005-03-23,TMIN,44
USC00316676,2011-05-14,TMAX,267
USC00316676,2011-05-14,TMIN,178
USC00314144,2009-02-22,TMIN,0
USC00314144,2009-02-22,TMAX,139
USC00316096,2009-11-17,TMAX,178
USR0000NHOF,2012-08-22,TMIN,200
USW00013754,2012-11-02,TMIN,33
USW00093765,2012-01-07,TMIN,111
USC00315830,2009-02-03,TMIN,28
USW00013754,2009-05-25,TMIN,172
USC00314689,2015-09-07,TMIN,211
USC00317170,2013-02-02,TMIN,-61
USC00314689,2013-05-19,TMAX,289
USW00093765,2010-07-05,TMIN,172
USW00093743,2010-10-03,TMIN,161
USR0000NNWB,2011-04-28,TMIN,222
USC00310356,2012-04-11,TMIN,122
USW00013754,2009-05-25,TMAX,267
USR0000NCRN,2012-01-15,TMAX,83
USR0000NNWB,2005-01-17,TMAX,33
USC00310356,2012-04-11,TMAX,206
USW00093765,2007-11-09,TMIN,44
USW00093765,2010-07-05,TMAX,289
USC00316096,2012-01-21,TMIN,72
USR0000NNWB,2011-04-28,TMAX,272
USW00013754,2011-08-20,TMAX,322
USW00093719,2006-01-22,TMIN,72
USW00093719,2006-01-22,TMAX,167
USW00093765,2006-07-23,TMIN,228
USC00317170,2013-02-02,TMAX,83
USR0000NCRN,2015-03-13,TMAX,178
USC00314689,2013-05-19,TMIN,189
USW00013754,2011-03-22,TMAX,294
USW00093765,2007-11-09,TMAX,139
USC00314689,2010-10-13,TMAX,289
USW00093765,2012-01-07,TMAX,161
USW00013754,2015-01-10,TMAX,67
USC00315830,2009-02-03,TMAX,133
USW00093743,2012-04-11,TMIN,33
USC00316096,2012-01-12,TMIN,89
USC00314144,2008-05-14,TMAX,233
USW00093743,2012-04-11,TMAX,189
USC00314144,2008-05-14,TMIN,17
USC00310576,2009-04-24,TMAX,261
USC00315830,2005-07-07,TMIN,228
USC00310576,2009-04-24,TMIN,78
USC00315830,2015-10-13,TMIN,161
USW00093765,2005-04-20,TMIN,150
USC00317170,2014-06-20,TMIN,206
USW00093765,2005-04-20,TMAX,206
USC00317170,2014-06-20,TMAX,350
USW00013754,2011-03-22,TMIN,133
USC00315830,2015-10-13,TMAX,206
USC00314684,2008-03-24,TMIN,28
USC00314684,2008-03-24,TMAX,156
USR0000NNWB,2005-01-17,TMIN,-39
USW00013754,2012-11-02,TMAX,183
USW00013754,2008-12-19,TMIN,111
USR0000NNWB,2006-09-20,TMAX,261
USC00310576,2012-04-07,TMIN,22
USC00316096,2011-08-03,TMIN,228
USC00316096,2012-01-23,TMIN,61
USC00316096,2012-01-23,TMAX,183
USW00093765,2008-01-01,TMAX,172
USC00316096,2013-03-11,TMIN,56
USW00093765,2015-11-16,TMIN,44
USC00315830,2012-02-15,TMIN,44
USC00315830,2012-02-15,TMAX,178
USC00315830,2010-04-18,TMAX,228
USC00314684,2006-06-14,TMAX,222
USC00314684,2006-06-14,TMIN,183
USC00310576,2015-01-18,TMAX,150
USC00310576,2015-01-18,TMIN,17
USC00315830,2012-07-30,TMIN,233
USW00093743,2012-06-20,TMIN,217
USW00093743,2012-06-20,TMAX,289
USR0000NNWB,2009-05-03,TMIN,200
USC00314689,2009-06-10,TMIN,178
USC00310356,2015-12-07,TMIN,100
USC00310356,2015-12-07,TMAX,178
USW00013754,2013-09-12,TMIN,189
USR0000NNWB,2012-11-02,TMAX,189
USC00316096,2012-10-31,TMAX,150
USC00316096,2013-03-11,TMAX,206
USC00314689,2013-06-11,TMIN,211
USC00310576,2009-09-06,TMAX,294
USC00310576,2009-09-06,TMIN,156
USW00093765,2008-01-01,TMIN,56
USW00013754,2014-01-07,TMIN,-82
USW00013754,2005-10-02,TMIN,178
USC00310576,2008-04-17,TMAX,183
USW00013754,2015-10-31,TMIN,94
USW00013754,2005-10-02,TMAX,250
USC00310576,2008-04-17,TMIN,28
USC00314684,2007-08-24,TMIN,217
USC00314684,2007-08-24,TMAX,311
USW00013754,2009-12-30,TMAX,67
USW00013754,2012-01-09,TMAX,106
USC00314144,2007-07-16,TMAX,306
USR0000NHOF,2012-06-20,TMIN,189
USR0000NHOF,2012-06-20,TMAX,317
USC00314144,2007-07-16,TMIN,206
USC00315830,2013-01-12,TMIN,122
USC00315830,2013-01-12,TMAX,189
USR0000NHOF,2007-09-17,TMAX,256
USC00314689,2013-06-11,TMAX,311
USR0000NNWB,2012-11-02,TMIN,28
USC00310356,2011-02-01,TMIN,33
USR0000NCRN,2005-06-14,TMIN,250
USC00314144,2010-07-21,TMIN,239
USW00093743,2011-01-29,TMAX,100
USC00310576,2007-12-22,TMIN,83
USR0000NNWB,2005-12-27,TMAX,133
USC00314689,2009-06-10,TMAX,306
USC00310576,2007-12-22,TMAX,117
USR0000NNWB,2005-12-27,TMIN,-6
USW00093765,2009-09-12,TMAX,267
USR0000NNWB,2014-07-06,TMAX,300
USC00314689,2007-12-21,TMAX,139
USC00310576,2014-05-26,TMIN,150
USC00314689,2007-12-21,TMIN,39
USC00310576,2014-05-26,TMAX,278
USR0000NCRN,2015-12-06,TMAX,189
USR0000NNWB,2006-09-20,TMIN,150
USW00093765,2013-06-18,TMIN,228
USC00314144,2006-06-02,TMIN,183
USC00314144,2006-06-02,TMAX,306
USC00314689,2013-03-11,TMAX,222
USW00093765,2013-06-18,TMAX,283
USC00315830,2005-07-07,TMAX,322
USC00310576,2012-04-07,TMAX,139
USW00093743,2009-11-28,TMIN,17
USR0000NNWB,2014-05-05,TMIN,150
USC00314689,2015-09-07,TMAX,289
USC00317170,2015-06-07,TMIN,167
USW00093719,2013-11-09,TMAX,178
USW00093719,2013-11-09,TMIN,11
USC00314144,2010-07-21,TMAX,344
USC00310356,2011-02-01,TMAX,94
USR0000NNWB,2009-05-03,TMAX,300
USW00013754,2013-09-12,TMAX,311
USC00310356,2012-06-20,TMIN,217
USW00093719,2014-12-30,TMIN,22
USC00316096,2012-10-31,TMIN,50
USW00093719,2015-02-01,TMIN,-16
USC00314689,2013-03-11,TMIN,50
USW00093719,2015-02-01,TMAX,150
USC00310356,2012-06-20,TMAX,278
USW00093743,2009-11-28,TMAX,144
USW00093765,2009-09-12,TMIN,172
USR0000NHOF,2011-12-28,TMAX,117
USC00315830,2010-04-18,TMIN,111
USR0000NNWB,2014-01-07,TMAX,-22
USR0000NHOF,2011-12-28,TMIN,0
USR0000NNWB,2014-01-07,TMIN,-94
USC00317170,2015-06-07,TMAX,322
USR0000NNWB,2014-05-05,TMAX,256
USW00093719,2014-12-30,TMAX,83
USC00310356,2015-06-23,TMIN,267
USC00316676,2005-05-29,TMAX,311
USC00314144,2009-12-29,TMAX,72
USR0000NNWB,2015-06-21,TMIN,261
USC00315830,2010-06-20,TMAX,311
USR0000NNWB,2010-06-02,TMIN,222
USW00093743,2013-08-31,TMIN,206
USR0000NNWB,2010-06-02,TMAX,311
USW00093743,2013-08-31,TMAX,306
USC00316096,2014-05-06,TMIN,167
USC00310356,2013-08-31,TMIN,228
USC00316096,2014-05-06,TMAX,294
USC00315830,2008-04-25,TMIN,133
USC00315830,2014-12-15,TMIN,0
USC00317170,2009-10-04,TMIN,161
USR0000NNWB,2007-03-06,TMIN,11
USW00093765,2007-04-27,TMIN,194
USW00093765,2010-05-01,TMAX,244
USC00317170,2009-10-04,TMAX,239
USC00310356,2013-08-31,TMAX,294
USW00093765,2010-05-01,TMIN,189
USC00310576,2014-08-18,TMIN,211
USR0000NCRN,2010-08-12,TMAX,322
USR0000NCRN,2010-08-12,TMIN,250
USC00315830,2010-06-20,TMIN,244
USC00316676,2009-12-23,TMIN,-28
USW00093719,2010-10-27,TMAX,300
USR0000NNWB,2015-06-21,TMAX,356
USW00093743,2008-06-10,TMIN,233
USR0000NNWB,2014-06-14,TMAX,306
USC00316676,2007-03-26,TMAX,233
USW00093765,2006-10-02,TMIN,117
USW00093765,2006-10-02,TMAX,261
USC00317170,2007-09-20,TMIN,217
USC00317170,2013-01-24,TMAX,44
USW00093765,2012-03-28,TMIN,67
USC00316676,2007-03-26,TMIN,72
USW00093765,2012-03-28,TMAX,217
USW00093719,2010-10-27,TMIN,239
USC00316676,2009-12-23,TMAX,100
USW00093719,2006-11-30,TMAX,250
USC00315830,2005-01-31,TMAX,100
USW00093765,2010-02-01,TMIN,-21
USW00093765,2010-02-01,TMAX,111
USC00310576,2014-08-18,TMAX,272
USR0000NNWB,2007-03-06,TMAX,106
USC00314689,2014-10-22,TMIN,89
USC00314689,2014-10-22,TMAX,250
USR0000NNWB,2006-03-23,TMAX,122
USR0000NNWB,2006-03-23,TMIN,-6
USR0000NHOF,2008-09-24,TMIN,144
USC00314689,2006-08-14,TMIN,172
USC00310576,2009-08-12,TMAX,356
USC00310576,2011-11-14,TMAX,228
USC00310576,2011-11-14,TMIN,28
USW00093765,2014-07-06,TMIN,172
USC00314684,2011-01-02,TMIN,39
USC00310356,2005-05-27,TMIN,172
USC00316096,2009-10-22,TMIN,72
USW00013754,2007-10-11,TMAX,244
USC00317170,2013-06-17,TMIN,206
USC00310576,2011-10-23,TMAX,206
USC00310576,2006-11-03,TMIN,44
USC00310576,2011-10-23,TMIN,61
USC00316676,2005-07-19,TMIN,244
USC00316096,2009-10-22,TMAX,256
USC00317170,2008-09-20,TMIN,161
USC00317170,2008-09-20,TMAX,244
USC00316676,2014-07-23,TMAX,289
USC00317170,2013-06-17,TMAX,322
USC00310576,2006-11-03,TMAX,128
USW00093765,2012-01-16,TMIN,-38
USC00316676,2014-07-23,TMIN,228
USC00315830,2011-07-10,TMIN,244
USC00314144,2010-12-10,TMAX,111
USC00314144,2010-12-22,TMIN,-28
USC00314684,2011-01-02,TMAX,183
USW00093765,2007-04-27,TMAX,239
USC00316096,2014-10-22,TMIN,100
USR0000NHOF,2005-06-17,TMIN,139
USC00316096,2014-10-22,TMAX,178
USC00315830,2008-04-25,TMAX,244
USC00314144,2010-12-22,TMAX,83
USR0000NHOF,2005-06-17,TMAX,267
USW00093765,2013-12-04,TMIN,111
USC00310576,2009-08-12,TMIN,228
USW00093765,2005-05-27,TMIN,189
USW00013754,2007-10-11,TMIN,133
USW00093743,2010-12-03,TMIN,-10
USW00013754,2010-04-27,TMIN,133
USC00315830,2014-12-15,TMAX,133
USC00310576,2012-02-07,TMAX,139
USW00013754,2010-04-27,TMAX,228
USC00316676,2007-01-10,TMIN,6
USW00093765,2013-12-04,TMAX,194
USC00316676,2007-01-10,TMAX,139
USC00314144,2010-12-10,TMIN,-89
USR0000NNWB,2012-12-05,TMAX,222
USW00093765,2005-05-27,TMAX,244
USC00310576,2012-02-07,TMIN,39
USR0000NCRN,2014-01-29,TMAX,-39
USR0000NCRN,2014-01-29,TMIN,-78
USC00314689,2006-09-22,TMIN,117
USC00310356,2014-01-09,TMIN,33
USC00316096,2012-06-19,TMIN,161
USC00316096,2012-06-19,TMAX,289
USC00310576,2015-07-26,TMAX,289
USW00013754,2015-09-17,TMIN,211
USC00310576,2015-07-26,TMIN,161
USR0000NNWB,2007-08-01,TMAX,328
USC00310356,2014-01-09,TMAX,139
USR0000NHOF,2008-04-25,TMAX,267
USW00093765,2011-03-14,TMIN,94
USW00093719,2014-10-19,TMAX,200
USW00093719,2014-10-19,TMIN,78
USR0000NHOF,2008-04-25,TMIN,83
USC00310576,2013-09-11,TMAX,317
USC00317170,2007-07-14,TMIN,200
USC00310356,2007-09-05,TMAX,250
USR0000NCRN,2007-02-06,TMIN,33
USC00310576,2013-09-11,TMIN,178
USC00310356,2009-10-22,TMAX,211
USC00315830,2009-12-24,TMIN,33
USC00310356,2011-09-23,TMIN,228
USW00093743,2014-01-09,TMAX,133
USC00310356,2009-10-22,TMIN,111
USC00310576,2012-11-24,TMAX,183
USR0000NCRN,2012-05-22,TMIN,156
USW00093765,2013-01-31,TMIN,83
USC00316676,2006-03-18,TMAX,222
USC00316096,2014-05-05,TMIN,150
USW00093719,2006-09-06,TMIN,200
USW00093719,2009-04-15,TMAX,172
USR0000NNWB,2005-12-19,TMIN,0
USC00315830,2014-06-04,TMAX,289
USR0000NNWB,2014-03-19,TMIN,56
USR0000NHOF,2007-05-02,TMAX,289
USW00093719,2006-09-06,TMAX,228
USW00093743,2014-01-09,TMIN,-32
USW00093719,2009-04-15,TMIN,89
USR0000NHOF,2007-05-02,TMIN,172
USC00317170,2014-08-28,TMAX,333
USR0000NNWB,2007-08-01,TMIN,194
USC00314684,2010-01-30,TMAX,0
USC00314684,2012-09-15,TMIN,150
USC00314684,2012-09-15,TMAX,289
USC00314684,2010-01-30,TMIN,-83
USC00315830,2014-06-04,TMIN,217
USR0000NCRN,2012-05-22,TMAX,256
USC00310576,2012-11-24,TMIN,44
USC00315830,2009-12-24,TMAX,106
USW00013754,2009-05-14,TMAX,250
USW00013754,2015-06-21,TMAX,339
USW00093719,2006-10-05,TMAX,294
USW00093719,2006-10-05,TMIN,172
USW00093719,2007-10-14,TMAX,261
USW00093765,2012-04-10,TMIN,139
USC00316676,2005-03-08,TMAX,228
USW00093765,2012-04-10,TMAX,217
USC00317170,2007-09-20,TMAX,239
USC00314684,2008-01-10,TMAX,233
USC00316676,2005-03-08,TMIN,128
USC00317170,2015-10-24,TMIN,100
USC00317170,2015-10-24,TMAX,239
USC00310576,2006-06-01,TMIN,172
USC00310576,2006-06-01,TMAX,294
USC00317170,2013-01-24,TMIN,-33
USC00314684,2008-08-02,TMAX,333
USC00314689,2005-03-13,TMAX,211
USC00314684,2008-08-02,TMIN,211
USC00310356,2011-09-23,TMAX,283
USR0000NHOF,2008-09-24,TMAX,206
USC00314689,2006-09-22,TMAX,256
USW00093743,2008-06-10,TMAX,294
USR0000NNWB,2012-12-05,TMIN,100
USC00316676,2007-09-26,TMIN,144
USC00314684,2008-01-10,TMIN,83
USW00093765,2014-07-06,TMAX,283
USC00310356,2005-05-27,TMAX,244
USC00314689,2006-12-16,TMIN,39
USC00314689,2006-12-16,TMAX,189
USR0000NNWB,2014-06-14,TMIN,200
USW00093719,2006-11-30,TMIN,89
USC00310576,2009-05-07,TMIN,200
USW00013754,2009-05-14,TMIN,139
USW00093719,2012-06-24,TMAX,317
USC00310356,2008-06-10,TMAX,283
USC00310576,2009-05-07,TMAX,278
USC00315830,2011-07-10,TMAX,294
USC00310356,2008-06-10,TMIN,239
USW00093719,2012-06-24,TMIN,200
USW00013754,2015-06-21,TMIN,261
USC00314689,2005-03-13,TMIN,33
USC00310576,2009-12-29,TMAX,128
USW00093765,2011-03-14,TMAX,161
USC00310576,2009-12-29,TMIN,28
USW00093719,2007-10-14,TMIN,72
USW00093765,2014-04-04,TMAX,211
USW00093765,2014-04-04,TMIN,150
USW00013754,2008-12-07,TMAX,83
USC00310356,2007-09-05,TMIN,222
USW00093743,2010-12-03,TMAX,94
USC00315830,2005-01-31,TMIN,17
USC00310576,2012-11-07,TMAX,100
USC00315830,2014-12-30,TMAX,200
USW00013754,2010-04-21,TMIN,89
USW00013754,2007-08-24,TMIN,217
USC00315830,2013-06-13,TMAX,311
USC00315830,2013-06-13,TMIN,256
USC00314144,2007-02-06,TMIN,-78
USC00314144,2007-02-06,TMAX,39
USW00013754,2015-01-31,TMIN,-27
USW00013754,2014-06-14,TMIN,200
USW00013754,2011-03-29,TMAX,156
USC00315830,2005-12-29,TMIN,100
USW00013754,2015-03-16,TMIN,33
USC00315830,2005-12-29,TMAX,172
USW00093765,2005-07-03,TMAX,294
USC00314684,2014-06-04,TMIN,183
USC00316676,2011-09-06,TMAX,300
USR0000NNWB,2012-09-26,TMAX,300
USR0000NNWB,2012-09-26,TMIN,139
USC00314684,2014-06-04,TMAX,311
USW00093765,2005-07-03,TMIN,228
USC00316676,2011-09-06,TMIN,222
USW00013754,2015-01-31,TMAX,83
USR0000NHOF,2008-10-28,TMAX,133
USW00013754,2012-11-28,TMIN,-5
USR0000NHOF,2006-08-26,TMIN,144
USR0000NCRN,2015-06-08,TMIN,128
USC00310356,2005-06-17,TMIN,222
USW00093719,2008-08-11,TMAX,300
USC00310356,2009-05-25,TMIN,217
USC00314684,2014-10-22,TMAX,250
USC00315830,2013-05-18,TMIN,200
USW00093765,2010-10-17,TMIN,89
USW00093765,2010-10-17,TMAX,217
USC00317170,2010-12-21,TMAX,83
USC00315830,2013-05-18,TMAX,278
USW00013754,2011-06-01,TMAX,333
USC00317170,2010-12-21,TMIN,0
USW00013754,2007-08-24,TMAX,322
USW00093765,2014-11-30,TMAX,161
USC00316676,2010-06-01,TMAX,317
USC00316676,2010-06-01,TMIN,200
USW00093765,2005-03-01,TMIN,28
USW00093719,2015-06-21,TMAX,344
USW00093719,2015-06-21,TMIN,261
USW00013754,2010-04-21,TMAX,183
USC00310356,2005-06-17,TMAX,306
USR0000NHOF,2006-08-26,TMAX,306
USR0000NHOF,2008-10-28,TMIN,11
USC00315830,2014-04-06,TMIN,106
USW00013754,2014-06-14,TMAX,306
USC00310356,2011-08-21,TMAX,300
USC00315830,2006-11-26,TMAX,200
USC00314689,2014-05-05,TMIN,122
USC00316676,2010-02-12,TMAX,106
USW00013754,2012-11-28,TMAX,111
USW00093743,2008-04-12,TMAX,228
USR0000NHOF,2009-10-22,TMAX,256
USC00314684,2007-02-20,TMAX,89
USW00013754,2005-12-03,TMIN,-22
USC00315830,2006-11-26,TMIN,50
USR0000NHOF,2012-12-16,TMAX,156
USC00310576,2008-04-07,TMIN,106
USC00316676,2010-02-12,TMIN,-17
USR0000NHOF,2009-10-22,TMIN,33
USR0000NHOF,2015-12-28,TMIN,150
USR0000NHOF,2015-12-28,TMAX,233
USC00314144,2009-11-30,TMAX,194
USC00315830,2010-11-23,TMIN,133
USW00093719,2005-03-31,TMIN,100
USW00093719,2005-03-31,TMAX,250
USW00013754,2005-12-03,TMAX,117
USC00310356,2008-12-27,TMAX,156
USC00316676,2007-10-17,TMIN,94
USW00093719,2007-02-25,TMIN,28
USW00093719,2007-02-25,TMAX,178
USR0000NCRN,2010-10-03,TMAX,189
USW00093719,2008-08-11,TMIN,167
USC00310576,2012-02-26,TMAX,128
USC00310576,2012-02-26,TMIN,-11
USR0000NCRN,2011-02-01,TMAX,167
USR0000NCRN,2011-02-01,TMIN,28
USR0000NHOF,2007-03-29,TMIN,-11
USR0000NHOF,2007-03-29,TMAX,144
USW00093743,2012-12-16,TMAX,161
USC00314684,2007-02-20,TMIN,-61
USC00314684,2013-05-14,TMIN,39
USC00314684,2012-06-19,TMIN,161
USC00314684,2012-06-19,TMAX,289
USC00317170,2015-08-27,TMIN,206
USC00317170,2015-07-26,TMIN,161
USW00093743,2012-12-16,TMIN,122
USC00315830,2014-04-06,TMAX,217
USC00315830,2014-11-07,TMIN,83
USC00315830,2014-11-07,TMAX,222
USC00310356,2011-08-21,TMIN,250
USC00317170,2015-08-27,TMAX,250
USW00013754,2011-03-29,TMIN,-16
USC00314689,2014-05-05,TMAX,272
USR0000NNWB,2005-12-19,TMAX,111
USC00314684,2013-05-14,TMAX,206
USC00314684,2014-10-22,TMIN,83
USW00013754,2010-06-29,TMIN,228
USC00310356,2008-04-12,TMAX,211
USR0000NHOF,2011-08-21,TMIN,200
USW00013754,2010-06-29,TMAX,328
USR0000NHOF,2011-08-21,TMAX,311
USW00013754,2013-10-17,TMIN,144
USC00310356,2012-12-16,TMIN,94
USW00093719,2010-10-13,TMIN,167
USC00310356,2008-04-12,TMIN,161
USW00093719,2010-10-13,TMAX,272
USW00093743,2009-10-22,TMIN,89
USC00314144,2010-11-23,TMAX,233
USC00317170,2007-10-13,TMIN,83
USR0000NHOF,2012-04-08,TMAX,239
USW00013754,2013-10-17,TMAX,267
USR0000NHOF,2012-04-08,TMIN,28
USW00013754,2012-09-26,TMAX,278
USC00317170,2007-10-13,TMAX,239
USR0000NNWB,2013-01-11,TMAX,211
USR0000NNWB,2013-01-11,TMIN,72
USR0000NCRN,2007-08-12,TMIN,194
USC00317170,2013-01-31,TMIN,89
USR0000NCRN,2007-08-12,TMAX,300
USC00310356,2012-12-16,TMAX,161
USW00093743,2012-04-08,TMIN,100
USR0000NNWB,2011-11-15,TMIN,217
USC00310576,2012-11-07,TMIN,61
USR0000NNWB,2011-11-15,TMAX,261
USC00310356,2012-04-08,TMAX,189
USR0000NNWB,2006-06-17,TMIN,150
USR0000NNWB,2006-06-17,TMAX,317
USC00310576,2011-11-23,TMAX,244
USW00093719,2011-05-07,TMIN,106
USC00310356,2012-04-08,TMIN,78
USC00316676,2005-07-19,TMAX,322
USR0000NHOF,2007-09-05,TMAX,322
USW00093743,2009-10-22,TMAX,244
USW00093765,2012-01-16,TMAX,111
USC00314144,2010-05-12,TMIN,178
USC00314144,2007-05-28,TMIN,106
USC00310576,2011-11-23,TMIN,133
USC00314144,2010-05-12,TMAX,272
USR0000NHOF,2008-06-10,TMAX,339
USR0000NHOF,2008-06-10,TMIN,228
USR0000NHOF,2007-09-05,TMIN,139
USW00093743,2012-04-08,TMAX,211
USC00317170,2013-01-31,TMAX,211
USW00013754,2012-09-26,TMIN,139
USW00093719,2015-10-12,TMAX,194
USW00093719,2009-03-07,TMIN,94
USW00093743,2011-08-21,TMIN,233
USC00315830,2008-07-30,TMIN,261
USW00093743,2011-08-21,TMAX,311
USC00315830,2008-07-30,TMAX,306
USC00315830,2015-05-01,TMAX,194
USW00013754,2011-11-15,TMIN,156
USC00316676,2008-01-28,TMIN,-61
USC00316676,2008-01-28,TMAX,189
USW00093765,2013-06-17,TMIN,239
USW00093765,2013-06-17,TMAX,283
USC00310356,2008-12-27,TMIN,89
USC00314144,2005-06-08,TMAX,317
USW00093765,2010-03-13,TMAX,156
USC00314144,2005-06-08,TMIN,167
USW00013754,2011-11-15,TMAX,256
USW00093765,2009-05-07,TMAX,239
USC00314689,2008-03-14,TMIN,111
USC00310356,2009-05-25,TMAX,261
USW00093765,2010-03-13,TMIN,122
USC00315830,2014-12-30,TMIN,61
USR0000NCRN,2015-06-08,TMAX,272
USR0000NCRN,2010-10-03,TMIN,167
USW00093765,2008-07-11,TMAX,278
USW00093719,2015-04-15,TMIN,117
USW00093719,2015-04-15,TMAX,228
USW00093719,2015-10-12,TMIN,156
USW00093719,2009-03-07,TMAX,261
USW00093765,2014-08-28,TMIN,206
USC00314144,2007-05-28,TMAX,294
USC00317170,2007-12-13,TMIN,117
USW00093719,2011-05-07,TMAX,244
USC00317170,2014-04-04,TMAX,328
USC00314689,2009-01-21,TMIN,-111
USC00314689,2009-01-21,TMAX,-6
USC00314144,2010-11-23,TMIN,94
USW00093765,2014-11-30,TMIN,61
USW00093719,2014-03-19,TMAX,144
USR0000NNWB,2008-06-22,TMAX,300
USC00317170,2014-04-04,TMIN,139
USW00093765,2014-08-28,TMAX,300
USC00317170,2007-12-13,TMAX,250
USC00310356,2011-09-25,TMAX,233
USC00310356,2011-09-25,TMIN,217
USW00093719,2014-03-19,TMIN,67
USW00013754,2015-03-16,TMAX,206
USW00093765,2008-07-11,TMIN,239
USC00315830,2015-05-01,TMIN,106
USR0000NNWB,2008-06-22,TMIN,200
USR0000NNWB,2014-03-19,TMAX,122
USW00093765,2009-03-27,TMAX,211
USC00317170,2011-05-05,TMAX,217
USC00310576,2008-09-07,TMIN,233
USC00310356,2013-06-13,TMIN,233
USC00314689,2007-10-01,TMIN,150
USC00310576,2008-09-07,TMAX,306
USR0000NNWB,2005-12-20,TMIN,-33
USC00314144,2006-07-22,TMAX,322
USR0000NNWB,2005-12-20,TMAX,100
USC00314144,2006-07-22,TMIN,239
USC00316096,2012-09-15,TMAX,289
USC00316096,2009-08-19,TMAX,306
USC00314689,2011-03-31,TMAX,100
USW00093743,2013-06-13,TMAX,311
USC00314689,2011-03-31,TMIN,56
USW00093743,2013-06-13,TMIN,211
USC00316676,2009-06-13,TMAX,328
USW00093719,2009-06-12,TMAX,333
USC00316096,2013-06-17,TMIN,222
USC00316096,2013-06-17,TMAX,278
USR0000NNWB,2010-02-14,TMIN,-67
USR0000NNWB,2010-02-14,TMAX,72
USC00316096,2009-08-19,TMIN,228
USC00310356,2013-06-13,TMAX,294
USR0000NNWB,2015-10-12,TMAX,189
USC00314684,2008-10-16,TMIN,100
USR0000NHOF,2012-11-02,TMAX,178
USC00310576,2012-09-14,TMIN,161
USR0000NNWB,2009-01-17,TMIN,-106
USC00314144,2010-05-27,TMAX,328
USC00310356,2007-06-01,TMIN,167
USW00093743,2012-12-05,TMIN,111
USC00315830,2006-06-15,TMAX,267
USC00314144,2010-05-27,TMIN,133
USC00315830,2006-06-15,TMIN,178
USC00317170,2015-03-01,TMAX,106
USR0000NHOF,2008-07-06,TMAX,300
USR0000NHOF,2008-07-06,TMIN,206
USC00310356,2007-06-01,TMAX,267
USW00093719,2009-06-12,TMIN,211
USC00314689,2007-10-01,TMAX,267
USC00314684,2008-10-16,TMAX,311
USW00093719,2013-05-18,TMIN,194
USW00093719,2013-05-18,TMAX,289
USC00316676,2009-06-13,TMIN,211
USR0000NHOF,2012-11-02,TMIN,0
USR0000NNWB,2014-10-19,TMAX,200
USR0000NNWB,2014-10-19,TMIN,72
USC00316096,2012-09-15,TMIN,178
USC00310576,2011-03-07,TMIN,44
USC00310576,2015-10-13,TMIN,150
USC00315830,2011-11-24,TMIN,139
USC00310356,2015-02-07,TMIN,-39
USW00013754,2005-07-07,TMIN,239
USC00310356,2010-08-28,TMIN,244
USW00093743,2012-11-02,TMIN,39
USW00093743,2012-11-02,TMAX,178
USC00310356,2010-08-28,TMAX,300
USC00317170,2009-03-27,TMIN,156
USR0000NCRN,2015-01-10,TMAX,61
USC00317170,2009-03-27,TMAX,228
USW00093765,2014-07-09,TMAX,306
USC00310576,2015-10-13,TMAX,189
USC00310576,2011-03-07,TMAX,206
USR0000NNWB,2012-07-03,TMIN,228
USR0000NCRN,2015-01-10,TMIN,-61
USR0000NHOF,2011-09-23,TMIN,194
USR0000NHOF,2011-09-23,TMAX,283
USR0000NNWB,2007-12-27,TMIN,28
USC00317170,2009-12-04,TMAX,161
USR0000NNWB,2012-07-03,TMAX,356
USC00317170,2009-12-04,TMIN,67
USC00316676,2010-08-31,TMAX,322
USC00310356,2015-02-07,TMAX,44
USW00093719,2006-06-17,TMAX,294
USW00093719,2006-06-17,TMIN,150
USC00316676,2012-03-05,TMIN,-6
USR0000NNWB,2015-10-12,TMIN,150
USC00315830,2011-11-24,TMAX,222
USR0000NCRN,2014-05-25,TMAX,250
USC00314689,2008-05-21,TMAX,289
USR0000NNWB,2005-12-03,TMIN,-17
USC00314144,2005-03-22,TMIN,44
USC00314689,2009-10-22,TMIN,72
USC00314144,2005-03-22,TMAX,206
USC00314689,2008-05-21,TMIN,139
USC00314144,2005-03-06,TMIN,-11
USC00310576,2012-09-14,TMAX,278
USC00314144,2005-03-06,TMAX,161
USR0000NCRN,2014-05-25,TMIN,111
USC00310356,2008-10-28,TMIN,44
USR0000NNWB,2005-12-03,TMAX,133
USC00316676,2009-03-26,TMAX,133
USC00316676,2009-03-26,TMIN,50
USC00314689,2009-10-22,TMAX,267
USC00315830,2010-07-09,TMIN,217
USC00315830,2010-07-09,TMAX,328
USC00316676,2012-03-05,TMAX,122
USW00013754,2005-07-07,TMAX,322
USC00310356,2008-10-28,TMAX,222
USW00093719,2009-11-28,TMIN,17
USR0000NNWB,2010-05-11,TMIN,144
USR0000NCRN,2015-04-05,TMIN,22
USC00314144,2010-05-02,TMAX,300
USC00310576,2007-06-19,TMAX,344
USW00093743,2010-08-28,TMAX,294
USC00314689,2012-09-15,TMIN,161
USC00314144,2010-06-13,TMIN,222
USC00314689,2012-09-15,TMAX,267
USR0000NHOF,2014-03-22,TMIN,50
USR0000NNWB,2006-03-18,TMAX,150
USR0000NHOF,2014-03-22,TMAX,261
USC00310356,2007-02-06,TMIN,-94
USC00310356,2007-02-06,TMAX,44
USR0000NNWB,2006-03-18,TMIN,11
USC00317170,2007-11-09,TMAX,144
USC00317170,2007-11-09,TMIN,50
USC00317170,2009-02-17,TMAX,100
USW00013754,2005-12-19,TMAX,106
USW00013754,2005-12-19,TMIN,22
USC00310576,2009-03-07,TMAX,217
USR0000NCRN,2005-08-03,TMAX,339
USC00315830,2005-11-20,TMAX,178
USR0000NNWB,2007-03-16,TMIN,44
USC00314144,2010-05-02,TMIN,217
USC00310576,2009-03-07,TMIN,33
USW00093765,2006-03-24,TMAX,83
USC00314144,2010-06-13,TMAX,356
USR0000NHOF,2008-08-03,TMAX,328
USW00093765,2009-06-06,TMAX,239
USC00317170,2010-09-01,TMIN,183
USC00317170,2010-09-01,TMAX,317
USW00093765,2009-06-06,TMIN,194
USC00316676,2014-07-17,TMAX,256
USW00093743,2010-08-28,TMIN,222
USC00316096,2011-06-24,TMIN,233
USR0000NNWB,2010-07-11,TMAX,344
USC00310356,2008-08-15,TMIN,183
USC00310576,2013-08-31,TMIN,183
USC00310576,2007-06-19,TMIN,200
USR0000NNWB,2010-07-11,TMIN,211
USW00093765,2007-09-16,TMAX,250
USC00310356,2008-03-05,TMIN,-22
USC00316096,2011-06-24,TMAX,294
USC00310356,2008-03-05,TMAX,178
USC00310356,2008-08-15,TMAX,294
USC00317170,2009-02-17,TMIN,-6
USW00093765,2006-03-24,TMIN,50
USC00310576,2013-08-31,TMAX,306
USC00310356,2013-12-25,TMAX,117
USR0000NNWB,2007-03-16,TMAX,200
USC00310356,2013-12-25,TMIN,33
USC00310356,2014-03-22,TMIN,78
USW00093765,2012-08-17,TMAX,300
USW00013754,2013-01-11,TMAX,217
USC00314689,2006-03-10,TMIN,-33
USR0000NCRN,2015-04-05,TMAX,189
USC00314689,2006-03-10,TMAX,228
USW00013754,2013-01-11,TMIN,78
USW00093719,2006-12-21,TMIN,28
USW00093743,2014-05-11,TMAX,267
USW00093765,2008-06-24,TMIN,222
USW00093719,2014-04-04,TMAX,322
USW00093719,2014-04-04,TMIN,150
USR0000NNWB,2012-09-28,TMAX,300
USW00093743,2014-05-11,TMIN,211
USW00093765,2009-06-13,TMAX,294
USR0000NNWB,2009-01-17,TMAX,33
USR0000NCRN,2015-07-21,TMAX,322
USW00093765,2013-12-25,TMAX,67
USR0000NCRN,2015-07-21,TMIN,233
USW00093765,2009-06-13,TMIN,239
USR0000NNWB,2010-03-14,TMIN,83
USR0000NNWB,2010-03-14,TMAX,167
USR0000NNWB,2012-09-28,TMIN,161
USC00316096,2009-06-06,TMAX,222
USC00316096,2009-06-06,TMIN,189
USC00314144,2011-04-06,TMIN,-17
USC00314689,2013-08-28,TMAX,300
USC00314689,2013-08-28,TMIN,206
USC00315830,2005-11-20,TMIN,83
USW00093719,2007-02-04,TMAX,117
USR0000NCRN,2005-08-03,TMIN,183
USW00013754,2009-03-03,TMAX,11
USW00093719,2007-02-04,TMIN,-17
USC00314689,2013-06-17,TMIN,211
USW00093743,2012-12-05,TMAX,228
USC00310356,2014-03-22,TMAX,172
USR0000NNWB,2010-05-11,TMAX,217
USW00013754,2014-10-19,TMAX,194
USW00093719,2006-12-21,TMAX,189
USC00310576,2008-05-14,TMAX,211
USW00093743,2007-06-01,TMIN,144
USW00093743,2007-06-01,TMAX,272
USC00310576,2008-05-14,TMIN,67
USW00093719,2011-05-05,TMIN,78
USW00093765,2008-06-24,TMAX,294
USW00093765,2012-08-17,TMIN,217
USC00314144,2011-04-06,TMAX,178
USW00013754,2014-10-19,TMIN,78
USC00314689,2013-06-17,TMAX,306
USC00314684,2011-06-24,TMIN,222
USW00093743,2008-08-03,TMIN,156
USW00093743,2008-08-03,TMAX,239
USC00310576,2006-10-06,TMAX,261
USC00310356,2007-05-02,TMIN,183
USW00093719,2011-11-15,TMIN,161
USW00093719,2011-11-15,TMAX,261
USC00314144,2005-10-29,TMAX,156
USC00314689,2014-05-06,TMAX,278
USW00093743,2008-12-27,TMIN,100
USW00013754,2005-12-20,TMIN,-11
USW00093743,2008-10-28,TMAX,139
USW00093743,2008-10-28,TMIN,33
USC00315830,2010-10-04,TMAX,228
USC00315830,2010-10-04,TMIN,167
USW00093743,2008-09-24,TMAX,217
USW00013754,2005-12-20,TMAX,94
USR0000NCRN,2011-08-25,TMAX,311
USW00093743,2008-09-24,TMIN,167
USR0000NCRN,2011-08-25,TMIN,222
USW00093719,2013-10-17,TMIN,150
USW00093743,2008-12-27,TMAX,189
USW00093719,2013-10-17,TMAX,278
USR0000NHOF,2011-01-08,TMAX,83
USR0000NCRN,2010-06-20,TMAX,311
USC00316676,2015-02-26,TMIN,-33
USC00310356,2007-05-02,TMAX,228
USC00314689,2014-05-06,TMIN,133
USW00093719,2009-10-03,TMAX,278
USW00093719,2009-10-03,TMIN,183
USR0000NCRN,2007-08-13,TMIN,183
USR0000NCRN,2009-09-27,TMIN,250
USW00093743,2013-12-25,TMIN,-10
USR0000NNWB,2011-10-03,TMIN,56
USW00013754,2010-03-14,TMIN,72
USC00317170,2013-12-04,TMAX,167
USW00013754,2010-03-14,TMAX,167
USW00093765,2015-03-25,TMAX,222
USC00314689,2007-05-15,TMIN,106
USW00093765,2006-04-12,TMIN,111
USW00093765,2015-03-25,TMIN,89
USW00013754,2010-02-14,TMIN,-60
USW00013754,2010-02-14,TMAX,56
USC00317170,2012-04-10,TMIN,100
USC00317170,2012-04-10,TMAX,250
USC00310576,2006-10-06,TMIN,178
USW00093765,2011-08-20,TMIN,239
USW00093743,2007-10-18,TMAX,278
USC00314689,2007-05-15,TMAX,267
USR0000NNWB,2011-10-03,TMAX,206
USR0000NHOF,2011-01-08,TMIN,-33
USR0000NCRN,2012-07-03,TMAX,311
USC00316676,2007-05-23,TMIN,156
USR0000NCRN,2007-01-10,TMAX,83
USR0000NNWB,2010-04-04,TMAX,294
USR0000NCRN,2007-01-10,TMIN,56
USC00316096,2014-05-05,TMAX,233
USC00317170,2007-07-14,TMAX,306
USC00315830,2015-01-18,TMIN,39
USW00093719,2012-06-18,TMAX,289
USW00093719,2012-06-18,TMIN,133
USC00310576,2015-06-23,TMIN,250
USW00093719,2013-10-15,TMAX,217
USC00310576,2015-06-23,TMAX,339
USW00093719,2013-10-15,TMIN,167
USC00316676,2014-08-26,TMIN,183
USC00316676,2006-03-18,TMIN,17
USC00317170,2014-08-28,TMIN,167
USC00310576,2013-06-13,TMAX,322
USC00310576,2013-06-13,TMIN,200
USW00093765,2013-01-31,TMAX,194
USC00314684,2006-04-18,TMAX,278
USC00314684,2006-04-18,TMIN,72
USW00093765,2009-03-27,TMIN,150
USC00315830,2005-10-21,TMAX,267
USC00315830,2005-10-21,TMIN,183
USC00316676,2014-08-26,TMAX,261
USC00310576,2008-12-30,TMIN,39
USR0000NCRN,2010-06-20,TMIN,217
USR0000NCRN,2006-11-17,TMAX,172
USR0000NCRN,2006-11-17,TMIN,56
USC00317170,2010-02-01,TMIN,-22
USR0000NCRN,2012-04-08,TMAX,222
USR0000NCRN,2012-04-08,TMIN,83
USC00317170,2013-05-14,TMAX,211
USC00316676,2007-05-23,TMAX,261
USC00315830,2015-01-18,TMAX,156
USR0000NNWB,2008-12-10,TMAX,217
USC00314144,2005-10-29,TMIN,11
USC00317170,2010-02-01,TMAX,106
USW00093765,2006-04-12,TMAX,228
USC00317170,2013-05-14,TMIN,50
USC00317170,2011-05-05,TMIN,78
USC00316676,2015-02-26,TMAX,44
USC00316676,2007-09-26,TMAX,283
USC00314144,2005-11-09,TMIN,117
USC00314144,2005-11-09,TMAX,267
USR0000NNWB,2010-04-04,TMIN,150
USC00310576,2008-12-30,TMAX,156
USW00013754,2015-09-17,TMAX,261
USR0000NCRN,2012-07-03,TMIN,211
USR0000NCRN,2010-04-10,TMIN,50
USC00317170,2014-11-30,TMAX,194
USW00093743,2007-10-18,TMIN,228
USR0000NCRN,2005-08-24,TMAX,306
USC00310576,2011-07-22,TMIN,250
USR0000NNWB,2015-01-01,TMAX,122
USR0000NNWB,2015-01-01,TMIN,-33
USR0000NHOF,2011-03-20,TMAX,161
USC00310576,2006-07-23,TMIN,233
USR0000NHOF,2011-03-20,TMIN,22
USC00315830,2006-11-02,TMAX,244
USW00093743,2013-12-25,TMAX,78
USC00315830,2006-11-02,TMIN,144
USC00314689,2008-06-13,TMIN,172
USC00317170,2011-01-01,TMIN,33
USR0000NCRN,2015-06-10,TMIN,194
USC00310576,2006-07-23,TMAX,294
USC00317170,2011-01-01,TMAX,161
USR0000NHOF,2015-02-07,TMAX,161
USC00314689,2012-06-19,TMIN,194
USR0000NCRN,2015-06-10,TMAX,278
USR0000NNWB,2013-05-18,TMIN,194
USR0000NNWB,2013-05-18,TMAX,283
USR0000NHOF,2015-02-07,TMIN,-33
USW00093719,2008-02-09,TMAX,217
USC00317170,2015-03-01,TMIN,-6
USR0000NCRN,2010-04-10,TMAX,200
USC00310356,2008-09-24,TMIN,183
USW00093765,2009-05-07,TMIN,194
USW00013754,2008-12-07,TMIN,0
USR0000NNWB,2007-12-27,TMAX,156
USW00093765,2013-05-14,TMAX,211
USW00093765,2014-07-09,TMIN,272
USW00093719,2009-11-28,TMAX,133
USR0000NHOF,2012-12-05,TMAX,228
USW00093765,2013-05-14,TMIN,100
USC00310356,2012-11-02,TMIN,61
USC00310356,2012-11-02,TMAX,161
USR0000NHOF,2012-12-05,TMIN,94
USW00093743,2011-03-29,TMIN,0
USW00093743,2011-03-29,TMAX,133
USC00315830,2005-02-18,TMAX,111
USW00093765,2009-07-29,TMIN,261
USR0000NCRN,2006-01-26,TMAX,200
USW00093765,2009-07-29,TMAX,300
USC00315830,2005-02-18,TMIN,-28
USC00310576,2008-05-15,TMIN,72
USC00310576,2008-05-15,TMAX,250
USC00310356,2008-09-24,TMAX,250
USW00093719,2008-02-09,TMIN,28
USC00314684,2006-01-25,TMAX,150
USW00093719,2010-07-05,TMIN,167
USW00093719,2010-07-05,TMAX,328
USC00317170,2014-11-30,TMIN,6
USW00013754,2013-05-18,TMIN,189
USW00013754,2013-05-18,TMAX,278
USR0000NCRN,2014-03-22,TMIN,67
USW00013754,2014-03-19,TMAX,167
USR0000NCRN,2014-03-22,TMAX,222
USW00013754,2014-03-19,TMIN,67
USC00310576,2005-07-04,TMIN,217
USC00310356,2008-08-03,TMIN,250
USC00310356,2008-08-03,TMAX,306
USC00310576,2005-07-04,TMAX,294
USR0000NNWB,2008-01-10,TMAX,211
USW00093765,2011-08-20,TMAX,306
USC00314684,2013-06-17,TMIN,194
USC00314689,2007-02-12,TMIN,-28
USC00314684,2013-06-17,TMAX,300
USC00314689,2007-02-12,TMAX,178
USR0000NNWB,2008-01-10,TMIN,100
USR0000NCRN,2009-09-27,TMAX,283
USR0000NNWB,2005-11-20,TMAX,156
USR0000NCRN,2007-08-13,TMAX,322
USW00093743,2007-09-29,TMAX,256
USC00310576,2011-07-22,TMAX,361
USC00314689,2008-06-13,TMAX,322
USR0000NNWB,2008-12-10,TMIN,172
USC00314684,2006-01-25,TMIN,33
USR0000NCRN,2005-08-24,TMIN,222
USC00316676,2007-07-25,TMIN,167
USC00314689,2012-06-19,TMAX,322
USR0000NNWB,2005-11-20,TMIN,67
USC00314684,2005-11-11,TMAX,206
USW00013754,2012-09-28,TMIN,156
USR0000NHOF,2014-01-09,TMIN,-61
USW00013754,2012-09-28,TMAX,289
USC00316676,2010-08-31,TMIN,161
USC00317170,2013-12-04,TMIN,89
USW00093719,2006-11-17,TMIN,50
USC00314684,2005-11-11,TMIN,-6
USW00093719,2006-11-17,TMAX,161
USC00310576,2010-08-13,TMIN,239
USC00310576,2010-08-13,TMAX,356
USR0000NHOF,2014-05-11,TMIN,194
USW00093719,2009-12-08,TMAX,111
USC00316676,2007-07-25,TMAX,300
USR0000NHOF,2014-01-09,TMAX,144
USW00093719,2009-12-08,TMIN,56
USW00093743,2007-09-29,TMIN,156
USR0000NHOF,2014-05-11,TMAX,311
USR0000NHOF,2008-08-03,TMIN,211
USC00314684,2011-07-12,TMAX,367
USC00314684,2011-07-12,TMIN,228
USC00314684,2009-05-04,TMIN,206
USC00315830,2013-03-14,TMAX,156
USC00315830,2014-12-04,TMIN,94
USC00315830,2012-05-23,TMIN,211
USC00315830,2012-05-23,TMAX,272
USW00093743,2012-05-22,TMAX,261
USC00310576,2007-11-15,TMIN,94
USW00093743,2012-05-22,TMIN,167
USC00314684,2006-08-18,TMAX,311
USR0000NCRN,2015-04-07,TMAX,222
USW00013754,2007-10-07,TMAX,300
USW00093743,2011-04-28,TMIN,211
USW00013754,2007-10-07,TMIN,206
USW00093743,2010-08-13,TMIN,239
USW00093743,2010-08-13,TMAX,306
USR0000NHOF,2008-04-12,TMAX,289
USC00317170,2011-08-06,TMIN,244
USR0000NHOF,2008-04-12,TMIN,183
USC00316676,2008-09-19,TMAX,261
USC00316676,2008-09-19,TMIN,150
USW00093719,2013-06-13,TMAX,367
USR0000NCRN,2015-12-28,TMAX,211
USR0000NCRN,2012-02-20,TMAX,106
USC00316676,2005-03-23,TMIN,83
USC00316676,2005-03-23,TMAX,189
USC00310576,2005-04-20,TMIN,117
USR0000NNWB,2012-12-22,TMAX,100
USC00310576,2005-04-20,TMAX,300
USC00317170,2012-01-23,TMIN,61
USR0000NNWB,2012-12-22,TMIN,17
USR0000NHOF,2007-01-10,TMIN,-56
USW00093743,2008-01-19,TMAX,117
USC00316676,2005-06-21,TMAX,250
USC00315830,2015-10-07,TMAX,211
USC00315830,2006-12-08,TMAX,150
USR0000NNWB,2009-01-21,TMIN,-83
USW00093719,2012-03-28,TMIN,39
USW00093719,2012-03-28,TMAX,261
USC00315830,2006-12-08,TMIN,-28
USR0000NCRN,2014-12-04,TMIN,78
USR0000NCRN,2012-02-20,TMIN,-17
USW00093743,2008-01-19,TMIN,39
USR0000NCRN,2015-12-28,TMIN,156
USR0000NCRN,2007-09-28,TMAX,311
USR0000NCRN,2005-03-07,TMAX,189
USR0000NCRN,2007-09-28,TMIN,183
USC00314684,2006-03-10,TMAX,228
USR0000NHOF,2007-01-10,TMAX,78
USC00310576,2007-11-15,TMAX,250
USC00317170,2011-08-06,TMAX,322
USC00315830,2010-06-27,TMIN,267
USC00314684,2006-02-05,TMIN,33
USC00317170,2013-10-15,TMAX,206
USC00314684,2014-10-19,TMAX,267
USC00314684,2014-10-19,TMIN,78
USR0000NCRN,2008-04-13,TMAX,222
USC00317170,2012-09-26,TMIN,133
USW00093719,2007-06-11,TMAX,267
USC00317170,2012-06-19,TMIN,172
USC00310356,2015-11-10,TMAX,217
USC00317170,2013-10-15,TMIN,161
USC00310356,2005-12-28,TMAX,128
USC00310576,2009-05-22,TMAX,261
USC00310576,2009-05-22,TMIN,150
USW00093719,2007-05-23,TMAX,250
USC00314684,2011-05-23,TMAX,322
USW00093719,2006-02-13,TMAX,67
USC00315830,2010-06-27,TMAX,306
USC00314144,2007-06-05,TMAX,317
USC00315830,2014-12-04,TMAX,206
USC00317170,2012-06-19,TMAX,311
USC00314684,2006-02-05,TMAX,200
USW00093719,2013-06-13,TMIN,217
USC00314684,2015-11-23,TMAX,111
USR0000NHOF,2012-05-22,TMIN,161
USW00093765,2008-01-11,TMAX,200
USW00093765,2008-01-11,TMIN,167
USC00314684,2006-08-18,TMIN,228
USC00314689,2014-04-04,TMAX,294
USC00314689,2014-04-04,TMIN,156
USR0000NNWB,2010-04-21,TMAX,178
USC00317170,2014-03-19,TMAX,150
USC00316096,2013-01-31,TMAX,194
USC00317170,2012-01-23,TMAX,167
USC00314144,2007-06-05,TMIN,194
USC00317170,2015-06-21,TMAX,344
USC00317170,2015-06-21,TMIN,250
USC00310576,2013-02-02,TMIN,-39
USR0000NNWB,2010-04-21,TMIN,122
USC00310576,2013-02-02,TMAX,111
USC00310356,2010-08-13,TMIN,256
USC00310356,2010-08-13,TMAX,311
USC00317170,2012-09-26,TMAX,278
USC00317170,2014-03-19,TMIN,56
USC00316096,2013-01-31,TMIN,50
USR0000NHOF,2012-05-22,TMAX,272
USC00314684,2015-11-23,TMIN,0
USC00314684,2006-03-10,TMIN,61
USC00315830,2006-12-01,TMIN,111
USR0000NHOF,2010-08-13,TMAX,322
USR0000NNWB,2006-11-17,TMIN,56
USW00013754,2012-12-05,TMIN,111
USC00310356,2010-04-01,TMIN,100
USC00310356,2010-04-01,TMAX,217
USC00316676,2007-05-31,TMAX,300
USC00315830,2005-08-11,TMAX,306
USC00315830,2005-08-11,TMIN,233
USC00316676,2007-05-31,TMIN,144
USR0000NCRN,2008-07-13,TMAX,311
USR0000NNWB,2006-11-17,TMAX,167
USC00310356,2009-01-31,TMAX,111
USC00310576,2012-11-28,TMIN,44
USW00093765,2015-08-27,TMIN,217
USW00093765,2015-08-27,TMAX,272
USC00310576,2005-11-17,TMAX,217
USW00013754,2008-11-15,TMAX,233
USC00314684,2009-10-22,TMIN,22
USW00013754,2008-11-15,TMIN,128
USR0000NCRN,2006-06-01,TMIN,172
USC00310356,2008-01-25,TMAX,117
USC00310356,2008-01-25,TMIN,-17
USC00310576,2012-03-06,TMAX,161
USR0000NCRN,2006-06-01,TMAX,283
USR0000NCRN,2008-07-13,TMIN,183
USC00310356,2013-01-12,TMIN,111
USC00314684,2005-05-18,TMAX,250
USW00013754,2013-06-13,TMIN,211
USW00093719,2006-06-15,TMAX,283
USW00093765,2013-01-24,TMAX,106
USW00093719,2006-06-15,TMIN,156
USC00317170,2011-06-19,TMAX,361
USW00093765,2009-02-17,TMAX,89
USR0000NCRN,2008-03-26,TMAX,200
USC00310576,2005-11-17,TMIN,39
USW00093719,2013-03-12,TMAX,217
USW00093719,2013-03-12,TMIN,139
USW00093765,2005-10-20,TMIN,206
USC00314684,2009-09-06,TMIN,161
USC00314684,2009-09-06,TMAX,294
USC00310576,2012-08-21,TMIN,211
USR0000NCRN,2015-04-07,TMIN,128
USC00314684,2015-09-20,TMIN,161
USC00314684,2005-05-18,TMIN,100
USW00013754,2009-04-01,TMAX,178
USR0000NNWB,2014-02-04,TMIN,33
USW00013754,2009-04-01,TMIN,128
USC00310356,2013-01-12,TMAX,183
USC00310356,2009-01-31,TMIN,-6
USR0000NHOF,2015-06-08,TMAX,300
USR0000NHOF,2015-06-08,TMIN,117
USC00317170,2010-05-01,TMIN,178
USC00314684,2009-05-04,TMAX,311
USR0000NNWB,2014-06-19,TMIN,217
USW00093743,2012-01-07,TMIN,89
USC00310356,2012-05-22,TMAX,256
USC00310356,2012-05-22,TMIN,189
USR0000NNWB,2012-04-10,TMIN,94
USR0000NHOF,2015-07-21,TMAX,361
USR0000NNWB,2012-04-10,TMAX,256
USR0000NHOF,2015-07-21,TMIN,228
USC00314684,2006-08-14,TMIN,161
USC00314684,2006-08-14,TMAX,283
USR0000NHOF,2013-03-03,TMAX,89
USC00315830,2015-10-07,TMIN,144
USW00093719,2014-10-22,TMIN,111
USW00093719,2014-10-22,TMAX,194
USC00316676,2005-06-21,TMIN,122
USW00093719,2009-07-29,TMIN,239
USW00093719,2009-07-29,TMAX,311
USC00315830,2013-03-14,TMIN,17
USR0000NHOF,2010-08-13,TMIN,222
USC00310576,2009-01-07,TMIN,128
USW00093743,2012-01-07,TMAX,167
USC00310576,2009-01-07,TMAX,211
USR0000NNWB,2014-06-19,TMAX,361
USW00013754,2011-06-08,TMIN,222
USW00013754,2011-06-08,TMAX,339
USW00093719,2006-03-24,TMIN,33
USW00093765,2009-12-08,TMAX,200
USC00316096,2014-04-04,TMAX,233
USW00093765,2009-12-08,TMIN,100
USC00314684,2009-10-22,TMAX,239
USC00315830,2011-05-18,TMAX,256
USC00315830,2011-05-18,TMIN,156
USW00093719,2006-03-24,TMAX,72
USW00093743,2013-03-03,TMIN,-10
USW00013754,2012-12-03,TMIN,83
USC00316096,2014-04-04,TMIN,144
USC00317170,2010-05-01,TMAX,322
USW00093765,2012-09-26,TMIN,133
USW00093743,2011-04-28,TMAX,250
USC00314684,2015-09-20,TMAX,311
USR0000NNWB,2013-06-13,TMAX,372
USR0000NHOF,2013-03-03,TMIN,-28
USW00013754,2012-12-05,TMAX,239
USR0000NNWB,2009-01-21,TMAX,22
USR0000NNWB,2013-06-13,TMIN,211
USW00093765,2012-09-26,TMAX,267
USW00013754,2012-04-10,TMIN,106
USW00013754,2012-04-10,TMAX,239
USW00093743,2013-03-03,TMAX,89
USW00093719,2014-08-28,TMAX,344
USW00093719,2010-04-26,TMAX,289
USR0000NNWB,2012-07-30,TMIN,228
USR0000NNWB,2009-11-28,TMIN,-6
USC00316676,2006-10-26,TMIN,17
USR0000NNWB,2012-07-30,TMAX,300
USC00310356,2005-08-24,TMAX,300
USC00310356,2005-08-24,TMIN,228
USC00315830,2008-10-11,TMAX,233
USC00310356,2005-01-30,TMIN,-11
USC00315830,2008-10-11,TMIN,200
USC00316676,2011-10-23,TMIN,61
USC00316676,2006-10-26,TMAX,144
USR0000NNWB,2012-12-23,TMIN,-33
USR0000NHOF,2015-06-23,TMIN,250
USR0000NHOF,2015-06-23,TMAX,339
USC00316676,2011-10-23,TMAX,206
USC00315830,2009-01-04,TMAX,167
USC00316676,2008-08-19,TMAX,300
USR0000NCRN,2005-10-07,TMIN,217
USC00315830,2009-01-04,TMIN,56
USC00316676,2008-08-19,TMIN,183
USW00093765,2005-08-01,TMIN,233
USW00093719,2014-08-28,TMIN,189
USC00310356,2013-05-18,TMAX,233
USC00314684,2015-03-16,TMAX,211
USW00093719,2012-09-15,TMAX,289
USR0000NHOF,2011-09-15,TMAX,306
USC00316676,2009-12-04,TMIN,56
USW00093719,2006-04-12,TMAX,244
USW00093719,2013-12-25,TMAX,67
USC00316676,2009-12-04,TMAX,206
USC00316676,2013-08-28,TMAX,294
USR0000NNWB,2009-04-01,TMAX,189
USC00316676,2013-08-28,TMIN,172
USR0000NNWB,2010-10-13,TMAX,272
USR0000NNWB,2008-10-03,TMAX,244
USW00093719,2014-02-04,TMIN,39
USW00093719,2010-11-16,TMIN,117
USR0000NNWB,2009-04-01,TMIN,122
USC00317170,2009-01-04,TMIN,56
USR0000NNWB,2008-10-03,TMIN,83
USC00317170,2009-01-04,TMAX,167
USR0000NHOF,2010-08-12,TMAX,322
USR0000NHOF,2010-08-12,TMIN,233
USC00310356,2013-05-18,TMIN,111
USC00310356,2005-01-30,TMAX,111
USR0000NHOF,2015-11-10,TMAX,250
USC00310576,2008-02-24,TMAX,183
USR0000NHOF,2015-11-10,TMIN,133
USR0000NCRN,2006-02-25,TMAX,239
USR0000NCRN,2005-10-07,TMAX,250
USR0000NCRN,2006-02-25,TMIN,-11
USR0000NCRN,2012-07-01,TMAX,300
USW00093765,2006-06-15,TMAX,261
USW00093765,2006-06-15,TMIN,189
USC00315830,2010-12-13,TMIN,-6
USC00315830,2010-12-13,TMAX,133
USC00310356,2006-07-23,TMIN,172
USC00310356,2006-07-23,TMAX,306
USR0000NCRN,2005-09-03,TMIN,200
USR0000NCRN,2005-09-03,TMAX,333
USC00310576,2014-07-25,TMIN,194
USC00310576,2008-02-24,TMIN,61
USC00310576,2014-07-25,TMAX,328
USW00013754,2005-07-24,TMAX,294
USC00316096,2009-06-19,TMAX,317
USC00316096,2009-06-19,TMIN,228
USW00093765,2007-03-03,TMAX,139
USW00093765,2007-03-03,TMIN,100
USW00093743,2009-01-31,TMAX,89
USW00093719,2008-03-24,TMAX,133
USC00316676,2005-02-18,TMAX,139
USW00093719,2008-03-24,TMIN,33
USC00314689,2015-09-17,TMAX,272
USW00093719,2005-01-15,TMIN,22
USC00314689,2015-09-17,TMIN,178
USC00314144,2006-04-12,TMIN,67
USC00310356,2008-01-14,TMIN,61
USC00314144,2009-11-08,TMAX,228
USR0000NNWB,2009-11-28,TMAX,144
USC00310356,2009-09-27,TMAX,250
USC00310356,2009-09-27,TMIN,222
USW00093765,2013-06-13,TMAX,300
USW00093719,2005-01-15,TMAX,72
USW00013754,2012-07-16,TMIN,222
USW00093719,2010-04-26,TMIN,178
USW00093765,2013-06-13,TMIN,217
USW00093719,2010-11-16,TMAX,239
USC00314689,2012-11-07,TMIN,44
USC00316676,2005-02-18,TMIN,-39
USW00093765,2005-08-01,TMAX,289
USC00310356,2015-08-09,TMIN,200
USC00314689,2013-01-31,TMAX,228
USC00314689,2013-01-31,TMIN,106
USC00310356,2015-08-09,TMAX,272
USR0000NCRN,2012-07-01,TMIN,189
USW00013754,2012-12-03,TMAX,244
USW00013754,2013-06-17,TMAX,300
USW00093719,2006-04-12,TMIN,67
USW00093719,2012-09-15,TMIN,172
USW00013754,2013-12-04,TMIN,100
USW00013754,2013-12-04,TMAX,183
USW00013754,2010-04-18,TMIN,78
USR0000NNWB,2014-10-22,TMIN,100
USC00314144,2006-06-01,TMIN,156
USC00314144,2006-06-01,TMAX,300
USR0000NNWB,2014-10-22,TMAX,172
USC00317170,2010-03-18,TMAX,144
USW00013754,2005-11-20,TMIN,83
USC00314684,2005-10-30,TMIN,6
USC00310576,2009-04-02,TMIN,133
USC00314684,2005-10-30,TMAX,150
USC00310576,2009-04-02,TMAX,194
USW00013754,2005-11-20,TMAX,156
USR0000NCRN,2011-04-06,TMIN,44
USC00317170,2010-03-18,TMIN,33
USR0000NCRN,2008-04-13,TMIN,106
USC00310356,2008-01-14,TMAX,122
USR0000NCRN,2010-10-13,TMAX,267
USW00093743,2010-08-12,TMAX,322
USW00093743,2010-08-12,TMIN,250
USR0000NHOF,2008-05-15,TMAX,256
USC00310356,2013-03-03,TMIN,11
USR0000NHOF,2008-05-15,TMIN,156
USW00013754,2010-04-18,TMAX,206
USC00310356,2010-08-12,TMAX,311
USC00310356,2005-12-28,TMIN,-22
USC00310356,2015-11-10,TMIN,194
USC00314684,2011-05-23,TMIN,167
USC00310356,2010-08-12,TMIN,267
USC00315830,2007-07-25,TMAX,294
USW00093719,2005-09-01,TMAX,322
USW00093765,2007-09-24,TMIN,194
USW00093719,2005-09-01,TMIN,200
USC00315830,2007-07-25,TMIN,189
USC00314689,2005-04-26,TMAX,200
USW00093719,2007-05-23,TMIN,156
USW00093719,2007-06-11,TMIN,167
USC00310356,2007-10-18,TMIN,167
USC00316676,2012-06-24,TMIN,194
USR0000NCRN,2011-04-06,TMAX,156
USC00316676,2012-06-24,TMAX,328
USW00093765,2007-09-24,TMAX,272
USC00315830,2006-12-01,TMAX,228
USC00310356,2007-10-18,TMAX,283
USW00093719,2006-02-13,TMIN,-33
USC00314689,2005-04-26,TMIN,117
USC00316676,2015-06-09,TMIN,150
USR0000NCRN,2010-10-13,TMIN,172
USR0000NHOF,2011-04-28,TMAX,261
USW00013754,2014-10-22,TMAX,183
USW00093765,2006-10-05,TMAX,278
USW00093765,2006-10-05,TMIN,194
USC00314684,2015-03-16,TMIN,22
USW00013754,2007-12-27,TMAX,144
USC00316676,2009-03-14,TMAX,94
USR0000NHOF,2011-09-15,TMIN,161
USR0000NHOF,2006-07-23,TMIN,206
USR0000NNWB,2008-02-09,TMAX,222
USR0000NNWB,2008-02-09,TMIN,39
USR0000NCRN,2005-03-07,TMIN,28
USW00093765,2009-05-22,TMIN,167
USW00093765,2009-05-22,TMAX,256
USR0000NHOF,2006-07-23,TMAX,289
USC00316676,2009-03-14,TMIN,61
USC00310356,2008-05-15,TMIN,139
USC00310356,2008-05-15,TMAX,217
USR0000NNWB,2010-10-13,TMIN,172
USW00013754,2012-07-16,TMAX,344
USW00093743,2013-05-18,TMIN,194
USW00093743,2013-05-18,TMAX,267
USR0000NHOF,2013-01-24,TMIN,-56
USW00013754,2014-10-22,TMIN,111
USW00093743,2008-05-15,TMAX,233
USW00093743,2008-05-15,TMIN,183
USC00316676,2015-06-09,TMAX,294
USW00093719,2013-12-25,TMIN,-10
USW00093719,2009-03-27,TMIN,150
USW00093719,2009-03-27,TMAX,217
USC00315830,2013-01-15,TMIN,117
USR0000NHOF,2011-04-28,TMIN,211
USW00013754,2011-12-25,TMAX,167
USW00013754,2011-12-25,TMIN,17
USC00310356,2013-03-03,TMAX,111
USR0000NHOF,2015-08-09,TMIN,156
USW00093719,2014-02-04,TMAX,67
USR0000NHOF,2015-08-09,TMAX,306
USC00315830,2013-01-15,TMAX,211
USC00317170,2014-07-06,TMAX,294
USC00317170,2014-07-06,TMIN,144
USC00310356,2007-09-03,TMIN,211
USR0000NHOF,2014-07-07,TMIN,167
USC00310356,2007-09-03,TMAX,289
USC00316676,2010-05-27,TMIN,161
USW00013754,2007-12-27,TMIN,33
USC00316676,2010-05-27,TMAX,267
USR0000NHOF,2014-07-07,TMAX,333
USR0000NHOF,2013-01-24,TMAX,44
USC00310576,2012-08-21,TMAX,289
USR0000NNWB,2014-02-04,TMAX,56
USW00013754,2013-06-13,TMAX,333
USW00013754,2010-06-02,TMAX,300
USR0000NHOF,2005-09-03,TMAX,311
USR0000NCRN,2010-05-27,TMAX,317
USC00310356,2011-03-29,TMAX,83
USW00013754,2007-09-24,TMAX,267
USR0000NCRN,2010-05-27,TMIN,156
USC00316676,2014-05-25,TMIN,128
USW00013754,2007-09-24,TMIN,167
USW00093765,2010-06-21,TMAX,322
USW00013754,2015-10-06,TMAX,217
USW00013754,2015-10-06,TMIN,150
USC00314684,2014-05-06,TMIN,133
USC00310356,2006-06-01,TMIN,239
USC00310356,2006-06-01,TMAX,289
USC00314144,2008-06-22,TMIN,156
USW00093719,2005-12-19,TMAX,106
USC00314684,2014-05-06,TMAX,267
USW00093719,2005-12-19,TMIN,11
USC00317170,2014-10-22,TMIN,94
USC00314689,2010-08-29,TMIN,189
USC00317170,2014-10-22,TMAX,211
USR0000NHOF,2005-09-03,TMIN,156
USW00093765,2008-09-20,TMIN,183
USC00314684,2009-10-25,TMAX,294
USC00310356,2011-03-29,TMIN,44
USR0000NCRN,2005-12-28,TMAX,194
USR0000NCRN,2005-12-28,TMIN,-117
USC00314689,2013-05-14,TMAX,217
USR0000NHOF,2009-07-07,TMIN,172
USR0000NHOF,2006-06-01,TMIN,139
USR0000NHOF,2006-06-01,TMAX,278
USR0000NHOF,2009-07-07,TMAX,294
USC00314689,2013-05-14,TMIN,56
USC00310356,2007-03-05,TMAX,156
USC00317170,2009-05-09,TMAX,333
USC00314684,2006-11-19,TMAX,150
USR0000NNWB,2013-03-12,TMAX,211
USR0000NNWB,2013-03-12,TMIN,117
USC00314684,2006-11-19,TMIN,6
USC00315830,2006-12-25,TMIN,100
USC00310576,2007-09-20,TMAX,283
USW00093719,2007-07-03,TMIN,150
USC00315830,2006-12-25,TMAX,200
USC00314684,2009-10-25,TMIN,122
USW00093765,2011-05-10,TMIN,94
USC00317170,2009-05-09,TMIN,211
USW00013754,2010-06-02,TMIN,217
USW00093719,2012-09-26,TMAX,278
USW00093765,2008-09-20,TMAX,256
USW00093719,2012-09-26,TMIN,139
USW00093765,2009-10-03,TMAX,267
USW00093765,2009-10-03,TMIN,200
USC00315830,2011-01-11,TMIN,-44
USC00310356,2014-05-25,TMAX,261
USW00093765,2005-02-08,TMIN,11
USR0000NCRN,2009-08-27,TMIN,267
USC00314144,2011-01-14,TMAX,56
USR0000NCRN,2009-08-27,TMAX,317
USC00314684,2014-04-04,TMAX,283
USC00310356,2014-05-25,TMIN,172
USR0000NNWB,2006-06-15,TMAX,283
USR0000NNWB,2006-06-15,TMIN,167
USC00314684,2005-07-19,TMAX,328
USC00314684,2014-04-04,TMIN,128
USC00317170,2009-05-22,TMIN,156
USC00317170,2009-05-22,TMAX,278
USC00314144,2011-01-14,TMIN,-106
USC00314684,2005-07-19,TMIN,239
USC00310356,2012-01-07,TMAX,144
USC00317170,2015-03-25,TMAX,233
USC00310356,2012-01-07,TMIN,78
USC00314144,2010-07-12,TMAX,317
USW00093719,2013-06-17,TMAX,317
USW00093765,2005-02-08,TMAX,122
USC00314144,2010-07-12,TMIN,233
USR0000NNWB,2007-11-20,TMIN,94
USC00310356,2015-08-27,TMAX,306
USW00093765,2011-05-10,TMAX,272
USW00093765,2007-05-17,TMAX,250
USR0000NNWB,2007-11-20,TMAX,211
USC00310576,2013-12-03,TMIN,22
USC00316676,2007-05-02,TMIN,178
USC00314689,2010-01-30,TMAX,44
USW00093719,2007-07-03,TMAX,272
USC00310356,2007-09-29,TMAX,306
USC00310356,2007-03-05,TMIN,44
USC00314689,2010-01-30,TMIN,-50
USW00093765,2010-06-21,TMIN,256
USW00093719,2012-04-10,TMAX,250
USC00316676,2007-05-02,TMAX,339
USW00013754,2007-06-21,TMAX,294
USW00013754,2007-06-21,TMIN,183
USC00310356,2015-08-27,TMIN,228
USW00093719,2013-06-17,TMIN,211
USR0000NNWB,2008-10-21,TMIN,44
USR0000NNWB,2008-10-21,TMAX,233
USC00316676,2014-05-25,TMAX,261
USW00093719,2012-04-10,TMIN,106
USR0000NCRN,2011-05-15,TMIN,200
USC00314684,2011-08-03,TMAX,356
USR0000NCRN,2007-11-11,TMIN,6
USR0000NHOF,2012-12-16,TMIN,100
USW00093743,2009-05-25,TMAX,261
USC00316096,2010-01-30,TMAX,44
USC00316096,2010-01-30,TMIN,-17
USR0000NCRN,2012-08-03,TMIN,217
USC00317170,2010-10-04,TMIN,122
USC00310356,2015-12-28,TMIN,183
USC00310356,2015-12-28,TMAX,217
USR0000NCRN,2012-08-03,TMAX,311
USC00316676,2007-10-17,TMAX,256
USC00316676,2007-12-30,TMIN,150
USC00310356,2006-02-09,TMIN,-22
USW00093719,2015-01-08,TMIN,-82
USC00316676,2007-12-30,TMAX,256
USC00310576,2008-11-19,TMIN,0
USW00093719,2010-07-11,TMAX,322
USC00310576,2008-11-19,TMAX,83
USW00093765,2009-10-04,TMIN,183
USW00093719,2010-02-01,TMIN,-67
USW00093765,2009-10-04,TMAX,244
USW00093743,2009-05-25,TMIN,217
USC00310576,2008-04-07,TMAX,189
USW00013754,2012-07-03,TMAX,328
USC00314684,2006-12-24,TMIN,67
USR0000NHOF,2005-05-27,TMAX,278
USC00315830,2010-11-23,TMAX,211
USC00314689,2009-08-19,TMAX,333
USR0000NCRN,2009-01-27,TMAX,100
USC00314689,2009-08-19,TMIN,228
USW00093765,2010-03-18,TMAX,111
USW00093743,2008-04-12,TMIN,178
USC00310576,2007-02-28,TMAX,183
USW00093765,2010-03-18,TMIN,83
USC00317170,2015-07-26,TMAX,317
USC00314689,2011-12-13,TMIN,17
USC00310576,2008-01-28,TMAX,117
USC00310576,2008-01-28,TMIN,-11
USC00314684,2005-04-27,TMIN,128
USC00314684,2005-04-27,TMAX,206
USR0000NHOF,2005-10-02,TMIN,128
USR0000NHOF,2005-10-02,TMAX,256
USC00314689,2011-12-13,TMAX,144
USR0000NCRN,2009-01-27,TMIN,44
USC00310576,2007-02-28,TMIN,56
USW00013754,2012-07-03,TMIN,217
USC00314684,2006-12-24,TMAX,217
USR0000NHOF,2005-05-27,TMIN,122
USW00093719,2010-02-01,TMAX,94
USC00317170,2010-10-04,TMAX,178
USC00314144,2010-06-15,TMAX,367
USW00093719,2012-12-23,TMIN,-28
USC00314684,2009-08-26,TMAX,317
USC00314684,2009-08-26,TMIN,194
USC00317170,2012-09-15,TMIN,172
USC00317170,2012-09-15,TMAX,289
USC00314144,2010-10-17,TMAX,233
USC00314144,2010-10-17,TMIN,11
USC00314689,2006-04-18,TMIN,78
USC00317170,2014-05-11,TMIN,194
USC00314144,2008-06-22,TMAX,300
USC00314684,2011-08-03,TMIN,217
USW00093719,2012-12-23,TMAX,128
USW00093765,2014-10-19,TMAX,194
USW00093765,2014-10-19,TMIN,100
USC00316676,2009-07-28,TMAX,311
USW00013754,2010-11-29,TMIN,44
USC00310576,2013-12-03,TMAX,139
USC00316676,2009-07-28,TMIN,200
USC00317170,2014-05-11,TMAX,300
USC00314144,2009-11-30,TMIN,83
USW00013754,2010-11-29,TMAX,150
USC00310356,2007-09-29,TMIN,161
USR0000NHOF,2011-09-25,TMIN,183
USC00310576,2007-09-20,TMIN,200
USW00093719,2011-02-10,TMIN,-44
USR0000NCRN,2013-08-31,TMIN,194
USW00093719,2010-07-11,TMIN,211
USW00093765,2005-03-01,TMAX,106
USW00093765,2007-02-04,TMAX,100
USW00093719,2011-02-10,TMAX,33
USW00093765,2007-02-04,TMIN,22
USR0000NCRN,2013-08-31,TMAX,294
USC00314144,2010-06-15,TMIN,194
USW00013754,2013-03-12,TMAX,200
USC00310356,2006-02-09,TMAX,100
USR0000NCRN,2007-11-11,TMAX,150
USW00093719,2015-01-08,TMAX,-10
USW00013754,2011-06-01,TMIN,206
USW00013754,2013-03-12,TMIN,128
USW00013754,2007-03-16,TMIN,61
USW00013754,2007-03-16,TMAX,211
USC00316096,2013-05-14,TMAX,211
USC00316096,2013-05-14,TMIN,50
USC00314684,2005-04-26,TMAX,194
USC00314684,2005-04-26,TMIN,61
USR0000NCRN,2006-07-22,TMAX,306
USR0000NCRN,2006-07-22,TMIN,267
USR0000NHOF,2011-09-25,TMAX,233
USC00314684,2011-06-24,TMAX,344
USC00317170,2015-03-25,TMIN,67
USC00310576,2006-01-22,TMIN,78
USC00317170,2009-10-03,TMAX,278
USC00317170,2009-10-03,TMIN,189
USW00013754,2008-08-17,TMAX,283
USR0000NHOF,2015-08-27,TMAX,267
USR0000NHOF,2014-05-25,TMAX,300
USW00093743,2013-01-24,TMAX,100
USW00013754,2005-02-04,TMIN,28
USC00314689,2011-10-06,TMIN,111
USC00314689,2011-10-06,TMAX,244
USW00093765,2007-09-23,TMIN,211
USR0000NNWB,2013-06-17,TMIN,206
USR0000NNWB,2013-06-17,TMAX,317
USW00093765,2007-09-23,TMAX,317
USW00093743,2013-01-12,TMIN,106
USC00314144,2008-12-20,TMAX,228
USW00093765,2011-12-16,TMIN,122
USW00093743,2013-01-12,TMAX,194
USC00310576,2012-07-17,TMIN,206
USC00310576,2012-07-17,TMAX,328
USW00093765,2014-03-19,TMAX,178
USC00317170,2011-06-19,TMIN,156
USC00317170,2009-06-13,TMIN,211
USC00316676,2006-05-29,TMAX,300
USC00314689,2006-11-26,TMAX,172
USR0000NCRN,2008-03-26,TMIN,39
USC00316676,2014-03-21,TMAX,217
USW00093719,2010-05-11,TMAX,217
USC00310356,2015-07-21,TMIN,261
USC00310576,2015-05-06,TMAX,272
USC00310576,2015-05-06,TMIN,83
USC00317170,2010-03-13,TMAX,222
USC00317170,2010-03-13,TMIN,139
USW00093765,2011-12-16,TMAX,200
USR0000NHOF,2013-01-12,TMIN,133
USR0000NHOF,2013-01-12,TMAX,228
USC00314144,2007-08-23,TMIN,211
USC00310576,2012-04-08,TMAX,183
USW00093765,2005-01-26,TMIN,-11
USW00093765,2005-01-26,TMAX,139
USC00310576,2012-04-08,TMIN,33
USC00317170,2009-06-13,TMAX,328
USW00093719,2010-05-11,TMIN,133
USW00093765,2015-10-24,TMIN,122
USW00093765,2015-10-24,TMAX,217
USC00314144,2007-08-23,TMAX,300
USW00013754,2008-08-17,TMIN,211
USC00314689,2006-11-26,TMIN,39
USC00316676,2006-05-29,TMIN,189
USC00314144,2008-12-20,TMIN,111
USC00316676,2010-11-02,TMIN,83
USR0000NCRN,2014-01-09,TMAX,133
USC00310576,2015-02-01,TMIN,-11
USC00314689,2007-12-19,TMAX,117
USW00093765,2015-06-21,TMAX,317
USR0000NHOF,2014-05-25,TMIN,106
USC00310576,2015-02-01,TMAX,94
USW00093765,2013-10-15,TMIN,183
USW00093765,2015-06-21,TMIN,272
USW00093765,2005-10-20,TMAX,256
USR0000NHOF,2011-08-25,TMAX,322
USR0000NHOF,2011-08-25,TMIN,200
USW00093765,2009-02-17,TMIN,-10
USC00310576,2012-11-28,TMAX,183
USC00310356,2015-06-08,TMAX,289
USC00310356,2015-06-08,TMIN,189
USW00093743,2013-01-24,TMIN,-32
USW00093743,2010-04-01,TMAX,233
USW00013754,2013-06-17,TMIN,206
USC00316676,2011-02-01,TMAX,83
USC00316676,2011-02-01,TMIN,33
USW00093765,2013-01-24,TMIN,-32
USC00314144,2006-02-25,TMIN,-17
USC00310576,2012-03-06,TMIN,0
USC00314689,2007-12-19,TMIN,-22
USW00093765,2013-10-15,TMAX,222
USC00316676,2010-11-02,TMAX,189
USR0000NNWB,2015-10-06,TMAX,206
USC00310576,2013-05-18,TMIN,194
USR0000NCRN,2011-02-14,TMIN,78
USR0000NCRN,2011-02-14,TMAX,144
USW00093765,2014-03-19,TMIN,72
USR0000NHOF,2015-08-27,TMIN,183
USC00310576,2013-05-18,TMAX,311
USR0000NNWB,2015-10-06,TMIN,150
USR0000NHOF,2007-09-03,TMIN,144
USW00093719,2005-11-30,TMAX,206
USR0000NHOF,2007-09-03,TMAX,306
USW00013754,2010-02-01,TMAX,94
USW00013754,2012-12-22,TMAX,100
USW00013754,2012-12-22,TMIN,11
USR0000NCRN,2014-01-09,TMIN,-50
USC00310576,2009-12-30,TMIN,-11
USC00314144,2006-02-25,TMAX,172
USC00310576,2009-12-30,TMAX,100
USC00310576,2015-02-08,TMIN,-11
USC00310576,2015-02-08,TMAX,156
USR0000NCRN,2014-12-04,TMAX,139
USW00013754,2010-02-01,TMIN,-55
USR0000NCRN,2011-05-15,TMAX,250
USR0000NNWB,2006-09-06,TMAX,228
USC00316676,2014-03-21,TMIN,33
USC00310356,2008-01-19,TMIN,33
USW00093765,2012-09-15,TMAX,294
USC00317170,2014-10-19,TMAX,233
USR0000NHOF,2009-05-25,TMAX,261
USC00317170,2014-10-19,TMIN,89
USR0000NNWB,2009-11-18,TMIN,139
USC00317170,2015-03-22,TMAX,156
USW00093719,2006-03-23,TMAX,117
USW00093719,2006-03-23,TMIN,0
USC00310356,2011-04-28,TMAX,261
USR0000NNWB,2015-01-31,TMAX,89
USC00310356,2005-09-03,TMIN,239
USC00310356,2005-09-03,TMAX,317
USC00314689,2007-11-09,TMIN,11
USR0000NHOF,2009-05-25,TMIN,172
USW00093765,2014-10-22,TMIN,128
USW00093765,2014-10-22,TMAX,183
USC00310356,2013-01-24,TMAX,106
USR0000NNWB,2009-11-18,TMAX,194
USC00314689,2007-11-09,TMAX,139
USR0000NCRN,2009-03-13,TMIN,61
USC00314689,2010-08-29,TMAX,306
USR0000NCRN,2009-03-13,TMAX,94
USW00093765,2012-09-15,TMIN,200
USC00310576,2009-02-08,TMAX,200
USC00315830,2011-01-11,TMAX,56
USC00310576,2006-01-22,TMAX,161
USC00310576,2009-01-27,TMIN,44
USW00013754,2005-09-01,TMAX,317
USC00310576,2009-01-27,TMAX,83
USW00013754,2005-11-08,TMAX,250
USR0000NCRN,2014-11-06,TMAX,228
USC00310576,2009-02-08,TMIN,28
USW00013754,2013-12-11,TMAX,106
USR0000NCRN,2011-01-21,TMAX,128
USR0000NCRN,2011-01-21,TMIN,-6
USW00013754,2013-12-11,TMIN,-10
USC00310356,2009-07-07,TMIN,228
USW00093765,2007-05-17,TMIN,167
USC00310356,2008-01-19,TMAX,156
USC00314684,2009-01-07,TMIN,111
USC00314684,2009-01-07,TMAX,200
USW00013754,2005-09-01,TMIN,228
USC00310356,2009-07-07,TMAX,261
USR0000NCRN,2014-11-06,TMIN,139
USC00317170,2015-03-22,TMIN,89
USW00013754,2005-11-08,TMIN,89
USC00310356,2011-04-28,TMIN,183
USR0000NNWB,2015-01-31,TMIN,-33
USC00310576,2015-10-24,TMAX,272
USC00316676,2011-09-22,TMIN,217
USC00310356,2006-08-26,TMAX,289
USC00310576,2015-02-07,TMIN,-28
USR0000NNWB,2009-05-14,TMAX,250
USR0000NHOF,2010-04-01,TMAX,294
USC00314684,2007-03-03,TMIN,72
USC00314684,2007-03-03,TMAX,222
USC00316096,2011-12-13,TMIN,17
USC00317170,2011-08-20,TMAX,306
USC00317170,2011-08-20,TMIN,206
USC00314689,2005-06-21,TMAX,283
USR0000NNWB,2006-09-06,TMIN,194
USC00314684,2013-01-31,TMAX,244
USC00314684,2013-01-31,TMIN,94
USR0000NNWB,2009-05-14,TMIN,144
USC00316096,2011-12-13,TMAX,150
USC00314689,2005-06-21,TMIN,128
USW00013754,2014-02-04,TMAX,67
USW00013754,2014-02-04,TMIN,39
USW00093719,2005-11-30,TMIN,89
USC00310356,2015-07-21,TMAX,289
USC00316676,2009-07-05,TMIN,156
USC00316676,2009-07-05,TMAX,306
USW00013754,2014-06-19,TMIN,233
USC00310356,2006-08-26,TMIN,189
USW00013754,2005-02-04,TMAX,89
USC00316676,2011-09-22,TMAX,283
USW00013754,2008-06-22,TMIN,183
USC00317170,2012-07-21,TMIN,211
USC00317170,2012-07-21,TMAX,317
USC00310576,2015-10-24,TMIN,100
USW00093765,2009-01-29,TMIN,39
USW00013754,2008-06-22,TMAX,300
USW00093765,2009-01-29,TMAX,111
USC00314684,2008-01-07,TMIN,44
USC00310356,2013-01-24,TMIN,-22
USW00093743,2014-05-25,TMAX,261
USW00093743,2014-05-25,TMIN,139
USC00310576,2015-02-07,TMAX,72
USW00093719,2013-12-04,TMIN,100
USW00093719,2013-12-04,TMAX,178
USW00093743,2011-08-25,TMAX,317
USW00093743,2011-08-25,TMIN,239
USR0000NNWB,2010-02-01,TMIN,-61
USR0000NNWB,2010-02-01,TMAX,106
USR0000NHOF,2010-04-01,TMIN,17
USW00013754,2014-06-19,TMAX,328
USC00314684,2008-01-07,TMAX,206
USC00316676,2005-03-21,TMIN,78
USR0000NNWB,2015-04-15,TMIN,111
USR0000NHOF,2005-10-01,TMAX,267
USC00317170,2008-08-02,TMIN,233
USC00310576,2005-09-01,TMAX,333
USC00310356,2011-11-14,TMAX,156
USC00316676,2011-10-09,TMAX,239
USC00310576,2005-09-01,TMIN,189
USR0000NHOF,2015-07-22,TMAX,350
USC00316676,2005-12-02,TMAX,144
USC00316676,2005-12-02,TMIN,6
USC00316676,2012-12-16,TMAX,156
USC00310576,2014-02-04,TMAX,233
USC00310356,2011-11-14,TMIN,44
USC00314144,2010-04-19,TMIN,11
USC00315830,2015-02-01,TMIN,-22
USC00314144,2010-04-19,TMAX,200
USC00310576,2014-02-04,TMIN,50
USC00314684,2007-04-27,TMIN,189
USC00310356,2010-12-24,TMAX,78
USC00317170,2009-05-31,TMAX,322
USC00317170,2009-05-31,TMIN,183
USC00314689,2008-09-20,TMIN,144
USC00314689,2008-09-20,TMAX,233
USC00317170,2008-08-02,TMAX,350
USC00310356,2009-01-07,TMAX,178
USC00316096,2014-12-14,TMIN,-17
USC00316676,2011-10-09,TMIN,117
USW00093719,2012-02-22,TMAX,222
USC00315830,2006-01-22,TMAX,183
USR0000NHOF,2011-10-23,TMAX,217
USR0000NHOF,2011-10-23,TMIN,67
USC00315830,2013-12-11,TMAX,117
USW00093719,2011-06-12,TMAX,344
USW00093719,2011-06-12,TMIN,200
USC00315830,2013-12-11,TMIN,0
USC00316676,2012-01-12,TMIN,94
USC00310356,2009-01-28,TMAX,150
USC00314144,2005-08-03,TMAX,344
USC00314144,2005-08-03,TMIN,167
USC00316096,2012-03-28,TMIN,28
USC00316096,2012-03-28,TMAX,211
USC00316676,2012-12-16,TMIN,39
USR0000NCRN,2011-03-06,TMIN,100
USC00314684,2013-06-12,TMAX,311
USC00316096,2012-03-01,TMAX,256
USC00314684,2013-06-12,TMIN,172
USC00316096,2014-12-14,TMAX,139
USC00310356,2010-12-24,TMIN,-22
USR0000NHOF,2015-07-22,TMIN,217
USC00310576,2012-01-09,TMIN,72
USW00093765,2005-12-20,TMIN,0
USC00310356,2009-01-07,TMIN,128
USR0000NCRN,2011-11-23,TMAX,233
USR0000NCRN,2011-11-23,TMIN,117
USC00315830,2010-11-17,TMIN,122
USW00013754,2007-06-11,TMAX,267
USR0000NNWB,2006-06-01,TMIN,178
USR0000NNWB,2006-06-01,TMAX,306
USC00316676,2015-11-20,TMAX,217
USC00317170,2015-11-16,TMAX,189
USW00013754,2007-06-11,TMIN,156
USR0000NHOF,2014-10-23,TMIN,56
USC00315830,2006-02-06,TMIN,11
USR0000NHOF,2014-10-23,TMAX,222
USR0000NNWB,2012-08-06,TMIN,233
USC00317170,2010-02-12,TMAX,78
USC00317170,2010-02-12,TMIN,11
USR0000NCRN,2005-05-27,TMAX,283
USC00314144,2009-04-16,TMIN,11
USC00315830,2006-02-06,TMAX,106
USC00314144,2009-04-16,TMAX,172
USW00093743,2014-10-23,TMIN,89
USC00315830,2008-11-07,TMAX,233
USC00316676,2015-11-20,TMIN,133
USW00093765,2005-12-20,TMAX,100
USR0000NNWB,2010-04-08,TMIN,167
USR0000NNWB,2005-04-03,TMAX,200
USC00315830,2015-02-01,TMAX,78
USC00314684,2007-04-27,TMAX,306
USC00315830,2011-07-30,TMIN,272
USW00093719,2010-03-18,TMAX,156
USW00093719,2010-03-18,TMIN,61
USC00315830,2010-11-17,TMAX,228
USC00310356,2015-07-22,TMIN,239
USR0000NCRN,2010-05-28,TMIN,189
USC00314689,2007-09-20,TMIN,200
USC00317170,2011-05-25,TMAX,356
USC00314689,2007-09-20,TMAX,256
USC00314144,2008-11-16,TMIN,-11
USC00317170,2011-05-25,TMIN,233
USR0000NCRN,2010-05-28,TMAX,289
USC00310356,2015-07-22,TMAX,294
USW00093765,2012-05-23,TMIN,211
USR0000NNWB,2005-04-03,TMIN,89
USW00093765,2012-05-23,TMAX,272
USC00314689,2012-05-29,TMAX,278
USC00314144,2008-11-16,TMAX,133
USC00314689,2012-05-29,TMIN,222
USC00315830,2011-07-30,TMAX,344
USC00315830,2006-01-22,TMIN,83
USC00310576,2012-01-09,TMAX,161
USR0000NNWB,2008-08-10,TMAX,317
USR0000NNWB,2006-04-18,TMIN,83
USC00316096,2009-10-04,TMIN,156
USC00315830,2006-07-23,TMIN,233
USC00316096,2009-10-04,TMAX,233
USC00317170,2012-05-23,TMIN,183
USW00013754,2005-12-29,TMIN,72
USC00317170,2010-02-14,TMIN,-28
USC00317170,2010-02-14,TMAX,67
USC00314684,2015-11-20,TMAX,250
USW00093765,2006-05-29,TMAX,278
USW00093765,2006-05-29,TMIN,200
USC00314684,2015-11-20,TMIN,106
USC00317170,2012-05-23,TMAX,289
USW00013754,2005-12-29,TMAX,178
USC00315830,2006-07-23,TMAX,306
USW00093765,2006-11-17,TMIN,72
USW00013754,2011-02-09,TMIN,-5
USW00093765,2006-11-17,TMAX,139
USR0000NHOF,2011-03-07,TMAX,128
USR0000NHOF,2011-03-07,TMIN,0
USC00314684,2014-07-23,TMAX,311
USR0000NNWB,2006-04-18,TMAX,222
USC00315830,2011-01-21,TMIN,67
USR0000NCRN,2005-10-01,TMIN,183
USR0000NNWB,2014-06-20,TMIN,211
USC00310576,2015-09-10,TMAX,311
USW00093719,2006-06-01,TMIN,167
USC00315830,2012-07-17,TMIN,244
USC00310356,2014-08-19,TMAX,300
USC00314684,2006-03-24,TMIN,6
USW00093719,2006-06-01,TMAX,289
USC00310576,2011-06-02,TMIN,189
USW00093765,2008-05-21,TMAX,233
USW00093765,2008-05-21,TMIN,156
USC00315830,2012-07-17,TMAX,317
USC00314684,2006-03-24,TMAX,117
USC00310576,2011-08-12,TMAX,306
USR0000NHOF,2008-02-09,TMAX,206
USR0000NHOF,2008-02-09,TMIN,-17
USC00310356,2012-02-20,TMIN,56
USW00093719,2011-09-16,TMAX,194
USW00093719,2005-12-03,TMIN,-22
USC00310356,2012-02-20,TMAX,156
USW00093719,2005-12-03,TMAX,111
USW00093719,2011-09-16,TMIN,161
USR0000NCRN,2005-10-01,TMAX,278
USR0000NNWB,2014-06-20,TMAX,322
USC00314684,2014-07-23,TMIN,222
USC00315830,2011-01-21,TMAX,128
USC00317170,2010-10-13,TMIN,172
USR0000NCRN,2012-08-21,TMIN,217
USC00315830,2009-03-03,TMIN,-50
USW00093765,2010-03-14,TMIN,100
USW00093765,2010-03-14,TMAX,150
USW00013754,2009-12-09,TMIN,183
USR0000NNWB,2008-08-10,TMIN,200
USC00314684,2014-08-26,TMAX,261
USC00314689,2007-02-20,TMIN,22
USC00314689,2012-08-05,TMAX,317
USC00314684,2014-08-26,TMIN,156
USC00314689,2007-02-20,TMAX,183
USC00314684,2015-09-04,TMAX,317
USW00013754,2009-12-09,TMAX,222
USC00314689,2012-08-05,TMIN,233
USR0000NCRN,2013-09-11,TMAX,300
USR0000NCRN,2013-09-11,TMIN,178
USC00315830,2013-05-14,TMAX,211
USC00315830,2013-05-14,TMIN,89
USR0000NCRN,2009-05-25,TMAX,261
USR0000NCRN,2009-05-25,TMIN,217
USW00093719,2012-02-22,TMIN,106
USC00314689,2009-01-07,TMAX,222
USR0000NCRN,2012-08-21,TMAX,261
USC00314689,2009-01-07,TMIN,106
USC00314689,2006-09-09,TMIN,144
USC00316096,2015-08-27,TMIN,206
USC00316096,2015-08-27,TMAX,267
USC00317170,2010-10-13,TMAX,300
USC00314144,2005-05-16,TMIN,172
USC00314144,2007-05-02,TMAX,289
USC00314144,2007-05-02,TMIN,228
USC00314144,2005-05-16,TMAX,256
USC00315830,2009-03-03,TMAX,11
USC00314684,2009-07-29,TMIN,217
USC00314684,2009-07-29,TMAX,328
USC00317170,2012-09-28,TMIN,144
USR0000NHOF,2007-03-05,TMAX,167
USW00093765,2010-02-12,TMAX,61
USC00310356,2011-10-23,TMIN,133
USC00316676,2007-06-06,TMAX,322
USC00316676,2007-06-06,TMIN,189
USC00315830,2006-03-23,TMAX,117
USW00093765,2010-02-12,TMIN,6
USC00315830,2006-03-23,TMIN,-6
USC00314684,2006-06-17,TMIN,150
USC00314684,2006-06-17,TMAX,294
USC00316096,2012-03-01,TMIN,161
USC00310356,2011-10-23,TMAX,222
USC00317170,2012-09-28,TMAX,294
USR0000NCRN,2011-12-26,TMIN,6
USW00093743,2014-10-23,TMAX,206
USW00013754,2014-06-20,TMAX,328
USC00316096,2014-08-26,TMAX,283
USC00314689,2015-09-20,TMIN,167
USC00315830,2013-09-12,TMAX,300
USW00013754,2009-08-15,TMIN,211
USC00314689,2015-09-20,TMAX,311
USC00316676,2009-03-05,TMAX,94
USC00316676,2013-10-25,TMAX,167
USC00316676,2010-08-17,TMAX,322
USC00316676,2010-08-17,TMIN,206
USR0000NCRN,2015-05-06,TMIN,111
USC00316676,2011-07-19,TMAX,322
USC00316096,2014-07-23,TMAX,294
USW00093765,2012-09-28,TMIN,161
USC00316676,2011-07-19,TMIN,183
USC00316096,2014-07-23,TMIN,222
USC00314689,2006-08-13,TMIN,156
USC00316096,2014-08-26,TMIN,189
USC00316676,2011-05-25,TMIN,189
USW00093765,2012-09-28,TMAX,272
USC00315830,2014-03-19,TMAX,161
USC00310356,2012-02-03,TMIN,72
USC00314689,2014-08-28,TMIN,172
USR0000NHOF,2009-05-07,TMIN,189
USR0000NCRN,2015-05-06,TMAX,233
USR0000NHOF,2006-10-27,TMAX,200
USW00093719,2011-10-06,TMAX,256
USC00316676,2011-08-11,TMIN,211
USC00316096,2010-07-23,TMAX,317
USC00316676,2014-11-05,TMAX,206
USC00316096,2010-07-23,TMIN,233
USW00093719,2010-12-02,TMIN,-6
USC00316676,2014-11-05,TMIN,50
USR0000NNWB,2011-06-08,TMAX,356
USW00093719,2005-06-15,TMAX,350
USW00093743,2009-11-08,TMIN,67
USC00315830,2013-09-12,TMIN,178
USR0000NNWB,2009-04-15,TMIN,89
USR0000NHOF,2009-01-07,TMAX,206
USW00093743,2009-11-08,TMAX,217
USW00013754,2014-06-20,TMIN,211
USR0000NHOF,2009-01-07,TMIN,94
USC00316676,2013-05-18,TMIN,183
USC00310356,2012-02-03,TMAX,211
USR0000NCRN,2012-12-16,TMIN,128
USC00316676,2013-05-18,TMAX,306
USR0000NHOF,2009-05-07,TMAX,261
USC00316676,2013-10-25,TMIN,56
USC00314684,2015-03-22,TMIN,56
USC00314689,2014-08-28,TMAX,328
USC00310356,2007-09-17,TMIN,156
USC00316676,2011-05-25,TMAX,356
USW00093743,2012-02-03,TMAX,139
USW00093743,2014-01-29,TMAX,-32
USC00310576,2007-02-12,TMAX,111
USC00314684,2013-01-24,TMAX,44
USW00093743,2009-08-29,TMAX,306
USC00310576,2007-02-12,TMIN,-11
USR0000NNWB,2008-12-19,TMAX,228
USC00310576,2015-11-08,TMIN,133
USW00093719,2013-03-14,TMIN,17
USW00093719,2015-10-31,TMIN,89
USW00093719,2013-03-14,TMAX,117
USC00317170,2008-09-04,TMAX,328
USC00316676,2008-03-04,TMAX,228
USC00310576,2007-02-06,TMIN,-28
USC00310576,2007-02-06,TMAX,72
USC00310356,2009-12-29,TMAX,111
USC00317170,2008-09-04,TMIN,178
USR0000NNWB,2005-02-15,TMIN,67
USC00310356,2009-12-29,TMIN,11
USW00093719,2005-06-15,TMIN,239
USW00093743,2014-01-29,TMIN,-71
USW00013754,2009-08-15,TMAX,300
USC00310576,2012-11-23,TMIN,39
USC00310356,2015-08-18,TMAX,294
USW00013754,2008-10-03,TMAX,233
USC00310356,2015-08-18,TMIN,233
USC00310356,2006-10-27,TMIN,17
USC00310356,2006-10-27,TMAX,194
USW00013754,2008-10-03,TMIN,83
USC00314684,2015-03-22,TMAX,178
USC00310356,2009-08-29,TMAX,322
USC00310356,2009-08-29,TMIN,233
USR0000NCRN,2005-06-10,TMAX,289
USW00093743,2011-03-20,TMIN,83
USC00310576,2015-12-06,TMAX,167
USR0000NHOF,2007-09-29,TMIN,89
USC00310576,2012-11-02,TMIN,28
USC00310576,2015-12-06,TMIN,50
USC00315830,2009-04-01,TMAX,206
USC00310576,2012-11-23,TMAX,161
USC00310576,2012-11-02,TMAX,167
USC00315830,2009-04-01,TMIN,56
USW00093719,2015-10-31,TMAX,206
USC00315830,2014-03-19,TMIN,61
USC00314684,2013-01-24,TMIN,-72
USR0000NCRN,2005-06-10,TMIN,194
USC00315830,2014-04-04,TMIN,144
USC00315830,2008-10-21,TMIN,17
USR0000NNWB,2009-04-15,TMAX,178
USC00315830,2006-07-28,TMAX,311
USW00093719,2010-01-30,TMAX,17
USW00093719,2010-01-30,TMIN,-33
USC00310576,2012-09-26,TMIN,83
USW00013754,2008-01-10,TMAX,228
USC00314689,2009-05-08,TMAX,283
USC00315830,2006-07-28,TMIN,272
USW00093719,2010-05-01,TMAX,306
USR0000NHOF,2011-11-14,TMAX,239
USR0000NCRN,2008-02-20,TMIN,11
USR0000NCRN,2008-02-20,TMAX,144
USC00317170,2013-10-26,TMIN,6
USR0000NHOF,2011-11-14,TMIN,100
USR0000NCRN,2011-01-23,TMIN,-128
USC00316676,2007-11-17,TMAX,117
USW00093765,2015-03-01,TMAX,183
USW00093719,2010-05-01,TMIN,172
USC00310356,2008-01-28,TMAX,94
USC00310356,2008-01-28,TMIN,0
USR0000NNWB,2010-04-08,TMAX,289
USR0000NCRN,2011-01-23,TMAX,67
USC00310576,2013-03-12,TMIN,39
USW00013754,2008-01-10,TMIN,111
USC00314689,2008-09-06,TMIN,228
USC00317170,2011-03-14,TMAX,156
USR0000NCRN,2011-12-26,TMAX,128
USC00316676,2007-11-17,TMIN,-22
USC00315830,2008-11-07,TMIN,122
USW00093765,2013-08-28,TMAX,289
USC00315830,2010-03-31,TMAX,233
USC00310356,2014-10-23,TMIN,94
USR0000NCRN,2005-05-27,TMIN,139
USC00310356,2014-10-23,TMAX,178
USC00317170,2011-03-14,TMIN,89
USC00316676,2012-02-03,TMIN,39
USC00317170,2008-05-21,TMAX,317
USC00315830,2010-03-31,TMIN,89
USC00316676,2012-02-03,TMAX,217
USC00317170,2008-05-21,TMIN,150
USR0000NNWB,2012-08-06,TMAX,322
USW00093719,2015-03-25,TMAX,233
USW00093765,2013-08-28,TMIN,244
USW00093719,2015-03-25,TMIN,72
USC00316676,2012-01-12,TMAX,167
USC00310576,2013-03-12,TMAX,211
USC00314689,2008-09-06,TMAX,294
USC00310576,2012-09-26,TMAX,244
USW00093743,2009-01-07,TMAX,194
USW00093743,2009-01-07,TMIN,100
USW00093765,2015-03-01,TMIN,11
USC00317170,2015-11-16,TMIN,28
USR0000NNWB,2014-04-06,TMIN,100
USW00093765,2005-10-24,TMIN,117
USR0000NCRN,2011-09-25,TMAX,233
USC00316676,2011-08-11,TMAX,350
USC00316676,2009-08-01,TMAX,328
USC00316676,2009-08-01,TMIN,222
USC00314689,2013-06-12,TMAX,322
USC00314689,2013-06-12,TMIN,194
USC00310576,2012-08-17,TMAX,311
USR0000NNWB,2014-04-06,TMAX,150
USW00093765,2010-02-14,TMIN,-10
USW00093743,2008-01-28,TMAX,228
USC00315830,2008-10-21,TMAX,211
USW00093765,2010-02-14,TMAX,72
USW00093743,2008-01-28,TMIN,-10
USR0000NCRN,2011-09-25,TMIN,200
USR0000NHOF,2014-01-29,TMIN,-78
USC00310576,2012-08-17,TMIN,206
USR0000NHOF,2014-01-29,TMAX,-11
USR0000NHOF,2006-10-27,TMIN,11
USW00093765,2005-10-24,TMAX,200
USC00316676,2009-03-05,TMIN,-50
USC00315830,2014-03-22,TMAX,206
USW00093743,2011-03-20,TMAX,167
USW00093719,2006-04-18,TMAX,211
USC00317170,2013-10-26,TMAX,172
USC00316676,2005-10-24,TMIN,94
USC00314689,2007-12-30,TMAX,222
USW00093719,2006-04-18,TMIN,83
USC00316676,2005-10-24,TMAX,172
USC00316096,2013-06-12,TMAX,311
USC00316096,2013-06-12,TMIN,189
USR0000NHOF,2009-05-03,TMAX,278
USC00314689,2007-12-30,TMIN,161
USR0000NCRN,2012-12-16,TMAX,172
USC00315830,2014-03-22,TMIN,78
USR0000NCRN,2011-03-06,TMAX,189
USC00310356,2015-09-20,TMIN,222
USW00013754,2012-06-24,TMAX,300
USC00316676,2009-08-12,TMIN,222
USC00314689,2008-07-29,TMAX,339
USR0000NHOF,2009-05-03,TMIN,194
USC00314689,2008-07-29,TMIN,233
USR0000NNWB,2011-06-08,TMIN,222
USW00013754,2012-06-24,TMIN,189
USC00316676,2009-08-12,TMAX,339
USC00310356,2015-09-20,TMAX,306
USC00314144,2006-11-17,TMIN,61
USC00315830,2014-04-04,TMAX,206
USC00310356,2014-08-19,TMIN,206
USW00093765,2008-02-09,TMAX,183
USW00093743,2012-02-20,TMIN,6
USW00093765,2006-06-01,TMAX,267
USC00310576,2015-06-21,TMAX,317
USC00314689,2009-09-06,TMAX,294
USR0000NNWB,2010-03-13,TMAX,211
USC00316676,2015-04-11,TMAX,283
USR0000NCRN,2009-11-15,TMAX,217
USC00310576,2015-06-21,TMIN,228
USW00093765,2010-10-27,TMIN,233
USR0000NNWB,2010-03-13,TMIN,122
USW00093719,2015-03-15,TMIN,94
USC00310356,2006-08-24,TMIN,200
USW00093765,2010-10-27,TMAX,267
USC00317170,2011-10-19,TMIN,200
USR0000NNWB,2012-05-30,TMIN,183
USC00310576,2006-09-16,TMAX,244
USW00093743,2012-02-20,TMAX,117
USC00314684,2011-08-10,TMAX,372
USC00316676,2007-04-26,TMAX,311
USC00310356,2006-08-24,TMAX,267
USW00093765,2015-10-07,TMAX,244
USC00315830,2005-06-23,TMAX,300
USW00093743,2009-05-03,TMIN,206
USW00093743,2009-05-03,TMAX,256
USC00314689,2008-08-19,TMAX,322
USR0000NHOF,2010-12-03,TMIN,-50
USC00310356,2011-03-20,TMAX,217
USW00093765,2010-11-02,TMAX,178
USW00093765,2007-04-15,TMAX,217
USW00093765,2007-04-15,TMIN,83
USC00315830,2009-10-03,TMIN,200
USC00314689,2006-06-17,TMIN,156
USR0000NCRN,2009-11-15,TMIN,167
USC00314689,2006-06-17,TMAX,294
USW00093765,2010-11-02,TMIN,106
USW00093765,2015-10-07,TMIN,139
USC00310576,2011-08-21,TMIN,200
USC00314684,2009-08-19,TMAX,328
USC00314684,2010-07-23,TMAX,328
USC00310576,2011-08-21,TMAX,311
USC00314684,2010-07-23,TMIN,228
USC00314689,2008-08-19,TMIN,189
USC00314684,2009-08-19,TMIN,217
USW00093765,2006-06-01,TMIN,189
USW00093765,2008-02-09,TMIN,67
USC00316676,2015-04-11,TMIN,172
USR0000NHOF,2010-12-03,TMAX,89
USC00315830,2011-09-07,TMIN,283
USC00315830,2008-01-25,TMIN,-17
USW00093743,2013-03-12,TMAX,172
USC00314684,2012-04-07,TMIN,6
USC00315830,2011-09-07,TMAX,289
USR0000NNWB,2015-03-25,TMAX,244
USW00093719,2013-06-12,TMAX,333
USR0000NNWB,2015-03-25,TMIN,72
USW00093719,2013-06-12,TMIN,211
USC00314689,2011-11-15,TMIN,161
USC00314689,2011-11-15,TMAX,256
USW00093743,2013-03-12,TMIN,139
USC00316676,2008-03-11,TMIN,-11
USW00093765,2009-11-14,TMIN,128
USR0000NCRN,2013-12-03,TMIN,11
USC00316676,2008-03-11,TMAX,183
USW00093765,2013-03-14,TMIN,28
USR0000NNWB,2009-12-09,TMAX,233
USW00093765,2013-03-14,TMAX,117
USC00316676,2009-04-28,TMAX,317
USR0000NHOF,2013-03-12,TMAX,194
USR0000NHOF,2013-03-12,TMIN,117
USC00316676,2009-04-28,TMIN,128
USW00093765,2009-11-14,TMAX,156
USC00310356,2011-03-20,TMIN,106
USC00314684,2012-04-07,TMAX,161
USW00093765,2006-02-05,TMIN,56
USW00093765,2009-07-05,TMAX,294
USC00314689,2009-10-04,TMIN,122
USW00093765,2009-07-05,TMIN,256
USC00315830,2008-01-25,TMAX,117
USC00316676,2007-04-26,TMIN,167
USC00314684,2015-09-09,TMAX,317
USC00314684,2015-09-09,TMIN,211
USC00314689,2009-10-04,TMAX,283
USC00314689,2010-04-26,TMIN,194
USR0000NCRN,2013-05-19,TMIN,178
USW00093719,2006-12-24,TMIN,78
USC00315830,2005-06-23,TMIN,206
USR0000NCRN,2013-12-03,TMAX,161
USC00310356,2006-04-20,TMIN,133
USC00310356,2006-04-20,TMAX,206
USC00314689,2010-04-26,TMAX,278
USW00013754,2011-01-04,TMIN,-49
USW00013754,2011-01-04,TMAX,133
USC00310356,2013-03-12,TMAX,183
USW00013754,2010-01-30,TMAX,28
USC00310356,2013-03-12,TMIN,106
USW00013754,2010-01-30,TMIN,-16
USR0000NCRN,2013-05-19,TMAX,261
USR0000NCRN,2014-01-03,TMIN,-39
USW00093765,2006-03-12,TMIN,150
USC00310576,2012-12-22,TMIN,39
USC00314689,2009-03-27,TMIN,144
USR0000NCRN,2009-02-24,TMIN,-44
USC00314144,2009-06-20,TMIN,222
USC00314144,2009-06-20,TMAX,339
USC00314689,2009-03-27,TMAX,200
USW00093765,2006-03-12,TMAX,222
USR0000NHOF,2012-11-07,TMAX,100
USW00013754,2014-03-22,TMIN,56
USC00315830,2015-12-28,TMIN,178
USR0000NNWB,2015-04-16,TMIN,117
USR0000NNWB,2015-04-16,TMAX,211
USW00013754,2014-03-22,TMAX,250
USC00315830,2015-02-08,TMIN,0
USR0000NHOF,2006-04-20,TMIN,39
USC00315830,2015-12-28,TMAX,244
USW00093765,2007-07-14,TMIN,217
USR0000NHOF,2006-04-20,TMAX,283
USW00013754,2009-04-15,TMAX,172
USC00310576,2008-08-10,TMAX,283
USW00013754,2009-04-15,TMIN,94
USC00314689,2011-03-08,TMIN,6
USW00093743,2009-06-11,TMIN,222
USC00310576,2008-08-10,TMIN,178
USW00093719,2013-08-28,TMIN,217
USC00315830,2013-03-03,TMIN,0
USC00314684,2008-10-03,TMIN,72
USC00314684,2008-10-03,TMAX,222
USC00314684,2012-07-21,TMAX,339
USC00314144,2009-12-29,TMIN,-56
USC00310356,2012-07-01,TMAX,344
USC00314144,2008-02-17,TMIN,39
USC00314144,2008-02-17,TMAX,217
USC00314684,2012-09-28,TMIN,133
USC00314689,2009-06-06,TMAX,294
USW00093719,2007-08-06,TMIN,250
USW00093719,2009-06-07,TMAX,278
USC00314684,2012-09-28,TMAX,289
USW00093719,2009-06-07,TMIN,189
USW00093719,2013-08-31,TMIN,200
USW00093719,2013-08-31,TMAX,328
USR0000NCRN,2009-02-24,TMAX,72
USW00013754,2013-06-12,TMAX,322
USW00013754,2013-06-12,TMIN,206
USR0000NNWB,2006-11-28,TMIN,78
USW00093743,2009-06-11,TMAX,283
USW00093719,2013-08-28,TMAX,317
USC00315830,2013-03-03,TMAX,117
USC00314689,2007-11-06,TMAX,194
USR0000NCRN,2006-06-15,TMAX,306
USR0000NCRN,2006-06-15,TMIN,172
USC00314684,2012-12-23,TMIN,-44
USR0000NCRN,2006-12-06,TMAX,189
USR0000NHOF,2012-11-07,TMIN,28
USC00315830,2011-02-18,TMAX,183
USW00093765,2008-01-21,TMAX,50
USC00317170,2011-10-19,TMAX,256
USC00314689,2009-09-06,TMIN,178
USR0000NHOF,2005-11-09,TMIN,83
USC00316096,2015-03-16,TMIN,22
USR0000NHOF,2005-11-09,TMAX,256
USC00315830,2011-02-18,TMIN,61
USC00314684,2012-12-23,TMAX,89
USC00317170,2008-03-24,TMIN,44
USC00314689,2014-11-30,TMIN,11
USC00314689,2014-11-30,TMAX,194
USW00093719,2010-02-12,TMAX,50
USW00093719,2010-02-12,TMIN,-22
USC00317170,2008-03-24,TMAX,150
USC00315830,2009-10-25,TMAX,267
USC00310576,2012-12-22,TMAX,111
USC00315830,2009-10-25,TMIN,178
USC00314689,2007-11-06,TMIN,100
USC00317170,2014-08-26,TMIN,167
USC00315830,2013-12-12,TMAX,100
USC00315830,2015-02-08,TMAX,111
USC00315830,2008-05-15,TMIN,189
USC00315830,2008-05-15,TMAX,239
USC00310356,2008-02-09,TMAX,133
USW00093719,2006-05-29,TMAX,289
USC00310356,2008-02-09,TMIN,72
USR0000NNWB,2006-11-28,TMAX,228
USC00310576,2015-03-10,TMAX,189
USC00317170,2014-08-26,TMAX,289
USW00093765,2008-01-21,TMIN,-38
USC00316676,2015-11-17,TMIN,33
USW00093719,2006-12-24,TMAX,167
USC00310576,2015-03-10,TMIN,78
USC00315830,2009-10-03,TMAX,272
USR0000NNWB,2013-06-12,TMAX,333
USR0000NNWB,2013-06-12,TMIN,206
USC00315830,2013-12-12,TMIN,-11
USW00093719,2007-08-06,TMAX,322
USR0000NCRN,2006-12-06,TMIN,-17
USC00316676,2015-11-17,TMAX,194
USC00314684,2006-10-25,TMAX,128
USW00093765,2006-02-05,TMAX,111
USC00314684,2006-10-25,TMIN,0
USW00093719,2006-05-29,TMIN,183
USW00093743,2009-08-29,TMIN,228
USR0000NHOF,2009-11-08,TMIN,11
USW00093743,2008-02-09,TMIN,56
USC00314684,2006-04-12,TMIN,61
USC00316096,2012-05-29,TMIN,228
USC00314684,2006-04-12,TMAX,233
USW00013754,2009-01-17,TMAX,17
USR0000NHOF,2007-03-05,TMIN,-72
USW00093765,2014-06-14,TMIN,211
USW00093765,2005-03-18,TMAX,122
USC00316676,2010-02-01,TMIN,-56
USC00314689,2012-03-28,TMIN,50
USC00314689,2012-03-28,TMAX,244
USW00093765,2005-03-18,TMIN,28
USC00316676,2010-02-01,TMAX,33
USR0000NHOF,2006-06-15,TMAX,283
USR0000NHOF,2006-06-15,TMIN,139
USC00315830,2009-02-26,TMIN,-17
USW00093765,2014-06-14,TMAX,300
USC00310356,2009-01-28,TMIN,39
USC00315830,2015-06-23,TMIN,272
USR0000NCRN,2014-05-11,TMAX,261
USR0000NCRN,2009-10-22,TMAX,256
USR0000NCRN,2009-10-22,TMIN,178
USC00316096,2012-04-07,TMIN,6
USC00315830,2009-02-26,TMAX,167
USC00316096,2012-04-07,TMAX,183
USC00317170,2009-07-05,TMIN,200
USC00310576,2014-10-23,TMAX,178
USW00093765,2013-06-12,TMAX,300
USC00316676,2008-04-06,TMIN,172
USW00093765,2013-06-12,TMIN,206
USC00316096,2014-11-30,TMIN,6
USC00316096,2014-11-30,TMAX,183
USR0000NHOF,2011-10-02,TMIN,33
USC00316676,2014-05-06,TMIN,156
USW00013754,2011-02-09,TMAX,72
USR0000NCRN,2015-08-27,TMIN,206
USC00314684,2005-05-27,TMIN,133
USC00310356,2006-06-15,TMAX,278
USC00310356,2006-06-15,TMIN,167
USC00314684,2005-05-27,TMAX,272
USR0000NNWB,2010-01-30,TMAX,17
USR0000NNWB,2010-01-30,TMIN,-33
USC00316676,2014-05-06,TMAX,239
USC00315830,2013-01-31,TMAX,211
USC00315830,2013-01-31,TMIN,111
USW00093743,2011-01-08,TMAX,89
USC00317170,2009-07-05,TMAX,311
USC00316096,2012-05-29,TMAX,278
USR0000NCRN,2014-05-11,TMIN,211
USC00316096,2012-08-05,TMAX,306
USC00316096,2012-08-05,TMIN,250
USC00316676,2005-04-02,TMAX,283
USC00316676,2005-04-02,TMIN,178
USR0000NCRN,2008-06-10,TMAX,322
USC00310576,2006-09-10,TMAX,278
USR0000NCRN,2008-06-10,TMIN,239
USR0000NNWB,2015-11-10,TMIN,144
USC00316096,2009-08-18,TMAX,306
USR0000NCRN,2009-12-29,TMAX,78
USC00315830,2012-11-24,TMIN,72
USR0000NNWB,2015-11-10,TMAX,244
USC00310576,2011-04-18,TMAX,222
USR0000NCRN,2009-12-29,TMIN,61
USC00310356,2005-07-30,TMIN,211
USC00315830,2012-11-24,TMAX,150
USW00093743,2011-01-08,TMIN,-27
USC00310356,2005-07-30,TMAX,306
USC00310576,2011-04-18,TMIN,72
USC00314144,2006-11-17,TMAX,189
USC00310576,2015-09-10,TMIN,222
USC00316676,2005-08-24,TMIN,217
USC00316676,2005-08-24,TMAX,278
USC00315830,2010-08-13,TMAX,322
USC00315830,2010-08-13,TMIN,250
USC00310576,2011-08-12,TMIN,206
USR0000NNWB,2005-04-26,TMIN,111
USC00315830,2015-06-23,TMAX,322
USC00316676,2006-02-24,TMAX,128
USC00314689,2008-04-27,TMAX,283
USW00013754,2014-11-07,TMIN,89
USW00013754,2014-11-07,TMAX,183
USC00310576,2006-09-10,TMIN,178
USC00317170,2013-06-12,TMAX,333
USC00314689,2008-04-27,TMIN,172
USC00317170,2013-06-12,TMIN,194
USC00316676,2006-08-14,TMIN,167
USC00310576,2014-10-23,TMIN,94
USC00316676,2006-08-14,TMAX,283
USC00314689,2009-05-08,TMIN,172
USC00310576,2011-06-02,TMAX,328
USC00314689,2012-04-07,TMAX,172
USW00093719,2005-07-03,TMAX,294
USC00314689,2012-04-07,TMIN,28
USW00013754,2009-01-17,TMIN,-77
USW00093719,2005-07-03,TMIN,217
USR0000NNWB,2011-02-02,TMAX,239
USC00316096,2009-08-18,TMIN,206
USW00093765,2015-12-24,TMIN,211
USC00316676,2006-02-24,TMIN,-6
USW00093743,2008-02-09,TMAX,289
USC00316676,2008-04-06,TMAX,222
USR0000NHOF,2011-10-02,TMAX,172
USR0000NNWB,2005-12-29,TMIN,67
USC00310576,2006-09-16,TMIN,150
USR0000NNWB,2005-12-29,TMAX,161
USC00317170,2011-06-23,TMAX,367
USR0000NHOF,2007-10-18,TMAX,289
USC00314144,2011-05-24,TMAX,356
USC00316676,2015-04-30,TMIN,100
USR0000NCRN,2014-01-03,TMAX,100
USC00310356,2005-11-09,TMIN,156
USW00093719,2011-12-16,TMAX,233
USC00315830,2007-08-16,TMAX,306
USC00316096,2013-01-24,TMIN,-39
USR0000NCRN,2007-04-16,TMIN,61
USW00013754,2013-08-31,TMIN,200
USC00310356,2005-11-09,TMAX,222
USW00013754,2013-08-31,TMAX,311
USC00316096,2013-01-24,TMAX,89
USW00013754,2015-04-16,TMIN,122
USR0000NCRN,2007-04-16,TMAX,167
USR0000NNWB,2009-03-03,TMIN,-67
USC00310356,2012-02-22,TMIN,72
USW00093743,2012-09-14,TMIN,200
USC00314144,2010-03-19,TMAX,228
USW00013754,2005-04-26,TMIN,117
USC00314144,2011-05-24,TMIN,228
USW00093765,2008-07-09,TMIN,239
USC00316676,2013-10-17,TMIN,144
USC00310356,2012-09-14,TMAX,300
USC00310356,2012-09-14,TMIN,200
USC00315830,2007-08-16,TMIN,256
USR0000NNWB,2012-05-30,TMAX,244
USC00317170,2008-03-14,TMAX,239
USC00316676,2015-04-30,TMAX,206
USR0000NHOF,2009-11-08,TMAX,228
USW00093719,2015-04-11,TMAX,222
USW00093765,2008-07-09,TMAX,289
USW00093719,2015-04-11,TMIN,111
USC00317170,2008-03-14,TMIN,117
USC00314684,2015-10-24,TMIN,83
USC00314144,2010-03-19,TMIN,94
USC00316676,2013-10-17,TMAX,228
USR0000NHOF,2007-10-18,TMIN,161
USC00315830,2013-10-15,TMAX,233
USC00315830,2013-10-15,TMIN,194
USW00093743,2012-09-14,TMAX,278
USC00314684,2015-10-24,TMAX,278
USW00013754,2005-04-26,TMAX,206
USR0000NNWB,2011-05-04,TMIN,83
USC00310356,2012-02-22,TMAX,194
USC00316676,2008-01-04,TMAX,39
USC00316676,2012-09-15,TMIN,167
USW00013754,2015-04-16,TMAX,211
USC00316676,2012-09-15,TMAX,278
USW00093765,2008-06-22,TMIN,211
USW00093765,2008-06-22,TMAX,278
USW00093719,2014-04-06,TMIN,106
USC00316676,2008-01-04,TMIN,-83
USC00314144,2008-11-26,TMAX,133
USC00314144,2008-11-26,TMIN,-11
USC00316676,2012-06-19,TMIN,139
USR0000NCRN,2010-09-06,TMIN,167
USC00316676,2012-06-19,TMAX,283
USW00093765,2009-12-04,TMAX,167
USW00093765,2009-12-04,TMIN,78
USW00093719,2014-04-06,TMAX,161
USC00314684,2007-06-04,TMAX,272
USC00314689,2009-05-22,TMIN,150
USR0000NNWB,2008-03-30,TMIN,56
USC00314689,2009-05-22,TMAX,278
USR0000NCRN,2015-08-27,TMAX,267
USR0000NNWB,2008-03-30,TMAX,94
USC00314684,2015-09-04,TMIN,194
USR0000NNWB,2014-11-07,TMAX,183
USR0000NCRN,2005-03-06,TMAX,122
USR0000NHOF,2012-09-14,TMIN,172
USC00314144,2007-12-04,TMAX,89
USC00316096,2011-11-15,TMIN,139
USC00316676,2015-06-07,TMAX,278
USR0000NCRN,2013-06-18,TMIN,228
USR0000NCRN,2013-06-18,TMAX,278
USC00316676,2015-06-07,TMIN,183
USC00316096,2011-11-15,TMAX,233
USC00314144,2007-12-04,TMIN,-17
USC00317170,2010-03-14,TMIN,56
USR0000NNWB,2011-05-04,TMAX,228
USR0000NCRN,2010-09-06,TMAX,300
USR0000NNWB,2014-11-07,TMIN,50
USC00317170,2011-06-23,TMIN,211
USR0000NCRN,2013-01-24,TMIN,-33
USC00317170,2010-03-14,TMAX,178
USC00314684,2007-06-04,TMIN,183
USR0000NNWB,2009-03-03,TMAX,17
USC00316096,2015-03-16,TMAX,178
USC00314689,2015-08-27,TMIN,206
USC00314689,2015-08-27,TMAX,294
USR0000NCRN,2005-03-06,TMIN,-6
USR0000NHOF,2012-09-14,TMAX,283
USR0000NCRN,2013-01-24,TMAX,89
USR0000NHOF,2005-10-01,TMIN,139
USC00315830,2014-10-19,TMAX,250
USC00314684,2011-06-19,TMIN,206
USC00315830,2012-03-04,TMIN,67
USR0000NCRN,2011-01-16,TMAX,139
USC00315830,2006-06-01,TMAX,272
USR0000NCRN,2013-01-15,TMAX,194
USW00093719,2010-02-14,TMIN,-56
USW00093719,2010-02-14,TMAX,56
USR0000NNWB,2013-05-14,TMAX,222
USW00093765,2010-12-21,TMAX,61
USW00093765,2010-12-21,TMIN,-10
USW00013754,2009-01-21,TMIN,-66
USR0000NNWB,2007-06-11,TMAX,278
USR0000NCRN,2013-01-15,TMIN,117
USR0000NNWB,2007-06-11,TMIN,150
USC00316096,2010-04-26,TMIN,178
USR0000NNWB,2013-01-31,TMAX,217
USC00317170,2010-11-02,TMIN,83
USC00315830,2010-09-09,TMAX,306
USR0000NNWB,2013-05-14,TMIN,67
USC00315830,2010-09-09,TMIN,211
USR0000NNWB,2013-01-31,TMIN,28
USC00310576,2008-01-19,TMIN,44
USC00314684,2010-09-20,TMAX,300
USW00093765,2005-01-15,TMIN,50
USC00314684,2010-09-20,TMIN,122
USC00317170,2010-11-02,TMAX,178
USC00310576,2005-09-03,TMAX,317
USC00316676,2014-01-07,TMAX,194
USC00314684,2008-09-20,TMIN,139
USC00314684,2008-09-20,TMAX,250
USC00314684,2006-09-22,TMAX,239
USC00314684,2006-09-22,TMIN,106
USC00314684,2009-05-22,TMIN,139
USC00310576,2015-08-30,TMIN,167
USC00314684,2009-05-22,TMAX,256
USC00316676,2009-11-17,TMAX,233
USC00316676,2009-11-17,TMIN,67
USC00310576,2008-03-30,TMAX,128
USW00013754,2009-01-21,TMAX,17
USC00310576,2008-03-30,TMIN,72
USC00315830,2013-11-06,TMAX,222
USC00316096,2011-03-31,TMIN,72
USW00013754,2010-07-11,TMAX,322
USW00013754,2010-07-11,TMIN,211
USW00093765,2009-02-18,TMIN,6
USC00315830,2014-05-29,TMAX,278
USC00310356,2008-07-06,TMAX,267
USC00315830,2006-06-01,TMIN,194
USW00013754,2013-03-14,TMAX,117
USC00315830,2014-05-29,TMIN,217
USW00013754,2014-04-04,TMIN,150
USW00093719,2011-02-13,TMIN,-28
USC00314144,2005-07-26,TMAX,383
USC00315830,2012-03-04,TMAX,167
USC00310356,2008-01-15,TMAX,122
USW00093719,2009-11-18,TMAX,189
USW00013754,2012-02-16,TMIN,39
USW00013754,2012-02-16,TMAX,172
USC00310576,2010-10-27,TMAX,278
USR0000NNWB,2006-02-13,TMAX,72
USC00310576,2010-10-27,TMIN,211
USC00314684,2014-08-28,TMIN,150
USC00314684,2014-08-28,TMAX,300
USR0000NCRN,2015-02-07,TMAX,128
USW00093719,2008-06-22,TMIN,183
USR0000NHOF,2008-12-27,TMIN,89
USR0000NCRN,2015-02-07,TMIN,-44
USR0000NHOF,2008-12-27,TMAX,233
USW00093719,2008-06-22,TMAX,300
USW00093719,2014-06-14,TMIN,200
USC00317170,2010-01-30,TMAX,39
USR0000NHOF,2010-08-28,TMIN,167
USW00093719,2011-02-13,TMAX,161
USW00013754,2014-04-04,TMAX,289
USC00310356,2008-01-15,TMIN,0
USC00316676,2011-04-18,TMIN,78
USC00310356,2008-07-06,TMIN,217
USW00093743,2010-06-29,TMAX,311
USW00093743,2010-06-29,TMIN,244
USR0000NHOF,2009-06-11,TMAX,294
USW00093765,2005-01-15,TMAX,83
USC00316096,2010-04-26,TMAX,228
USC00316096,2011-06-23,TMAX,311
USC00310576,2008-01-19,TMAX,111
USC00316096,2011-06-23,TMIN,211
USC00315830,2009-11-03,TMIN,122
USC00315830,2009-11-03,TMAX,194
USW00093765,2011-11-15,TMIN,161
USW00093765,2011-11-15,TMAX,222
USC00314144,2005-07-26,TMIN,228
USC00316096,2010-02-01,TMIN,-61
USC00316096,2010-02-01,TMAX,94
USW00013754,2007-10-19,TMAX,300
USW00013754,2007-10-19,TMIN,222
USW00093719,2009-11-18,TMIN,133
USC00310576,2015-02-26,TMAX,61
USC00310576,2015-02-26,TMIN,-11
USC00316676,2011-04-18,TMAX,228
USC00310356,2007-07-16,TMIN,250
USC00317170,2012-01-16,TMAX,111
USC00317170,2012-01-16,TMIN,-44
USW00013754,2009-12-08,TMAX,183
USW00013754,2012-06-18,TMAX,294
USC00316676,2009-06-29,TMIN,206
USW00013754,2007-09-16,TMAX,250
USW00013754,2007-09-16,TMIN,167
USW00093765,2005-10-06,TMAX,272
USR0000NHOF,2012-08-21,TMIN,206
USW00013754,2012-06-18,TMIN,128
USC00310576,2007-04-01,TMAX,239
USW00093765,2006-06-17,TMIN,150
USW00013754,2015-01-01,TMIN,-27
USW00093765,2006-06-17,TMAX,278
USC00316676,2009-06-29,TMAX,306
USC00310576,2015-08-30,TMAX,294
USC00316676,2007-01-05,TMAX,222
USC00316676,2007-01-05,TMIN,67
USC00314689,2011-06-24,TMIN,228
USW00013754,2013-05-14,TMAX,217
USW00013754,2013-05-14,TMIN,61
USR0000NNWB,2011-08-10,TMAX,372
USW00093765,2005-10-06,TMIN,217
USR0000NHOF,2012-08-21,TMAX,278
USW00013754,2015-10-07,TMIN,144
USC00316096,2013-11-09,TMIN,0
USR0000NCRN,2014-08-19,TMAX,306
USC00314684,2014-05-05,TMAX,283
USR0000NHOF,2008-08-15,TMAX,294
USC00314689,2015-09-09,TMAX,317
USC00310576,2015-08-09,TMIN,178
USC00310576,2015-08-09,TMAX,283
USC00310356,2011-12-13,TMAX,144
USW00013754,2012-01-07,TMIN,78
USW00013754,2012-01-07,TMAX,211
USC00314689,2015-09-09,TMIN,222
USW00093765,2006-04-18,TMAX,211
USC00316096,2013-11-09,TMAX,167
USW00093765,2006-04-18,TMIN,94
USC00314689,2005-07-20,TMIN,272
USR0000NCRN,2014-08-19,TMIN,206
USC00310356,2011-12-13,TMIN,78
USC00314684,2013-08-28,TMAX,300
USC00314684,2013-08-28,TMIN,172
USC00315830,2005-05-15,TMIN,200
USW00013754,2005-02-15,TMIN,44
USC00314684,2014-05-05,TMIN,133
USW00013754,2005-02-15,TMAX,200
USW00093719,2007-07-28,TMAX,300
USC00310576,2005-01-03,TMAX,200
USW00013754,2009-12-08,TMIN,78
USC00310576,2005-01-03,TMIN,56
USC00310356,2007-03-16,TMAX,211
USR0000NCRN,2005-11-09,TMAX,256
USC00314689,2010-02-12,TMAX,89
USC00314689,2010-02-01,TMIN,-39
USC00314689,2010-02-12,TMIN,-11
USC00314689,2010-02-01,TMAX,61
USC00310356,2007-07-16,TMAX,278
USR0000NNWB,2010-06-29,TMIN,222
USC00317170,2013-12-25,TMAX,72
USC00314689,2009-07-05,TMAX,311
USC00314689,2009-07-05,TMIN,200
USC00315830,2012-12-22,TMIN,33
USC00314684,2012-02-07,TMIN,22
USC00314684,2012-02-07,TMAX,106
USC00310356,2007-03-16,TMIN,128
USR0000NNWB,2010-06-29,TMAX,350
USW00093765,2009-02-18,TMAX,161
USW00013754,2013-03-14,TMIN,17
USW00093765,2008-10-25,TMAX,239
USC00310576,2005-09-03,TMIN,189
USC00315830,2013-11-06,TMIN,161
USC00315830,2012-12-22,TMAX,100
USC00314689,2006-12-05,TMIN,-22
USR0000NCRN,2005-11-09,TMIN,133
USC00316676,2012-02-19,TMIN,61
USR0000NNWB,2006-10-05,TMAX,306
USC00310576,2007-04-01,TMIN,50
USC00310356,2010-06-29,TMAX,289
USC00314144,2007-08-21,TMIN,217
USC00314689,2011-06-24,TMAX,328
USC00314144,2007-08-21,TMAX,372
USW00093743,2011-02-06,TMIN,33
USR0000NNWB,2006-10-05,TMIN,172
USC00314689,2006-12-05,TMAX,122
USC00317170,2013-12-25,TMIN,-28
USC00317170,2010-01-30,TMIN,11
USR0000NCRN,2007-08-08,TMIN,283
USC00315830,2013-02-02,TMIN,-39
USC00314684,2008-03-14,TMAX,244
USC00314684,2008-03-14,TMIN,22
USW00013754,2015-10-07,TMAX,261
USC00315830,2013-02-02,TMAX,111
USR0000NNWB,2011-08-10,TMIN,244
USW00093743,2011-02-06,TMAX,117
USC00310356,2010-06-29,TMIN,244
USR0000NCRN,2007-08-08,TMAX,339
USC00316676,2012-02-19,TMAX,189
USC00316096,2011-03-31,TMAX,144
USC00316676,2011-02-06,TMIN,56
USR0000NHOF,2009-06-11,TMIN,178
USR0000NCRN,2011-01-16,TMIN,-28
USW00013754,2013-10-15,TMAX,217
USW00093743,2008-07-06,TMIN,178
USW00093719,2013-05-14,TMIN,72
USC00315830,2014-02-04,TMAX,139
USR0000NHOF,2007-03-16,TMAX,183
USW00093765,2013-11-10,TMIN,117
USC00315830,2010-09-03,TMIN,217
USC00315830,2010-09-03,TMAX,328
USW00093743,2008-04-25,TMIN,122
USW00013754,2013-10-15,TMIN,172
USR0000NHOF,2007-03-16,TMIN,44
USC00315830,2014-02-04,TMIN,39
USW00013754,2015-10-12,TMAX,206
USW00013754,2015-10-12,TMIN,156
USR0000NHOF,2015-05-06,TMAX,250
USR0000NHOF,2015-05-06,TMIN,83
USR0000NHOF,2007-07-16,TMAX,306
USR0000NCRN,2015-11-10,TMAX,250
USR0000NCRN,2015-11-10,TMIN,144
USC00310356,2011-08-04,TMAX,317
USR0000NHOF,2007-07-16,TMIN,206
USW00093719,2013-05-14,TMAX,222
USR0000NCRN,2007-10-17,TMIN,178
USW00093743,2008-07-06,TMAX,250
USC00314144,2009-03-04,TMAX,78
USC00314689,2006-05-29,TMIN,178
USR0000NHOF,2010-06-29,TMIN,217
USW00093719,2007-07-10,TMIN,222
USW00093765,2005-04-26,TMAX,194
USW00093719,2007-07-10,TMAX,311
USC00316096,2015-11-23,TMIN,-17
USC00316096,2015-11-23,TMAX,78
USC00316676,2007-03-13,TMAX,200
USC00315830,2011-07-25,TMAX,317
USW00093765,2005-04-26,TMIN,139
USC00317170,2010-10-17,TMIN,72
USC00317170,2009-07-29,TMAX,317
USC00317170,2010-10-17,TMAX,233
USC00316676,2008-10-11,TMAX,233
USC00316676,2008-10-11,TMIN,156
USC00316096,2015-09-20,TMIN,183
USC00317170,2011-03-12,TMAX,200
USC00310576,2013-03-03,TMAX,122
USW00093719,2009-09-12,TMIN,156
USW00093719,2009-09-12,TMAX,294
USC00316676,2007-03-13,TMIN,28
USC00316096,2015-09-20,TMAX,300
USR0000NCRN,2007-10-17,TMAX,283
USR0000NCRN,2013-06-13,TMAX,306
USR0000NCRN,2013-06-13,TMIN,206
USC00314684,2010-02-01,TMIN,-67
USC00314684,2010-02-01,TMAX,72
USC00316676,2014-07-17,TMIN,194
USR0000NNWB,2009-10-03,TMIN,194
USR0000NHOF,2007-02-06,TMIN,-78
USR0000NHOF,2007-02-06,TMAX,39
USR0000NCRN,2007-12-03,TMAX,228
USC00316096,2013-08-28,TMAX,300
USC00310356,2012-12-05,TMIN,122
USC00314144,2010-10-13,TMAX,272
USC00314144,2010-10-13,TMIN,161
USC00316096,2013-08-28,TMIN,222
USW00093765,2013-12-25,TMIN,0
USC00316676,2015-10-31,TMAX,228
USW00093765,2007-09-16,TMIN,161
USW00013754,2012-05-23,TMIN,189
USR0000NCRN,2007-12-03,TMIN,39
USW00013754,2012-05-23,TMAX,283
USC00315830,2008-04-17,TMAX,222
USC00315830,2008-04-17,TMIN,44
USR0000NNWB,2015-04-15,TMAX,206
USC00310356,2012-12-05,TMAX,178
USW00013754,2009-03-03,TMIN,-55
USR0000NNWB,2009-10-03,TMAX,289
USC00317170,2011-03-12,TMIN,28
USW00093765,2013-11-10,TMAX,194
USW00093765,2013-05-18,TMIN,200
USW00093765,2013-05-18,TMAX,261
USC00314144,2009-03-04,TMIN,-117
USW00013754,2010-04-08,TMIN,167
USW00093719,2013-01-31,TMAX,217
USC00314684,2009-06-19,TMAX,306
USW00093719,2011-05-05,TMAX,211
USW00093719,2013-01-31,TMIN,33
USC00314684,2009-06-19,TMIN,211
USR0000NHOF,2010-06-29,TMAX,344
USW00013754,2010-04-08,TMAX,256
USC00310356,2011-02-06,TMIN,78
USC00314689,2008-06-10,TMIN,250
USC00310356,2011-02-06,TMAX,150
USC00314689,2008-06-10,TMAX,378
USC00316676,2014-10-22,TMIN,106
USC00316676,2014-10-22,TMAX,250
USC00314689,2013-11-09,TMAX,156
USC00310576,2015-05-07,TMIN,89
USC00310576,2015-05-07,TMAX,233
USC00314689,2013-11-09,TMIN,-6
USC00316676,2015-10-31,TMIN,100
USR0000NHOF,2008-08-15,TMIN,139
USC00310576,2013-03-03,TMIN,17
USC00314689,2006-05-29,TMAX,306
USC00310576,2011-10-09,TMAX,244
USR0000NHOF,2015-06-10,TMAX,300
USC00314144,2006-04-20,TMIN,78
USC00310576,2011-10-09,TMIN,100
USC00314144,2006-04-20,TMAX,294
USR0000NNWB,2009-12-08,TMIN,67
USW00093743,2008-08-15,TMIN,117
USC00314689,2006-08-25,TMAX,322
USC00314144,2005-11-12,TMIN,-17
USC00314144,2005-11-12,TMAX,194
USW00093719,2012-09-28,TMIN,144
USW00093743,2008-08-15,TMAX,206
USC00310576,2011-05-04,TMAX,278
USR0000NNWB,2012-12-03,TMAX,250
USR0000NHOF,2007-06-01,TMIN,78
USW00093765,2015-08-30,TMIN,206
USC00315830,2012-03-14,TMAX,233
USC00310356,2011-12-31,TMIN,111
USW00093765,2013-10-26,TMIN,33
USC00310576,2015-12-28,TMIN,167
USR0000NHOF,2007-06-01,TMAX,267
USC00314684,2009-04-24,TMAX,261
USC00314684,2013-12-04,TMIN,0
USC00316676,2015-12-26,TMIN,178
USR0000NCRN,2007-08-28,TMIN,211
USC00316676,2011-02-06,TMAX,178
USR0000NHOF,2010-08-28,TMAX,311
USC00314689,2005-04-27,TMIN,156
USW00093765,2012-12-23,TMIN,-10
USW00093765,2012-12-23,TMAX,117
USW00093719,2014-06-14,TMAX,311
USR0000NNWB,2012-12-03,TMIN,83
USR0000NHOF,2011-12-13,TMAX,156
USR0000NHOF,2011-12-13,TMIN,11
USR0000NCRN,2008-07-04,TMAX,306
USW00093765,2008-10-25,TMIN,178
USC00314689,2005-04-27,TMAX,239
USC00315830,2012-09-26,TMAX,267
USC00315830,2012-09-26,TMIN,150
USR0000NNWB,2006-02-13,TMIN,-44
USR0000NCRN,2008-07-04,TMIN,228
USR0000NCRN,2007-08-28,TMAX,317
USC00316676,2015-12-26,TMAX,278
USW00013754,2010-05-11,TMAX,217
USW00013754,2010-05-11,TMIN,117
USC00314684,2009-04-24,TMIN,78
USR0000NHOF,2015-06-10,TMIN,178
USR0000NCRN,2008-08-21,TMAX,311
USC00316676,2014-02-05,TMIN,50
USC00310576,2011-05-04,TMIN,122
USW00013754,2015-04-15,TMAX,222
USR0000NNWB,2014-04-04,TMAX,311
USR0000NNWB,2014-04-04,TMIN,139
USC00317170,2013-05-18,TMIN,183
USC00314144,2010-08-12,TMAX,322
USC00314144,2010-08-12,TMIN,233
USW00093765,2013-10-26,TMAX,178
USC00317170,2013-05-18,TMAX,283
USW00013754,2015-04-15,TMIN,122
USW00093765,2009-05-09,TMAX,256
USR0000NNWB,2012-05-23,TMIN,194
USW00093765,2009-05-09,TMIN,217
USC00315830,2011-07-25,TMIN,256
USR0000NNWB,2012-05-23,TMAX,306
USC00314684,2012-04-10,TMIN,83
USC00315830,2013-03-12,TMAX,200
USC00314689,2011-06-23,TMAX,333
USC00314689,2011-06-23,TMIN,239
USC00315830,2013-03-12,TMIN,150
USW00093743,2008-04-25,TMAX,244
USC00314684,2012-04-10,TMAX,228
USW00013754,2009-10-03,TMIN,178
USC00310356,2015-06-10,TMAX,278
USC00314689,2009-02-18,TMAX,128
USW00093743,2008-03-05,TMAX,194
USC00316676,2014-02-05,TMAX,78
USW00093719,2012-09-28,TMAX,294
USR0000NCRN,2008-08-21,TMIN,217
USC00310356,2011-08-04,TMIN,283
USC00314684,2013-12-04,TMAX,167
USW00013754,2009-10-03,TMAX,272
USC00310356,2011-12-31,TMAX,150
USC00310356,2015-05-06,TMAX,256
USC00310356,2015-05-06,TMIN,161
USC00314689,2006-08-25,TMIN,178
USC00317170,2009-07-29,TMIN,250
USC00315830,2012-03-14,TMIN,133
USW00093765,2015-08-30,TMAX,283
USC00317170,2013-10-17,TMIN,100
USW00093743,2008-03-05,TMIN,83
USC00317170,2013-10-17,TMAX,261
USR0000NNWB,2012-06-18,TMAX,317
USC00314689,2009-02-18,TMIN,-6
USR0000NNWB,2012-06-18,TMIN,144
USC00310576,2008-11-06,TMIN,133
USC00310576,2008-11-06,TMAX,194
USC00310356,2015-06-10,TMIN,217
USC00310576,2015-12-28,TMAX,250
USC00314689,2005-07-20,TMAX,344
USC00314144,2007-09-11,TMIN,233
USC00310356,2011-03-02,TMIN,33
USC00310576,2011-01-05,TMAX,133
USR0000NHOF,2015-08-18,TMAX,311
USC00314689,2015-11-23,TMAX,78
USC00314144,2005-08-24,TMAX,300
USC00314144,2005-08-24,TMIN,200
USC00315830,2011-07-20,TMIN,228
USC00310576,2011-01-05,TMIN,-11
USC00315830,2008-04-28,TMAX,233
USW00093743,2009-08-27,TMIN,233
USW00093743,2009-08-27,TMAX,317
USC00315830,2011-07-20,TMAX,311
USC00317170,2008-12-19,TMIN,122
USC00317170,2008-12-19,TMAX,222
USC00314689,2007-10-07,TMIN,183
USC00314689,2007-10-07,TMAX,306
USC00316096,2015-09-09,TMAX,289
USC00316096,2015-09-09,TMIN,217
USC00314689,2010-07-23,TMAX,356
USC00316676,2006-09-05,TMAX,300
USC00310576,2009-07-07,TMIN,222
USC00310576,2009-07-07,TMAX,267
USW00093743,2008-01-15,TMAX,217
USW00013754,2007-03-06,TMAX,111
USC00314144,2009-09-27,TMIN,211
USC00314144,2009-09-27,TMAX,267
USC00316676,2013-06-17,TMIN,183
USC00316676,2013-06-17,TMAX,294
USC00316096,2009-09-06,TMAX,256
USC00316096,2011-03-06,TMAX,189
USR0000NCRN,2006-04-20,TMIN,94
USC00315830,2009-02-10,TMAX,194
USC00315830,2009-02-10,TMIN,61
USW00093719,2010-03-13,TMAX,206
USC00315830,2014-06-19,TMAX,294
USC00314689,2015-11-23,TMIN,0
USR0000NCRN,2006-04-20,TMAX,294
USR0000NHOF,2009-12-29,TMIN,-56
USC00314689,2010-06-23,TMIN,250
USC00310576,2007-10-27,TMAX,244
USC00310576,2007-10-27,TMIN,211
USW00093719,2010-03-13,TMIN,111
USC00315830,2014-06-19,TMIN,244
USW00093743,2008-01-15,TMIN,-21
USR0000NHOF,2011-12-31,TMIN,56
USC00315830,2008-04-28,TMIN,161
USC00317170,2011-05-10,TMAX,272
USC00315830,2006-11-28,TMAX,244
USW00093719,2005-10-20,TMAX,294
USW00093719,2005-10-20,TMIN,167
USR0000NHOF,2011-12-31,TMAX,189
USW00013754,2007-02-04,TMAX,117
USW00013754,2007-02-04,TMIN,-5
USW00093765,2006-09-06,TMIN,200
USR0000NHOF,2005-10-07,TMAX,239
USC00314684,2010-12-14,TMIN,-72
USC00316676,2006-09-05,TMIN,217
USC00314684,2010-12-14,TMAX,11
USC00310576,2013-01-12,TMIN,78
USC00310356,2009-11-08,TMIN,72
USW00093765,2006-09-06,TMAX,244
USW00013754,2008-03-30,TMIN,72
USC00314684,2012-01-21,TMIN,-6
USC00310576,2011-06-19,TMAX,350
USW00013754,2012-08-06,TMIN,233
USC00310356,2009-08-27,TMIN,250
USC00310576,2011-06-19,TMIN,200
USC00310356,2009-08-27,TMAX,300
USW00013754,2015-11-10,TMIN,150
USW00013754,2012-08-06,TMAX,306
USC00310576,2013-01-12,TMAX,217
USW00013754,2015-11-10,TMAX,261
USR0000NHOF,2005-10-07,TMIN,211
USW00093743,2012-07-21,TMIN,233
USC00314684,2012-03-28,TMAX,150
USC00314684,2012-03-28,TMIN,28
USC00314689,2010-07-23,TMIN,256
USC00314689,2006-10-25,TMAX,172
USW00093719,2014-12-22,TMAX,111
USC00314684,2010-02-12,TMAX,39
USC00314689,2006-10-25,TMIN,11
USC00314684,2010-02-12,TMIN,-39
USC00314689,2011-01-26,TMAX,122
USC00314689,2011-01-26,TMIN,61
USC00315830,2006-11-28,TMIN,106
USC00316676,2005-12-27,TMAX,128
USC00316096,2009-09-06,TMIN,194
USC00316096,2014-08-28,TMIN,167
USC00316096,2013-10-17,TMIN,139
USW00093743,2012-07-21,TMAX,306
USC00316096,2013-10-17,TMAX,244
USC00310356,2015-11-23,TMAX,128
USC00315830,2015-06-21,TMAX,311
USC00310356,2015-11-23,TMIN,17
USC00316096,2014-08-28,TMAX,311
USC00315830,2015-06-21,TMIN,261
USW00093719,2005-03-19,TMAX,156
USW00093719,2005-03-19,TMIN,67
USC00316676,2005-12-27,TMIN,-17
USW00013754,2008-03-30,TMAX,117
USR0000NHOF,2009-12-29,TMAX,72
USR0000NHOF,2007-11-05,TMIN,-17
USC00310356,2014-01-29,TMIN,-78
USC00310356,2014-01-29,TMAX,139
USC00314684,2009-03-27,TMIN,89
USC00314684,2009-03-27,TMAX,178
USR0000NCRN,2011-06-04,TMAX,283
USC00314144,2007-10-15,TMIN,56
USC00314689,2013-10-17,TMIN,139
USC00310576,2015-06-10,TMIN,189
USC00310576,2015-06-10,TMAX,294
USC00310576,2015-11-08,TMAX,283
USR0000NCRN,2011-06-04,TMIN,128
USC00314144,2007-10-15,TMAX,250
USC00315830,2015-08-08,TMAX,283
USC00310576,2009-04-28,TMAX,306
USC00316676,2008-04-01,TMAX,211
USR0000NNWB,2007-05-23,TMAX,250
USC00314684,2009-07-05,TMAX,311
USC00315830,2015-08-08,TMIN,233
USC00314684,2009-07-05,TMIN,189
USC00314689,2013-10-17,TMAX,261
USC00317170,2013-08-28,TMAX,294
USR0000NHOF,2009-08-27,TMAX,317
USC00316676,2008-04-01,TMIN,122
USC00314689,2014-08-26,TMIN,161
USC00316676,2012-10-31,TMIN,44
USC00316676,2008-03-04,TMIN,100
USC00315830,2014-10-19,TMIN,117
USW00013754,2012-05-30,TMIN,183
USW00093765,2011-02-28,TMIN,139
USW00013754,2011-05-04,TMIN,94
USW00013754,2011-05-04,TMAX,250
USW00093765,2011-02-28,TMAX,200
USC00316676,2015-03-12,TMAX,300
USC00315830,2013-08-31,TMIN,217
USC00314684,2011-06-19,TMAX,356
USC00315830,2013-08-31,TMAX,300
USR0000NNWB,2008-12-19,TMIN,117
USC00314689,2014-08-26,TMAX,278
USW00093719,2005-04-26,TMAX,211
USW00093719,2005-04-26,TMIN,111
USC00314144,2009-11-15,TMIN,72
USC00316676,2012-10-31,TMAX,133
USW00093719,2015-10-07,TMIN,133
USW00093719,2015-10-07,TMAX,256
USW00093743,2012-02-03,TMIN,17
USR0000NHOF,2009-08-27,TMIN,189
USW00013754,2012-05-30,TMAX,244
USR0000NHOF,2007-09-29,TMAX,250
USR0000NHOF,2007-11-05,TMAX,194
USW00093719,2011-10-06,TMIN,111
USR0000NNWB,2007-05-23,TMIN,156
USC00314684,2009-01-04,TMIN,6
USR0000NHOF,2012-02-03,TMIN,-17
USC00314684,2009-01-04,TMAX,144
USR0000NHOF,2011-02-06,TMAX,150
USW00093765,2007-09-26,TMIN,206
USW00093765,2007-09-26,TMAX,289
USC00315830,2007-03-09,TMAX,156
USC00310356,2012-07-21,TMAX,300
USC00310356,2012-07-21,TMIN,239
USC00315830,2007-03-09,TMIN,33
USC00314689,2014-07-23,TMIN,239
USW00093719,2008-12-08,TMAX,94
USW00093719,2008-12-08,TMIN,-72
USC00314144,2010-05-28,TMIN,161
USR0000NCRN,2010-05-12,TMIN,194
USC00314144,2010-05-28,TMAX,289
USC00314684,2014-11-30,TMIN,-33
USC00314684,2014-11-30,TMAX,117
USR0000NCRN,2010-05-12,TMAX,261
USC00314689,2010-06-23,TMAX,367
USW00093765,2008-03-24,TMAX,139
USR0000NHOF,2012-02-03,TMAX,139
USW00093765,2008-03-24,TMIN,67
USC00310576,2006-06-15,TMIN,161
USC00315830,2014-07-25,TMIN,200
USC00314144,2009-11-15,TMAX,211
USC00317170,2013-08-28,TMIN,206
USC00310356,2007-09-17,TMAX,278
USW00093743,2009-12-29,TMAX,83
USW00093765,2010-10-13,TMIN,178
USW00093765,2010-10-13,TMAX,267
USR0000NNWB,2012-01-07,TMIN,72
USR0000NCRN,2014-10-23,TMIN,83
USC00315830,2014-07-25,TMAX,283
USC00317170,2011-05-10,TMIN,117
USC00314684,2011-06-23,TMAX,344
USR0000NNWB,2012-01-07,TMAX,217
USW00013754,2014-04-06,TMIN,106
USC00314689,2014-07-23,TMAX,317
USR0000NCRN,2014-10-23,TMAX,200
USC00314684,2011-06-23,TMIN,222
USW00093743,2009-12-29,TMIN,-10
USR0000NHOF,2015-09-20,TMAX,311
USR0000NHOF,2015-09-20,TMIN,161
USW00013754,2014-04-06,TMAX,144
USC00310576,2006-06-15,TMAX,278
USR0000NHOF,2011-02-06,TMIN,6
USR0000NNWB,2005-02-15,TMAX,206
USC00310576,2013-03-02,TMAX,139
USC00316676,2014-06-13,TMAX,289
USC00315830,2008-07-19,TMIN,244
USR0000NCRN,2011-06-01,TMAX,300
USW00013754,2008-08-10,TMAX,306
USR0000NNWB,2010-11-29,TMIN,33
USR0000NNWB,2010-11-29,TMAX,161
USC00310356,2005-10-07,TMAX,272
USW00093719,2009-01-29,TMAX,122
USW00093719,2009-01-29,TMIN,17
USC00317170,2009-11-14,TMAX,156
USR0000NHOF,2008-03-05,TMIN,33
USC00317170,2012-12-23,TMIN,-22
USC00314689,2014-12-14,TMAX,150
USR0000NCRN,2006-10-27,TMIN,56
USC00316096,2013-05-18,TMIN,156
USC00316096,2013-05-18,TMAX,261
USW00093743,2011-12-31,TMIN,50
USW00093765,2010-01-30,TMAX,72
USC00314689,2014-12-14,TMIN,11
USW00093743,2011-12-31,TMAX,194
USW00093765,2010-01-30,TMIN,0
USR0000NCRN,2006-10-27,TMAX,211
USC00315830,2008-07-19,TMAX,311
USR0000NHOF,2008-03-05,TMAX,200
USW00013754,2008-08-10,TMIN,189
USR0000NHOF,2011-11-23,TMIN,83
USC00310576,2008-04-05,TMIN,172
USR0000NHOF,2006-02-09,TMIN,-83
USW00093719,2012-05-23,TMIN,189
USC00314689,2013-05-18,TMIN,183
USW00093719,2011-03-29,TMAX,156
USW00093719,2012-05-23,TMAX,294
USC00310576,2014-07-07,TMAX,289
USC00314689,2013-05-18,TMAX,322
USC00317170,2008-12-16,TMIN,106
USW00093719,2010-09-01,TMAX,317
USW00093719,2010-09-01,TMIN,183
USR0000NHOF,2006-02-09,TMAX,78
USC00315830,2007-08-18,TMIN,250
USC00315830,2007-08-18,TMAX,306
USR0000NCRN,2010-11-12,TMAX,161
USR0000NCRN,2011-06-01,TMIN,189
USR0000NNWB,2011-05-29,TMAX,317
USR0000NHOF,2011-11-23,TMAX,222
USC00316676,2012-06-30,TMAX,361
USC00310356,2005-10-07,TMIN,222
USC00316096,2009-07-05,TMAX,294
USC00316096,2009-07-05,TMIN,200
USR0000NHOF,2011-03-29,TMAX,161
USC00314684,2013-10-17,TMIN,128
USW00093765,2005-06-13,TMIN,239
USC00316096,2013-12-04,TMAX,178
USR0000NCRN,2015-07-22,TMIN,233
USW00093719,2011-09-25,TMIN,194
USC00316676,2012-06-30,TMIN,217
USC00310356,2011-03-02,TMAX,111
USR0000NCRN,2015-07-22,TMAX,322
USC00314689,2011-01-31,TMAX,189
USC00315830,2005-05-15,TMAX,244
USW00093719,2011-09-25,TMAX,233
USW00093719,2007-07-28,TMIN,200
USC00310576,2005-10-02,TMIN,139
USC00310576,2005-10-02,TMAX,256
USW00093743,2012-08-21,TMAX,256
USR0000NNWB,2012-06-24,TMAX,333
USW00093743,2012-08-21,TMIN,228
USC00314144,2007-09-11,TMAX,328
USW00013754,2013-01-31,TMAX,211
USW00013754,2013-01-31,TMIN,39
USW00093719,2005-12-20,TMIN,-28
USW00093719,2005-12-20,TMAX,94
USR0000NNWB,2012-06-24,TMIN,200
USC00316096,2010-02-12,TMIN,-22
USC00310356,2008-04-25,TMIN,117
USC00316096,2010-02-12,TMAX,44
USC00310356,2008-04-25,TMAX,200
USW00093765,2005-06-13,TMAX,283
USC00316096,2012-04-10,TMIN,117
USC00316096,2012-04-10,TMAX,233
USR0000NNWB,2007-02-04,TMAX,117
USC00310356,2012-08-21,TMAX,278
USR0000NNWB,2007-02-04,TMIN,-22
USC00317170,2009-11-14,TMIN,128
USC00314684,2013-10-17,TMAX,228
USW00093719,2010-03-14,TMIN,78
USW00093719,2010-03-14,TMAX,172
USC00314144,2011-03-29,TMIN,-39
USC00310356,2012-08-21,TMIN,228
USC00316676,2015-11-16,TMAX,194
USC00314689,2011-01-31,TMIN,33
USW00013754,2015-01-01,TMAX,122
USC00316096,2011-03-06,TMIN,100
USC00316096,2013-12-04,TMIN,89
USC00310576,2014-03-22,TMIN,33
USR0000NNWB,2011-05-29,TMIN,206
USC00315830,2007-08-09,TMAX,322
USC00317170,2012-12-23,TMAX,122
USC00310576,2014-03-22,TMAX,206
USC00316676,2015-11-16,TMIN,28
USC00317170,2007-09-23,TMIN,206
USC00314144,2011-03-29,TMAX,161
USW00093743,2013-12-03,TMAX,156
USC00310576,2005-08-09,TMAX,306
USR0000NCRN,2007-05-02,TMAX,300
USR0000NCRN,2007-05-02,TMIN,183
USW00093719,2013-12-27,TMIN,-5
USR0000NCRN,2008-10-15,TMIN,128
USR0000NHOF,2009-08-29,TMAX,306
USW00013754,2007-03-06,TMIN,0
USC00316676,2007-05-27,TMIN,133
USW00093719,2010-12-02,TMAX,94
USR0000NHOF,2009-08-29,TMIN,222
USC00310576,2005-08-09,TMIN,222
USC00314684,2012-01-21,TMAX,150
USR0000NCRN,2010-09-11,TMIN,172
USC00316676,2009-09-27,TMIN,200
USC00316676,2009-09-27,TMAX,233
USR0000NCRN,2005-02-15,TMAX,217
USC00310356,2013-09-11,TMAX,317
USC00310356,2013-09-11,TMIN,222
USC00317170,2012-08-17,TMIN,211
USR0000NCRN,2005-02-15,TMIN,72
USC00317170,2012-08-17,TMAX,328
USC00316676,2007-05-27,TMAX,294
USR0000NCRN,2010-11-12,TMIN,61
USC00315830,2005-10-30,TMAX,194
USR0000NHOF,2015-08-18,TMIN,194
USC00310576,2013-03-02,TMIN,17
USC00317170,2007-09-23,TMAX,333
USC00317170,2013-11-10,TMIN,67
USR0000NCRN,2008-10-15,TMAX,311
USC00316676,2015-03-12,TMIN,133
USR0000NCRN,2010-09-11,TMAX,256
USC00317170,2013-11-10,TMAX,211
USC00314689,2013-12-04,TMIN,111
USW00093719,2008-11-02,TMIN,28
USC00315830,2005-04-20,TMIN,139
USC00314689,2013-12-04,TMAX,222
USC00315830,2005-04-20,TMAX,211
USW00093719,2014-12-22,TMIN,67
USC00310356,2009-11-08,TMAX,228
USC00314684,2006-05-29,TMAX,306
USW00093719,2008-11-02,TMAX,228
USC00314684,2006-05-29,TMIN,172
USR0000NCRN,2010-12-22,TMIN,-17
USC00310576,2015-01-16,TMAX,94
USC00316676,2014-06-13,TMIN,194
USR0000NCRN,2010-12-22,TMAX,83
USW00093719,2013-12-27,TMAX,122
USW00093743,2013-09-11,TMAX,300
USC00310576,2010-04-01,TMIN,61
USC00314689,2012-04-10,TMIN,89
USW00013754,2005-04-03,TMAX,194
USR0000NCRN,2010-08-30,TMIN,150
USC00314684,2015-08-27,TMAX,300
USR0000NCRN,2010-08-30,TMAX,333
USC00310576,2009-04-28,TMIN,106
USC00314684,2009-10-04,TMIN,122
USW00093765,2006-12-24,TMAX,183
USW00093765,2006-12-24,TMIN,100
USC00315830,2005-11-22,TMAX,206
USC00315830,2005-11-22,TMIN,89
USC00317170,2011-11-15,TMIN,139
USC00310356,2013-12-03,TMAX,128
USC00310356,2013-12-03,TMIN,56
USC00314684,2009-10-04,TMAX,289
USC00317170,2011-11-15,TMAX,261
USC00310356,2011-11-23,TMAX,217
USC00310356,2011-11-23,TMIN,178
USW00093719,2011-03-29,TMIN,-11
USR0000NHOF,2015-11-23,TMAX,94
USR0000NHOF,2015-11-23,TMIN,-22
USC00317170,2008-12-16,TMAX,228
USC00314684,2015-08-27,TMIN,211
USR0000NNWB,2013-03-14,TMAX,122
USC00314684,2005-07-30,TMIN,211
USR0000NHOF,2012-07-21,TMIN,217
USW00093719,2010-06-02,TMIN,211
USW00093743,2013-09-11,TMIN,206
USC00310576,2010-04-01,TMAX,244
USC00314689,2012-04-10,TMAX,244
USR0000NHOF,2011-03-29,TMIN,-39
USW00093719,2010-06-02,TMAX,300
USR0000NNWB,2015-10-07,TMIN,128
USR0000NNWB,2015-10-07,TMAX,267
USC00310576,2015-01-16,TMIN,39
USW00013754,2005-04-03,TMIN,89
USC00310576,2014-07-07,TMIN,156
USR0000NNWB,2012-11-28,TMIN,-11
USC00316676,2013-06-12,TMAX,289
USR0000NCRN,2010-07-12,TMIN,206
USR0000NCRN,2010-07-12,TMAX,311
USC00316676,2013-06-12,TMIN,194
USR0000NHOF,2012-07-21,TMAX,300
USC00314684,2005-07-30,TMAX,294
USC00310576,2008-04-05,TMAX,244
USC00316676,2008-07-17,TMIN,206
USR0000NNWB,2013-03-14,TMIN,0
USC00316676,2008-07-17,TMAX,322
USR0000NNWB,2012-11-28,TMAX,117
USR0000NHOF,2005-06-22,TMIN,178
USC00314689,2009-10-21,TMAX,244
USR0000NCRN,2005-01-17,TMAX,44
USC00316676,2012-04-01,TMAX,228
USR0000NCRN,2009-07-09,TMIN,217
USR0000NCRN,2009-07-09,TMAX,283
USC00317170,2013-01-10,TMAX,217
USW00093719,2010-11-22,TMAX,222
USC00317170,2013-01-10,TMIN,44
USC00316676,2012-04-01,TMIN,111
USC00315830,2008-01-19,TMIN,39
USW00093719,2014-10-30,TMIN,117
USW00013754,2011-10-21,TMAX,194
USW00093719,2014-10-30,TMAX,200
USC00310576,2005-04-29,TMAX,228
USC00314689,2006-02-04,TMIN,139
USR0000NCRN,2010-12-23,TMIN,-11
USR0000NCRN,2010-12-23,TMAX,78
USW00093765,2009-01-27,TMIN,44
USW00013754,2012-09-21,TMAX,272
USC00316096,2009-12-10,TMAX,194
USW00013754,2012-09-21,TMIN,161
USW00093719,2013-10-12,TMAX,222
USC00310576,2014-12-03,TMIN,100
USW00093719,2010-11-22,TMIN,50
USR0000NHOF,2006-06-07,TMAX,278
USW00093719,2005-10-05,TMIN,211
USW00093719,2007-07-24,TMIN,167
USC00314144,2008-10-04,TMIN,50
USC00316676,2006-02-07,TMIN,28
USW00093765,2011-07-11,TMIN,233
USW00093765,2011-07-11,TMAX,311
USC00316676,2006-02-07,TMAX,122
USC00314144,2008-10-04,TMAX,261
USC00310576,2005-04-29,TMIN,100
USC00310576,2014-12-03,TMAX,150
USR0000NHOF,2006-06-07,TMIN,139
USC00314689,2007-02-09,TMIN,-44
USC00315830,2015-01-30,TMIN,-33
USW00093743,2012-02-06,TMAX,128
USW00093719,2005-10-05,TMAX,283
USR0000NNWB,2005-12-24,TMAX,178
USR0000NNWB,2005-12-24,TMIN,-28
USW00093743,2012-02-06,TMIN,33
USC00315830,2013-01-14,TMIN,144
USC00314689,2006-02-04,TMAX,206
USC00316096,2009-12-10,TMIN,44
USC00314689,2007-02-09,TMAX,89
USC00310576,2014-03-31,TMIN,83
USW00013754,2012-01-13,TMIN,22
USC00310576,2015-07-24,TMIN,217
USC00317170,2008-02-29,TMAX,139
USC00316096,2011-11-18,TMIN,-17
USC00314684,2014-06-02,TMIN,78
USW00093765,2009-01-24,TMIN,56
USC00316096,2011-11-18,TMAX,100
USC00317170,2008-02-28,TMIN,0
USC00314684,2007-07-09,TMAX,300
USC00310576,2015-07-24,TMAX,267
USC00310576,2005-06-09,TMAX,294
USC00310576,2005-06-09,TMIN,211
USW00093765,2011-03-29,TMIN,17
USC00314684,2010-03-16,TMIN,28
USC00314684,2010-03-16,TMAX,167
USC00314684,2009-09-29,TMIN,106
USC00314684,2007-07-09,TMIN,211
USC00314684,2009-09-29,TMAX,289
USR0000NHOF,2014-06-13,TMAX,306
USC00317170,2008-02-29,TMIN,-11
USC00316676,2008-03-10,TMAX,128
USC00316676,2008-03-10,TMIN,-11
USR0000NCRN,2005-01-31,TMAX,94
USW00013754,2011-10-21,TMIN,61
USC00317170,2008-02-28,TMAX,83
USR0000NHOF,2005-06-16,TMIN,156
USW00093719,2010-06-12,TMAX,328
USC00315830,2008-01-19,TMAX,106
USW00093719,2010-06-12,TMIN,200
USC00314684,2009-12-26,TMAX,156
USC00314144,2008-05-19,TMAX,267
USC00314144,2008-05-19,TMIN,111
USW00093719,2012-01-15,TMAX,78
USC00314684,2009-12-26,TMIN,61
USW00093719,2007-08-09,TMAX,367
USW00093765,2009-01-27,TMAX,106
USW00093719,2012-01-15,TMIN,-6
USW00093743,2011-07-12,TMAX,311
USC00310356,2006-06-07,TMIN,167
USC00310356,2006-06-07,TMAX,261
USR0000NNWB,2011-06-21,TMIN,206
USR0000NHOF,2005-06-16,TMAX,322
USC00314684,2014-06-02,TMAX,250
USW00093719,2013-06-02,TMAX,311
USW00093719,2013-06-02,TMIN,200
USW00093719,2013-10-12,TMIN,178
USR0000NNWB,2011-06-21,TMAX,333
USC00310576,2014-03-31,TMAX,144
USR0000NCRN,2006-08-17,TMAX,317
USC00315830,2015-01-30,TMAX,122
USC00315830,2013-09-08,TMAX,289
USC00316096,2010-05-25,TMAX,256
USC00314689,2011-11-18,TMIN,0
USC00316096,2010-05-25,TMIN,194
USC00314689,2011-11-18,TMAX,94
USC00315830,2013-09-08,TMIN,178
USR0000NHOF,2011-04-05,TMIN,22
USC00317170,2014-08-22,TMAX,339
USC00314689,2011-10-10,TMIN,161
USC00310576,2007-03-15,TMIN,94
USC00317170,2014-08-22,TMIN,228
USC00310356,2015-10-31,TMIN,128
USC00310356,2011-07-12,TMAX,306
USC00310356,2011-07-12,TMIN,233
USC00316676,2010-09-15,TMIN,150
USC00310576,2006-06-10,TMAX,283
USC00310576,2006-06-10,TMIN,167
USC00317170,2012-11-26,TMIN,11
USW00013754,2005-12-24,TMAX,172
USW00093765,2006-06-20,TMIN,239
USC00316676,2011-08-26,TMAX,344
USW00013754,2005-12-24,TMIN,-44
USC00310576,2005-08-28,TMIN,217
USC00314689,2008-10-24,TMAX,178
USW00093743,2013-06-24,TMIN,233
USC00315830,2006-02-22,TMIN,33
USR0000NCRN,2005-12-18,TMAX,67
USR0000NCRN,2013-05-09,TMAX,244
USR0000NCRN,2013-05-09,TMIN,144
USC00315830,2006-02-22,TMAX,144
USW00093743,2013-06-24,TMAX,283
USR0000NNWB,2007-10-20,TMAX,272
USR0000NCRN,2005-12-18,TMIN,22
USC00310576,2005-08-28,TMAX,300
USC00317170,2010-05-02,TMAX,333
USC00310356,2015-10-31,TMAX,217
USR0000NNWB,2013-06-02,TMAX,311
USC00310356,2013-06-24,TMIN,256
USC00310356,2013-06-24,TMAX,272
USC00314689,2012-01-08,TMAX,206
USR0000NNWB,2013-06-02,TMIN,206
USC00315830,2011-07-31,TMIN,278
USW00093719,2008-09-22,TMIN,183
USW00093719,2008-09-22,TMAX,239
USR0000NHOF,2015-04-11,TMAX,250
USC00317170,2012-11-26,TMAX,183
USC00314684,2015-05-03,TMAX,222
USC00314689,2011-10-10,TMAX,250
USW00013754,2012-11-08,TMAX,156
USC00314689,2007-05-24,TMIN,128
USC00310356,2006-01-24,TMAX,156
USC00315830,2005-11-10,TMAX,228
USR0000NHOF,2011-04-05,TMAX,206
USC00316676,2008-02-20,TMIN,-11
USW00093765,2007-06-02,TMIN,211
USC00314689,2007-05-24,TMAX,267
USC00315830,2013-01-14,TMAX,228
USW00013754,2013-03-07,TMIN,44
USW00093765,2007-06-02,TMAX,261
USC00316676,2008-02-20,TMAX,156
USW00093719,2008-08-19,TMIN,189
USC00314684,2012-03-26,TMIN,128
USW00093765,2010-03-19,TMIN,83
USW00093765,2010-03-19,TMAX,222
USR0000NNWB,2007-10-20,TMIN,117
USC00310576,2006-05-26,TMAX,311
USC00310576,2006-05-26,TMIN,217
USC00314684,2011-03-23,TMIN,89
USR0000NCRN,2006-08-17,TMIN,239
USW00013754,2013-03-07,TMAX,133
USC00310356,2006-01-24,TMIN,61
USW00093719,2008-08-19,TMAX,317
USC00314689,2010-11-09,TMAX,206
USR0000NHOF,2015-04-11,TMIN,83
USW00093765,2006-06-20,TMAX,283
USC00314684,2015-05-03,TMIN,72
USC00316676,2008-07-28,TMAX,311
USC00316676,2008-07-28,TMIN,228
USC00315830,2005-11-10,TMIN,183
USC00310356,2012-02-06,TMAX,139
USW00093719,2007-11-15,TMIN,50
USC00317170,2010-09-20,TMIN,156
USW00093719,2007-11-15,TMAX,206
USC00314684,2012-03-26,TMAX,222
USW00093719,2007-07-24,TMAX,294
USC00314689,2012-01-08,TMIN,78
USR0000NNWB,2005-01-01,TMAX,211
USW00013754,2012-11-08,TMIN,17
USC00314689,2008-09-05,TMAX,328
USC00314689,2008-09-05,TMIN,189
USR0000NNWB,2005-01-01,TMIN,50
USC00310356,2012-02-06,TMIN,50
USC00314684,2011-03-23,TMAX,306
USW00093743,2012-02-16,TMAX,156
USC00317170,2008-08-15,TMIN,178
USC00317170,2008-08-15,TMAX,317
USR0000NCRN,2009-05-09,TMAX,261
USC00310356,2008-04-02,TMAX,183
USC00314689,2007-09-30,TMAX,261
USC00314689,2010-05-12,TMIN,183
USR0000NNWB,2009-02-21,TMAX,122
USW00013754,2015-08-29,TMAX,300
USW00093743,2013-05-09,TMAX,239
USC00314684,2005-09-05,TMIN,144
USC00314684,2005-09-05,TMAX,294
USW00093743,2013-05-09,TMIN,144
USC00310356,2013-05-09,TMIN,172
USC00315830,2015-02-28,TMIN,-6
USW00093765,2008-12-05,TMIN,39
USW00093719,2012-06-22,TMIN,211
USC00315830,2015-02-28,TMAX,78
USC00314689,2007-07-27,TMAX,333
USR0000NHOF,2013-05-09,TMAX,178
USR0000NHOF,2013-05-09,TMIN,128
USC00314689,2007-07-27,TMIN,211
USW00093719,2012-06-22,TMAX,344
USC00314689,2010-05-12,TMAX,283
USC00310356,2008-04-02,TMIN,33
USW00013754,2008-04-26,TMAX,267
USW00013754,2014-10-30,TMAX,200
USC00316676,2008-07-31,TMAX,344
USC00316676,2010-01-27,TMAX,194
USC00314684,2007-06-30,TMIN,211
USW00093719,2007-04-13,TMIN,56
USC00314144,2005-08-23,TMAX,367
USC00314144,2005-08-23,TMIN,206
USC00316676,2010-01-27,TMIN,-11
USC00314684,2010-10-03,TMAX,228
USC00314684,2010-10-03,TMIN,111
USW00093765,2012-02-25,TMIN,67
USW00013754,2014-10-30,TMIN,128
USR0000NCRN,2012-08-23,TMAX,278
USC00315830,2005-05-17,TMAX,239
USC00314689,2014-12-21,TMIN,-17
USR0000NHOF,2006-10-07,TMAX,189
USC00310356,2013-05-09,TMAX,217
USC00316676,2008-07-31,TMIN,233
USW00093765,2013-11-11,TMAX,167
USC00314689,2014-12-21,TMAX,78
USC00316676,2008-02-10,TMAX,228
USC00316676,2008-02-10,TMIN,17
USR0000NHOF,2006-10-07,TMIN,111
USW00093765,2013-06-02,TMAX,278
USW00013754,2008-04-26,TMIN,144
USC00315830,2014-07-20,TMAX,294
USC00315830,2015-06-17,TMIN,256
USC00310576,2005-06-01,TMAX,206
USC00310576,2005-06-01,TMIN,167
USC00310356,2006-10-07,TMIN,111
USW00093765,2010-04-27,TMAX,228
USC00316676,2013-02-28,TMAX,172
USC00314689,2008-10-25,TMAX,256
USC00316676,2014-06-15,TMIN,194
USC00316676,2012-03-12,TMIN,11
USW00093765,2010-04-27,TMIN,139
USC00316676,2012-03-12,TMAX,183
USC00314144,2005-10-24,TMAX,233
USC00310356,2005-04-24,TMAX,194
USC00314689,2010-05-25,TMAX,261
USC00314689,2010-05-25,TMIN,194
USC00316676,2013-02-28,TMIN,61
USC00315830,2009-07-31,TMIN,256
USC00315830,2009-07-31,TMAX,300
USC00316676,2006-01-24,TMAX,217
USW00013754,2014-07-08,TMAX,322
USC00310356,2006-10-07,TMAX,261
USC00315830,2015-06-17,TMAX,361
USC00316676,2005-08-09,TMAX,267
USW00013754,2014-07-08,TMIN,244
USC00315830,2014-07-20,TMIN,211
USW00093765,2008-12-05,TMAX,117
USR0000NNWB,2009-02-21,TMIN,-61
USC00317170,2009-09-04,TMIN,183
USW00093765,2013-06-02,TMIN,228
USW00013754,2007-03-13,TMAX,228
USW00013754,2015-08-29,TMIN,200
USC00316676,2009-02-18,TMIN,-39
USC00316676,2011-06-07,TMAX,306
USC00316676,2013-09-05,TMIN,189
USC00316676,2011-06-07,TMIN,167
USC00316676,2005-08-09,TMIN,222
USC00316676,2013-09-05,TMAX,294
USR0000NNWB,2005-01-16,TMIN,22
USR0000NCRN,2012-05-20,TMAX,244
USR0000NCRN,2012-05-20,TMIN,128
USW00013754,2007-10-01,TMIN,183
USR0000NNWB,2005-01-16,TMAX,50
USC00317170,2008-10-09,TMAX,272
USC00317170,2008-10-09,TMIN,161
USW00013754,2007-03-13,TMIN,61
USR0000NCRN,2012-08-23,TMIN,217
USC00314684,2006-12-06,TMAX,122
USC00314144,2007-09-19,TMAX,267
USW00093765,2011-03-29,TMAX,144
USW00093719,2009-07-02,TMIN,222
USC00314144,2008-10-07,TMIN,78
USC00317170,2009-09-04,TMAX,272
USR0000NNWB,2013-03-07,TMIN,33
USC00315830,2006-09-21,TMAX,278
USC00315830,2006-09-21,TMIN,150
USC00314144,2010-10-05,TMIN,61
USC00314684,2010-09-05,TMAX,289
USC00314684,2010-09-05,TMIN,111
USW00093719,2009-07-02,TMAX,339
USW00013754,2008-05-24,TMIN,144
USW00093743,2011-07-12,TMIN,261
USW00093719,2008-10-09,TMAX,261
USC00310356,2011-05-05,TMAX,239
USC00314144,2011-06-26,TMIN,178
USC00314144,2010-10-05,TMAX,178
USW00093765,2009-01-24,TMAX,139
USC00314689,2007-09-30,TMIN,117
USC00316676,2005-12-22,TMIN,-72
USC00316676,2005-12-22,TMAX,67
USW00013754,2008-05-24,TMAX,217
USC00314144,2011-06-26,TMAX,328
USW00093743,2012-02-16,TMIN,28
USC00314689,2005-07-05,TMIN,239
USR0000NNWB,2012-09-21,TMAX,294
USR0000NNWB,2012-09-21,TMIN,144
USR0000NCRN,2005-01-31,TMIN,11
USR0000NHOF,2014-06-13,TMIN,194
USW00093719,2008-10-09,TMIN,150
USC00316096,2010-04-17,TMAX,244
USC00314684,2007-06-30,TMAX,339
USW00013754,2013-01-27,TMAX,61
USW00013754,2013-01-27,TMIN,-16
USC00314689,2005-07-05,TMAX,333
USR0000NHOF,2012-02-06,TMAX,128
USC00314144,2008-10-07,TMAX,222
USC00316096,2010-04-17,TMIN,150
USC00315830,2006-08-12,TMIN,228
USR0000NHOF,2012-02-06,TMIN,17
USR0000NCRN,2009-05-09,TMIN,217
USC00314684,2007-11-15,TMAX,256
USC00314684,2007-11-15,TMIN,122
USC00310356,2011-05-05,TMIN,100
USR0000NNWB,2013-03-07,TMAX,133
USC00315830,2006-08-12,TMAX,294
USC00314684,2007-03-23,TMAX,239
USC00310576,2014-03-28,TMIN,-11
USC00310576,2014-03-28,TMAX,139
USC00310576,2009-07-01,TMAX,333
USR0000NCRN,2007-01-12,TMIN,83
USW00093765,2008-08-01,TMAX,294
USR0000NCRN,2007-01-12,TMAX,217
USR0000NCRN,2006-10-24,TMAX,133
USW00093765,2008-08-01,TMIN,228
USR0000NCRN,2006-10-24,TMIN,17
USC00314684,2007-03-23,TMIN,56
USC00316676,2010-06-27,TMAX,339
USC00310576,2009-07-01,TMIN,200
USW00093765,2013-11-11,TMIN,56
USC00316096,2014-11-02,TMAX,106
USR0000NCRN,2013-06-24,TMIN,233
USC00316096,2014-11-02,TMIN,33
USC00314144,2007-09-19,TMIN,172
USR0000NCRN,2013-06-24,TMAX,278
USC00314689,2007-05-14,TMAX,233
USC00314689,2007-05-14,TMIN,94
USC00310576,2014-12-21,TMAX,72
USR0000NNWB,2013-01-27,TMIN,-28
USR0000NCRN,2012-03-04,TMAX,139
USC00316676,2010-06-27,TMIN,228
USW00093719,2007-04-13,TMAX,200
USW00093765,2012-02-25,TMAX,167
USC00310576,2007-10-08,TMIN,189
USW00013754,2007-10-01,TMAX,261
USR0000NNWB,2014-10-30,TMIN,117
USR0000NNWB,2014-10-30,TMAX,200
USW00093719,2013-10-22,TMIN,144
USR0000NCRN,2007-01-08,TMAX,211
USR0000NCRN,2007-01-08,TMIN,72
USC00316096,2010-09-19,TMIN,167
USC00310356,2008-03-01,TMIN,-17
USC00316096,2010-09-19,TMAX,278
USC00315830,2005-05-17,TMIN,172
USW00093719,2013-10-22,TMAX,200
USC00310356,2008-03-01,TMAX,133
USC00310576,2007-10-08,TMAX,311
USR0000NNWB,2013-01-27,TMAX,61
USR0000NHOF,2014-08-31,TMIN,194
USR0000NHOF,2014-08-31,TMAX,328
USR0000NCRN,2010-07-05,TMAX,306
USR0000NCRN,2010-07-05,TMIN,150
USC00315830,2014-05-04,TMAX,250
USC00315830,2014-05-04,TMIN,144
USW00093719,2007-08-09,TMIN,267
USC00310576,2010-04-20,TMAX,211
USC00316676,2010-09-15,TMAX,317
USC00317170,2010-05-02,TMIN,222
USR0000NCRN,2007-05-18,TMAX,194
USC00314689,2005-01-17,TMIN,-11
USW00093719,2011-09-22,TMAX,289
USC00314689,2005-01-17,TMAX,28
USC00314684,2005-12-01,TMIN,61
USW00093765,2015-05-02,TMIN,100
USW00013754,2010-12-27,TMIN,-38
USW00093719,2011-09-22,TMIN,222
USC00317170,2013-11-11,TMIN,39
USC00314684,2005-12-01,TMAX,189
USC00316096,2010-02-08,TMAX,83
USW00013754,2010-12-27,TMAX,28
USC00316096,2015-10-23,TMAX,267
USW00093719,2015-03-23,TMAX,122
USC00316096,2015-10-23,TMIN,100
USC00315830,2008-03-13,TMAX,206
USC00317170,2014-10-30,TMIN,111
USC00315830,2007-04-05,TMIN,111
USC00317170,2014-10-30,TMAX,239
USW00093765,2015-05-02,TMAX,222
USC00316096,2010-02-08,TMIN,-56
USR0000NHOF,2006-04-14,TMIN,150
USC00314684,2006-08-23,TMIN,233
USW00093765,2013-01-10,TMIN,83
USR0000NCRN,2011-11-26,TMIN,6
USR0000NCRN,2011-11-26,TMAX,206
USC00316096,2010-03-16,TMIN,28
USC00316096,2010-03-16,TMAX,106
USW00093765,2008-05-17,TMIN,144
USC00315830,2012-10-30,TMAX,139
USW00013754,2009-07-02,TMAX,339
USW00093765,2008-05-17,TMAX,211
USW00093743,2008-04-29,TMIN,78
USW00093719,2015-03-23,TMIN,56
USW00093743,2008-04-29,TMAX,194
USC00316676,2008-08-25,TMIN,183
USC00315830,2006-12-05,TMAX,128
USC00315830,2012-10-30,TMIN,94
USC00315830,2006-12-05,TMIN,-28
USC00317170,2012-06-23,TMAX,322
USC00317170,2012-06-23,TMIN,206
USR0000NHOF,2012-07-04,TMAX,344
USC00314684,2006-08-23,TMAX,300
USR0000NCRN,2005-04-24,TMAX,156
USW00013754,2009-07-02,TMIN,233
USR0000NHOF,2008-10-01,TMIN,133
USC00315830,2008-03-13,TMIN,89
USC00314144,2009-04-17,TMIN,-33
USW00093743,2008-12-23,TMAX,94
USC00314689,2006-03-20,TMAX,133
USC00316676,2009-05-13,TMIN,94
USC00315830,2015-01-17,TMAX,128
USW00013754,2013-10-12,TMAX,211
USC00314689,2005-02-19,TMIN,-44
USC00314689,2005-02-19,TMAX,100
USW00013754,2013-10-12,TMIN,172
USC00314689,2011-01-04,TMIN,-44
USC00314144,2006-07-26,TMAX,333
USW00013754,2007-11-05,TMIN,33
USC00314689,2006-03-20,TMIN,0
USC00310576,2014-07-10,TMIN,244
USC00314689,2005-09-05,TMIN,167
USC00314689,2005-09-05,TMAX,300
USW00013754,2012-10-01,TMIN,183
USC00310576,2014-07-10,TMAX,344
USC00310356,2015-08-11,TMIN,239
USC00315830,2015-01-17,TMIN,17
USC00316676,2015-10-10,TMAX,272
USW00093743,2008-12-23,TMIN,-55
USC00317170,2013-10-22,TMAX,194
USC00316676,2012-05-26,TMAX,289
USC00314144,2006-07-26,TMIN,211
USC00314144,2009-04-17,TMAX,211
USR0000NHOF,2006-04-14,TMAX,306
USC00315830,2009-12-06,TMAX,144
USR0000NCRN,2005-04-24,TMIN,44
USC00315830,2009-12-06,TMIN,22
USR0000NHOF,2008-10-01,TMAX,267
USR0000NHOF,2012-08-04,TMAX,311
USC00316676,2007-08-24,TMIN,217
USC00316676,2009-05-13,TMAX,233
USR0000NHOF,2012-08-04,TMIN,206
USC00317170,2013-11-11,TMAX,156
USC00314144,2009-05-05,TMIN,161
USC00317170,2013-10-22,TMIN,133
USC00316676,2007-08-24,TMAX,306
USR0000NNWB,2014-12-02,TMIN,61
USC00310356,2008-04-29,TMIN,94
USR0000NNWB,2014-12-02,TMAX,133
USR0000NHOF,2009-08-28,TMIN,206
USR0000NHOF,2009-08-28,TMAX,300
USC00310356,2008-04-29,TMAX,178
USC00316676,2012-05-26,TMIN,217
USR0000NHOF,2015-08-11,TMAX,289
USC00316676,2015-10-10,TMIN,144
USR0000NHOF,2012-07-04,TMIN,250
USC00314689,2015-04-17,TMAX,250
USC00314684,2006-11-18,TMAX,161
USC00315830,2011-11-20,TMIN,111
USC00310576,2009-10-06,TMIN,167
USC00310576,2009-10-06,TMAX,194
USC00310576,2015-12-31,TMIN,183
USW00013754,2008-02-10,TMIN,28
USW00013754,2015-12-02,TMIN,150
USC00310576,2013-08-25,TMAX,278
USC00310576,2013-08-25,TMIN,167
USC00315830,2011-11-20,TMAX,233
USW00013754,2008-02-10,TMAX,189
USC00310576,2015-12-31,TMAX,244
USC00315830,2014-03-28,TMIN,-28
USC00315830,2014-03-28,TMAX,200
USC00316676,2007-12-18,TMAX,83
USC00316676,2007-12-18,TMIN,-56
USC00315830,2007-12-12,TMAX,217
USR0000NNWB,2012-11-08,TMAX,156
USW00093719,2007-09-30,TMAX,267
USC00314689,2008-12-02,TMAX,139
USC00314689,2008-12-02,TMIN,33
USC00310576,2012-09-19,TMIN,206
USC00314684,2006-11-18,TMIN,44
USC00316096,2015-05-08,TMAX,267
USC00314689,2013-01-13,TMAX,239
USC00310356,2012-08-04,TMAX,306
USC00317170,2009-12-26,TMIN,89
USC00316676,2015-06-14,TMIN,233
USC00316676,2015-06-14,TMAX,328
USC00314689,2014-03-15,TMAX,222
USC00314689,2014-03-15,TMIN,100
USC00310356,2012-08-04,TMIN,272
USC00315830,2013-06-02,TMAX,283
USC00314144,2010-04-03,TMAX,250
USR0000NHOF,2006-07-27,TMIN,200
USC00310356,2008-08-16,TMIN,183
USC00315830,2013-06-02,TMIN,228
USC00314144,2006-10-24,TMIN,-6
USC00310576,2007-04-30,TMIN,106
USC00314144,2010-04-03,TMIN,78
USC00316096,2015-05-08,TMIN,189
USC00310576,2006-06-07,TMIN,156
USC00310576,2006-06-07,TMAX,283
USW00013754,2015-12-02,TMAX,244
USC00310576,2007-04-30,TMAX,267
USC00315830,2011-05-17,TMAX,250
USC00310576,2012-09-19,TMAX,283
USR0000NHOF,2011-05-05,TMIN,44
USW00093743,2012-08-04,TMIN,256
USC00314144,2008-10-16,TMAX,289
USR0000NCRN,2010-09-10,TMIN,161
USR0000NCRN,2010-09-10,TMAX,278
USC00310576,2011-02-17,TMIN,-6
USC00314689,2014-11-28,TMAX,100
USW00093765,2012-06-22,TMIN,244
USW00093765,2012-06-22,TMAX,294
USC00316676,2015-02-09,TMAX,228
USC00316676,2015-02-09,TMIN,106
USC00314689,2014-11-28,TMIN,-11
USC00310576,2011-02-17,TMAX,161
USC00310356,2008-08-16,TMAX,300
USC00310576,2012-02-02,TMIN,111
USC00315830,2007-04-05,TMAX,228
USC00314689,2015-04-17,TMIN,139
USC00315830,2011-05-17,TMIN,167
USR0000NCRN,2007-05-18,TMIN,122
USR0000NHOF,2015-08-11,TMIN,200
USW00093765,2013-01-10,TMAX,167
USC00314144,2008-10-16,TMIN,106
USC00310576,2012-02-02,TMAX,217
USC00310356,2007-08-08,TMIN,267
USC00315830,2005-10-29,TMAX,194
USC00315830,2007-12-12,TMIN,133
USR0000NHOF,2011-05-05,TMAX,206
USC00315830,2010-02-06,TMIN,39
USR0000NNWB,2012-10-01,TMIN,178
USC00315830,2010-02-06,TMAX,167
USR0000NHOF,2008-03-31,TMIN,94
USR0000NHOF,2008-03-31,TMAX,211
USC00315830,2005-10-29,TMIN,39
USW00093743,2012-08-04,TMAX,300
USW00093765,2005-10-04,TMIN,211
USW00093765,2005-10-04,TMAX,283
USW00093765,2014-01-30,TMIN,-43
USW00013754,2012-08-18,TMIN,222
USW00093719,2007-09-30,TMIN,144
USR0000NNWB,2012-10-01,TMAX,244
USC00317170,2007-12-20,TMIN,11
USC00317170,2007-12-20,TMAX,150
USW00013754,2012-08-18,TMAX,311
USW00093765,2014-01-30,TMAX,22
USC00316676,2009-02-26,TMAX,128
USC00316676,2009-02-26,TMIN,-6
USC00316676,2008-08-25,TMAX,306
USC00316676,2009-02-18,TMAX,94
USC00317170,2012-12-19,TMAX,178
USC00314144,2009-06-05,TMIN,200
USC00316096,2015-04-17,TMIN,150
USR0000NNWB,2015-10-25,TMAX,250
USW00013754,2007-03-27,TMAX,278
USR0000NCRN,2009-08-26,TMAX,300
USC00317170,2010-12-13,TMIN,11
USR0000NCRN,2009-08-26,TMIN,272
USR0000NNWB,2012-01-01,TMAX,194
USW00093743,2011-05-05,TMIN,83
USC00316096,2015-06-25,TMIN,217
USR0000NNWB,2015-10-25,TMIN,106
USC00316096,2014-02-07,TMIN,-6
USW00093743,2011-05-05,TMAX,206
USC00314689,2008-10-15,TMIN,122
USR0000NHOF,2007-05-17,TMAX,211
USC00316096,2014-02-07,TMAX,83
USR0000NHOF,2007-05-17,TMIN,150
USW00013754,2013-06-02,TMAX,294
USR0000NNWB,2008-05-24,TMIN,139
USR0000NNWB,2008-05-24,TMAX,239
USC00314689,2008-03-31,TMIN,78
USC00317170,2010-12-13,TMAX,128
USW00093743,2008-03-01,TMIN,78
USR0000NCRN,2007-12-21,TMIN,-94
USW00013754,2007-03-27,TMIN,139
USW00093765,2011-06-20,TMIN,222
USC00310356,2006-04-14,TMIN,172
USW00093765,2011-08-12,TMIN,272
USR0000NHOF,2011-09-24,TMAX,228
USC00310356,2006-04-14,TMAX,211
USC00316096,2013-01-13,TMIN,128
USW00093765,2013-10-22,TMIN,156
USC00315830,2007-02-02,TMAX,89
USC00315830,2007-02-02,TMIN,33
USR0000NCRN,2007-12-21,TMAX,117
USC00310356,2014-06-13,TMAX,278
USW00093765,2013-10-22,TMAX,200
USR0000NHOF,2011-09-24,TMIN,183
USW00093765,2011-08-12,TMAX,328
USR0000NNWB,2012-01-01,TMIN,17
USC00310356,2012-07-04,TMIN,267
USC00310356,2012-07-04,TMAX,306
USC00315830,2006-07-20,TMAX,311
USW00093765,2011-06-20,TMAX,356
USC00315830,2006-07-20,TMIN,217
USC00316096,2013-01-13,TMAX,217
USC00316676,2014-10-14,TMAX,278
USW00013754,2013-06-02,TMIN,200
USC00316676,2014-10-14,TMIN,167
USC00314144,2005-02-17,TMIN,39
USC00316676,2013-05-27,TMIN,78
USC00310576,2010-05-30,TMIN,156
USR0000NNWB,2010-04-30,TMAX,300
USR0000NCRN,2015-10-05,TMIN,178
USC00316676,2013-05-27,TMAX,233
USR0000NNWB,2010-04-30,TMIN,128
USC00310576,2005-08-02,TMIN,206
USC00310576,2010-05-30,TMAX,289
USC00316096,2015-04-17,TMAX,250
USC00310576,2007-03-15,TMAX,272
USC00316676,2011-04-16,TMAX,233
USC00314684,2006-12-06,TMIN,-28
USC00314689,2008-10-24,TMIN,94
USC00316676,2011-04-16,TMIN,117
USC00314689,2007-03-09,TMIN,-6
USC00316676,2011-08-26,TMIN,211
USC00314689,2010-11-09,TMIN,33
USC00314689,2007-03-09,TMAX,156
USC00310576,2010-04-20,TMIN,67
USW00093765,2008-01-16,TMIN,0
USC00314144,2005-02-17,TMAX,200
USR0000NCRN,2015-10-05,TMAX,217
USW00093765,2008-01-16,TMAX,72
USC00314684,2014-11-02,TMAX,133
USR0000NHOF,2011-03-01,TMIN,-17
USC00314684,2014-11-02,TMIN,39
USW00013754,2011-06-21,TMAX,306
USC00316096,2015-06-25,TMAX,317
USC00310356,2014-06-13,TMIN,228
USR0000NHOF,2006-01-24,TMIN,100
USC00314689,2008-10-15,TMAX,306
USR0000NHOF,2006-01-24,TMAX,139
USW00013754,2009-11-16,TMAX,228
USW00013754,2009-11-16,TMIN,72
USC00317170,2009-06-18,TMIN,206
USC00317170,2009-06-18,TMAX,272
USW00013754,2011-06-21,TMIN,206
USC00310356,2008-03-31,TMIN,33
USW00013754,2014-12-02,TMIN,56
USC00310356,2008-03-31,TMAX,183
USW00013754,2014-12-02,TMAX,139
USW00093743,2008-03-01,TMAX,200
USC00310576,2005-08-02,TMAX,306
USC00314689,2008-03-31,TMAX,211
USR0000NCRN,2010-12-30,TMIN,-50
USC00317170,2012-12-19,TMIN,22
USW00093743,2008-03-31,TMAX,200
USC00317170,2008-07-05,TMIN,228
USW00093765,2007-10-23,TMIN,200
USC00314689,2014-02-07,TMAX,89
USW00093765,2007-10-23,TMAX,278
USW00013754,2013-03-05,TMAX,167
USC00316676,2009-11-15,TMIN,128
USC00317170,2015-09-08,TMIN,222
USW00093719,2008-10-07,TMIN,128
USW00013754,2013-11-05,TMIN,94
USW00093719,2008-10-07,TMAX,222
USC00314689,2014-02-07,TMIN,-28
USC00314689,2015-06-25,TMIN,256
USR0000NNWB,2014-07-08,TMIN,244
USW00093719,2005-08-26,TMIN,194
USC00310576,2009-12-04,TMAX,206
USC00314689,2009-12-10,TMIN,89
USC00314689,2009-12-10,TMAX,217
USR0000NNWB,2014-07-08,TMAX,350
USW00093719,2005-08-26,TMAX,294
USC00314144,2009-05-05,TMAX,239
USC00316676,2009-11-15,TMAX,150
USC00314689,2015-06-25,TMAX,350
USC00310576,2009-12-04,TMIN,72
USC00314144,2010-08-17,TMIN,206
USW00013754,2007-11-05,TMAX,200
USC00310356,2012-02-16,TMAX,167
USC00310356,2015-08-11,TMAX,289
USR0000NCRN,2011-05-30,TMAX,300
USW00013754,2012-10-01,TMAX,267
USW00013754,2005-01-01,TMAX,206
USW00013754,2005-01-01,TMIN,56
USW00013754,2013-03-05,TMIN,-27
USW00013754,2013-11-05,TMAX,222
USC00314144,2009-06-05,TMAX,267
USC00314144,2010-08-17,TMAX,311
USC00310356,2005-10-31,TMIN,72
USC00314144,2009-05-04,TMIN,172
USC00314689,2015-07-19,TMIN,222
USC00314144,2009-05-04,TMAX,272
USW00093719,2010-10-15,TMAX,222
USC00310356,2005-10-31,TMAX,200
USW00093719,2010-10-15,TMIN,72
USC00314144,2010-08-16,TMIN,183
USC00314144,2010-08-16,TMAX,294
USC00317170,2015-09-08,TMAX,317
USC00314689,2015-07-19,TMAX,333
USR0000NCRN,2011-05-30,TMIN,189
USC00314684,2011-12-24,TMAX,206
USC00314689,2010-02-08,TMAX,72
USC00310356,2005-06-16,TMAX,283
USC00310356,2005-06-16,TMIN,233
USC00315830,2015-11-17,TMAX,183
USW00093765,2014-08-22,TMAX,333
USR0000NNWB,2009-07-02,TMAX,344
USW00093765,2008-02-08,TMAX,156
USR0000NNWB,2009-07-02,TMIN,228
USW00093765,2014-08-22,TMIN,256
USC00310356,2009-08-28,TMIN,261
USC00315830,2015-11-17,TMIN,56
USC00310356,2007-08-08,TMAX,306
USC00310356,2009-08-28,TMAX,306
USW00093765,2008-02-08,TMIN,61
USC00310356,2007-08-24,TMIN,233
USC00317170,2008-07-05,TMAX,306
USC00310356,2012-02-16,TMIN,67
USW00093719,2012-08-02,TMIN,206
USC00315830,2011-07-31,TMAX,333
USW00093743,2008-03-31,TMIN,111
USC00310576,2007-02-25,TMAX,167
USC00310356,2007-08-24,TMAX,322
USW00093743,2012-07-04,TMAX,317
USW00093743,2012-07-04,TMIN,267
USC00314689,2011-01-04,TMAX,117
USC00314689,2010-02-08,TMIN,-50
USC00314684,2011-12-24,TMIN,56
USC00310576,2012-07-19,TMIN,244
USC00310576,2011-12-12,TMAX,117
USC00310576,2012-07-19,TMAX,322
USW00093743,2009-08-28,TMIN,239
USC00310576,2011-12-12,TMIN,17
USW00093743,2009-08-28,TMAX,306
USW00093765,2007-08-12,TMAX,289
USW00093765,2007-08-12,TMIN,200
USW00093719,2011-05-14,TMAX,300
USC00316676,2011-12-15,TMAX,117
USC00316676,2011-12-15,TMIN,6
USC00317170,2010-09-20,TMAX,322
USR0000NCRN,2010-12-30,TMAX,94
USW00093719,2011-05-14,TMIN,178
USR0000NHOF,2011-03-01,TMAX,150
USW00093765,2014-10-30,TMIN,117
USW00093765,2014-10-30,TMAX,217
USW00093719,2012-08-02,TMAX,333
USC00314689,2006-07-29,TMIN,233
USC00310576,2007-02-25,TMIN,-6
USC00317170,2009-12-26,TMAX,178
USC00314684,2015-06-25,TMIN,217
USW00093719,2015-04-06,TMAX,250
USR0000NCRN,2005-02-04,TMIN,22
USC00316676,2014-12-04,TMIN,106
USC00310356,2005-12-18,TMAX,94
USC00310356,2005-12-18,TMIN,0
USC00317170,2013-10-12,TMAX,206
USW00013754,2012-06-22,TMIN,211
USC00316676,2014-12-04,TMAX,206
USC00315830,2008-10-22,TMIN,94
USW00013754,2012-06-22,TMAX,339
USC00310576,2015-09-08,TMAX,306
USW00013754,2010-12-23,TMAX,83
USW00093719,2007-06-30,TMIN,222
USC00315830,2013-08-25,TMAX,278
USC00314689,2014-08-22,TMAX,333
USC00317170,2013-10-12,TMIN,167
USC00316676,2014-03-15,TMAX,161
USC00316676,2014-03-15,TMIN,-33
USC00314689,2014-08-22,TMIN,233
USW00093743,2008-06-12,TMIN,206
USW00093743,2008-06-12,TMAX,294
USR0000NHOF,2009-05-10,TMIN,139
USC00310576,2006-02-23,TMAX,117
USC00310576,2007-06-20,TMAX,350
USR0000NCRN,2005-02-04,TMAX,89
USW00013754,2008-08-20,TMIN,194
USW00093719,2005-02-14,TMIN,72
USC00316676,2013-12-07,TMIN,200
USC00316676,2013-12-07,TMAX,272
USW00093743,2011-04-05,TMAX,194
USC00315830,2012-05-31,TMIN,194
USR0000NNWB,2007-09-28,TMAX,311
USC00310576,2015-09-08,TMIN,211
USW00013754,2015-02-04,TMAX,150
USC00310576,2007-06-20,TMIN,217
USR0000NNWB,2009-03-13,TMIN,50
USW00013754,2015-02-04,TMIN,-27
USW00093743,2009-08-01,TMAX,306
USC00315830,2006-12-17,TMAX,194
USW00093743,2009-08-01,TMIN,250
USC00310576,2013-05-09,TMAX,244
USC00310576,2013-05-09,TMIN,94
USC00315830,2007-06-07,TMIN,211
USR0000NNWB,2009-03-13,TMAX,83
USC00310576,2007-06-06,TMIN,139
USC00315830,2012-05-31,TMAX,300
USW00013754,2008-08-20,TMAX,311
USC00315830,2013-08-25,TMIN,200
USC00314689,2011-05-24,TMIN,222
USC00315830,2009-02-11,TMIN,50
USC00315830,2008-01-07,TMIN,61
USW00093719,2010-04-30,TMIN,122
USC00315830,2009-02-11,TMAX,194
USC00310356,2008-06-12,TMIN,244
USW00093765,2013-05-27,TMIN,117
USC00310356,2008-06-12,TMAX,244
USC00315830,2014-07-27,TMIN,261
USC00315830,2014-07-27,TMAX,311
USW00013754,2007-06-27,TMIN,206
USR0000NCRN,2014-05-10,TMAX,261
USW00093765,2013-05-27,TMAX,250
USC00310356,2005-04-01,TMAX,200
USC00314689,2005-10-07,TMIN,211
USC00315830,2006-06-10,TMAX,283
USW00013754,2014-12-17,TMAX,172
USC00317170,2009-07-02,TMAX,339
USC00315830,2011-01-02,TMAX,178
USC00315830,2006-06-10,TMIN,211
USW00013754,2014-12-17,TMIN,67
USR0000NCRN,2014-05-10,TMIN,217
USW00013754,2010-12-23,TMIN,-16
USC00315830,2008-01-07,TMAX,194
USW00093765,2012-06-30,TMIN,256
USW00093719,2005-05-14,TMAX,272
USC00310576,2006-02-23,TMIN,39
USC00316676,2013-01-25,TMIN,-28
USC00316676,2013-01-25,TMAX,56
USC00310356,2012-07-30,TMIN,233
USR0000NHOF,2009-05-10,TMAX,267
USR0000NHOF,2011-04-29,TMIN,100
USC00314689,2011-05-24,TMAX,339
USW00093719,2007-06-30,TMAX,311
USW00093765,2010-05-02,TMIN,194
USW00093719,2010-04-30,TMAX,289
USW00093719,2005-05-14,TMIN,128
USW00093765,2008-07-06,TMIN,211
USR0000NNWB,2015-02-04,TMAX,144
USR0000NNWB,2015-02-04,TMIN,-22
USC00314684,2009-12-10,TMIN,111
USC00314684,2009-12-10,TMAX,222
USW00013754,2007-06-27,TMAX,311
USW00093765,2012-06-30,TMAX,344
USC00310356,2005-04-01,TMIN,150
USR0000NHOF,2011-04-29,TMAX,244
USW00093765,2013-03-07,TMIN,44
USC00314144,2006-10-04,TMIN,100
USW00093765,2013-03-07,TMAX,133
USC00314144,2009-07-09,TMAX,272
USR0000NHOF,2014-03-28,TMAX,228
USC00315830,2006-10-31,TMAX,233
USC00315830,2006-10-31,TMIN,106
USR0000NCRN,2005-02-17,TMAX,233
USR0000NCRN,2005-02-17,TMIN,22
USC00310356,2009-08-01,TMAX,300
USC00316096,2011-04-13,TMIN,94
USW00093765,2009-07-02,TMAX,306
USR0000NHOF,2014-03-28,TMIN,44
USR0000NNWB,2015-12-02,TMIN,139
USW00093743,2011-07-09,TMAX,311
USC00310356,2009-08-01,TMIN,261
USR0000NHOF,2008-06-12,TMIN,161
USR0000NHOF,2008-06-12,TMAX,311
USR0000NCRN,2013-12-27,TMAX,111
USC00314689,2005-12-01,TMAX,183
USC00314689,2005-12-01,TMIN,56
USR0000NHOF,2015-10-05,TMAX,211
USC00316676,2008-04-12,TMAX,283
USW00093765,2009-07-02,TMIN,267
USR0000NHOF,2015-10-05,TMIN,161
USW00013754,2011-01-29,TMAX,133
USC00317170,2013-12-26,TMAX,56
USC00310356,2011-04-16,TMAX,239
USC00314689,2006-03-19,TMIN,-11
USC00314684,2015-11-07,TMAX,272
USC00314689,2006-03-19,TMAX,139
USC00316676,2011-08-19,TMAX,317
USW00093765,2005-11-17,TMAX,211
USC00316676,2011-08-19,TMIN,200
USR0000NCRN,2006-04-14,TMIN,161
USC00314684,2006-03-11,TMIN,94
USC00314144,2009-07-09,TMIN,150
USW00013754,2011-01-29,TMIN,-27
USR0000NCRN,2006-04-14,TMAX,261
USC00310576,2008-08-20,TMAX,311
USC00314689,2009-12-26,TMAX,161
USC00314689,2013-06-02,TMAX,311
USC00314689,2013-06-02,TMIN,194
USC00314689,2009-12-26,TMIN,89
USC00314144,2006-09-20,TMAX,283
USC00314144,2006-09-20,TMIN,172
USC00317170,2013-12-26,TMIN,11
USC00314684,2006-03-11,TMAX,222
USC00316096,2010-11-09,TMIN,22
USC00316096,2010-11-09,TMAX,183
USW00013754,2008-09-22,TMIN,189
USC00317170,2008-01-18,TMIN,50
USC00310576,2011-12-15,TMIN,17
USC00314684,2005-03-21,TMIN,56
USC00317170,2008-08-01,TMIN,222
USC00310356,2014-03-28,TMIN,17
USC00310356,2012-07-30,TMAX,306
USR0000NCRN,2012-07-20,TMIN,228
USC00310576,2006-02-20,TMIN,-17
USC00310576,2011-12-15,TMAX,144
USW00093719,2009-02-07,TMIN,-22
USW00093719,2005-02-14,TMAX,194
USC00314144,2006-10-04,TMAX,294
USW00093719,2005-01-01,TMAX,206
USC00317170,2013-05-27,TMIN,83
USC00317170,2013-05-27,TMAX,278
USW00093719,2005-01-01,TMIN,39
USC00315830,2014-10-30,TMIN,133
USC00315830,2014-10-30,TMAX,250
USC00316676,2006-02-26,TMIN,11
USC00316676,2006-02-26,TMAX,178
USC00310356,2014-03-28,TMAX,128
USR0000NCRN,2012-07-20,TMAX,294
USC00317170,2008-08-01,TMAX,333
USR0000NCRN,2014-01-05,TMIN,56
USR0000NCRN,2013-12-27,TMIN,-6
USW00013754,2008-09-22,TMAX,239
USW00093719,2012-08-03,TMIN,206
USW00093719,2012-08-03,TMAX,328
USC00310356,2005-02-08,TMAX,144
USR0000NCRN,2014-01-05,TMAX,183
USW00093719,2009-05-21,TMIN,139
USC00315830,2006-12-17,TMIN,28
USW00093743,2011-07-09,TMIN,244
USR0000NCRN,2013-12-28,TMAX,178
USC00314689,2015-05-03,TMAX,172
USC00310356,2005-02-08,TMIN,11
USC00316676,2008-04-12,TMIN,122
USC00317170,2008-01-18,TMAX,106
USC00310576,2006-02-20,TMAX,61
USC00314689,2007-04-07,TMAX,133
USW00093719,2009-02-07,TMAX,200
USC00314689,2007-04-07,TMIN,17
USC00314684,2015-11-07,TMIN,194
USW00093765,2012-09-21,TMAX,261
USW00093765,2012-09-21,TMIN,167
USW00093719,2006-04-15,TMAX,322
USW00093765,2010-05-02,TMAX,250
USC00317170,2009-07-02,TMIN,228
USW00093719,2006-04-15,TMIN,183
USC00315830,2011-09-14,TMIN,183
USR0000NCRN,2014-03-28,TMIN,133
USC00316676,2006-04-21,TMIN,106
USW00013754,2011-11-20,TMAX,256
USW00013754,2011-11-20,TMIN,83
USC00316676,2006-04-21,TMAX,289
USC00310356,2015-02-03,TMIN,-17
USC00310356,2015-02-03,TMAX,156
USC00314689,2013-02-04,TMAX,89
USR0000NNWB,2009-11-08,TMIN,56
USC00316096,2012-08-16,TMAX,300
USC00315830,2005-08-28,TMAX,306
USR0000NHOF,2008-12-23,TMAX,89
USC00315830,2005-08-28,TMIN,228
USR0000NCRN,2014-06-17,TMAX,300
USW00093719,2011-10-21,TMAX,200
USC00317170,2011-11-18,TMAX,106
USR0000NCRN,2014-03-28,TMAX,206
USW00093719,2011-10-21,TMIN,67
USC00315830,2012-07-15,TMAX,306
USC00317170,2011-11-18,TMIN,0
USC00317170,2015-06-25,TMIN,217
USC00314689,2013-02-04,TMIN,-33
USR0000NHOF,2005-12-18,TMIN,33
USC00310356,2007-01-08,TMAX,150
USW00093719,2007-04-16,TMAX,156
USC00314684,2007-05-16,TMIN,150
USC00314684,2007-05-16,TMAX,272
USR0000NHOF,2005-12-18,TMAX,56
USW00093719,2010-11-03,TMIN,106
USW00093765,2013-01-27,TMAX,67
USW00093765,2013-01-27,TMIN,-16
USC00310576,2005-07-25,TMIN,183
USR0000NHOF,2009-08-01,TMAX,311
USC00314684,2005-07-05,TMIN,228
USR0000NHOF,2008-06-14,TMIN,122
USC00316676,2010-02-08,TMAX,78
USC00314684,2005-07-05,TMAX,311
USC00316676,2010-02-08,TMIN,-50
USR0000NCRN,2012-04-02,TMAX,228
USR0000NNWB,2006-06-20,TMIN,222
USR0000NCRN,2012-04-02,TMIN,67
USR0000NNWB,2006-06-20,TMAX,333
USR0000NHOF,2008-06-14,TMAX,311
USW00093719,2010-11-03,TMAX,150
USC00316096,2012-08-16,TMIN,217
USC00315830,2010-05-10,TMAX,200
USR0000NHOF,2009-08-01,TMIN,217
USC00315830,2007-08-06,TMAX,322
USC00317170,2015-11-01,TMAX,267
USC00314144,2010-12-23,TMAX,78
USW00093719,2009-11-16,TMAX,228
USR0000NCRN,2010-08-17,TMIN,228
USW00093719,2009-11-16,TMIN,67
USR0000NCRN,2009-08-28,TMIN,256
USC00310356,2011-04-05,TMIN,156
USC00316096,2015-12-04,TMAX,122
USC00310356,2012-05-20,TMIN,156
USC00316096,2015-12-04,TMIN,28
USW00093719,2013-05-27,TMIN,89
USW00093719,2013-05-27,TMAX,272
USR0000NHOF,2007-01-08,TMIN,33
USW00013754,2008-05-17,TMIN,139
USC00314689,2005-07-02,TMAX,333
USW00013754,2008-05-17,TMAX,233
USC00314689,2012-12-19,TMAX,183
USR0000NCRN,2009-08-28,TMAX,317
USC00315830,2012-08-19,TMAX,300
USR0000NHOF,2007-01-08,TMAX,206
USC00310356,2012-05-20,TMAX,250
USC00310576,2008-06-27,TMIN,239
USC00315830,2011-05-30,TMIN,228
USC00317170,2015-06-25,TMAX,311
USC00314144,2010-12-23,TMIN,-28
USC00315830,2010-05-10,TMIN,128
USR0000NHOF,2014-02-01,TMAX,133
USR0000NCRN,2014-06-17,TMIN,217
USC00317170,2015-11-01,TMIN,106
USR0000NHOF,2011-05-25,TMAX,322
USW00013754,2005-10-04,TMIN,211
USC00316096,2012-03-26,TMAX,239
USC00316096,2012-03-26,TMIN,139
USC00314144,2008-10-22,TMAX,156
USR0000NHOF,2011-05-25,TMIN,183
USC00314144,2008-10-22,TMIN,-6
USC00315830,2012-07-15,TMIN,233
USR0000NHOF,2014-02-01,TMIN,-39
USW00093743,2011-04-29,TMAX,250
USC00315830,2014-03-31,TMAX,183
USW00013754,2005-10-04,TMAX,283
USC00315830,2014-03-31,TMIN,61
USR0000NHOF,2008-12-23,TMIN,-100
USR0000NCRN,2010-08-17,TMAX,317
USR0000NNWB,2015-04-12,TMAX,222
USC00310356,2011-04-16,TMIN,144
USR0000NHOF,2011-07-09,TMIN,228
USR0000NCRN,2012-09-19,TMIN,189
USW00013754,2015-02-25,TMIN,-38
USW00013754,2013-12-09,TMAX,228
USW00013754,2013-12-09,TMIN,61
USC00315830,2011-01-02,TMIN,22
USR0000NNWB,2010-08-28,TMAX,317
USW00013754,2009-03-30,TMAX,200
USC00314689,2009-08-02,TMIN,239
USW00013754,2007-03-02,TMIN,117
USW00013754,2009-03-30,TMIN,78
USR0000NNWB,2010-08-28,TMIN,206
USC00314689,2009-08-02,TMAX,339
USC00316676,2009-05-25,TMAX,272
USR0000NCRN,2014-08-31,TMIN,211
USC00310356,2010-04-30,TMIN,111
USC00317170,2010-03-16,TMIN,89
USC00317170,2010-03-16,TMAX,117
USR0000NCRN,2014-08-31,TMAX,311
USC00316096,2010-05-12,TMIN,183
USC00317170,2012-09-21,TMAX,267
USC00317170,2012-09-21,TMIN,144
USC00310576,2008-06-27,TMAX,339
USC00314684,2015-06-14,TMIN,228
USC00316096,2010-04-03,TMIN,111
USC00315830,2007-06-07,TMAX,306
USR0000NNWB,2012-03-30,TMIN,133
USR0000NNWB,2012-03-30,TMAX,256
USR0000NNWB,2008-05-17,TMIN,133
USR0000NNWB,2008-05-17,TMAX,256
USW00093719,2013-10-27,TMIN,56
USW00093719,2013-10-27,TMAX,211
USC00310576,2007-04-29,TMIN,139
USC00310576,2007-04-29,TMAX,267
USW00093765,2008-07-06,TMAX,289
USC00316096,2010-04-03,TMAX,222
USC00310576,2011-09-08,TMIN,217
USW00013754,2015-02-25,TMAX,50
USC00316096,2012-12-19,TMAX,183
USC00316096,2012-12-19,TMIN,6
USW00093719,2014-01-30,TMIN,-55
USC00316676,2009-05-25,TMIN,178
USW00013754,2007-03-02,TMAX,239
USR0000NHOF,2015-02-03,TMIN,-39
USR0000NHOF,2015-02-03,TMAX,89
USW00093719,2014-01-30,TMAX,22
USC00310576,2011-09-08,TMAX,294
USC00314684,2015-06-14,TMAX,356
USW00093765,2010-10-15,TMAX,211
USC00310356,2006-10-24,TMAX,194
USR0000NNWB,2009-11-08,TMAX,244
USC00315830,2011-09-14,TMAX,300
USW00093743,2014-02-01,TMIN,-21
USC00316676,2008-01-18,TMAX,128
USC00315830,2012-03-13,TMIN,111
USR0000NNWB,2015-04-12,TMIN,117
USC00315830,2009-08-11,TMAX,311
USC00316676,2008-01-18,TMIN,33
USC00315830,2009-08-11,TMIN,256
USR0000NNWB,2015-08-29,TMIN,194
USW00093719,2007-04-16,TMIN,67
USC00316676,2013-06-23,TMIN,200
USC00314689,2012-01-09,TMIN,61
USC00317170,2009-09-29,TMIN,144
USC00314689,2012-01-09,TMAX,156
USC00310576,2005-07-25,TMAX,322
USW00093719,2015-05-02,TMAX,228
USC00316676,2013-06-23,TMAX,250
USR0000NHOF,2011-07-09,TMAX,317
USC00317170,2009-09-29,TMAX,250
USW00093719,2015-05-02,TMIN,67
USW00093765,2010-10-15,TMIN,122
USW00093719,2012-11-26,TMAX,194
USC00310576,2015-03-24,TMIN,56
USC00310356,2006-10-24,TMIN,17
USC00314684,2005-02-19,TMIN,-61
USC00310356,2010-04-30,TMAX,206
USC00310576,2015-03-24,TMAX,128
USR0000NCRN,2015-03-27,TMIN,61
USC00314684,2005-02-19,TMAX,94
USC00315830,2012-03-13,TMAX,211
USC00316096,2010-05-12,TMAX,261
USC00314689,2012-11-04,TMIN,33
USC00316676,2008-03-29,TMAX,283
USC00314689,2012-11-04,TMAX,144
USC00317170,2013-03-07,TMAX,139
USC00317170,2013-03-07,TMIN,33
USC00310576,2007-06-06,TMAX,322
USW00093743,2014-02-01,TMAX,161
USR0000NCRN,2015-03-27,TMAX,194
USC00316676,2008-03-29,TMIN,111
USW00093765,2005-12-24,TMAX,128
USR0000NNWB,2015-08-29,TMAX,294
USW00093765,2005-12-24,TMIN,-11
USW00093719,2012-11-26,TMIN,6
USR0000NCRN,2012-09-19,TMAX,250
USW00093719,2009-05-21,TMAX,250
USC00316096,2011-04-13,TMAX,194
USW00093765,2008-03-25,TMIN,33
USC00310576,2013-12-01,TMIN,33
USC00314684,2015-05-08,TMAX,278
USC00315830,2015-08-26,TMAX,300
USC00315830,2015-08-26,TMIN,233
USW00093719,2013-03-07,TMIN,50
USW00093719,2008-05-17,TMIN,133
USW00093719,2008-05-17,TMAX,244
USC00314689,2013-05-27,TMIN,94
USC00315830,2011-03-12,TMAX,178
USC00310576,2013-12-01,TMAX,150
USC00314689,2013-05-27,TMAX,261
USC00314689,2010-04-17,TMIN,167
USC00314144,2007-05-23,TMAX,306
USC00314144,2007-05-23,TMIN,139
USC00314684,2007-08-16,TMAX,339
USC00317170,2010-07-21,TMIN,239
USC00316676,2006-08-24,TMAX,283
USC00314144,2009-03-08,TMIN,133
USC00317170,2010-07-21,TMAX,356
USC00314684,2007-08-16,TMIN,206
USC00314689,2010-04-17,TMAX,294
USC00314684,2014-08-22,TMAX,339
USC00314684,2015-05-08,TMIN,161
USW00093765,2008-10-27,TMAX,217
USC00314684,2011-11-18,TMAX,128
USC00316676,2005-03-06,TMIN,-22
USW00093719,2005-10-04,TMIN,206
USW00093719,2015-03-09,TMIN,83
USC00316676,2010-02-16,TMIN,-17
USC00316676,2010-02-16,TMAX,161
USW00093765,2008-10-27,TMIN,56
USW00093719,2005-06-07,TMAX,317
USW00093719,2005-06-07,TMIN,211
USW00093719,2013-03-07,TMAX,133
USC00310356,2006-04-11,TMAX,222
USW00093719,2005-10-04,TMAX,283
USC00314684,2007-02-09,TMIN,-50
USC00316096,2015-10-26,TMIN,156
USC00316096,2015-10-26,TMAX,189
USW00093719,2015-11-24,TMIN,-21
USC00314684,2011-06-18,TMAX,328
USW00093719,2015-11-24,TMAX,133
USC00314684,2007-02-09,TMAX,94
USW00093765,2008-08-17,TMIN,222
USC00310356,2006-04-11,TMIN,28
USR0000NHOF,2009-10-24,TMIN,206
USC00314684,2014-08-22,TMIN,222
USR0000NHOF,2009-10-24,TMAX,267
USC00316096,2013-05-27,TMAX,244
USC00314689,2009-08-29,TMIN,228
USC00315830,2012-02-05,TMAX,161
USC00314689,2005-01-23,TMAX,-22
USC00314689,2009-08-29,TMAX,306
USC00310356,2006-09-08,TMIN,189
USW00093765,2009-06-03,TMIN,228
USC00310356,2006-09-08,TMAX,306
USC00310576,2006-03-26,TMIN,-6
USC00315830,2011-03-12,TMIN,22
USC00314684,2011-06-18,TMIN,217
USC00310576,2006-03-26,TMAX,117
USW00093765,2009-06-03,TMAX,267
USC00316676,2014-12-16,TMAX,167
USW00093719,2011-12-31,TMIN,44
USC00314684,2012-12-19,TMAX,178
USW00093765,2005-04-22,TMIN,128
USC00315830,2014-11-09,TMIN,67
USW00093765,2008-08-17,TMAX,289
USW00013754,2005-06-21,TMIN,156
USC00316676,2014-12-16,TMIN,11
USC00316096,2013-05-27,TMIN,78
USR0000NHOF,2011-04-16,TMAX,233
USR0000NHOF,2011-04-16,TMIN,128
USR0000NCRN,2008-03-16,TMIN,61
USR0000NCRN,2008-03-16,TMAX,156
USC00314689,2007-11-23,TMAX,233
USR0000NNWB,2006-04-15,TMAX,333
USR0000NNWB,2006-04-15,TMIN,194
USW00093743,2012-09-19,TMIN,178
USW00093743,2012-09-19,TMAX,256
USC00314689,2007-11-23,TMIN,83
USC00316676,2006-08-24,TMIN,189
USC00314144,2009-03-08,TMAX,272
USW00093719,2011-12-31,TMAX,189
USR0000NHOF,2015-12-25,TMAX,267
USR0000NHOF,2015-12-25,TMIN,189
USC00310356,2012-09-19,TMIN,211
USC00316096,2011-10-10,TMIN,183
USC00310356,2012-09-19,TMAX,278
USC00314144,2010-11-13,TMAX,189
USC00316096,2011-10-10,TMAX,239
USW00013754,2005-06-21,TMAX,278
USC00314689,2005-01-23,TMIN,-50
USC00315830,2012-02-05,TMIN,100
USC00310356,2015-12-25,TMIN,183
USW00093719,2011-06-21,TMAX,317
USC00310356,2015-12-25,TMAX,206
USC00314689,2008-11-25,TMIN,89
USW00093765,2007-12-22,TMIN,111
USC00310356,2007-02-11,TMIN,-28
USW00093765,2007-12-22,TMAX,183
USC00314689,2008-09-18,TMAX,261
USW00093719,2012-03-30,TMIN,128
USW00093719,2005-12-24,TMIN,-39
USC00314689,2008-09-18,TMIN,144
USR0000NNWB,2011-10-21,TMAX,211
USC00316676,2014-06-15,TMAX,294
USC00310356,2007-02-11,TMAX,78
USW00013754,2008-01-26,TMAX,44
USC00315830,2005-08-12,TMIN,233
USW00093719,2011-01-09,TMAX,39
USW00093719,2012-03-30,TMAX,244
USW00013754,2015-10-25,TMAX,256
USC00315830,2011-07-21,TMIN,228
USC00315830,2011-07-21,TMAX,317
USC00317170,2013-06-02,TMAX,306
USC00317170,2013-06-02,TMIN,206
USC00315830,2005-08-12,TMAX,317
USW00013754,2008-01-26,TMIN,-32
USC00310576,2007-09-24,TMIN,194
USR0000NNWB,2009-11-16,TMIN,72
USW00093719,2005-12-24,TMAX,172
USC00310356,2005-04-24,TMIN,100
USC00314684,2015-06-25,TMAX,356
USC00314689,2006-11-27,TMAX,206
USR0000NCRN,2012-03-04,TMIN,33
USC00310576,2005-04-04,TMIN,72
USC00310576,2005-04-04,TMAX,239
USC00316676,2005-05-28,TMIN,150
USW00013754,2015-10-25,TMIN,106
USC00316676,2006-01-24,TMIN,78
USC00314689,2014-11-02,TMIN,39
USC00317170,2008-06-27,TMIN,233
USR0000NHOF,2015-10-31,TMAX,222
USC00310576,2007-09-24,TMAX,333
USW00093719,2012-09-21,TMAX,272
USC00317170,2008-06-27,TMAX,356
USC00310576,2014-12-21,TMIN,17
USW00093719,2012-09-21,TMIN,150
USR0000NNWB,2009-11-16,TMAX,244
USC00314689,2014-11-02,TMAX,117
USC00314689,2008-10-25,TMIN,150
USC00316676,2005-05-28,TMAX,294
USC00310576,2012-12-15,TMAX,150
USC00310356,2014-08-31,TMIN,244
USC00310576,2007-09-29,TMIN,150
USC00310576,2005-06-24,TMIN,189
USC00314144,2006-09-24,TMIN,228
USW00093719,2011-01-09,TMIN,-61
USR0000NHOF,2012-09-19,TMIN,156
USC00315830,2009-03-29,TMIN,189
USC00315830,2009-03-29,TMAX,200
USR0000NCRN,2006-06-07,TMIN,150
USR0000NCRN,2006-06-07,TMAX,300
USC00314144,2006-09-24,TMAX,322
USC00315830,2008-09-04,TMIN,189
USC00310576,2005-06-24,TMAX,311
USC00310576,2007-03-03,TMIN,50
USC00310576,2007-03-03,TMAX,239
USC00315830,2013-03-17,TMIN,106
USW00013754,2012-01-13,TMAX,183
USC00314684,2011-11-18,TMIN,-28
USW00093719,2015-03-09,TMAX,200
USR0000NHOF,2010-04-30,TMIN,133
USR0000NHOF,2010-04-30,TMAX,267
USC00315830,2013-03-17,TMAX,172
USR0000NHOF,2012-09-19,TMAX,222
USR0000NNWB,2011-10-21,TMIN,89
USW00093765,2012-11-26,TMIN,22
USC00314684,2015-12-04,TMIN,28
USC00310356,2014-08-31,TMAX,294
USC00310576,2015-06-05,TMAX,267
USC00314689,2014-01-10,TMIN,44
USR0000NHOF,2015-10-31,TMIN,61
USC00314689,2015-10-23,TMAX,267
USC00310576,2012-12-15,TMIN,17
USC00314689,2015-10-23,TMIN,111
USC00316676,2005-03-06,TMAX,189
USC00310576,2015-06-05,TMIN,194
USR0000NHOF,2006-09-08,TMIN,139
USR0000NHOF,2006-09-08,TMAX,261
USC00315830,2008-09-04,TMAX,306
USC00310576,2007-09-29,TMAX,311
USC00314684,2005-07-14,TMAX,322
USW00093765,2007-12-20,TMIN,11
USC00314689,2014-01-10,TMAX,178
USW00093765,2007-12-20,TMAX,144
USC00314689,2008-11-25,TMAX,150
USC00314684,2005-07-14,TMIN,211
USW00093719,2015-04-06,TMIN,89
USC00314684,2015-12-04,TMAX,117
USW00093765,2012-11-26,TMAX,161
USC00314689,2006-11-27,TMIN,56
USC00316096,2010-08-27,TMAX,294
USC00315830,2014-11-09,TMAX,161
USC00316676,2007-07-28,TMIN,200
USC00316676,2007-07-28,TMAX,328
USW00093743,2011-04-05,TMIN,67
USW00093743,2008-10-01,TMAX,261
USC00316676,2013-09-13,TMIN,183
USC00316676,2013-09-13,TMAX,311
USC00316676,2006-10-29,TMIN,39
USW00093765,2012-01-12,TMAX,167
USC00316676,2006-10-29,TMAX,233
USC00310576,2010-07-06,TMAX,328
USC00310576,2010-07-06,TMIN,167
USC00316676,2008-10-21,TMIN,33
USC00314684,2005-03-21,TMAX,200
USC00314684,2011-04-19,TMIN,89
USC00314684,2011-04-19,TMAX,267
USR0000NHOF,2007-08-24,TMAX,322
USR0000NNWB,2008-01-26,TMAX,50
USR0000NNWB,2008-01-26,TMIN,-22
USC00314144,2009-02-26,TMAX,172
USR0000NHOF,2007-08-24,TMIN,200
USC00310576,2008-08-20,TMIN,178
USW00093765,2010-03-17,TMAX,161
USC00314689,2007-09-13,TMIN,211
USR0000NCRN,2014-02-01,TMIN,-33
USC00316676,2015-10-25,TMIN,111
USC00316676,2008-01-29,TMAX,117
USW00093743,2010-04-30,TMAX,239
USC00315830,2015-04-13,TMAX,217
USC00310576,2012-04-14,TMIN,22
USC00315830,2009-10-21,TMAX,211
USC00315830,2015-04-13,TMIN,128
USW00093743,2011-04-16,TMAX,228
USW00093765,2013-10-12,TMIN,172
USC00310356,2015-12-31,TMAX,228
USC00310576,2012-04-14,TMAX,200
USR0000NCRN,2014-02-01,TMAX,150
USC00310576,2012-09-12,TMIN,111
USC00314144,2006-06-07,TMIN,128
USC00317170,2012-02-24,TMIN,150
USC00310356,2015-12-31,TMIN,178
USC00314144,2006-06-07,TMAX,289
USW00093743,2008-10-01,TMIN,156
USC00310356,2015-10-05,TMIN,194
USC00315830,2009-10-21,TMIN,67
USC00310576,2012-09-12,TMAX,250
USW00093765,2010-03-17,TMIN,44
USC00314144,2008-08-11,TMIN,144
USR0000NNWB,2008-04-26,TMAX,294
USC00314689,2008-03-12,TMIN,83
USC00316096,2013-06-02,TMAX,278
USC00316096,2013-06-02,TMIN,217
USC00314689,2008-03-12,TMAX,183
USC00316096,2015-06-14,TMIN,228
USC00314684,2013-01-13,TMAX,228
USC00316096,2015-10-09,TMIN,133
USC00316096,2015-10-09,TMAX,261
USC00316676,2015-09-18,TMAX,256
USR0000NNWB,2012-06-22,TMAX,350
USW00093765,2008-08-28,TMAX,294
USW00093743,2011-05-25,TMIN,200
USW00093765,2005-11-17,TMIN,39
USC00316096,2014-08-22,TMAX,333
USC00316096,2015-06-14,TMAX,350
USC00316096,2014-08-22,TMIN,222
USC00316676,2015-09-18,TMIN,183
USC00316676,2014-08-20,TMIN,211
USC00316676,2014-08-20,TMAX,300
USW00093765,2008-03-25,TMAX,133
USW00093765,2008-08-28,TMIN,233
USC00316676,2012-06-16,TMIN,156
USR0000NNWB,2012-06-22,TMIN,222
USR0000NHOF,2012-02-16,TMIN,11
USR0000NNWB,2008-04-26,TMIN,150
USR0000NCRN,2005-07-16,TMAX,322
USW00093765,2012-01-12,TMIN,111
USC00316096,2014-01-10,TMIN,33
USC00314689,2007-09-13,TMAX,311
USC00316096,2014-01-10,TMAX,211
USC00316676,2008-10-21,TMAX,178
USW00093765,2012-02-20,TMIN,17
USC00314144,2008-08-11,TMAX,294
USW00093743,2008-04-02,TMAX,206
USC00314144,2009-02-26,TMIN,-33
USR0000NNWB,2015-12-02,TMAX,239
USW00093743,2008-04-02,TMIN,106
USR0000NCRN,2005-07-16,TMIN,250
USW00093743,2011-05-25,TMAX,289
USR0000NHOF,2012-02-16,TMAX,150
USC00314684,2013-01-13,TMIN,122
USW00013754,2005-01-16,TMIN,33
USW00013754,2005-01-16,TMAX,61
USC00316676,2012-06-16,TMAX,256
USR0000NCRN,2006-01-24,TMAX,150
USW00093743,2011-04-16,TMIN,178
USC00314684,2012-12-19,TMIN,0
USC00315830,2011-05-05,TMIN,94
USC00316676,2008-01-29,TMIN,0
USR0000NHOF,2007-02-11,TMAX,111
USR0000NHOF,2007-02-11,TMIN,-100
USW00093743,2009-10-24,TMIN,217
USW00093743,2009-10-24,TMAX,272
USC00314144,2010-11-13,TMIN,-22
USW00093719,2009-12-25,TMAX,172
USR0000NHOF,2011-07-12,TMAX,350
USC00314684,2005-04-01,TMIN,117
USW00013754,2015-08-16,TMAX,317
USC00316676,2014-01-03,TMAX,117
USW00093765,2005-06-22,TMAX,272
USW00093719,2013-01-27,TMAX,56
USR0000NCRN,2014-08-17,TMIN,228
USC00316096,2009-12-26,TMIN,67
USW00093719,2013-01-27,TMIN,-28
USC00310576,2006-11-20,TMIN,22
USW00093765,2005-06-22,TMIN,217
USC00314144,2006-08-17,TMIN,217
USC00314144,2006-08-17,TMAX,322
USC00314684,2014-02-07,TMIN,-28
USC00316096,2009-12-26,TMAX,183
USR0000NNWB,2007-09-28,TMIN,189
USC00310356,2011-05-25,TMIN,222
USC00314684,2013-06-02,TMIN,189
USC00316096,2010-08-27,TMIN,200
USW00093719,2011-06-21,TMIN,206
USC00315830,2013-12-13,TMIN,-28
USW00013754,2008-11-06,TMIN,128
USW00013754,2008-11-06,TMAX,233
USW00093765,2005-04-22,TMAX,217
USC00315830,2009-11-19,TMIN,189
USW00093719,2005-07-08,TMIN,228
USC00314684,2005-04-01,TMAX,239
USR0000NNWB,2008-09-22,TMAX,244
USC00315830,2009-11-19,TMAX,239
USC00310356,2011-05-25,TMAX,267
USW00013754,2013-10-22,TMIN,144
USW00093719,2005-07-08,TMAX,322
USW00013754,2013-10-22,TMAX,194
USW00093719,2009-12-25,TMIN,17
USR0000NNWB,2008-09-22,TMIN,183
USR0000NCRN,2014-08-17,TMAX,311
USC00314684,2013-06-02,TMAX,322
USC00315830,2013-12-13,TMAX,100
USC00316676,2014-01-03,TMIN,22
USC00314689,2015-10-09,TMIN,150
USC00314684,2014-02-07,TMAX,56
USR0000NHOF,2006-04-11,TMAX,222
USC00314689,2015-06-14,TMAX,356
USC00310356,2009-10-24,TMIN,211
USC00310356,2009-10-24,TMAX,250
USW00093719,2009-11-04,TMIN,61
USR0000NHOF,2011-07-12,TMIN,239
USW00093743,2010-04-30,TMIN,156
USC00314689,2005-11-07,TMAX,233
USC00310356,2011-07-09,TMAX,306
USC00310356,2011-07-09,TMIN,239
USC00314689,2015-06-14,TMIN,233
USC00316096,2015-05-03,TMIN,56
USC00314144,2008-10-25,TMAX,250
USW00093719,2009-11-04,TMAX,194
USW00013754,2005-08-26,TMIN,211
USC00314689,2005-11-07,TMIN,150
USW00093765,2013-10-12,TMAX,211
USC00317170,2012-02-24,TMAX,222
USW00013754,2005-08-26,TMAX,283
USC00314684,2013-05-27,TMIN,83
USC00315830,2011-05-05,TMAX,250
USC00316676,2015-10-25,TMAX,222
USC00310356,2015-10-05,TMAX,256
USC00314689,2008-06-28,TMAX,356
USC00314684,2015-04-17,TMAX,211
USR0000NHOF,2006-04-11,TMIN,-22
USR0000NHOF,2015-12-31,TMIN,144
USR0000NHOF,2015-12-31,TMAX,228
USW00013754,2015-08-16,TMIN,161
USC00314684,2011-09-23,TMIN,211
USC00314689,2015-10-09,TMAX,283
USC00314684,2011-09-23,TMAX,306
USW00093719,2006-06-20,TMIN,217
USR0000NCRN,2015-08-11,TMIN,228
USR0000NCRN,2015-08-11,TMAX,278
USW00093719,2006-06-20,TMAX,328
USC00310576,2006-11-20,TMAX,122
USR0000NCRN,2013-12-28,TMIN,-17
USC00314144,2008-10-25,TMIN,139
USC00310576,2010-02-06,TMIN,56
USC00314684,2015-04-17,TMIN,117
USC00316096,2015-05-03,TMAX,250
USC00310576,2010-02-06,TMAX,183
USR0000NCRN,2008-05-19,TMAX,272
USC00314689,2008-06-28,TMIN,239
USR0000NCRN,2008-05-19,TMIN,150
USC00314684,2013-05-27,TMAX,233
USC00314689,2012-12-19,TMIN,44
USR0000NHOF,2006-07-27,TMAX,311
USC00316676,2012-02-15,TMIN,28
USR0000NNWB,2006-11-04,TMAX,117
USC00315830,2011-04-05,TMIN,150
USC00316096,2011-06-07,TMIN,161
USR0000NNWB,2007-03-27,TMIN,139
USW00093719,2015-11-17,TMAX,211
USC00316096,2012-11-26,TMIN,-6
USC00310576,2012-09-21,TMAX,244
USC00317170,2010-10-28,TMAX,267
USC00310576,2012-09-21,TMIN,128
USC00314689,2008-12-01,TMAX,161
USW00093719,2008-02-18,TMIN,133
USW00093719,2008-02-18,TMAX,217
USW00093719,2015-11-17,TMIN,22
USC00316096,2012-11-26,TMAX,178
USC00314144,2007-12-21,TMAX,100
USR0000NCRN,2013-12-01,TMAX,139
USC00316676,2009-06-18,TMIN,200
USW00093719,2010-02-08,TMAX,83
USW00093719,2010-02-08,TMIN,-61
USC00314144,2007-11-01,TMAX,256
USC00316676,2009-06-18,TMAX,256
USC00314144,2007-12-21,TMIN,56
USC00315830,2011-04-05,TMAX,211
USR0000NNWB,2006-11-04,TMIN,-11
USC00316096,2015-11-21,TMIN,72
USW00093719,2012-04-01,TMAX,200
USW00093719,2012-04-01,TMIN,111
USC00310576,2012-12-04,TMAX,233
USC00310576,2015-04-13,TMIN,94
USW00093719,2010-02-06,TMIN,0
USW00093719,2010-02-06,TMAX,172
USW00093765,2005-10-29,TMIN,33
USC00310576,2012-12-04,TMIN,67
USC00310576,2008-12-16,TMIN,111
USC00314689,2011-09-23,TMIN,211
USC00314689,2008-12-01,TMIN,89
USC00316096,2012-06-22,TMAX,294
USW00013754,2007-03-23,TMIN,83
USW00013754,2007-03-23,TMAX,256
USC00314689,2011-09-23,TMAX,272
USR0000NHOF,2006-03-12,TMIN,106
USC00317170,2014-03-28,TMIN,44
USC00317170,2014-03-28,TMAX,228
USC00310576,2008-12-16,TMAX,228
USC00316096,2012-06-22,TMIN,206
USC00310576,2015-04-13,TMAX,206
USR0000NCRN,2013-12-01,TMIN,61
USC00314689,2008-11-17,TMAX,128
USR0000NHOF,2009-03-06,TMAX,211
USC00316096,2011-06-07,TMAX,289
USR0000NCRN,2009-03-08,TMIN,117
USC00316096,2010-01-27,TMAX,94
USC00314684,2007-10-20,TMIN,194
USC00314689,2006-09-10,TMIN,156
USC00316096,2010-01-27,TMIN,-28
USC00314684,2007-10-20,TMAX,317
USC00310576,2013-09-06,TMIN,183
USR0000NNWB,2012-01-15,TMIN,-11
USC00310576,2013-09-06,TMAX,317
USC00314684,2006-02-04,TMAX,200
USC00314689,2007-08-06,TMIN,250
USC00314684,2011-10-07,TMAX,250
USC00314684,2006-02-04,TMIN,128
USW00093719,2005-06-22,TMAX,317
USC00314684,2013-12-26,TMIN,-28
USC00314684,2011-10-07,TMIN,72
USC00317170,2009-04-25,TMAX,311
USW00093765,2014-03-28,TMIN,117
USC00317170,2009-04-25,TMIN,167
USC00314144,2007-11-01,TMIN,117
USR0000NNWB,2012-01-15,TMAX,78
USC00310356,2011-01-17,TMIN,33
USW00013754,2015-03-09,TMAX,206
USC00314689,2008-11-17,TMIN,11
USR0000NNWB,2007-03-27,TMAX,294
USC00317170,2010-10-28,TMIN,228
USC00310356,2015-11-09,TMAX,200
USC00315830,2012-09-19,TMIN,211
USC00317170,2009-12-25,TMIN,39
USW00093765,2008-07-05,TMAX,289
USC00317170,2009-12-25,TMAX,178
USW00093719,2012-11-08,TMAX,150
USW00013754,2015-03-09,TMIN,72
USW00093719,2015-05-03,TMIN,78
USC00315830,2012-09-19,TMAX,267
USC00316676,2009-12-31,TMIN,-22
USW00093765,2008-07-05,TMIN,228
USC00316676,2009-12-31,TMAX,72
USC00317170,2009-06-03,TMIN,206
USC00317170,2009-06-03,TMAX,322
USR0000NHOF,2009-03-06,TMIN,-33
USC00310356,2015-11-09,TMIN,139
USW00093719,2015-05-03,TMAX,267
USC00314144,2010-06-30,TMAX,294
USR0000NNWB,2011-12-31,TMIN,50
USR0000NHOF,2014-07-20,TMIN,200
USW00093765,2008-05-24,TMAX,228
USC00317170,2009-12-05,TMIN,61
USC00316676,2014-12-31,TMIN,11
USW00093765,2015-11-24,TMAX,128
USC00317170,2009-12-05,TMAX,144
USC00315830,2009-07-02,TMIN,228
USC00316676,2010-10-14,TMIN,150
USC00310576,2013-03-07,TMIN,44
USW00093719,2009-03-13,TMIN,50
USW00093765,2015-11-24,TMIN,-10
USC00316676,2010-10-14,TMAX,267
USC00316676,2005-01-16,TMAX,78
USC00315830,2015-07-24,TMIN,222
USC00315830,2015-07-24,TMAX,267
USC00310356,2005-05-30,TMAX,261
USW00093719,2009-03-13,TMAX,83
USC00315830,2009-11-29,TMAX,183
USC00316676,2009-01-05,TMAX,156
USC00310356,2014-07-20,TMAX,300
USR0000NHOF,2007-06-18,TMIN,183
USR0000NHOF,2008-03-16,TMAX,156
USC00316676,2005-01-16,TMIN,33
USW00093765,2008-05-24,TMIN,161
USC00310576,2011-04-16,TMAX,217
USR0000NNWB,2012-12-19,TMAX,183
USR0000NNWB,2012-12-19,TMIN,17
USC00316676,2009-01-03,TMIN,-39
USW00093765,2014-12-02,TMAX,133
USC00310576,2010-06-28,TMAX,361
USC00315830,2009-07-02,TMAX,322
USC00317170,2011-08-12,TMAX,322
USC00310576,2013-03-07,TMAX,106
USC00310576,2010-06-28,TMIN,244
USC00316676,2013-06-01,TMIN,183
USW00013754,2014-11-09,TMIN,72
USC00316096,2011-04-06,TMAX,156
USC00315830,2009-11-29,TMIN,39
USR0000NCRN,2013-08-25,TMIN,194
USC00316676,2013-06-01,TMAX,300
USC00315830,2006-03-26,TMIN,11
USC00316676,2014-12-31,TMAX,78
USW00013754,2014-11-09,TMAX,172
USC00315830,2006-03-26,TMAX,128
USC00310576,2011-04-16,TMIN,67
USC00317170,2014-10-14,TMIN,194
USC00316676,2009-01-05,TMIN,83
USR0000NHOF,2010-12-23,TMIN,-28
USR0000NHOF,2010-12-23,TMAX,78
USR0000NCRN,2015-06-15,TMIN,239
USC00314684,2007-03-31,TMIN,0
USR0000NCRN,2015-06-15,TMAX,356
USC00315830,2009-02-18,TMAX,122
USC00316096,2009-11-27,TMIN,28
USR0000NNWB,2011-12-31,TMAX,194
USW00093765,2007-08-16,TMIN,261
USW00093765,2007-08-16,TMAX,311
USW00093765,2005-10-29,TMAX,144
USC00314684,2007-03-31,TMAX,211
USC00310356,2013-12-08,TMIN,56
USW00093719,2013-03-17,TMAX,189
USC00310356,2013-12-08,TMAX,194
USC00316096,2015-11-21,TMAX,183
USR0000NHOF,2014-07-20,TMAX,311
USC00314689,2008-11-14,TMAX,200
USW00013754,2012-04-14,TMIN,50
USC00314689,2008-11-14,TMIN,144
USW00013754,2012-04-14,TMAX,222
USW00093719,2012-11-08,TMIN,22
USW00093719,2013-03-17,TMIN,83
USC00315830,2009-02-09,TMIN,61
USC00315830,2010-09-10,TMIN,189
USC00315830,2010-09-10,TMAX,283
USR0000NHOF,2009-08-19,TMAX,317
USC00315830,2013-05-28,TMIN,189
USC00315830,2013-05-28,TMAX,256
USC00314689,2006-11-18,TMIN,61
USW00093719,2015-09-07,TMAX,306
USR0000NHOF,2009-08-19,TMIN,200
USC00314689,2006-11-30,TMIN,106
USW00093743,2013-12-08,TMIN,56
USW00093743,2013-12-08,TMAX,78
USR0000NNWB,2014-11-02,TMAX,122
USC00310356,2014-07-20,TMIN,222
USC00314144,2010-06-30,TMIN,211
USC00314689,2006-11-18,TMAX,150
USC00316676,2013-11-07,TMAX,206
USR0000NNWB,2014-11-02,TMIN,11
USC00314689,2008-05-12,TMIN,128
USC00314689,2006-11-30,TMAX,256
USR0000NHOF,2006-03-12,TMAX,244
USC00315830,2009-02-09,TMAX,167
USC00316676,2013-11-07,TMIN,139
USC00316096,2009-11-27,TMAX,122
USR0000NNWB,2009-04-03,TMIN,150
USW00093765,2014-03-28,TMAX,211
USW00093719,2005-06-22,TMIN,178
USC00310356,2011-01-17,TMAX,106
USC00314144,2010-02-17,TMAX,72
USC00314689,2010-04-20,TMIN,67
USW00013754,2009-01-22,TMIN,-66
USC00310356,2008-12-23,TMAX,156
USW00013754,2008-04-18,TMIN,67
USC00310356,2008-12-23,TMIN,-17
USW00013754,2008-04-18,TMAX,289
USC00314684,2008-08-21,TMIN,189
USR0000NHOF,2012-08-23,TMIN,206
USC00314144,2010-02-17,TMIN,-61
USR0000NHOF,2011-11-26,TMIN,-11
USC00314684,2008-08-21,TMAX,317
USW00013754,2011-02-11,TMIN,-43
USC00310356,2015-06-17,TMIN,256
USW00093765,2011-01-29,TMAX,106
USW00093765,2011-01-29,TMIN,-5
USC00314689,2015-11-21,TMAX,178
USC00317170,2008-09-29,TMIN,183
USR0000NHOF,2012-08-23,TMAX,278
USC00315830,2006-10-03,TMIN,122
USC00310356,2015-06-17,TMAX,317
USC00310356,2015-03-24,TMAX,172
USR0000NCRN,2008-10-31,TMAX,183
USC00310576,2010-03-12,TMIN,133
USC00314684,2015-07-19,TMIN,211
USC00314689,2010-01-27,TMAX,106
USC00314689,2010-01-27,TMIN,-6
USC00314144,2007-05-25,TMAX,267
USC00314144,2006-04-22,TMIN,144
USC00310576,2015-10-14,TMIN,167
USC00310576,2015-10-14,TMAX,267
USC00314144,2006-04-22,TMAX,256
USR0000NNWB,2010-02-06,TMAX,156
USC00314689,2010-04-20,TMAX,228
USC00314684,2007-10-03,TMAX,294
USC00314684,2007-10-03,TMIN,178
USC00314144,2007-05-25,TMIN,111
USW00093719,2009-12-26,TMIN,72
USC00317170,2008-10-11,TMAX,233
USR0000NHOF,2015-11-09,TMAX,222
USC00310576,2010-03-12,TMAX,211
USC00317170,2008-10-11,TMIN,206
USR0000NHOF,2006-03-13,TMAX,256
USC00317170,2008-09-29,TMAX,283
USR0000NHOF,2011-06-13,TMAX,306
USR0000NHOF,2011-11-26,TMAX,217
USC00315830,2012-03-01,TMAX,222
USR0000NCRN,2009-05-13,TMIN,111
USW00093719,2014-11-02,TMIN,39
USC00310356,2014-04-09,TMIN,167
USC00314689,2015-11-21,TMIN,28
USR0000NCRN,2008-10-31,TMIN,-11
USR0000NHOF,2015-11-09,TMIN,106
USR0000NHOF,2014-06-05,TMIN,206
USR0000NHOF,2014-06-05,TMAX,328
USC00310356,2014-04-09,TMAX,189
USC00310356,2013-08-25,TMAX,278
USW00093765,2012-10-01,TMAX,272
USC00310356,2013-08-25,TMIN,200
USR0000NHOF,2006-02-14,TMIN,-44
USW00093743,2013-08-25,TMAX,289
USC00310576,2008-11-17,TMAX,144
USR0000NCRN,2006-10-30,TMIN,72
USR0000NCRN,2006-10-30,TMAX,250
USW00013754,2010-02-06,TMIN,6
USW00093743,2013-08-25,TMIN,189
USR0000NHOF,2006-02-14,TMAX,128
USW00013754,2010-02-06,TMAX,167
USC00310576,2008-11-17,TMIN,28
USR0000NNWB,2006-12-09,TMAX,89
USW00093719,2008-02-28,TMAX,61
USW00093719,2014-11-02,TMAX,122
USC00314684,2014-10-14,TMAX,294
USC00314684,2014-10-14,TMIN,144
USW00093765,2012-04-01,TMAX,189
USC00310356,2008-03-16,TMIN,122
USW00093765,2012-04-01,TMIN,128
USC00315830,2014-01-27,TMAX,150
USC00310356,2015-03-24,TMIN,67
USC00314684,2005-10-04,TMIN,167
USC00310356,2008-03-16,TMAX,189
USC00315830,2012-03-01,TMIN,156
USR0000NHOF,2015-06-17,TMAX,367
USR0000NHOF,2015-06-17,TMIN,222
USC00314684,2005-10-04,TMAX,283
USC00315830,2006-10-03,TMAX,261
USW00093719,2005-07-30,TMAX,311
USW00093765,2012-10-01,TMIN,189
USW00093719,2005-07-30,TMIN,233
USC00316676,2015-10-09,TMIN,144
USC00316676,2015-10-09,TMAX,261
USR0000NNWB,2006-12-09,TMIN,-78
USW00093719,2008-02-29,TMAX,133
USC00314684,2015-07-19,TMAX,344
USW00093765,2014-12-02,TMIN,67
USW00093719,2009-12-26,TMAX,172
USR0000NNWB,2010-02-06,TMIN,0
USC00310356,2010-12-23,TMAX,83
USC00314684,2014-11-28,TMAX,117
USW00093743,2008-03-16,TMAX,150
USR0000NCRN,2011-03-24,TMIN,89
USC00314684,2014-11-28,TMIN,-22
USC00314144,2005-02-04,TMAX,89
USC00314144,2005-02-04,TMIN,28
USR0000NNWB,2009-02-07,TMAX,206
USR0000NNWB,2009-02-07,TMIN,-17
USR0000NCRN,2009-04-17,TMAX,200
USR0000NCRN,2006-11-28,TMIN,94
USC00315830,2010-10-28,TMIN,217
USC00314144,2006-05-26,TMAX,333
USC00314144,2006-05-26,TMIN,211
USC00315830,2010-10-28,TMAX,272
USR0000NHOF,2014-04-09,TMIN,61
USW00093719,2008-08-01,TMAX,328
USW00093719,2015-10-25,TMIN,106
USW00093719,2008-08-01,TMIN,222
USC00310356,2007-07-15,TMIN,233
USR0000NCRN,2011-07-09,TMAX,317
USC00310576,2011-08-11,TMAX,356
USC00314689,2015-10-26,TMAX,256
USR0000NCRN,2006-11-28,TMAX,239
USR0000NCRN,2009-05-13,TMAX,233
USR0000NNWB,2007-05-31,TMAX,294
USR0000NNWB,2007-05-31,TMIN,139
USW00093719,2015-09-07,TMIN,228
USC00317170,2014-03-15,TMAX,239
USC00317170,2014-03-15,TMIN,78
USC00314684,2013-12-26,TMAX,50
USC00314689,2006-09-10,TMAX,256
USR0000NNWB,2009-04-03,TMAX,261
USC00310356,2010-12-23,TMIN,6
USC00315830,2009-02-18,TMIN,-17
USR0000NCRN,2009-03-08,TMAX,206
USC00315830,2013-10-12,TMIN,183
USW00013754,2008-07-13,TMIN,172
USC00314689,2015-10-26,TMIN,133
USW00013754,2008-07-13,TMAX,300
USR0000NCRN,2009-04-17,TMIN,17
USC00314144,2005-08-28,TMAX,317
USC00314144,2005-08-28,TMIN,206
USW00093743,2008-03-16,TMIN,56
USC00315830,2013-10-12,TMAX,217
USW00093719,2008-02-29,TMIN,-50
USW00013754,2009-02-21,TMAX,111
USW00013754,2009-02-21,TMIN,-55
USC00317170,2008-09-22,TMAX,250
USC00317170,2008-12-26,TMIN,67
USC00316096,2014-07-16,TMIN,222
USR0000NNWB,2010-10-18,TMIN,111
USW00013754,2009-01-22,TMAX,100
USC00316676,2014-01-04,TMAX,50
USC00310576,2009-10-24,TMAX,272
USC00315830,2011-12-27,TMIN,33
USC00315830,2011-12-27,TMAX,183
USR0000NHOF,2006-03-13,TMIN,156
USC00310356,2015-07-25,TMAX,311
USC00310356,2015-07-25,TMIN,222
USC00310576,2006-10-31,TMAX,244
USR0000NNWB,2010-10-18,TMAX,272
USR0000NHOF,2011-06-13,TMIN,189
USC00310576,2006-10-31,TMIN,78
USR0000NNWB,2007-07-24,TMAX,311
USR0000NHOF,2014-04-09,TMAX,211
USW00093719,2010-03-17,TMAX,167
USW00093719,2010-03-17,TMIN,6
USC00316676,2014-01-04,TMIN,-17
USC00317170,2008-09-22,TMIN,183
USC00316676,2011-11-18,TMAX,161
USC00317170,2008-12-26,TMAX,150
USC00310356,2007-07-15,TMAX,294
USR0000NCRN,2009-02-17,TMAX,89
USR0000NCRN,2009-02-17,TMIN,-33
USR0000NCRN,2011-07-09,TMIN,233
USR0000NCRN,2011-03-24,TMAX,217
USC00310576,2008-07-20,TMIN,250
USC00315830,2009-08-14,TMIN,222
USC00315830,2009-08-14,TMAX,261
USW00093719,2008-02-28,TMIN,-39
USW00093719,2015-10-25,TMAX,250
USR0000NCRN,2012-02-06,TMAX,128
USC00310576,2008-07-20,TMAX,317
USW00013754,2008-10-28,TMIN,22
USC00316676,2014-10-30,TMIN,139
USC00316676,2014-10-30,TMAX,267
USR0000NCRN,2012-02-06,TMIN,39
USC00310576,2011-08-11,TMIN,200
USC00310576,2009-10-24,TMIN,117
USC00316676,2011-11-18,TMIN,-11
USW00013754,2008-10-28,TMAX,139
USC00316096,2014-07-16,TMAX,267
USR0000NNWB,2007-07-24,TMIN,178
USC00310576,2005-11-21,TMIN,122
USC00310576,2005-11-21,TMAX,194
USC00316676,2005-02-28,TMAX,111
USC00310576,2011-05-26,TMIN,194
USR0000NHOF,2011-06-26,TMAX,328
USW00013754,2005-02-14,TMAX,206
USR0000NNWB,2006-06-07,TMAX,289
USR0000NCRN,2011-09-24,TMAX,239
USC00314689,2008-05-17,TMIN,122
USW00093765,2012-03-26,TMAX,250
USW00093765,2012-03-26,TMIN,133
USW00013754,2005-02-14,TMIN,72
USR0000NHOF,2011-06-26,TMIN,178
USC00314684,2013-05-08,TMAX,228
USC00314689,2008-05-17,TMAX,283
USR0000NHOF,2009-11-14,TMIN,117
USW00013754,2012-01-15,TMAX,89
USC00315830,2011-03-13,TMIN,117
USW00093719,2012-04-14,TMIN,39
USW00093719,2012-04-14,TMAX,239
USC00310576,2011-05-26,TMAX,339
USW00013754,2012-01-15,TMIN,-21
USC00310356,2007-06-18,TMIN,228
USC00314684,2013-05-08,TMIN,94
USC00317170,2010-05-08,TMAX,339
USR0000NNWB,2006-06-07,TMIN,156
USR0000NNWB,2011-02-17,TMIN,33
USC00316096,2009-09-02,TMIN,183
USW00013754,2015-05-03,TMIN,78
USC00314144,2009-09-12,TMIN,133
USC00317170,2008-12-05,TMAX,100
USC00316096,2009-09-02,TMAX,244
USC00310356,2015-06-15,TMIN,256
USR0000NCRN,2009-05-04,TMAX,250
USC00310576,2007-09-11,TMIN,206
USR0000NHOF,2010-04-03,TMIN,78
USC00316676,2006-10-03,TMIN,106
USC00310576,2007-09-11,TMAX,333
USW00013754,2010-02-08,TMAX,83
USR0000NHOF,2009-11-14,TMAX,150
USW00013754,2010-02-08,TMIN,-49
USC00310356,2015-06-15,TMAX,317
USW00013754,2009-05-21,TMAX,244
USC00316676,2006-10-03,TMAX,250
USW00013754,2009-05-21,TMIN,144
USC00310356,2007-06-18,TMAX,272
USR0000NNWB,2011-02-17,TMAX,211
USR0000NHOF,2010-04-03,TMAX,250
USW00013754,2015-09-21,TMIN,211
USC00316676,2008-11-19,TMIN,-17
USC00314689,2015-03-21,TMAX,178
USC00316676,2005-09-05,TMAX,294
USC00314689,2006-12-06,TMIN,-17
USR0000NHOF,2006-12-07,TMAX,172
USR0000NHOF,2006-12-07,TMIN,22
USC00314689,2006-12-06,TMAX,167
USW00093743,2010-04-03,TMIN,106
USW00093743,2010-04-03,TMAX,217
USW00013754,2015-09-21,TMAX,300
USC00314689,2008-06-12,TMIN,222
USR0000NHOF,2014-05-28,TMIN,200
USW00093719,2012-01-06,TMAX,200
USW00093719,2012-01-06,TMIN,-17
USC00314689,2005-10-04,TMIN,200
USC00314684,2010-01-27,TMAX,100
USC00314689,2005-10-04,TMAX,283
USC00314689,2007-09-10,TMAX,356
USC00315830,2005-03-22,TMIN,61
USC00315830,2005-03-22,TMAX,178
USR0000NHOF,2014-05-28,TMAX,344
USC00314684,2010-01-27,TMIN,-22
USC00314689,2007-09-10,TMIN,189
USC00316676,2005-09-05,TMIN,178
USW00093765,2008-01-03,TMIN,-32
USC00316096,2014-05-28,TMIN,206
USW00093765,2014-06-03,TMAX,267
USC00317170,2010-05-08,TMIN,206
USW00093765,2014-06-03,TMIN,150
USC00316096,2014-05-28,TMAX,300
USC00314684,2005-03-06,TMIN,-28
USW00093765,2008-01-03,TMAX,28
USC00314684,2015-10-23,TMAX,267
USC00314684,2015-10-23,TMIN,83
USC00315830,2011-03-13,TMAX,200
USC00316676,2008-11-19,TMAX,83
USC00316676,2013-10-22,TMIN,94
USC00316676,2013-10-22,TMAX,217
USC00310356,2009-08-19,TMAX,306
USW00093719,2007-10-24,TMIN,222
USC00314684,2005-03-06,TMAX,178
USR0000NCRN,2011-09-24,TMIN,217
USC00310356,2009-08-19,TMIN,250
USW00093719,2007-10-24,TMAX,289
USW00013754,2009-12-26,TMAX,183
USW00013754,2009-12-26,TMIN,72
USC00314689,2008-06-12,TMAX,317
USR0000NHOF,2009-12-23,TMIN,-56
USC00317170,2011-08-12,TMIN,217
USW00013754,2007-07-24,TMIN,178
USR0000NHOF,2009-12-23,TMAX,122
USW00093765,2011-01-05,TMIN,6
USW00093765,2013-03-17,TMIN,89
USR0000NHOF,2015-11-04,TMAX,222
USC00314689,2014-03-28,TMAX,233
USC00316676,2012-11-05,TMAX,172
USW00093765,2011-01-05,TMAX,100
USW00093765,2013-03-17,TMAX,150
USW00093765,2013-03-05,TMIN,17
USC00314144,2007-02-11,TMAX,111
USW00013754,2007-03-31,TMIN,39
USR0000NHOF,2015-11-04,TMIN,156
USC00314684,2005-02-02,TMAX,89
USC00315830,2011-03-07,TMIN,33
USC00310356,2007-12-06,TMIN,22
USR0000NCRN,2014-06-13,TMIN,233
USW00093765,2013-03-05,TMAX,161
USC00315830,2011-12-15,TMIN,39
USR0000NNWB,2010-12-27,TMAX,33
USC00314689,2007-11-21,TMAX,250
USC00310356,2009-05-15,TMIN,200
USC00314144,2007-02-11,TMIN,-100
USC00314684,2005-02-02,TMIN,-17
USC00314689,2014-03-28,TMIN,44
USR0000NNWB,2015-04-06,TMIN,94
USR0000NCRN,2012-01-22,TMIN,39
USR0000NNWB,2015-04-06,TMAX,256
USC00310356,2006-12-07,TMAX,172
USC00317170,2011-06-18,TMAX,356
USC00310576,2009-07-09,TMIN,183
USC00310576,2009-07-09,TMAX,317
USW00013754,2009-03-29,TMIN,128
USW00013754,2009-03-29,TMAX,233
USC00310356,2006-12-07,TMIN,11
USR0000NNWB,2010-12-27,TMIN,-50
USW00093743,2009-12-23,TMAX,133
USR0000NNWB,2008-04-18,TMAX,306
USW00093743,2009-12-23,TMIN,-16
USR0000NCRN,2014-06-13,TMAX,283
USR0000NNWB,2011-08-22,TMIN,217
USC00317170,2011-06-18,TMIN,150
USW00093765,2005-12-01,TMAX,139
USR0000NNWB,2011-08-22,TMAX,317
USW00093765,2005-12-01,TMIN,78
USC00314684,2007-04-04,TMIN,133
USR0000NNWB,2008-04-18,TMIN,89
USC00310356,2009-05-15,TMAX,250
USC00317170,2013-10-27,TMIN,50
USC00315830,2011-12-15,TMAX,200
USC00316096,2014-03-28,TMAX,211
USW00093765,2010-02-06,TMIN,22
USC00310356,2007-12-06,TMAX,139
USC00310356,2005-03-09,TMAX,139
USW00093765,2010-02-06,TMAX,172
USW00093765,2007-04-16,TMIN,67
USW00093765,2007-04-16,TMAX,156
USC00310576,2013-01-27,TMAX,33
USC00310576,2013-01-27,TMIN,0
USW00093719,2011-01-27,TMAX,106
USC00310356,2010-04-27,TMAX,211
USW00013754,2012-02-05,TMIN,56
USW00093719,2010-11-24,TMIN,50
USR0000NCRN,2014-07-20,TMAX,300
USR0000NCRN,2006-07-27,TMIN,228
USW00013754,2015-05-03,TMAX,261
USW00013754,2012-02-05,TMAX,167
USR0000NCRN,2014-07-20,TMIN,206
USC00310576,2006-08-17,TMIN,239
USC00310576,2006-08-17,TMAX,283
USW00093719,2010-11-24,TMAX,183
USC00314684,2005-03-22,TMIN,44
USR0000NCRN,2006-07-27,TMAX,311
USC00314684,2005-03-22,TMAX,178
USC00316676,2012-11-05,TMIN,83
USR0000NHOF,2015-06-15,TMIN,211
USR0000NHOF,2015-06-15,TMAX,383
USR0000NHOF,2007-04-30,TMAX,306
USC00314144,2009-09-12,TMAX,289
USC00310576,2007-02-02,TMAX,61
USR0000NHOF,2007-04-30,TMIN,56
USC00310576,2007-02-02,TMIN,22
USW00093765,2011-09-18,TMIN,183
USR0000NCRN,2009-05-04,TMIN,200
USW00093719,2011-01-27,TMIN,-11
USR0000NNWB,2008-07-18,TMAX,322
USW00013754,2007-03-31,TMAX,222
USC00310576,2011-03-02,TMAX,128
USC00317170,2013-10-27,TMAX,200
USR0000NNWB,2008-07-18,TMIN,222
USC00317170,2008-12-05,TMIN,61
USR0000NCRN,2012-05-27,TMIN,222
USC00310356,2010-04-27,TMIN,161
USR0000NCRN,2012-05-27,TMAX,278
USC00316096,2014-03-28,TMIN,22
USW00013754,2007-07-24,TMAX,294
USW00093743,2012-08-23,TMIN,211
USW00093765,2011-09-18,TMAX,233
USC00310356,2010-04-03,TMIN,122
USC00316676,2014-02-07,TMAX,78
USC00314144,2005-12-23,TMAX,150
USR0000NCRN,2012-09-12,TMAX,261
USR0000NCRN,2012-09-12,TMIN,122
USC00310576,2006-09-08,TMIN,206
USC00314689,2005-06-02,TMAX,211
USC00310576,2006-09-08,TMAX,261
USC00310356,2008-12-06,TMIN,33
USC00317170,2012-10-01,TMIN,172
USC00314144,2005-12-23,TMIN,-72
USW00013754,2011-08-22,TMIN,217
USC00316676,2008-02-23,TMAX,100
USR0000NNWB,2010-06-12,TMAX,350
USR0000NCRN,2007-09-15,TMIN,200
USC00316676,2008-02-23,TMIN,61
USC00310576,2008-06-21,TMIN,178
USC00310356,2006-10-30,TMIN,89
USC00310356,2006-10-30,TMAX,200
USC00310576,2006-01-24,TMIN,83
USW00013754,2011-08-22,TMAX,311
USC00310576,2008-06-21,TMAX,311
USW00093765,2005-01-14,TMAX,211
USC00316096,2009-10-24,TMIN,217
USC00314684,2010-07-21,TMAX,333
USC00316676,2014-02-07,TMIN,6
USW00093765,2014-03-15,TMAX,194
USC00317170,2009-11-29,TMAX,206
USW00093765,2014-03-15,TMIN,111
USR0000NCRN,2006-04-22,TMAX,250
USC00316676,2008-08-09,TMAX,317
USC00310576,2015-08-11,TMIN,172
USC00316096,2013-05-08,TMAX,222
USC00314684,2011-03-04,TMIN,-17
USC00310576,2015-08-11,TMAX,294
USW00093765,2010-11-03,TMAX,172
USC00316676,2008-08-09,TMIN,200
USR0000NNWB,2009-12-26,TMAX,167
USR0000NNWB,2009-12-26,TMIN,67
USC00315830,2007-04-29,TMIN,150
USC00314689,2005-06-02,TMIN,161
USC00316096,2009-10-24,TMAX,272
USC00315830,2007-04-29,TMAX,261
USC00316096,2013-05-08,TMIN,89
USC00314684,2010-07-21,TMIN,217
USR0000NCRN,2012-08-04,TMIN,244
USC00314689,2012-06-22,TMIN,228
USC00314144,2011-05-11,TMIN,111
USC00314689,2012-06-22,TMAX,344
USW00093765,2012-07-01,TMIN,206
USR0000NCRN,2015-06-17,TMAX,333
USC00316676,2009-04-14,TMIN,44
USW00013754,2014-11-02,TMIN,33
USR0000NCRN,2015-06-17,TMIN,228
USR0000NNWB,2012-04-14,TMIN,44
USC00317170,2009-11-04,TMIN,78
USR0000NNWB,2012-04-14,TMAX,244
USC00317170,2009-11-04,TMAX,200
USW00013754,2014-11-02,TMAX,111
USC00314689,2013-05-08,TMAX,244
USC00314689,2012-11-26,TMAX,189
USC00314689,2013-05-08,TMIN,111
USW00093765,2012-07-01,TMAX,306
USR0000NHOF,2008-03-16,TMIN,11
USR0000NCRN,2008-01-21,TMAX,50
USC00316676,2005-02-28,TMIN,11
USC00316676,2009-01-03,TMAX,161
USC00310356,2005-05-30,TMIN,189
USC00317170,2014-10-14,TMAX,289
USC00314689,2012-11-26,TMIN,11
USC00316676,2009-04-14,TMAX,189
USW00013754,2005-11-23,TMAX,106
USC00317170,2009-11-29,TMIN,39
USC00317170,2012-10-01,TMAX,239
USW00093765,2005-01-14,TMIN,67
USR0000NNWB,2010-06-12,TMIN,206
USC00314684,2011-03-04,TMAX,117
USC00310356,2008-12-06,TMAX,117
USC00314144,2011-05-11,TMAX,244
USR0000NNWB,2012-04-01,TMAX,206
USR0000NNWB,2012-04-01,TMIN,106
USR0000NCRN,2015-09-05,TMIN,233
USC00310576,2006-01-24,TMAX,167
USW00013754,2012-12-18,TMIN,83
USC00316676,2007-03-30,TMIN,11
USW00013754,2005-11-23,TMIN,11
USW00013754,2012-12-18,TMAX,189
USR0000NHOF,2007-06-18,TMAX,333
USC00316096,2011-04-06,TMIN,22
USR0000NCRN,2015-09-05,TMAX,311
USR0000NCRN,2008-01-21,TMIN,-61
USW00093719,2014-07-27,TMIN,244
USW00093719,2014-07-27,TMAX,328
USR0000NCRN,2007-09-15,TMAX,289
USR0000NNWB,2010-02-08,TMIN,-50
USC00310576,2013-09-08,TMAX,278
USR0000NNWB,2010-02-08,TMAX,94
USW00093719,2011-02-06,TMIN,22
USW00013754,2012-12-19,TMIN,17
USW00093743,2014-05-28,TMIN,217
USC00314684,2012-03-30,TMAX,294
USC00315830,2014-08-22,TMAX,333
USC00314684,2014-03-28,TMIN,-50
USW00093743,2007-06-18,TMIN,233
USC00315830,2014-08-22,TMIN,233
USW00093719,2013-01-10,TMAX,183
USC00314689,2008-11-06,TMAX,233
USW00093743,2011-06-26,TMAX,306
USC00314689,2008-11-06,TMIN,128
USC00314684,2013-11-11,TMIN,11
USW00093719,2010-08-28,TMIN,200
USC00314684,2014-03-28,TMAX,139
USW00093743,2014-05-28,TMAX,289
USR0000NNWB,2013-06-24,TMIN,222
USW00093719,2005-12-31,TMIN,11
USW00093719,2005-12-31,TMAX,183
USR0000NNWB,2013-06-24,TMAX,294
USC00314144,2009-06-08,TMAX,294
USW00093719,2013-01-10,TMIN,72
USC00310356,2014-05-28,TMIN,211
USC00314144,2009-06-08,TMIN,161
USC00315830,2011-03-07,TMAX,167
USC00310356,2010-04-03,TMAX,222
USC00315830,2007-02-21,TMIN,111
USR0000NCRN,2006-02-23,TMAX,233
USR0000NCRN,2006-02-23,TMIN,44
USW00013754,2012-12-19,TMAX,183
USW00093719,2011-01-26,TMAX,156
USC00315830,2007-02-21,TMAX,144
USC00315830,2012-01-22,TMAX,161
USW00093743,2011-01-17,TMIN,17
USR0000NNWB,2014-11-09,TMIN,61
USC00314689,2012-06-16,TMAX,267
USC00314689,2012-06-16,TMIN,139
USW00093743,2011-06-26,TMIN,217
USC00315830,2007-09-04,TMAX,300
USC00315830,2010-05-30,TMAX,278
USC00315830,2012-01-22,TMIN,44
USW00093743,2007-06-18,TMAX,294
USC00315830,2007-09-04,TMIN,194
USC00310576,2013-09-08,TMIN,144
USC00314684,2012-03-30,TMIN,100
USC00315830,2010-05-30,TMIN,217
USW00093743,2009-08-19,TMAX,306
USC00310356,2014-05-28,TMAX,250
USR0000NNWB,2014-11-09,TMAX,172
USC00310356,2011-06-26,TMAX,294
USC00315830,2011-06-21,TMIN,217
USW00013754,2013-06-24,TMIN,228
USW00093719,2010-08-28,TMAX,306
USW00013754,2013-06-24,TMAX,294
USR0000NCRN,2010-02-17,TMIN,-33
USW00013754,2012-04-01,TMAX,256
USW00013754,2012-04-01,TMIN,111
USC00315830,2015-12-31,TMIN,178
USC00315830,2011-06-21,TMAX,333
USR0000NCRN,2010-02-17,TMAX,72
USR0000NCRN,2007-05-04,TMIN,144
USC00314684,2008-12-21,TMIN,106
USC00315830,2015-12-31,TMAX,244
USR0000NCRN,2007-05-04,TMAX,189
USC00314684,2007-05-14,TMIN,78
USR0000NCRN,2012-08-04,TMAX,306
USW00093719,2011-02-06,TMAX,144
USW00093765,2010-11-03,TMIN,133
USC00310356,2006-03-12,TMIN,61
USC00310356,2006-03-12,TMAX,178
USC00310356,2011-06-26,TMIN,244
USW00093765,2006-03-20,TMIN,39
USW00093765,2006-03-20,TMAX,133
USC00314684,2013-11-11,TMAX,217
USW00093765,2011-03-13,TMAX,200
USC00314684,2011-07-11,TMIN,200
USW00093743,2011-01-17,TMAX,111
USW00093719,2011-01-26,TMIN,56
USW00093743,2010-06-23,TMAX,328
USC00314684,2011-07-11,TMAX,344
USW00093765,2014-10-14,TMAX,278
USW00093765,2011-03-13,TMIN,128
USC00316676,2007-03-30,TMAX,156
USW00093743,2010-06-23,TMIN,261
USW00093765,2014-10-14,TMIN,239
USW00093743,2009-08-19,TMIN,244
USC00314684,2008-12-21,TMAX,222
USR0000NHOF,2006-10-30,TMIN,28
USR0000NHOF,2006-10-30,TMAX,239
USC00314684,2007-05-14,TMAX,211
USR0000NNWB,2015-05-03,TMAX,283
USC00315830,2007-07-15,TMAX,283
USR0000NNWB,2015-05-03,TMIN,83
USC00315830,2007-07-15,TMIN,228
USR0000NCRN,2006-04-22,TMIN,178
USC00316676,2012-02-15,TMAX,139
USW00093743,2012-08-23,TMAX,283
USC00316096,2010-09-23,TMIN,194
USC00310576,2010-11-24,TMAX,239
USW00093765,2015-05-03,TMIN,94
USC00310356,2013-12-01,TMAX,139
USC00310356,2013-12-01,TMIN,-6
USC00317170,2008-12-21,TMIN,83
USC00317170,2008-12-21,TMAX,189
USC00314684,2013-10-22,TMIN,56
USC00314684,2013-10-22,TMAX,211
USC00314684,2014-03-15,TMAX,161
USC00314689,2009-09-29,TMAX,289
USW00093743,2009-07-09,TMIN,200
USW00093743,2009-07-09,TMAX,294
USW00093743,2013-12-01,TMAX,156
USC00310356,2008-01-11,TMIN,-6
USC00310356,2008-01-11,TMAX,194
USC00314144,2005-12-18,TMAX,89
USC00314144,2005-12-18,TMIN,39
USC00310356,2009-07-09,TMIN,239
USC00310356,2009-07-09,TMAX,317
USW00093743,2013-12-01,TMIN,67
USC00314684,2014-03-15,TMIN,-56
USC00314689,2006-02-12,TMAX,100
USC00316096,2012-01-08,TMIN,78
USC00314689,2014-10-30,TMAX,272
USR0000NCRN,2011-06-26,TMIN,206
USR0000NCRN,2011-06-26,TMAX,311
USC00317170,2007-08-27,TMAX,289
USC00317170,2007-08-27,TMIN,228
USW00093719,2008-05-24,TMIN,133
USC00310356,2007-12-04,TMIN,28
USC00314689,2009-06-04,TMAX,322
USC00310576,2010-11-24,TMIN,100
USC00314144,2008-01-03,TMAX,28
USC00316096,2012-01-08,TMAX,167
USW00093719,2008-05-24,TMAX,222
USC00314689,2009-01-29,TMAX,222
USC00314689,2009-09-29,TMIN,117
USR0000NHOF,2005-10-31,TMIN,-17
USR0000NHOF,2005-10-31,TMAX,217
USC00316096,2011-10-07,TMIN,106
USW00093765,2015-05-03,TMAX,239
USR0000NCRN,2006-09-24,TMIN,244
USR0000NCRN,2006-09-24,TMAX,294
USC00314689,2014-10-30,TMIN,117
USC00314144,2008-01-03,TMIN,-78
USC00314684,2006-06-20,TMAX,300
USR0000NHOF,2010-06-23,TMAX,361
USC00310576,2008-04-15,TMAX,222
USW00093765,2011-07-29,TMAX,339
USR0000NHOF,2010-06-23,TMIN,250
USC00316096,2014-10-30,TMAX,217
USR0000NCRN,2013-05-28,TMIN,122
USC00317170,2015-12-04,TMAX,128
USR0000NCRN,2013-05-28,TMAX,256
USW00093719,2008-09-30,TMIN,172
USC00310576,2011-01-08,TMIN,28
USC00315830,2013-03-07,TMAX,139
USC00316096,2014-10-30,TMIN,100
USC00315830,2013-03-07,TMIN,50
USW00093765,2011-07-29,TMIN,278
USW00013754,2005-12-31,TMIN,11
USC00314144,2005-04-24,TMIN,28
USW00013754,2005-12-31,TMAX,172
USC00310576,2011-01-08,TMAX,94
USW00093719,2008-09-30,TMAX,250
USC00310576,2011-10-07,TMIN,89
USC00310576,2011-10-07,TMAX,244
USC00315830,2013-10-24,TMAX,239
USC00314144,2005-04-24,TMAX,194
USR0000NNWB,2010-09-03,TMAX,350
USR0000NHOF,2009-04-28,TMIN,83
USC00316096,2012-04-01,TMIN,106
USC00316096,2014-11-28,TMAX,72
USC00310356,2006-08-17,TMIN,178
USC00310356,2006-08-17,TMAX,306
USR0000NCRN,2014-04-09,TMIN,94
USR0000NNWB,2014-08-22,TMAX,344
USW00093765,2009-04-25,TMIN,172
USC00317170,2012-02-20,TMAX,111
USC00314684,2011-01-20,TMAX,144
USR0000NCRN,2014-04-09,TMAX,206
USC00316096,2014-11-28,TMIN,-22
USR0000NNWB,2010-09-03,TMIN,228
USC00314684,2011-01-20,TMIN,0
USC00314689,2015-05-08,TMAX,206
USC00314689,2009-11-27,TMIN,44
USW00093765,2009-04-25,TMAX,233
USC00310576,2005-03-19,TMIN,50
USR0000NHOF,2009-04-28,TMAX,272
USC00310576,2005-03-19,TMAX,167
USC00310576,2008-04-15,TMIN,56
USC00316096,2012-04-01,TMAX,194
USR0000NNWB,2014-08-22,TMIN,239
USC00310356,2009-10-26,TMAX,211
USC00316096,2011-10-07,TMAX,239
USC00314689,2009-06-04,TMIN,206
USC00314689,2007-06-10,TMAX,317
USR0000NNWB,2008-01-03,TMIN,-67
USW00093743,2013-05-28,TMIN,139
USW00093743,2013-05-28,TMAX,261
USC00315830,2006-04-15,TMAX,233
USC00315830,2006-04-15,TMIN,178
USC00310356,2013-05-28,TMIN,144
USC00310356,2013-05-28,TMAX,256
USC00314684,2015-11-01,TMIN,56
USR0000NNWB,2006-08-24,TMAX,306
USW00093743,2008-01-11,TMIN,222
USC00310576,2011-11-12,TMAX,128
USC00310356,2006-05-26,TMAX,250
USC00310356,2006-05-26,TMIN,183
USC00314684,2015-11-01,TMAX,200
USC00310576,2013-06-02,TMAX,306
USR0000NNWB,2008-01-03,TMAX,17
USC00310576,2013-06-02,TMIN,178
USC00310576,2011-08-23,TMAX,311
USC00310576,2011-08-23,TMIN,194
USW00093743,2008-01-11,TMAX,272
USC00315830,2012-09-21,TMAX,272
USC00314689,2014-07-16,TMIN,217
USR0000NNWB,2010-10-15,TMIN,72
USC00314684,2008-09-18,TMAX,250
USW00093743,2009-11-02,TMIN,128
USR0000NCRN,2006-06-10,TMAX,311
USW00093743,2011-06-13,TMAX,306
USC00314684,2008-09-18,TMIN,128
USR0000NCRN,2006-06-10,TMIN,200
USC00310356,2013-09-06,TMAX,300
USW00093743,2009-03-06,TMAX,172
USC00316676,2009-05-08,TMIN,172
USC00314144,2007-05-04,TMIN,94
USC00316676,2009-05-08,TMAX,272
USC00314689,2011-01-13,TMAX,50
USC00314689,2011-01-13,TMIN,-67
USC00310576,2007-05-28,TMIN,144
USC00310576,2007-05-28,TMAX,283
USR0000NNWB,2010-10-15,TMAX,222
USC00316676,2011-01-04,TMAX,89
USC00316676,2011-01-04,TMIN,-44
USC00314689,2007-06-10,TMIN,206
USC00314689,2007-04-14,TMIN,78
USW00013754,2015-03-12,TMIN,78
USC00315830,2012-09-21,TMIN,161
USC00316096,2011-09-23,TMIN,211
USC00310576,2011-11-12,TMIN,0
USC00310576,2015-02-03,TMIN,0
USC00310576,2015-02-03,TMAX,178
USC00314689,2006-02-12,TMIN,22
USR0000NHOF,2005-08-28,TMAX,306
USR0000NHOF,2015-03-27,TMIN,50
USR0000NHOF,2009-07-09,TMIN,150
USR0000NHOF,2009-07-09,TMAX,272
USC00310576,2010-07-22,TMAX,350
USR0000NHOF,2005-08-28,TMIN,206
USR0000NHOF,2006-08-17,TMAX,294
USC00310576,2010-07-22,TMIN,244
USR0000NHOF,2006-05-26,TMAX,317
USR0000NHOF,2015-03-27,TMAX,211
USR0000NHOF,2006-05-26,TMIN,200
USC00310356,2007-12-04,TMAX,211
USW00093719,2014-12-02,TMAX,144
USR0000NCRN,2007-11-26,TMAX,206
USC00314689,2009-11-27,TMAX,183
USC00310356,2009-10-26,TMIN,144
USC00314684,2006-06-20,TMIN,194
USW00093719,2014-12-02,TMIN,61
USR0000NHOF,2006-08-17,TMIN,222
USW00013754,2009-04-18,TMAX,250
USR0000NHOF,2006-02-23,TMIN,0
USW00093743,2009-10-26,TMAX,189
USW00013754,2014-08-22,TMAX,344
USC00316096,2011-09-23,TMAX,300
USW00013754,2014-08-22,TMIN,233
USC00310576,2010-09-06,TMAX,306
USW00093765,2014-11-02,TMAX,111
USC00317170,2012-02-20,TMIN,22
USW00093765,2014-11-02,TMIN,50
USC00310356,2005-08-28,TMAX,289
USC00310576,2010-07-20,TMAX,328
USC00310576,2010-07-20,TMIN,256
USC00310356,2005-08-28,TMIN,239
USC00310576,2008-06-24,TMAX,283
USC00310576,2008-06-24,TMIN,189
USC00315830,2015-02-04,TMAX,117
USW00013754,2009-04-18,TMIN,44
USC00315830,2015-02-04,TMIN,-28
USC00314689,2009-01-29,TMIN,50
USW00093719,2011-01-31,TMAX,83
USW00093719,2011-01-31,TMIN,33
USR0000NHOF,2006-02-23,TMAX,122
USC00314689,2006-03-11,TMIN,128
USC00314689,2006-03-11,TMAX,278
USW00093743,2014-01-02,TMAX,156
USC00317170,2015-12-04,TMIN,33
USC00316676,2005-04-17,TMIN,17
USC00316096,2014-03-15,TMIN,72
USR0000NHOF,2009-11-02,TMIN,100
USC00310356,2006-03-13,TMIN,106
USC00314144,2011-03-15,TMIN,56
USC00314689,2007-05-16,TMIN,167
USC00316676,2006-09-20,TMAX,294
USC00314684,2014-10-30,TMIN,122
USC00316676,2012-07-29,TMAX,322
USR0000NHOF,2015-01-09,TMAX,133
USC00314684,2014-10-30,TMAX,272
USR0000NCRN,2007-07-09,TMAX,306
USC00314689,2007-05-16,TMAX,283
USW00093765,2009-06-04,TMAX,278
USC00315830,2012-04-14,TMIN,61
USR0000NCRN,2006-07-26,TMIN,222
USR0000NCRN,2006-07-26,TMAX,322
USC00315830,2012-04-14,TMAX,206
USC00317170,2015-05-03,TMAX,272
USR0000NNWB,2013-03-05,TMIN,-17
USC00314144,2011-03-15,TMAX,156
USW00093719,2015-04-12,TMAX,217
USC00316096,2014-03-15,TMAX,222
USW00093719,2015-04-12,TMIN,106
USC00310576,2007-07-27,TMAX,306
USC00316676,2009-09-30,TMIN,89
USW00093719,2008-07-18,TMIN,211
USC00310356,2009-03-06,TMIN,39
USC00310356,2009-03-06,TMAX,117
USC00310576,2013-11-07,TMIN,144
USW00013754,2014-12-31,TMIN,-5
USC00310356,2011-09-26,TMAX,250
USR0000NNWB,2009-04-26,TMAX,322
USR0000NHOF,2014-01-02,TMIN,67
USR0000NCRN,2013-09-06,TMIN,189
USC00316676,2012-07-29,TMIN,206
USC00314684,2010-02-08,TMAX,72
USC00314684,2010-02-08,TMIN,-67
USC00315830,2012-01-08,TMIN,100
USC00315830,2012-01-08,TMAX,161
USR0000NHOF,2006-06-10,TMAX,300
USR0000NHOF,2006-06-10,TMIN,183
USC00316676,2005-04-17,TMAX,167
USW00013754,2014-12-31,TMAX,94
USR0000NCRN,2013-09-06,TMAX,294
USC00317170,2015-05-03,TMIN,83
USR0000NHOF,2008-04-29,TMIN,28
USC00314689,2011-10-07,TMAX,244
USW00093765,2012-12-19,TMAX,161
USW00093765,2012-12-19,TMIN,61
USC00314684,2006-11-28,TMAX,222
USC00314684,2005-04-22,TMIN,106
USC00310356,2006-03-13,TMAX,200
USC00314689,2010-03-16,TMIN,83
USC00314684,2005-04-22,TMAX,300
USR0000NCRN,2008-07-12,TMIN,200
USW00093765,2009-06-04,TMIN,233
USC00316676,2012-11-04,TMAX,156
USC00314689,2010-03-16,TMAX,167
USC00315830,2005-05-26,TMAX,250
USR0000NNWB,2012-11-08,TMIN,11
USC00315830,2005-05-26,TMIN,117
USC00310576,2010-07-10,TMIN,222
USW00093719,2011-02-17,TMAX,222
USC00314689,2007-06-20,TMIN,228
USC00314689,2013-01-13,TMIN,139
USW00093719,2011-02-17,TMIN,22
USC00316676,2015-08-18,TMAX,328
USC00310576,2010-07-10,TMAX,328
USR0000NHOF,2015-06-05,TMIN,167
USC00314684,2006-11-28,TMIN,72
USC00316676,2012-11-04,TMIN,28
USR0000NHOF,2015-01-09,TMIN,-89
USC00314689,2011-10-07,TMIN,89
USR0000NNWB,2013-03-05,TMAX,183
USR0000NHOF,2008-04-29,TMAX,172
USC00316676,2015-08-18,TMIN,206
USC00310576,2013-06-24,TMIN,211
USW00093719,2014-08-22,TMAX,350
USC00310576,2013-06-24,TMAX,289
USW00093719,2014-08-22,TMIN,239
USC00310576,2013-11-07,TMAX,206
USC00317170,2010-06-14,TMAX,361
USC00314684,2007-06-01,TMIN,133
USC00316096,2009-09-29,TMIN,117
USR0000NHOF,2008-03-01,TMIN,28
USR0000NHOF,2008-03-01,TMAX,200
USR0000NCRN,2007-07-09,TMIN,217
USC00316096,2009-09-29,TMAX,244
USR0000NHOF,2015-06-05,TMAX,250
USC00314684,2007-06-01,TMAX,300
USC00317170,2010-06-14,TMIN,239
USR0000NCRN,2008-07-12,TMAX,311
USR0000NCRN,2010-09-09,TMIN,200
USC00310576,2008-12-22,TMAX,189
USC00316676,2009-09-30,TMAX,233
USR0000NHOF,2009-06-07,TMIN,183
USW00093765,2006-01-26,TMIN,6
USC00317170,2014-01-30,TMAX,17
USC00310356,2007-05-17,TMIN,194
USR0000NNWB,2012-08-18,TMIN,233
USW00093765,2009-12-26,TMAX,194
USC00314684,2005-03-12,TMIN,11
USW00093765,2009-12-26,TMIN,89
USC00310576,2012-05-28,TMAX,306
USC00314144,2008-11-08,TMIN,100
USC00310356,2007-05-17,TMAX,233
USC00310356,2005-02-09,TMIN,22
USW00093765,2012-03-30,TMIN,156
USC00310356,2014-03-31,TMAX,133
USC00315830,2013-10-24,TMIN,72
USC00314144,2008-11-08,TMAX,217
USW00093765,2006-01-26,TMAX,89
USC00310356,2014-03-31,TMIN,67
USC00310576,2012-05-28,TMIN,183
USR0000NCRN,2014-05-09,TMAX,272
USW00093765,2012-03-30,TMAX,233
USC00310356,2005-02-09,TMAX,100
USR0000NCRN,2015-12-25,TMAX,233
USW00093743,2014-01-02,TMIN,78
USC00317170,2014-01-30,TMIN,-67
USC00315830,2015-03-02,TMIN,44
USC00315830,2015-03-02,TMAX,178
USC00310356,2015-03-27,TMIN,67
USC00310356,2015-03-27,TMAX,228
USC00317170,2014-11-02,TMAX,106
USC00317170,2014-11-02,TMIN,50
USW00013754,2010-04-30,TMAX,261
USC00317170,2012-06-22,TMIN,206
USC00317170,2012-06-22,TMAX,361
USC00310576,2015-06-17,TMIN,239
USW00013754,2006-12-09,TMIN,-82
USR0000NHOF,2006-11-19,TMIN,-28
USW00093719,2012-10-01,TMIN,183
USC00314689,2012-04-01,TMAX,272
USW00093719,2012-10-01,TMAX,250
USC00314689,2012-04-01,TMIN,183
USC00314684,2005-03-12,TMAX,172
USW00013754,2006-12-09,TMAX,89
USR0000NCRN,2014-05-09,TMIN,194
USC00310576,2015-06-17,TMAX,361
USR0000NHOF,2006-11-19,TMAX,144
USR0000NCRN,2015-12-25,TMIN,194
USC00310356,2015-04-11,TMAX,217
USW00093719,2011-01-02,TMAX,206
USR0000NCRN,2010-08-16,TMIN,217
USC00314684,2005-07-02,TMAX,333
USR0000NCRN,2010-08-16,TMAX,322
USC00316676,2009-03-13,TMAX,150
USR0000NHOF,2014-03-31,TMIN,39
USC00310356,2006-06-10,TMIN,167
USC00316676,2009-03-13,TMIN,78
USC00316676,2013-02-04,TMAX,122
USC00317170,2015-04-04,TMAX,217
USC00316096,2011-04-19,TMAX,233
USC00314684,2005-07-02,TMIN,233
USC00317170,2015-04-04,TMIN,139
USR0000NHOF,2014-01-02,TMAX,111
USC00310576,2007-07-27,TMIN,200
USR0000NNWB,2009-04-26,TMIN,161
USC00310356,2015-06-05,TMAX,283
USC00310356,2011-06-13,TMAX,289
USC00310356,2006-07-27,TMAX,306
USC00310356,2015-06-05,TMIN,200
USW00093719,2008-07-18,TMAX,322
USR0000NCRN,2010-09-09,TMAX,300
USC00310356,2006-06-10,TMAX,278
USC00310576,2007-11-10,TMIN,50
USC00310576,2007-11-10,TMAX,150
USC00310356,2015-04-11,TMIN,167
USC00316676,2014-06-21,TMIN,217
USC00316676,2014-06-21,TMAX,311
USR0000NHOF,2009-06-07,TMAX,267
USC00310356,2011-06-13,TMIN,233
USC00317170,2008-05-17,TMIN,133
USC00317170,2008-05-17,TMAX,250
USR0000NNWB,2012-08-18,TMAX,333
USC00310576,2015-08-07,TMAX,328
USW00013754,2009-11-08,TMAX,228
USW00093719,2011-01-02,TMIN,89
USC00310576,2015-08-07,TMIN,217
USW00013754,2010-04-30,TMIN,111
USC00310356,2011-09-26,TMIN,211
USC00316096,2011-04-19,TMIN,89
USR0000NHOF,2014-03-31,TMAX,217
USC00316676,2013-02-04,TMIN,-11
USR0000NHOF,2009-11-02,TMAX,139
USC00316096,2015-07-19,TMAX,317
USC00316096,2015-07-19,TMIN,228
USW00013754,2009-11-08,TMIN,39
USC00310356,2006-07-27,TMIN,167
USC00314684,2010-05-25,TMIN,183
USC00310356,2013-09-06,TMIN,222
USC00314684,2010-05-25,TMAX,256
USC00315830,2006-06-07,TMIN,156
USC00315830,2006-06-07,TMAX,272
USC00314684,2005-11-07,TMIN,122
USC00310576,2010-11-02,TMIN,89
USC00310576,2008-06-12,TMAX,322
USW00013754,2014-07-27,TMIN,239
USW00093765,2015-09-08,TMAX,294
USC00310356,2010-08-16,TMIN,244
USC00310356,2010-08-16,TMAX,311
USW00013754,2010-10-15,TMIN,78
USC00314144,2010-07-06,TMIN,156
USW00093765,2015-09-08,TMIN,233
USR0000NNWB,2007-12-30,TMIN,139
USC00314144,2010-07-06,TMAX,344
USW00013754,2014-07-27,TMAX,322
USC00315830,2012-12-25,TMIN,89
USC00314144,2006-06-10,TMAX,317
USC00310356,2009-06-07,TMIN,200
USR0000NHOF,2009-10-26,TMAX,161
USC00315830,2012-12-25,TMAX,161
USR0000NNWB,2007-12-30,TMAX,167
USC00316676,2006-12-22,TMAX,194
USW00013754,2010-10-15,TMAX,217
USC00310356,2009-06-07,TMAX,239
USR0000NHOF,2015-07-25,TMIN,150
USC00314684,2011-04-13,TMAX,267
USC00314684,2012-11-26,TMAX,106
USC00314684,2011-04-13,TMIN,106
USW00093743,2010-08-16,TMIN,228
USW00093743,2010-08-16,TMAX,306
USW00093765,2015-12-04,TMIN,67
USW00013754,2005-05-14,TMAX,256
USR0000NHOF,2011-09-26,TMIN,183
USC00314684,2005-11-07,TMAX,250
USW00013754,2011-02-11,TMAX,39
USC00317170,2011-03-13,TMIN,94
USC00310576,2010-05-31,TMAX,317
USC00310576,2008-06-12,TMIN,172
USC00310576,2010-05-31,TMIN,167
USW00093765,2005-08-26,TMIN,228
USW00093765,2005-08-26,TMAX,289
USW00093719,2009-08-28,TMAX,306
USW00093719,2009-08-28,TMIN,222
USR0000NHOF,2009-10-26,TMIN,117
USC00310576,2010-11-02,TMAX,206
USC00314144,2006-06-10,TMIN,183
USC00316676,2006-12-22,TMIN,56
USW00013754,2005-05-14,TMIN,139
USC00317170,2010-06-19,TMAX,311
USR0000NHOF,2007-10-27,TMAX,228
USW00093765,2010-02-08,TMAX,100
USW00093765,2010-02-08,TMIN,-21
USR0000NCRN,2010-04-03,TMAX,222
USC00317170,2008-07-06,TMIN,211
USC00310356,2013-06-02,TMAX,272
USW00093719,2005-01-16,TMIN,28
USR0000NCRN,2013-12-08,TMIN,56
USW00093743,2008-08-16,TMAX,206
USC00314684,2005-10-28,TMIN,28
USW00093765,2012-06-23,TMAX,300
USW00093719,2005-01-16,TMAX,56
USC00314684,2012-08-16,TMAX,317
USC00314689,2005-04-22,TMIN,111
USC00310356,2013-06-02,TMIN,233
USC00314684,2012-08-16,TMIN,200
USC00317170,2009-01-27,TMIN,56
USC00310356,2014-06-05,TMIN,228
USC00314689,2008-02-11,TMIN,-22
USR0000NCRN,2013-12-08,TMAX,72
USR0000NCRN,2010-04-03,TMIN,83
USR0000NHOF,2011-09-26,TMAX,233
USC00316676,2012-11-21,TMAX,144
USW00093719,2013-03-05,TMIN,-11
USC00310356,2006-11-19,TMAX,206
USW00093719,2013-03-05,TMAX,189
USC00316096,2014-10-14,TMAX,283
USC00315830,2005-05-19,TMIN,128
USC00316096,2014-10-14,TMIN,228
USC00317170,2014-06-03,TMAX,311
USR0000NCRN,2007-02-11,TMAX,83
USW00093743,2008-08-16,TMIN,133
USC00314684,2005-10-28,TMAX,172
USC00316676,2011-02-25,TMIN,0
USR0000NCRN,2007-02-11,TMIN,72
USC00317170,2014-06-03,TMIN,128
USC00315830,2005-12-24,TMAX,133
USC00315830,2010-08-10,TMAX,311
USC00315830,2010-08-10,TMIN,272
USC00315830,2005-12-24,TMIN,-17
USC00310356,2006-07-26,TMIN,167
USC00314689,2010-09-19,TMAX,306
USC00310356,2006-07-26,TMAX,306
USC00315830,2005-05-19,TMAX,250
USC00314684,2012-11-26,TMIN,-44
USC00314689,2008-02-11,TMAX,178
USW00093765,2011-07-25,TMAX,322
USR0000NCRN,2006-04-11,TMIN,28
USR0000NHOF,2007-01-12,TMIN,-6
USR0000NHOF,2007-01-12,TMAX,211
USR0000NNWB,2005-02-14,TMIN,72
USW00093765,2015-09-05,TMIN,222
USR0000NHOF,2015-03-24,TMAX,222
USC00316676,2007-03-08,TMIN,28
USC00316096,2010-09-23,TMAX,294
USC00314689,2009-04-23,TMAX,261
USC00314689,2009-04-23,TMIN,89
USC00315830,2014-01-27,TMIN,78
USR0000NCRN,2006-04-11,TMAX,233
USR0000NNWB,2013-03-17,TMIN,78
USR0000NCRN,2006-05-26,TMIN,206
USW00093765,2015-09-05,TMAX,300
USC00314689,2005-09-29,TMAX,311
USC00314689,2005-09-29,TMIN,178
USR0000NHOF,2015-03-24,TMIN,0
USC00316676,2005-11-20,TMIN,-11
USR0000NHOF,2014-05-09,TMAX,350
USC00315830,2013-06-24,TMIN,250
USR0000NCRN,2006-05-26,TMAX,289
USC00315830,2013-06-24,TMAX,300
USR0000NNWB,2005-02-14,TMAX,194
USR0000NCRN,2008-08-11,TMAX,300
USW00093765,2009-11-04,TMAX,206
USC00317170,2015-05-02,TMIN,72
USW00093765,2005-04-01,TMAX,239
USW00093765,2005-04-01,TMIN,156
USC00317170,2015-05-02,TMAX,222
USR0000NCRN,2008-08-11,TMIN,183
USC00315830,2008-10-17,TMIN,100
USR0000NHOF,2010-06-21,TMIN,211
USC00310356,2011-11-26,TMIN,89
USR0000NHOF,2014-05-09,TMIN,194
USC00310356,2011-11-26,TMAX,167
USW00093719,2012-12-19,TMAX,189
USR0000NNWB,2014-07-27,TMAX,317
USW00093719,2012-12-19,TMIN,22
USW00093719,2008-08-28,TMAX,294
USC00315830,2008-10-17,TMAX,267
USW00093719,2008-08-28,TMIN,228
USC00314684,2008-09-05,TMAX,317
USC00314684,2008-09-05,TMIN,167
USR0000NHOF,2010-06-21,TMAX,344
USR0000NNWB,2014-07-27,TMIN,239
USC00317170,2012-04-01,TMAX,194
USC00317170,2012-04-01,TMIN,100
USW00013754,2009-04-03,TMIN,161
USC00314684,2012-06-22,TMIN,217
USC00314684,2012-06-22,TMAX,339
USC00314684,2010-04-03,TMAX,294
USW00093719,2014-03-28,TMIN,44
USR0000NNWB,2005-03-11,TMIN,56
USC00310576,2015-04-06,TMAX,194
USC00316676,2007-02-09,TMIN,-39
USC00316676,2007-02-09,TMAX,100
USW00093719,2014-03-28,TMAX,233
USC00316676,2007-03-08,TMAX,217
USR0000NHOF,2015-07-25,TMAX,311
USC00314684,2010-04-03,TMIN,89
USC00314689,2010-09-19,TMIN,156
USC00314689,2007-08-11,TMIN,228
USW00093765,2011-07-25,TMIN,278
USR0000NNWB,2011-01-29,TMIN,-33
USR0000NHOF,2006-07-26,TMIN,211
USR0000NHOF,2006-07-26,TMAX,317
USW00093765,2015-12-04,TMAX,117
USC00317170,2011-03-13,TMAX,261
USC00315830,2013-12-09,TMAX,128
USR0000NNWB,2013-03-17,TMAX,194
USC00314689,2007-08-11,TMAX,378
USR0000NHOF,2010-08-16,TMAX,294
USC00310356,2012-08-23,TMIN,228
USC00316676,2005-11-20,TMAX,139
USW00013754,2009-04-03,TMAX,261
USC00316676,2008-11-02,TMIN,6
USC00310576,2013-05-28,TMIN,89
USC00310356,2012-08-23,TMAX,300
USC00316676,2008-11-02,TMAX,228
USR0000NCRN,2005-08-28,TMAX,306
USR0000NCRN,2005-08-28,TMIN,228
USC00310576,2013-05-28,TMAX,261
USR0000NCRN,2013-06-02,TMAX,272
USR0000NCRN,2013-06-02,TMIN,228
USC00314689,2006-06-20,TMIN,217
USC00314689,2006-06-20,TMAX,333
USC00315830,2009-03-30,TMAX,200
USC00315830,2009-03-30,TMIN,83
USC00310576,2010-04-22,TMIN,117
USC00310576,2015-04-06,TMIN,28
USR0000NHOF,2010-08-16,TMIN,183
USC00310576,2010-04-22,TMAX,194
USR0000NNWB,2005-03-11,TMAX,178
USR0000NNWB,2011-01-29,TMAX,144
USW00093765,2009-11-04,TMIN,89
USC00317170,2009-01-27,TMAX,100
USW00093743,2013-06-02,TMIN,233
USC00310576,2008-06-09,TMIN,244
USW00093765,2013-10-27,TMIN,89
USW00093765,2009-12-05,TMIN,50
USW00093743,2012-09-12,TMAX,267
USC00314689,2005-03-22,TMAX,206
USR0000NCRN,2007-09-18,TMIN,150
USW00093743,2012-09-12,TMIN,139
USC00317170,2008-12-30,TMIN,39
USR0000NCRN,2009-08-01,TMIN,267
USC00310576,2008-12-22,TMIN,11
USC00314689,2005-03-22,TMIN,56
USR0000NCRN,2011-07-31,TMIN,228
USR0000NCRN,2011-07-31,TMAX,322
USC00310356,2010-06-21,TMIN,250
USW00013754,2010-10-18,TMIN,89
USW00013754,2010-10-18,TMAX,261
USC00317170,2008-12-30,TMAX,172
USC00310356,2010-06-21,TMAX,311
USC00316096,2013-10-22,TMIN,133
USC00316096,2013-10-22,TMAX,189
USR0000NCRN,2014-05-28,TMIN,211
USC00314689,2011-04-19,TMIN,128
USC00314144,2007-09-24,TMAX,283
USC00310576,2008-06-09,TMAX,372
USR0000NCRN,2015-06-05,TMAX,244
USR0000NCRN,2015-06-05,TMIN,172
USC00316096,2011-05-11,TMAX,239
USC00310356,2006-02-14,TMAX,72
USC00316676,2007-07-16,TMIN,217
USR0000NCRN,2015-03-12,TMIN,61
USC00310356,2012-09-12,TMAX,267
USR0000NCRN,2010-04-09,TMIN,67
USC00316676,2007-07-16,TMAX,300
USC00314144,2007-09-24,TMIN,111
USC00310356,2012-09-12,TMIN,178
USR0000NNWB,2015-03-09,TMAX,194
USR0000NNWB,2015-03-09,TMIN,94
USC00316676,2014-01-31,TMIN,-50
USR0000NCRN,2015-03-12,TMAX,167
USC00310356,2009-11-02,TMAX,211
USC00310356,2009-11-02,TMIN,133
USC00317170,2010-02-08,TMAX,94
USC00317170,2010-02-08,TMIN,-17
USR0000NCRN,2009-08-01,TMAX,289
USC00310576,2012-08-19,TMIN,217
USC00314689,2011-04-19,TMAX,294
USC00316096,2010-08-31,TMAX,339
USR0000NNWB,2006-08-24,TMIN,189
USW00093765,2009-12-05,TMAX,178
USW00093743,2009-10-26,TMIN,144
USC00317170,2007-12-22,TMAX,183
USC00310356,2006-02-23,TMIN,100
USR0000NCRN,2014-05-28,TMAX,300
USR0000NNWB,2008-02-10,TMIN,44
USC00314684,2006-03-20,TMIN,-28
USW00093743,2013-09-06,TMAX,306
USC00317170,2011-06-20,TMAX,333
USC00317170,2007-12-22,TMIN,100
USC00310576,2014-07-20,TMAX,278
USC00310576,2014-07-20,TMIN,189
USW00093743,2011-06-13,TMIN,217
USC00314689,2014-07-16,TMAX,261
USW00093743,2009-03-06,TMIN,11
USC00317170,2008-08-14,TMIN,161
USW00093743,2009-11-02,TMAX,150
USR0000NCRN,2007-09-14,TMAX,289
USW00093765,2013-10-27,TMAX,194
USR0000NNWB,2008-11-06,TMAX,239
USC00317170,2008-08-14,TMAX,289
USC00310356,2006-02-23,TMAX,139
USR0000NNWB,2008-02-10,TMAX,189
USR0000NCRN,2007-09-14,TMIN,222
USW00093765,2009-12-25,TMIN,61
USW00093719,2005-06-17,TMIN,183
USR0000NHOF,2011-03-04,TMIN,-33
USW00013754,2014-03-28,TMIN,44
USW00093719,2005-06-17,TMAX,272
USW00013754,2014-03-28,TMAX,217
USC00314684,2012-04-01,TMAX,222
USW00013754,2015-03-12,TMAX,172
USC00314684,2012-04-01,TMIN,100
USW00093765,2009-12-25,TMAX,200
USC00316096,2010-08-31,TMIN,167
USC00317170,2011-06-20,TMIN,217
USC00314689,2014-05-28,TMIN,206
USR0000NNWB,2008-11-06,TMIN,133
USC00310576,2010-09-06,TMIN,150
USW00093743,2013-09-06,TMIN,206
USR0000NHOF,2012-09-12,TMAX,261
USR0000NHOF,2012-09-12,TMIN,89
USC00317170,2010-03-19,TMIN,17
USC00317170,2010-03-19,TMAX,239
USC00314684,2006-03-20,TMAX,128
USR0000NHOF,2011-03-04,TMAX,161
USW00093743,2013-06-02,TMAX,289
USC00310356,2015-01-09,TMIN,-89
USC00310576,2012-08-19,TMAX,311
USC00315830,2008-03-04,TMAX,206
USC00315830,2008-03-04,TMIN,150
USC00316676,2014-05-23,TMIN,183
USR0000NNWB,2014-03-28,TMAX,228
USR0000NNWB,2009-05-21,TMAX,250
USC00315830,2010-12-09,TMAX,56
USR0000NNWB,2009-05-21,TMIN,139
USC00315830,2010-12-09,TMIN,-22
USR0000NCRN,2008-01-18,TMAX,117
USW00093719,2009-02-03,TMAX,94
USC00314144,2008-04-02,TMIN,94
USW00013754,2005-10-05,TMIN,222
USC00314689,2013-10-22,TMIN,117
USC00314689,2013-10-22,TMAX,217
USC00314684,2007-08-07,TMIN,228
USW00093743,2010-06-21,TMAX,322
USR0000NNWB,2005-12-31,TMIN,22
USC00314689,2009-10-24,TMAX,289
USC00317170,2008-07-06,TMAX,306
USC00314689,2014-05-28,TMAX,311
USW00013754,2013-12-24,TMIN,33
USR0000NNWB,2005-12-31,TMAX,178
USW00093719,2009-02-03,TMIN,-28
USW00093743,2010-06-21,TMIN,250
USC00314689,2005-04-22,TMAX,289
USC00317170,2010-06-19,TMIN,233
USW00013754,2005-10-05,TMAX,261
USW00013754,2013-03-17,TMIN,89
USC00310356,2006-11-19,TMIN,61
USW00093765,2012-06-23,TMIN,222
USC00316676,2012-11-21,TMIN,89
USC00310356,2014-06-05,TMAX,267
USW00093765,2007-12-01,TMIN,28
USC00316676,2010-04-04,TMAX,272
USW00013754,2013-03-17,TMAX,150
USC00316676,2010-04-04,TMIN,128
USC00314684,2010-04-17,TMAX,261
USC00316676,2014-06-16,TMAX,283
USC00314684,2010-04-17,TMIN,67
USC00316676,2014-06-16,TMIN,178
USR0000NCRN,2008-01-18,TMIN,0
USR0000NNWB,2014-03-28,TMIN,50
USC00316676,2014-05-23,TMAX,311
USW00013754,2013-12-24,TMAX,150
USW00093765,2007-12-01,TMAX,139
USW00093719,2011-03-09,TMIN,39
USW00093719,2014-07-08,TMIN,244
USC00314689,2014-10-14,TMAX,294
USC00315830,2005-10-23,TMAX,261
USC00314144,2008-04-02,TMAX,189
USC00316676,2008-04-11,TMIN,122
USC00314684,2007-08-07,TMAX,328
USC00315830,2010-06-21,TMAX,317
USC00314684,2006-03-09,TMIN,-44
USC00316676,2011-02-25,TMAX,189
USW00093743,2009-06-07,TMAX,267
USW00093743,2009-06-07,TMIN,194
USC00315830,2005-10-23,TMIN,111
USC00315830,2014-06-03,TMIN,150
USC00314144,2006-10-30,TMAX,256
USC00310576,2014-08-31,TMIN,189
USC00315830,2010-06-21,TMIN,244
USC00310356,2015-01-09,TMAX,-6
USC00310576,2014-08-31,TMAX,311
USC00315830,2014-06-03,TMAX,261
USR0000NCRN,2007-09-18,TMAX,256
USC00316096,2011-05-11,TMIN,117
USC00316676,2014-01-31,TMAX,17
USC00314144,2006-10-30,TMIN,11
USC00310356,2006-02-14,TMIN,-11
USC00316676,2013-05-08,TMIN,94
USC00315830,2013-01-27,TMIN,-11
USC00314689,2014-10-14,TMIN,200
USR0000NCRN,2014-03-31,TMAX,206
USW00093719,2011-03-09,TMAX,183
USC00314684,2007-04-07,TMAX,144
USR0000NCRN,2014-03-31,TMIN,50
USC00315830,2010-07-25,TMIN,267
USW00093719,2014-07-08,TMAX,350
USC00314684,2012-07-30,TMIN,206
USW00093765,2008-09-22,TMIN,200
USW00093765,2008-09-22,TMAX,239
USR0000NNWB,2014-12-31,TMIN,-22
USC00315830,2010-07-25,TMAX,311
USC00314689,2009-10-24,TMIN,150
USR0000NNWB,2014-12-31,TMAX,89
USC00314684,2007-04-07,TMIN,11
USC00314684,2012-07-30,TMAX,333
USR0000NHOF,2007-10-27,TMIN,133
USC00315830,2013-01-27,TMAX,67
USC00314684,2006-03-09,TMAX,167
USC00316676,2008-04-11,TMAX,250
USC00316676,2013-05-08,TMAX,222
USR0000NCRN,2010-04-09,TMAX,200
USR0000NNWB,2009-04-18,TMAX,267
USC00310356,2011-04-05,TMAX,200
USC00317170,2008-02-08,TMAX,183
USR0000NHOF,2007-12-27,TMIN,6
USW00013754,2005-02-27,TMAX,89
USC00317170,2013-09-08,TMAX,311
USC00317170,2013-09-08,TMIN,156
USC00314144,2007-06-11,TMIN,111
USC00316096,2011-05-18,TMAX,244
USC00316676,2007-09-10,TMAX,283
USW00093719,2006-07-20,TMAX,328
USW00093719,2006-07-20,TMIN,211
USC00310576,2012-07-22,TMAX,311
USC00317170,2013-12-07,TMIN,67
USW00093719,2012-04-02,TMIN,89
USC00314684,2011-02-13,TMIN,-33
USC00310356,2006-12-23,TMAX,183
USC00310356,2006-12-23,TMIN,128
USC00315830,2005-07-20,TMIN,267
USC00315830,2005-07-20,TMAX,311
USW00013754,2005-02-27,TMIN,-6
USW00093719,2011-04-04,TMAX,272
USR0000NCRN,2013-03-17,TMIN,83
USW00093719,2012-04-02,TMAX,217
USC00316676,2007-09-03,TMIN,183
USC00315830,2010-06-28,TMIN,256
USC00315830,2005-04-24,TMIN,72
USW00013754,2011-06-20,TMIN,211
USW00093719,2008-08-20,TMAX,317
USW00093743,2008-10-12,TMAX,261
USC00310356,2013-11-07,TMIN,150
USW00013754,2011-06-20,TMAX,344
USW00093719,2008-08-20,TMIN,183
USC00310356,2013-11-07,TMAX,239
USR0000NNWB,2006-06-06,TMIN,156
USC00317170,2010-04-30,TMIN,133
USC00310576,2012-07-22,TMIN,217
USR0000NNWB,2006-06-06,TMAX,250
USC00316676,2005-12-24,TMIN,-61
USW00013754,2008-07-17,TMIN,222
USC00314144,2007-06-11,TMAX,256
USW00013754,2013-11-11,TMIN,39
USC00310576,2005-05-17,TMIN,156
USR0000NHOF,2007-12-27,TMAX,150
USC00310576,2005-05-17,TMAX,228
USC00315830,2010-06-28,TMAX,306
USC00315830,2005-04-24,TMAX,222
USC00316676,2005-12-24,TMAX,150
USR0000NHOF,2009-08-14,TMAX,256
USC00316676,2005-03-22,TMAX,200
USC00316676,2007-09-03,TMAX,294
USC00310576,2008-03-25,TMIN,28
USW00093765,2014-03-27,TMAX,133
USC00310576,2008-03-25,TMAX,139
USW00093743,2011-01-27,TMAX,89
USW00093765,2006-10-29,TMIN,61
USC00314684,2010-10-28,TMIN,206
USC00316096,2011-11-20,TMAX,233
USC00316096,2011-11-20,TMIN,89
USC00314689,2010-08-24,TMIN,211
USC00314684,2010-10-28,TMAX,289
USC00314684,2013-06-03,TMAX,322
USR0000NNWB,2008-12-23,TMAX,94
USR0000NNWB,2008-12-23,TMIN,-72
USC00314684,2013-06-03,TMIN,211
USR0000NNWB,2012-11-04,TMIN,33
USR0000NNWB,2012-11-04,TMAX,167
USW00093765,2006-10-29,TMAX,194
USC00317170,2009-05-13,TMIN,111
USW00093719,2010-09-05,TMIN,144
USC00314684,2011-02-13,TMAX,133
USC00314689,2010-08-24,TMAX,311
USR0000NCRN,2013-03-17,TMAX,172
USC00314684,2014-10-29,TMAX,294
USW00093743,2009-08-14,TMAX,256
USC00316676,2007-09-10,TMIN,194
USC00316676,2005-03-22,TMIN,50
USW00013754,2013-11-11,TMAX,156
USC00314144,2007-11-27,TMAX,211
USC00314144,2007-11-27,TMIN,22
USR0000NNWB,2015-10-09,TMIN,150
USW00093719,2013-12-26,TMIN,39
USR0000NNWB,2015-10-09,TMAX,283
USW00093719,2013-02-04,TMIN,-28
USC00314684,2014-10-29,TMIN,67
USC00317170,2013-12-07,TMAX,206
USW00093719,2013-12-26,TMAX,72
USW00093719,2013-02-04,TMAX,106
USW00093765,2014-03-27,TMIN,-27
USW00093743,2010-12-13,TMAX,44
USC00316096,2014-08-20,TMIN,222
USW00093743,2009-08-14,TMIN,222
USC00314684,2013-05-09,TMAX,256
USC00314684,2013-05-09,TMIN,128
USC00316096,2014-08-20,TMAX,306
USW00093743,2011-01-27,TMIN,-10
USC00315830,2010-09-28,TMIN,256
USR0000NHOF,2009-08-14,TMIN,200
USR0000NCRN,2014-06-05,TMAX,267
USC00310356,2007-01-07,TMIN,111
USC00316096,2015-02-04,TMAX,144
USC00310356,2007-01-07,TMAX,161
USC00316096,2015-02-04,TMIN,-33
USC00310576,2015-01-09,TMAX,22
USC00316676,2014-08-30,TMIN,217
USW00013754,2012-08-19,TMAX,306
USC00316676,2014-08-30,TMAX,306
USC00314689,2014-08-20,TMIN,217
USC00314689,2008-07-31,TMAX,356
USC00314689,2014-08-20,TMAX,311
USC00317170,2014-03-27,TMAX,144
USR0000NNWB,2008-03-13,TMAX,244
USR0000NNWB,2008-03-13,TMIN,39
USW00093743,2013-11-07,TMIN,128
USW00013754,2012-08-19,TMIN,217
USC00315830,2007-09-02,TMAX,289
USW00013754,2010-09-26,TMIN,222
USW00013754,2012-05-26,TMIN,222
USW00013754,2012-05-26,TMAX,278
USC00317170,2014-03-27,TMIN,-33
USC00314684,2014-03-31,TMAX,100
USW00093743,2007-12-28,TMIN,39
USR0000NCRN,2007-04-26,TMIN,183
USC00316676,2008-09-24,TMAX,239
USC00314684,2005-10-07,TMIN,206
USC00314684,2005-10-07,TMAX,272
USC00316676,2013-05-26,TMIN,89
USC00316676,2013-05-26,TMAX,217
USW00093743,2007-12-28,TMAX,194
USR0000NCRN,2007-04-26,TMAX,261
USC00314684,2008-10-25,TMAX,194
USR0000NHOF,2009-05-09,TMIN,211
USW00013754,2005-07-08,TMAX,306
USR0000NNWB,2012-08-03,TMAX,344
USC00317170,2008-04-26,TMIN,150
USC00314684,2015-04-04,TMAX,283
USC00314144,2008-04-29,TMIN,28
USC00314144,2008-04-29,TMAX,172
USC00314689,2008-07-31,TMIN,233
USC00316676,2009-07-02,TMAX,333
USC00314684,2015-04-04,TMIN,150
USC00316676,2009-07-02,TMIN,206
USW00013754,2005-07-08,TMIN,233
USC00317170,2008-04-26,TMAX,294
USC00316096,2014-06-03,TMAX,272
USC00314684,2014-03-31,TMIN,56
USC00317170,2013-06-03,TMAX,272
USC00316096,2010-10-15,TMAX,211
USC00316096,2011-05-18,TMIN,133
USC00316096,2010-10-15,TMIN,56
USC00317170,2013-08-25,TMAX,267
USC00317170,2013-08-25,TMIN,156
USC00316676,2011-05-03,TMAX,278
USC00315830,2012-03-30,TMAX,289
USC00316096,2015-11-07,TMAX,267
USC00314684,2005-08-28,TMAX,294
USW00093743,2008-10-12,TMIN,178
USC00314684,2005-08-28,TMIN,206
USC00314684,2014-07-20,TMAX,278
USW00093743,2013-11-07,TMAX,217
USC00316096,2015-11-07,TMIN,183
USC00314684,2014-07-20,TMIN,189
USC00310576,2012-02-05,TMAX,206
USC00317170,2010-04-30,TMAX,300
USC00316676,2011-05-03,TMIN,100
USW00013754,2008-07-17,TMAX,300
USW00093719,2009-06-28,TMIN,189
USC00315830,2010-09-28,TMAX,278
USR0000NNWB,2014-01-27,TMAX,200
USC00315830,2007-09-02,TMIN,206
USC00310576,2012-02-05,TMIN,17
USC00317170,2013-06-03,TMIN,211
USC00316096,2014-10-29,TMIN,183
USC00316096,2014-06-03,TMIN,117
USC00316096,2014-10-29,TMAX,261
USR0000NHOF,2009-09-07,TMIN,206
USR0000NHOF,2009-09-07,TMAX,217
USW00013754,2010-11-03,TMIN,122
USC00310576,2005-11-10,TMIN,78
USC00310576,2005-11-10,TMAX,206
USW00013754,2010-11-03,TMAX,161
USC00317170,2011-03-30,TMIN,50
USW00093765,2009-12-06,TMAX,83
USW00093765,2009-12-06,TMIN,28
USR0000NCRN,2014-11-03,TMAX,178
USR0000NCRN,2014-11-03,TMIN,6
USC00314689,2013-01-15,TMIN,94
USC00314689,2013-01-15,TMAX,239
USR0000NHOF,2011-06-06,TMAX,311
USC00310576,2015-01-09,TMIN,-39
USC00315830,2012-03-30,TMIN,100
USW00093719,2009-06-28,TMAX,306
USC00317170,2009-05-13,TMAX,239
USR0000NCRN,2015-03-16,TMAX,178
USW00093743,2010-12-13,TMIN,-32
USR0000NCRN,2015-03-16,TMIN,17
USC00317170,2007-05-24,TMAX,261
USR0000NCRN,2007-04-29,TMAX,272
USC00314684,2015-02-09,TMIN,67
USW00093765,2013-12-07,TMIN,67
USW00093765,2006-03-11,TMIN,133
USW00093765,2013-12-07,TMAX,206
USR0000NCRN,2006-03-21,TMAX,94
USR0000NCRN,2015-10-11,TMAX,233
USW00093765,2007-09-29,TMIN,172
USR0000NCRN,2007-04-29,TMIN,122
USC00316096,2014-03-31,TMAX,206
USC00314689,2010-10-15,TMAX,211
USW00013754,2011-11-12,TMAX,172
USW00013754,2011-11-12,TMIN,-10
USW00093765,2007-09-29,TMAX,250
USC00314689,2010-10-15,TMIN,50
USR0000NCRN,2015-10-11,TMIN,156
USC00316676,2012-04-13,TMIN,17
USC00316676,2012-04-13,TMAX,178
USR0000NHOF,2011-06-06,TMIN,144
USW00093765,2010-09-16,TMIN,233
USC00316096,2013-05-09,TMAX,250
USW00093765,2015-03-09,TMIN,78
USW00093743,2009-09-07,TMAX,239
USW00013754,2015-06-05,TMIN,183
USW00013754,2012-11-04,TMAX,183
USC00310576,2010-07-25,TMIN,261
USW00093743,2009-09-05,TMAX,311
USW00013754,2009-12-05,TMAX,144
USC00310576,2010-07-25,TMAX,350
USC00317170,2009-12-06,TMIN,22
USC00315830,2013-06-23,TMIN,233
USC00315830,2013-06-23,TMAX,294
USW00093765,2015-03-09,TMAX,150
USW00093765,2011-04-19,TMIN,150
USW00093719,2007-08-20,TMIN,244
USC00316096,2012-03-06,TMAX,111
USC00317170,2008-08-21,TMAX,306
USW00013754,2005-06-17,TMIN,200
USW00093719,2006-01-20,TMAX,194
USW00093719,2007-08-20,TMAX,350
USW00093719,2006-01-20,TMIN,6
USW00013754,2005-06-17,TMAX,283
USW00093743,2009-09-07,TMIN,217
USW00093765,2011-04-19,TMAX,244
USC00316096,2013-05-09,TMIN,133
USC00316096,2014-03-31,TMIN,50
USC00310356,2011-05-13,TMAX,244
USC00317170,2011-09-23,TMIN,211
USW00093765,2008-06-27,TMAX,294
USC00315830,2006-02-23,TMAX,139
USW00013754,2015-01-17,TMAX,100
USW00093765,2012-04-02,TMAX,233
USW00093765,2012-04-02,TMIN,111
USC00315830,2006-02-23,TMIN,100
USW00093765,2008-04-07,TMIN,106
USW00093765,2008-04-07,TMAX,133
USC00315830,2005-04-22,TMAX,228
USW00013754,2015-01-17,TMIN,22
USC00310576,2008-01-21,TMAX,56
USW00093719,2011-08-12,TMIN,244
USC00310576,2008-01-21,TMIN,-33
USW00093719,2011-08-12,TMAX,322
USC00316676,2007-08-22,TMIN,217
USC00316676,2007-08-22,TMAX,383
USR0000NNWB,2015-06-05,TMAX,239
USR0000NNWB,2015-06-05,TMIN,183
USR0000NCRN,2009-07-01,TMIN,239
USW00093765,2007-05-27,TMIN,189
USC00315830,2005-04-22,TMIN,122
USW00093719,2015-12-02,TMIN,133
USW00093719,2015-12-02,TMAX,244
USW00093765,2010-09-16,TMAX,294
USC00310576,2009-10-01,TMAX,233
USC00310576,2009-10-01,TMIN,94
USW00093765,2006-03-11,TMAX,222
USC00316676,2012-12-03,TMIN,33
USW00093765,2007-05-27,TMAX,256
USR0000NCRN,2012-09-22,TMAX,278
USR0000NCRN,2012-09-22,TMIN,144
USR0000NCRN,2006-03-21,TMIN,50
USW00093743,2012-02-21,TMIN,-5
USC00314684,2015-02-09,TMAX,217
USC00314144,2008-11-17,TMIN,-28
USW00093743,2012-02-21,TMAX,161
USC00314144,2008-11-17,TMAX,133
USC00310356,2011-05-13,TMIN,150
USW00093719,2015-03-12,TMAX,172
USC00316096,2014-07-20,TMAX,300
USC00316096,2014-07-20,TMIN,200
USC00315830,2011-11-18,TMIN,28
USC00315830,2011-11-18,TMAX,106
USW00093765,2008-06-27,TMIN,256
USC00314684,2010-11-09,TMAX,167
USC00316676,2008-09-24,TMIN,161
USW00013754,2015-06-05,TMAX,256
USC00314684,2008-08-03,TMAX,356
USW00093765,2007-12-05,TMIN,28
USC00310576,2005-12-31,TMIN,6
USC00315830,2012-11-26,TMAX,172
USC00310576,2005-12-31,TMAX,178
USW00093719,2013-01-13,TMIN,133
USR0000NCRN,2005-04-01,TMIN,133
USR0000NCRN,2005-04-01,TMAX,244
USC00314144,2009-10-06,TMIN,172
USC00310356,2005-03-14,TMIN,78
USC00310576,2014-06-13,TMAX,306
USC00310356,2005-03-14,TMAX,156
USC00314144,2009-10-06,TMAX,228
USR0000NNWB,2009-02-03,TMAX,89
USR0000NNWB,2011-06-06,TMAX,322
USC00316096,2013-06-03,TMAX,267
USC00316096,2013-06-03,TMIN,200
USW00093719,2013-01-13,TMAX,250
USC00310576,2010-02-09,TMAX,106
USW00093719,2010-09-05,TMAX,294
USC00310576,2010-02-09,TMIN,-17
USC00310576,2014-06-13,TMIN,194
USC00314684,2011-10-21,TMAX,178
USW00093765,2007-12-05,TMAX,150
USC00315830,2012-11-26,TMIN,22
USW00093719,2006-10-31,TMAX,256
USW00093743,2007-10-15,TMIN,133
USW00093719,2006-10-31,TMIN,67
USR0000NHOF,2006-12-23,TMAX,211
USR0000NHOF,2006-12-23,TMIN,111
USC00310576,2007-04-05,TMIN,100
USW00093765,2006-05-26,TMAX,267
USW00093765,2006-05-26,TMIN,206
USC00314689,2014-12-16,TMIN,11
USC00310576,2007-04-05,TMAX,289
USC00314689,2014-12-16,TMAX,194
USW00093743,2007-10-15,TMAX,239
USC00314689,2012-06-23,TMAX,333
USC00316676,2007-05-03,TMIN,161
USC00316676,2007-05-03,TMAX,322
USC00310356,2014-08-23,TMAX,306
USC00314689,2012-06-23,TMIN,222
USC00310356,2014-08-23,TMIN,250
USR0000NNWB,2012-08-19,TMAX,294
USR0000NNWB,2012-08-19,TMIN,222
USR0000NNWB,2009-02-03,TMIN,0
USW00093719,2009-09-13,TMAX,272
USW00093719,2009-09-13,TMIN,172
USR0000NNWB,2008-10-07,TMIN,150
USW00093719,2011-04-04,TMIN,106
USC00314689,2011-11-20,TMIN,111
USR0000NCRN,2011-04-29,TMAX,250
USR0000NCRN,2006-03-26,TMIN,0
USR0000NCRN,2006-03-26,TMAX,122
USC00314684,2006-07-25,TMIN,228
USR0000NNWB,2007-11-15,TMIN,44
USC00314684,2006-07-25,TMAX,300
USR0000NNWB,2007-11-15,TMAX,200
USR0000NCRN,2011-04-29,TMIN,150
USW00093765,2014-01-10,TMIN,50
USC00317170,2008-08-21,TMIN,217
USC00317170,2009-12-06,TMAX,83
USC00314684,2010-11-09,TMIN,6
USR0000NCRN,2012-11-22,TMIN,67
USC00314684,2010-08-15,TMIN,183
USC00314684,2010-08-15,TMAX,306
USW00093765,2014-01-10,TMAX,211
USC00314684,2008-08-03,TMIN,200
USW00013754,2012-11-04,TMIN,33
USR0000NCRN,2012-11-22,TMAX,161
USW00013754,2009-12-05,TMIN,39
USR0000NNWB,2008-10-07,TMAX,233
USC00314684,2011-10-21,TMIN,50
USR0000NNWB,2006-08-12,TMAX,261
USW00093743,2009-09-05,TMIN,194
USR0000NNWB,2006-08-12,TMIN,189
USC00314689,2011-06-18,TMAX,344
USR0000NHOF,2015-04-06,TMIN,78
USR0000NHOF,2015-04-06,TMAX,250
USC00314689,2011-11-20,TMAX,239
USW00013754,2015-10-09,TMIN,150
USC00314689,2011-06-18,TMIN,222
USW00013754,2015-10-09,TMAX,278
USW00093765,2007-02-02,TMAX,111
USW00093765,2007-02-02,TMIN,44
USR0000NNWB,2006-09-21,TMAX,239
USR0000NNWB,2006-09-21,TMIN,122
USR0000NNWB,2009-03-06,TMAX,222
USR0000NNWB,2009-03-06,TMIN,6
USC00314684,2008-08-28,TMAX,289
USC00314689,2013-06-03,TMAX,306
USC00314684,2008-08-28,TMIN,217
USC00314689,2013-06-03,TMIN,211
USC00317170,2007-05-24,TMIN,133
USC00316096,2012-03-06,TMIN,-28
USC00310576,2011-07-13,TMAX,350
USC00314689,2014-10-29,TMAX,283
USC00314689,2014-10-29,TMIN,172
USC00316676,2015-12-30,TMIN,194
USR0000NHOF,2009-02-17,TMAX,89
USC00310576,2009-06-14,TMIN,189
USW00013754,2007-08-13,TMIN,183
USC00316676,2015-12-30,TMAX,267
USW00013754,2007-08-13,TMAX,322
USC00317170,2013-12-09,TMAX,189
USR0000NHOF,2012-12-25,TMAX,161
USC00314684,2010-09-23,TMIN,139
USR0000NNWB,2011-06-20,TMAX,333
USC00314684,2010-09-23,TMAX,311
USC00310576,2007-10-07,TMIN,194
USC00317170,2013-12-09,TMIN,50
USW00093719,2006-01-26,TMAX,83
USR0000NNWB,2013-06-03,TMAX,261
USR0000NNWB,2013-06-03,TMIN,206
USC00317170,2007-05-16,TMIN,156
USR0000NNWB,2014-05-04,TMAX,289
USC00315830,2011-01-23,TMIN,-106
USC00317170,2007-05-16,TMAX,294
USR0000NHOF,2009-02-17,TMIN,-94
USR0000NNWB,2009-02-09,TMAX,183
USC00310576,2011-09-24,TMIN,217
USC00316096,2012-06-23,TMIN,200
USW00013754,2009-04-25,TMIN,172
USR0000NHOF,2011-01-27,TMAX,106
USC00317170,2009-03-30,TMIN,94
USC00314689,2010-09-22,TMAX,322
USW00093743,2010-01-28,TMIN,-5
USC00314689,2011-03-25,TMIN,78
USC00310356,2010-11-24,TMIN,133
USW00013754,2009-04-25,TMAX,267
USW00013754,2013-06-03,TMAX,272
USR0000NNWB,2011-06-20,TMIN,217
USW00013754,2013-06-03,TMIN,206
USC00310356,2010-11-24,TMAX,194
USW00013754,2015-06-25,TMAX,328
USC00314689,2011-03-25,TMAX,189
USW00093719,2011-09-09,TMIN,183
USC00310576,2007-10-07,TMAX,283
USW00093719,2011-09-09,TMAX,294
USC00315830,2009-01-08,TMIN,78
USC00315830,2009-01-08,TMAX,167
USW00093719,2006-01-26,TMIN,0
USC00310356,2007-11-18,TMAX,156
USR0000NHOF,2010-01-28,TMAX,156
USR0000NHOF,2010-01-28,TMIN,-39
USR0000NNWB,2008-10-11,TMIN,189
USW00013754,2009-03-06,TMAX,200
USC00316676,2005-08-03,TMAX,306
USW00093743,2008-08-25,TMAX,211
USW00093743,2008-08-25,TMIN,122
USR0000NHOF,2005-08-23,TMAX,278
USR0000NHOF,2005-08-23,TMIN,211
USW00093765,2013-05-09,TMAX,233
USW00013754,2009-03-06,TMIN,-5
USR0000NNWB,2008-10-11,TMAX,228
USC00314689,2015-06-17,TMIN,250
USC00316096,2011-06-21,TMAX,289
USW00093765,2013-05-09,TMIN,183
USC00316676,2014-07-18,TMIN,189
USC00314684,2005-01-01,TMAX,200
USC00314684,2005-01-01,TMIN,33
USC00314689,2006-02-07,TMIN,50
USC00315830,2011-07-19,TMAX,294
USC00314689,2006-02-07,TMAX,111
USW00013754,2014-01-27,TMIN,44
USC00310576,2014-06-17,TMIN,200
USC00310576,2014-06-17,TMAX,333
USC00314689,2015-06-17,TMAX,378
USW00013754,2014-01-27,TMAX,172
USC00316676,2013-01-27,TMIN,6
USC00310356,2011-12-15,TMIN,67
USC00310356,2011-12-15,TMAX,156
USC00310576,2009-06-14,TMAX,333
USR0000NNWB,2009-02-09,TMIN,50
USR0000NNWB,2009-12-05,TMIN,39
USC00314144,2006-03-18,TMAX,183
USR0000NNWB,2014-05-04,TMIN,128
USW00093743,2009-05-09,TMAX,261
USC00315830,2011-01-23,TMAX,44
USC00316676,2008-02-27,TMAX,211
USW00093743,2009-05-09,TMIN,211
USW00013754,2011-07-11,TMIN,228
USW00093719,2006-05-26,TMAX,328
USC00316676,2005-08-03,TMIN,194
USC00314144,2006-03-18,TMIN,0
USW00093719,2006-05-26,TMIN,200
USC00314684,2014-03-27,TMIN,-56
USC00314684,2014-03-27,TMAX,89
USW00013754,2011-07-11,TMAX,328
USR0000NNWB,2009-12-05,TMAX,133
USC00316676,2013-01-27,TMAX,28
USR0000NHOF,2011-01-27,TMIN,-28
USC00315830,2008-09-22,TMIN,194
USW00013754,2015-06-25,TMIN,228
USW00093743,2010-01-28,TMAX,122
USC00314144,2008-06-12,TMAX,300
USW00013754,2008-09-30,TMAX,250
USC00315830,2005-11-21,TMAX,206
USW00013754,2013-06-23,TMIN,211
USW00013754,2013-06-23,TMAX,294
USC00315830,2005-11-21,TMIN,133
USR0000NHOF,2012-02-21,TMAX,172
USC00310356,2010-02-09,TMAX,78
USC00310356,2010-02-09,TMIN,0
USR0000NNWB,2007-10-24,TMAX,294
USW00093743,2013-10-22,TMIN,139
USW00013754,2008-03-13,TMAX,217
USW00013754,2008-03-13,TMIN,22
USC00310576,2007-03-05,TMIN,17
USC00310356,2013-10-22,TMIN,194
USW00093743,2007-12-27,TMIN,33
USW00093743,2010-02-09,TMAX,122
USC00310356,2013-10-22,TMAX,250
USW00093743,2010-02-09,TMIN,-10
USC00317170,2014-03-31,TMAX,211
USW00093743,2013-10-22,TMAX,194
USC00310576,2007-03-05,TMAX,122
USR0000NNWB,2007-10-24,TMIN,228
USW00093719,2015-10-09,TMAX,278
USC00317170,2009-11-16,TMIN,100
USW00093719,2005-10-19,TMAX,283
USW00093743,2010-11-24,TMIN,72
USW00093719,2006-11-18,TMAX,139
USC00316676,2012-12-19,TMAX,189
USW00013754,2008-09-30,TMIN,178
USW00093719,2012-05-26,TMIN,217
USW00093719,2005-10-19,TMIN,133
USR0000NHOF,2012-02-21,TMIN,-33
USC00310356,2013-03-17,TMAX,156
USC00315830,2014-12-31,TMAX,200
USC00314689,2010-07-09,TMIN,222
USC00314689,2010-07-09,TMAX,339
USW00093719,2012-05-26,TMAX,289
USW00093743,2010-11-24,TMAX,189
USC00316676,2012-12-19,TMIN,22
USW00093719,2015-10-09,TMIN,144
USC00314144,2008-06-12,TMIN,139
USC00316676,2010-02-05,TMIN,-11
USC00316676,2010-02-05,TMAX,83
USC00310356,2013-03-17,TMIN,111
USC00317170,2014-03-31,TMIN,67
USR0000NCRN,2007-07-27,TMIN,217
USC00314684,2008-10-15,TMIN,94
USR0000NCRN,2008-01-11,TMIN,133
USR0000NCRN,2008-01-11,TMAX,211
USC00316676,2005-03-24,TMIN,67
USC00314144,2010-06-21,TMIN,211
USC00316676,2005-03-24,TMAX,233
USW00093743,2010-08-17,TMAX,306
USW00093743,2010-08-17,TMIN,244
USR0000NCRN,2005-10-31,TMIN,28
USC00314689,2010-09-22,TMIN,167
USC00314684,2008-10-15,TMAX,289
USC00314144,2010-06-21,TMAX,344
USC00310576,2005-12-18,TMAX,72
USR0000NCRN,2005-10-31,TMAX,233
USC00316096,2015-06-17,TMIN,233
USC00310576,2005-12-18,TMIN,50
USC00310356,2007-11-18,TMIN,56
USR0000NHOF,2012-12-25,TMIN,50
USW00013754,2011-04-29,TMIN,144
USC00314689,2007-03-14,TMIN,128
USC00314689,2007-03-14,TMAX,256
USC00316096,2015-06-17,TMAX,344
USC00310576,2011-09-24,TMAX,289
USR0000NHOF,2010-02-09,TMIN,-33
USR0000NHOF,2010-02-09,TMAX,100
USC00316096,2012-06-23,TMAX,300
USW00093719,2012-11-04,TMIN,33
USR0000NNWB,2014-02-07,TMIN,-17
USR0000NNWB,2006-10-31,TMAX,244
USR0000NNWB,2014-02-07,TMAX,100
USC00314144,2006-10-07,TMIN,100
USR0000NNWB,2006-10-31,TMIN,78
USC00315830,2008-05-17,TMIN,144
USC00314144,2006-10-07,TMAX,206
USC00315830,2008-05-17,TMAX,250
USR0000NCRN,2007-07-27,TMAX,306
USC00316676,2008-01-11,TMIN,89
USC00310356,2009-05-09,TMAX,250
USC00310356,2010-01-28,TMAX,100
USW00093765,2006-06-06,TMIN,156
USW00093765,2006-06-06,TMAX,239
USW00093719,2012-11-04,TMAX,172
USC00316676,2008-01-11,TMAX,211
USC00310356,2005-10-23,TMIN,139
USC00310356,2005-10-23,TMAX,261
USC00310356,2009-05-09,TMIN,217
USC00317170,2009-03-30,TMAX,206
USC00314684,2008-01-26,TMAX,44
USC00315830,2008-09-22,TMAX,256
USC00316096,2011-06-21,TMIN,189
USC00314144,2005-04-18,TMAX,267
USC00314144,2005-04-18,TMIN,6
USC00314689,2011-03-13,TMIN,94
USC00317170,2011-03-30,TMAX,128
USC00310576,2008-02-25,TMAX,117
USC00314684,2015-11-04,TMIN,139
USC00310576,2008-02-25,TMIN,33
USR0000NNWB,2015-08-17,TMIN,217
USW00093719,2015-04-13,TMIN,94
USC00314689,2011-03-13,TMAX,250
USW00013754,2014-02-07,TMIN,0
USC00314684,2010-02-16,TMAX,61
USR0000NCRN,2014-08-23,TMAX,294
USR0000NCRN,2009-01-06,TMAX,189
USR0000NCRN,2014-08-23,TMIN,228
USC00314684,2015-11-04,TMAX,183
USR0000NCRN,2009-01-06,TMIN,144
USR0000NNWB,2012-05-26,TMIN,211
USC00315830,2008-03-31,TMAX,194
USW00013754,2014-02-07,TMAX,83
USC00314684,2010-02-16,TMIN,-50
USR0000NNWB,2012-05-26,TMAX,294
USR0000NCRN,2010-09-19,TMIN,156
USW00093765,2005-05-14,TMIN,133
USR0000NCRN,2010-12-21,TMIN,-28
USW00093719,2012-10-30,TMAX,133
USR0000NCRN,2010-09-19,TMAX,283
USC00316676,2011-01-21,TMIN,11
USR0000NNWB,2015-08-17,TMAX,344
USC00316676,2007-08-09,TMIN,261
USC00317170,2007-07-24,TMAX,306
USC00317170,2007-07-24,TMIN,194
USC00316676,2011-01-21,TMAX,122
USW00093719,2006-06-06,TMAX,244
USC00314144,2011-04-17,TMAX,217
USC00314144,2011-04-17,TMIN,56
USC00314684,2005-06-22,TMIN,167
USW00013754,2012-04-02,TMAX,222
USW00013754,2012-04-02,TMIN,78
USR0000NCRN,2007-07-15,TMIN,222
USW00093719,2006-06-06,TMIN,156
USW00093719,2012-10-30,TMIN,72
USC00310576,2015-07-27,TMIN,178
USC00310576,2015-07-27,TMAX,300
USC00314684,2005-06-22,TMAX,283
USR0000NCRN,2007-07-15,TMAX,294
USC00316096,2014-04-08,TMIN,156
USR0000NCRN,2005-04-29,TMIN,122
USC00314684,2010-10-14,TMAX,250
USR0000NNWB,2006-02-08,TMIN,-33
USR0000NNWB,2012-08-03,TMIN,211
USR0000NHOF,2012-12-03,TMAX,222
USR0000NNWB,2012-04-02,TMAX,222
USR0000NCRN,2007-12-10,TMIN,117
USR0000NNWB,2012-04-02,TMIN,89
USC00315830,2013-09-05,TMIN,211
USC00315830,2013-09-05,TMAX,300
USC00316676,2011-11-25,TMAX,167
USC00314684,2010-03-17,TMAX,100
USC00314684,2008-10-25,TMIN,100
USC00317170,2012-01-15,TMAX,83
USC00316676,2009-07-08,TMIN,161
USC00317170,2012-01-15,TMIN,-11
USC00316676,2009-07-08,TMAX,306
USC00316096,2010-08-15,TMIN,206
USC00316096,2010-08-15,TMAX,306
USR0000NCRN,2007-12-10,TMAX,261
USR0000NNWB,2007-06-27,TMIN,211
USC00314684,2010-03-17,TMIN,-11
USC00314684,2010-10-14,TMIN,133
USR0000NNWB,2006-02-08,TMAX,111
USW00093765,2013-06-03,TMIN,217
USR0000NCRN,2015-10-14,TMIN,122
USR0000NNWB,2007-03-22,TMAX,239
USC00316676,2007-08-09,TMAX,367
USC00316096,2014-04-08,TMAX,194
USR0000NCRN,2005-04-29,TMAX,222
USC00315830,2007-02-09,TMIN,-39
USC00315830,2007-02-09,TMAX,94
USR0000NCRN,2013-10-22,TMIN,133
USR0000NCRN,2013-10-22,TMAX,194
USR0000NCRN,2015-10-14,TMAX,261
USR0000NNWB,2007-03-22,TMIN,72
USC00314144,2007-12-13,TMAX,244
USC00314689,2011-01-20,TMAX,144
USR0000NNWB,2007-06-27,TMAX,328
USC00314689,2011-01-20,TMIN,11
USC00314144,2007-12-13,TMIN,100
USR0000NHOF,2009-05-09,TMAX,311
USC00316676,2011-11-25,TMIN,-6
USC00310576,2011-07-13,TMIN,250
USR0000NCRN,2014-06-05,TMIN,200
USW00093765,2013-06-03,TMAX,267
USR0000NHOF,2007-01-07,TMAX,211
USW00093719,2013-10-24,TMAX,172
USR0000NHOF,2007-01-07,TMIN,44
USC00314689,2007-09-26,TMAX,306
USC00315830,2012-06-25,TMIN,228
USC00315830,2012-06-25,TMAX,289
USW00093719,2013-06-03,TMAX,278
USW00093719,2013-06-03,TMIN,206
USW00013754,2010-09-26,TMAX,283
USC00315830,2005-08-26,TMIN,200
USW00093719,2005-07-06,TMIN,244
USC00315830,2005-08-26,TMAX,289
USC00314689,2006-07-25,TMIN,239
USC00310576,2012-02-06,TMIN,33
USW00013754,2009-09-29,TMIN,122
USC00314689,2006-07-25,TMAX,311
USC00314684,2009-05-23,TMIN,144
USR0000NNWB,2012-01-22,TMAX,61
USC00314684,2009-05-23,TMAX,272
USC00314689,2006-06-10,TMAX,294
USW00093743,2012-12-25,TMIN,67
USC00314689,2006-06-10,TMIN,183
USR0000NNWB,2012-01-22,TMIN,33
USW00093743,2012-12-25,TMAX,144
USW00013754,2009-09-29,TMAX,233
USC00310356,2010-12-13,TMIN,-56
USC00310576,2007-06-18,TMIN,200
USC00315830,2011-07-19,TMIN,217
USC00315830,2007-08-12,TMIN,206
USR0000NCRN,2011-06-12,TMAX,294
USC00310576,2007-02-11,TMAX,106
USC00310576,2007-02-11,TMIN,-28
USC00315830,2015-06-14,TMIN,244
USR0000NCRN,2011-06-12,TMIN,206
USC00315830,2015-06-14,TMAX,317
USR0000NNWB,2007-04-16,TMIN,67
USC00316676,2014-07-18,TMAX,289
USC00310576,2007-06-18,TMAX,317
USR0000NNWB,2007-04-16,TMAX,156
USW00093719,2005-07-06,TMAX,339
USR0000NCRN,2012-03-05,TMIN,0
USC00317170,2008-01-03,TMAX,44
USW00093719,2009-09-05,TMAX,294
USC00310576,2012-02-06,TMAX,117
USC00314689,2014-04-08,TMIN,172
USC00314689,2014-04-08,TMAX,233
USW00093719,2009-09-05,TMIN,161
USC00317170,2008-01-03,TMIN,-11
USR0000NCRN,2012-03-05,TMAX,167
USR0000NHOF,2008-10-24,TMAX,189
USR0000NHOF,2008-10-24,TMIN,111
USC00316676,2008-02-27,TMIN,56
USC00314684,2010-06-19,TMAX,311
USC00310576,2011-03-31,TMAX,128
USC00314684,2010-06-19,TMIN,211
USW00093765,2007-11-17,TMAX,156
USC00316676,2012-11-28,TMAX,183
USW00093765,2007-11-17,TMIN,-5
USC00315830,2014-02-01,TMAX,139
USC00310576,2011-03-31,TMIN,89
USW00093765,2013-08-25,TMAX,267
USC00310356,2007-12-09,TMAX,161
USC00316676,2007-10-08,TMIN,194
USW00093765,2013-08-25,TMIN,183
USC00315830,2014-02-01,TMIN,-17
USC00314689,2007-09-26,TMIN,156
USC00310356,2012-12-25,TMIN,94
USW00093765,2005-05-14,TMAX,239
USC00314689,2011-06-21,TMAX,322
USC00310356,2012-12-25,TMAX,150
USC00314689,2011-06-21,TMIN,194
USC00316676,2007-10-08,TMAX,306
USW00093719,2015-04-13,TMAX,256
USC00310356,2007-12-09,TMIN,44
USC00310356,2015-08-17,TMAX,300
USC00317170,2014-01-10,TMAX,206
USR0000NHOF,2010-08-17,TMAX,311
USR0000NHOF,2010-08-17,TMIN,206
USC00315830,2010-07-10,TMAX,328
USW00093765,2007-02-21,TMAX,139
USC00315830,2010-07-10,TMIN,222
USW00093765,2007-02-21,TMIN,100
USC00317170,2013-05-09,TMAX,283
USC00316676,2012-11-28,TMIN,50
USW00093765,2013-09-08,TMAX,278
USC00314689,2010-08-15,TMIN,206
USC00314689,2010-08-15,TMAX,328
USC00317170,2013-05-09,TMIN,150
USC00315830,2007-08-12,TMAX,289
USC00315830,2014-10-15,TMAX,267
USW00093765,2013-09-08,TMIN,172
USC00310356,2014-12-23,TMIN,50
USC00315830,2014-10-15,TMIN,167
USC00310356,2015-08-17,TMIN,228
USC00310356,2014-12-23,TMAX,106
USC00317170,2014-01-10,TMIN,39
USW00093719,2013-10-24,TMIN,56
USR0000NCRN,2010-12-21,TMAX,61
USR0000NHOF,2014-03-16,TMIN,50
USC00314684,2008-01-26,TMIN,-50
USC00317170,2008-01-16,TMIN,-6
USC00310576,2013-06-23,TMAX,256
USR0000NCRN,2009-01-24,TMIN,56
USC00316676,2008-04-25,TMIN,111
USC00316676,2008-04-25,TMAX,256
USW00013754,2014-10-29,TMIN,172
USW00013754,2014-10-29,TMAX,272
USW00093765,2007-04-05,TMIN,72
USR0000NNWB,2006-11-16,TMAX,244
USW00093765,2007-06-01,TMAX,267
USC00314689,2014-06-15,TMIN,200
USR0000NHOF,2009-07-31,TMIN,228
USW00093743,2008-07-20,TMIN,183
USW00093765,2007-04-05,TMAX,189
USC00316676,2005-02-03,TMIN,-6
USC00314689,2014-06-15,TMAX,294
USW00093719,2015-04-17,TMAX,250
USW00093743,2011-09-08,TMIN,183
USC00310356,2006-03-21,TMAX,144
USC00310356,2006-03-21,TMIN,50
USC00314689,2013-12-09,TMAX,167
USR0000NNWB,2006-11-16,TMIN,111
USC00317170,2011-03-04,TMAX,167
USC00310576,2013-06-23,TMIN,200
USW00093765,2005-01-31,TMAX,89
USW00093719,2009-02-09,TMIN,22
USC00310576,2014-08-23,TMAX,333
USC00316096,2011-03-25,TMIN,72
USC00310576,2014-08-23,TMIN,233
USW00013754,2007-07-15,TMAX,283
USW00013754,2007-07-15,TMIN,217
USC00316096,2011-10-21,TMAX,183
USW00093765,2007-06-01,TMIN,156
USC00310576,2009-11-29,TMIN,28
USW00093719,2015-04-17,TMIN,144
USC00316096,2011-10-21,TMIN,50
USC00316096,2013-08-25,TMAX,272
USW00093719,2009-12-10,TMIN,39
USC00310576,2009-11-29,TMAX,144
USC00316096,2013-08-25,TMIN,178
USC00317170,2010-08-15,TMAX,333
USC00316096,2013-09-08,TMAX,283
USW00093765,2005-01-31,TMIN,17
USW00093719,2009-12-10,TMAX,200
USC00316096,2013-09-08,TMIN,150
USC00317170,2010-08-15,TMIN,206
USC00317170,2007-07-07,TMAX,344
USR0000NHOF,2009-07-31,TMAX,311
USC00316676,2005-02-03,TMAX,117
USC00315830,2010-11-16,TMAX,228
USC00314689,2010-11-25,TMIN,33
USC00314689,2010-11-25,TMAX,206
USC00315830,2012-08-04,TMIN,250
USW00093743,2013-12-27,TMAX,128
USW00013754,2012-08-03,TMAX,311
USW00093743,2013-12-27,TMIN,17
USR0000NNWB,2011-08-23,TMIN,211
USR0000NNWB,2013-01-13,TMIN,133
USC00310576,2014-05-12,TMAX,294
USC00314684,2008-07-31,TMIN,222
USC00314684,2011-10-20,TMIN,83
USC00314689,2014-05-27,TMIN,167
USR0000NCRN,2005-05-30,TMIN,178
USC00310576,2006-03-12,TMAX,261
USC00310576,2006-03-12,TMIN,133
USR0000NNWB,2015-01-30,TMAX,106
USR0000NCRN,2005-05-30,TMAX,200
USC00316676,2005-12-01,TMAX,206
USC00310356,2005-04-04,TMIN,94
USC00314684,2008-07-31,TMAX,333
USR0000NHOF,2014-07-27,TMIN,239
USC00315830,2012-08-04,TMAX,311
USC00310576,2009-01-22,TMAX,33
USW00013754,2012-08-03,TMIN,211
USR0000NHOF,2014-07-27,TMAX,339
USW00013754,2007-04-30,TMAX,300
USC00314144,2008-03-31,TMIN,94
USC00315830,2008-02-10,TMIN,67
USC00314144,2008-03-31,TMAX,211
USW00093719,2013-05-26,TMIN,89
USW00093719,2013-05-26,TMAX,250
USC00315830,2008-02-10,TMAX,178
USR0000NCRN,2009-01-24,TMAX,150
USW00093743,2011-09-08,TMAX,294
USW00093743,2008-07-20,TMAX,256
USC00314689,2012-04-02,TMAX,283
USC00310576,2014-05-12,TMIN,178
USC00314689,2012-04-02,TMIN,50
USW00013754,2007-12-20,TMIN,-5
USW00013754,2007-12-20,TMAX,139
USC00314689,2013-12-09,TMIN,72
USR0000NNWB,2011-08-23,TMAX,311
USC00310576,2009-01-22,TMIN,-61
USW00013754,2007-04-30,TMIN,106
USC00316096,2012-04-02,TMIN,94
USW00093719,2009-02-09,TMAX,178
USC00316096,2012-04-02,TMAX,228
USR0000NHOF,2011-09-08,TMIN,183
USW00093719,2012-02-20,TMAX,111
USC00310576,2006-02-22,TMIN,17
USC00310576,2006-02-22,TMAX,139
USC00314689,2013-01-10,TMAX,200
USC00314684,2005-03-08,TMIN,78
USR0000NHOF,2011-09-08,TMAX,306
USC00310356,2009-09-05,TMIN,200
USC00314689,2013-01-10,TMIN,89
USC00314684,2005-03-08,TMAX,222
USC00310356,2009-09-05,TMAX,267
USC00317170,2008-03-12,TMIN,100
USW00093719,2006-12-01,TMIN,183
USC00317170,2008-03-12,TMAX,200
USW00093719,2006-12-01,TMAX,244
USC00315830,2012-02-02,TMIN,133
USC00314689,2011-06-08,TMAX,344
USC00314684,2008-07-18,TMAX,328
USW00093765,2013-10-24,TMAX,161
USR0000NNWB,2014-10-29,TMIN,172
USC00316096,2013-12-09,TMAX,211
USW00013754,2013-02-04,TMIN,-27
USR0000NHOF,2012-11-06,TMIN,6
USW00093743,2008-10-16,TMAX,261
USW00093719,2006-10-29,TMIN,33
USR0000NCRN,2006-09-20,TMIN,161
USW00093719,2006-10-29,TMAX,211
USC00314684,2007-09-18,TMIN,128
USC00310356,2012-02-21,TMIN,61
USC00314689,2009-11-05,TMAX,206
USC00314144,2011-05-05,TMIN,44
USC00310356,2007-10-15,TMIN,100
USC00310356,2007-10-15,TMAX,256
USR0000NHOF,2012-11-06,TMAX,72
USC00314144,2011-05-05,TMAX,206
USC00316096,2010-03-17,TMAX,150
USC00316096,2010-03-17,TMIN,6
USW00093719,2012-02-20,TMIN,6
USC00316676,2015-06-17,TMAX,367
USW00093719,2007-08-18,TMAX,311
USC00314684,2010-02-05,TMIN,17
USC00314684,2010-02-05,TMAX,161
USC00316676,2015-06-17,TMIN,239
USR0000NNWB,2011-04-29,TMAX,256
USC00315830,2012-02-02,TMAX,217
USC00314684,2008-07-18,TMIN,167
USR0000NNWB,2011-04-29,TMIN,133
USW00093719,2008-03-13,TMAX,239
USR0000NNWB,2014-10-15,TMAX,256
USR0000NNWB,2014-10-15,TMIN,150
USR0000NHOF,2005-06-09,TMIN,183
USW00093719,2013-12-07,TMIN,72
USC00314689,2010-08-18,TMAX,344
USR0000NCRN,2012-06-17,TMAX,261
USR0000NCRN,2012-06-17,TMIN,156
USW00093719,2013-12-07,TMAX,222
USR0000NHOF,2005-06-09,TMAX,289
USC00314144,2006-03-26,TMAX,122
USC00314684,2009-11-16,TMAX,206
USC00314684,2009-11-16,TMIN,50
USW00093765,2010-02-16,TMIN,17
USW00093765,2010-02-16,TMAX,89
USC00310576,2010-10-28,TMAX,294
USC00316676,2011-09-15,TMAX,311
USC00317170,2007-07-07,TMIN,211
USW00093765,2013-10-24,TMIN,61
USW00093765,2009-12-31,TMIN,83
USW00093765,2009-12-31,TMAX,156
USC00316676,2011-09-15,TMIN,172
USC00314684,2006-05-26,TMIN,161
USC00310576,2005-02-17,TMIN,33
USC00310576,2005-02-17,TMAX,217
USC00314689,2010-05-09,TMIN,133
USW00013754,2013-02-04,TMAX,100
USR0000NNWB,2014-10-29,TMAX,272
USC00316676,2007-06-29,TMAX,339
USW00093719,2007-12-30,TMAX,172
USW00093719,2007-12-30,TMIN,133
USC00314144,2005-10-23,TMIN,172
USC00314144,2005-10-23,TMAX,278
USW00093719,2008-03-13,TMIN,22
USC00314684,2012-02-25,TMAX,233
USC00314684,2012-02-25,TMIN,56
USC00310356,2012-02-21,TMAX,128
USC00316676,2007-06-29,TMIN,206
USC00314689,2010-05-09,TMAX,333
USC00314689,2010-08-18,TMIN,239
USC00314684,2006-05-26,TMAX,317
USC00314144,2006-03-26,TMIN,-17
USC00316096,2013-12-09,TMIN,56
USC00316676,2007-12-27,TMIN,28
USC00316676,2007-12-27,TMAX,94
USC00310576,2010-10-28,TMIN,239
USC00315830,2010-11-16,TMIN,122
USC00316676,2005-12-01,TMIN,72
USW00093765,2010-12-27,TMAX,33
USR0000NHOF,2006-03-21,TMAX,78
USW00093765,2010-08-15,TMIN,222
USC00316676,2008-11-14,TMAX,228
USC00317170,2015-04-13,TMAX,261
USW00093765,2010-08-15,TMAX,306
USC00310356,2005-06-09,TMIN,239
USC00317170,2015-04-13,TMIN,89
USR0000NCRN,2009-02-18,TMIN,-17
USW00013754,2013-05-26,TMIN,94
USW00013754,2013-05-26,TMAX,233
USC00315830,2007-10-16,TMAX,261
USC00314689,2011-10-21,TMAX,194
USC00314144,2009-03-14,TMAX,122
USC00314144,2009-03-14,TMIN,44
USC00310356,2009-01-06,TMAX,161
USW00093719,2009-04-17,TMAX,206
USC00310356,2005-06-09,TMAX,289
USC00316676,2008-11-14,TMIN,139
USC00310356,2009-01-06,TMIN,94
USR0000NNWB,2007-04-30,TMAX,311
USW00093719,2015-11-01,TMIN,128
USC00314689,2011-10-21,TMIN,67
USW00093719,2007-11-22,TMIN,150
USC00314689,2014-06-03,TMIN,150
USC00316676,2010-11-08,TMIN,11
USC00310356,2011-12-27,TMIN,72
USC00314689,2013-09-13,TMAX,317
USR0000NCRN,2005-12-01,TMIN,61
USR0000NNWB,2015-08-16,TMIN,183
USC00315830,2006-12-07,TMAX,172
USC00315830,2006-12-07,TMIN,89
USC00310356,2011-12-27,TMAX,133
USR0000NNWB,2013-05-26,TMIN,94
USC00314144,2006-02-13,TMIN,-56
USC00316096,2010-09-22,TMIN,161
USC00316676,2011-10-01,TMIN,122
USW00093765,2009-02-26,TMIN,22
USW00093719,2008-11-01,TMAX,228
USC00315830,2007-10-16,TMIN,133
USC00316676,2010-11-08,TMAX,122
USR0000NCRN,2005-12-01,TMAX,156
USW00093765,2009-02-26,TMAX,178
USC00314689,2014-06-03,TMAX,300
USC00314689,2010-03-17,TMAX,178
USC00314689,2010-03-17,TMIN,11
USR0000NNWB,2013-05-26,TMAX,250
USW00093719,2009-04-17,TMIN,11
USC00314689,2006-08-16,TMIN,206
USR0000NNWB,2007-04-30,TMIN,106
USC00316096,2014-06-15,TMAX,278
USW00093719,2012-01-22,TMAX,72
USW00093719,2015-11-01,TMAX,278
USR0000NCRN,2005-02-09,TMIN,0
USW00093765,2012-10-30,TMIN,89
USW00093719,2012-01-22,TMIN,39
USR0000NCRN,2013-06-04,TMAX,272
USR0000NCRN,2006-03-18,TMAX,161
USC00314144,2007-09-29,TMAX,250
USW00093765,2012-10-30,TMAX,139
USW00093765,2011-10-10,TMIN,194
USR0000NCRN,2013-06-04,TMIN,194
USR0000NCRN,2009-08-14,TMIN,250
USC00314689,2015-12-30,TMIN,194
USC00315830,2015-12-25,TMAX,233
USW00093719,2006-09-21,TMAX,228
USC00314689,2015-12-30,TMAX,261
USW00093743,2009-01-06,TMAX,178
USW00093743,2009-01-06,TMIN,139
USW00093765,2011-10-10,TMAX,244
USR0000NCRN,2005-02-09,TMAX,172
USC00316096,2014-06-15,TMIN,194
USW00093719,2011-11-12,TMIN,-17
USC00315830,2015-03-24,TMIN,61
USC00314689,2006-08-16,TMAX,317
USC00316096,2010-09-22,TMAX,283
USC00314689,2005-02-28,TMIN,33
USC00314689,2005-02-28,TMAX,83
USW00093719,2007-11-22,TMAX,250
USW00013754,2014-02-01,TMAX,128
USC00315830,2012-05-26,TMIN,217
USC00314684,2011-03-06,TMIN,61
USC00315830,2012-05-26,TMAX,278
USW00013754,2014-02-01,TMIN,-27
USR0000NCRN,2009-02-18,TMAX,144
USC00317170,2010-02-05,TMIN,44
USC00317170,2010-02-05,TMAX,122
USC00310356,2014-11-09,TMIN,72
USC00316676,2013-10-21,TMIN,100
USC00310356,2014-11-09,TMAX,172
USC00316676,2013-10-21,TMAX,206
USC00316676,2008-09-18,TMAX,233
USC00315830,2015-03-24,TMAX,111
USC00316676,2008-09-18,TMIN,150
USW00093719,2011-11-12,TMAX,183
USC00310356,2009-07-31,TMAX,294
USC00314684,2007-09-18,TMAX,261
USC00310576,2011-05-10,TMIN,94
USC00314689,2013-09-13,TMIN,217
USC00310576,2011-07-21,TMAX,350
USW00093719,2006-08-12,TMAX,261
USW00093719,2006-08-12,TMIN,200
USW00093765,2006-10-31,TMAX,228
USC00317170,2014-04-08,TMIN,156
USC00317170,2014-04-08,TMAX,217
USW00093765,2006-10-31,TMIN,100
USC00316676,2005-06-01,TMAX,256
USC00310356,2014-07-27,TMAX,300
USC00314684,2011-02-17,TMIN,-22
USC00316676,2005-06-01,TMIN,161
USW00093719,2007-12-22,TMIN,100
USW00093719,2007-12-22,TMAX,183
USR0000NCRN,2012-10-01,TMIN,189
USR0000NCRN,2012-10-01,TMAX,278
USC00314684,2014-12-16,TMIN,-17
USC00316676,2008-09-05,TMAX,317
USC00316676,2008-09-05,TMIN,167
USW00093765,2010-12-27,TMIN,-32
USR0000NHOF,2008-10-16,TMAX,289
USC00314689,2005-07-14,TMAX,339
USR0000NHOF,2008-10-16,TMIN,106
USC00310576,2011-07-21,TMIN,239
USC00314684,2012-09-18,TMAX,283
USR0000NNWB,2015-01-30,TMIN,6
USC00314684,2011-10-20,TMAX,283
USC00316096,2010-08-24,TMIN,217
USR0000NHOF,2011-12-27,TMIN,-6
USR0000NHOF,2011-12-27,TMAX,183
USC00310356,2005-04-04,TMAX,194
USR0000NHOF,2006-03-21,TMIN,44
USR0000NNWB,2013-01-13,TMAX,244
USC00316096,2010-08-24,TMAX,278
USC00314684,2011-02-17,TMAX,167
USW00093743,2009-07-31,TMIN,250
USW00013754,2010-05-31,TMAX,300
USW00013754,2010-05-31,TMIN,206
USW00093743,2009-07-31,TMAX,306
USR0000NHOF,2014-11-09,TMAX,194
USC00314689,2014-05-27,TMAX,294
USC00314684,2012-09-18,TMIN,183
USC00310356,2014-07-27,TMIN,244
USC00310356,2011-09-08,TMIN,233
USC00310356,2011-09-08,TMAX,306
USR0000NHOF,2014-11-09,TMIN,44
USC00314684,2014-12-16,TMAX,156
USW00093719,2010-05-02,TMIN,217
USR0000NCRN,2013-01-28,TMAX,144
USC00315830,2005-09-05,TMAX,289
USC00314689,2005-07-14,TMIN,211
USC00314689,2013-08-25,TMIN,167
USW00093719,2008-11-01,TMIN,6
USC00314684,2008-10-24,TMAX,183
USC00314684,2009-12-06,TMAX,106
USC00314684,2009-12-06,TMIN,-22
USC00314144,2007-07-04,TMIN,106
USW00093765,2008-06-23,TMIN,200
USC00314689,2011-08-26,TMAX,322
USC00314144,2006-02-13,TMAX,72
USC00316096,2011-03-25,TMAX,133
USW00093765,2008-06-23,TMAX,267
USW00093719,2014-10-15,TMAX,267
USC00316096,2010-07-12,TMAX,311
USC00314689,2013-09-08,TMIN,161
USC00316676,2011-10-01,TMAX,300
USC00316096,2010-09-05,TMIN,156
USC00310576,2007-02-09,TMIN,-17
USC00310576,2007-02-09,TMAX,100
USC00316096,2010-07-12,TMIN,200
USR0000NHOF,2007-02-20,TMIN,-22
USR0000NHOF,2007-02-20,TMAX,189
USW00013754,2011-02-13,TMIN,-27
USR0000NCRN,2013-01-28,TMIN,-17
USC00315830,2005-09-05,TMIN,200
USC00310576,2011-05-10,TMAX,261
USC00316096,2010-09-05,TMAX,294
USC00314144,2007-05-18,TMIN,83
USW00093765,2006-11-27,TMIN,100
USW00093765,2006-11-27,TMAX,217
USC00314144,2007-05-18,TMAX,200
USW00093719,2010-05-02,TMAX,328
USC00310356,2009-07-31,TMIN,261
USC00314689,2011-08-26,TMIN,228
USR0000NNWB,2015-08-16,TMAX,328
USC00314689,2013-01-25,TMIN,-67
USC00314689,2013-08-25,TMAX,278
USW00093719,2007-03-13,TMAX,250
USC00314689,2013-01-25,TMAX,44
USW00093719,2007-03-13,TMIN,39
USC00314144,2007-07-04,TMAX,289
USC00314684,2008-10-24,TMIN,39
USW00013754,2011-02-13,TMAX,150
USC00314689,2013-09-08,TMAX,294
USW00093719,2014-10-15,TMIN,156
USR0000NCRN,2006-09-20,TMAX,272
USW00013754,2007-09-04,TMIN,178
USC00314689,2010-09-20,TMAX,317
USC00314689,2008-08-01,TMIN,228
USW00093743,2011-05-13,TMIN,194
USC00314689,2009-06-12,TMIN,206
USR0000NNWB,2011-11-12,TMAX,178
USC00314689,2009-06-12,TMAX,317
USW00093765,2014-10-29,TMIN,206
USW00093765,2014-10-29,TMAX,244
USC00314689,2011-06-08,TMIN,222
USC00316676,2011-01-31,TMAX,200
USC00314689,2008-08-01,TMAX,350
USC00315830,2006-08-19,TMIN,222
USR0000NCRN,2010-04-20,TMIN,39
USW00093743,2012-10-01,TMIN,183
USR0000NCRN,2010-04-20,TMAX,194
USC00310356,2015-04-06,TMAX,189
USW00093743,2012-10-01,TMAX,261
USC00316096,2014-12-16,TMIN,-6
USC00316096,2014-12-16,TMAX,178
USC00314684,2013-05-26,TMIN,78
USC00314684,2013-05-26,TMAX,222
USC00310356,2015-04-06,TMIN,89
USC00314684,2006-02-07,TMIN,11
USC00316676,2011-01-31,TMIN,0
USC00314689,2005-01-01,TMIN,72
USC00314144,2007-07-27,TMAX,356
USW00093719,2014-03-27,TMAX,150
USR0000NCRN,2005-10-23,TMIN,111
USC00310576,2009-11-02,TMIN,139
USR0000NCRN,2005-10-23,TMAX,189
USC00314684,2013-12-09,TMIN,28
USC00314684,2011-03-06,TMAX,200
USW00093719,2015-03-12,TMIN,61
USC00314689,2006-04-21,TMIN,161
USC00314684,2008-12-26,TMIN,44
USC00314689,2006-04-21,TMAX,283
USR0000NHOF,2007-06-20,TMAX,306
USC00317170,2008-06-23,TMIN,200
USC00314684,2009-03-30,TMAX,261
USC00314684,2009-03-30,TMIN,72
USC00314684,2008-12-26,TMAX,183
USW00093743,2012-07-02,TMIN,228
USC00317170,2008-06-23,TMAX,294
USC00314689,2005-01-01,TMAX,206
USW00093743,2011-05-13,TMAX,256
USW00093743,2012-07-02,TMAX,317
USC00314689,2014-05-08,TMIN,144
USC00314684,2006-02-07,TMAX,111
USW00093719,2010-07-21,TMIN,233
USC00314684,2013-09-08,TMIN,144
USC00314689,2007-10-03,TMAX,317
USC00317170,2011-10-10,TMAX,239
USC00314689,2005-05-28,TMAX,300
USR0000NHOF,2008-08-25,TMIN,161
USR0000NNWB,2010-06-23,TMAX,372
USR0000NNWB,2010-06-23,TMIN,256
USC00310356,2014-11-03,TMIN,22
USR0000NHOF,2012-07-02,TMAX,306
USC00310356,2012-10-01,TMAX,261
USC00314689,2010-07-12,TMIN,222
USC00315830,2008-05-19,TMAX,239
USC00314144,2005-04-29,TMIN,89
USC00314144,2005-04-29,TMAX,217
USC00315830,2008-05-19,TMIN,161
USR0000NNWB,2012-07-01,TMIN,194
USC00315830,2006-08-19,TMAX,311
USC00314689,2007-10-03,TMIN,144
USW00093743,2014-11-03,TMAX,178
USC00316676,2015-08-10,TMIN,183
USC00314689,2010-07-12,TMAX,322
USW00093719,2005-06-10,TMAX,294
USC00314144,2007-02-28,TMIN,94
USC00310576,2009-11-14,TMIN,128
USC00317170,2011-10-10,TMIN,167
USW00093719,2010-07-21,TMAX,350
USC00314689,2014-05-08,TMAX,289
USC00314689,2005-05-28,TMIN,183
USW00093719,2005-06-10,TMIN,189
USC00310576,2012-12-18,TMIN,133
USW00093719,2010-03-19,TMIN,33
USW00093719,2010-03-19,TMAX,228
USW00013754,2009-01-29,TMAX,111
USR0000NHOF,2008-08-25,TMAX,306
USC00310576,2014-03-16,TMAX,228
USC00310576,2012-12-18,TMAX,167
USC00316096,2010-02-05,TMIN,28
USC00316096,2010-02-05,TMAX,167
USC00314684,2013-09-08,TMAX,278
USC00310356,2014-11-03,TMAX,128
USC00310576,2009-11-14,TMAX,150
USR0000NNWB,2011-11-12,TMIN,94
USC00310576,2014-03-16,TMIN,44
USC00314144,2007-02-28,TMAX,217
USC00310356,2012-10-01,TMIN,183
USC00314689,2010-11-16,TMAX,228
USC00314689,2012-09-18,TMIN,211
USW00093719,2014-03-27,TMIN,-43
USC00317170,2012-04-02,TMIN,89
USC00314689,2005-08-28,TMIN,211
USR0000NCRN,2013-03-08,TMIN,17
USW00093765,2005-06-07,TMAX,272
USW00093765,2009-05-21,TMAX,239
USC00316676,2013-10-12,TMAX,189
USW00093765,2009-05-21,TMIN,156
USW00093765,2005-06-07,TMIN,228
USC00314689,2011-09-18,TMAX,206
USC00316676,2013-10-12,TMIN,156
USC00314689,2005-08-28,TMAX,322
USC00310576,2013-03-05,TMIN,-6
USC00314689,2011-09-18,TMIN,156
USW00093765,2005-12-22,TMIN,-28
USC00314684,2014-04-08,TMIN,133
USC00314689,2013-05-26,TMIN,106
USW00093765,2005-12-22,TMAX,94
USC00314684,2007-08-27,TMAX,322
USC00314684,2007-08-27,TMIN,217
USC00314689,2013-05-26,TMAX,228
USC00310576,2013-03-05,TMAX,100
USC00314684,2010-06-14,TMAX,350
USR0000NHOF,2007-12-28,TMAX,194
USR0000NCRN,2013-03-08,TMAX,122
USW00093719,2009-11-08,TMIN,44
USC00310356,2007-02-20,TMAX,89
USC00310356,2007-02-20,TMIN,50
USC00310356,2009-09-07,TMIN,217
USC00316676,2012-12-03,TMAX,200
USC00310356,2009-09-07,TMAX,261
USC00314689,2013-05-09,TMAX,244
USC00314689,2013-05-09,TMIN,133
USR0000NCRN,2009-07-01,TMAX,322
USR0000NHOF,2012-12-03,TMIN,72
USC00310576,2010-11-04,TMAX,161
USC00314689,2014-03-31,TMAX,200
USW00093765,2007-05-16,TMAX,250
USC00315830,2010-10-03,TMIN,172
USC00315830,2010-10-03,TMAX,222
USC00315830,2005-03-08,TMAX,161
USC00310576,2010-11-04,TMIN,133
USC00314144,2009-06-11,TMAX,294
USC00314144,2009-06-11,TMIN,178
USC00314689,2014-03-31,TMIN,50
USW00093719,2009-11-08,TMAX,228
USW00093765,2007-05-16,TMIN,200
USR0000NNWB,2007-12-20,TMIN,-17
USR0000NNWB,2007-12-20,TMAX,150
USC00314144,2006-08-18,TMAX,311
USC00310356,2011-01-27,TMAX,117
USC00314144,2006-08-18,TMIN,222
USW00093765,2010-08-10,TMIN,250
USC00315830,2009-11-30,TMIN,139
USC00315830,2009-11-30,TMAX,194
USC00310576,2009-11-02,TMAX,233
USR0000NHOF,2012-10-01,TMIN,178
USC00314689,2010-11-16,TMIN,117
USR0000NHOF,2012-10-01,TMAX,250
USW00093765,2010-08-10,TMAX,306
USW00093719,2010-09-03,TMIN,228
USC00310356,2012-07-02,TMAX,300
USC00314689,2014-07-20,TMAX,289
USC00314689,2010-02-05,TMAX,67
USC00314689,2014-07-20,TMIN,200
USC00310356,2012-07-02,TMIN,194
USC00314684,2013-12-09,TMAX,39
USC00316676,2005-07-20,TMAX,328
USC00314144,2007-07-27,TMIN,178
USC00317170,2012-04-02,TMAX,217
USC00314689,2010-02-05,TMIN,28
USC00310356,2011-01-27,TMIN,33
USC00310576,2005-06-22,TMAX,300
USC00310576,2005-06-22,TMIN,183
USC00314684,2014-04-08,TMAX,244
USC00316096,2013-01-10,TMAX,167
USR0000NHOF,2007-12-28,TMIN,11
USC00317170,2014-10-29,TMIN,156
USC00317170,2014-10-29,TMAX,261
USC00310576,2014-01-02,TMAX,128
USC00317170,2011-09-23,TMAX,300
USR0000NCRN,2006-09-05,TMAX,289
USR0000NCRN,2006-09-05,TMIN,217
USC00316676,2005-07-20,TMIN,244
USC00316096,2013-01-10,TMIN,78
USC00316676,2007-12-13,TMIN,122
USC00316676,2007-12-13,TMAX,267
USC00315830,2005-03-08,TMIN,72
USC00310576,2014-01-02,TMIN,28
USW00093719,2010-09-03,TMAX,333
USC00315830,2014-07-08,TMIN,261
USC00315830,2014-07-08,TMAX,300
USC00316096,2013-05-26,TMIN,83
USC00316096,2013-05-26,TMAX,239
USC00314684,2010-06-14,TMIN,211
USR0000NHOF,2007-06-20,TMIN,172
USC00317170,2008-01-16,TMAX,83
USW00093743,2014-11-03,TMIN,11
USR0000NNWB,2012-07-01,TMAX,367
USC00317170,2013-05-26,TMAX,244
USW00093765,2006-12-06,TMIN,6
USC00314684,2013-08-25,TMIN,161
USR0000NNWB,2007-06-30,TMIN,222
USR0000NCRN,2005-05-18,TMIN,111
USC00310356,2013-03-08,TMAX,122
USC00310576,2006-06-20,TMIN,222
USC00310356,2013-03-08,TMIN,17
USR0000NNWB,2007-06-30,TMAX,322
USC00317170,2013-05-26,TMIN,83
USW00093719,2014-10-29,TMIN,183
USC00314684,2012-04-02,TMAX,189
USC00310576,2006-06-20,TMAX,322
USC00315830,2010-10-18,TMIN,161
USC00315830,2010-10-18,TMAX,244
USC00314684,2012-04-02,TMIN,106
USW00093719,2014-10-29,TMAX,278
USW00093719,2014-05-04,TMIN,144
USC00310356,2008-10-12,TMIN,167
USC00316676,2006-04-15,TMAX,311
USC00310356,2008-10-16,TMAX,256
USR0000NCRN,2014-05-24,TMAX,261
USC00314689,2005-07-15,TMAX,333
USC00314684,2013-08-25,TMAX,278
USW00093719,2012-11-27,TMAX,183
USC00315830,2006-02-09,TMAX,106
USR0000NNWB,2006-11-18,TMIN,39
USC00314684,2015-11-08,TMIN,122
USR0000NNWB,2006-11-18,TMAX,139
USC00310356,2012-11-06,TMAX,133
USC00310356,2012-11-06,TMIN,61
USC00316096,2012-09-18,TMIN,217
USC00310576,2013-09-05,TMIN,194
USC00310356,2012-09-22,TMIN,194
USC00314684,2015-11-08,TMAX,283
USC00310576,2013-09-05,TMAX,294
USC00316676,2008-12-29,TMAX,256
USC00316096,2012-09-18,TMAX,289
USC00316676,2008-12-29,TMIN,156
USW00093719,2012-11-27,TMIN,11
USR0000NCRN,2005-05-18,TMAX,272
USW00093719,2014-05-04,TMAX,283
USC00315830,2012-12-04,TMIN,89
USC00310356,2012-09-22,TMAX,278
USC00317170,2011-03-04,TMIN,22
USW00093743,2012-09-22,TMAX,267
USW00093743,2012-09-22,TMIN,161
USC00316676,2006-04-15,TMIN,183
USW00093765,2006-12-06,TMAX,167
USW00093719,2012-08-19,TMAX,289
USW00093719,2012-08-19,TMIN,222
USC00315830,2008-06-21,TMAX,272
USC00315830,2008-06-21,TMIN,211
USC00314689,2015-11-07,TMAX,278
USC00314689,2010-09-20,TMIN,150
USC00317170,2009-04-28,TMIN,144
USC00317170,2010-08-10,TMAX,361
USW00093765,2005-02-19,TMAX,100
USC00317170,2010-08-10,TMIN,239
USW00093765,2013-05-26,TMIN,128
USW00013754,2011-08-23,TMIN,228
USC00314689,2009-11-05,TMIN,72
USW00093765,2013-05-26,TMAX,233
USC00310356,2008-10-12,TMAX,267
USC00316096,2014-05-08,TMIN,189
USC00316096,2014-05-08,TMAX,311
USW00093719,2007-08-18,TMIN,233
USW00013754,2007-09-04,TMAX,306
USC00314689,2015-11-07,TMIN,206
USW00093765,2005-02-19,TMIN,-28
USR0000NHOF,2013-03-08,TMIN,-17
USR0000NHOF,2012-09-22,TMIN,133
USC00317170,2009-04-28,TMAX,306
USW00093765,2015-04-13,TMAX,239
USW00093765,2010-11-22,TMAX,194
USW00093765,2010-11-22,TMIN,78
USW00093765,2015-04-13,TMIN,128
USR0000NCRN,2011-12-15,TMIN,28
USW00093743,2013-03-08,TMAX,128
USW00093743,2013-03-08,TMIN,22
USW00093765,2010-06-12,TMAX,300
USW00013754,2014-10-15,TMAX,267
USW00093765,2010-06-12,TMIN,222
USW00013754,2014-10-15,TMIN,144
USC00310356,2006-11-28,TMAX,222
USR0000NCRN,2014-05-24,TMIN,139
USR0000NCRN,2011-12-15,TMAX,189
USW00013754,2011-08-23,TMAX,306
USC00310356,2006-11-28,TMIN,72
USW00093743,2012-11-06,TMAX,89
USW00093743,2012-11-06,TMIN,44
USR0000NHOF,2013-03-08,TMAX,128
USR0000NHOF,2012-09-22,TMAX,267
USR0000NCRN,2006-02-14,TMAX,133
USC00314689,2012-09-18,TMAX,278
USR0000NCRN,2006-02-14,TMIN,-11
USC00316096,2010-07-09,TMAX,333
USC00317170,2010-02-16,TMIN,22
USC00310356,2007-06-20,TMIN,244
USC00317170,2010-02-16,TMAX,89
USW00093719,2005-07-05,TMIN,222
USW00093719,2005-07-05,TMAX,322
USC00316676,2011-06-25,TMIN,228
USC00310576,2005-06-16,TMIN,222
USR0000NCRN,2011-04-17,TMAX,206
USC00310576,2010-01-28,TMAX,117
USC00314684,2014-08-20,TMAX,317
USC00310576,2010-01-28,TMIN,6
USR0000NNWB,2013-02-04,TMIN,-33
USC00314684,2005-06-02,TMAX,200
USW00093719,2015-05-08,TMIN,183
USR0000NHOF,2014-11-03,TMAX,194
USC00317170,2009-12-31,TMIN,61
USC00316676,2006-01-23,TMAX,89
USW00093765,2005-02-14,TMIN,94
USC00317170,2012-06-30,TMAX,378
USR0000NHOF,2014-11-03,TMIN,-28
USC00316676,2011-06-25,TMAX,339
USR0000NNWB,2013-02-04,TMAX,94
USW00093765,2005-02-14,TMAX,183
USC00310576,2005-06-16,TMAX,328
USC00310576,2012-06-22,TMIN,211
USC00310576,2012-06-22,TMAX,333
USC00314144,2005-11-11,TMAX,161
USR0000NCRN,2012-12-25,TMIN,67
USC00316676,2015-08-10,TMAX,289
USC00316676,2010-05-25,TMAX,261
USR0000NCRN,2005-04-18,TMAX,217
USR0000NCRN,2005-04-18,TMIN,28
USR0000NCRN,2012-12-25,TMAX,167
USC00316676,2010-05-25,TMIN,200
USC00314144,2005-11-11,TMIN,-11
USR0000NHOF,2012-07-02,TMIN,189
USC00314689,2005-10-29,TMAX,133
USW00093765,2005-06-01,TMIN,172
USW00013754,2009-01-29,TMIN,28
USC00316096,2010-07-09,TMIN,189
USR0000NNWB,2014-03-27,TMIN,-33
USC00314684,2005-06-02,TMIN,156
USC00314684,2014-08-20,TMIN,211
USR0000NNWB,2014-03-27,TMAX,150
USC00316676,2006-01-23,TMIN,72
USC00317170,2009-12-31,TMAX,133
USC00314689,2005-10-29,TMIN,33
USW00093765,2005-06-01,TMAX,228
USW00013754,2014-03-27,TMAX,133
USC00315830,2014-01-05,TMAX,183
USC00316676,2007-04-14,TMIN,67
USC00315830,2014-01-05,TMIN,56
USC00314684,2009-03-12,TMAX,283
USR0000NNWB,2011-06-06,TMIN,183
USW00093719,2015-06-05,TMAX,244
USR0000NCRN,2007-11-19,TMIN,78
USC00316676,2013-06-03,TMAX,300
USC00316676,2007-04-14,TMAX,206
USC00316676,2013-06-03,TMIN,206
USC00310576,2009-08-19,TMAX,322
USC00314689,2007-11-07,TMAX,167
USC00314689,2007-11-07,TMIN,6
USW00013754,2007-04-16,TMIN,61
USC00310576,2009-08-19,TMIN,217
USC00315830,2006-02-09,TMIN,-17
USW00013754,2007-04-16,TMAX,161
USW00093719,2015-06-05,TMIN,194
USW00013754,2015-01-30,TMAX,111
USC00314684,2009-03-12,TMIN,122
USR0000NHOF,2008-07-20,TMAX,311
USC00314689,2005-07-15,TMIN,228
USC00310576,2011-02-28,TMIN,111
USW00093765,2011-12-31,TMAX,200
USW00093719,2015-05-08,TMAX,278
USC00317170,2012-06-30,TMIN,228
USR0000NCRN,2011-04-17,TMIN,106
USW00093765,2011-12-31,TMIN,67
USC00310576,2011-02-28,TMAX,256
USC00310356,2007-06-20,TMAX,278
USC00310576,2015-06-14,TMIN,217
USC00316676,2015-12-04,TMAX,133
USC00316676,2015-12-04,TMIN,61
USC00316676,2015-03-11,TMIN,100
USC00316676,2015-03-11,TMAX,250
USC00315830,2012-12-04,TMAX,217
USC00310576,2015-06-14,TMAX,339
USC00314684,2005-10-05,TMAX,278
USC00314684,2005-10-05,TMIN,200
USR0000NCRN,2009-06-13,TMAX,311
USR0000NCRN,2007-11-19,TMAX,228
USR0000NHOF,2008-07-20,TMIN,211
USR0000NCRN,2009-06-13,TMIN,211
USW00013754,2014-03-27,TMIN,-32
USW00013754,2015-01-30,TMIN,17
USW00013754,2012-03-30,TMIN,156
USR0000NCRN,2007-05-23,TMIN,144
USW00093743,2007-12-27,TMAX,117
USC00310356,2014-06-17,TMAX,289
USC00310576,2015-07-25,TMAX,294
USC00310356,2014-06-17,TMIN,244
USC00314689,2009-05-23,TMIN,150
USC00314689,2009-05-23,TMAX,283
USW00093765,2005-10-05,TMAX,283
USW00093765,2005-10-05,TMIN,222
USR0000NCRN,2005-01-17,TMIN,-33
USC00310576,2008-04-06,TMAX,228
USC00314144,2009-05-07,TMIN,189
USW00093719,2009-12-05,TMAX,139
USC00315830,2005-03-12,TMAX,150
USR0000NCRN,2006-10-07,TMAX,194
USR0000NHOF,2012-01-13,TMIN,0
USC00314684,2005-12-24,TMAX,144
USC00315830,2011-01-30,TMAX,172
USC00310576,2015-07-25,TMIN,156
USC00314684,2005-12-24,TMIN,-44
USC00310576,2005-12-04,TMIN,72
USR0000NHOF,2010-04-09,TMAX,189
USC00310576,2008-04-06,TMIN,178
USC00315830,2013-05-09,TMAX,244
USW00093719,2009-12-05,TMIN,33
USC00314684,2012-05-26,TMAX,294
USC00314684,2006-07-29,TMIN,239
USC00310356,2008-10-24,TMIN,94
USC00317170,2009-03-05,TMIN,-6
USW00013754,2005-07-06,TMIN,244
USC00314684,2006-07-29,TMAX,339
USR0000NHOF,2009-02-18,TMIN,-22
USR0000NHOF,2009-02-18,TMAX,156
USC00314689,2011-05-18,TMIN,128
USC00314689,2011-05-18,TMAX,261
USC00315830,2009-05-24,TMIN,211
USC00314689,2015-11-08,TMAX,267
USC00315830,2005-03-12,TMIN,17
USC00314684,2007-09-10,TMIN,167
USC00314684,2007-09-10,TMAX,294
USC00314684,2012-05-26,TMIN,200
USR0000NHOF,2007-07-27,TMIN,178
USR0000NCRN,2015-02-03,TMIN,-28
USR0000NCRN,2015-02-03,TMAX,67
USR0000NHOF,2007-07-27,TMAX,322
USC00315830,2009-05-24,TMAX,261
USR0000NCRN,2006-10-07,TMIN,111
USR0000NHOF,2015-09-17,TMAX,267
USC00315830,2013-05-27,TMIN,117
USC00317170,2011-06-21,TMAX,311
USR0000NCRN,2013-11-08,TMIN,6
USC00314689,2010-04-03,TMAX,300
USW00013754,2007-03-22,TMAX,228
USC00310576,2005-04-24,TMAX,133
USC00317170,2013-01-13,TMIN,128
USC00316096,2009-07-02,TMAX,317
USC00310576,2013-03-17,TMIN,117
USC00316096,2009-07-02,TMIN,228
USC00314684,2006-11-27,TMAX,194
USC00314684,2006-11-27,TMIN,50
USC00314684,2012-06-23,TMAX,339
USC00314689,2010-04-03,TMIN,128
USC00310576,2005-04-24,TMIN,56
USW00093743,2009-10-06,TMIN,183
USC00317170,2013-01-13,TMAX,244
USW00093743,2009-10-06,TMAX,256
USR0000NCRN,2013-06-03,TMAX,267
USR0000NCRN,2013-06-03,TMIN,206
USW00013754,2007-03-22,TMIN,78
USC00315830,2013-03-05,TMAX,167
USC00310576,2013-03-17,TMAX,256
USR0000NHOF,2010-04-09,TMIN,39
USR0000NCRN,2013-11-08,TMAX,139
USR0000NCRN,2009-10-01,TMIN,206
USC00317170,2011-06-21,TMIN,194
USW00093719,2015-06-17,TMAX,339
USC00315830,2013-05-27,TMAX,239
USW00093719,2015-06-17,TMIN,244
USC00315830,2013-03-05,TMIN,61
USW00093765,2008-12-30,TMIN,50
USC00310356,2015-01-02,TMIN,11
USC00315830,2013-05-09,TMIN,178
USC00317170,2011-06-03,TMIN,200
USC00310356,2012-12-03,TMAX,183
USC00310356,2015-01-02,TMAX,117
USC00317170,2011-06-03,TMAX,306
USW00093743,2014-06-17,TMAX,300
USW00093743,2014-06-17,TMIN,233
USC00310576,2005-12-04,TMAX,217
USW00093765,2008-12-30,TMAX,150
USC00310576,2007-12-31,TMIN,50
USR0000NHOF,2015-09-17,TMIN,172
USC00310576,2007-12-31,TMAX,167
USR0000NCRN,2009-10-01,TMAX,244
USR0000NHOF,2012-01-13,TMAX,167
USC00314684,2011-04-27,TMIN,183
USW00013754,2005-07-06,TMAX,328
USC00310356,2005-12-01,TMAX,200
USW00013754,2005-10-19,TMIN,128
USC00316096,2009-12-31,TMAX,139
USW00093719,2011-11-20,TMAX,256
USC00315830,2010-05-31,TMAX,278
USC00315830,2010-05-31,TMIN,217
USR0000NNWB,2014-07-20,TMAX,306
USR0000NCRN,2009-10-24,TMAX,272
USR0000NNWB,2014-07-20,TMIN,206
USW00093765,2009-06-18,TMIN,233
USC00310576,2015-11-09,TMIN,128
USW00093765,2005-06-09,TMAX,278
USW00093765,2009-06-18,TMAX,272
USR0000NCRN,2008-04-29,TMIN,83
USR0000NCRN,2008-04-29,TMAX,217
USW00013754,2014-01-30,TMIN,-43
USC00317170,2009-03-05,TMAX,156
USR0000NNWB,2009-12-25,TMIN,28
USC00315830,2008-12-10,TMAX,178
USR0000NNWB,2009-12-25,TMAX,172
USC00314689,2013-03-07,TMAX,128
USW00093719,2011-11-20,TMIN,72
USC00314689,2013-03-07,TMIN,11
USW00013754,2015-03-23,TMAX,128
USC00316096,2009-12-31,TMIN,56
USC00310356,2014-10-15,TMIN,194
USC00314689,2008-02-17,TMAX,211
USC00310576,2007-09-23,TMAX,306
USC00310356,2015-07-24,TMIN,217
USC00310576,2007-09-23,TMIN,200
USC00316676,2008-03-23,TMAX,250
USR0000NNWB,2009-01-22,TMAX,117
USC00316676,2008-01-05,TMAX,83
USC00316676,2008-03-23,TMIN,67
USW00013754,2015-03-23,TMIN,61
USC00310356,2015-07-24,TMAX,317
USW00093719,2008-04-26,TMIN,144
USC00316676,2006-07-25,TMIN,228
USR0000NNWB,2009-01-22,TMIN,-56
USC00316676,2006-07-25,TMAX,300
USC00314684,2013-01-27,TMAX,0
USC00314684,2013-01-27,TMIN,-44
USC00315830,2015-11-16,TMIN,44
USC00310576,2015-11-09,TMAX,161
USW00013754,2005-10-19,TMAX,278
USW00093719,2008-04-26,TMAX,283
USR0000NNWB,2008-08-20,TMAX,328
USC00314144,2011-03-19,TMAX,222
USR0000NNWB,2008-08-20,TMIN,194
USW00013754,2013-09-08,TMAX,300
USW00093719,2013-12-09,TMAX,217
USC00310576,2005-01-26,TMIN,-39
USW00093719,2007-02-09,TMIN,-56
USC00317170,2015-05-08,TMAX,272
USW00093719,2007-02-09,TMAX,78
USC00315830,2006-12-26,TMAX,200
USW00013754,2009-03-13,TMIN,56
USW00013754,2014-01-30,TMAX,17
USC00310576,2005-01-26,TMAX,156
USC00310356,2008-10-24,TMAX,194
USC00310356,2005-12-01,TMIN,83
USC00316676,2014-11-02,TMAX,144
USC00316676,2014-11-02,TMIN,72
USW00013754,2013-09-08,TMIN,161
USC00317170,2007-08-22,TMAX,311
USC00314144,2011-03-19,TMIN,61
USW00013754,2009-03-13,TMAX,89
USR0000NHOF,2009-10-06,TMIN,172
USR0000NHOF,2009-10-06,TMAX,228
USW00093719,2013-12-09,TMIN,56
USC00316676,2015-01-16,TMAX,89
USC00315830,2006-12-26,TMIN,144
USC00317170,2015-05-08,TMIN,172
USR0000NHOF,2014-10-15,TMAX,250
USW00013754,2009-06-28,TMAX,311
USW00093765,2005-06-09,TMIN,217
USW00013754,2010-08-10,TMAX,328
USW00013754,2010-08-10,TMIN,244
USC00314689,2012-09-21,TMAX,239
USC00314684,2011-04-27,TMAX,289
USC00314689,2012-09-21,TMIN,161
USR0000NHOF,2014-10-15,TMIN,128
USW00013754,2012-11-27,TMAX,194
USW00013754,2012-11-27,TMIN,17
USW00093765,2006-11-18,TMIN,61
USR0000NCRN,2010-02-06,TMIN,6
USW00093765,2006-11-18,TMAX,150
USW00013754,2009-06-28,TMIN,189
USC00314689,2015-11-08,TMIN,122
USR0000NCRN,2010-02-06,TMAX,139
USC00316676,2015-01-16,TMIN,39
USC00310356,2008-06-14,TMIN,222
USC00314144,2009-05-07,TMAX,261
USC00310356,2008-06-14,TMAX,328
USR0000NNWB,2005-04-22,TMIN,122
USC00314689,2005-04-01,TMAX,261
USR0000NNWB,2005-04-22,TMAX,289
USC00314689,2005-04-01,TMIN,117
USC00315830,2008-09-23,TMAX,250
USC00315830,2008-09-23,TMIN,194
USC00310576,2011-12-27,TMIN,17
USC00310356,2013-06-03,TMAX,278
USC00310356,2013-06-03,TMIN,239
USC00310576,2010-11-06,TMIN,72
USC00316676,2014-08-22,TMIN,233
USW00093743,2013-06-03,TMAX,283
USC00317170,2010-11-24,TMIN,67
USC00310576,2009-04-29,TMAX,289
USC00310576,2011-12-27,TMAX,133
USC00310576,2008-02-16,TMAX,161
USC00310576,2010-11-06,TMAX,167
USR0000NNWB,2007-02-09,TMIN,-50
USR0000NNWB,2007-02-09,TMAX,72
USC00310576,2006-07-27,TMAX,311
USC00316676,2014-03-27,TMIN,-28
USW00013754,2013-08-25,TMAX,278
USW00093719,2013-11-11,TMIN,39
USW00093719,2014-07-20,TMAX,306
USW00093743,2013-06-03,TMIN,206
USC00310576,2008-02-16,TMIN,22
USR0000NHOF,2006-12-16,TMIN,-11
USC00317170,2010-11-24,TMAX,211
USW00093719,2012-07-01,TMIN,194
USC00310576,2008-07-05,TMAX,339
USC00314689,2013-01-27,TMAX,44
USC00314689,2013-01-27,TMIN,-28
USC00314144,2010-02-06,TMIN,0
USC00314144,2010-02-06,TMAX,133
USW00093719,2011-11-18,TMIN,6
USW00093719,2011-11-18,TMAX,106
USC00317170,2015-10-09,TMIN,139
USC00316676,2014-08-22,TMAX,328
USC00317170,2015-10-09,TMAX,278
USC00310576,2009-04-29,TMIN,111
USR0000NHOF,2006-12-16,TMAX,183
USC00315830,2010-03-12,TMAX,178
USC00314689,2013-06-23,TMIN,206
USC00314689,2013-06-23,TMAX,300
USC00316676,2015-12-07,TMAX,189
USC00315830,2010-03-12,TMIN,144
USC00316096,2013-10-12,TMAX,200
USC00316096,2013-10-12,TMIN,167
USW00093719,2012-07-01,TMAX,372
USW00013754,2013-08-25,TMIN,194
USC00310576,2009-05-31,TMIN,167
USW00093719,2014-07-20,TMIN,211
USC00315830,2010-07-22,TMAX,311
USW00093719,2011-06-20,TMIN,211
USW00093719,2011-06-20,TMAX,339
USC00314689,2005-12-22,TMIN,-56
USC00314689,2005-12-22,TMAX,61
USC00315830,2010-07-22,TMIN,244
USC00314684,2010-08-28,TMAX,317
USC00316096,2013-06-23,TMIN,206
USC00310576,2015-09-05,TMAX,322
USR0000NNWB,2009-09-05,TMIN,167
USC00310576,2015-09-05,TMIN,194
USR0000NCRN,2014-10-30,TMIN,106
USR0000NNWB,2015-11-24,TMIN,-22
USW00093743,2009-02-18,TMIN,-10
USW00093765,2013-09-05,TMIN,217
USW00093719,2007-05-31,TMAX,283
USR0000NNWB,2015-11-24,TMAX,144
USR0000NCRN,2014-10-30,TMAX,194
USW00093765,2013-09-05,TMAX,294
USW00093743,2009-02-18,TMAX,139
USC00314684,2010-08-28,TMIN,178
USW00013754,2014-03-31,TMIN,56
USW00013754,2014-03-31,TMAX,211
USW00093765,2015-11-01,TMAX,267
USC00316096,2010-10-03,TMAX,183
USW00093719,2013-11-11,TMAX,172
USR0000NNWB,2009-12-06,TMAX,83
USC00316676,2014-03-27,TMAX,94
USC00316096,2009-08-02,TMAX,294
USR0000NNWB,2007-08-13,TMAX,333
USC00310576,2009-05-31,TMAX,278
USR0000NNWB,2009-12-06,TMIN,0
USR0000NCRN,2012-07-19,TMIN,261
USR0000NNWB,2010-08-10,TMAX,361
USR0000NCRN,2012-07-19,TMAX,306
USC00310576,2006-07-27,TMIN,228
USC00316096,2010-10-03,TMIN,161
USR0000NCRN,2012-07-02,TMAX,311
USR0000NNWB,2010-08-10,TMIN,244
USR0000NCRN,2012-07-02,TMIN,222
USW00093719,2015-06-14,TMIN,244
USC00315830,2011-01-30,TMIN,-17
USR0000NNWB,2009-09-05,TMAX,306
USW00093765,2015-11-01,TMIN,133
USW00093719,2015-06-14,TMAX,356
USC00316676,2015-12-07,TMIN,83
USC00310356,2014-10-15,TMAX,278
USC00310576,2008-07-05,TMIN,228
USC00315830,2012-08-07,TMAX,306
USC00314689,2011-12-24,TMIN,61
USC00310356,2007-07-27,TMIN,233
USC00310356,2007-07-27,TMAX,317
USW00013754,2012-11-26,TMIN,-5
USC00310576,2012-04-02,TMAX,200
USC00310576,2012-04-02,TMIN,111
USC00310356,2015-10-14,TMIN,172
USC00316676,2015-01-10,TMIN,-17
USR0000NHOF,2007-12-09,TMIN,56
USW00013754,2009-12-25,TMIN,33
USC00316096,2009-08-29,TMIN,228
USC00316096,2011-01-04,TMIN,-61
USR0000NNWB,2015-05-02,TMAX,228
USW00093743,2009-05-10,TMIN,167
USR0000NNWB,2006-06-10,TMAX,306
USC00316676,2015-01-10,TMAX,128
USC00314689,2012-08-16,TMAX,306
USR0000NNWB,2006-06-10,TMIN,183
USC00314684,2011-09-08,TMAX,267
USC00316096,2011-01-04,TMAX,111
USW00013754,2009-12-25,TMAX,178
USC00314684,2013-02-04,TMIN,-56
USC00314689,2011-12-24,TMAX,172
USW00093765,2005-01-01,TMIN,67
USR0000NHOF,2014-10-30,TMIN,78
USR0000NHOF,2014-10-30,TMAX,222
USC00316676,2007-12-08,TMAX,122
USC00316676,2007-12-08,TMIN,22
USW00013754,2009-12-06,TMAX,78
USW00013754,2009-12-06,TMIN,22
USW00093765,2012-02-19,TMAX,139
USR0000NNWB,2007-08-13,TMIN,189
USC00317170,2013-09-05,TMIN,206
USR0000NNWB,2015-05-02,TMIN,67
USC00316676,2014-12-13,TMAX,139
USR0000NHOF,2014-06-17,TMIN,211
USC00310356,2014-10-30,TMIN,133
USC00310356,2014-10-30,TMAX,239
USC00317170,2013-09-05,TMAX,317
USC00316676,2014-12-13,TMIN,0
USC00315830,2007-04-14,TMIN,89
USW00013754,2009-04-26,TMIN,133
USC00315830,2007-04-14,TMAX,217
USW00093765,2005-01-01,TMAX,183
USR0000NHOF,2014-06-17,TMAX,350
USC00316096,2013-01-27,TMAX,56
USC00316096,2013-01-27,TMIN,-28
USW00013754,2012-11-26,TMAX,183
USC00314689,2009-07-02,TMAX,350
USC00314689,2009-07-02,TMIN,222
USW00093765,2009-08-28,TMAX,300
USC00317170,2007-08-22,TMIN,217
USC00316676,2009-07-27,TMAX,328
USC00316676,2009-07-27,TMIN,233
USC00310576,2011-05-07,TMAX,239
USW00093719,2009-03-30,TMAX,189
USC00316096,2009-08-02,TMIN,222
USC00310576,2015-12-25,TMIN,211
USW00093719,2009-03-30,TMIN,72
USC00314144,2007-10-27,TMAX,228
USR0000NNWB,2010-12-23,TMAX,83
USR0000NNWB,2010-12-23,TMIN,-22
USC00310576,2011-05-07,TMIN,67
USW00093719,2011-07-11,TMIN,217
USW00093765,2015-02-04,TMAX,144
USW00093765,2015-02-04,TMIN,-27
USC00315830,2012-08-07,TMIN,233
USW00093719,2011-07-11,TMAX,339
USC00314144,2007-10-27,TMIN,133
USC00310576,2015-12-25,TMAX,250
USW00013754,2009-04-26,TMAX,300
USC00314684,2014-06-03,TMIN,128
USC00314684,2013-02-04,TMAX,106
USC00314684,2011-09-08,TMIN,206
USC00315830,2008-04-16,TMAX,172
USW00093765,2013-12-26,TMIN,44
USW00093765,2013-12-26,TMAX,89
USC00310356,2015-10-14,TMAX,239
USC00315830,2008-04-16,TMIN,72
USC00314689,2012-08-16,TMIN,206
USR0000NHOF,2007-12-09,TMAX,228
USC00316096,2009-08-29,TMAX,300
USW00093743,2009-05-10,TMAX,267
USC00310356,2009-10-06,TMIN,161
USC00315830,2013-01-23,TMAX,72
USC00310356,2009-10-06,TMAX,206
USC00310356,2005-02-17,TMAX,139
USC00315830,2013-01-23,TMIN,-22
USR0000NCRN,2008-02-18,TMAX,300
USC00310356,2005-02-17,TMIN,72
USR0000NCRN,2008-02-18,TMIN,128
USC00314684,2012-06-23,TMIN,217
USC00314684,2014-06-03,TMAX,278
USW00093765,2009-08-28,TMIN,228
USC00314689,2008-02-17,TMIN,28
USR0000NHOF,2015-10-14,TMAX,272
USC00314689,2005-03-12,TMIN,17
USW00093719,2005-04-22,TMIN,100
USR0000NNWB,2009-11-04,TMIN,72
USR0000NNWB,2015-02-25,TMAX,61
USC00314684,2011-03-13,TMIN,61
USR0000NNWB,2015-02-25,TMIN,-50
USW00093765,2012-01-06,TMAX,172
USC00310576,2012-12-25,TMIN,50
USW00093719,2005-04-22,TMAX,278
USW00093743,2012-07-19,TMIN,261
USC00316676,2014-07-05,TMAX,300
USW00093743,2010-02-06,TMIN,6
USW00093743,2010-02-06,TMAX,161
USC00310576,2012-12-25,TMAX,178
USW00013754,2008-01-03,TMIN,-60
USC00314689,2010-09-27,TMIN,211
USW00093765,2012-01-06,TMIN,0
USC00316096,2012-05-26,TMIN,217
USC00316096,2012-05-26,TMAX,278
USC00315830,2011-05-30,TMAX,294
USC00310356,2014-01-05,TMAX,206
USW00093743,2012-07-19,TMAX,311
USR0000NNWB,2009-11-04,TMAX,217
USR0000NHOF,2010-05-30,TMAX,306
USC00314684,2011-03-13,TMAX,189
USR0000NHOF,2010-02-06,TMIN,0
USC00317170,2014-02-07,TMAX,89
USC00314684,2015-09-08,TMAX,300
USC00316096,2013-09-05,TMIN,200
USR0000NHOF,2010-02-06,TMAX,133
USW00013754,2013-05-27,TMAX,256
USC00314684,2011-03-26,TMIN,50
USC00316676,2009-03-25,TMAX,133
USC00316676,2009-03-25,TMIN,6
USR0000NHOF,2010-05-30,TMIN,133
USC00316096,2013-09-05,TMAX,300
USC00314684,2015-09-08,TMIN,211
USC00310356,2011-06-06,TMIN,222
USC00315830,2006-05-26,TMAX,267
USC00315830,2006-05-26,TMIN,228
USC00314684,2011-03-26,TMAX,167
USR0000NHOF,2008-05-19,TMAX,267
USR0000NHOF,2008-05-19,TMIN,111
USC00310576,2007-12-01,TMIN,11
USC00310576,2007-12-01,TMAX,144
USC00314144,2006-01-24,TMIN,100
USW00093765,2009-09-29,TMIN,133
USC00310356,2015-09-17,TMAX,278
USC00314684,2012-09-21,TMAX,239
USW00013754,2008-01-03,TMAX,22
USC00314144,2009-10-01,TMAX,244
USC00314144,2009-10-01,TMIN,61
USR0000NNWB,2012-11-26,TMIN,-6
USR0000NHOF,2012-04-02,TMAX,228
USR0000NHOF,2012-04-02,TMIN,44
USC00314689,2007-03-31,TMAX,244
USW00093743,2014-01-05,TMAX,183
USC00310576,2015-04-30,TMAX,200
USC00314684,2007-08-20,TMIN,206
USW00093719,2009-04-25,TMIN,161
USW00093743,2010-05-30,TMIN,200
USW00093743,2010-05-30,TMAX,278
USC00310356,2006-12-16,TMAX,211
USC00310356,2006-12-16,TMIN,-33
USW00093743,2014-01-05,TMIN,67
USR0000NNWB,2012-11-26,TMAX,200
USC00310356,2012-07-19,TMIN,272
USC00310356,2012-07-19,TMAX,306
USC00310576,2015-04-30,TMIN,78
USC00315830,2010-03-30,TMAX,189
USC00310356,2014-01-05,TMIN,167
USC00310356,2007-08-16,TMAX,300
USC00314684,2007-08-20,TMAX,328
USW00093765,2008-07-18,TMAX,294
USW00093765,2011-11-18,TMIN,33
USC00315830,2007-01-05,TMAX,228
USC00316676,2014-07-05,TMIN,194
USC00310356,2012-04-02,TMAX,206
USC00315830,2012-10-01,TMIN,183
USC00310356,2012-04-02,TMIN,111
USW00093765,2011-11-18,TMAX,106
USW00093765,2008-07-18,TMIN,233
USC00314684,2012-09-21,TMIN,122
USW00093765,2005-09-05,TMIN,206
USW00093765,2005-09-05,TMAX,289
USC00315830,2012-10-01,TMAX,267
USC00310356,2010-02-06,TMIN,56
USC00315830,2007-01-05,TMIN,139
USC00310356,2010-02-06,TMAX,156
USW00093743,2012-04-02,TMAX,239
USW00093719,2008-01-26,TMAX,50
USW00093719,2008-01-26,TMIN,-33
USW00093743,2012-04-02,TMIN,100
USW00093765,2009-09-29,TMAX,233
USC00316096,2013-02-04,TMAX,89
USC00317170,2011-01-13,TMIN,-11
USC00317170,2014-02-07,TMIN,-17
USC00314684,2015-10-09,TMAX,272
USC00310576,2005-10-23,TMAX,206
USW00093765,2008-07-03,TMAX,283
USR0000NHOF,2008-11-17,TMIN,-28
USW00093765,2008-07-03,TMIN,183
USR0000NHOF,2008-11-17,TMAX,133
USR0000NCRN,2015-12-31,TMIN,156
USR0000NCRN,2015-12-31,TMAX,222
USC00316676,2006-11-30,TMAX,250
USC00316676,2006-11-30,TMIN,100
USC00314689,2005-07-02,TMIN,239
USC00314689,2008-08-27,TMAX,283
USW00093743,2012-05-20,TMAX,239
USC00317170,2013-01-27,TMAX,56
USW00093743,2012-05-20,TMIN,122
USC00317170,2013-01-27,TMIN,-17
USC00316096,2011-12-24,TMAX,128
USC00316096,2011-12-24,TMIN,33
USW00093765,2010-07-21,TMIN,244
USC00314689,2012-05-26,TMIN,206
USR0000NCRN,2009-05-15,TMIN,200
USC00314689,2008-08-27,TMIN,222
USC00314689,2012-05-26,TMAX,283
USC00310576,2005-10-23,TMIN,89
USC00310356,2011-04-29,TMAX,239
USC00317170,2008-02-08,TMIN,56
USC00315830,2012-08-19,TMIN,222
USW00093765,2010-11-24,TMAX,183
USR0000NNWB,2015-03-23,TMIN,50
USW00013754,2012-03-30,TMAX,228
USC00314689,2006-03-09,TMAX,217
USC00314689,2006-03-09,TMIN,72
USR0000NNWB,2015-03-23,TMAX,133
USC00310576,2007-03-06,TMAX,172
USR0000NHOF,2015-01-02,TMIN,61
USC00310576,2007-03-06,TMIN,28
USW00093765,2010-11-24,TMIN,61
USC00310356,2011-06-06,TMAX,317
USC00314689,2013-09-05,TMIN,217
USC00314689,2013-09-05,TMAX,317
USC00316096,2012-11-04,TMIN,17
USW00093765,2007-02-09,TMIN,-38
USC00315830,2007-08-06,TMIN,233
USW00093765,2007-02-09,TMAX,100
USC00316096,2012-11-04,TMAX,206
USC00310356,2011-04-29,TMIN,183
USW00093765,2010-07-21,TMAX,300
USC00310576,2011-02-25,TMIN,11
USR0000NHOF,2012-01-24,TMIN,61
USC00317170,2012-02-25,TMIN,50
USC00310576,2011-02-25,TMAX,183
USW00093743,2012-07-30,TMAX,278
USC00317170,2010-03-17,TMAX,156
USC00314684,2015-10-09,TMIN,106
USC00314689,2008-06-23,TMIN,222
USC00314689,2008-06-23,TMAX,311
USR0000NNWB,2009-03-30,TMAX,200
USW00093719,2015-02-04,TMAX,150
USW00093743,2008-05-19,TMIN,161
USW00093719,2015-02-04,TMIN,-21
USR0000NNWB,2009-03-30,TMIN,78
USW00093765,2010-03-16,TMIN,61
USW00093765,2010-03-16,TMAX,117
USC00317170,2010-03-17,TMIN,11
USC00310576,2007-06-22,TMAX,300
USW00093765,2008-08-15,TMIN,200
USW00093765,2008-08-15,TMAX,294
USW00093743,2012-07-30,TMIN,222
USC00316096,2013-02-04,TMIN,-44
USC00310576,2007-06-22,TMIN,183
USW00093743,2008-05-19,TMAX,244
USR0000NNWB,2013-05-27,TMAX,283
USR0000NHOF,2012-05-20,TMIN,83
USR0000NHOF,2006-10-24,TMAX,117
USR0000NHOF,2006-10-24,TMIN,-22
USR0000NCRN,2014-10-15,TMAX,261
USR0000NCRN,2014-10-15,TMIN,150
USR0000NCRN,2009-05-15,TMAX,250
USC00310356,2008-05-19,TMAX,228
USC00310356,2008-05-19,TMIN,167
USC00314689,2010-09-27,TMAX,256
USR0000NNWB,2011-11-20,TMAX,256
USR0000NNWB,2011-11-20,TMIN,183
USC00310576,2007-04-09,TMIN,6
USR0000NHOF,2012-01-24,TMAX,222
USC00317170,2012-02-25,TMAX,172
USC00310576,2007-04-09,TMAX,144
USR0000NHOF,2012-07-19,TMIN,250
USR0000NHOF,2012-07-19,TMAX,333
USR0000NHOF,2015-01-02,TMAX,150
USC00316676,2013-06-02,TMAX,306
USC00316676,2013-06-02,TMIN,189
USR0000NHOF,2012-05-20,TMAX,233
USR0000NNWB,2013-05-27,TMIN,100
USW00013754,2013-05-27,TMIN,94
USW00093719,2007-05-31,TMIN,139
USC00315830,2010-03-30,TMIN,106
USC00315830,2005-02-16,TMIN,83
USR0000NCRN,2007-06-12,TMIN,156
USR0000NHOF,2012-07-30,TMAX,278
USR0000NCRN,2005-08-23,TMIN,233
USR0000NHOF,2012-07-30,TMIN,206
USC00315830,2005-12-31,TMAX,167
USR0000NCRN,2007-06-12,TMAX,306
USW00013754,2009-04-17,TMAX,194
USR0000NNWB,2015-06-17,TMAX,344
USR0000NNWB,2015-06-17,TMIN,244
USW00093765,2014-02-07,TMAX,94
USC00316676,2010-08-15,TMIN,211
USC00310576,2005-10-25,TMAX,183
USC00316676,2010-08-15,TMAX,306
USC00316096,2012-09-21,TMAX,261
USR0000NHOF,2012-04-14,TMIN,6
USR0000NHOF,2012-04-14,TMAX,222
USW00093765,2009-01-15,TMAX,111
USW00093765,2009-01-15,TMIN,-10
USC00316096,2012-09-21,TMIN,144
USW00013754,2009-09-05,TMAX,289
USC00316676,2010-06-26,TMIN,222
USC00315830,2011-05-29,TMAX,283
USC00315830,2005-12-31,TMIN,28
USC00316676,2014-04-08,TMAX,250
USC00316676,2011-10-24,TMIN,100
USW00093743,2008-06-14,TMAX,278
USC00310356,2010-04-09,TMIN,156
USC00314684,2007-05-24,TMIN,122
USC00316676,2011-10-24,TMAX,217
USC00310356,2008-10-01,TMIN,206
USC00314684,2007-05-24,TMAX,261
USC00314684,2013-09-05,TMIN,194
USC00314684,2013-09-05,TMAX,317
USC00314689,2012-03-26,TMIN,139
USR0000NCRN,2006-10-04,TMAX,283
USC00310576,2005-10-25,TMIN,78
USR0000NCRN,2006-10-04,TMIN,122
USR0000NHOF,2015-07-24,TMAX,317
USC00316676,2008-05-12,TMAX,228
USW00013754,2014-07-20,TMAX,306
USC00314689,2012-03-26,TMAX,244
USR0000NCRN,2005-08-23,TMAX,311
USW00013754,2014-07-20,TMIN,211
USC00316676,2008-05-12,TMIN,133
USC00316676,2010-06-26,TMAX,350
USW00013754,2015-04-12,TMAX,206
USC00315830,2011-05-29,TMIN,244
USC00316676,2010-12-13,TMAX,144
USW00093743,2012-04-14,TMIN,44
USW00093743,2012-04-14,TMAX,211
USC00317170,2007-11-06,TMIN,89
USC00310356,2012-01-24,TMAX,156
USW00093719,2007-08-28,TMIN,211
USC00314144,2006-04-14,TMIN,144
USC00314144,2006-04-14,TMAX,311
USC00315830,2011-11-12,TMAX,167
USR0000NCRN,2008-10-16,TMAX,306
USC00316676,2006-09-08,TMIN,189
USC00316676,2008-01-05,TMIN,-78
USR0000NCRN,2008-10-16,TMIN,144
USC00310356,2012-04-14,TMIN,100
USW00093765,2015-06-14,TMIN,250
USC00310356,2012-04-14,TMAX,189
USC00315830,2011-11-12,TMIN,6
USW00093765,2015-06-14,TMAX,339
USC00316096,2013-03-07,TMAX,128
USC00316096,2013-03-07,TMIN,28
USR0000NHOF,2015-10-14,TMIN,111
USW00093719,2007-08-28,TMAX,317
USC00316676,2006-09-08,TMAX,267
USC00317170,2007-11-06,TMAX,206
USC00314144,2008-12-17,TMAX,222
USC00316676,2006-06-06,TMIN,156
USC00315830,2012-12-18,TMIN,133
USC00310576,2012-08-04,TMAX,322
USC00310356,2008-10-01,TMAX,261
USC00316676,2006-06-06,TMAX,244
USW00093765,2015-06-25,TMIN,239
USW00093765,2015-06-25,TMAX,300
USC00315830,2012-12-18,TMAX,183
USC00315830,2015-11-16,TMAX,167
USC00316676,2015-08-28,TMIN,200
USC00316676,2015-08-28,TMAX,256
USR0000NCRN,2006-09-08,TMIN,178
USR0000NCRN,2006-09-08,TMAX,267
USC00310576,2012-08-04,TMIN,217
USC00310356,2012-01-24,TMIN,78
USW00013754,2009-09-05,TMIN,172
USW00013754,2009-04-17,TMIN,17
USC00316676,2010-12-13,TMIN,11
USC00310356,2008-07-12,TMAX,283
USC00314144,2008-12-17,TMIN,89
USC00310356,2008-07-12,TMIN,228
USC00310356,2010-04-09,TMAX,200
USC00310356,2015-09-17,TMIN,206
USC00314689,2008-08-03,TMAX,356
USC00314689,2008-08-03,TMIN,211
USR0000NNWB,2014-01-30,TMIN,-83
USR0000NNWB,2014-01-30,TMAX,22
USR0000NHOF,2014-01-05,TMAX,194
USR0000NCRN,2010-06-21,TMIN,233
USC00314689,2009-12-31,TMIN,22
USC00314689,2009-12-31,TMAX,83
USC00310576,2014-10-30,TMIN,133
USC00310576,2014-10-30,TMAX,278
USR0000NCRN,2010-06-21,TMAX,317
USW00013754,2015-06-17,TMIN,228
USW00093743,2012-01-24,TMIN,83
USC00314689,2007-03-31,TMIN,67
USC00316676,2006-03-20,TMAX,144
USC00316676,2006-03-20,TMIN,-17
USC00315830,2009-01-05,TMIN,133
USC00315830,2009-01-05,TMAX,167
USR0000NNWB,2015-03-12,TMAX,183
USR0000NHOF,2014-01-05,TMIN,17
USC00310356,2008-11-17,TMIN,56
USC00314689,2015-12-04,TMIN,39
USW00093743,2012-01-24,TMAX,217
USC00314684,2011-04-06,TMIN,17
USW00093743,2008-11-17,TMAX,122
USW00093743,2008-11-17,TMIN,28
USC00315830,2005-02-16,TMAX,167
USC00310356,2010-05-30,TMIN,217
USC00310356,2010-05-30,TMAX,267
USW00093719,2009-04-25,TMAX,294
USC00317170,2007-08-12,TMAX,300
USW00093765,2011-06-21,TMAX,294
USW00093765,2011-06-21,TMIN,222
USC00310356,2007-08-16,TMIN,250
USR0000NHOF,2005-12-01,TMIN,11
USC00314689,2015-12-04,TMAX,122
USR0000NHOF,2005-12-01,TMAX,133
USC00317170,2007-08-12,TMIN,183
USC00314684,2013-03-07,TMIN,17
USC00314689,2011-04-13,TMAX,211
USC00310576,2008-07-18,TMIN,194
USC00314689,2011-04-13,TMIN,100
USC00317170,2009-02-22,TMAX,156
USW00013754,2015-06-17,TMAX,333
USC00310576,2008-07-18,TMAX,311
USC00317170,2009-02-22,TMIN,44
USC00314684,2013-03-07,TMAX,78
USC00316096,2011-05-24,TMIN,233
USR0000NHOF,2008-04-02,TMAX,189
USC00310356,2008-11-17,TMAX,156
USR0000NNWB,2015-03-12,TMIN,61
USC00316676,2005-08-01,TMIN,222
USR0000NNWB,2007-03-13,TMIN,50
USC00317170,2015-06-14,TMAX,356
USC00316676,2014-04-08,TMIN,178
USC00317170,2011-01-13,TMAX,67
USC00317170,2010-10-15,TMIN,89
USC00316676,2005-08-01,TMAX,289
USW00013754,2012-01-01,TMAX,200
USC00310576,2009-08-14,TMAX,261
USW00093765,2006-04-15,TMAX,228
USW00013754,2015-04-12,TMIN,139
USW00013754,2008-12-23,TMIN,-55
USC00315830,2011-08-23,TMAX,306
USC00315830,2011-08-23,TMIN,228
USC00314684,2011-04-06,TMAX,211
USW00093765,2006-04-15,TMIN,183
USR0000NHOF,2015-07-24,TMIN,183
USW00093743,2008-06-14,TMIN,161
USC00314144,2010-12-21,TMAX,61
USW00013754,2008-12-23,TMAX,78
USR0000NNWB,2007-03-13,TMAX,250
USC00317170,2010-10-15,TMAX,217
USC00315830,2005-07-26,TMAX,328
USC00315830,2013-10-22,TMIN,167
USC00315830,2011-09-06,TMAX,294
USC00316096,2011-05-24,TMAX,278
USC00315830,2011-08-22,TMIN,228
USC00315830,2011-09-06,TMIN,244
USC00314684,2009-07-02,TMAX,344
USC00315830,2011-08-22,TMAX,306
USC00314684,2009-07-02,TMIN,211
USR0000NHOF,2008-04-02,TMIN,94
USC00314684,2012-11-04,TMIN,-11
USW00013754,2012-01-01,TMIN,17
USW00093765,2014-02-07,TMIN,6
USC00315830,2013-10-22,TMAX,222
USC00314684,2012-11-04,TMAX,150
USC00317170,2008-08-28,TMAX,306
USC00317170,2008-08-28,TMIN,228
USC00310576,2009-08-14,TMIN,217
USW00093765,2011-02-17,TMAX,200
USW00093765,2011-02-17,TMIN,50
USC00317170,2015-06-14,TMIN,239
USC00315830,2005-07-26,TMIN,272
USC00314144,2010-12-21,TMIN,-50
USC00314684,2006-06-10,TMIN,178
USC00310576,2014-02-01,TMAX,139
USC00310576,2014-02-01,TMIN,-11
USC00314684,2005-12-22,TMIN,-67
USC00314684,2005-01-23,TMAX,61
USC00314684,2005-01-14,TMIN,128
USC00317170,2011-11-20,TMIN,78
USC00314684,2005-12-22,TMAX,61
USW00093765,2011-01-07,TMAX,89
USW00093719,2013-08-25,TMAX,278
USC00317170,2008-03-25,TMAX,156
USW00093743,2013-05-27,TMIN,94
USC00314684,2005-01-14,TMAX,250
USW00093743,2013-05-27,TMAX,244
USW00093719,2013-08-25,TMIN,189
USC00317170,2012-01-06,TMIN,6
USW00013754,2007-02-26,TMAX,178
USC00317170,2008-03-25,TMIN,28
USR0000NCRN,2014-03-16,TMAX,133
USC00316676,2005-02-07,TMIN,-11
USR0000NCRN,2014-03-16,TMIN,50
USC00316676,2005-02-07,TMAX,178
USC00315830,2006-06-20,TMIN,244
USC00316096,2012-01-09,TMAX,106
USW00013754,2007-02-26,TMIN,78
USW00093743,2009-02-17,TMIN,-27
USC00314684,2005-01-23,TMIN,-50
USR0000NHOF,2014-12-23,TMAX,128
USR0000NCRN,2012-07-04,TMIN,267
USR0000NCRN,2012-07-04,TMAX,317
USW00093719,2007-12-20,TMIN,-28
USC00316676,2013-03-07,TMIN,44
USC00316096,2012-01-09,TMIN,61
USW00093719,2007-03-08,TMIN,17
USC00310356,2006-10-04,TMAX,256
USW00093719,2007-12-20,TMAX,139
USR0000NHOF,2008-10-12,TMAX,250
USC00314689,2014-06-21,TMIN,211
USC00314689,2010-02-16,TMAX,133
USC00316676,2006-08-16,TMIN,183
USW00093765,2014-07-20,TMAX,300
USW00093765,2014-07-20,TMIN,217
USW00093743,2009-02-17,TMAX,94
USC00316676,2006-08-16,TMAX,311
USC00317170,2011-11-20,TMAX,250
USC00314689,2014-06-21,TMAX,317
USR0000NHOF,2008-10-12,TMIN,161
USC00314689,2010-02-16,TMIN,-11
USW00093743,2012-12-03,TMIN,94
USW00093765,2013-02-04,TMIN,0
USC00310576,2009-01-17,TMAX,22
USW00093719,2013-06-23,TMAX,311
USR0000NHOF,2007-10-15,TMAX,250
USC00314689,2012-03-06,TMAX,128
USR0000NNWB,2006-05-26,TMAX,333
USR0000NNWB,2006-05-26,TMIN,206
USR0000NCRN,2011-05-05,TMAX,206
USC00316676,2011-10-02,TMIN,61
USC00314144,2006-09-05,TMAX,300
USC00314144,2006-09-05,TMIN,206
USW00093719,2013-06-23,TMIN,211
USC00315830,2013-06-03,TMAX,283
USC00314689,2014-03-27,TMAX,144
USR0000NNWB,2015-06-25,TMIN,233
USC00310576,2015-02-28,TMIN,17
USC00310576,2015-02-28,TMAX,117
USR0000NNWB,2011-07-11,TMIN,222
USR0000NNWB,2015-06-25,TMAX,339
USR0000NNWB,2011-07-11,TMAX,361
USC00317170,2007-06-01,TMIN,133
USC00317170,2007-06-01,TMAX,306
USC00315830,2013-06-03,TMIN,239
USC00315830,2006-06-20,TMAX,283
USR0000NHOF,2007-10-15,TMIN,56
USC00314689,2014-03-27,TMIN,-39
USW00093765,2013-02-04,TMAX,89
USW00013754,2012-01-22,TMAX,83
USC00310356,2013-05-27,TMAX,272
USW00093743,2007-12-09,TMIN,83
USC00314684,2006-06-06,TMIN,139
USC00315830,2014-12-02,TMIN,83
USC00314684,2006-06-06,TMAX,250
USC00317170,2007-10-28,TMAX,200
USC00310356,2007-12-27,TMAX,117
USC00314689,2012-03-06,TMIN,-28
USC00315830,2014-12-02,TMAX,189
USC00310356,2007-12-27,TMIN,39
USW00093743,2007-12-09,TMAX,211
USR0000NHOF,2006-10-04,TMAX,278
USC00317170,2011-10-21,TMAX,194
USC00317170,2011-10-21,TMIN,67
USR0000NHOF,2006-10-04,TMIN,83
USW00013754,2012-01-22,TMIN,39
USC00310576,2011-10-19,TMAX,283
USR0000NCRN,2011-05-05,TMIN,72
USC00310576,2009-01-17,TMIN,-61
USC00316676,2013-03-07,TMAX,94
USC00317170,2007-10-28,TMIN,122
USR0000NNWB,2009-09-13,TMIN,183
USC00316676,2012-09-21,TMIN,144
USW00093765,2012-05-26,TMAX,283
USR0000NCRN,2007-05-25,TMIN,111
USW00093719,2005-08-28,TMAX,317
USC00314144,2005-05-18,TMAX,272
USW00093719,2005-08-28,TMIN,228
USC00315830,2015-09-21,TMIN,211
USC00314144,2005-05-18,TMIN,78
USR0000NCRN,2006-12-23,TMAX,200
USC00316676,2012-09-21,TMAX,244
USR0000NNWB,2006-01-20,TMAX,194
USC00316676,2012-09-18,TMIN,200
USC00314684,2009-12-31,TMIN,-50
USW00013754,2009-02-09,TMIN,44
USC00314684,2009-12-31,TMAX,50
USR0000NNWB,2006-01-20,TMIN,11
USC00316676,2012-09-18,TMAX,272
USC00316096,2010-10-14,TMIN,133
USC00316096,2010-10-14,TMAX,261
USC00315830,2012-04-02,TMAX,206
USW00013754,2009-02-09,TMAX,156
USC00315830,2012-04-02,TMIN,61
USC00310356,2006-03-26,TMAX,128
USW00093765,2012-05-26,TMIN,228
USC00310356,2010-04-20,TMAX,183
USR0000NCRN,2014-07-09,TMIN,267
USW00093743,2009-07-01,TMIN,228
USC00317170,2010-12-05,TMAX,72
USW00013754,2011-11-18,TMIN,6
USW00013754,2011-11-18,TMAX,111
USW00093765,2008-10-30,TMAX,139
USR0000NNWB,2007-03-02,TMAX,233
USR0000NNWB,2007-03-02,TMIN,122
USC00310356,2006-03-26,TMIN,-33
USW00093743,2009-07-01,TMAX,328
USR0000NNWB,2012-10-30,TMIN,67
USR0000NCRN,2008-03-31,TMIN,117
USW00093765,2008-10-30,TMIN,17
USW00093765,2006-06-10,TMAX,283
USW00093765,2006-06-10,TMIN,217
USC00315830,2012-06-22,TMIN,233
USC00315830,2012-06-22,TMAX,294
USR0000NCRN,2008-03-31,TMAX,211
USR0000NCRN,2007-05-25,TMAX,261
USR0000NNWB,2012-10-30,TMAX,122
USR0000NHOF,2014-05-10,TMAX,317
USC00315830,2015-09-21,TMAX,289
USC00317170,2009-02-26,TMIN,22
USR0000NCRN,2010-04-27,TMIN,128
USC00317170,2012-01-06,TMAX,194
USR0000NCRN,2010-02-09,TMAX,122
USR0000NCRN,2010-02-09,TMIN,-17
USC00314684,2006-10-29,TMIN,28
USW00093719,2015-02-25,TMIN,-43
USC00314684,2006-10-29,TMAX,228
USC00310576,2005-01-22,TMIN,-50
USW00093719,2009-12-06,TMAX,78
USW00093719,2015-02-25,TMAX,44
USW00093743,2012-12-03,TMAX,222
USC00314689,2008-08-25,TMIN,189
USC00315830,2014-12-29,TMAX,200
USR0000NNWB,2010-03-16,TMIN,33
USC00314689,2008-08-25,TMAX,317
USC00315830,2014-12-29,TMIN,128
USR0000NCRN,2010-04-27,TMAX,217
USR0000NNWB,2010-03-16,TMAX,111
USR0000NNWB,2009-09-13,TMAX,278
USR0000NHOF,2014-12-23,TMIN,56
USW00093719,2009-12-06,TMIN,11
USW00013754,2013-09-05,TMAX,306
USC00316676,2009-08-14,TMIN,211
USR0000NHOF,2007-08-16,TMIN,244
USC00310356,2012-01-13,TMIN,33
USR0000NHOF,2014-05-10,TMIN,200
USC00310356,2012-01-13,TMAX,172
USC00314684,2011-06-21,TMAX,339
USC00314684,2011-06-21,TMIN,183
USC00317170,2009-02-26,TMAX,194
USR0000NCRN,2006-12-23,TMIN,133
USR0000NNWB,2009-04-25,TMIN,167
USR0000NNWB,2009-04-25,TMAX,306
USW00013754,2015-04-13,TMAX,250
USW00013754,2015-04-13,TMIN,133
USC00310356,2009-07-01,TMIN,267
USC00310356,2009-07-01,TMAX,317
USW00093765,2007-07-24,TMAX,289
USW00093765,2007-07-24,TMIN,178
USR0000NNWB,2013-05-09,TMAX,294
USR0000NNWB,2013-05-09,TMIN,156
USC00310576,2005-01-22,TMAX,100
USW00013754,2013-09-05,TMIN,206
USR0000NHOF,2007-08-16,TMAX,317
USC00316676,2009-08-14,TMAX,256
USW00013754,2007-10-10,TMAX,278
USR0000NHOF,2010-11-24,TMIN,22
USC00316676,2015-07-19,TMAX,328
USC00314144,2010-09-20,TMIN,144
USR0000NCRN,2009-10-06,TMAX,233
USW00093765,2010-12-29,TMAX,89
USC00316676,2011-10-07,TMAX,244
USC00310576,2014-07-27,TMIN,206
USC00310576,2014-07-27,TMAX,311
USC00315830,2008-05-24,TMIN,161
USW00093765,2005-08-28,TMAX,300
USC00315830,2008-05-24,TMAX,250
USW00093765,2005-08-28,TMIN,244
USC00310356,2005-08-23,TMIN,267
USR0000NHOF,2011-12-15,TMIN,11
USC00316676,2011-10-07,TMIN,106
USR0000NNWB,2009-09-29,TMIN,117
USC00316096,2011-10-20,TMIN,94
USW00093765,2015-04-17,TMAX,244
USW00093765,2009-12-10,TMIN,78
USC00316096,2014-06-21,TMIN,211
USC00317170,2009-08-28,TMAX,322
USW00093743,2013-03-17,TMIN,89
USC00310356,2007-04-29,TMIN,144
USR0000NHOF,2011-12-15,TMAX,211
USW00093743,2013-03-17,TMAX,167
USC00310356,2007-12-28,TMIN,39
USW00093765,2008-04-26,TMIN,183
USC00314144,2011-04-16,TMIN,128
USC00310576,2006-10-24,TMAX,117
USC00310576,2006-10-24,TMIN,-6
USC00314144,2011-04-16,TMAX,233
USC00316676,2009-02-08,TMAX,211
USW00093743,2007-11-18,TMAX,178
USW00093765,2015-04-17,TMIN,172
USC00310356,2008-08-25,TMAX,322
USW00093765,2010-12-29,TMIN,-21
USC00316676,2015-05-03,TMIN,89
USC00316096,2011-03-13,TMAX,211
USR0000NCRN,2009-10-06,TMIN,222
USC00310356,2005-08-23,TMAX,344
USC00316096,2011-03-13,TMIN,100
USC00310356,2007-12-28,TMAX,122
USC00314684,2011-05-24,TMIN,211
USC00314684,2011-05-24,TMAX,322
USC00316676,2015-05-03,TMAX,228
USR0000NHOF,2009-09-05,TMIN,139
USW00093765,2008-04-26,TMAX,239
USR0000NCRN,2012-11-06,TMIN,44
USC00310356,2007-04-29,TMAX,233
USC00316096,2014-06-21,TMAX,294
USC00317170,2009-08-28,TMIN,222
USC00310576,2008-12-01,TMIN,100
USC00310356,2010-08-17,TMIN,244
USC00316096,2015-02-09,TMIN,89
USW00013754,2011-04-29,TMAX,250
USC00310576,2008-12-01,TMAX,183
USC00315830,2015-08-07,TMIN,228
USW00093719,2006-11-18,TMIN,33
USC00317170,2009-11-16,TMAX,194
USC00310356,2014-03-16,TMAX,156
USC00310356,2010-08-17,TMAX,328
USC00310356,2014-03-16,TMIN,89
USR0000NCRN,2007-05-23,TMAX,267
USC00316676,2009-01-26,TMAX,50
USC00316676,2009-01-26,TMIN,17
USW00093765,2010-04-30,TMAX,222
USC00315830,2010-10-12,TMAX,272
USW00093765,2010-04-30,TMIN,172
USC00314684,2006-06-10,TMAX,289
USC00315830,2010-10-12,TMIN,200
USR0000NHOF,2014-03-16,TMAX,144
USC00316096,2015-02-09,TMAX,194
USR0000NHOF,2009-09-05,TMAX,294
USC00316676,2008-11-17,TMIN,0
USC00315830,2015-08-07,TMAX,300
USR0000NNWB,2009-09-29,TMAX,244
USC00310356,2008-08-25,TMIN,228
USW00093765,2009-12-10,TMAX,200
USC00310576,2009-03-29,TMIN,183
USC00314684,2008-01-15,TMAX,122
USR0000NHOF,2005-10-23,TMIN,61
USC00310576,2009-03-29,TMAX,244
USC00310576,2011-05-11,TMAX,261
USC00310576,2011-05-11,TMIN,100
USR0000NHOF,2005-10-23,TMAX,172
USC00314684,2015-02-04,TMAX,67
USC00316096,2011-10-20,TMAX,178
USR0000NNWB,2013-06-23,TMIN,217
USC00314684,2015-02-04,TMIN,-33
USR0000NNWB,2013-06-23,TMAX,306
USC00315830,2013-12-01,TMAX,161
USC00315830,2013-12-01,TMIN,39
USC00315830,2014-12-31,TMIN,17
USW00013754,2014-05-04,TMAX,272
USW00013754,2014-05-04,TMIN,133
USC00316676,2008-11-17,TMAX,144
USC00316096,2014-03-27,TMAX,122
USC00314689,2010-10-03,TMIN,144
USC00314684,2008-01-15,TMIN,-56
USC00310576,2014-01-05,TMIN,-11
USW00013754,2005-09-05,TMAX,294
USC00317170,2008-01-26,TMAX,67
USC00310576,2014-11-09,TMIN,33
USC00317170,2008-01-26,TMIN,-6
USC00316676,2014-10-29,TMIN,89
USC00316676,2014-10-29,TMAX,294
USC00316676,2009-12-26,TMAX,178
USC00316676,2009-12-26,TMIN,89
USW00093765,2005-07-05,TMIN,228
USW00013754,2005-09-05,TMIN,211
USC00314689,2008-09-30,TMAX,283
USC00314684,2011-01-01,TMAX,144
USC00314689,2008-09-30,TMIN,183
USR0000NHOF,2007-04-29,TMIN,78
USC00310576,2014-11-09,TMAX,183
USC00315830,2012-09-12,TMAX,267
USW00013754,2010-03-16,TMIN,44
USC00315830,2012-09-12,TMIN,144
USC00314684,2015-06-17,TMAX,389
USC00314684,2015-06-17,TMIN,228
USW00093765,2005-07-05,TMAX,294
USW00013754,2010-03-16,TMAX,106
USC00314689,2006-04-15,TMIN,189
USR0000NCRN,2008-11-17,TMIN,17
USC00314144,2010-09-20,TMAX,289
USW00093719,2010-08-10,TMAX,350
USC00317170,2011-04-19,TMIN,133
USC00317170,2011-04-19,TMAX,283
USR0000NHOF,2010-11-24,TMAX,178
USC00316676,2015-07-19,TMIN,222
USW00093719,2010-08-10,TMIN,239
USR0000NNWB,2006-07-20,TMAX,328
USW00013754,2007-10-10,TMIN,217
USR0000NCRN,2008-11-17,TMAX,133
USR0000NNWB,2006-07-20,TMIN,206
USC00316096,2011-06-18,TMAX,300
USC00314684,2011-01-01,TMIN,-50
USC00316096,2011-06-18,TMIN,244
USC00314684,2010-10-15,TMAX,211
USC00314684,2010-10-15,TMIN,56
USC00310356,2013-11-08,TMIN,83
USR0000NNWB,2015-04-13,TMAX,261
USC00314689,2006-04-15,TMAX,328
USR0000NNWB,2015-04-13,TMIN,117
USC00310356,2013-11-08,TMAX,211
USR0000NHOF,2007-04-29,TMAX,272
USC00315830,2010-06-03,TMIN,228
USC00315830,2010-06-03,TMAX,317
USW00093765,2009-03-30,TMIN,83
USC00316676,2011-10-02,TMAX,200
USC00314689,2015-09-08,TMAX,317
USC00317170,2009-01-15,TMIN,17
USR0000NHOF,2013-03-17,TMIN,78
USR0000NHOF,2013-03-17,TMAX,178
USC00314689,2015-09-08,TMIN,217
USC00310576,2014-01-05,TMAX,89
USC00316676,2009-02-08,TMIN,-17
USW00093765,2009-03-30,TMAX,194
USW00093743,2007-11-18,TMIN,56
USC00315830,2005-10-04,TMAX,289
USW00093719,2007-02-02,TMAX,100
USC00316676,2011-08-03,TMIN,211
USC00317170,2014-07-20,TMAX,306
USC00316096,2014-03-27,TMIN,-50
USW00093719,2007-02-02,TMIN,28
USC00316676,2011-08-03,TMAX,350
USC00317170,2014-07-20,TMIN,206
USC00316096,2010-02-16,TMIN,-33
USC00315830,2005-10-04,TMIN,211
USW00093743,2013-11-08,TMIN,33
USC00317170,2009-01-15,TMAX,111
USW00093765,2014-03-31,TMIN,67
USC00310576,2012-10-01,TMIN,167
USC00310576,2012-10-01,TMAX,239
USW00093719,2013-05-09,TMAX,283
USW00093719,2013-05-09,TMIN,156
USW00093743,2013-11-08,TMAX,150
USC00310576,2015-10-05,TMAX,267
USC00310576,2015-10-05,TMIN,200
USR0000NNWB,2010-11-03,TMIN,111
USC00310576,2012-05-20,TMAX,244
USC00310576,2012-05-20,TMIN,111
USC00310576,2011-10-19,TMIN,172
USC00310576,2009-07-31,TMIN,244
USR0000NNWB,2010-11-03,TMAX,150
USC00310576,2009-07-31,TMAX,333
USR0000NCRN,2012-11-06,TMAX,89
USW00093765,2011-01-07,TMIN,-27
USC00314684,2013-12-07,TMIN,111
USC00314684,2013-12-07,TMAX,267
USW00093765,2014-03-31,TMAX,200
USR0000NCRN,2013-05-27,TMIN,72
USR0000NCRN,2013-05-27,TMAX,239
USC00316096,2010-02-16,TMAX,72
USW00013754,2013-05-09,TMIN,150
USW00013754,2013-05-09,TMAX,278
USC00314689,2010-10-03,TMAX,228
USW00093765,2015-05-08,TMAX,261
USW00093765,2006-08-26,TMAX,294
USC00310576,2007-08-01,TMIN,189
USC00314684,2013-01-10,TMAX,211
USC00314684,2010-05-12,TMIN,128
USC00314684,2010-05-12,TMAX,211
USC00315830,2005-05-29,TMAX,267
USC00314689,2006-10-29,TMIN,44
USC00314689,2006-10-29,TMAX,217
USC00310576,2010-06-14,TMIN,233
USC00314689,2007-11-26,TMAX,244
USC00310576,2010-06-14,TMAX,372
USW00013754,2012-10-30,TMIN,78
USR0000NHOF,2015-08-17,TMAX,339
USC00316096,2011-09-18,TMIN,172
USW00093765,2009-04-28,TMAX,233
USC00310576,2007-10-11,TMAX,294
USC00314684,2013-06-23,TMIN,206
USC00314684,2013-06-23,TMAX,250
USC00315830,2005-08-10,TMAX,300
USW00013754,2012-10-30,TMAX,150
USC00310356,2009-05-10,TMIN,200
USW00093765,2015-05-08,TMIN,194
USC00316676,2008-04-15,TMAX,161
USW00013754,2013-10-24,TMIN,56
USC00314144,2009-11-05,TMAX,200
USC00314144,2009-11-05,TMIN,22
USR0000NCRN,2008-06-12,TMAX,328
USW00013754,2009-09-13,TMAX,272
USW00013754,2009-09-13,TMIN,178
USC00317170,2008-07-18,TMAX,322
USC00314144,2006-09-08,TMIN,189
USW00093719,2013-12-24,TMAX,144
USC00317170,2008-07-18,TMIN,133
USC00314689,2013-12-07,TMIN,28
USC00314144,2006-09-08,TMAX,278
USC00314689,2013-12-07,TMAX,72
USW00093743,2007-12-21,TMAX,100
USR0000NHOF,2015-08-17,TMIN,189
USW00093719,2013-12-24,TMIN,33
USW00093765,2006-08-26,TMIN,200
USW00093743,2007-12-21,TMIN,67
USC00314689,2007-11-26,TMIN,100
USC00316676,2008-04-15,TMIN,33
USC00310576,2007-08-01,TMAX,306
USC00317170,2015-02-04,TMAX,139
USC00310356,2009-05-10,TMAX,250
USW00093765,2009-04-28,TMIN,133
USR0000NNWB,2007-10-01,TMAX,272
USW00093765,2011-10-21,TMAX,178
USC00317170,2008-04-07,TMIN,106
USC00317170,2008-04-07,TMAX,133
USR0000NNWB,2015-06-14,TMIN,239
USC00310356,2009-08-26,TMAX,300
USR0000NNWB,2015-06-14,TMAX,367
USW00093765,2011-10-21,TMIN,89
USC00314684,2012-02-14,TMIN,-39
USC00315830,2005-08-10,TMIN,233
USW00013754,2015-05-02,TMIN,89
USC00310356,2009-08-26,TMIN,233
USC00314684,2008-03-12,TMIN,83
USC00314684,2008-03-12,TMAX,189
USC00314684,2013-01-10,TMIN,39
USC00314144,2009-08-28,TMIN,206
USC00314144,2009-08-28,TMAX,300
USW00093743,2011-06-06,TMAX,283
USW00093765,2015-06-17,TMAX,328
USW00093765,2015-06-17,TMIN,256
USW00093719,2013-09-08,TMAX,317
USR0000NNWB,2008-12-26,TMAX,144
USC00316676,2005-01-04,TMAX,228
USC00316676,2005-01-04,TMIN,83
USC00314684,2012-02-14,TMAX,100
USC00317170,2015-02-04,TMIN,-28
USC00316676,2014-05-27,TMIN,161
USW00093765,2013-12-09,TMAX,200
USC00316676,2014-05-27,TMAX,294
USR0000NNWB,2014-12-17,TMAX,167
USR0000NCRN,2005-10-24,TMAX,194
USR0000NCRN,2005-10-24,TMIN,100
USW00093743,2012-07-20,TMAX,300
USC00315830,2005-05-29,TMIN,156
USR0000NNWB,2008-12-26,TMIN,56
USC00314689,2010-10-14,TMIN,156
USC00314689,2010-10-14,TMAX,289
USC00317170,2012-05-26,TMIN,206
USC00316676,2006-10-01,TMAX,250
USC00317170,2012-05-26,TMAX,283
USC00316676,2010-04-02,TMIN,56
USC00316676,2010-04-02,TMAX,300
USC00315830,2015-06-05,TMAX,272
USC00316676,2006-10-01,TMIN,94
USC00315830,2015-06-05,TMIN,200
USR0000NCRN,2008-06-12,TMIN,200
USW00093765,2010-12-13,TMIN,-27
USW00013754,2010-08-28,TMAX,306
USW00093765,2015-10-09,TMAX,256
USC00314689,2007-07-09,TMAX,328
USC00310356,2007-12-21,TMAX,133
USW00093743,2012-01-13,TMIN,22
USC00310356,2007-12-21,TMIN,56
USC00314684,2014-01-10,TMAX,122
USC00314689,2013-10-12,TMAX,206
USR0000NHOF,2008-07-12,TMAX,306
USC00314144,2008-03-16,TMIN,11
USC00314689,2005-12-24,TMAX,150
USW00013754,2010-06-23,TMIN,244
USC00315830,2012-05-28,TMAX,283
USW00013754,2007-02-09,TMIN,28
USW00013754,2007-02-09,TMAX,89
USC00314144,2008-03-16,TMAX,156
USC00317170,2012-11-04,TMIN,33
USC00315830,2012-05-28,TMIN,233
USC00314689,2007-07-09,TMIN,222
USW00093743,2012-01-13,TMAX,167
USC00314684,2005-10-29,TMAX,150
USC00314689,2013-10-12,TMIN,161
USC00314689,2005-12-24,TMIN,-11
USR0000NCRN,2012-04-14,TMIN,22
USW00013754,2009-11-04,TMAX,183
USR0000NNWB,2008-09-30,TMAX,256
USR0000NNWB,2008-12-25,TMIN,72
USC00314684,2011-10-10,TMIN,139
USC00314684,2011-10-10,TMAX,261
USR0000NCRN,2010-05-30,TMIN,183
USR0000NCRN,2010-05-30,TMAX,278
USR0000NNWB,2008-12-25,TMAX,200
USC00314684,2012-07-28,TMAX,367
USC00314144,2010-01-28,TMAX,156
USC00314144,2010-01-28,TMIN,-39
USW00013754,2009-11-04,TMIN,78
USW00013754,2005-04-22,TMIN,111
USC00314684,2014-01-10,TMIN,-56
USC00316676,2014-05-08,TMIN,161
USW00013754,2005-04-22,TMAX,256
USC00316676,2014-05-08,TMAX,267
USR0000NCRN,2011-04-16,TMIN,172
USR0000NCRN,2008-11-27,TMIN,-33
USR0000NCRN,2011-04-16,TMAX,233
USW00013754,2010-06-23,TMAX,367
USR0000NNWB,2008-09-30,TMIN,172
USR0000NCRN,2008-11-27,TMAX,150
USR0000NCRN,2012-04-14,TMAX,211
USC00315830,2009-06-12,TMAX,289
USW00013754,2013-10-27,TMIN,44
USC00310576,2009-12-23,TMIN,0
USW00013754,2013-10-24,TMAX,161
USW00013754,2005-08-28,TMIN,239
USR0000NNWB,2014-03-31,TMIN,56
USW00093765,2013-01-13,TMIN,128
USC00310356,2009-02-18,TMIN,0
USW00093765,2013-01-13,TMAX,200
USR0000NHOF,2007-12-04,TMAX,89
USW00093719,2009-09-29,TMIN,117
USC00310576,2009-12-23,TMAX,117
USR0000NHOF,2007-12-04,TMIN,-17
USW00093719,2009-09-29,TMAX,239
USC00317170,2015-04-17,TMIN,139
USW00093719,2010-03-16,TMIN,17
USW00093719,2010-03-16,TMAX,106
USW00093719,2006-06-10,TMAX,300
USW00093719,2006-06-10,TMIN,178
USW00013754,2010-08-28,TMIN,200
USW00093765,2015-10-09,TMIN,144
USC00310356,2009-02-18,TMAX,111
USC00316096,2011-09-18,TMAX,222
USC00314684,2012-07-28,TMIN,228
USC00310356,2014-08-17,TMIN,233
USR0000NNWB,2014-03-31,TMAX,217
USC00314684,2005-10-29,TMIN,17
USC00317170,2012-11-04,TMAX,150
USW00013754,2007-02-02,TMAX,106
USW00013754,2013-10-27,TMAX,200
USW00013754,2007-02-02,TMIN,33
USC00310356,2012-12-03,TMIN,78
USC00310356,2012-07-20,TMAX,306
USR0000NHOF,2008-07-12,TMIN,161
USC00310356,2014-08-17,TMAX,289
USC00315830,2007-04-30,TMAX,272
USC00315830,2007-04-30,TMIN,139
USC00315830,2010-10-29,TMIN,156
USC00315830,2010-10-29,TMAX,250
USC00310356,2012-07-20,TMIN,267
USC00314144,2010-09-10,TMIN,133
USW00093743,2008-10-24,TMAX,211
USC00314144,2010-09-10,TMAX,283
USW00093743,2008-10-24,TMIN,122
USW00013754,2005-08-28,TMAX,306
USW00093719,2005-09-05,TMIN,178
USW00093719,2005-09-05,TMAX,306
USC00317170,2015-04-17,TMAX,256
USC00316096,2013-06-23,TMAX,283
USW00093765,2010-12-13,TMAX,61
USC00317170,2011-02-17,TMIN,56
USR0000NHOF,2009-08-26,TMIN,189
USW00093765,2009-11-16,TMIN,94
USW00093743,2009-10-01,TMAX,239
USC00314689,2010-08-27,TMIN,200
USW00093719,2013-11-05,TMIN,78
USC00314144,2009-09-26,TMAX,228
USW00093743,2009-10-01,TMIN,111
USR0000NHOF,2009-07-01,TMAX,339
USC00314689,2006-06-06,TMIN,150
USC00314689,2010-08-27,TMAX,317
USC00314689,2006-06-06,TMAX,244
USC00314144,2011-03-09,TMAX,183
USW00093719,2007-03-08,TMAX,117
USW00093743,2011-06-06,TMIN,200
USC00316676,2007-07-10,TMIN,228
USC00316676,2005-09-29,TMAX,267
USC00316676,2005-09-29,TMIN,167
USC00315830,2015-01-19,TMAX,161
USC00314144,2009-01-06,TMAX,228
USC00316096,2015-11-08,TMIN,133
USC00314144,2009-09-26,TMIN,183
USC00314144,2009-01-06,TMIN,139
USC00310356,2007-09-20,TMAX,283
USR0000NHOF,2009-08-26,TMAX,311
USC00315830,2015-01-19,TMIN,28
USC00314684,2006-03-19,TMAX,211
USC00310356,2005-04-29,TMIN,122
USC00317170,2013-06-23,TMIN,211
USC00317170,2013-06-23,TMAX,300
USW00093765,2008-12-21,TMAX,167
USC00310356,2005-04-29,TMAX,183
USW00093765,2011-11-20,TMIN,122
USR0000NHOF,2012-07-20,TMAX,322
USC00315830,2006-11-04,TMAX,117
USR0000NHOF,2012-07-20,TMIN,217
USC00314144,2009-10-24,TMIN,206
USR0000NHOF,2009-07-01,TMIN,189
USC00317170,2013-02-04,TMIN,-28
USC00317170,2013-02-04,TMAX,100
USC00314144,2009-10-24,TMAX,267
USW00093765,2009-11-16,TMAX,222
USC00315830,2006-11-04,TMIN,28
USC00314684,2009-09-02,TMAX,244
USW00093719,2015-08-29,TMAX,294
USC00314684,2010-05-08,TMIN,189
USC00314684,2009-11-29,TMIN,-6
USW00093719,2015-08-29,TMIN,194
USR0000NCRN,2010-01-28,TMAX,128
USR0000NHOF,2009-10-01,TMIN,61
USW00013754,2015-11-24,TMIN,-16
USW00013754,2015-11-24,TMAX,133
USR0000NCRN,2014-07-09,TMAX,306
USC00314689,2011-10-20,TMAX,272
USC00310576,2008-05-19,TMAX,267
USC00310576,2008-05-19,TMIN,156
USC00317170,2008-07-03,TMIN,178
USW00093765,2013-06-23,TMIN,222
USR0000NHOF,2009-10-01,TMAX,244
USW00093765,2013-06-23,TMAX,278
USC00316676,2007-07-10,TMAX,311
USC00317170,2010-12-05,TMIN,28
USW00093765,2012-11-04,TMIN,39
USC00310356,2007-09-20,TMIN,156
USC00314689,2007-04-01,TMIN,144
USC00314689,2007-04-01,TMAX,250
USC00310356,2010-04-20,TMIN,106
USW00093765,2012-11-04,TMAX,228
USC00314144,2010-05-30,TMAX,306
USC00314144,2010-05-30,TMIN,133
USR0000NCRN,2015-07-24,TMAX,294
USC00310576,2011-05-23,TMIN,156
USC00317170,2008-07-03,TMAX,333
USR0000NCRN,2010-01-28,TMIN,-11
USC00316096,2015-11-08,TMAX,183
USW00093743,2010-04-20,TMIN,67
USC00315830,2007-02-13,TMIN,56
USC00315830,2007-02-13,TMAX,211
USW00093765,2005-07-16,TMAX,306
USW00093743,2010-04-20,TMAX,206
USC00314689,2011-10-20,TMIN,83
USC00317170,2015-06-17,TMAX,333
USC00315830,2010-12-24,TMIN,-33
USC00317170,2015-06-17,TMIN,233
USC00315830,2010-12-24,TMAX,83
USC00316096,2011-01-20,TMAX,133
USC00315830,2009-04-03,TMIN,139
USC00315830,2009-04-03,TMAX,206
USC00316096,2011-01-20,TMIN,6
USC00316096,2014-12-21,TMIN,22
USC00316096,2014-12-21,TMAX,78
USC00314144,2011-03-09,TMIN,11
USR0000NCRN,2015-07-24,TMIN,194
USC00310576,2011-05-23,TMAX,306
USC00316096,2013-12-07,TMAX,206
USC00317170,2011-02-17,TMAX,217
USC00316096,2013-12-07,TMIN,56
USW00093719,2013-11-05,TMAX,239
USR0000NHOF,2010-04-20,TMIN,22
USR0000NHOF,2010-04-20,TMAX,217
USW00093765,2012-01-15,TMAX,100
USW00093765,2012-01-15,TMIN,0
USW00093765,2005-03-06,TMIN,11
USC00310576,2013-06-03,TMAX,294
USC00310576,2013-06-03,TMIN,194
USW00093765,2005-03-06,TMAX,106
USW00093719,2013-09-05,TMIN,217
USW00013754,2015-05-02,TMAX,233
USC00310356,2009-02-17,TMIN,-11
USR0000NNWB,2009-06-28,TMAX,311
USW00093719,2013-09-05,TMAX,328
USR0000NCRN,2010-09-28,TMAX,267
USC00316676,2015-11-21,TMAX,194
USC00310576,2013-05-27,TMIN,83
USR0000NHOF,2006-03-26,TMIN,-39
USC00310576,2013-05-27,TMAX,239
USC00316676,2015-08-11,TMIN,189
USR0000NNWB,2009-04-17,TMAX,217
USC00310576,2007-10-11,TMIN,172
USR0000NNWB,2009-04-17,TMIN,6
USR0000NCRN,2010-09-28,TMIN,200
USC00317170,2009-12-10,TMAX,206
USW00093743,2012-07-20,TMIN,233
USR0000NCRN,2009-09-12,TMAX,272
USW00093719,2013-09-08,TMIN,167
USC00317170,2009-12-10,TMIN,72
USR0000NNWB,2014-12-17,TMIN,56
USW00093719,2015-06-25,TMIN,228
USW00093719,2015-06-25,TMAX,322
USC00314144,2010-02-09,TMAX,100
USR0000NNWB,2007-02-02,TMAX,100
USC00316676,2015-08-11,TMAX,300
USC00314144,2009-06-13,TMAX,317
USC00317170,2010-09-16,TMIN,194
USC00314144,2010-02-09,TMIN,-33
USW00093743,2009-08-26,TMAX,306
USC00314144,2009-06-13,TMIN,194
USC00310576,2013-10-22,TMIN,83
USR0000NCRN,2009-09-12,TMIN,250
USW00093743,2009-08-26,TMIN,222
USC00310356,2009-02-17,TMAX,89
USC00310576,2013-10-22,TMAX,228
USR0000NNWB,2007-02-02,TMIN,28
USR0000NNWB,2012-11-27,TMAX,167
USC00316676,2015-11-21,TMIN,72
USR0000NNWB,2009-06-28,TMIN,183
USC00310576,2014-10-15,TMIN,183
USC00316096,2015-09-08,TMIN,217
USC00310356,2009-10-01,TMAX,244
USC00310356,2009-10-01,TMIN,133
USC00314684,2006-04-15,TMAX,311
USC00314684,2010-05-08,TMAX,322
USR0000NNWB,2012-11-27,TMIN,22
USW00093765,2011-11-20,TMAX,233
USC00314684,2006-04-15,TMIN,178
USC00316676,2009-01-16,TMAX,117
USC00314684,2009-09-02,TMIN,156
USC00314684,2008-08-01,TMAX,350
USC00314684,2008-08-01,TMIN,222
USW00013754,2015-08-17,TMAX,322
USW00013754,2015-08-17,TMIN,200
USW00093765,2005-07-16,TMIN,267
USW00093719,2007-06-26,TMAX,322
USW00093765,2008-01-26,TMAX,56
USW00093765,2008-01-26,TMIN,-21
USW00093719,2007-06-26,TMIN,206
USC00314684,2009-11-29,TMAX,128
USC00316096,2015-09-08,TMAX,306
USW00093719,2014-02-07,TMAX,100
USW00013754,2015-06-14,TMAX,356
USC00317170,2010-09-16,TMAX,322
USR0000NHOF,2007-11-18,TMIN,11
USW00093765,2013-12-09,TMIN,78
USR0000NHOF,2007-12-21,TMAX,100
USR0000NCRN,2011-09-26,TMIN,206
USC00310576,2009-01-28,TMIN,61
USR0000NHOF,2007-12-21,TMIN,56
USR0000NHOF,2007-11-18,TMAX,200
USR0000NHOF,2006-03-26,TMAX,111
USR0000NNWB,2011-11-18,TMIN,61
USR0000NCRN,2011-09-26,TMAX,244
USC00310576,2009-01-28,TMAX,122
USR0000NNWB,2011-11-18,TMAX,111
USC00316676,2009-01-16,TMIN,-50
USW00093719,2014-03-31,TMAX,211
USW00093719,2014-03-31,TMIN,56
USW00093719,2014-02-07,TMIN,-10
USR0000NNWB,2007-10-01,TMIN,172
USC00310576,2014-10-15,TMAX,294
USW00093765,2008-12-21,TMIN,61
USW00013754,2015-06-14,TMIN,239
USC00314684,2006-03-19,TMIN,-28
USC00310356,2005-02-04,TMAX,78
USW00093719,2007-05-27,TMIN,133
USR0000NNWB,2009-04-18,TMIN,56
USW00093719,2006-10-30,TMIN,67
USW00093719,2006-10-30,TMAX,233
USW00093765,2014-03-29,TMAX,194
USR0000NCRN,2010-08-10,TMAX,317
USR0000NCRN,2010-08-10,TMIN,250
USC00314684,2011-08-22,TMIN,206
USC00314684,2011-08-22,TMAX,339
USR0000NNWB,2011-01-02,TMIN,83
USC00314144,2008-10-31,TMAX,183
USW00093765,2014-03-29,TMIN,172
USW00093743,2011-06-02,TMAX,339
USC00315830,2011-01-16,TMAX,122
USR0000NCRN,2008-06-09,TMAX,361
USR0000NCRN,2009-06-08,TMAX,278
USR0000NCRN,2008-06-09,TMIN,239
USC00317170,2007-08-18,TMIN,217
USC00314684,2008-10-27,TMAX,211
USC00317170,2012-05-19,TMAX,250
USC00315830,2011-01-16,TMIN,-6
USR0000NHOF,2012-01-17,TMIN,50
USW00093719,2009-04-26,TMAX,311
USC00314684,2008-10-27,TMIN,50
USC00314144,2008-10-31,TMIN,-50
USR0000NCRN,2010-10-15,TMAX,222
USR0000NNWB,2007-02-10,TMIN,-33
USC00314684,2006-10-23,TMAX,167
USR0000NNWB,2007-02-10,TMAX,78
USR0000NNWB,2011-01-02,TMAX,211
USC00314684,2007-11-07,TMIN,-11
USW00093719,2009-04-26,TMIN,150
USC00314684,2006-10-23,TMIN,94
USR0000NNWB,2015-11-21,TMAX,194
USR0000NCRN,2009-06-08,TMIN,233
USC00316096,2012-02-05,TMAX,156
USC00314144,2006-07-20,TMAX,350
USC00310356,2007-10-07,TMAX,267
USC00317170,2008-11-06,TMAX,228
USR0000NNWB,2015-11-21,TMIN,67
USC00314684,2009-01-05,TMAX,139
USC00314684,2009-01-05,TMIN,67
USC00317170,2008-11-06,TMIN,139
USC00316096,2012-02-20,TMAX,106
USC00316096,2012-02-05,TMIN,50
USR0000NCRN,2010-10-15,TMIN,61
USC00314144,2006-07-20,TMIN,194
USW00093765,2005-04-17,TMIN,44
USC00317170,2012-05-19,TMIN,111
USR0000NCRN,2010-12-15,TMAX,33
USR0000NHOF,2008-02-25,TMIN,-17
USC00310576,2014-01-27,TMAX,128
USC00316676,2008-11-05,TMIN,161
USC00316676,2011-11-11,TMAX,228
USC00317170,2008-09-30,TMAX,256
USC00314684,2010-12-13,TMAX,117
USW00093765,2005-03-08,TMAX,156
USW00093743,2014-01-11,TMIN,128
USC00314689,2008-12-14,TMAX,172
USC00317170,2007-08-18,TMAX,328
USW00093743,2011-06-02,TMIN,239
USC00314684,2011-08-12,TMIN,222
USC00314144,2005-11-21,TMAX,206
USR0000NCRN,2009-09-30,TMIN,172
USW00093743,2014-01-11,TMAX,211
USR0000NCRN,2009-09-30,TMAX,228
USW00093765,2015-09-21,TMIN,206
USC00314144,2005-11-21,TMIN,72
USC00314684,2011-08-12,TMAX,317
USW00093765,2007-04-29,TMIN,139
USC00314689,2008-12-14,TMIN,0
USR0000NCRN,2010-12-15,TMIN,-78
USC00316096,2010-11-03,TMAX,161
USC00316096,2010-11-03,TMIN,117
USC00317170,2009-10-24,TMAX,283
USC00317170,2009-10-24,TMIN,178
USR0000NHOF,2012-01-17,TMAX,194
USC00316676,2010-11-29,TMIN,22
USC00316676,2010-11-29,TMAX,117
USC00316676,2011-08-22,TMAX,322
USC00316676,2011-08-22,TMIN,211
USC00310356,2007-10-07,TMIN,206
USC00314684,2010-12-13,TMIN,-22
USC00316676,2008-11-05,TMAX,194
USC00317170,2008-09-30,TMIN,178
USR0000NNWB,2009-10-06,TMIN,172
USR0000NNWB,2009-10-06,TMAX,228
USR0000NCRN,2008-04-16,TMIN,39
USW00093765,2009-08-14,TMIN,222
USR0000NHOF,2008-02-25,TMAX,156
USW00093765,2009-08-14,TMAX,250
USC00310576,2011-04-30,TMIN,100
USW00093765,2009-07-27,TMAX,294
USW00093765,2009-07-27,TMIN,261
USR0000NCRN,2008-04-16,TMAX,256
USW00013754,2011-03-13,TMIN,89
USW00093765,2005-04-17,TMAX,178
USR0000NHOF,2006-02-27,TMAX,106
USC00314689,2012-09-11,TMAX,250
USC00314689,2012-09-11,TMIN,122
USC00314689,2005-02-16,TMIN,94
USC00316096,2015-07-24,TMIN,194
USR0000NNWB,2008-05-12,TMAX,183
USR0000NNWB,2008-05-12,TMIN,100
USC00310576,2008-08-01,TMIN,222
USW00093743,2010-07-06,TMIN,200
USC00310356,2012-11-27,TMIN,78
USC00310576,2015-02-10,TMAX,228
USW00093765,2015-10-23,TMAX,267
USC00310576,2008-08-01,TMAX,350
USR0000NNWB,2009-09-15,TMIN,167
USW00013754,2009-07-09,TMIN,206
USW00013754,2009-07-09,TMAX,278
USC00316096,2015-07-24,TMAX,294
USC00316096,2013-12-08,TMIN,50
USC00310576,2014-01-31,TMAX,39
USR0000NNWB,2009-09-15,TMAX,311
USC00310356,2012-11-27,TMAX,150
USW00093765,2015-10-23,TMIN,122
USC00310356,2011-10-21,TMAX,178
USC00314689,2005-02-16,TMAX,200
USW00093743,2012-11-27,TMAX,156
USC00317170,2014-03-29,TMAX,206
USC00317170,2007-10-26,TMAX,244
USC00317170,2007-10-26,TMIN,217
USC00314144,2011-03-31,TMAX,106
USR0000NHOF,2010-10-12,TMAX,289
USR0000NHOF,2010-10-12,TMIN,172
USC00314144,2011-03-31,TMIN,67
USC00314684,2007-11-07,TMAX,206
USW00093719,2008-10-11,TMAX,228
USR0000NCRN,2013-01-14,TMIN,139
USW00093719,2014-07-19,TMAX,283
USC00310356,2008-01-26,TMAX,44
USC00310356,2008-01-26,TMIN,-22
USC00315830,2007-09-20,TMAX,278
USC00310576,2014-11-01,TMIN,56
USC00310576,2014-11-01,TMAX,200
USW00093719,2014-07-19,TMIN,217
USC00315830,2007-09-20,TMIN,194
USR0000NCRN,2015-05-03,TMIN,61
USW00093743,2012-11-27,TMIN,28
USR0000NCRN,2015-05-03,TMAX,250
USC00310576,2013-09-07,TMIN,161
USC00310576,2013-09-07,TMAX,300
USW00093743,2008-01-21,TMAX,133
USR0000NCRN,2013-01-14,TMAX,228
USC00310356,2007-03-06,TMAX,156
USC00310576,2013-05-31,TMIN,144
USR0000NNWB,2007-11-11,TMAX,144
USW00093765,2007-08-22,TMIN,239
USW00013754,2014-06-03,TMIN,133
USC00314684,2008-02-10,TMIN,28
USC00314684,2008-02-10,TMAX,217
USW00093743,2010-07-06,TMAX,333
USC00316096,2015-12-24,TMIN,206
USW00093719,2012-03-31,TMAX,222
USR0000NCRN,2008-02-25,TMIN,22
USR0000NCRN,2008-02-25,TMAX,156
USW00093765,2013-12-13,TMIN,-21
USW00013754,2005-04-23,TMAX,228
USW00013754,2005-04-23,TMIN,122
USC00316096,2012-02-20,TMIN,-17
USW00093765,2013-12-13,TMAX,94
USW00013754,2011-03-13,TMAX,250
USR0000NHOF,2006-02-27,TMIN,-100
USW00093719,2012-03-31,TMIN,161
USC00316096,2015-12-24,TMAX,244
USW00013754,2005-07-02,TMIN,222
USW00093719,2010-04-10,TMAX,206
USW00093743,2008-01-21,TMIN,-60
USC00316096,2013-12-08,TMAX,78
USW00093765,2012-07-19,TMIN,278
USC00314144,2005-08-02,TMAX,322
USC00314684,2014-08-31,TMIN,194
USC00314684,2014-08-31,TMAX,322
USW00093765,2012-07-19,TMAX,317
USW00093743,2008-01-26,TMAX,122
USW00013754,2005-07-02,TMAX,311
USW00093743,2008-01-26,TMIN,-16
USW00013754,2007-04-13,TMAX,206
USC00314144,2005-08-02,TMIN,206
USC00310356,2011-10-21,TMIN,106
USC00310576,2014-01-31,TMIN,-17
USW00013754,2007-04-13,TMIN,72
USR0000NNWB,2007-11-11,TMIN,0
USW00093765,2010-08-16,TMIN,228
USW00093719,2010-04-10,TMIN,50
USW00093765,2010-08-16,TMAX,317
USW00013754,2014-06-03,TMAX,294
USC00310576,2013-05-31,TMAX,300
USC00316676,2011-11-11,TMIN,50
USC00314684,2011-10-03,TMIN,44
USW00093765,2007-04-29,TMAX,256
USW00093765,2005-03-08,TMIN,39
USC00316676,2006-07-26,TMIN,228
USW00013754,2012-06-16,TMAX,267
USW00093765,2010-08-28,TMIN,211
USW00093765,2013-01-26,TMIN,-5
USW00093765,2013-08-24,TMIN,211
USW00093719,2014-03-29,TMIN,167
USW00013754,2012-06-16,TMIN,167
USR0000NHOF,2011-01-09,TMAX,33
USC00315830,2015-04-06,TMAX,189
USW00093765,2013-08-24,TMAX,278
USW00093719,2014-03-29,TMAX,217
USW00013754,2012-09-20,TMAX,256
USW00013754,2012-09-20,TMIN,172
USW00093743,2012-03-13,TMAX,211
USR0000NNWB,2006-01-24,TMIN,100
USR0000NHOF,2011-01-09,TMIN,-72
USC00316676,2010-05-12,TMIN,133
USR0000NHOF,2015-09-05,TMIN,200
USC00316676,2010-05-12,TMAX,217
USR0000NNWB,2006-01-24,TMAX,161
USR0000NCRN,2013-12-09,TMIN,61
USR0000NCRN,2012-12-19,TMAX,183
USW00093765,2007-07-27,TMIN,222
USC00310576,2010-11-12,TMAX,172
USC00314689,2007-10-14,TMIN,72
USC00310576,2010-11-14,TMIN,33
USC00310576,2010-11-14,TMAX,194
USR0000NHOF,2009-01-24,TMIN,50
USC00314689,2008-08-15,TMAX,294
USW00093765,2013-01-26,TMAX,50
USW00093765,2007-07-27,TMAX,289
USC00317170,2015-09-05,TMAX,311
USC00310356,2012-03-13,TMAX,189
USR0000NCRN,2013-12-09,TMAX,206
USC00310356,2006-02-27,TMIN,-44
USC00317170,2010-06-03,TMIN,200
USC00317170,2010-06-03,TMAX,261
USC00310356,2012-03-13,TMIN,106
USC00315830,2013-06-25,TMIN,256
USC00315830,2013-06-25,TMAX,300
USR0000NCRN,2008-05-18,TMIN,161
USR0000NCRN,2008-05-18,TMAX,250
USC00310576,2010-11-12,TMIN,50
USC00316676,2006-07-26,TMAX,294
USC00310356,2006-02-27,TMAX,56
USW00093743,2012-03-13,TMIN,100
USR0000NCRN,2012-12-19,TMIN,11
USR0000NHOF,2015-01-17,TMAX,139
USR0000NHOF,2012-03-13,TMIN,83
USC00310356,2010-10-05,TMAX,200
USC00310576,2008-01-10,TMAX,211
USR0000NHOF,2007-05-27,TMAX,278
USC00316676,2014-01-30,TMIN,-72
USC00310576,2005-10-19,TMAX,272
USC00310576,2008-01-10,TMIN,89
USC00316676,2014-01-30,TMAX,-33
USC00310576,2005-10-19,TMIN,128
USC00310356,2010-10-05,TMIN,122
USW00093719,2014-05-09,TMIN,200
USR0000NHOF,2007-05-18,TMIN,83
USC00314144,2007-05-17,TMAX,211
USC00310356,2009-12-26,TMIN,22
USC00314689,2005-01-29,TMAX,44
USR0000NNWB,2012-09-20,TMAX,256
USR0000NNWB,2012-09-20,TMIN,172
USW00093719,2014-05-09,TMAX,339
USR0000NCRN,2011-01-22,TMIN,-89
USC00315830,2005-08-27,TMAX,289
USC00310356,2009-12-26,TMAX,183
USR0000NHOF,2015-01-17,TMIN,-11
USC00310576,2011-02-10,TMIN,11
USC00310576,2011-02-10,TMAX,89
USC00310576,2006-06-21,TMIN,222
USC00314144,2009-11-16,TMIN,44
USC00310576,2006-06-21,TMAX,322
USC00314144,2009-11-16,TMAX,228
USW00093743,2012-01-17,TMIN,72
USW00093743,2012-01-17,TMAX,172
USW00013754,2009-02-11,TMIN,133
USC00314144,2009-03-30,TMAX,206
USC00314144,2009-03-30,TMIN,39
USW00093765,2010-08-28,TMAX,294
USW00093719,2005-03-12,TMAX,194
USR0000NHOF,2015-09-05,TMAX,311
USW00093719,2015-04-04,TMAX,222
USC00316676,2012-08-18,TMAX,311
USC00315830,2005-12-23,TMAX,122
USC00316676,2012-08-18,TMIN,211
USW00013754,2009-02-11,TMAX,222
USW00093719,2005-03-12,TMIN,22
USC00314144,2008-06-24,TMIN,161
USR0000NHOF,2012-03-13,TMAX,222
USC00314144,2008-06-24,TMAX,317
USC00314689,2007-10-14,TMAX,250
USW00013754,2005-09-29,TMIN,194
USC00314689,2008-08-15,TMIN,183
USC00310356,2015-01-17,TMIN,33
USW00093765,2009-03-12,TMIN,78
USC00316676,2012-09-19,TMIN,211
USC00316676,2012-09-19,TMAX,278
USC00310356,2008-06-21,TMAX,294
USC00310356,2015-01-30,TMIN,17
USC00310356,2008-06-21,TMIN,200
USC00314689,2009-12-05,TMIN,100
USC00314689,2009-12-05,TMAX,133
USC00317170,2012-12-25,TMIN,50
USC00314684,2014-12-31,TMAX,50
USC00316676,2015-02-03,TMIN,-17
USC00315830,2008-08-20,TMAX,300
USC00315830,2008-08-20,TMIN,206
USC00310356,2010-07-06,TMAX,300
USC00314684,2011-10-03,TMAX,178
USW00093719,2015-10-10,TMIN,150
USC00310356,2014-01-11,TMIN,117
USC00317170,2012-11-21,TMAX,156
USC00310356,2014-01-11,TMAX,194
USC00310576,2015-06-26,TMIN,217
USC00317170,2012-12-25,TMAX,161
USW00093765,2015-09-21,TMAX,289
USC00310356,2015-01-30,TMAX,117
USW00093743,2010-10-05,TMAX,200
USC00310576,2008-04-26,TMAX,261
USC00316676,2015-11-08,TMIN,133
USW00093719,2014-04-09,TMIN,94
USW00093719,2014-04-09,TMAX,217
USC00314684,2014-12-31,TMIN,-33
USC00310576,2008-04-26,TMIN,122
USC00310576,2011-04-30,TMAX,244
USR0000NNWB,2008-09-05,TMAX,278
USR0000NNWB,2008-09-05,TMIN,211
USC00315830,2006-06-08,TMAX,278
USW00093719,2015-10-10,TMAX,217
USC00310356,2010-07-06,TMIN,194
USW00093765,2009-03-12,TMAX,150
USR0000NHOF,2011-10-21,TMIN,39
USC00316676,2015-02-03,TMAX,178
USC00315830,2015-04-06,TMIN,106
USC00315830,2006-06-08,TMIN,228
USC00315830,2005-05-14,TMAX,239
USC00315830,2005-05-14,TMIN,133
USW00093743,2010-10-05,TMIN,78
USR0000NHOF,2011-10-21,TMAX,189
USW00093719,2012-05-27,TMIN,228
USC00317170,2012-11-21,TMIN,72
USW00093765,2012-08-07,TMIN,256
USC00314689,2015-12-24,TMIN,194
USC00317170,2015-09-05,TMIN,217
USR0000NNWB,2005-04-23,TMIN,111
USC00314684,2010-10-26,TMAX,244
USR0000NNWB,2010-07-25,TMIN,261
USR0000NCRN,2012-04-15,TMIN,178
USR0000NCRN,2012-04-15,TMAX,233
USR0000NNWB,2010-07-25,TMAX,367
USC00314684,2005-05-17,TMIN,161
USR0000NNWB,2005-04-23,TMAX,244
USC00314684,2005-05-17,TMAX,244
USR0000NCRN,2005-10-05,TMIN,217
USC00314684,2010-10-26,TMIN,156
USC00314684,2010-05-30,TMIN,178
USC00314684,2009-04-03,TMIN,139
USR0000NHOF,2015-01-30,TMIN,6
USC00314684,2009-04-03,TMAX,194
USC00314684,2010-05-30,TMAX,300
USR0000NCRN,2005-10-05,TMAX,300
USC00316676,2009-03-03,TMAX,28
USR0000NHOF,2015-01-30,TMAX,117
USC00314689,2015-12-24,TMAX,256
USC00310356,2015-01-17,TMAX,122
USR0000NHOF,2009-01-24,TMAX,144
USC00310576,2015-06-26,TMAX,311
USW00093765,2012-08-07,TMAX,294
USR0000NCRN,2006-08-12,TMAX,250
USR0000NCRN,2006-08-12,TMIN,189
USC00310576,2014-01-27,TMIN,-6
USC00317170,2013-10-23,TMIN,139
USW00013754,2007-02-10,TMIN,-21
USW00093765,2007-05-14,TMAX,228
USW00093765,2007-05-14,TMIN,100
USW00093719,2012-05-27,TMAX,300
USW00013754,2007-02-10,TMAX,83
USC00317170,2013-10-23,TMAX,217
USW00093743,2008-06-21,TMAX,239
USC00316676,2005-12-31,TMIN,11
USW00093765,2015-06-04,TMAX,267
USW00093765,2015-06-04,TMIN,200
USW00093743,2008-06-21,TMIN,194
USC00316676,2005-12-31,TMAX,144
USR0000NNWB,2006-05-25,TMAX,300
USR0000NNWB,2006-05-25,TMIN,156
USC00316676,2015-11-08,TMAX,294
USC00316676,2009-03-03,TMIN,-44
USW00013754,2005-09-29,TMAX,289
USW00093719,2005-11-07,TMIN,100
USW00093719,2005-11-07,TMAX,244
USW00013754,2008-06-12,TMAX,311
USW00013754,2010-10-28,TMIN,211
USW00093765,2006-03-26,TMIN,28
USC00310356,2005-01-01,TMIN,67
USW00093719,2013-11-07,TMAX,233
USW00093719,2015-06-04,TMIN,200
USC00314684,2007-04-16,TMIN,50
USW00013754,2010-10-28,TMAX,256
USC00314684,2007-04-16,TMAX,250
USC00310356,2005-01-01,TMAX,200
USW00093743,2008-10-04,TMIN,106
USC00310356,2007-08-05,TMAX,294
USR0000NNWB,2015-09-07,TMAX,294
USC00317170,2009-08-14,TMIN,217
USC00316096,2012-09-11,TMAX,256
USR0000NNWB,2010-09-29,TMAX,233
USC00317170,2009-08-14,TMAX,267
USC00316096,2012-09-11,TMIN,128
USW00093743,2008-10-04,TMAX,239
USW00093765,2008-04-18,TMIN,128
USW00093765,2006-03-26,TMAX,128
USC00316676,2011-03-19,TMIN,72
USW00093765,2014-07-16,TMIN,233
USW00093719,2015-06-04,TMAX,283
USW00093743,2008-02-25,TMIN,22
USW00093765,2007-01-07,TMAX,206
USW00013754,2008-05-12,TMAX,194
USW00013754,2008-05-12,TMIN,111
USW00093765,2007-01-07,TMIN,94
USW00013754,2013-06-25,TMIN,217
USR0000NCRN,2010-03-30,TMIN,106
USC00315830,2006-04-22,TMAX,250
USC00316676,2012-02-05,TMAX,194
USW00013754,2008-06-12,TMIN,206
USW00013754,2013-06-25,TMAX,322
USW00093765,2012-05-31,TMIN,222
USW00093765,2012-05-27,TMIN,239
USW00093765,2012-05-27,TMAX,289
USW00093765,2012-05-31,TMAX,300
USC00316676,2012-02-05,TMIN,17
USC00316676,2015-06-15,TMIN,233
USR0000NNWB,2010-09-29,TMIN,200
USC00316676,2015-06-15,TMAX,339
USW00093765,2014-07-16,TMAX,278
USW00093765,2005-11-23,TMAX,133
USW00093765,2008-04-18,TMAX,250
USC00310576,2005-06-14,TMAX,328
USW00093719,2006-12-22,TMAX,200
USC00314684,2008-07-28,TMAX,317
USR0000NCRN,2009-01-17,TMIN,-94
USR0000NCRN,2009-01-17,TMAX,33
USW00093719,2007-07-09,TMAX,317
USC00314684,2008-07-28,TMIN,233
USW00093765,2015-02-03,TMIN,-16
USW00093765,2015-02-03,TMAX,56
USC00316096,2012-03-04,TMIN,33
USC00310356,2008-01-21,TMAX,28
USW00093719,2007-02-10,TMAX,83
USC00310356,2008-01-21,TMIN,-44
USC00316676,2006-03-17,TMAX,200
USC00314689,2005-12-23,TMAX,133
USC00314689,2005-12-23,TMIN,-39
USC00317170,2012-01-08,TMAX,161
USC00314684,2013-10-23,TMIN,117
USC00314689,2006-11-04,TMIN,-6
USW00013754,2012-03-31,TMAX,217
USW00013754,2012-03-31,TMIN,156
USC00314689,2006-11-04,TMAX,100
USW00093719,2007-07-09,TMIN,211
USW00093765,2012-05-19,TMIN,144
USW00093719,2007-02-10,TMIN,-39
USW00093765,2012-05-19,TMAX,250
USW00093719,2006-12-22,TMIN,83
USC00310356,2007-08-05,TMIN,233
USC00310356,2013-05-31,TMAX,272
USW00093765,2011-07-21,TMIN,283
USW00093719,2013-11-07,TMIN,122
USR0000NHOF,2010-07-06,TMIN,156
USR0000NHOF,2010-07-06,TMAX,344
USW00093743,2010-10-12,TMAX,267
USC00310356,2013-05-31,TMIN,222
USW00093719,2008-12-25,TMIN,72
USW00093719,2008-12-25,TMAX,206
USW00093719,2005-04-29,TMIN,100
USC00310576,2011-08-01,TMIN,217
USW00093765,2011-07-21,TMAX,322
USW00093719,2013-01-26,TMAX,11
USW00093743,2013-05-31,TMAX,283
USW00093743,2013-05-31,TMIN,189
USW00093719,2013-01-26,TMIN,-17
USC00310576,2013-01-26,TMIN,-22
USW00093719,2005-04-29,TMAX,239
USW00093743,2010-10-12,TMIN,194
USW00093765,2014-05-09,TMAX,250
USC00316676,2006-03-17,TMIN,44
USC00310576,2012-06-23,TMAX,344
USC00310576,2012-06-23,TMIN,206
USW00093743,2008-05-18,TMIN,172
USW00093743,2008-05-18,TMAX,239
USW00093719,2009-06-20,TMIN,228
USC00316096,2015-08-11,TMIN,206
USW00093719,2009-06-20,TMAX,344
USC00314689,2010-05-30,TMIN,178
USC00310576,2014-03-30,TMAX,211
USW00093719,2010-04-17,TMAX,283
USR0000NCRN,2013-05-31,TMAX,272
USW00093765,2006-08-17,TMAX,294
USC00314689,2010-05-30,TMAX,306
USR0000NCRN,2013-05-31,TMIN,183
USC00310576,2014-03-30,TMIN,139
USC00316676,2005-03-01,TMAX,122
USC00314689,2015-02-28,TMIN,-28
USC00314689,2015-02-28,TMAX,94
USC00310356,2008-05-18,TMIN,139
USC00314689,2010-09-01,TMIN,189
USC00310356,2010-06-30,TMIN,244
USC00310356,2010-06-30,TMAX,294
USW00093719,2010-04-17,TMIN,144
USC00310356,2008-05-18,TMAX,200
USW00013754,2010-04-20,TMAX,217
USW00013754,2010-04-20,TMIN,61
USC00317170,2012-07-19,TMIN,244
USC00317170,2012-07-19,TMAX,350
USC00314684,2012-08-18,TMAX,328
USC00316096,2015-08-11,TMAX,283
USC00314689,2006-02-22,TMAX,156
USC00316676,2010-12-04,TMAX,100
USC00315830,2013-02-05,TMIN,56
USW00093765,2011-01-20,TMIN,33
USC00314684,2015-04-12,TMIN,89
USW00093765,2006-08-17,TMIN,222
USC00315830,2011-06-26,TMIN,228
USC00314689,2006-02-22,TMIN,50
USC00316096,2013-10-23,TMIN,100
USC00315830,2013-02-05,TMAX,156
USC00316096,2013-10-23,TMAX,217
USW00093765,2011-12-15,TMIN,61
USW00093765,2011-12-15,TMAX,189
USC00314684,2015-04-12,TMAX,250
USC00316676,2013-01-15,TMAX,256
USC00317170,2007-12-03,TMIN,89
USC00315830,2011-06-26,TMAX,306
USC00314689,2005-01-16,TMIN,11
USW00093743,2008-09-23,TMAX,256
USW00093743,2008-09-23,TMIN,172
USC00310576,2012-01-22,TMAX,194
USR0000NNWB,2013-06-25,TMIN,211
USC00314689,2005-10-23,TMAX,261
USR0000NNWB,2013-06-25,TMAX,328
USC00310576,2012-01-22,TMIN,50
USC00314689,2010-09-01,TMAX,350
USR0000NCRN,2010-06-28,TMAX,306
USR0000NCRN,2010-06-28,TMIN,244
USC00314684,2010-12-05,TMIN,-17
USC00314689,2005-10-23,TMIN,89
USC00310576,2014-06-16,TMAX,306
USC00310576,2005-06-14,TMIN,244
USC00310576,2009-05-04,TMAX,289
USC00310576,2009-05-04,TMIN,211
USW00093765,2014-05-09,TMIN,194
USC00310356,2010-10-12,TMAX,256
USW00093743,2008-02-25,TMAX,128
USC00310356,2010-10-12,TMIN,206
USC00315830,2006-04-22,TMIN,189
USW00093765,2005-11-23,TMIN,17
USC00314684,2010-12-05,TMAX,44
USW00093765,2005-02-16,TMAX,139
USC00317170,2014-12-13,TMIN,-33
USC00314144,2009-05-24,TMAX,272
USC00314689,2005-01-16,TMAX,56
USC00315830,2010-02-07,TMIN,-17
USC00315830,2008-08-01,TMAX,311
USC00315830,2010-02-07,TMAX,72
USC00315830,2008-08-01,TMIN,267
USC00314144,2010-05-10,TMAX,206
USC00314144,2009-05-24,TMIN,172
USR0000NHOF,2008-10-21,TMAX,222
USC00314684,2014-03-29,TMIN,78
USC00314144,2010-05-10,TMIN,128
USC00317170,2013-12-13,TMIN,-33
USC00314684,2014-03-29,TMAX,233
USC00317170,2013-12-13,TMAX,111
USR0000NNWB,2014-07-19,TMAX,283
USW00093765,2005-02-16,TMIN,94
USC00310576,2014-06-16,TMIN,167
USR0000NNWB,2014-07-19,TMIN,206
USR0000NHOF,2008-10-21,TMIN,-11
USR0000NCRN,2006-06-09,TMAX,311
USC00317170,2014-12-13,TMAX,133
USR0000NCRN,2006-06-09,TMIN,167
USR0000NCRN,2010-03-30,TMAX,211
USC00314689,2011-03-04,TMIN,-6
USC00316096,2014-08-21,TMAX,306
USC00316096,2014-08-21,TMIN,217
USW00093719,2010-06-19,TMAX,306
USW00093719,2010-06-19,TMIN,222
USR0000NHOF,2010-10-05,TMAX,194
USC00315830,2014-01-04,TMAX,78
USC00310356,2007-11-24,TMIN,33
USC00314684,2014-07-05,TMIN,161
USC00310356,2012-10-02,TMIN,194
USC00314684,2007-11-23,TMAX,217
USC00315830,2014-01-04,TMIN,-28
USW00093743,2012-04-15,TMAX,233
USC00314689,2014-08-21,TMAX,333
USC00314689,2014-08-21,TMIN,222
USC00310356,2012-04-15,TMIN,144
USC00314684,2007-11-23,TMIN,61
USC00310356,2006-06-09,TMAX,272
USC00310356,2012-04-15,TMAX,217
USC00310356,2007-11-24,TMAX,106
USC00310356,2006-06-09,TMIN,167
USC00315830,2014-08-21,TMIN,233
USC00310576,2005-07-06,TMAX,339
USC00310356,2012-10-02,TMAX,289
USC00310576,2005-07-06,TMIN,239
USW00093743,2012-04-15,TMIN,172
USR0000NCRN,2006-09-21,TMIN,139
USR0000NHOF,2012-04-15,TMIN,156
USR0000NHOF,2012-04-15,TMAX,256
USC00316676,2014-10-13,TMAX,228
USC00316676,2014-10-13,TMIN,161
USW00093719,2013-08-24,TMIN,200
USC00310356,2008-01-30,TMIN,83
USC00310356,2008-01-30,TMAX,139
USC00310356,2010-01-01,TMIN,6
USR0000NCRN,2006-02-20,TMAX,78
USC00314684,2014-07-05,TMAX,306
USC00310576,2015-02-10,TMIN,67
USR0000NCRN,2006-02-20,TMIN,0
USC00310356,2010-01-01,TMAX,133
USC00314689,2012-02-05,TMIN,72
USW00093765,2006-07-26,TMAX,306
USC00314689,2012-02-05,TMAX,156
USC00314684,2005-06-01,TMAX,261
USR0000NCRN,2006-09-21,TMAX,244
USC00314144,2008-09-25,TMIN,156
USC00314144,2008-09-25,TMAX,222
USC00314144,2007-11-26,TMAX,211
USR0000NCRN,2013-10-24,TMAX,161
USR0000NCRN,2013-10-24,TMIN,39
USC00310356,2007-10-31,TMAX,206
USC00317170,2008-06-12,TMIN,206
USW00013754,2007-07-09,TMAX,306
USW00093719,2005-11-12,TMIN,0
USC00316676,2006-10-30,TMAX,217
USC00317170,2011-09-09,TMAX,322
USC00316676,2014-07-27,TMIN,222
USC00316676,2006-10-30,TMIN,50
USC00310576,2014-07-19,TMIN,178
USC00310576,2014-07-19,TMAX,294
USW00013754,2007-07-09,TMIN,211
USC00316676,2014-07-27,TMAX,306
USC00317170,2008-10-07,TMAX,233
USC00316676,2011-04-19,TMAX,256
USC00317170,2008-10-07,TMIN,150
USC00316096,2015-02-28,TMIN,-11
USW00093719,2005-11-12,TMAX,178
USC00316096,2015-02-28,TMAX,67
USR0000NHOF,2014-01-11,TMIN,133
USC00317170,2014-03-29,TMIN,156
USR0000NHOF,2014-01-11,TMAX,211
USC00316096,2012-03-04,TMAX,139
USC00317170,2011-09-09,TMIN,172
USC00317170,2007-12-03,TMAX,222
USR0000NHOF,2012-11-27,TMAX,172
USC00314689,2006-04-14,TMAX,289
USC00316676,2013-05-07,TMAX,233
USC00316676,2013-05-07,TMIN,111
USC00315830,2014-08-21,TMAX,306
USC00310356,2007-10-31,TMIN,106
USC00317170,2009-03-25,TMAX,128
USC00314689,2006-04-14,TMIN,150
USC00314689,2005-11-17,TMAX,250
USC00317170,2009-03-25,TMIN,28
USC00317170,2014-05-28,TMIN,206
USC00316676,2007-06-04,TMAX,256
USW00093765,2007-08-22,TMAX,322
USC00314144,2009-08-19,TMIN,200
USC00316096,2015-11-24,TMIN,-28
USC00314689,2005-11-17,TMIN,78
USC00317170,2008-06-12,TMAX,322
USR0000NHOF,2012-11-27,TMIN,78
USR0000NHOF,2006-06-09,TMAX,283
USC00316676,2011-04-19,TMIN,78
USC00316096,2015-11-24,TMAX,128
USR0000NHOF,2006-06-09,TMIN,128
USW00093765,2006-07-26,TMIN,228
USW00093719,2009-02-22,TMIN,11
USC00310356,2008-10-04,TMAX,233
USC00314689,2013-12-08,TMAX,100
USC00316676,2007-02-01,TMAX,61
USC00316676,2007-02-01,TMIN,-28
USW00013754,2015-11-21,TMIN,83
USR0000NCRN,2005-07-06,TMIN,239
USC00316676,2015-01-15,TMIN,28
USR0000NNWB,2005-03-22,TMIN,67
USR0000NHOF,2012-10-02,TMIN,211
USR0000NHOF,2012-10-02,TMAX,267
USC00310576,2011-08-01,TMAX,367
USC00314689,2009-09-25,TMIN,217
USR0000NCRN,2012-07-15,TMAX,300
USC00317170,2010-08-16,TMAX,344
USC00314689,2011-12-15,TMAX,217
USW00093719,2015-08-11,TMIN,211
USR0000NCRN,2012-07-15,TMIN,222
USC00316676,2011-03-19,TMAX,300
USW00093743,2009-09-03,TMAX,272
USC00310576,2013-01-26,TMAX,33
USW00093719,2015-08-11,TMAX,283
USR0000NCRN,2005-07-06,TMAX,333
USC00317170,2010-08-16,TMIN,211
USW00093743,2008-01-30,TMIN,67
USW00093719,2009-07-01,TMAX,344
USR0000NNWB,2015-09-07,TMIN,222
USC00316676,2015-01-15,TMAX,56
USW00093719,2009-02-22,TMAX,144
USR0000NHOF,2010-01-01,TMIN,11
USC00317170,2012-01-08,TMIN,83
USC00310356,2011-03-22,TMAX,178
USR0000NHOF,2008-09-23,TMAX,244
USR0000NHOF,2008-09-23,TMIN,150
USR0000NHOF,2010-01-01,TMAX,122
USW00093719,2008-10-11,TMIN,189
USW00093719,2009-07-01,TMIN,217
USC00314689,2009-09-25,TMAX,300
USC00314684,2013-10-23,TMAX,183
USR0000NNWB,2007-08-12,TMAX,311
USR0000NNWB,2007-08-12,TMIN,189
USC00316096,2010-05-30,TMIN,161
USC00316096,2010-05-30,TMAX,278
USR0000NNWB,2005-03-22,TMAX,189
USW00013754,2005-07-30,TMAX,294
USW00013754,2015-11-21,TMAX,189
USW00093743,2009-09-03,TMIN,206
USW00013754,2005-07-30,TMIN,228
USW00093743,2008-01-30,TMAX,328
USR0000NNWB,2009-07-09,TMIN,194
USR0000NNWB,2009-07-09,TMAX,278
USW00093743,2010-01-01,TMAX,139
USW00093765,2010-04-20,TMAX,194
USW00093719,2009-11-19,TMIN,156
USW00093765,2010-04-20,TMIN,78
USC00317170,2014-05-28,TMAX,333
USC00314684,2005-06-01,TMIN,150
USR0000NHOF,2010-10-05,TMIN,61
USW00093719,2009-11-19,TMAX,233
USC00315830,2009-05-31,TMIN,189
USC00310576,2006-02-08,TMAX,100
USW00093719,2013-08-24,TMAX,283
USC00315830,2009-05-31,TMAX,267
USC00314684,2012-11-05,TMAX,150
USR0000NNWB,2006-12-17,TMAX,217
USC00317170,2008-11-14,TMAX,211
USC00317170,2008-11-14,TMIN,183
USC00314684,2012-11-05,TMIN,44
USW00093743,2012-10-02,TMAX,261
USC00316676,2007-06-04,TMIN,183
USC00314689,2013-12-08,TMIN,22
USW00093743,2012-10-02,TMIN,233
USC00316676,2009-02-23,TMAX,150
USC00316676,2007-09-16,TMAX,278
USC00316676,2007-09-16,TMIN,150
USC00314689,2015-07-24,TMIN,228
USC00314689,2015-07-24,TMAX,294
USC00316676,2010-02-07,TMAX,61
USC00310356,2011-03-22,TMIN,139
USC00316676,2010-02-07,TMIN,-17
USW00093719,2009-01-05,TMIN,133
USW00093719,2009-01-05,TMAX,189
USC00314144,2009-08-19,TMAX,317
USC00310576,2015-08-29,TMIN,194
USC00310576,2015-08-29,TMAX,283
USC00316676,2013-05-29,TMIN,139
USC00316676,2013-05-29,TMAX,283
USR0000NNWB,2012-03-31,TMAX,228
USR0000NNWB,2012-03-31,TMIN,144
USC00316676,2007-11-26,TMAX,194
USC00316676,2007-11-26,TMIN,83
USC00314689,2011-12-15,TMIN,39
USR0000NNWB,2006-12-17,TMIN,6
USW00093743,2010-01-01,TMIN,28
USC00316676,2009-02-23,TMIN,-22
USC00310576,2006-02-08,TMIN,-50
USC00310356,2008-10-04,TMIN,122
USR0000NCRN,2008-03-13,TMIN,0
USC00315830,2014-03-30,TMAX,178
USW00013754,2009-10-06,TMAX,228
USW00093743,2014-02-08,TMIN,6
USW00013754,2009-07-01,TMAX,350
USC00315830,2010-02-17,TMIN,-17
USR0000NNWB,2012-01-08,TMIN,83
USR0000NNWB,2013-05-31,TMIN,183
USC00315830,2010-02-17,TMAX,78
USW00093743,2011-08-11,TMIN,239
USC00314684,2013-01-26,TMIN,-61
USC00310576,2012-01-13,TMIN,56
USW00013754,2009-07-01,TMIN,211
USC00315830,2005-02-27,TMAX,111
USC00316676,2005-01-23,TMIN,-44
USC00316676,2005-01-23,TMAX,122
USW00093765,2010-06-03,TMAX,283
USR0000NHOF,2011-10-25,TMAX,217
USC00316096,2012-03-31,TMAX,217
USC00316096,2012-03-31,TMIN,150
USW00093719,2015-11-21,TMAX,183
USW00093719,2015-11-21,TMIN,61
USR0000NCRN,2010-12-03,TMAX,94
USC00315830,2005-02-27,TMIN,-17
USC00316676,2011-05-24,TMAX,300
USC00316676,2011-05-24,TMIN,189
USC00314684,2013-01-26,TMAX,-11
USC00310576,2009-11-16,TMIN,83
USR0000NNWB,2007-08-09,TMIN,267
USC00310356,2011-08-11,TMAX,333
USC00314684,2010-07-06,TMIN,150
USC00317170,2011-01-20,TMIN,33
USC00314144,2010-03-12,TMAX,178
USC00310356,2011-08-11,TMIN,261
USC00314144,2010-03-12,TMIN,144
USW00093719,2011-12-24,TMAX,139
USW00093743,2011-08-11,TMAX,367
USW00093719,2011-12-24,TMIN,50
USC00310356,2012-12-19,TMAX,172
USC00310356,2012-12-19,TMIN,67
USR0000NHOF,2012-12-04,TMIN,133
USR0000NNWB,2013-05-31,TMAX,311
USC00316676,2005-08-26,TMIN,183
USC00316676,2005-08-26,TMAX,289
USR0000NCRN,2015-08-13,TMAX,306
USR0000NHOF,2011-10-25,TMIN,50
USW00093765,2010-06-03,TMIN,228
USR0000NHOF,2012-12-04,TMAX,228
USC00310576,2006-06-08,TMAX,294
USR0000NNWB,2012-01-08,TMAX,172
USW00093719,2015-01-19,TMIN,39
USC00316676,2005-10-07,TMAX,267
USW00093765,2005-11-10,TMAX,211
USR0000NCRN,2011-08-27,TMAX,256
USW00013754,2005-07-20,TMAX,328
USR0000NHOF,2012-12-19,TMAX,178
USC00316676,2015-03-23,TMAX,156
USC00315830,2015-08-29,TMAX,278
USW00093765,2012-09-20,TMAX,256
USC00316676,2015-03-23,TMIN,94
USR0000NCRN,2011-08-27,TMIN,217
USC00317170,2011-04-16,TMAX,250
USC00316676,2011-10-10,TMAX,256
USW00093719,2007-08-27,TMAX,294
USW00093719,2007-08-27,TMIN,228
USW00013754,2009-09-15,TMAX,294
USR0000NNWB,2006-08-17,TMIN,228
USC00314684,2006-10-03,TMIN,89
USW00093719,2006-02-04,TMIN,100
USC00310356,2007-11-10,TMIN,56
USR0000NCRN,2006-07-20,TMAX,328
USC00317170,2011-04-16,TMIN,144
USW00093743,2012-12-19,TMAX,178
USW00093765,2005-11-10,TMIN,89
USC00310576,2015-10-10,TMAX,278
USW00093743,2014-02-08,TMAX,67
USW00013754,2015-08-11,TMIN,200
USW00093743,2012-12-19,TMIN,22
USW00093765,2013-02-28,TMAX,133
USR0000NNWB,2007-05-27,TMAX,306
USC00310576,2014-12-23,TMAX,117
USW00013754,2015-08-11,TMAX,289
USC00310576,2015-10-10,TMIN,133
USR0000NNWB,2011-02-08,TMAX,128
USC00310356,2007-11-10,TMAX,217
USR0000NNWB,2007-05-27,TMIN,144
USC00316676,2011-10-10,TMIN,150
USC00316096,2015-11-04,TMIN,172
USW00013754,2009-09-15,TMIN,161
USW00093719,2006-02-04,TMAX,206
USC00316676,2008-08-03,TMIN,206
USC00316676,2005-10-07,TMIN,206
USW00013754,2007-10-13,TMIN,78
USW00013754,2005-07-20,TMIN,250
USC00316676,2008-08-03,TMAX,350
USC00314684,2006-10-03,TMAX,261
USC00317170,2014-08-31,TMAX,328
USC00317170,2011-01-20,TMAX,128
USC00310576,2006-06-08,TMIN,200
USW00093719,2015-06-16,TMAX,378
USC00316676,2005-08-08,TMAX,294
USR0000NHOF,2008-03-13,TMAX,228
USR0000NHOF,2008-03-13,TMIN,-11
USC00317170,2015-11-07,TMIN,172
USR0000NNWB,2015-11-17,TMIN,28
USC00310576,2015-08-26,TMIN,200
USW00013754,2005-04-29,TMIN,100
USW00013754,2005-04-29,TMAX,228
USC00317170,2007-06-30,TMIN,222
USW00093765,2006-12-26,TMAX,189
USC00315830,2011-04-01,TMIN,83
USC00317170,2009-07-27,TMIN,250
USC00314689,2009-02-02,TMAX,156
USC00315830,2011-04-01,TMAX,139
USW00093719,2015-06-16,TMIN,250
USW00013754,2008-09-18,TMAX,261
USW00093719,2006-02-22,TMAX,139
USW00013754,2013-05-31,TMAX,300
USW00093719,2006-03-26,TMIN,6
USC00317170,2009-07-27,TMAX,311
USW00013754,2013-05-31,TMIN,167
USR0000NCRN,2014-05-04,TMIN,133
USW00093765,2006-12-26,TMIN,94
USR0000NCRN,2014-05-04,TMAX,256
USR0000NCRN,2013-09-07,TMAX,278
USC00314684,2012-02-05,TMAX,172
USC00315830,2010-01-27,TMAX,139
USC00315830,2010-01-27,TMIN,11
USW00093765,2012-02-14,TMAX,128
USC00317170,2015-11-07,TMAX,289
USW00093719,2013-10-23,TMIN,111
USC00316676,2013-03-05,TMAX,111
USW00093765,2013-11-07,TMAX,222
USC00316676,2011-11-19,TMAX,106
USC00316096,2009-12-05,TMAX,156
USW00013754,2008-07-03,TMAX,311
USC00316676,2011-11-19,TMIN,-6
USW00013754,2008-07-03,TMIN,161
USC00310576,2015-08-26,TMAX,311
USR0000NNWB,2015-11-17,TMAX,211
USW00093765,2011-08-05,TMIN,244
USW00093719,2011-07-29,TMAX,389
USW00093719,2011-07-29,TMIN,244
USW00093719,2013-10-23,TMAX,233
USC00316096,2012-12-18,TMIN,72
USC00316096,2012-12-18,TMAX,183
USW00093765,2013-11-07,TMIN,139
USC00315830,2015-12-04,TMAX,133
USW00093765,2006-12-22,TMAX,206
USC00316676,2010-08-16,TMAX,317
USC00314684,2007-01-07,TMAX,222
USW00093765,2006-12-22,TMIN,117
USC00316676,2010-08-16,TMIN,206
USC00314684,2007-01-07,TMIN,67
USC00310356,2006-09-21,TMIN,122
USC00316676,2015-11-01,TMIN,106
USC00310356,2006-09-21,TMAX,278
USR0000NNWB,2014-06-16,TMAX,339
USW00093765,2012-08-16,TMAX,306
USW00093765,2012-08-16,TMIN,233
USC00315830,2015-12-04,TMIN,67
USC00310356,2005-08-10,TMAX,300
USC00310356,2005-08-10,TMIN,244
USC00314689,2012-11-05,TMAX,122
USC00314689,2012-11-05,TMIN,50
USC00316676,2005-08-08,TMIN,211
USC00310576,2009-11-16,TMAX,211
USR0000NNWB,2014-06-16,TMIN,189
USR0000NNWB,2008-05-18,TMIN,150
USR0000NCRN,2015-08-13,TMIN,178
USR0000NNWB,2008-05-18,TMAX,272
USW00093743,2012-06-23,TMIN,206
USW00093743,2012-06-23,TMAX,300
USR0000NCRN,2013-05-08,TMAX,217
USW00013754,2008-09-18,TMIN,178
USR0000NCRN,2013-05-08,TMIN,89
USR0000NNWB,2014-05-09,TMIN,194
USR0000NNWB,2014-05-09,TMAX,339
USC00317170,2007-06-30,TMAX,317
USC00317170,2014-07-19,TMAX,278
USW00093743,2012-12-04,TMAX,211
USC00314684,2015-06-15,TMIN,222
USC00317170,2014-07-19,TMIN,194
USW00093719,2006-03-26,TMAX,117
USW00093765,2012-02-14,TMIN,-10
USW00093743,2012-12-04,TMIN,72
USR0000NNWB,2007-08-09,TMAX,372
USC00314684,2015-06-15,TMAX,367
USC00310356,2012-06-23,TMIN,244
USC00310356,2012-06-23,TMAX,283
USC00317170,2014-08-31,TMIN,206
USC00314689,2009-02-02,TMIN,33
USC00314689,2015-12-31,TMIN,178
USC00316676,2006-07-29,TMIN,228
USW00093743,2012-01-22,TMIN,39
USC00314689,2015-12-31,TMAX,233
USC00314684,2015-06-04,TMIN,189
USR0000NNWB,2010-08-16,TMIN,217
USR0000NNWB,2010-08-16,TMAX,339
USC00314689,2009-05-02,TMIN,194
USR0000NHOF,2005-05-29,TMIN,111
USW00093765,2005-06-17,TMAX,278
USW00093743,2007-11-10,TMIN,28
USR0000NHOF,2011-03-22,TMIN,122
USC00314689,2008-08-21,TMAX,322
USC00316676,2005-11-29,TMIN,172
USR0000NCRN,2015-08-31,TMIN,222
USR0000NHOF,2005-05-29,TMAX,283
USW00093765,2014-08-31,TMIN,233
USW00093765,2014-08-31,TMAX,300
USC00310356,2013-10-24,TMAX,256
USW00013754,2015-07-19,TMAX,339
USC00310356,2013-10-24,TMIN,106
USW00013754,2015-07-19,TMIN,233
USW00013754,2013-05-29,TMIN,167
USW00013754,2013-05-29,TMAX,283
USR0000NCRN,2015-08-31,TMAX,267
USW00013754,2012-01-06,TMAX,189
USW00093743,2007-11-10,TMAX,139
USR0000NHOF,2007-09-04,TMAX,306
USC00314689,2009-05-02,TMAX,289
USW00093719,2007-04-29,TMIN,111
USW00093719,2007-04-29,TMAX,261
USR0000NHOF,2007-09-04,TMIN,128
USW00093719,2011-12-27,TMIN,17
USW00093765,2008-11-01,TMIN,28
USW00093765,2008-11-01,TMAX,194
USC00314689,2008-08-21,TMIN,211
USC00317170,2007-09-18,TMIN,139
USC00316676,2005-12-23,TMIN,-72
USC00310356,2013-12-09,TMAX,89
USR0000NHOF,2011-08-11,TMAX,328
USC00310576,2008-08-17,TMAX,294
USC00316676,2005-11-29,TMAX,233
USC00316676,2005-12-23,TMAX,94
USC00316096,2011-06-03,TMAX,300
USC00314684,2015-06-04,TMAX,239
USC00310576,2008-08-17,TMIN,206
USW00093719,2011-12-27,TMAX,194
USW00093765,2005-06-17,TMIN,200
USC00310356,2013-12-09,TMIN,56
USW00013754,2013-10-23,TMIN,117
USR0000NHOF,2011-08-11,TMIN,200
USR0000NHOF,2010-08-10,TMAX,317
USC00316096,2015-12-31,TMAX,222
USW00093719,2014-06-16,TMIN,194
USC00316096,2013-01-26,TMAX,33
USW00093765,2006-03-09,TMAX,194
USC00316096,2013-01-26,TMIN,-22
USW00093743,2013-10-24,TMIN,56
USW00093765,2006-03-09,TMIN,72
USW00093765,2007-04-14,TMAX,194
USW00093765,2007-04-14,TMIN,78
USC00316096,2015-12-31,TMIN,150
USC00310356,2012-07-15,TMAX,311
USC00314684,2013-08-24,TMAX,322
USR0000NCRN,2014-11-02,TMAX,111
USC00314684,2015-11-24,TMIN,-33
USC00314689,2013-10-27,TMIN,50
USC00314689,2008-07-28,TMAX,333
USC00310356,2006-09-17,TMAX,278
USW00093765,2013-12-08,TMAX,100
USC00314689,2008-07-28,TMIN,239
USW00013754,2010-09-29,TMIN,206
USC00310356,2012-07-15,TMIN,256
USW00093743,2013-10-24,TMAX,161
USW00093719,2014-06-16,TMAX,339
USW00093765,2013-12-08,TMIN,67
USR0000NHOF,2010-08-10,TMIN,217
USC00317170,2014-07-16,TMAX,261
USC00317170,2014-07-16,TMIN,217
USC00310356,2012-01-22,TMIN,44
USC00315830,2011-04-16,TMIN,178
USW00093765,2005-04-23,TMAX,206
USR0000NHOF,2005-08-10,TMAX,294
USR0000NHOF,2005-08-10,TMIN,194
USW00093765,2005-04-23,TMIN,133
USC00316096,2011-06-03,TMIN,178
USR0000NCRN,2014-10-14,TMAX,272
USW00013754,2013-10-23,TMAX,222
USW00093765,2013-03-06,TMAX,161
USR0000NCRN,2009-02-09,TMIN,50
USR0000NCRN,2009-02-09,TMAX,183
USR0000NHOF,2010-02-07,TMIN,-56
USR0000NHOF,2010-02-07,TMAX,61
USW00093765,2013-03-06,TMIN,61
USW00093719,2008-09-05,TMAX,278
USR0000NCRN,2014-10-14,TMIN,217
USW00093719,2008-09-05,TMIN,217
USR0000NNWB,2013-05-29,TMAX,311
USR0000NCRN,2013-09-07,TMIN,156
USR0000NNWB,2013-05-29,TMIN,172
USR0000NCRN,2009-05-05,TMAX,239
USC00310356,2014-03-15,TMIN,33
USC00316676,2012-03-06,TMAX,161
USC00315830,2010-04-03,TMIN,111
USC00315830,2010-04-03,TMAX,222
USW00093743,2012-01-22,TMAX,83
USR0000NCRN,2010-12-03,TMIN,-28
USR0000NHOF,2012-12-19,TMIN,6
USC00314684,2006-01-26,TMIN,-11
USC00315830,2015-08-29,TMIN,222
USC00314144,2010-10-15,TMAX,217
USC00316676,2014-08-21,TMAX,300
USR0000NNWB,2006-07-26,TMIN,222
USC00310356,2015-09-05,TMAX,317
USW00093719,2013-05-29,TMIN,167
USW00093719,2013-05-29,TMAX,306
USC00316676,2014-08-21,TMIN,228
USC00316676,2006-11-18,TMIN,50
USW00013754,2007-10-13,TMAX,233
USR0000NNWB,2006-07-26,TMAX,317
USC00317170,2013-12-08,TMIN,44
USC00310356,2015-09-05,TMIN,239
USC00314684,2006-01-26,TMAX,117
USC00310576,2013-06-25,TMAX,283
USC00310356,2014-03-15,TMAX,122
USW00093719,2012-07-19,TMIN,250
USC00316676,2006-07-29,TMAX,333
USW00093719,2012-07-19,TMAX,344
USC00314689,2012-03-31,TMAX,256
USR0000NCRN,2006-07-20,TMIN,211
USC00314689,2012-03-31,TMIN,167
USC00317170,2010-05-30,TMIN,167
USC00317170,2010-05-30,TMAX,328
USC00316096,2015-11-04,TMAX,233
USC00310576,2013-06-25,TMIN,217
USC00316676,2012-03-06,TMIN,-22
USW00093719,2015-01-19,TMAX,172
USW00093765,2013-02-28,TMIN,72
USR0000NCRN,2014-01-11,TMIN,133
USW00093765,2012-09-20,TMIN,183
USC00310356,2010-08-10,TMAX,300
USC00310356,2010-08-10,TMIN,261
USC00314684,2010-07-06,TMAX,311
USR0000NNWB,2006-08-17,TMAX,311
USC00314144,2010-10-15,TMIN,39
USW00093765,2011-03-02,TMAX,156
USW00093719,2013-05-31,TMAX,311
USC00317170,2013-12-08,TMAX,72
USW00093719,2013-05-31,TMIN,167
USR0000NHOF,2006-09-21,TMIN,83
USC00314689,2006-01-24,TMAX,150
USR0000NCRN,2005-11-21,TMAX,206
USC00317170,2013-11-07,TMIN,167
USC00314689,2006-01-24,TMIN,100
USC00310356,2011-10-25,TMAX,222
USR0000NCRN,2005-11-21,TMIN,128
USR0000NHOF,2015-12-04,TMIN,0
USC00316096,2011-08-19,TMAX,317
USR0000NHOF,2006-09-21,TMAX,233
USC00316096,2011-08-19,TMIN,206
USR0000NHOF,2011-03-22,TMAX,217
USC00317170,2012-09-20,TMIN,156
USR0000NNWB,2015-02-03,TMIN,-33
USC00315830,2014-01-31,TMAX,89
USC00315830,2014-01-31,TMIN,6
USR0000NHOF,2015-12-04,TMAX,144
USR0000NCRN,2005-04-23,TMIN,117
USR0000NCRN,2005-04-23,TMAX,217
USR0000NCRN,2009-05-05,TMIN,194
USC00317170,2012-09-20,TMAX,250
USC00314684,2005-01-16,TMAX,217
USC00314684,2005-01-16,TMIN,11
USC00310356,2011-10-25,TMIN,128
USC00316676,2006-11-18,TMAX,178
USW00013754,2014-05-09,TMIN,172
USW00093765,2009-03-13,TMIN,67
USR0000NCRN,2014-01-11,TMAX,211
USW00093765,2009-03-13,TMAX,100
USW00093765,2011-08-05,TMAX,339
USW00013754,2014-05-09,TMAX,317
USW00093765,2006-05-25,TMAX,261
USC00314144,2010-02-08,TMAX,89
USC00314144,2010-02-08,TMIN,-72
USC00316676,2013-09-07,TMAX,289
USC00316676,2013-09-07,TMIN,178
USW00093765,2006-12-09,TMIN,-71
USC00317170,2007-09-18,TMAX,267
USW00093765,2006-12-09,TMAX,78
USR0000NHOF,2014-03-15,TMAX,244
USW00093743,2010-08-10,TMAX,311
USW00093743,2010-08-10,TMIN,267
USR0000NHOF,2014-03-15,TMIN,67
USW00093765,2006-05-25,TMIN,206
USC00317170,2013-11-07,TMAX,211
USR0000NNWB,2015-02-03,TMAX,83
USC00316676,2013-03-05,TMIN,0
USR0000NHOF,2012-06-23,TMAX,317
USC00310576,2007-09-02,TMIN,156
USC00314684,2015-07-24,TMAX,272
USR0000NCRN,2010-05-10,TMAX,206
USR0000NCRN,2010-05-10,TMIN,50
USR0000NHOF,2015-12-08,TMIN,11
USC00314684,2015-10-25,TMIN,83
USC00314684,2005-07-08,TMAX,328
USW00093719,2007-04-07,TMAX,100
USW00093719,2007-04-07,TMIN,0
USC00316676,2007-09-20,TMAX,267
USC00314684,2015-07-24,TMIN,211
USW00093765,2007-03-31,TMAX,194
USC00314689,2015-08-11,TMAX,294
USC00317170,2011-12-28,TMIN,39
USC00316676,2015-04-12,TMAX,228
USC00314689,2009-03-13,TMAX,156
USR0000NNWB,2014-04-09,TMIN,89
USW00013754,2005-06-09,TMAX,289
USC00310356,2009-09-03,TMIN,211
USC00310356,2007-08-18,TMAX,300
USW00013754,2005-06-09,TMIN,211
USR0000NHOF,2007-05-27,TMIN,89
USC00316676,2007-04-29,TMAX,267
USW00013754,2009-01-15,TMIN,-10
USC00317170,2013-01-26,TMIN,-22
USW00093719,2006-08-17,TMAX,306
USW00093719,2006-05-25,TMAX,294
USR0000NHOF,2012-01-22,TMIN,33
USW00093719,2006-05-25,TMIN,150
USC00310576,2014-12-17,TMIN,28
USC00310356,2015-05-03,TMAX,233
USC00314689,2009-03-29,TMIN,178
USC00310576,2005-09-06,TMIN,217
USC00310576,2005-09-06,TMAX,283
USC00316676,2008-01-17,TMIN,-39
USC00314689,2009-03-29,TMAX,256
USC00315830,2013-05-31,TMIN,206
USW00013754,2013-03-06,TMAX,156
USW00013754,2013-03-06,TMIN,50
USC00317170,2013-01-26,TMAX,6
USC00316676,2007-09-20,TMIN,189
USR0000NNWB,2014-03-29,TMIN,161
USC00310576,2011-09-26,TMAX,228
USC00314684,2005-07-08,TMIN,228
USR0000NNWB,2014-03-29,TMAX,200
USC00315830,2013-05-31,TMAX,278
USC00316676,2007-04-29,TMIN,122
USW00093765,2011-04-16,TMAX,244
USC00310356,2015-05-03,TMIN,89
USC00310356,2013-09-07,TMAX,283
USR0000NCRN,2014-03-15,TMIN,100
USC00314684,2013-05-29,TMAX,289
USC00315830,2013-11-07,TMIN,161
USC00315830,2013-11-07,TMAX,222
USC00310356,2009-09-03,TMAX,250
USR0000NCRN,2011-06-21,TMAX,283
USR0000NCRN,2011-06-21,TMIN,194
USC00316096,2012-11-05,TMAX,128
USR0000NHOF,2014-06-22,TMIN,194
USW00093765,2011-04-16,TMIN,189
USR0000NNWB,2013-03-06,TMAX,150
USR0000NNWB,2013-03-06,TMIN,50
USW00093765,2014-07-19,TMAX,278
USW00093765,2014-07-19,TMIN,228
USR0000NHOF,2015-05-03,TMAX,289
USW00013754,2014-03-29,TMIN,178
USR0000NHOF,2015-05-03,TMIN,50
USR0000NHOF,2015-12-08,TMAX,183
USR0000NNWB,2009-07-01,TMIN,228
USR0000NCRN,2008-04-26,TMAX,350
USC00314684,2014-05-23,TMIN,172
USC00314684,2014-05-23,TMAX,322
USC00310576,2006-06-09,TMIN,167
USW00093743,2013-09-07,TMIN,189
USR0000NNWB,2014-04-09,TMAX,206
USC00316676,2015-04-12,TMIN,117
USC00310576,2014-12-17,TMAX,200
USW00093743,2013-09-07,TMAX,289
USC00314689,2009-03-13,TMIN,50
USC00314689,2010-03-19,TMIN,50
USR0000NHOF,2010-03-17,TMIN,-22
USR0000NHOF,2010-03-17,TMAX,156
USR0000NCRN,2014-03-15,TMAX,222
USC00310576,2010-02-07,TMIN,0
USR0000NNWB,2012-05-27,TMIN,222
USR0000NCRN,2005-03-25,TMAX,222
USC00314689,2010-03-19,TMAX,228
USR0000NNWB,2012-05-27,TMAX,306
USC00310576,2010-02-07,TMAX,67
USC00314684,2015-10-25,TMAX,222
USC00310356,2007-08-18,TMIN,244
USC00310356,2013-09-07,TMIN,206
USC00314684,2013-05-29,TMIN,156
USC00310576,2006-06-09,TMAX,289
USR0000NCRN,2005-03-25,TMIN,72
USC00315830,2011-11-19,TMIN,44
USC00310576,2011-09-26,TMIN,189
USW00093719,2006-08-17,TMIN,228
USW00093719,2015-04-04,TMIN,83
USC00314689,2013-05-29,TMIN,161
USC00315830,2011-09-19,TMIN,183
USC00315830,2011-09-19,TMAX,267
USW00093719,2014-11-28,TMAX,89
USC00310356,2011-03-23,TMIN,133
USW00093719,2014-11-28,TMIN,-10
USC00314689,2013-05-29,TMAX,294
USC00314144,2009-12-23,TMAX,122
USW00093765,2011-03-02,TMIN,33
USC00314144,2009-12-23,TMIN,-56
USR0000NHOF,2014-11-01,TMAX,139
USW00093765,2007-10-03,TMIN,222
USC00315830,2010-12-31,TMAX,128
USW00093743,2009-12-26,TMIN,78
USC00315830,2010-12-31,TMIN,-17
USC00316096,2013-05-29,TMIN,167
USW00093743,2011-03-22,TMAX,289
USC00316096,2013-05-29,TMAX,272
USC00314684,2013-12-08,TMIN,28
USR0000NHOF,2014-11-01,TMIN,22
USC00314684,2013-12-08,TMAX,111
USC00310356,2012-01-17,TMAX,133
USC00315830,2010-09-01,TMIN,211
USC00310576,2007-05-04,TMIN,161
USC00315830,2005-08-27,TMIN,228
USC00310576,2007-05-04,TMAX,239
USC00314689,2011-03-04,TMAX,156
USR0000NCRN,2011-01-22,TMAX,0
USW00093765,2012-03-31,TMAX,217
USW00093765,2012-03-31,TMIN,167
USC00315830,2010-09-01,TMAX,322
USC00315830,2014-03-30,TMIN,83
USW00093743,2009-12-26,TMAX,178
USR0000NHOF,2008-06-21,TMAX,239
USC00314689,2005-01-29,TMIN,-61
USR0000NHOF,2007-05-18,TMAX,200
USC00314144,2005-08-04,TMIN,183
USW00093765,2013-10-23,TMIN,128
USW00093765,2013-10-23,TMAX,228
USR0000NNWB,2012-06-30,TMAX,389
USR0000NHOF,2008-06-21,TMIN,139
USR0000NNWB,2012-06-30,TMIN,239
USC00310356,2012-01-17,TMIN,22
USC00314144,2007-05-17,TMIN,150
USW00093743,2011-03-22,TMIN,128
USC00310356,2011-03-05,TMIN,67
USC00310356,2005-04-23,TMIN,156
USC00310356,2014-11-01,TMAX,194
USC00317170,2015-06-04,TMAX,278
USR0000NHOF,2009-12-26,TMAX,167
USW00093743,2007-10-31,TMIN,122
USC00310576,2011-10-06,TMIN,89
USW00013754,2008-02-08,TMAX,183
USW00013754,2008-02-08,TMIN,44
USW00093719,2007-02-13,TMIN,61
USW00093719,2007-02-13,TMAX,222
USC00310356,2011-03-05,TMAX,156
USR0000NNWB,2006-10-30,TMIN,72
USR0000NHOF,2009-12-26,TMIN,56
USC00316676,2008-01-17,TMAX,78
USC00317170,2015-06-04,TMIN,189
USW00013754,2009-01-15,TMAX,106
USW00013754,2015-06-16,TMIN,228
USR0000NNWB,2006-10-30,TMAX,256
USC00314684,2015-02-28,TMIN,-28
USC00314689,2008-06-27,TMAX,356
USC00314684,2015-02-28,TMAX,94
USW00013754,2015-06-16,TMAX,378
USW00093743,2007-10-31,TMAX,228
USC00310576,2012-01-13,TMAX,172
USC00315830,2009-05-30,TMAX,278
USR0000NNWB,2005-04-29,TMIN,111
USR0000NNWB,2005-04-29,TMAX,250
USC00310356,2005-04-23,TMAX,200
USW00093743,2014-11-01,TMIN,78
USW00093743,2014-11-01,TMAX,144
USC00310576,2011-10-06,TMAX,239
USW00093765,2007-10-03,TMAX,294
USC00314689,2009-07-31,TMIN,228
USR0000NCRN,2012-10-02,TMIN,239
USC00314689,2009-07-31,TMAX,339
USR0000NCRN,2012-10-02,TMAX,256
USC00310356,2014-11-01,TMIN,94
USC00316676,2009-07-01,TMAX,333
USC00316676,2009-07-01,TMIN,194
USC00315830,2008-12-01,TMIN,111
USC00315830,2008-12-01,TMAX,172
USC00314144,2007-06-18,TMAX,333
USW00093719,2015-02-03,TMIN,-21
USC00314144,2005-08-04,TMAX,339
USC00314144,2007-06-18,TMIN,183
USW00093719,2015-02-03,TMAX,78
USC00314689,2008-06-27,TMIN,239
USW00013754,2009-10-06,TMIN,178
USC00315830,2011-11-19,TMAX,211
USC00317170,2010-09-05,TMAX,306
USC00310576,2008-06-14,TMAX,322
USC00314684,2015-03-23,TMIN,78
USW00093719,2010-10-03,TMAX,178
USC00314684,2015-03-23,TMAX,167
USW00093719,2008-01-16,TMAX,72
USW00093719,2010-10-03,TMIN,156
USC00310356,2015-12-08,TMIN,67
USR0000NHOF,2014-02-08,TMAX,94
USC00317170,2013-05-29,TMIN,167
USC00317170,2010-04-20,TMIN,72
USW00013754,2008-05-18,TMAX,256
USC00317170,2013-05-29,TMAX,322
USC00310356,2014-06-22,TMAX,300
USC00310356,2015-12-08,TMAX,150
USC00316096,2011-02-01,TMIN,28
USC00314684,2006-08-24,TMAX,306
USC00314684,2006-08-24,TMIN,172
USC00314684,2012-02-16,TMIN,28
USC00314684,2012-03-31,TMAX,267
USW00093719,2010-08-16,TMIN,217
USW00013754,2008-05-18,TMIN,144
USW00093719,2010-08-16,TMAX,328
USC00317170,2011-02-03,TMIN,61
USC00317170,2010-04-20,TMAX,228
USC00314684,2011-08-05,TMIN,239
USC00316096,2009-07-31,TMAX,300
USW00013754,2006-12-17,TMIN,17
USC00310576,2006-09-24,TMAX,294
USR0000NNWB,2011-03-13,TMIN,100
USW00013754,2006-12-17,TMAX,206
USC00316096,2011-07-24,TMIN,261
USC00310356,2008-03-13,TMAX,189
USC00310356,2008-03-13,TMIN,72
USW00093719,2008-01-16,TMIN,-28
USR0000NNWB,2011-02-08,TMIN,28
USC00310356,2014-06-22,TMIN,217
USC00315830,2011-11-26,TMIN,28
USC00316096,2015-06-15,TMAX,356
USC00310576,2008-06-14,TMIN,156
USC00316096,2011-02-01,TMAX,167
USC00310576,2014-12-23,TMIN,72
USC00317170,2011-02-03,TMAX,156
USR0000NHOF,2014-02-08,TMIN,-11
USC00315830,2011-11-26,TMAX,222
USC00316096,2015-06-15,TMIN,222
USC00314684,2012-03-31,TMIN,106
USC00314144,2008-04-06,TMAX,206
USW00093743,2008-03-13,TMAX,200
USR0000NCRN,2009-03-30,TMAX,200
USW00093719,2011-12-15,TMAX,222
USC00310356,2012-12-04,TMAX,172
USW00093765,2015-09-18,TMAX,283
USC00310576,2007-09-02,TMAX,300
USW00093765,2015-09-18,TMIN,206
USC00316676,2007-10-18,TMIN,161
USR0000NHOF,2007-10-07,TMAX,306
USR0000NHOF,2007-10-07,TMIN,167
USW00093719,2011-12-15,TMIN,33
USC00316676,2007-10-18,TMAX,278
USR0000NCRN,2009-03-30,TMIN,61
USC00314684,2012-02-05,TMIN,17
USC00310356,2012-12-04,TMIN,106
USW00093719,2013-03-06,TMAX,161
USC00315830,2006-02-08,TMIN,-33
USW00093719,2013-03-06,TMIN,56
USC00316676,2015-11-01,TMAX,211
USC00316096,2009-12-05,TMIN,33
USR0000NHOF,2012-06-23,TMIN,206
USR0000NNWB,2014-06-03,TMIN,144
USW00093719,2008-05-12,TMIN,106
USW00093765,2013-05-29,TMAX,267
USW00093719,2008-05-12,TMAX,194
USC00316676,2007-02-10,TMAX,94
USC00316676,2007-02-10,TMIN,-17
USC00314684,2012-02-16,TMAX,172
USC00314144,2008-04-06,TMIN,100
USW00093743,2008-03-13,TMIN,39
USW00093765,2007-08-28,TMIN,222
USW00093765,2007-08-28,TMAX,311
USC00314684,2006-11-04,TMIN,-22
USC00314144,2008-05-18,TMIN,150
USC00314684,2006-11-04,TMAX,111
USC00314144,2008-05-18,TMAX,267
USW00013754,2010-07-25,TMIN,256
USW00013754,2010-07-25,TMAX,344
USW00093719,2006-02-22,TMIN,22
USW00013754,2005-10-29,TMAX,144
USR0000NNWB,2014-06-03,TMAX,306
USW00013754,2005-10-29,TMIN,39
USC00315830,2006-02-08,TMAX,111
USC00317170,2010-10-18,TMIN,122
USC00317170,2010-10-18,TMAX,267
USW00093765,2013-05-29,TMIN,189
USW00093719,2012-09-20,TMIN,172
USW00013754,2014-03-29,TMAX,211
USC00316096,2009-07-31,TMIN,244
USC00314144,2005-07-06,TMAX,344
USR0000NCRN,2014-11-01,TMIN,50
USR0000NCRN,2014-11-01,TMAX,133
USC00314684,2005-11-17,TMIN,83
USR0000NNWB,2015-08-11,TMIN,222
USW00013754,2012-05-27,TMIN,228
USC00314144,2009-02-28,TMAX,150
USR0000NNWB,2012-06-16,TMAX,272
USC00310576,2009-02-09,TMAX,233
USC00310576,2009-02-09,TMIN,33
USC00314144,2005-10-05,TMAX,294
USW00013754,2012-05-27,TMAX,294
USW00013754,2014-04-09,TMIN,100
USW00013754,2014-06-16,TMAX,317
USW00013754,2014-04-09,TMAX,206
USC00310356,2010-03-17,TMIN,56
USR0000NNWB,2012-06-16,TMIN,150
USC00316676,2010-12-20,TMAX,78
USW00013754,2014-06-16,TMIN,183
USC00317170,2013-08-24,TMAX,278
USC00310356,2010-03-17,TMAX,111
USC00316096,2012-11-05,TMIN,33
USC00314689,2006-10-23,TMAX,150
USW00093765,2007-03-31,TMIN,39
USR0000NNWB,2006-08-19,TMIN,222
USR0000NNWB,2009-07-01,TMAX,350
USR0000NNWB,2015-06-16,TMAX,389
USW00093719,2005-04-23,TMAX,250
USC00317170,2010-09-05,TMIN,144
USC00316096,2011-07-24,TMAX,333
USW00093743,2010-03-17,TMIN,28
USW00093719,2005-04-23,TMIN,117
USC00314144,2009-02-28,TMIN,72
USR0000NNWB,2015-06-16,TMIN,244
USR0000NNWB,2008-08-19,TMAX,344
USC00315830,2009-05-30,TMIN,194
USW00093719,2011-06-18,TMIN,233
USR0000NHOF,2014-06-22,TMAX,311
USC00315830,2012-11-05,TMIN,61
USC00315830,2012-11-05,TMAX,139
USR0000NCRN,2011-03-01,TMIN,28
USR0000NCRN,2011-03-01,TMAX,150
USC00314689,2015-08-11,TMIN,222
USW00093743,2010-03-17,TMAX,178
USC00314144,2005-10-05,TMIN,183
USW00093719,2011-06-18,TMAX,356
USW00093765,2012-12-25,TMIN,94
USC00314689,2010-09-16,TMIN,183
USR0000NNWB,2015-08-11,TMAX,283
USC00314684,2011-08-05,TMAX,361
USC00310576,2009-09-13,TMIN,144
USR0000NCRN,2012-11-27,TMIN,11
USR0000NNWB,2006-08-19,TMAX,328
USC00310576,2011-09-06,TMAX,294
USC00310576,2011-09-06,TMIN,206
USR0000NCRN,2012-11-27,TMAX,167
USC00310576,2006-03-20,TMAX,133
USC00310576,2006-03-20,TMIN,-22
USW00093765,2007-06-20,TMAX,283
USR0000NCRN,2012-02-02,TMAX,211
USC00314144,2009-09-30,TMIN,56
USC00310576,2013-09-14,TMIN,172
USC00310576,2013-09-14,TMAX,306
USC00310576,2006-09-24,TMIN,239
USC00316676,2005-02-19,TMIN,-61
USC00316676,2005-02-19,TMAX,94
USC00314144,2009-09-30,TMAX,228
USR0000NCRN,2012-02-02,TMIN,61
USW00093765,2007-06-20,TMIN,211
USC00314144,2005-07-06,TMIN,211
USC00317170,2011-12-28,TMAX,133
USC00310576,2009-09-13,TMAX,294
USW00093719,2006-07-26,TMAX,311
USW00093765,2012-12-25,TMAX,150
USC00315830,2015-10-14,TMIN,122
USC00314689,2010-09-16,TMAX,328
USC00314689,2015-06-15,TMIN,228
USW00093719,2006-07-26,TMIN,228
USC00314689,2012-12-18,TMIN,11
USC00314689,2015-06-15,TMAX,361
USC00314684,2005-11-17,TMAX,256
USC00314689,2012-12-18,TMAX,183
USR0000NNWB,2011-03-13,TMAX,261
USC00314689,2006-10-23,TMIN,94
USC00315830,2015-10-14,TMAX,211
USC00316676,2010-12-20,TMIN,-22
USC00310576,2008-12-21,TMAX,222
USC00317170,2013-08-24,TMIN,189
USR0000NNWB,2008-08-19,TMIN,189
USC00315830,2010-11-24,TMIN,128
USC00314689,2011-03-26,TMIN,78
USC00314689,2011-03-26,TMAX,156
USC00310576,2008-12-21,TMIN,111
USC00315830,2010-11-24,TMAX,194
USW00093719,2012-09-20,TMAX,256
USW00093743,2013-12-09,TMAX,194
USR0000NCRN,2008-03-13,TMAX,256
USR0000NNWB,2006-02-04,TMAX,206
USW00093719,2010-02-17,TMIN,-33
USW00093765,2014-05-28,TMIN,222
USW00093719,2012-11-05,TMIN,61
USW00093719,2012-11-05,TMAX,139
USW00093719,2010-02-17,TMAX,72
USC00310356,2009-12-04,TMAX,178
USC00316676,2011-03-22,TMIN,111
USC00315830,2011-10-07,TMAX,250
USC00317170,2012-11-05,TMAX,133
USC00310576,2012-03-31,TMIN,122
USW00013754,2011-01-02,TMAX,183
USC00310356,2006-01-20,TMAX,172
USR0000NNWB,2007-08-27,TMAX,294
USC00315830,2011-10-07,TMIN,144
USR0000NCRN,2013-03-06,TMIN,50
USC00315830,2005-06-22,TMIN,156
USR0000NCRN,2013-03-06,TMAX,150
USC00310576,2014-01-04,TMAX,56
USC00314689,2006-07-26,TMIN,228
USC00314689,2006-07-26,TMAX,317
USC00317170,2012-11-05,TMIN,44
USC00314684,2009-08-14,TMIN,222
USC00310576,2012-03-31,TMAX,217
USC00316676,2013-12-26,TMAX,72
USW00093765,2009-07-01,TMIN,239
USC00314684,2006-06-08,TMIN,144
USW00093765,2009-07-01,TMAX,300
USC00314684,2006-06-08,TMAX,283
USW00013754,2013-09-07,TMIN,172
USW00013754,2013-09-07,TMAX,272
USC00314144,2008-01-26,TMAX,50
USC00317170,2013-05-07,TMAX,228
USC00314144,2008-01-26,TMIN,-22
USR0000NCRN,2011-08-07,TMAX,317
USC00317170,2013-05-07,TMIN,117
USR0000NNWB,2008-11-17,TMAX,133
USR0000NNWB,2008-11-17,TMIN,33
USC00310356,2010-07-20,TMIN,233
USW00093765,2005-04-29,TMAX,211
USC00310576,2014-06-05,TMAX,344
USC00314684,2012-08-03,TMAX,328
USR0000NCRN,2011-08-07,TMIN,272
USC00310576,2005-05-29,TMIN,139
USC00310576,2005-05-29,TMAX,289
USW00093765,2005-04-29,TMIN,144
USC00315830,2005-06-22,TMAX,278
USW00093765,2014-11-01,TMIN,83
USR0000NCRN,2014-01-31,TMAX,106
USC00316676,2009-08-02,TMIN,228
USC00314684,2014-05-09,TMAX,333
USW00093743,2010-09-28,TMAX,261
USR0000NNWB,2007-08-27,TMIN,228
USW00093765,2005-12-23,TMIN,6
USC00310356,2005-08-27,TMAX,306
USW00013754,2013-02-28,TMAX,133
USC00314689,2008-03-10,TMAX,183
USR0000NCRN,2007-11-10,TMAX,144
USR0000NCRN,2014-03-30,TMIN,83
USC00314689,2008-03-10,TMIN,-6
USR0000NCRN,2015-01-30,TMIN,11
USW00013754,2013-02-28,TMIN,28
USC00310356,2013-01-23,TMAX,67
USC00310356,2013-01-23,TMIN,-22
USC00310356,2005-08-27,TMIN,228
USC00310356,2009-02-09,TMIN,72
USC00310356,2009-12-04,TMIN,89
USC00316676,2009-08-02,TMAX,317
USC00310576,2015-08-17,TMAX,294
USR0000NCRN,2007-11-10,TMIN,17
USW00093765,2014-11-01,TMAX,144
USW00093743,2010-09-28,TMIN,206
USC00310576,2007-09-04,TMIN,156
USC00314684,2009-07-01,TMAX,339
USC00317170,2009-01-08,TMIN,61
USC00314689,2007-12-22,TMIN,83
USC00314689,2007-12-22,TMAX,172
USC00317170,2009-01-08,TMAX,128
USC00314684,2009-07-01,TMIN,206
USC00310356,2006-01-20,TMIN,-67
USR0000NCRN,2014-01-31,TMIN,-33
USR0000NHOF,2008-12-16,TMIN,89
USR0000NCRN,2015-01-30,TMAX,117
USR0000NHOF,2008-12-16,TMAX,217
USC00314684,2009-08-14,TMAX,272
USC00310576,2014-01-04,TMIN,-22
USW00093719,2009-10-24,TMAX,283
USW00093719,2007-06-20,TMAX,311
USW00093719,2007-06-20,TMIN,183
USC00310576,2007-09-04,TMAX,306
USC00310576,2015-08-17,TMIN,161
USC00314684,2014-05-09,TMIN,183
USW00093765,2005-12-23,TMAX,100
USW00093719,2009-10-24,TMIN,172
USW00093765,2007-09-18,TMAX,261
USC00310356,2010-07-20,TMAX,294
USC00314684,2012-08-03,TMIN,206
USW00093743,2008-11-08,TMIN,139
USC00315830,2015-01-06,TMIN,-6
USW00093743,2008-11-08,TMAX,217
USW00093765,2015-01-05,TMAX,172
USC00314684,2010-08-31,TMIN,167
USC00315830,2012-08-23,TMIN,222
USC00310576,2014-06-05,TMIN,194
USW00093719,2014-08-21,TMAX,344
USW00093719,2014-08-21,TMIN,233
USC00314689,2006-10-01,TMAX,261
USC00314689,2006-10-01,TMIN,122
USC00315830,2015-01-06,TMAX,128
USC00316096,2012-08-03,TMAX,267
USR0000NHOF,2011-01-22,TMIN,-83
USC00316096,2012-08-03,TMIN,211
USW00093719,2010-02-07,TMIN,-39
USW00093719,2010-02-07,TMAX,61
USC00314689,2009-02-26,TMIN,-11
USW00013754,2009-04-28,TMIN,117
USC00314689,2009-05-13,TMAX,233
USW00013754,2009-04-28,TMAX,278
USC00314684,2010-02-07,TMAX,50
USC00316676,2013-12-08,TMAX,200
USC00316676,2013-12-08,TMIN,56
USW00093765,2007-08-20,TMIN,278
USC00314684,2010-06-03,TMIN,194
USC00315830,2009-06-14,TMIN,217
USC00315830,2009-06-14,TMAX,306
USR0000NCRN,2011-10-03,TMAX,206
USC00314684,2010-06-03,TMAX,306
USC00315830,2014-07-19,TMIN,228
USR0000NNWB,2011-04-16,TMAX,256
USR0000NNWB,2011-04-16,TMIN,167
USC00316676,2009-07-31,TMIN,228
USC00310576,2011-04-05,TMIN,161
USW00093765,2013-05-30,TMAX,278
USW00093765,2009-07-09,TMAX,283
USW00093765,2013-05-30,TMIN,172
USR0000NHOF,2011-03-15,TMAX,156
USC00316676,2009-07-31,TMAX,339
USR0000NNWB,2007-01-07,TMAX,206
USC00314684,2010-08-31,TMAX,328
USR0000NNWB,2007-01-07,TMIN,78
USR0000NHOF,2011-01-22,TMAX,-17
USW00093765,2009-07-09,TMIN,189
USC00314684,2010-02-07,TMIN,-67
USR0000NNWB,2010-04-03,TMIN,150
USC00315830,2012-08-23,TMAX,283
USW00093765,2010-09-05,TMAX,294
USC00314684,2014-04-09,TMAX,228
USC00314684,2005-12-17,TMAX,117
USW00093743,2009-02-09,TMIN,56
USW00093743,2009-02-09,TMAX,189
USW00093765,2014-05-28,TMAX,278
USC00310576,2011-09-16,TMIN,161
USW00093765,2010-09-05,TMIN,178
USC00310576,2011-09-16,TMAX,311
USC00314684,2014-04-09,TMIN,94
USC00315830,2015-06-26,TMAX,311
USW00093765,2007-09-18,TMIN,167
USC00314684,2008-12-30,TMIN,11
USW00013754,2015-09-18,TMAX,289
USC00314689,2012-03-04,TMAX,172
USW00013754,2015-09-18,TMIN,206
USC00314144,2005-07-25,TMAX,333
USC00314684,2008-12-30,TMAX,150
USC00314689,2009-05-13,TMIN,111
USC00316676,2013-12-26,TMIN,11
USC00314684,2005-12-17,TMIN,-6
USC00310576,2015-06-16,TMIN,228
USW00013754,2011-01-02,TMIN,100
USC00317170,2014-11-01,TMAX,156
USR0000NNWB,2010-04-03,TMAX,283
USC00314689,2009-02-26,TMAX,156
USW00093765,2015-01-05,TMIN,33
USC00317170,2015-12-24,TMAX,250
USC00317170,2015-12-24,TMIN,194
USR0000NNWB,2005-12-23,TMIN,-56
USR0000NNWB,2005-12-23,TMAX,156
USC00315830,2013-01-26,TMAX,56
USC00315830,2013-01-26,TMIN,-11
USR0000NHOF,2007-03-06,TMAX,117
USC00317170,2013-05-30,TMAX,322
USC00317170,2013-05-30,TMIN,150
USC00317170,2011-08-05,TMIN,244
USC00314144,2005-07-25,TMIN,167
USC00314689,2005-08-22,TMAX,361
USC00317170,2014-11-01,TMIN,44
USC00314689,2005-08-22,TMIN,217
USC00315830,2015-06-26,TMIN,261
USC00310576,2015-06-16,TMAX,356
USC00315830,2008-08-28,TMAX,294
USC00315830,2008-08-28,TMIN,228
USW00093719,2006-09-08,TMIN,167
USC00314684,2014-10-13,TMAX,217
USC00310356,2009-02-09,TMAX,128
USW00093719,2006-09-08,TMAX,267
USC00314144,2010-03-30,TMIN,67
USC00310576,2012-09-20,TMAX,228
USC00310576,2012-09-20,TMIN,172
USC00315830,2009-08-20,TMAX,311
USR0000NCRN,2012-12-04,TMAX,222
USW00093743,2010-07-20,TMAX,311
USW00093765,2007-11-21,TMAX,206
USR0000NNWB,2011-09-08,TMIN,211
USR0000NNWB,2015-09-18,TMAX,294
USR0000NCRN,2011-08-11,TMIN,228
USR0000NNWB,2015-09-18,TMIN,183
USC00314144,2008-03-13,TMAX,228
USC00314144,2008-03-13,TMIN,-11
USR0000NCRN,2012-03-31,TMIN,161
USR0000NCRN,2012-03-31,TMAX,217
USC00316096,2010-02-07,TMAX,56
USW00093743,2009-12-04,TMIN,67
USR0000NHOF,2006-01-20,TMAX,189
USC00316096,2010-02-07,TMIN,-44
USR0000NHOF,2006-01-20,TMIN,-33
USW00093743,2010-07-20,TMIN,267
USC00314684,2007-02-10,TMIN,-33
USC00310576,2013-03-06,TMIN,17
USC00310576,2013-03-06,TMAX,178
USR0000NCRN,2011-08-11,TMAX,339
USW00013754,2005-12-23,TMAX,144
USR0000NCRN,2008-02-16,TMIN,61
USR0000NNWB,2010-02-07,TMIN,-39
USC00316676,2009-11-04,TMIN,61
USW00013754,2008-08-19,TMIN,200
USR0000NHOF,2011-02-28,TMAX,244
USR0000NHOF,2013-01-23,TMIN,-83
USR0000NNWB,2010-02-07,TMAX,67
USC00314689,2012-07-01,TMIN,250
USC00315830,2011-04-29,TMAX,250
USR0000NNWB,2006-10-03,TMAX,294
USW00013754,2010-10-03,TMAX,183
USW00013754,2010-10-03,TMIN,161
USC00317170,2009-01-05,TMAX,183
USC00315830,2009-08-20,TMIN,256
USC00317170,2009-01-05,TMIN,122
USC00316096,2009-06-18,TMIN,228
USW00093743,2009-12-04,TMAX,167
USC00314144,2010-03-30,TMAX,206
USC00316676,2009-11-04,TMAX,194
USC00316096,2015-10-04,TMAX,256
USR0000NHOF,2011-02-28,TMIN,144
USC00314684,2007-02-10,TMAX,89
USC00315830,2005-09-06,TMIN,217
USC00316676,2009-12-25,TMAX,106
USC00315830,2005-09-06,TMAX,283
USC00316096,2009-06-18,TMAX,278
USC00316676,2007-07-04,TMAX,278
USC00315830,2008-12-19,TMAX,167
USW00093765,2006-04-14,TMAX,222
USC00315830,2008-12-19,TMIN,167
USW00093765,2006-04-14,TMIN,172
USC00316676,2007-07-04,TMIN,150
USC00315830,2015-03-12,TMAX,183
USC00316676,2010-05-30,TMIN,161
USC00310576,2014-06-22,TMIN,206
USW00093719,2014-05-28,TMIN,211
USR0000NCRN,2015-01-17,TMAX,133
USW00093719,2014-05-28,TMAX,339
USR0000NCRN,2015-01-17,TMIN,17
USC00315830,2013-12-24,TMIN,61
USC00316096,2012-05-27,TMIN,217
USC00314689,2014-12-31,TMIN,-28
USR0000NNWB,2011-09-08,TMAX,322
USC00316676,2009-12-25,TMIN,0
USC00316096,2015-10-04,TMIN,217
USC00316676,2010-05-30,TMAX,278
USW00093765,2007-11-21,TMIN,111
USW00093765,2012-01-08,TMAX,161
USW00093765,2012-01-08,TMIN,94
USR0000NCRN,2012-12-04,TMIN,67
USC00314689,2010-08-16,TMIN,211
USC00317170,2014-05-23,TMAX,300
USC00314689,2010-08-16,TMAX,333
USC00317170,2014-05-23,TMIN,178
USC00317170,2009-11-27,TMAX,139
USC00317170,2009-11-27,TMIN,67
USR0000NHOF,2013-03-18,TMIN,72
USC00315830,2015-03-12,TMIN,128
USR0000NHOF,2013-03-18,TMAX,156
USC00314684,2013-05-07,TMAX,228
USR0000NCRN,2009-01-21,TMAX,17
USC00316096,2013-05-30,TMAX,278
USC00314684,2013-05-07,TMIN,94
USR0000NCRN,2009-01-21,TMIN,-78
USC00316096,2013-05-30,TMIN,150
USC00316676,2007-12-20,TMAX,128
USC00316676,2007-12-20,TMIN,-22
USW00093743,2009-11-16,TMIN,100
USC00315830,2012-03-26,TMIN,139
USC00315830,2011-04-29,TMIN,178
USC00314684,2007-10-23,TMIN,144
USC00316676,2015-05-02,TMIN,78
USC00314684,2013-11-30,TMIN,-44
USW00093719,2005-04-17,TMAX,189
USC00316676,2009-06-17,TMAX,228
USC00314684,2015-02-03,TMAX,178
USC00314689,2012-08-03,TMAX,300
USC00314689,2012-08-03,TMIN,194
USC00316676,2011-03-22,TMAX,250
USR0000NHOF,2005-08-27,TMAX,294
USC00314684,2015-02-03,TMIN,-44
USW00093719,2006-03-09,TMAX,222
USW00093743,2013-01-23,TMIN,-49
USR0000NCRN,2012-09-20,TMIN,161
USW00093743,2011-03-15,TMIN,89
USC00310576,2005-01-05,TMIN,128
USC00310576,2005-01-05,TMAX,233
USW00093743,2011-03-15,TMAX,167
USR0000NHOF,2005-08-27,TMIN,200
USC00316676,2010-06-21,TMAX,328
USR0000NCRN,2015-06-16,TMIN,244
USW00093719,2005-04-17,TMIN,22
USR0000NCRN,2012-09-20,TMAX,250
USC00317170,2009-04-23,TMIN,83
USC00316676,2011-03-28,TMAX,61
USC00316676,2006-06-08,TMAX,278
USC00316676,2006-06-08,TMIN,178
USW00093719,2008-06-12,TMIN,200
USW00093719,2008-06-12,TMAX,322
USC00314689,2008-02-10,TMIN,50
USC00314689,2008-02-10,TMAX,200
USC00314684,2014-10-13,TMIN,144
USC00314689,2013-06-25,TMIN,222
USC00314689,2013-06-25,TMAX,317
USW00093743,2013-01-23,TMAX,67
USC00317170,2014-07-05,TMAX,294
USW00093743,2012-03-02,TMIN,122
USR0000NCRN,2005-01-22,TMIN,-33
USC00316676,2013-10-23,TMIN,133
USC00314684,2013-11-30,TMAX,106
USC00316676,2010-06-21,TMIN,217
USC00316676,2013-10-23,TMAX,194
USC00317170,2014-07-05,TMIN,200
USC00317170,2009-04-23,TMAX,267
USC00316676,2015-01-08,TMAX,78
USW00093743,2012-03-02,TMAX,183
USW00093719,2006-03-09,TMIN,28
USC00316676,2015-05-02,TMAX,178
USC00316676,2011-03-28,TMIN,11
USW00093765,2007-03-23,TMIN,100
USW00093765,2007-03-23,TMAX,217
USR0000NNWB,2006-10-03,TMIN,100
USC00314689,2012-07-01,TMAX,378
USC00314144,2005-03-01,TMIN,44
USW00013754,2007-04-14,TMAX,211
USC00315830,2005-04-23,TMAX,222
USC00315830,2005-04-23,TMIN,178
USR0000NCRN,2009-05-24,TMIN,211
USC00310356,2008-11-08,TMAX,244
USC00314144,2005-03-01,TMAX,111
USR0000NHOF,2005-07-06,TMIN,233
USR0000NHOF,2005-07-06,TMAX,328
USC00310576,2012-10-02,TMIN,178
USW00013754,2008-08-19,TMAX,306
USR0000NHOF,2013-01-23,TMAX,50
USC00310576,2012-10-02,TMAX,239
USW00013754,2005-12-23,TMIN,-50
USW00093743,2009-11-16,TMAX,239
USR0000NCRN,2008-02-16,TMAX,144
USR0000NCRN,2009-05-24,TMAX,261
USC00316096,2013-06-25,TMAX,289
USC00314684,2013-05-30,TMIN,139
USC00314689,2012-05-27,TMAX,283
USC00316676,2009-06-17,TMIN,200
USC00316096,2012-12-25,TMIN,50
USC00316676,2006-04-10,TMAX,161
USW00093765,2006-01-24,TMIN,100
USW00093765,2006-01-24,TMAX,156
USC00314684,2006-08-17,TMAX,322
USC00316676,2014-03-29,TMIN,72
USC00316096,2012-12-25,TMAX,167
USW00013754,2007-04-14,TMIN,67
USW00013754,2010-04-03,TMIN,111
USC00316676,2014-03-29,TMAX,228
USC00316676,2006-04-10,TMIN,11
USW00013754,2010-04-03,TMAX,239
USC00310356,2009-11-16,TMAX,233
USR0000NCRN,2015-06-16,TMAX,367
USC00315830,2013-12-24,TMAX,206
USC00310356,2009-11-16,TMIN,122
USC00314684,2013-05-30,TMAX,294
USC00314689,2012-05-27,TMIN,211
USC00310356,2008-11-08,TMIN,144
USC00316096,2013-06-25,TMIN,217
USC00314684,2007-10-23,TMAX,289
USC00315830,2012-03-26,TMAX,244
USR0000NNWB,2011-06-18,TMIN,233
USW00093765,2007-08-20,TMAX,311
USC00314689,2006-08-17,TMIN,217
USC00316676,2015-07-24,TMAX,267
USW00093765,2006-08-24,TMIN,194
USC00317170,2009-07-09,TMAX,289
USC00314689,2006-08-17,TMAX,294
USW00013754,2007-10-12,TMAX,222
USW00013754,2011-01-11,TMIN,-5
USC00316676,2015-07-24,TMIN,222
USC00314684,2013-12-13,TMIN,-56
USC00317170,2009-07-09,TMIN,211
USC00314689,2013-10-11,TMAX,189
USC00316676,2014-07-08,TMAX,322
USW00013754,2014-08-21,TMAX,333
USW00013754,2008-11-17,TMAX,133
USW00013754,2008-11-17,TMIN,11
USW00013754,2014-08-21,TMIN,233
USC00316676,2014-07-08,TMIN,206
USR0000NHOF,2008-11-08,TMAX,217
USW00013754,2007-02-21,TMAX,178
USW00013754,2005-03-12,TMIN,17
USC00314684,2013-12-13,TMAX,72
USC00314144,2011-01-11,TMAX,6
USR0000NHOF,2013-03-06,TMIN,44
USR0000NHOF,2008-11-08,TMIN,100
USC00310576,2008-08-11,TMIN,178
USC00310576,2008-08-11,TMAX,300
USR0000NHOF,2014-05-30,TMAX,278
USC00314684,2010-11-05,TMIN,72
USC00316676,2010-07-09,TMIN,206
USR0000NHOF,2009-09-13,TMIN,156
USC00316096,2014-11-01,TMIN,50
USC00316096,2014-11-01,TMAX,128
USC00314689,2008-03-23,TMAX,228
USC00316096,2014-04-09,TMAX,200
USC00314689,2008-03-23,TMIN,50
USW00093719,2009-11-29,TMAX,206
USW00013754,2012-05-19,TMAX,244
USW00013754,2012-05-19,TMIN,139
USW00093743,2008-06-24,TMIN,183
USW00013754,2007-10-20,TMAX,278
USW00013754,2007-10-20,TMIN,128
USW00093743,2008-06-24,TMAX,272
USW00093719,2009-11-29,TMIN,17
USW00093765,2006-08-24,TMAX,294
USC00316096,2014-04-09,TMIN,100
USC00316096,2015-04-12,TMAX,228
USC00314689,2013-10-11,TMIN,144
USC00310356,2010-01-27,TMAX,167
USC00314689,2014-05-09,TMIN,150
USR0000NNWB,2006-04-14,TMAX,306
USC00314689,2014-05-09,TMAX,322
USW00093743,2010-01-27,TMIN,-10
USW00093765,2008-04-02,TMIN,106
USW00013754,2005-11-07,TMAX,250
USW00013754,2005-11-07,TMIN,133
USW00013754,2011-01-11,TMAX,28
USC00315830,2011-01-14,TMIN,-50
USC00314684,2012-02-22,TMAX,167
USC00310356,2015-08-31,TMIN,217
USW00093743,2011-02-28,TMAX,189
USW00013754,2005-03-12,TMAX,194
USC00310356,2012-09-20,TMIN,189
USW00093743,2011-02-28,TMIN,128
USC00310356,2008-06-24,TMIN,194
USC00310356,2008-06-24,TMAX,272
USW00093719,2008-12-26,TMAX,139
USC00314689,2009-06-18,TMAX,300
USC00310356,2012-09-20,TMAX,244
USW00093719,2008-12-26,TMIN,56
USR0000NNWB,2007-04-14,TMIN,72
USW00093743,2010-01-27,TMAX,100
USR0000NNWB,2007-04-14,TMAX,211
USC00314684,2012-02-22,TMIN,17
USW00013754,2011-04-16,TMAX,250
USC00310356,2010-01-27,TMIN,22
USW00093743,2011-07-19,TMAX,317
USW00013754,2011-04-16,TMIN,150
USW00093743,2011-07-19,TMIN,211
USC00316096,2015-04-12,TMIN,94
USW00093743,2012-09-20,TMIN,172
USW00093765,2009-10-06,TMIN,189
USC00314144,2011-01-11,TMIN,-17
USR0000NNWB,2013-05-30,TMAX,317
USW00013754,2007-02-21,TMIN,83
USC00314144,2011-05-30,TMAX,311
USW00093765,2009-10-06,TMAX,256
USW00093743,2011-01-22,TMAX,0
USR0000NNWB,2013-05-30,TMIN,161
USR0000NNWB,2006-04-14,TMIN,156
USW00093743,2012-09-20,TMAX,256
USC00316096,2015-02-03,TMAX,61
USW00093743,2011-01-22,TMIN,-93
USC00316096,2015-02-03,TMIN,-28
USC00316676,2010-07-09,TMAX,317
USC00315830,2013-08-24,TMAX,311
USR0000NHOF,2009-09-13,TMAX,272
USW00093765,2014-10-13,TMIN,189
USC00310356,2009-09-13,TMIN,200
USR0000NNWB,2011-04-13,TMAX,228
USW00093743,2012-03-31,TMAX,211
USR0000NNWB,2011-04-13,TMIN,117
USC00310356,2009-09-13,TMAX,272
USW00093719,2013-05-07,TMAX,239
USW00093719,2013-05-07,TMIN,106
USW00093743,2012-03-31,TMIN,178
USR0000NCRN,2009-12-11,TMIN,33
USC00316096,2013-10-11,TMIN,150
USC00316676,2011-06-20,TMAX,339
USW00093719,2005-12-23,TMAX,150
USC00310356,2005-03-25,TMAX,167
USR0000NHOF,2008-06-24,TMIN,161
USC00316676,2011-06-11,TMAX,333
USC00314689,2014-11-01,TMIN,50
USC00314689,2014-11-01,TMAX,178
USC00316676,2006-12-06,TMIN,-22
USW00093719,2005-12-23,TMIN,-67
USC00315830,2006-11-30,TMAX,228
USR0000NHOF,2008-06-24,TMAX,317
USC00316676,2011-06-11,TMIN,194
USW00013754,2008-07-05,TMAX,300
USC00310356,2012-03-31,TMIN,161
USR0000NHOF,2008-04-26,TMIN,117
USC00314684,2011-12-15,TMIN,11
USC00317170,2009-07-01,TMIN,222
USW00093719,2005-07-20,TMAX,339
USC00317170,2009-07-01,TMAX,350
USC00316676,2015-01-08,TMIN,-83
USW00013754,2008-07-05,TMIN,222
USW00093765,2012-11-05,TMIN,44
USW00093765,2012-11-05,TMAX,128
USC00316096,2013-10-11,TMAX,183
USC00310356,2012-03-02,TMIN,144
USC00310356,2011-01-22,TMAX,94
USW00093765,2013-09-07,TMAX,267
USW00013754,2015-11-17,TMIN,28
USC00315830,2010-12-23,TMIN,44
USC00315830,2010-12-23,TMAX,94
USW00013754,2015-11-17,TMAX,200
USW00093765,2013-09-07,TMIN,178
USC00310356,2012-03-02,TMAX,200
USC00310356,2012-03-31,TMAX,250
USC00314684,2010-11-05,TMAX,156
USC00316676,2011-06-20,TMIN,222
USW00093719,2005-07-20,TMIN,244
USR0000NNWB,2007-10-16,TMAX,272
USC00316096,2009-06-03,TMAX,278
USR0000NHOF,2012-09-20,TMIN,161
USC00317170,2011-11-19,TMIN,-11
USR0000NHOF,2012-09-20,TMAX,250
USW00093743,2013-03-06,TMAX,150
USW00093743,2013-03-06,TMIN,50
USC00316676,2009-03-29,TMAX,256
USC00316676,2009-03-29,TMIN,183
USW00093765,2010-02-07,TMIN,-21
USC00314689,2005-07-08,TMAX,344
USR0000NNWB,2010-04-17,TMAX,289
USW00093765,2010-02-07,TMAX,78
USC00314689,2012-08-18,TMAX,322
USC00314689,2012-08-18,TMIN,217
USW00093765,2014-10-13,TMAX,272
USC00310576,2010-04-30,TMAX,250
USR0000NHOF,2013-03-06,TMAX,139
USC00314689,2012-07-19,TMAX,339
USC00310576,2010-04-30,TMIN,56
USW00013754,2013-05-30,TMAX,294
USR0000NNWB,2010-04-17,TMIN,150
USC00314689,2012-07-19,TMIN,244
USC00316096,2009-06-03,TMIN,189
USC00317170,2011-11-19,TMAX,206
USW00093765,2012-09-11,TMAX,261
USC00314684,2011-12-15,TMAX,150
USR0000NHOF,2012-03-31,TMAX,217
USW00093765,2012-09-11,TMIN,161
USR0000NHOF,2012-03-31,TMIN,139
USC00316676,2006-12-06,TMAX,133
USR0000NCRN,2015-11-04,TMIN,178
USR0000NHOF,2010-09-28,TMAX,250
USR0000NHOF,2010-09-28,TMIN,183
USR0000NCRN,2015-11-04,TMAX,239
USC00315830,2006-11-30,TMIN,111
USC00310356,2013-03-06,TMAX,150
USC00317170,2010-02-07,TMAX,72
USC00317170,2010-02-07,TMIN,-6
USC00310356,2007-05-27,TMAX,256
USC00314684,2015-10-04,TMAX,289
USR0000NNWB,2007-07-09,TMIN,228
USC00314684,2015-10-04,TMIN,178
USC00310356,2013-03-06,TMIN,61
USC00314689,2005-07-08,TMIN,256
USR0000NNWB,2007-07-09,TMAX,322
USW00013754,2013-05-30,TMIN,156
USC00314684,2010-10-18,TMIN,44
USC00316096,2009-08-14,TMAX,250
USC00315830,2013-08-24,TMIN,217
USW00093719,2011-09-08,TMIN,217
USW00013754,2008-03-25,TMAX,133
USW00013754,2012-02-08,TMAX,156
USW00093719,2006-04-14,TMIN,150
USC00310356,2008-04-26,TMIN,128
USC00310356,2008-04-26,TMAX,217
USC00314689,2015-04-12,TMAX,250
USW00093719,2013-09-07,TMIN,183
USC00314689,2015-04-12,TMIN,83
USW00013754,2008-03-25,TMIN,39
USW00093719,2013-09-07,TMAX,283
USW00093765,2006-10-23,TMIN,72
USR0000NHOF,2009-02-09,TMIN,22
USR0000NHOF,2009-02-09,TMAX,183
USW00093719,2006-10-03,TMAX,272
USW00093719,2006-10-03,TMIN,94
USW00093743,2011-01-09,TMAX,33
USR0000NHOF,2007-03-06,TMIN,-11
USR0000NNWB,2010-06-14,TMIN,233
USC00314684,2011-12-27,TMAX,122
USW00093765,2006-10-23,TMAX,167
USC00314684,2011-12-27,TMIN,-6
USC00314144,2005-08-10,TMIN,200
USW00013754,2012-02-08,TMIN,22
USC00314689,2006-06-08,TMAX,294
USW00093719,2010-04-03,TMAX,261
USC00316096,2014-05-09,TMIN,178
USC00316096,2014-05-09,TMAX,283
USW00093719,2010-04-03,TMIN,139
USC00314684,2006-03-26,TMIN,-11
USC00310576,2015-12-04,TMAX,133
USC00315830,2007-10-08,TMIN,206
USC00310576,2015-12-04,TMIN,61
USC00314144,2005-08-10,TMAX,317
USC00314684,2006-03-26,TMAX,128
USC00315830,2012-06-23,TMIN,244
USC00315830,2007-10-08,TMAX,317
USW00093765,2010-12-02,TMAX,89
USW00093765,2009-01-05,TMAX,167
USW00093765,2009-01-05,TMIN,133
USC00315830,2012-06-23,TMAX,289
USC00310576,2009-09-30,TMAX,239
USC00310576,2009-09-30,TMIN,94
USW00093719,2006-04-14,TMAX,300
USW00093719,2011-09-08,TMAX,317
USW00093765,2011-02-03,TMAX,139
USW00093719,2009-07-27,TMAX,311
USR0000NNWB,2010-06-14,TMAX,356
USC00316096,2012-07-01,TMAX,306
USC00317170,2015-03-21,TMAX,183
USC00314684,2006-12-26,TMIN,94
USW00013754,2005-01-14,TMIN,61
USC00317170,2008-11-01,TMAX,222
USW00013754,2007-04-07,TMAX,106
USW00013754,2007-04-07,TMIN,0
USC00314144,2010-06-28,TMAX,344
USC00316096,2012-07-01,TMIN,178
USC00314689,2007-02-10,TMAX,67
USC00317170,2008-11-01,TMIN,33
USC00314689,2012-03-04,TMIN,67
USR0000NNWB,2011-06-18,TMAX,361
USC00315830,2014-07-19,TMAX,278
USW00093719,2010-04-20,TMIN,56
USW00093719,2010-04-20,TMAX,222
USC00314684,2006-12-26,TMAX,211
USR0000NCRN,2005-08-04,TMAX,333
USC00317170,2015-03-21,TMIN,44
USC00310576,2011-04-05,TMAX,244
USC00314144,2010-06-28,TMIN,233
USC00317170,2012-09-11,TMIN,128
USC00314689,2007-02-10,TMIN,-28
USC00317170,2012-09-11,TMAX,256
USR0000NNWB,2008-03-25,TMAX,150
USW00093719,2007-07-27,TMIN,206
USC00310356,2014-05-30,TMIN,189
USW00093743,2011-01-09,TMIN,-55
USC00314684,2009-09-25,TMAX,311
USW00093765,2013-05-07,TMAX,217
USW00093719,2009-07-27,TMIN,206
USW00093719,2007-07-27,TMAX,333
USC00310356,2014-05-30,TMAX,283
USW00093765,2013-05-07,TMIN,133
USC00314684,2009-09-25,TMIN,194
USR0000NHOF,2011-07-19,TMAX,339
USR0000NHOF,2011-07-19,TMIN,167
USW00093719,2006-12-17,TMIN,0
USW00093719,2006-12-17,TMAX,211
USW00013754,2005-01-14,TMAX,222
USR0000NCRN,2005-08-04,TMIN,206
USR0000NNWB,2008-03-25,TMIN,11
USC00315830,2013-05-30,TMIN,189
USC00315830,2013-05-30,TMAX,278
USR0000NCRN,2011-10-03,TMIN,39
USC00314689,2006-06-08,TMIN,194
USC00314689,2007-04-29,TMIN,150
USW00093719,2010-10-28,TMIN,211
USW00093719,2009-09-15,TMIN,156
USC00317170,2014-10-13,TMAX,289
USC00310576,2009-10-26,TMAX,206
USC00316096,2009-08-14,TMIN,211
USC00310576,2005-10-05,TMIN,217
USR0000NHOF,2015-06-16,TMIN,233
USR0000NHOF,2015-06-16,TMAX,383
USC00316676,2012-12-18,TMAX,172
USW00093765,2011-11-19,TMIN,50
USC00317170,2014-10-13,TMIN,156
USC00315830,2011-01-14,TMAX,67
USC00316676,2010-12-08,TMAX,33
USC00317170,2013-09-07,TMAX,278
USC00310356,2015-08-31,TMAX,294
USC00310576,2005-10-05,TMAX,278
USR0000NCRN,2008-06-21,TMAX,256
USR0000NHOF,2010-01-27,TMAX,94
USR0000NHOF,2010-01-27,TMIN,-33
USC00316676,2010-12-08,TMIN,-61
USR0000NCRN,2008-06-21,TMIN,194
USR0000NNWB,2007-12-28,TMIN,50
USW00093765,2011-11-19,TMAX,211
USC00316676,2012-12-18,TMIN,122
USC00310576,2009-10-26,TMIN,128
USW00013754,2011-02-06,TMAX,144
USC00314689,2009-06-18,TMIN,200
USC00315830,2013-09-14,TMIN,194
USC00315830,2013-09-14,TMAX,311
USC00314144,2011-05-30,TMIN,178
USW00093765,2008-04-02,TMAX,211
USC00314144,2005-08-27,TMIN,189
USC00314144,2005-08-27,TMAX,306
USW00093765,2015-01-19,TMIN,33
USC00316096,2012-08-18,TMIN,228
USC00317170,2007-08-28,TMAX,322
USC00316096,2012-08-18,TMAX,294
USC00314684,2015-08-11,TMIN,194
USC00314684,2015-08-11,TMAX,300
USC00310356,2007-05-27,TMIN,167
USR0000NCRN,2008-09-23,TMIN,167
USR0000NCRN,2008-09-23,TMAX,261
USW00013754,2011-02-06,TMIN,22
USW00093765,2015-01-19,TMAX,161
USC00317170,2007-08-28,TMIN,233
USC00310576,2015-02-25,TMIN,-11
USC00310576,2015-02-25,TMAX,11
USC00315830,2013-01-10,TMAX,211
USC00317170,2013-09-07,TMIN,161
USC00310576,2009-09-05,TMAX,272
USC00314689,2006-10-30,TMIN,78
USC00315830,2005-06-24,TMAX,294
USR0000NNWB,2011-01-26,TMIN,56
USC00314144,2010-09-21,TMAX,317
USC00314689,2006-10-30,TMAX,244
USC00316096,2012-07-19,TMIN,256
USC00316096,2012-07-19,TMAX,311
USW00093743,2008-04-26,TMAX,244
USW00093719,2013-05-30,TMAX,311
USC00310356,2015-06-16,TMAX,317
USW00093719,2013-05-30,TMIN,156
USW00093765,2011-02-03,TMIN,39
USW00013754,2007-01-07,TMAX,211
USC00316676,2010-09-02,TMAX,311
USC00314689,2012-12-25,TMIN,61
USW00013754,2007-01-07,TMIN,72
USW00093719,2010-10-28,TMAX,267
USC00314689,2012-12-25,TMAX,161
USR0000NNWB,2012-05-19,TMAX,261
USR0000NNWB,2012-05-19,TMIN,122
USC00316096,2011-02-13,TMIN,-28
USW00093765,2014-05-23,TMIN,200
USR0000NHOF,2011-03-15,TMIN,56
USW00093765,2007-02-13,TMAX,217
USC00310576,2009-09-05,TMIN,172
USC00315830,2010-05-25,TMAX,261
USR0000NCRN,2005-08-27,TMAX,311
USC00315830,2010-05-25,TMIN,217
USR0000NNWB,2011-01-26,TMAX,144
USW00093765,2007-02-13,TMIN,72
USR0000NCRN,2005-08-27,TMIN,222
USC00316096,2011-02-13,TMAX,128
USR0000NNWB,2007-12-28,TMAX,194
USR0000NNWB,2014-08-21,TMAX,344
USR0000NNWB,2014-08-21,TMIN,233
USC00314684,2014-11-01,TMIN,33
USC00314144,2010-09-21,TMIN,122
USC00310356,2015-06-16,TMIN,261
USC00315830,2009-05-21,TMAX,250
USC00315830,2013-01-10,TMIN,106
USW00093743,2008-04-26,TMIN,156
USC00315830,2005-06-24,TMIN,211
USW00093765,2014-05-23,TMAX,300
USC00314684,2014-11-01,TMAX,178
USC00315830,2009-05-21,TMIN,161
USW00093719,2009-09-15,TMAX,300
USW00093765,2006-10-30,TMAX,222
USC00316096,2012-05-27,TMAX,283
USW00013754,2010-06-14,TMIN,233
USC00310356,2009-09-30,TMIN,133
USR0000NCRN,2013-05-30,TMAX,278
USC00310356,2009-09-30,TMAX,244
USC00314689,2013-09-07,TMAX,289
USW00093743,2011-05-11,TMIN,139
USC00314689,2013-09-07,TMIN,156
USW00093719,2007-03-31,TMIN,33
USC00314144,2007-08-24,TMIN,200
USC00314689,2013-11-30,TMAX,117
USR0000NCRN,2013-05-30,TMIN,150
USC00310576,2005-08-27,TMAX,289
USC00310576,2005-08-27,TMIN,217
USC00317170,2014-05-09,TMAX,333
USC00310576,2011-07-31,TMIN,250
USR0000NNWB,2010-04-20,TMIN,67
USC00314684,2006-01-24,TMAX,156
USC00310576,2005-10-31,TMAX,217
USW00093765,2012-03-15,TMIN,122
USC00314689,2015-11-24,TMIN,-22
USC00314689,2010-11-03,TMIN,89
USC00317170,2014-05-09,TMIN,178
USC00314689,2010-11-03,TMAX,144
USC00314144,2007-08-24,TMAX,356
USW00093765,2007-02-10,TMIN,-10
USC00317170,2007-11-15,TMIN,106
USC00317170,2007-11-15,TMAX,250
USW00093765,2006-10-03,TMIN,111
USW00093719,2009-10-06,TMIN,167
USR0000NNWB,2014-05-28,TMIN,206
USW00093765,2009-01-08,TMAX,139
USW00093719,2009-10-06,TMAX,228
USR0000NNWB,2014-05-28,TMAX,333
USC00315830,2013-09-07,TMIN,189
USW00093765,2007-02-10,TMAX,89
USC00315830,2013-09-07,TMAX,289
USW00093719,2011-04-13,TMIN,117
USC00310356,2006-03-20,TMAX,117
USC00310576,2005-10-31,TMIN,11
USC00310356,2006-03-20,TMIN,50
USC00310576,2008-12-08,TMIN,-22
USR0000NCRN,2005-08-10,TMAX,311
USR0000NCRN,2005-08-10,TMIN,228
USR0000NNWB,2015-06-04,TMAX,294
USR0000NNWB,2015-06-04,TMIN,194
USC00310356,2012-12-06,TMAX,200
USC00310576,2008-12-08,TMAX,94
USR0000NNWB,2008-06-12,TMIN,211
USC00316676,2007-12-12,TMAX,244
USC00315830,2011-02-17,TMIN,56
USR0000NHOF,2009-08-11,TMIN,222
USW00093719,2007-03-31,TMAX,244
USC00316096,2011-08-22,TMAX,306
USR0000NNWB,2015-10-10,TMIN,150
USW00013754,2012-06-30,TMIN,239
USR0000NHOF,2006-03-20,TMAX,150
USR0000NHOF,2006-03-20,TMIN,-39
USR0000NNWB,2014-11-28,TMAX,83
USW00093765,2009-03-25,TMIN,22
USC00314689,2014-08-16,TMAX,311
USR0000NNWB,2010-10-03,TMAX,178
USW00093743,2011-05-11,TMAX,233
USW00013754,2009-10-24,TMIN,206
USR0000NNWB,2010-10-03,TMIN,156
USR0000NNWB,2009-02-11,TMIN,117
USC00316096,2011-12-15,TMAX,189
USW00013754,2009-11-29,TMIN,17
USW00013754,2009-11-29,TMAX,194
USR0000NNWB,2014-11-28,TMIN,-17
USC00314689,2014-08-16,TMIN,194
USR0000NNWB,2008-06-12,TMAX,328
USC00316096,2011-08-22,TMIN,211
USC00314684,2015-12-24,TMAX,239
USW00093765,2012-03-15,TMAX,233
USC00316676,2007-12-12,TMIN,111
USC00314689,2013-11-30,TMIN,-6
USW00013754,2012-06-30,TMAX,361
USR0000NNWB,2010-04-20,TMAX,239
USC00316676,2011-09-23,TMAX,294
USC00314689,2015-11-24,TMAX,139
USC00310356,2009-05-24,TMAX,267
USC00310356,2009-05-24,TMIN,211
USC00314684,2015-12-24,TMIN,189
USC00310576,2011-07-31,TMAX,367
USC00314684,2006-01-24,TMIN,56
USR0000NHOF,2009-08-11,TMAX,350
USC00310576,2010-10-15,TMAX,267
USC00310576,2010-10-15,TMIN,89
USR0000NNWB,2015-10-10,TMAX,217
USC00316676,2014-11-09,TMIN,33
USC00316676,2014-11-09,TMAX,172
USC00315830,2011-02-17,TMAX,183
USW00093765,2009-03-25,TMAX,128
USC00316676,2011-09-23,TMIN,211
USW00093765,2006-10-03,TMAX,256
USC00314689,2012-02-20,TMAX,100
USC00314689,2012-02-20,TMIN,22
USC00314684,2010-08-16,TMIN,178
USR0000NHOF,2009-09-30,TMAX,228
USW00093765,2013-06-25,TMIN,233
USC00316676,2010-04-08,TMAX,317
USW00093743,2009-08-11,TMAX,317
USC00314684,2010-08-16,TMAX,311
USW00093743,2009-08-11,TMIN,244
USW00013754,2011-11-19,TMIN,44
USR0000NHOF,2012-03-02,TMAX,189
USR0000NHOF,2009-09-30,TMIN,56
USW00013754,2011-11-19,TMAX,200
USC00316096,2015-10-25,TMIN,106
USW00093765,2006-02-22,TMIN,33
USC00315830,2008-05-18,TMAX,239
USC00314144,2007-11-19,TMAX,217
USC00315830,2008-05-18,TMIN,167
USC00310356,2012-12-06,TMIN,100
USR0000NCRN,2008-06-24,TMIN,200
USC00314144,2007-11-19,TMIN,39
USC00314684,2012-09-11,TMAX,256
USW00093765,2013-06-25,TMAX,289
USW00093765,2009-10-24,TMAX,272
USW00093719,2011-04-16,TMAX,250
USR0000NHOF,2009-10-21,TMIN,-6
USW00093719,2010-07-25,TMAX,361
USC00315830,2015-10-10,TMAX,267
USW00093765,2015-11-07,TMIN,183
USC00316676,2005-10-23,TMAX,267
USR0000NNWB,2009-10-24,TMAX,278
USC00316676,2005-10-23,TMIN,89
USW00013754,2007-06-20,TMIN,206
USC00310576,2014-02-08,TMIN,0
USC00314684,2011-07-21,TMIN,233
USW00093719,2012-06-25,TMIN,206
USC00310576,2009-03-06,TMAX,150
USW00013754,2007-06-20,TMAX,300
USC00310576,2014-02-08,TMAX,100
USC00316676,2013-05-30,TMAX,294
USC00316676,2013-05-30,TMIN,150
USC00316096,2013-09-07,TMAX,272
USC00316096,2013-09-07,TMIN,167
USC00314689,2006-09-04,TMAX,289
USC00314689,2006-09-04,TMIN,200
USR0000NHOF,2009-10-21,TMAX,228
USC00310576,2009-03-06,TMIN,-17
USC00314684,2012-09-11,TMIN,106
USR0000NNWB,2010-10-28,TMIN,211
USC00314144,2006-08-12,TMAX,261
USW00013754,2005-08-12,TMAX,328
USW00093719,2009-07-09,TMIN,194
USW00093719,2009-07-09,TMAX,283
USR0000NHOF,2010-06-30,TMIN,211
USC00310576,2010-01-27,TMAX,133
USW00093719,2011-04-16,TMIN,161
USR0000NHOF,2010-06-30,TMAX,294
USC00315830,2009-08-28,TMIN,217
USR0000NCRN,2008-10-24,TMAX,206
USC00314684,2008-12-10,TMIN,61
USC00315830,2009-08-28,TMAX,300
USR0000NHOF,2012-03-02,TMIN,128
USW00093719,2010-12-27,TMIN,-44
USC00310576,2010-01-27,TMIN,11
USW00093765,2009-01-08,TMIN,61
USW00093719,2010-12-27,TMAX,22
USR0000NCRN,2007-08-16,TMAX,317
USC00314144,2007-12-28,TMAX,194
USR0000NCRN,2007-08-16,TMIN,256
USC00310356,2011-06-02,TMAX,294
USC00314684,2008-12-10,TMAX,183
USC00314144,2007-12-28,TMIN,11
USW00093765,2009-10-24,TMIN,217
USC00314689,2011-11-19,TMIN,-6
USW00093719,2012-06-25,TMAX,317
USW00093719,2006-06-08,TMIN,178
USR0000NCRN,2008-06-24,TMAX,311
USR0000NNWB,2010-10-28,TMAX,261
USC00310356,2007-09-24,TMIN,206
USC00314144,2006-08-12,TMIN,189
USC00310356,2007-09-24,TMAX,328
USW00093719,2006-06-08,TMAX,294
USC00316096,2015-10-25,TMAX,244
USW00093743,2009-09-30,TMIN,111
USR0000NCRN,2005-03-01,TMAX,178
USR0000NNWB,2005-01-24,TMIN,-89
USR0000NCRN,2005-03-01,TMIN,11
USW00093765,2006-02-22,TMAX,150
USW00093743,2009-09-30,TMAX,233
USC00314689,2011-11-19,TMAX,189
USC00310576,2010-03-17,TMIN,22
USW00013754,2005-08-12,TMIN,222
USW00093719,2011-04-13,TMAX,222
USR0000NNWB,2005-01-24,TMAX,50
USC00310576,2010-03-17,TMAX,122
USC00315830,2007-07-24,TMAX,300
USC00316096,2011-12-15,TMIN,28
USW00013754,2013-01-26,TMAX,17
USR0000NCRN,2013-03-18,TMIN,89
USR0000NCRN,2005-07-25,TMIN,194
USW00093719,2006-01-24,TMIN,94
USW00093719,2006-01-24,TMAX,156
USC00314684,2012-07-01,TMAX,389
USC00310356,2008-09-23,TMAX,233
USC00310356,2008-09-23,TMIN,183
USW00093719,2010-06-14,TMIN,228
USW00093719,2008-11-17,TMAX,133
USW00093719,2008-11-17,TMIN,11
USW00093743,2009-01-24,TMIN,56
USC00316096,2015-03-23,TMAX,111
USW00093743,2010-06-30,TMAX,306
USC00310576,2015-01-02,TMIN,-6
USC00314689,2010-12-13,TMAX,128
USW00093765,2012-11-21,TMAX,139
USC00315830,2012-09-20,TMAX,250
USC00315830,2012-09-20,TMIN,122
USR0000NHOF,2009-05-24,TMAX,272
USC00314684,2008-08-27,TMAX,294
USR0000NHOF,2009-05-24,TMIN,172
USW00093743,2010-06-30,TMIN,233
USC00310576,2015-01-02,TMAX,128
USC00316096,2014-03-29,TMAX,200
USC00316096,2009-09-25,TMIN,200
USC00310356,2008-02-25,TMAX,111
USR0000NCRN,2011-10-19,TMAX,250
USW00093719,2007-11-17,TMIN,-28
USC00317170,2012-05-27,TMIN,217
USC00317170,2012-05-27,TMAX,294
USR0000NCRN,2011-10-19,TMIN,144
USW00093719,2013-02-28,TMAX,133
USC00310356,2008-02-25,TMIN,33
USW00093719,2015-09-18,TMIN,194
USR0000NNWB,2013-01-26,TMIN,-28
USW00093743,2011-03-23,TMIN,122
USC00314689,2013-10-23,TMIN,133
USW00093719,2013-02-28,TMIN,44
USC00316096,2014-03-29,TMIN,167
USC00316096,2015-03-23,TMIN,61
USC00314689,2013-10-23,TMAX,217
USC00314684,2012-07-01,TMIN,228
USR0000NNWB,2013-01-26,TMAX,6
USC00316096,2009-09-25,TMAX,300
USR0000NCRN,2005-07-25,TMAX,317
USW00093743,2009-01-24,TMAX,144
USC00314689,2010-12-13,TMIN,-56
USC00314689,2005-06-01,TMAX,278
USC00310356,2015-11-11,TMIN,122
USR0000NNWB,2011-02-06,TMIN,28
USC00316096,2014-08-31,TMAX,311
USC00310356,2011-06-02,TMIN,244
USC00316676,2014-12-02,TMIN,72
USW00093765,2011-12-27,TMIN,56
USC00316676,2014-12-02,TMAX,233
USR0000NNWB,2009-04-28,TMAX,294
USR0000NNWB,2009-04-28,TMIN,139
USR0000NHOF,2008-05-18,TMIN,150
USR0000NNWB,2011-02-06,TMAX,161
USR0000NHOF,2008-05-18,TMAX,267
USC00315830,2013-03-06,TMAX,167
USC00316676,2013-10-11,TMAX,172
USC00314684,2012-08-18,TMIN,206
USC00316676,2013-01-15,TMIN,111
USW00093765,2011-01-20,TMAX,128
USC00316676,2013-10-11,TMIN,156
USC00315830,2013-03-06,TMIN,61
USW00093765,2011-12-27,TMAX,189
USW00093765,2006-10-30,TMIN,111
USR0000NHOF,2009-01-17,TMIN,-150
USC00314684,2006-04-14,TMIN,100
USR0000NHOF,2009-01-17,TMAX,22
USC00316676,2007-07-03,TMIN,161
USW00013754,2008-09-05,TMAX,289
USC00310356,2015-11-11,TMAX,222
USW00013754,2008-09-05,TMIN,206
USC00314684,2008-08-27,TMIN,211
USW00093765,2012-11-21,TMIN,78
USW00013754,2014-07-19,TMAX,272
USW00013754,2014-07-19,TMIN,222
USC00314689,2011-02-13,TMAX,111
USC00316676,2005-03-01,TMIN,61
USR0000NCRN,2010-12-13,TMIN,-33
USC00314689,2011-02-13,TMIN,-22
USC00314689,2005-06-01,TMIN,156
USC00316096,2014-08-31,TMIN,211
USC00316676,2008-05-24,TMIN,133
USC00316676,2008-05-24,TMAX,244
USC00314689,2005-12-17,TMAX,111
USW00093743,2011-03-23,TMAX,217
USC00316676,2007-07-03,TMAX,272
USC00314689,2005-12-17,TMIN,6
USC00316676,2010-12-04,TMIN,-6
USC00314684,2006-04-14,TMAX,278
USW00093719,2015-09-18,TMAX,294
USC00315830,2015-10-10,TMIN,167
USR0000NHOF,2008-10-04,TMAX,261
USC00316676,2009-12-05,TMIN,56
USR0000NNWB,2006-09-08,TMIN,172
USR0000NNWB,2006-09-08,TMAX,278
USC00317170,2011-09-18,TMIN,167
USC00316676,2014-11-01,TMAX,189
USC00316676,2014-11-01,TMIN,61
USC00310576,2013-01-14,TMAX,239
USC00310576,2013-01-14,TMIN,128
USW00093743,2009-05-24,TMAX,267
USC00315830,2015-06-16,TMAX,339
USC00310356,2011-05-11,TMAX,289
USC00315830,2015-06-16,TMIN,256
USW00013754,2013-08-24,TMAX,294
USC00314684,2012-11-08,TMIN,0
USC00314684,2005-12-23,TMAX,100
USC00314684,2005-12-23,TMIN,-61
USC00314684,2009-01-30,TMIN,-6
USW00013754,2014-05-28,TMIN,211
USR0000NHOF,2005-10-05,TMIN,211
USR0000NHOF,2005-10-05,TMAX,272
USC00317170,2011-09-18,TMAX,217
USW00093743,2009-05-24,TMIN,206
USC00315830,2010-03-17,TMAX,172
USW00013754,2009-10-24,TMAX,278
USC00314144,2009-12-26,TMIN,56
USR0000NCRN,2013-03-18,TMAX,194
USW00013754,2013-01-26,TMIN,-16
USR0000NNWB,2009-02-11,TMAX,228
USR0000NNWB,2011-12-24,TMAX,133
USC00314684,2011-08-19,TMAX,317
USC00314684,2011-08-19,TMIN,178
USR0000NNWB,2011-12-24,TMIN,56
USC00317170,2012-08-07,TMIN,228
USW00093765,2008-10-07,TMIN,133
USC00310356,2011-05-11,TMIN,178
USR0000NNWB,2006-06-08,TMIN,178
USC00310576,2005-05-26,TMIN,94
USC00315830,2007-07-24,TMIN,183
USC00314689,2005-05-17,TMIN,144
USC00314689,2005-05-17,TMAX,294
USC00316676,2015-12-31,TMIN,183
USC00314144,2009-12-26,TMAX,167
USW00093765,2008-10-07,TMAX,228
USC00316676,2015-12-31,TMAX,256
USR0000NNWB,2006-06-08,TMAX,300
USC00310576,2005-05-26,TMAX,261
USC00314684,2012-11-08,TMAX,100
USW00013754,2014-05-28,TMAX,328
USC00314684,2009-01-30,TMAX,122
USW00093719,2012-01-08,TMIN,83
USW00093765,2014-04-09,TMIN,117
USW00093719,2010-06-14,TMAX,344
USW00093719,2012-01-08,TMAX,161
USR0000NNWB,2007-12-05,TMAX,117
USW00013754,2013-08-24,TMIN,211
USC00315830,2014-11-01,TMIN,83
USW00093765,2014-04-09,TMAX,211
USW00013754,2005-03-22,TMIN,67
USC00317170,2015-02-03,TMAX,67
USC00315830,2014-11-01,TMAX,189
USC00317170,2009-03-13,TMIN,72
USC00314689,2014-08-31,TMAX,328
USR0000NNWB,2007-12-05,TMIN,22
USC00317170,2009-03-13,TMAX,94
USW00013754,2007-07-27,TMIN,217
USW00013754,2007-07-27,TMAX,317
USC00316676,2009-12-05,TMAX,156
USR0000NHOF,2008-10-04,TMIN,50
USR0000NCRN,2008-10-24,TMIN,139
USC00314689,2014-08-31,TMIN,206
USC00317170,2015-02-03,TMIN,-39
USW00013754,2005-03-22,TMAX,167
USW00093719,2007-04-14,TMIN,56
USC00314144,2010-08-10,TMAX,317
USC00315830,2010-03-17,TMIN,39
USC00314144,2010-08-10,TMIN,217
USR0000NNWB,2007-02-21,TMAX,183
USC00315830,2005-04-01,TMAX,239
USC00317170,2012-08-07,TMAX,306
USC00315830,2005-04-01,TMIN,139
USC00310576,2008-03-04,TMIN,33
USW00093719,2007-04-14,TMAX,206
USR0000NCRN,2008-04-02,TMAX,300
USR0000NCRN,2008-04-02,TMIN,0
USC00314689,2014-03-29,TMIN,150
USC00314689,2014-03-29,TMAX,222
USC00310576,2008-03-04,TMAX,217
USC00314684,2014-08-21,TMAX,317
USW00093719,2013-06-25,TMIN,222
USC00314684,2014-08-21,TMIN,217
USR0000NNWB,2007-02-21,TMIN,106
USW00093719,2013-06-25,TMAX,328
USC00314144,2006-06-09,TMAX,300
USC00314144,2006-06-09,TMIN,144
USW00093719,2007-11-17,TMAX,150
USW00093719,2010-07-25,TMIN,250
USC00316096,2014-12-31,TMAX,89
USC00316096,2014-12-31,TMIN,-28
USC00317170,2015-08-11,TMIN,211
USC00314689,2007-04-25,TMAX,306
USW00013754,2014-11-28,TMAX,83
USC00314689,2015-10-04,TMAX,283
USC00314689,2007-04-25,TMIN,167
USC00316096,2014-08-16,TMAX,294
USC00314689,2015-10-04,TMIN,217
USC00317170,2007-10-03,TMIN,211
USC00315830,2011-02-25,TMIN,128
USC00316096,2012-07-30,TMAX,272
USC00317170,2015-08-11,TMAX,278
USC00314684,2009-03-13,TMAX,150
USR0000NNWB,2012-02-19,TMIN,33
USC00310356,2008-12-16,TMAX,189
USC00316096,2009-07-01,TMAX,328
USC00316096,2014-08-16,TMIN,178
USC00316096,2009-07-01,TMIN,194
USW00013754,2006-12-22,TMIN,100
USC00314684,2005-02-16,TMAX,189
USC00314684,2005-02-16,TMIN,72
USW00013754,2006-12-22,TMAX,206
USR0000NHOF,2012-12-06,TMIN,78
USR0000NHOF,2014-01-04,TMIN,-78
USC00317170,2007-10-03,TMAX,317
USC00310576,2010-09-10,TMAX,311
USW00093765,2008-11-27,TMAX,150
USC00314689,2014-10-13,TMAX,289
USC00310576,2010-09-10,TMIN,144
USC00310576,2007-07-15,TMIN,200
USC00316096,2012-07-30,TMIN,222
USC00314689,2014-10-13,TMIN,150
USC00310356,2009-01-17,TMAX,-6
USC00315830,2012-01-15,TMIN,-39
USW00093743,2010-10-15,TMAX,211
USC00314144,2009-12-11,TMIN,-33
USC00314144,2009-12-11,TMAX,28
USC00317170,2012-05-31,TMAX,339
USC00310356,2009-01-17,TMIN,-61
USR0000NNWB,2007-06-20,TMIN,189
USR0000NNWB,2007-06-20,TMAX,306
USC00310356,2008-12-16,TMIN,144
USC00314684,2006-02-22,TMAX,156
USC00314684,2006-02-22,TMIN,33
USW00093743,2010-10-15,TMIN,83
USC00317170,2012-05-31,TMIN,172
USW00093765,2007-12-31,TMIN,61
USC00315830,2006-06-21,TMIN,244
USC00314684,2009-03-13,TMIN,61
USR0000NNWB,2007-04-07,TMIN,-6
USC00314144,2011-02-07,TMAX,106
USC00315830,2006-05-25,TMIN,117
USC00310356,2014-03-30,TMAX,167
USC00316676,2014-03-14,TMAX,89
USC00315830,2005-12-01,TMAX,217
USR0000NHOF,2013-01-14,TMAX,222
USC00314689,2009-08-14,TMAX,278
USW00013754,2014-11-28,TMIN,-10
USR0000NNWB,2007-04-07,TMAX,94
USC00314689,2009-08-14,TMIN,228
USC00310356,2010-09-28,TMIN,211
USC00310576,2012-04-15,TMAX,228
USC00310356,2009-10-21,TMAX,189
USC00310356,2009-10-21,TMIN,72
USC00317170,2010-08-28,TMIN,211
USC00310356,2010-10-15,TMIN,117
USC00310356,2010-10-15,TMAX,261
USC00316676,2010-07-21,TMAX,350
USC00317170,2010-08-28,TMAX,317
USC00310576,2012-04-15,TMIN,50
USC00314144,2011-02-07,TMIN,6
USC00315830,2006-05-25,TMAX,267
USC00314144,2008-06-09,TMIN,228
USW00093719,2007-01-07,TMAX,211
USR0000NHOF,2012-12-06,TMAX,100
USR0000NNWB,2014-11-01,TMIN,50
USR0000NNWB,2014-11-01,TMAX,133
USW00093765,2006-09-08,TMAX,261
USW00093765,2006-09-08,TMIN,189
USR0000NHOF,2013-01-14,TMIN,139
USR0000NNWB,2005-01-14,TMAX,222
USC00314144,2008-06-09,TMAX,339
USC00315830,2006-06-21,TMAX,289
USW00093719,2007-01-07,TMIN,67
USW00013754,2007-12-05,TMIN,11
USR0000NNWB,2005-01-14,TMIN,61
USC00315830,2011-02-25,TMAX,178
USR0000NNWB,2010-02-17,TMIN,-33
USR0000NNWB,2010-02-17,TMAX,78
USR0000NHOF,2011-05-10,TMIN,78
USW00093765,2006-06-08,TMIN,194
USC00310356,2011-03-15,TMIN,89
USW00093765,2006-06-08,TMAX,272
USW00093765,2007-12-31,TMAX,172
USC00310576,2007-07-15,TMAX,294
USW00013754,2014-11-01,TMIN,72
USC00314684,2012-07-19,TMAX,333
USC00315830,2014-06-16,TMIN,200
USC00314144,2008-09-23,TMIN,150
USW00093743,2008-12-16,TMAX,206
USC00314144,2008-09-23,TMAX,244
USW00093743,2013-03-18,TMAX,178
USC00314684,2013-06-25,TMIN,211
USC00314684,2013-06-25,TMAX,294
USC00314684,2006-10-30,TMIN,56
USC00317170,2008-04-18,TMIN,89
USW00013754,2010-02-07,TMIN,-32
USW00093765,2007-03-27,TMAX,217
USC00310576,2012-11-27,TMIN,17
USC00310356,2013-03-18,TMIN,83
USC00310576,2014-06-22,TMAX,317
USC00314684,2006-10-30,TMAX,222
USC00317170,2008-04-18,TMAX,311
USW00013754,2010-02-07,TMAX,61
USC00310356,2013-03-18,TMAX,161
USC00316096,2010-12-13,TMIN,-39
USR0000NHOF,2009-11-16,TMAX,228
USR0000NNWB,2005-03-12,TMAX,200
USC00316096,2010-12-13,TMAX,50
USW00093719,2011-11-19,TMIN,17
USW00093765,2007-03-27,TMIN,161
USW00093743,2008-12-16,TMIN,106
USC00316096,2014-10-13,TMAX,283
USW00093719,2014-11-01,TMIN,61
USW00093719,2014-11-01,TMAX,150
USC00314689,2009-01-27,TMAX,78
USC00314684,2007-10-28,TMIN,106
USC00314684,2007-04-29,TMIN,139
USC00314684,2007-04-29,TMAX,261
USC00314689,2014-12-31,TMAX,78
USC00314684,2007-10-28,TMAX,233
USW00093743,2013-03-18,TMIN,89
USW00013754,2010-06-14,TMAX,350
USC00314689,2013-05-30,TMAX,306
USW00093765,2014-12-13,TMAX,133
USW00093765,2014-12-13,TMIN,6
USC00314689,2013-05-30,TMIN,156
USW00013754,2007-08-09,TMAX,350
USC00314689,2010-02-07,TMAX,44
USC00314689,2010-02-07,TMIN,-22
USC00314684,2011-06-03,TMIN,189
USW00013754,2007-08-09,TMIN,278
USC00316096,2014-10-13,TMIN,167
USW00093719,2011-11-19,TMAX,200
USR0000NHOF,2010-10-15,TMIN,39
USR0000NHOF,2010-10-15,TMAX,217
USC00310576,2008-01-11,TMAX,233
USC00314684,2013-09-07,TMAX,300
USC00310356,2005-07-06,TMAX,300
USC00314684,2013-09-07,TMIN,144
USR0000NNWB,2012-11-05,TMIN,50
USR0000NHOF,2009-11-16,TMIN,44
USR0000NNWB,2012-11-05,TMAX,133
USR0000NCRN,2015-05-09,TMIN,200
USC00314144,2007-09-13,TMAX,278
USC00310576,2013-05-30,TMAX,289
USC00314144,2007-09-13,TMIN,200
USC00315830,2014-06-16,TMAX,289
USR0000NHOF,2011-05-10,TMAX,244
USR0000NCRN,2015-05-09,TMAX,261
USR0000NNWB,2012-02-19,TMAX,117
USR0000NCRN,2005-01-01,TMAX,239
USC00316096,2010-08-16,TMIN,206
USC00316096,2010-08-16,TMAX,322
USR0000NCRN,2005-01-01,TMIN,0
USC00315830,2012-01-15,TMAX,94
USC00314684,2012-07-19,TMIN,233
USC00310576,2013-05-30,TMIN,139
USC00315830,2015-03-09,TMIN,-6
USC00310576,2008-01-11,TMIN,106
USR0000NNWB,2005-03-12,TMIN,22
USC00310356,2008-10-21,TMAX,178
USR0000NNWB,2011-02-11,TMIN,-44
USR0000NNWB,2011-02-11,TMAX,39
USC00314144,2007-12-27,TMAX,150
USC00314144,2007-12-27,TMIN,6
USW00093765,2014-08-21,TMAX,311
USW00093765,2014-08-21,TMIN,239
USW00093719,2012-05-19,TMAX,256
USC00314689,2015-10-25,TMIN,100
USR0000NCRN,2006-03-20,TMAX,167
USR0000NCRN,2006-03-20,TMIN,0
USC00310576,2011-09-14,TMAX,300
USW00093719,2012-05-19,TMIN,122
USW00093765,2008-11-27,TMIN,-16
USC00310576,2011-09-14,TMIN,156
USC00310576,2012-11-27,TMAX,183
USC00315830,2015-03-09,TMAX,144
USC00310356,2008-10-21,TMIN,83
USC00314689,2015-10-25,TMAX,256
USC00310356,2005-07-06,TMIN,267
USC00314689,2009-01-27,TMIN,50
USC00314684,2010-10-18,TMAX,228
USC00316676,2010-07-21,TMIN,228
USR0000NNWB,2013-02-28,TMAX,122
USW00013754,2007-08-12,TMAX,283
USC00310356,2013-01-14,TMIN,117
USC00314144,2009-11-14,TMAX,150
USW00013754,2007-08-12,TMIN,206
USW00093743,2012-12-06,TMAX,122
USW00093743,2008-10-21,TMAX,206
USW00093765,2008-11-06,TMAX,228
USC00316676,2012-05-27,TMAX,283
USC00315830,2006-10-07,TMIN,111
USW00013754,2011-09-08,TMAX,311
USC00316676,2009-01-17,TMIN,-94
USC00315830,2005-07-19,TMIN,261
USW00013754,2015-10-10,TMAX,217
USW00093765,2015-08-11,TMIN,233
USW00013754,2015-10-10,TMIN,172
USC00317170,2014-04-09,TMIN,106
USC00317170,2014-04-09,TMAX,217
USR0000NHOF,2010-07-20,TMAX,339
USR0000NHOF,2010-07-20,TMIN,233
USC00315830,2006-10-07,TMAX,272
USW00093765,2008-11-06,TMIN,133
USW00093765,2015-08-11,TMAX,278
USW00013754,2011-09-08,TMIN,206
USC00315830,2005-07-19,TMAX,311
USC00316096,2011-11-19,TMAX,206
USC00317170,2013-06-25,TMAX,350
USC00317170,2007-05-25,TMIN,122
USW00093743,2013-05-30,TMIN,172
USW00093743,2013-05-30,TMAX,278
USC00317170,2011-12-27,TMAX,178
USC00314689,2009-04-03,TMAX,244
USC00316676,2013-11-11,TMAX,222
USR0000NCRN,2009-11-16,TMIN,161
USW00093743,2014-01-04,TMAX,94
USC00316096,2011-11-19,TMIN,6
USW00093743,2012-12-06,TMIN,78
USC00314689,2015-11-04,TMIN,144
USC00314689,2015-11-04,TMAX,211
USC00310356,2013-05-30,TMIN,211
USC00310356,2013-05-30,TMAX,267
USW00093743,2014-01-04,TMIN,-43
USR0000NHOF,2015-11-11,TMIN,72
USR0000NCRN,2009-11-16,TMAX,233
USR0000NHOF,2015-11-11,TMAX,217
USC00317170,2007-05-25,TMAX,289
USC00310356,2013-01-14,TMAX,172
USC00315830,2012-03-31,TMAX,244
USW00093743,2008-10-21,TMIN,39
USR0000NCRN,2008-01-26,TMAX,50
USR0000NHOF,2011-08-27,TMIN,211
USW00013754,2010-02-17,TMIN,-38
USR0000NCRN,2008-01-26,TMIN,-28
USW00013754,2010-02-17,TMAX,78
USC00314684,2005-11-10,TMAX,272
USR0000NHOF,2011-08-27,TMAX,244
USC00314684,2011-07-21,TMAX,378
USC00310356,2014-01-04,TMIN,39
USC00316676,2010-04-08,TMIN,139
USC00315830,2015-09-08,TMAX,300
USC00314144,2009-06-07,TMAX,267
USC00317170,2015-09-21,TMAX,294
USC00314684,2012-12-25,TMAX,144
USC00310576,2005-04-23,TMIN,61
USC00310576,2005-04-23,TMAX,228
USW00013754,2015-06-04,TMAX,278
USW00013754,2015-06-04,TMIN,200
USC00314144,2009-06-07,TMIN,183
USC00315830,2015-09-08,TMIN,233
USC00317170,2015-09-21,TMIN,194
USC00310356,2009-08-11,TMIN,256
USR0000NNWB,2006-12-22,TMIN,100
USC00310356,2009-08-11,TMAX,306
USC00315830,2012-03-31,TMIN,111
USR0000NNWB,2006-12-22,TMAX,194
USC00316676,2009-01-17,TMAX,6
USC00314144,2009-11-14,TMIN,117
USC00314689,2015-03-23,TMAX,167
USC00314689,2008-12-29,TMAX,244
USC00314689,2008-12-29,TMIN,122
USR0000NCRN,2006-09-17,TMIN,178
USC00310356,2009-01-24,TMAX,122
USR0000NCRN,2006-09-17,TMAX,278
USC00316676,2012-05-27,TMIN,222
USC00310356,2009-01-24,TMIN,72
USR0000NNWB,2007-11-05,TMAX,206
USR0000NNWB,2007-11-05,TMIN,33
USR0000NNWB,2009-10-24,TMIN,194
USC00314684,2005-11-10,TMIN,111
USC00315830,2007-01-12,TMIN,39
USC00315830,2007-01-12,TMAX,206
USC00314144,2006-09-21,TMAX,261
USC00314144,2006-09-21,TMIN,94
USC00314684,2012-12-25,TMIN,28
USC00317170,2013-06-25,TMIN,222
USW00013754,2013-11-07,TMAX,217
USC00317170,2011-12-27,TMIN,0
USC00310576,2011-01-27,TMAX,156
USR0000NNWB,2009-11-29,TMIN,22
USC00310356,2014-01-31,TMAX,61
USC00310356,2014-01-31,TMIN,-67
USC00316676,2014-03-14,TMIN,-39
USR0000NNWB,2009-11-29,TMAX,222
USW00093743,2014-01-31,TMAX,106
USW00093743,2014-01-31,TMIN,-16
USR0000NNWB,2008-07-05,TMAX,317
USC00315830,2008-07-18,TMAX,306
USW00093765,2008-11-14,TMIN,189
USC00314689,2009-07-01,TMAX,350
USC00315830,2008-07-18,TMIN,233
USR0000NCRN,2011-10-21,TMAX,183
USR0000NCRN,2011-10-21,TMIN,50
USW00013754,2007-08-27,TMIN,228
USW00093743,2009-01-17,TMAX,17
USR0000NHOF,2014-01-31,TMAX,156
USR0000NHOF,2014-01-04,TMAX,106
USW00093743,2009-10-21,TMAX,211
USR0000NNWB,2008-07-05,TMIN,222
USC00314689,2009-07-01,TMIN,211
USC00315830,2014-12-17,TMAX,178
USW00093765,2008-11-14,TMAX,222
USR0000NHOF,2007-09-24,TMAX,283
USW00013754,2014-11-01,TMAX,144
USC00310356,2010-09-28,TMAX,294
USC00316096,2013-05-07,TMAX,217
USW00013754,2013-11-07,TMIN,128
USC00310356,2014-03-30,TMIN,128
USR0000NHOF,2007-09-24,TMIN,111
USC00315830,2005-12-01,TMIN,83
USC00316096,2013-05-07,TMIN,106
USW00093743,2013-01-14,TMIN,133
USW00093743,2011-03-05,TMIN,78
USW00013754,2011-12-24,TMAX,139
USR0000NNWB,2013-02-28,TMIN,28
USR0000NHOF,2011-05-11,TMIN,111
USR0000NHOF,2011-05-11,TMAX,244
USC00316676,2008-10-15,TMAX,267
USC00314684,2011-06-03,TMAX,372
USR0000NHOF,2014-03-30,TMAX,172
USW00093743,2013-01-14,TMAX,211
USC00316676,2008-10-15,TMIN,100
USR0000NHOF,2014-03-30,TMIN,78
USW00013754,2011-12-24,TMIN,44
USC00316676,2008-07-11,TMIN,217
USC00317170,2011-12-15,TMIN,33
USC00317170,2011-12-15,TMAX,217
USW00093765,2008-06-12,TMIN,200
USC00316676,2006-09-15,TMAX,244
USC00314144,2008-04-16,TMAX,183
USC00314144,2008-04-16,TMIN,-22
USC00316096,2010-10-02,TMAX,222
USW00013754,2012-11-05,TMAX,139
USC00315830,2009-04-17,TMAX,244
USC00310576,2011-01-27,TMIN,33
USC00316096,2010-10-02,TMIN,156
USW00013754,2012-11-05,TMIN,67
USC00316676,2006-09-15,TMIN,200
USC00316096,2013-11-30,TMAX,139
USC00316096,2013-11-30,TMIN,22
USR0000NCRN,2012-03-13,TMAX,211
USR0000NCRN,2012-03-13,TMIN,111
USC00315830,2009-04-17,TMIN,22
USR0000NHOF,2009-12-04,TMIN,39
USC00314689,2009-04-03,TMIN,172
USC00314689,2013-05-07,TMAX,239
USC00315830,2014-12-17,TMIN,56
USC00316676,2013-11-11,TMIN,61
USW00093765,2008-06-12,TMAX,300
USC00310576,2007-11-18,TMAX,156
USC00314684,2012-05-27,TMAX,294
USW00093743,2009-01-17,TMIN,-99
USC00317170,2014-08-21,TMAX,350
USR0000NNWB,2007-07-27,TMIN,206
USC00314684,2006-07-26,TMIN,222
USR0000NNWB,2007-07-27,TMAX,339
USC00314689,2011-08-22,TMIN,211
USC00317170,2014-08-21,TMIN,228
USR0000NHOF,2014-01-31,TMIN,-33
USC00314684,2006-07-26,TMAX,306
USC00314689,2011-08-22,TMAX,300
USC00316676,2008-07-11,TMAX,317
USW00093743,2011-03-05,TMAX,194
USW00093765,2015-11-07,TMAX,250
USW00093743,2009-10-21,TMIN,61
USR0000NNWB,2011-11-19,TMIN,111
USW00013754,2007-08-27,TMAX,289
USR0000NHOF,2009-12-04,TMAX,144
USC00310576,2007-11-18,TMIN,6
USR0000NNWB,2011-11-19,TMAX,206
USC00310356,2011-03-15,TMAX,150
USC00314684,2012-05-27,TMIN,206
USC00314689,2013-05-07,TMIN,106
USR0000NCRN,2014-10-31,TMAX,189
USC00314684,2013-08-24,TMIN,194
USC00314684,2009-07-31,TMIN,222
USW00013754,2013-05-08,TMAX,233
USW00013754,2013-05-08,TMIN,94
USC00316676,2012-06-22,TMAX,333
USW00093765,2007-03-26,TMAX,211
USW00013754,2010-11-22,TMAX,211
USR0000NCRN,2015-10-31,TMIN,78
USW00093765,2007-03-26,TMIN,83
USR0000NNWB,2011-05-14,TMAX,306
USR0000NNWB,2011-05-14,TMIN,183
USC00310356,2007-02-10,TMAX,83
USC00310356,2015-11-04,TMAX,189
USW00093719,2007-02-21,TMAX,183
USW00093719,2007-12-05,TMAX,117
USC00315830,2014-10-31,TMIN,133
USR0000NHOF,2015-08-07,TMAX,289
USW00093719,2007-12-05,TMIN,17
USW00013754,2010-11-22,TMIN,67
USW00013754,2005-11-12,TMIN,0
USR0000NCRN,2011-03-15,TMIN,83
USC00315830,2014-10-31,TMAX,250
USC00314684,2013-03-05,TMIN,-33
USW00093719,2007-02-21,TMIN,94
USC00316676,2012-06-22,TMIN,206
USW00013754,2015-12-31,TMAX,233
USW00013754,2015-12-04,TMIN,61
USW00093765,2010-10-28,TMAX,261
USW00093765,2010-10-28,TMIN,222
USC00314684,2009-02-26,TMAX,122
USC00310576,2012-04-01,TMAX,217
USC00310576,2012-04-01,TMIN,111
USC00314144,2005-07-16,TMIN,233
USC00310356,2014-08-21,TMIN,244
USR0000NHOF,2011-10-19,TMAX,261
USC00310356,2007-02-10,TMIN,-17
USW00093743,2012-11-05,TMIN,50
USW00093743,2012-12-15,TMIN,33
USW00093765,2008-08-14,TMAX,272
USC00310356,2013-09-08,TMAX,300
USC00310356,2012-11-05,TMIN,61
USC00310356,2012-11-05,TMAX,228
USW00013754,2015-12-31,TMIN,156
USR0000NCRN,2015-10-31,TMAX,211
USW00093765,2008-08-14,TMIN,183
USC00310356,2013-09-08,TMIN,189
USW00093743,2012-11-05,TMAX,133
USC00310356,2005-12-24,TMIN,-11
USC00314684,2013-03-05,TMAX,89
USR0000NHOF,2011-10-19,TMIN,128
USR0000NCRN,2015-07-25,TMAX,300
USC00314144,2011-07-09,TMIN,250
USC00317170,2008-09-05,TMAX,283
USC00317170,2008-09-05,TMIN,189
USR0000NCRN,2015-07-25,TMIN,156
USC00316676,2010-09-22,TMAX,278
USC00310576,2011-11-26,TMIN,11
USC00310576,2011-11-26,TMAX,194
USC00314684,2006-06-09,TMAX,289
USR0000NHOF,2007-03-15,TMIN,117
USC00314684,2006-06-09,TMIN,161
USR0000NCRN,2007-12-27,TMIN,0
USC00315830,2007-12-31,TMIN,94
USC00314689,2015-09-18,TMAX,289
USC00310356,2005-08-02,TMAX,300
USC00310356,2011-11-20,TMAX,217
USC00310356,2011-11-20,TMIN,100
USC00310356,2005-08-02,TMIN,239
USC00314689,2013-11-11,TMAX,217
USC00314689,2015-09-18,TMIN,161
USR0000NCRN,2007-12-27,TMAX,144
USC00310356,2015-11-04,TMIN,172
USC00314144,2011-07-09,TMAX,317
USR0000NHOF,2007-03-15,TMAX,256
USR0000NCRN,2015-12-04,TMIN,44
USR0000NCRN,2015-12-04,TMAX,122
USC00316096,2014-06-16,TMAX,289
USC00310356,2014-08-21,TMAX,300
USC00316676,2011-05-17,TMAX,267
USC00314144,2006-02-08,TMIN,-50
USC00314144,2006-02-08,TMAX,122
USR0000NHOF,2009-05-15,TMIN,178
USC00315830,2007-12-31,TMAX,167
USR0000NHOF,2011-10-03,TMAX,206
USC00316096,2014-06-16,TMIN,172
USW00093719,2008-02-08,TMAX,172
USR0000NHOF,2012-12-15,TMAX,144
USW00093719,2008-02-08,TMIN,33
USR0000NHOF,2015-08-07,TMIN,211
USR0000NHOF,2005-12-24,TMAX,167
USC00314689,2013-11-11,TMIN,17
USC00316676,2011-05-17,TMIN,144
USR0000NHOF,2005-12-24,TMIN,-61
USR0000NCRN,2011-03-15,TMAX,156
USW00013754,2005-11-12,TMAX,178
USC00310356,2005-12-24,TMAX,106
USW00013754,2015-12-04,TMAX,128
USC00315830,2013-06-01,TMIN,222
USR0000NCRN,2011-11-19,TMIN,11
USC00316676,2015-03-15,TMAX,200
USC00317170,2014-11-09,TMIN,83
USC00317170,2014-11-09,TMAX,178
USC00310356,2011-07-31,TMAX,317
USC00314144,2010-07-05,TMIN,122
USR0000NHOF,2007-06-12,TMAX,289
USR0000NNWB,2007-10-13,TMAX,239
USC00310576,2012-01-21,TMAX,167
USW00093765,2005-07-02,TMAX,294
USC00310356,2015-04-30,TMIN,133
USC00314684,2009-04-25,TMIN,94
USC00314684,2014-01-04,TMIN,-72
USW00013754,2015-04-06,TMAX,244
USC00310576,2014-05-28,TMIN,211
USC00316096,2015-09-18,TMIN,189
USC00314684,2009-05-13,TMAX,233
USC00315830,2009-10-06,TMIN,161
USC00317170,2014-01-31,TMAX,139
USC00310356,2011-03-04,TMAX,106
USW00093765,2005-07-02,TMIN,233
USC00310576,2012-01-21,TMIN,11
USC00310356,2015-04-30,TMAX,194
USR0000NCRN,2011-05-11,TMAX,239
USC00316676,2013-01-13,TMAX,244
USC00314144,2010-07-05,TMAX,317
USC00315830,2015-08-17,TMAX,300
USC00314689,2009-09-02,TMAX,244
USC00314689,2014-12-13,TMAX,139
USR0000NHOF,2011-12-12,TMAX,117
USC00316096,2015-09-18,TMAX,272
USR0000NNWB,2015-12-31,TMIN,144
USR0000NNWB,2015-12-31,TMAX,217
USC00317170,2012-02-14,TMIN,0
USC00310356,2011-07-31,TMIN,272
USW00093719,2009-05-08,TMIN,172
USR0000NCRN,2006-12-07,TMAX,172
USC00314689,2014-12-13,TMIN,-22
USR0000NHOF,2011-12-12,TMIN,28
USC00314684,2009-05-13,TMIN,106
USR0000NCRN,2011-05-11,TMIN,117
USC00310356,2012-12-15,TMIN,72
USC00310356,2007-10-21,TMIN,150
USC00310356,2007-10-21,TMAX,267
USC00317170,2012-02-14,TMAX,128
USC00317170,2014-01-31,TMIN,0
USR0000NCRN,2008-12-17,TMIN,106
USR0000NCRN,2011-11-19,TMAX,211
USC00310356,2015-08-07,TMIN,228
USR0000NCRN,2014-05-30,TMIN,183
USC00310356,2013-10-23,TMIN,189
USC00310356,2013-10-23,TMAX,233
USR0000NHOF,2007-12-06,TMAX,72
USC00314689,2008-05-18,TMAX,267
USC00314689,2008-05-18,TMIN,144
USR0000NCRN,2014-05-30,TMAX,239
USC00315830,2015-08-17,TMIN,206
USC00314144,2008-12-16,TMIN,89
USC00314684,2009-02-26,TMIN,-33
USR0000NHOF,2007-02-10,TMIN,-78
USR0000NHOF,2007-02-10,TMAX,83
USW00013754,2015-04-06,TMIN,100
USC00314144,2005-07-16,TMAX,339
USC00314684,2014-12-02,TMIN,56
USC00315830,2013-06-01,TMAX,278
USW00093743,2012-12-15,TMAX,167
USC00314684,2014-12-02,TMAX,222
USR0000NNWB,2007-10-13,TMIN,67
USC00314144,2008-12-16,TMAX,217
USC00314689,2005-08-26,TMAX,300
USC00310576,2011-07-19,TMIN,167
USW00093743,2013-10-23,TMAX,228
USC00310576,2014-05-28,TMAX,317
USR0000NHOF,2012-11-05,TMIN,11
USR0000NHOF,2012-11-05,TMAX,133
USR0000NCRN,2005-01-05,TMIN,0
USR0000NCRN,2008-12-17,TMAX,189
USC00310576,2011-07-19,TMAX,311
USC00310356,2011-03-04,TMIN,33
USC00316676,2015-09-10,TMIN,228
USW00093719,2005-12-01,TMAX,139
USC00316676,2015-06-04,TMAX,256
USC00314684,2009-04-25,TMAX,300
USC00310356,2015-08-07,TMAX,294
USC00310576,2006-09-21,TMAX,228
USC00310576,2006-09-21,TMIN,122
USR0000NHOF,2007-12-06,TMIN,-28
USC00315830,2009-10-06,TMAX,244
USC00316676,2015-06-04,TMIN,194
USW00093719,2005-12-01,TMIN,44
USC00316676,2015-09-10,TMAX,294
USW00093743,2013-10-23,TMIN,111
USC00314689,2005-08-26,TMIN,167
USC00316676,2010-09-22,TMIN,156
USC00314689,2013-06-24,TMIN,217
USC00310576,2012-03-13,TMAX,200
USC00310576,2012-03-13,TMIN,39
USC00314144,2007-08-27,TMAX,289
USC00317170,2014-07-27,TMAX,317
USC00316676,2007-11-14,TMAX,233
USC00310356,2006-10-31,TMAX,206
USC00314689,2014-06-16,TMAX,328
USC00310356,2006-10-31,TMIN,89
USC00314689,2014-06-16,TMIN,189
USW00093765,2008-02-28,TMIN,-5
USW00093765,2009-03-05,TMAX,111
USC00316676,2011-05-06,TMIN,67
USR0000NHOF,2010-04-27,TMIN,111
USC00316676,2006-05-25,TMIN,144
USW00093765,2008-02-29,TMIN,-16
USR0000NHOF,2010-05-31,TMAX,294
USW00093719,2009-03-29,TMIN,128
USW00093719,2009-03-29,TMAX,256
USC00317170,2008-10-27,TMIN,78
USC00314144,2010-09-19,TMAX,294
USR0000NHOF,2010-05-31,TMIN,206
USC00316676,2007-11-14,TMIN,89
USC00316676,2006-05-25,TMAX,272
USR0000NHOF,2010-04-27,TMAX,222
USW00013754,2010-04-10,TMIN,72
USC00310356,2009-04-28,TMIN,172
USC00315830,2011-09-08,TMIN,222
USR0000NHOF,2015-04-30,TMIN,117
USC00316676,2011-05-06,TMAX,200
USC00317170,2011-04-27,TMAX,289
USC00314144,2006-07-27,TMIN,217
USR0000NCRN,2013-10-23,TMAX,222
USC00315830,2011-09-08,TMAX,300
USC00314689,2014-01-30,TMIN,-139
USW00093719,2006-12-09,TMIN,-83
USC00316676,2007-04-25,TMIN,144
USW00093719,2006-12-09,TMAX,89
USC00310356,2009-04-28,TMAX,233
USW00093765,2008-02-29,TMAX,117
USC00315830,2012-02-25,TMIN,61
USC00315830,2012-02-25,TMAX,194
USW00093765,2011-06-18,TMAX,317
USW00093765,2011-06-18,TMIN,261
USC00310576,2008-11-01,TMIN,6
USC00314689,2014-01-30,TMAX,0
USC00316676,2007-04-25,TMAX,278
USC00317170,2014-07-27,TMIN,233
USR0000NHOF,2005-08-02,TMAX,306
USW00013754,2008-08-28,TMAX,300
USC00314689,2011-07-21,TMAX,383
USR0000NHOF,2006-04-22,TMIN,122
USR0000NHOF,2006-04-22,TMAX,244
USC00310576,2009-08-28,TMAX,328
USC00316096,2014-01-04,TMAX,78
USW00013754,2007-12-30,TMAX,167
USW00013754,2010-04-10,TMAX,200
USR0000NCRN,2015-01-09,TMAX,100
USW00013754,2012-08-07,TMIN,233
USW00013754,2007-12-30,TMIN,117
USC00316096,2009-07-27,TMIN,256
USW00093743,2007-12-10,TMIN,117
USR0000NCRN,2015-01-09,TMIN,-78
USW00013754,2012-08-07,TMAX,300
USC00314144,2008-02-18,TMAX,217
USC00314144,2010-09-19,TMIN,139
USC00316096,2014-01-04,TMIN,-50
USC00317170,2015-11-24,TMIN,-28
USC00310576,2009-07-02,TMAX,344
USR0000NNWB,2009-08-28,TMAX,311
USC00316676,2011-03-25,TMAX,222
USW00093743,2007-12-10,TMAX,222
USR0000NNWB,2006-12-26,TMAX,189
USC00314684,2012-01-08,TMIN,56
USC00316676,2005-04-22,TMAX,306
USC00317170,2008-10-27,TMAX,228
USC00310356,2005-12-23,TMIN,-44
USW00013754,2008-08-28,TMIN,228
USC00317170,2011-04-27,TMIN,194
USC00314144,2007-08-27,TMIN,211
USC00310356,2005-12-23,TMAX,111
USC00314689,2008-10-27,TMAX,211
USR0000NHOF,2005-08-02,TMIN,167
USC00316096,2009-07-27,TMAX,289
USW00093765,2006-12-17,TMAX,194
USC00314689,2008-10-27,TMIN,106
USC00314689,2011-07-21,TMIN,233
USC00314684,2013-03-17,TMIN,94
USC00315830,2010-06-14,TMIN,239
USC00314684,2013-03-17,TMAX,267
USC00310576,2009-08-28,TMIN,206
USC00314684,2012-01-08,TMAX,211
USC00315830,2010-06-14,TMAX,328
USC00316676,2005-04-22,TMIN,111
USR0000NNWB,2006-12-26,TMIN,89
USW00093765,2006-12-17,TMIN,28
USR0000NCRN,2013-10-23,TMIN,100
USC00310576,2010-04-03,TMAX,278
USC00314144,2006-07-27,TMAX,333
USR0000NNWB,2015-02-28,TMAX,61
USW00093765,2014-11-09,TMIN,61
USC00316096,2013-02-28,TMAX,133
USW00093765,2014-11-09,TMAX,167
USC00316096,2013-02-28,TMIN,22
USW00093719,2012-02-05,TMIN,44
USR0000NNWB,2013-05-08,TMAX,256
USR0000NNWB,2013-05-08,TMIN,100
USC00316676,2015-06-16,TMAX,356
USR0000NCRN,2011-07-12,TMIN,256
USW00013754,2005-10-23,TMAX,178
USR0000NHOF,2005-12-23,TMAX,144
USC00315830,2009-01-22,TMIN,-44
USC00315830,2009-01-22,TMAX,94
USR0000NHOF,2015-04-13,TMAX,261
USR0000NHOF,2009-05-15,TMAX,261
USR0000NHOF,2015-04-13,TMIN,100
USR0000NCRN,2013-01-27,TMAX,56
USR0000NNWB,2007-03-31,TMIN,50
USC00316676,2015-06-16,TMIN,233
USW00013754,2010-03-17,TMIN,22
USW00013754,2010-03-17,TMAX,156
USC00314684,2009-12-25,TMIN,-17
USR0000NHOF,2005-12-23,TMIN,-83
USW00013754,2005-10-23,TMIN,122
USW00093765,2005-01-16,TMIN,39
USC00314689,2013-06-24,TMAX,311
USW00093765,2005-01-16,TMAX,72
USR0000NHOF,2011-10-03,TMIN,11
USC00310356,2010-05-31,TMAX,267
USW00093765,2015-07-19,TMAX,306
USW00093765,2015-07-19,TMIN,261
USW00093743,2013-09-08,TMAX,289
USC00310356,2010-05-31,TMIN,222
USR0000NCRN,2011-07-12,TMAX,311
USW00093743,2013-09-08,TMIN,172
USC00315830,2012-12-19,TMAX,178
USW00093719,2013-09-06,TMAX,306
USC00315830,2012-12-19,TMIN,33
USC00310356,2015-04-13,TMAX,228
USC00314689,2006-06-07,TMIN,150
USC00315830,2006-11-16,TMAX,239
USC00315830,2006-11-16,TMIN,100
USC00314689,2006-06-07,TMAX,283
USC00310356,2015-04-13,TMIN,144
USW00093719,2013-09-06,TMIN,194
USR0000NNWB,2007-03-31,TMAX,244
USR0000NHOF,2011-11-20,TMAX,244
USR0000NHOF,2011-11-20,TMIN,61
USC00314689,2011-07-11,TMAX,344
USR0000NCRN,2013-01-26,TMIN,-17
USR0000NCRN,2013-01-26,TMAX,44
USW00093765,2015-10-25,TMAX,239
USC00310576,2014-08-22,TMAX,339
USC00310576,2014-08-22,TMIN,222
USC00310576,2007-10-30,TMIN,44
USC00310576,2007-10-30,TMAX,178
USR0000NHOF,2006-04-15,TMAX,333
USC00314689,2011-07-11,TMIN,222
USR0000NNWB,2015-12-04,TMAX,139
USR0000NHOF,2006-04-15,TMIN,194
USR0000NNWB,2015-12-04,TMIN,28
USR0000NCRN,2007-04-30,TMIN,111
USC00315830,2008-04-26,TMAX,244
USC00315830,2008-04-26,TMIN,178
USC00315830,2010-02-08,TMAX,83
USC00315830,2010-02-08,TMIN,-28
USR0000NNWB,2015-02-28,TMIN,-17
USW00093765,2008-02-28,TMAX,100
USR0000NCRN,2007-04-30,TMAX,306
USR0000NCRN,2015-11-09,TMIN,133
USR0000NCRN,2015-11-09,TMAX,222
USW00093765,2015-10-25,TMIN,139
USR0000NCRN,2013-01-27,TMIN,-28
USR0000NNWB,2012-09-19,TMIN,178
USW00093719,2009-07-31,TMIN,228
USW00093719,2009-07-31,TMAX,328
USC00314684,2009-12-25,TMAX,94
USR0000NNWB,2012-09-19,TMAX,228
USW00093743,2010-05-31,TMAX,283
USW00093743,2010-05-31,TMIN,222
USC00310356,2006-04-15,TMAX,200
USW00093719,2012-02-05,TMAX,161
USC00310356,2006-04-15,TMIN,172
USW00013754,2005-11-10,TMIN,94
USC00310576,2008-11-01,TMAX,183
USW00013754,2005-11-10,TMAX,206
USC00315830,2009-11-16,TMAX,217
USW00093719,2011-08-22,TMIN,217
USC00315830,2009-11-16,TMIN,106
USR0000NHOF,2015-04-30,TMAX,161
USW00093719,2011-08-22,TMAX,322
USC00316096,2013-06-24,TMIN,217
USC00316096,2013-06-24,TMAX,283
USR0000NHOF,2012-12-15,TMIN,-17
USC00310576,2010-04-03,TMIN,78
USC00314689,2010-09-23,TMAX,350
USC00314689,2010-09-23,TMIN,200
USC00310356,2013-09-14,TMIN,211
USC00310356,2011-10-03,TMAX,194
USC00315830,2015-08-11,TMAX,289
USC00317170,2009-03-12,TMAX,172
USW00093765,2006-06-09,TMAX,278
USC00310356,2013-09-14,TMAX,300
USC00314684,2009-10-24,TMAX,283
USC00314684,2008-11-25,TMAX,156
USC00316096,2011-03-26,TMIN,72
USC00314144,2009-02-09,TMAX,183
USW00093765,2006-06-09,TMIN,194
USC00314684,2009-10-24,TMIN,122
USW00093765,2008-10-11,TMAX,222
USR0000NCRN,2007-10-27,TMIN,156
USC00317170,2009-03-12,TMIN,94
USW00093765,2008-10-11,TMIN,206
USC00310576,2013-06-01,TMAX,306
USC00310576,2013-06-01,TMIN,167
USW00093743,2011-07-31,TMIN,233
USR0000NNWB,2005-04-01,TMAX,267
USC00310356,2010-06-23,TMIN,267
USW00093719,2010-01-27,TMAX,100
USC00314144,2009-02-09,TMIN,22
USR0000NCRN,2015-08-29,TMIN,194
USW00093743,2010-03-12,TMIN,144
USW00093719,2012-02-19,TMAX,122
USC00310356,2009-12-06,TMAX,167
USC00310356,2009-12-06,TMIN,28
USW00093765,2009-11-29,TMIN,56
USW00013754,2005-06-22,TMAX,311
USW00013754,2011-06-06,TMAX,317
USC00317170,2015-04-12,TMIN,94
USR0000NCRN,2011-11-20,TMAX,239
USR0000NCRN,2015-08-29,TMAX,289
USC00310356,2007-10-27,TMIN,211
USW00093743,2013-09-14,TMAX,278
USC00317170,2015-04-12,TMAX,211
USR0000NCRN,2011-11-20,TMIN,111
USW00093719,2012-02-19,TMIN,44
USC00316096,2014-12-13,TMIN,-33
USC00315830,2015-08-11,TMIN,222
USR0000NHOF,2015-02-04,TMAX,156
USW00013754,2005-06-22,TMIN,183
USR0000NHOF,2015-02-04,TMIN,-39
USC00314684,2008-08-15,TMAX,278
USC00310356,2011-10-03,TMIN,111
USW00093743,2009-12-06,TMAX,89
USW00093719,2010-01-27,TMIN,-11
USR0000NCRN,2012-12-06,TMIN,83
USC00317170,2010-04-17,TMIN,172
USC00315830,2013-12-08,TMIN,22
USW00093743,2010-09-10,TMIN,172
USR0000NHOF,2013-02-05,TMAX,178
USW00093743,2010-09-10,TMAX,278
USR0000NCRN,2012-12-06,TMAX,117
USC00310356,2011-12-12,TMIN,67
USC00316096,2011-04-16,TMAX,239
USC00317170,2010-04-17,TMAX,289
USC00316096,2011-04-16,TMIN,167
USC00315830,2013-12-08,TMAX,89
USR0000NCRN,2007-10-27,TMAX,244
USC00315830,2012-07-22,TMIN,228
USC00314684,2014-05-28,TMAX,328
USC00310576,2013-10-24,TMIN,67
USC00315830,2005-03-19,TMAX,150
USC00314684,2014-05-28,TMIN,200
USW00093719,2011-01-30,TMIN,0
USR0000NHOF,2009-12-06,TMAX,72
USC00310576,2013-10-24,TMAX,222
USC00316676,2014-07-19,TMIN,200
USC00316676,2014-07-19,TMAX,289
USC00310356,2011-12-12,TMAX,117
USR0000NNWB,2005-04-01,TMIN,133
USR0000NNWB,2008-10-28,TMIN,22
USW00093743,2011-07-31,TMAX,322
USW00093743,2009-12-06,TMIN,11
USC00316096,2011-06-20,TMIN,200
USC00314689,2011-08-05,TMAX,339
USC00314689,2011-08-05,TMIN,244
USW00093719,2012-06-30,TMIN,233
USC00316096,2011-06-20,TMAX,333
USR0000NCRN,2008-08-01,TMIN,217
USC00314684,2008-11-25,TMIN,-39
USR0000NNWB,2008-10-28,TMAX,139
USC00310576,2013-01-23,TMAX,89
USR0000NHOF,2013-02-05,TMIN,17
USC00316676,2009-01-23,TMAX,122
USC00316096,2011-03-26,TMAX,144
USR0000NCRN,2008-08-01,TMAX,317
USC00314684,2015-10-10,TMAX,283
USC00314684,2015-10-10,TMIN,139
USC00314144,2008-01-14,TMAX,139
USC00314144,2008-01-14,TMIN,61
USW00093743,2010-03-12,TMAX,178
USC00310576,2013-01-23,TMIN,-22
USW00093719,2010-06-03,TMAX,306
USC00316676,2009-03-15,TMAX,122
USC00316676,2015-12-24,TMAX,244
USC00316676,2015-12-24,TMIN,200
USC00314684,2005-12-31,TMAX,133
USC00317170,2010-04-03,TMIN,133
USR0000NCRN,2013-09-08,TMIN,144
USC00314684,2008-12-29,TMIN,122
USC00316676,2009-04-25,TMAX,289
USC00316096,2015-05-02,TMIN,78
USC00310576,2008-03-13,TMAX,200
USR0000NHOF,2012-04-01,TMIN,100
USC00310576,2008-03-13,TMIN,39
USC00314144,2005-05-29,TMIN,133
USC00316676,2012-07-01,TMAX,361
USC00314144,2005-05-29,TMAX,300
USC00314689,2006-09-08,TMAX,278
USC00316676,2012-07-01,TMIN,244
USW00093765,2008-09-05,TMAX,300
USC00314684,2008-12-29,TMAX,250
USC00315830,2014-03-15,TMAX,183
USC00315830,2014-03-15,TMIN,100
USC00317170,2015-03-23,TMAX,133
USW00093765,2009-11-29,TMAX,189
USR0000NHOF,2012-04-01,TMAX,194
USC00310356,2015-02-04,TMIN,-17
USW00093743,2012-04-01,TMAX,183
USC00315830,2005-07-22,TMAX,306
USW00093743,2012-04-01,TMIN,111
USR0000NCRN,2012-03-02,TMAX,194
USC00316676,2013-03-06,TMAX,183
USC00316676,2013-03-06,TMIN,33
USW00013754,2014-10-31,TMIN,106
USW00093719,2012-06-30,TMAX,372
USW00093765,2009-09-30,TMAX,228
USC00314684,2005-12-31,TMIN,28
USC00317170,2015-03-23,TMIN,78
USC00310356,2011-11-19,TMAX,117
USW00013754,2014-10-31,TMAX,200
USW00093765,2009-09-30,TMIN,122
USC00317170,2015-10-25,TMAX,239
USR0000NCRN,2013-09-08,TMAX,283
USC00310356,2015-02-04,TMAX,156
USC00310576,2010-08-10,TMAX,328
USC00310576,2010-08-10,TMIN,222
USC00317170,2010-04-03,TMAX,272
USC00317170,2015-10-25,TMIN,144
USW00093765,2008-09-05,TMIN,244
USC00314689,2006-09-08,TMIN,200
USC00316676,2009-04-25,TMIN,89
USC00310356,2007-10-27,TMAX,244
USC00310356,2008-08-11,TMIN,194
USC00310356,2008-08-11,TMAX,289
USC00316096,2014-03-30,TMAX,178
USC00314684,2013-02-28,TMIN,33
USC00316096,2013-03-05,TMIN,-33
USC00316096,2014-03-30,TMIN,83
USC00316096,2013-03-05,TMAX,144
USR0000NCRN,2014-01-02,TMIN,72
USC00314684,2013-02-28,TMAX,150
USW00013754,2013-01-10,TMIN,78
USC00316676,2009-03-15,TMIN,61
USR0000NHOF,2007-05-04,TMIN,94
USR0000NHOF,2007-05-04,TMAX,161
USW00093719,2010-06-03,TMIN,217
USC00317170,2014-11-28,TMIN,-11
USW00093719,2009-04-28,TMIN,122
USC00316096,2010-07-21,TMIN,233
USC00316096,2010-07-21,TMAX,317
USC00316096,2014-12-13,TMAX,133
USW00093719,2009-04-28,TMAX,289
USC00314684,2014-06-16,TMIN,178
USW00013754,2013-01-10,TMAX,161
USW00093719,2015-12-31,TMAX,222
USR0000NCRN,2011-02-12,TMAX,133
USR0000NCRN,2011-02-12,TMIN,-22
USC00317170,2012-08-03,TMIN,206
USW00093743,2013-09-14,TMIN,194
USC00316676,2009-06-02,TMAX,294
USW00013754,2009-08-28,TMAX,311
USW00093719,2012-01-01,TMIN,6
USW00013754,2009-08-28,TMIN,222
USW00013754,2015-07-24,TMIN,194
USR0000NCRN,2014-01-02,TMAX,133
USC00316676,2009-06-02,TMIN,183
USW00093719,2015-12-31,TMIN,144
USC00310356,2007-03-17,TMIN,17
USW00013754,2015-07-24,TMAX,300
USC00310356,2007-03-17,TMAX,211
USC00317170,2012-08-03,TMAX,339
USW00093719,2012-01-01,TMAX,206
USC00316096,2015-05-02,TMAX,217
USC00314689,2009-03-25,TMAX,133
USC00314684,2014-06-16,TMAX,311
USC00314689,2009-03-25,TMIN,11
USC00314684,2008-08-15,TMIN,161
USW00093765,2011-12-24,TMAX,128
USR0000NCRN,2011-08-23,TMAX,289
USC00314689,2005-08-27,TMAX,294
USR0000NHOF,2007-02-02,TMAX,100
USR0000NNWB,2009-01-08,TMIN,33
USR0000NNWB,2009-01-08,TMAX,128
USR0000NHOF,2007-02-02,TMIN,28
USC00315830,2008-09-05,TMIN,189
USW00093719,2012-03-26,TMAX,239
USW00093719,2012-03-26,TMIN,122
USC00315830,2008-09-05,TMAX,306
USC00317170,2012-07-01,TMIN,194
USW00013754,2015-01-19,TMIN,11
USC00316676,2007-03-28,TMAX,300
USC00316676,2007-03-28,TMIN,150
USW00093765,2011-12-28,TMAX,128
USW00013754,2015-01-19,TMAX,167
USW00013754,2011-07-21,TMAX,350
USC00316676,2014-12-21,TMAX,72
USC00317170,2012-07-01,TMAX,361
USR0000NHOF,2014-12-03,TMAX,228
USC00315830,2008-07-05,TMIN,200
USC00315830,2008-07-05,TMAX,294
USW00013754,2011-07-21,TMIN,267
USC00316676,2014-12-21,TMIN,22
USC00316676,2009-09-29,TMAX,278
USW00093719,2012-09-19,TMAX,233
USW00093765,2013-09-06,TMIN,211
USC00310356,2013-02-05,TMIN,11
USC00315830,2014-10-14,TMIN,183
USW00093765,2013-09-06,TMAX,283
USC00316096,2010-10-26,TMIN,211
USR0000NCRN,2011-11-12,TMIN,-28
USC00314684,2010-03-19,TMIN,33
USC00310356,2013-02-05,TMAX,100
USC00316096,2015-03-21,TMIN,67
USC00316676,2009-09-29,TMIN,117
USC00314684,2010-03-19,TMAX,172
USC00310356,2007-03-15,TMAX,211
USW00013754,2012-05-31,TMAX,317
USR0000NNWB,2012-08-02,TMAX,350
USR0000NNWB,2012-08-02,TMIN,217
USC00316676,2009-01-23,TMIN,-67
USC00314144,2008-01-07,TMAX,228
USW00093719,2012-09-19,TMIN,178
USR0000NHOF,2007-06-12,TMIN,111
USC00310356,2007-03-15,TMIN,117
USW00013754,2012-05-31,TMIN,172
USR0000NHOF,2014-12-03,TMIN,94
USR0000NCRN,2012-08-19,TMAX,294
USR0000NCRN,2012-08-19,TMIN,217
USW00013754,2009-06-20,TMIN,228
USW00093765,2008-12-26,TMAX,156
USC00316676,2013-01-13,TMIN,117
USC00316676,2015-03-15,TMIN,133
USC00316676,2006-10-23,TMIN,139
USC00315830,2011-06-01,TMIN,217
USW00093743,2011-05-07,TMIN,117
USW00013754,2009-06-20,TMAX,333
USC00315830,2011-06-01,TMAX,361
USC00316676,2006-10-23,TMAX,189
USW00093765,2008-12-26,TMIN,83
USC00314689,2011-04-16,TMAX,239
USC00314689,2011-04-16,TMIN,144
USC00316096,2013-03-17,TMIN,78
USC00314684,2014-01-04,TMAX,22
USC00316096,2013-03-17,TMAX,172
USR0000NNWB,2005-02-16,TMIN,78
USW00093743,2011-05-07,TMAX,244
USR0000NNWB,2005-02-16,TMAX,211
USW00093719,2009-05-08,TMAX,294
USC00310576,2015-01-30,TMIN,-22
USC00315830,2015-05-03,TMIN,89
USC00315830,2015-05-03,TMAX,217
USC00316676,2009-12-10,TMAX,239
USC00316676,2012-11-26,TMIN,-11
USC00316676,2005-07-15,TMIN,228
USC00316676,2005-07-15,TMAX,300
USC00316676,2012-11-26,TMAX,122
USC00310356,2010-09-10,TMIN,206
USC00316096,2012-04-14,TMIN,33
USC00310356,2010-09-10,TMAX,289
USC00316096,2012-04-14,TMAX,211
USC00316676,2013-05-28,TMIN,111
USC00315830,2010-12-02,TMIN,0
USC00315830,2010-12-02,TMAX,167
USC00316676,2013-05-28,TMAX,267
USC00314144,2008-01-07,TMIN,39
USC00310576,2015-01-30,TMAX,106
USC00310356,2012-12-15,TMAX,156
USR0000NNWB,2015-09-08,TMAX,294
USR0000NNWB,2015-09-08,TMIN,233
USC00314689,2009-09-02,TMIN,156
USC00310576,2009-03-30,TMAX,244
USC00310576,2009-03-30,TMIN,94
USC00316676,2009-12-10,TMIN,133
USC00317170,2009-09-30,TMIN,100
USR0000NCRN,2011-08-23,TMIN,211
USC00317170,2009-09-30,TMAX,233
USR0000NCRN,2011-11-12,TMAX,161
USC00315830,2006-12-22,TMAX,200
USC00310356,2007-05-04,TMAX,267
USC00316676,2013-08-24,TMIN,200
USR0000NCRN,2014-06-16,TMIN,172
USW00093765,2011-12-28,TMIN,72
USR0000NCRN,2007-09-04,TMIN,167
USR0000NCRN,2007-09-04,TMAX,322
USC00316676,2012-03-11,TMAX,144
USC00316676,2012-03-04,TMAX,211
USC00310356,2007-05-04,TMIN,156
USW00093719,2007-08-13,TMIN,183
USC00314144,2010-06-24,TMAX,361
USC00316676,2012-03-11,TMIN,-6
USC00315830,2012-07-22,TMAX,306
USC00316676,2012-03-04,TMIN,72
USR0000NCRN,2014-06-16,TMAX,283
USC00314689,2012-04-14,TMIN,44
USC00316676,2007-11-02,TMAX,261
USW00093765,2014-01-31,TMAX,89
USW00093765,2014-01-31,TMIN,6
USC00316676,2007-11-02,TMIN,133
USR0000NCRN,2010-07-06,TMIN,183
USC00317170,2013-09-06,TMAX,300
USC00317170,2013-09-06,TMIN,189
USC00314689,2005-08-27,TMIN,206
USC00314689,2014-03-30,TMAX,189
USC00316676,2013-08-24,TMAX,306
USC00314689,2014-03-30,TMIN,67
USC00314144,2010-06-24,TMIN,250
USC00314689,2006-12-22,TMAX,189
USC00314689,2006-12-22,TMIN,106
USR0000NHOF,2009-12-06,TMIN,-17
USC00316676,2007-09-05,TMIN,167
USW00093765,2007-11-06,TMIN,100
USC00316676,2007-09-05,TMAX,311
USC00315830,2007-06-20,TMIN,239
USC00315830,2007-06-20,TMAX,289
USR0000NCRN,2006-04-15,TMAX,306
USC00315830,2015-06-15,TMAX,328
USR0000NCRN,2006-04-15,TMIN,178
USC00316676,2005-02-16,TMAX,200
USC00316676,2005-02-16,TMIN,61
USC00315830,2006-12-22,TMIN,106
USW00093765,2007-11-06,TMAX,233
USC00315830,2015-06-15,TMIN,244
USC00314684,2010-04-20,TMAX,189
USC00314684,2010-04-20,TMIN,33
USC00310576,2005-12-01,TMIN,50
USC00310356,2014-12-03,TMIN,94
USC00314689,2013-03-17,TMAX,261
USC00310576,2005-12-01,TMAX,122
USC00315830,2005-03-19,TMIN,78
USC00310356,2011-10-19,TMAX,267
USC00315830,2015-02-25,TMIN,-44
USW00013754,2011-06-06,TMIN,200
USW00093719,2005-05-17,TMIN,150
USC00310356,2011-10-19,TMIN,217
USC00310576,2012-05-27,TMAX,283
USR0000NNWB,2012-08-07,TMAX,317
USW00093765,2010-10-03,TMAX,206
USC00316096,2015-03-21,TMAX,161
USC00310576,2008-09-23,TMAX,244
USC00310356,2011-03-01,TMAX,183
USC00310576,2008-09-23,TMIN,183
USC00310356,2011-03-01,TMIN,94
USC00315830,2005-12-04,TMIN,56
USC00315830,2005-12-04,TMAX,194
USW00093765,2010-10-03,TMIN,167
USW00093719,2005-05-17,TMAX,239
USC00310356,2014-12-03,TMAX,133
USC00314689,2013-03-17,TMIN,128
USC00310576,2012-05-27,TMIN,211
USC00314689,2012-04-14,TMAX,239
USC00310356,2007-02-02,TMAX,50
USC00310356,2007-02-02,TMIN,-22
USC00315830,2010-04-20,TMIN,78
USC00316096,2010-10-26,TMAX,261
USW00093719,2011-01-30,TMAX,189
USR0000NNWB,2013-01-10,TMAX,189
USC00314144,2006-02-27,TMIN,-72
USC00315830,2010-04-20,TMAX,194
USW00093719,2007-08-13,TMAX,333
USR0000NNWB,2013-01-10,TMIN,72
USC00315830,2009-12-26,TMAX,183
USR0000NHOF,2010-03-12,TMAX,178
USC00314144,2006-02-27,TMAX,100
USR0000NHOF,2010-03-12,TMIN,144
USC00315830,2015-02-25,TMAX,11
USW00093743,2013-02-05,TMIN,44
USR0000NNWB,2012-08-07,TMIN,239
USC00315830,2009-12-26,TMIN,89
USW00093743,2013-02-05,TMAX,144
USR0000NCRN,2010-07-06,TMAX,328
USC00315830,2014-10-14,TMAX,261
USW00093765,2012-12-18,TMAX,178
USC00310576,2009-07-02,TMIN,228
USC00314689,2006-06-09,TMAX,294
USW00093743,2011-03-31,TMAX,117
USW00093743,2011-03-31,TMIN,78
USC00314144,2009-09-13,TMIN,156
USR0000NNWB,2012-02-05,TMIN,44
USC00314689,2011-04-06,TMIN,22
USC00314144,2009-09-13,TMAX,272
USC00314684,2011-09-18,TMIN,150
USC00310356,2007-06-12,TMAX,267
USC00314689,2011-04-06,TMAX,183
USC00314684,2011-09-18,TMAX,183
USC00317170,2011-09-08,TMAX,344
USR0000NCRN,2010-10-05,TMIN,67
USR0000NHOF,2008-04-06,TMAX,206
USC00316676,2007-06-27,TMAX,333
USC00316676,2009-09-25,TMAX,306
USR0000NHOF,2008-04-06,TMIN,100
USC00310576,2009-12-06,TMAX,150
USC00314684,2011-06-20,TMIN,222
USC00314684,2011-06-20,TMAX,350
USC00316676,2009-09-25,TMIN,189
USR0000NNWB,2012-02-05,TMAX,139
USR0000NNWB,2005-11-23,TMAX,106
USC00314689,2014-01-31,TMIN,-6
USC00316676,2005-04-23,TMAX,278
USW00093719,2014-11-09,TMIN,50
USW00093719,2014-11-09,TMAX,183
USC00310576,2014-05-09,TMIN,178
USC00316676,2010-07-12,TMIN,206
USR0000NNWB,2008-08-01,TMAX,328
USC00316676,2010-07-12,TMAX,317
USR0000NCRN,2012-01-17,TMIN,67
USR0000NNWB,2008-08-01,TMIN,222
USR0000NHOF,2011-08-23,TMAX,289
USC00316676,2005-04-23,TMIN,167
USC00310576,2014-05-09,TMAX,322
USR0000NCRN,2011-09-16,TMIN,172
USR0000NCRN,2011-09-16,TMAX,206
USC00310576,2008-04-16,TMAX,161
USC00310576,2008-04-16,TMIN,44
USC00317170,2013-05-08,TMAX,250
USR0000NNWB,2005-11-23,TMIN,-6
USW00093765,2007-08-27,TMAX,306
USW00093765,2007-08-27,TMIN,233
USC00317170,2013-05-08,TMIN,94
USR0000NHOF,2011-08-23,TMIN,178
USW00093743,2008-12-06,TMAX,133
USR0000NCRN,2012-01-17,TMAX,189
USC00314684,2006-08-26,TMIN,167
USC00310356,2012-09-21,TMIN,183
USC00315830,2011-10-21,TMAX,239
USC00310576,2010-05-10,TMIN,78
USC00310576,2014-05-04,TMIN,111
USC00314684,2013-06-01,TMAX,317
USC00314684,2013-06-01,TMIN,183
USC00314144,2007-09-04,TMIN,128
USC00314144,2007-09-04,TMAX,306
USR0000NHOF,2014-10-31,TMIN,39
USC00310356,2012-09-21,TMAX,256
USR0000NHOF,2014-10-31,TMAX,211
USW00093719,2013-05-28,TMIN,122
USR0000NHOF,2013-03-07,TMAX,122
USC00315830,2011-10-21,TMIN,89
USC00317170,2013-03-17,TMIN,83
USW00093719,2013-05-28,TMAX,294
USC00315830,2008-08-30,TMIN,250
USC00317170,2013-03-17,TMAX,183
USR0000NNWB,2009-03-29,TMIN,128
USC00315830,2008-08-30,TMAX,311
USR0000NCRN,2011-05-25,TMIN,189
USC00310576,2006-07-26,TMIN,222
USR0000NNWB,2008-07-13,TMAX,333
USR0000NCRN,2011-05-25,TMAX,289
USC00314684,2012-10-01,TMIN,150
USC00314684,2012-10-01,TMAX,228
USC00310576,2009-12-06,TMIN,28
USC00310576,2006-07-26,TMAX,300
USC00316676,2005-06-13,TMIN,211
USC00316676,2009-05-23,TMIN,150
USC00316096,2009-09-30,TMAX,222
USC00316096,2009-09-30,TMIN,94
USC00316676,2005-06-13,TMAX,300
USR0000NNWB,2008-07-13,TMIN,167
USC00310356,2013-03-07,TMAX,89
USR0000NCRN,2010-10-05,TMAX,200
USC00317170,2013-03-05,TMIN,-17
USC00310576,2014-05-04,TMAX,256
USC00317170,2013-03-05,TMAX,178
USW00093743,2013-03-07,TMAX,128
USW00093743,2013-03-07,TMIN,28
USC00310576,2010-05-10,TMAX,228
USC00316676,2009-05-23,TMAX,272
USC00314684,2006-08-26,TMAX,317
USC00310356,2013-03-07,TMIN,39
USC00314689,2014-01-31,TMAX,94
USW00093765,2012-04-14,TMAX,222
USW00093765,2012-04-14,TMIN,67
USC00310356,2006-09-24,TMIN,189
USW00093765,2012-02-24,TMAX,206
USW00093765,2012-02-24,TMIN,167
USW00093743,2008-12-06,TMIN,6
USC00316096,2010-09-27,TMIN,200
USC00310356,2012-05-27,TMIN,222
USC00310356,2012-05-27,TMAX,294
USW00093765,2013-05-28,TMIN,194
USW00093765,2013-05-28,TMAX,256
USC00314689,2015-10-10,TMIN,178
USC00310576,2005-08-10,TMAX,306
USW00093765,2015-04-04,TMAX,200
USC00314684,2015-11-21,TMAX,178
USC00317170,2013-06-01,TMAX,317
USC00317170,2013-06-01,TMIN,194
USC00310356,2011-11-12,TMAX,128
USR0000NNWB,2010-03-17,TMAX,178
USC00317170,2015-07-19,TMIN,228
USW00093765,2015-04-04,TMIN,94
USR0000NCRN,2005-02-08,TMAX,206
USC00315830,2014-08-31,TMIN,233
USC00316676,2005-11-10,TMIN,167
USC00314689,2015-10-10,TMAX,272
USC00310356,2005-03-09,TMIN,6
USW00093743,2008-04-06,TMAX,228
USC00316096,2012-03-30,TMIN,139
USC00314684,2014-07-16,TMAX,328
USC00316676,2006-08-17,TMIN,183
USC00317170,2015-07-19,TMAX,356
USW00093743,2008-04-06,TMIN,111
USC00316096,2012-03-30,TMAX,250
USC00316676,2005-11-10,TMAX,261
USR0000NNWB,2008-08-28,TMAX,306
USW00093765,2010-06-19,TMIN,239
USR0000NNWB,2008-08-28,TMIN,228
USW00093765,2009-09-04,TMIN,194
USW00093765,2010-06-19,TMAX,311
USC00316096,2010-09-27,TMAX,278
USC00314684,2014-07-16,TMIN,217
USC00314684,2010-02-06,TMIN,-39
USR0000NNWB,2014-03-15,TMAX,233
USR0000NNWB,2014-03-15,TMIN,83
USC00314144,2008-11-27,TMAX,161
USC00314684,2010-02-06,TMAX,44
USC00310576,2007-03-29,TMAX,294
USW00093743,2011-03-04,TMAX,167
USC00316096,2014-01-31,TMAX,117
USW00093743,2011-08-23,TMAX,306
USW00093719,2015-09-08,TMAX,289
USW00093719,2006-11-04,TMIN,-11
USW00093719,2015-09-08,TMIN,228
USC00314144,2009-08-01,TMIN,233
USR0000NNWB,2014-10-14,TMAX,283
USW00093743,2010-04-27,TMAX,228
USR0000NNWB,2014-10-14,TMIN,217
USW00013754,2011-02-17,TMAX,211
USW00093719,2006-11-04,TMAX,111
USC00315830,2015-09-18,TMAX,256
USR0000NNWB,2007-03-23,TMIN,94
USR0000NNWB,2010-11-22,TMAX,228
USR0000NNWB,2009-07-31,TMAX,333
USC00314684,2015-05-02,TMIN,56
USR0000NNWB,2010-11-22,TMIN,61
USW00013754,2011-02-17,TMIN,33
USR0000NNWB,2007-03-23,TMAX,272
USC00314684,2015-05-02,TMAX,156
USC00314144,2006-02-23,TMAX,139
USC00314144,2006-02-23,TMIN,89
USR0000NNWB,2009-07-31,TMIN,228
USW00093719,2014-12-31,TMAX,100
USW00093719,2014-12-31,TMIN,-10
USC00310576,2013-12-08,TMAX,206
USC00316096,2014-01-31,TMIN,-22
USW00093765,2013-06-24,TMIN,239
USW00093719,2012-02-25,TMAX,156
USC00310576,2005-08-10,TMIN,211
USW00013754,2011-12-31,TMAX,194
USR0000NNWB,2010-03-17,TMIN,17
USC00314144,2008-11-27,TMIN,-67
USC00315830,2014-08-31,TMAX,300
USW00093743,2011-03-04,TMIN,6
USW00093765,2013-06-24,TMAX,289
USC00310356,2006-09-24,TMAX,278
USC00310356,2011-11-12,TMIN,44
USW00093743,2011-08-23,TMIN,222
USW00093765,2006-06-07,TMIN,172
USW00093765,2006-06-07,TMAX,272
USW00013754,2011-12-31,TMIN,50
USC00310576,2013-12-08,TMIN,67
USR0000NCRN,2005-02-08,TMIN,11
USW00093719,2012-02-25,TMIN,50
USW00093743,2010-04-27,TMIN,139
USC00314684,2015-11-21,TMIN,28
USR0000NCRN,2007-09-13,TMAX,283
USR0000NCRN,2007-09-13,TMIN,217
USR0000NNWB,2009-03-29,TMAX,261
USR0000NHOF,2013-03-07,TMIN,11
USR0000NCRN,2015-03-24,TMIN,50
USC00314144,2009-05-09,TMAX,311
USC00317170,2008-05-24,TMIN,150
USC00314144,2009-05-09,TMIN,211
USC00317170,2008-05-24,TMAX,228
USC00316096,2012-06-16,TMAX,256
USR0000NHOF,2015-03-12,TMIN,39
USR0000NHOF,2015-03-12,TMAX,189
USC00316096,2011-01-13,TMAX,44
USW00093719,2014-03-15,TMIN,89
USC00316096,2012-06-16,TMIN,161
USC00310576,2009-09-07,TMIN,189
USC00310576,2009-09-07,TMAX,267
USC00316096,2011-01-13,TMIN,-67
USW00093765,2011-03-30,TMIN,100
USR0000NHOF,2011-03-31,TMAX,106
USC00310576,2011-08-05,TMAX,356
USR0000NHOF,2011-03-31,TMIN,67
USC00314144,2006-04-11,TMIN,0
USC00316676,2006-09-04,TMAX,306
USC00314144,2006-04-11,TMAX,233
USC00314684,2005-09-29,TMAX,272
USR0000NNWB,2012-12-18,TMIN,56
USC00314684,2007-04-04,TMAX,311
USC00315830,2008-01-26,TMAX,44
USC00315830,2012-02-08,TMIN,44
USC00315830,2012-02-08,TMAX,156
USC00315830,2008-01-26,TMIN,-28
USR0000NCRN,2015-03-24,TMAX,189
USC00316096,2015-11-01,TMAX,272
USC00314689,2013-06-01,TMAX,317
USC00310356,2009-12-23,TMAX,106
USC00314689,2013-06-01,TMIN,206
USW00093719,2014-03-15,TMAX,239
USR0000NNWB,2013-05-28,TMIN,139
USC00310356,2009-12-23,TMIN,22
USC00314689,2009-09-30,TMAX,233
USC00314689,2009-09-30,TMIN,100
USR0000NNWB,2007-06-26,TMIN,222
USW00093765,2005-06-10,TMIN,222
USC00314684,2010-09-16,TMAX,311
USW00093765,2005-06-10,TMAX,283
USW00093765,2011-03-30,TMAX,167
USC00314689,2007-08-03,TMIN,200
USR0000NNWB,2013-05-28,TMAX,306
USC00314684,2005-09-29,TMIN,139
USC00316676,2006-09-04,TMIN,172
USC00315830,2013-09-06,TMIN,211
USC00310356,2007-04-30,TMAX,244
USW00093719,2008-02-10,TMIN,39
USW00093719,2008-02-10,TMAX,183
USC00316676,2008-09-07,TMAX,306
USC00310576,2011-11-20,TMAX,194
USW00093743,2009-04-28,TMIN,128
USC00314689,2008-04-12,TMIN,189
USC00314689,2008-04-12,TMAX,283
USW00093719,2007-05-27,TMAX,294
USR0000NNWB,2012-12-18,TMAX,183
USR0000NCRN,2009-09-02,TMAX,250
USW00093719,2013-06-24,TMAX,294
USC00310576,2011-03-02,TMIN,17
USC00317170,2014-12-02,TMIN,61
USR0000NCRN,2009-09-02,TMIN,233
USC00310356,2007-04-30,TMIN,144
USC00314144,2011-01-08,TMIN,-33
USC00317170,2014-12-02,TMAX,172
USC00310576,2011-11-20,TMIN,33
USR0000NCRN,2014-10-31,TMIN,72
USW00093719,2013-06-24,TMIN,228
USW00013754,2013-05-28,TMAX,278
USC00316676,2008-09-07,TMIN,211
USW00093765,2005-07-08,TMAX,306
USC00316676,2015-06-25,TMIN,228
USW00093719,2006-06-07,TMIN,156
USW00093719,2006-06-07,TMAX,283
USC00316676,2015-06-25,TMAX,328
USW00013754,2010-06-03,TMIN,217
USC00315830,2013-09-06,TMAX,289
USW00013754,2009-07-31,TMIN,239
USC00316096,2010-04-20,TMAX,194
USC00315830,2009-03-06,TMAX,172
USC00315830,2009-03-06,TMIN,22
USW00013754,2010-06-03,TMAX,294
USC00316096,2010-04-20,TMIN,39
USW00013754,2009-07-31,TMAX,311
USC00310576,2011-08-05,TMIN,250
USC00310356,2015-03-12,TMIN,122
USC00310356,2015-03-12,TMAX,161
USC00317170,2010-02-06,TMIN,33
USW00093743,2009-04-28,TMAX,250
USW00093765,2005-07-08,TMIN,244
USC00317170,2010-02-06,TMAX,178
USW00013754,2013-05-28,TMIN,133
USC00314684,2014-01-30,TMAX,-44
USW00093743,2012-05-27,TMAX,278
USW00093719,2008-07-03,TMIN,161
USW00093765,2014-07-08,TMAX,306
USR0000NHOF,2011-11-12,TMIN,-39
USC00310576,2010-08-16,TMIN,200
USR0000NHOF,2008-08-16,TMIN,189
USC00310576,2010-08-16,TMAX,328
USC00316676,2014-03-30,TMAX,211
USC00315830,2014-05-12,TMIN,206
USC00314684,2007-06-20,TMAX,350
USC00316676,2014-03-30,TMIN,111
USC00310356,2014-10-31,TMIN,139
USC00316676,2014-01-10,TMIN,-22
USW00093765,2010-06-14,TMIN,244
USC00314144,2011-01-08,TMAX,83
USW00013754,2011-02-08,TMIN,33
USC00316676,2008-04-05,TMIN,161
USC00316676,2008-04-05,TMAX,250
USR0000NHOF,2012-09-21,TMAX,267
USC00314684,2007-06-20,TMIN,217
USR0000NCRN,2005-12-23,TMIN,-56
USC00315830,2005-10-19,TMAX,261
USC00310576,2006-10-07,TMAX,200
USC00310356,2014-10-31,TMAX,194
USR0000NHOF,2012-09-21,TMIN,128
USW00093765,2010-06-14,TMAX,317
USW00093719,2015-12-04,TMAX,128
USC00317170,2008-09-18,TMAX,267
USC00317170,2008-09-18,TMIN,156
USW00093743,2014-10-31,TMIN,100
USW00093743,2014-10-31,TMAX,194
USC00310356,2011-05-07,TMIN,133
USW00093719,2006-03-20,TMAX,144
USC00310576,2005-12-24,TMAX,161
USR0000NHOF,2011-11-12,TMAX,167
USW00093765,2007-05-25,TMIN,128
USC00317170,2010-05-25,TMIN,206
USW00093765,2007-05-25,TMAX,244
USC00310576,2006-10-07,TMIN,117
USC00314689,2007-08-03,TMAX,328
USC00317170,2010-05-25,TMAX,272
USR0000NNWB,2007-06-26,TMAX,339
USW00093719,2006-03-20,TMIN,0
USC00310576,2005-12-24,TMIN,-44
USC00314689,2007-11-21,TMIN,83
USW00093743,2012-09-21,TMAX,250
USW00093743,2012-09-21,TMIN,156
USC00310356,2011-05-07,TMAX,228
USR0000NHOF,2009-01-21,TMAX,11
USR0000NHOF,2009-01-21,TMIN,-111
USR0000NCRN,2005-12-23,TMAX,161
USC00314144,2009-08-26,TMAX,311
USC00317170,2007-10-23,TMIN,161
USC00317170,2007-10-23,TMAX,306
USC00315830,2014-05-12,TMAX,267
USC00314684,2014-01-30,TMIN,-128
USC00316096,2013-06-01,TMAX,278
USW00093719,2014-10-14,TMAX,294
USC00316096,2013-06-01,TMIN,183
USW00093719,2014-10-14,TMIN,228
USC00314684,2007-07-27,TMAX,322
USR0000NCRN,2014-08-21,TMAX,306
USC00314684,2008-09-22,TMIN,150
USC00314684,2008-09-22,TMAX,250
USC00314684,2007-07-27,TMIN,194
USC00314144,2009-08-26,TMIN,189
USC00314684,2010-09-16,TMIN,150
USW00013754,2011-02-08,TMAX,128
USC00317170,2011-12-24,TMIN,44
USC00310576,2010-03-30,TMAX,194
USC00310576,2010-03-30,TMIN,128
USC00316096,2013-12-26,TMAX,72
USR0000NHOF,2008-08-16,TMAX,289
USW00093765,2014-07-08,TMIN,267
USR0000NCRN,2014-08-21,TMIN,217
USC00315830,2007-06-06,TMAX,306
USC00315830,2005-10-19,TMIN,156
USC00310576,2006-04-15,TMAX,322
USC00317170,2011-09-08,TMIN,217
USW00093719,2015-12-04,TMIN,39
USC00310576,2006-04-15,TMIN,178
USW00093719,2008-07-03,TMAX,322
USC00317170,2011-12-24,TMAX,139
USC00316676,2014-01-10,TMAX,139
USW00093719,2012-08-18,TMIN,228
USW00093719,2012-08-18,TMAX,317
USC00315830,2007-06-06,TMIN,217
USC00316096,2013-12-26,TMIN,28
USC00316676,2011-03-06,TMAX,211
USC00316676,2011-03-06,TMIN,83
USC00310576,2015-02-04,TMAX,83
USC00310576,2015-02-04,TMIN,0
USC00314144,2008-07-12,TMAX,306
USR0000NCRN,2006-12-16,TMAX,189
USC00314144,2008-07-12,TMIN,161
USR0000NCRN,2006-12-16,TMIN,33
USC00316096,2015-11-01,TMIN,122
USC00316676,2006-08-17,TMAX,328
USC00316676,2005-08-27,TMIN,217
USC00316676,2005-08-27,TMAX,289
USC00310356,2010-07-10,TMIN,239
USW00093719,2012-06-23,TMIN,206
USR0000NHOF,2009-04-17,TMIN,-33
USW00093765,2015-04-12,TMIN,128
USR0000NHOF,2009-04-17,TMAX,211
USW00013754,2005-06-07,TMIN,217
USW00093765,2015-04-12,TMAX,217
USR0000NCRN,2007-02-10,TMIN,67
USC00310576,2013-10-12,TMIN,156
USC00310356,2010-07-10,TMAX,306
USC00314689,2012-10-01,TMAX,239
USC00316676,2007-01-07,TMAX,228
USC00316676,2007-01-07,TMIN,78
USW00013754,2005-02-16,TMIN,61
USC00310356,2006-04-22,TMIN,133
USW00013754,2005-02-16,TMAX,217
USC00310356,2006-04-22,TMAX,233
USR0000NNWB,2006-03-20,TMAX,144
USC00310356,2013-01-27,TMAX,56
USC00310356,2013-01-27,TMIN,-11
USR0000NCRN,2007-02-10,TMAX,78
USR0000NNWB,2006-03-20,TMIN,-11
USW00093765,2015-03-23,TMAX,111
USW00093719,2012-06-23,TMAX,333
USR0000NNWB,2013-06-01,TMAX,322
USR0000NNWB,2013-06-01,TMIN,200
USC00314689,2014-01-04,TMIN,-67
USC00310576,2011-04-29,TMAX,261
USC00314689,2013-02-28,TMAX,156
USC00316096,2014-01-30,TMIN,-50
USC00317170,2012-07-28,TMAX,339
USC00317170,2012-07-28,TMIN,217
USC00316096,2014-01-30,TMAX,17
USW00093765,2015-03-23,TMIN,67
USC00314689,2013-02-28,TMIN,39
USC00316676,2014-03-28,TMIN,-28
USC00314689,2012-10-01,TMIN,178
USC00314684,2012-03-04,TMAX,183
USC00314684,2008-05-12,TMAX,244
USR0000NHOF,2005-05-30,TMIN,172
USC00316676,2014-03-28,TMAX,150
USR0000NCRN,2014-07-19,TMIN,211
USR0000NCRN,2014-07-19,TMAX,261
USC00314684,2008-05-12,TMIN,128
USW00013754,2005-06-07,TMAX,300
USC00314684,2013-05-28,TMIN,122
USW00093743,2013-01-27,TMAX,67
USC00314684,2013-05-28,TMAX,267
USC00316096,2013-11-11,TMIN,28
USC00316096,2013-11-11,TMAX,156
USC00314684,2009-09-30,TMAX,239
USC00314684,2009-09-30,TMIN,89
USC00315830,2009-07-01,TMIN,228
USC00310356,2012-05-28,TMIN,228
USC00315830,2009-07-01,TMAX,322
USW00093743,2007-10-27,TMAX,250
USR0000NCRN,2008-10-04,TMIN,94
USC00310356,2012-05-28,TMAX,289
USC00316676,2008-11-26,TMIN,-33
USR0000NHOF,2013-01-27,TMAX,56
USW00093719,2013-06-01,TMAX,322
USW00093719,2013-06-01,TMIN,194
USC00316676,2008-11-26,TMAX,139
USC00316096,2010-09-01,TMAX,311
USC00314684,2014-01-31,TMAX,17
USW00093719,2012-12-18,TMIN,83
USW00093719,2012-12-18,TMAX,189
USC00314684,2014-01-31,TMIN,-128
USR0000NCRN,2008-10-04,TMAX,261
USC00316676,2005-06-15,TMIN,239
USC00316096,2015-10-10,TMIN,167
USC00316096,2015-10-10,TMAX,217
USC00317170,2007-07-09,TMAX,317
USC00317170,2007-07-09,TMIN,222
USC00316096,2010-02-06,TMIN,0
USC00310356,2009-11-14,TMAX,156
USC00316096,2010-09-01,TMIN,178
USW00093743,2013-01-27,TMIN,-21
USW00093765,2009-09-04,TMAX,267
USC00310356,2007-12-10,TMIN,44
USC00314689,2006-11-25,TMAX,172
USC00310356,2007-12-10,TMAX,200
USC00316096,2010-02-06,TMAX,150
USC00314684,2010-05-02,TMIN,189
USC00310576,2012-10-30,TMAX,133
USC00310576,2012-10-30,TMIN,83
USW00093743,2009-05-15,TMIN,194
USW00013754,2014-12-18,TMAX,122
USC00310356,2009-01-21,TMAX,22
USC00310356,2009-01-21,TMIN,-50
USC00314684,2007-07-07,TMIN,211
USW00093743,2010-07-10,TMAX,317
USW00093743,2010-07-10,TMIN,228
USW00013754,2015-02-28,TMAX,72
USC00310356,2009-11-14,TMIN,128
USC00314684,2012-03-04,TMIN,61
USC00314689,2010-02-06,TMIN,28
USW00093719,2013-05-08,TMIN,100
USC00314684,2013-06-24,TMIN,211
USC00314689,2008-09-22,TMAX,244
USC00315830,2011-02-19,TMIN,100
USR0000NHOF,2006-09-24,TMIN,233
USC00310356,2005-03-01,TMAX,133
USC00314684,2009-11-04,TMAX,206
USC00314684,2006-06-07,TMIN,139
USC00315830,2011-02-19,TMAX,211
USC00314689,2008-09-22,TMIN,172
USC00314689,2013-05-28,TMIN,139
USC00314684,2013-06-24,TMAX,300
USC00314684,2006-06-07,TMAX,244
USC00314684,2012-06-16,TMAX,267
USC00310576,2006-07-20,TMAX,311
USC00314684,2008-11-17,TMAX,133
USC00314684,2008-11-17,TMIN,-6
USC00315830,2015-02-03,TMIN,-17
USC00315830,2007-09-16,TMAX,272
USC00315830,2015-02-03,TMAX,150
USC00314689,2013-05-28,TMAX,289
USC00310356,2005-03-01,TMIN,67
USW00093719,2013-05-08,TMAX,256
USW00013754,2008-08-01,TMIN,217
USC00314689,2006-06-09,TMIN,178
USC00316676,2011-03-25,TMIN,67
USW00093765,2011-10-07,TMAX,244
USC00314144,2008-02-18,TMIN,156
USC00314144,2007-02-20,TMAX,189
USR0000NNWB,2009-08-28,TMIN,233
USC00310576,2006-10-30,TMIN,67
USC00310576,2006-10-30,TMAX,222
USW00093765,2009-03-05,TMIN,-38
USC00314684,2009-11-04,TMIN,67
USW00093765,2011-10-07,TMIN,139
USW00093765,2011-12-24,TMIN,67
USC00310576,2011-01-22,TMAX,100
USR0000NCRN,2014-12-17,TMIN,72
USR0000NCRN,2014-12-17,TMAX,167
USR0000NHOF,2011-01-17,TMIN,-22
USR0000NHOF,2011-01-17,TMAX,89
USW00013754,2012-09-19,TMAX,233
USC00310576,2011-01-22,TMIN,11
USW00013754,2008-08-01,TMAX,306
USW00013754,2012-09-19,TMIN,189
USC00314684,2012-06-16,TMIN,128
USC00314144,2010-12-15,TMIN,-117
USC00314144,2010-12-15,TMAX,33
USW00013754,2013-06-01,TMIN,178
USW00093765,2008-10-09,TMAX,261
USC00315830,2014-11-02,TMIN,72
USW00093765,2008-10-09,TMIN,200
USC00314689,2015-11-01,TMIN,122
USC00310576,2013-10-12,TMAX,194
USC00314689,2007-06-01,TMIN,172
USC00315830,2005-03-18,TMAX,117
USW00093765,2008-09-18,TMAX,261
USC00315830,2014-11-02,TMAX,111
USW00093765,2008-09-18,TMIN,178
USC00314689,2007-06-01,TMAX,294
USC00314144,2010-04-09,TMIN,39
USC00314689,2015-11-01,TMAX,233
USW00093743,2010-07-22,TMAX,311
USW00093743,2010-07-22,TMIN,244
USC00315830,2005-03-18,TMIN,28
USC00314689,2014-01-04,TMAX,61
USC00310576,2011-04-29,TMIN,167
USW00013754,2015-02-28,TMIN,-5
USC00314144,2010-04-09,TMAX,189
USC00314144,2007-02-20,TMIN,-22
USW00013754,2013-06-01,TMAX,300
USW00093765,2009-02-22,TMIN,22
USR0000NHOF,2006-10-31,TMAX,239
USR0000NHOF,2006-10-31,TMIN,39
USC00310576,2010-10-12,TMAX,300
USW00093719,2010-10-18,TMIN,117
USW00093765,2009-02-22,TMAX,156
USC00310356,2010-07-22,TMAX,300
USC00310356,2010-07-22,TMIN,244
USW00093719,2010-10-18,TMAX,267
USC00315830,2007-09-16,TMIN,178
USC00310576,2010-10-12,TMIN,167
USR0000NHOF,2006-09-24,TMAX,306
USC00310576,2006-07-20,TMIN,211
USW00093765,2010-01-27,TMAX,111
USW00093765,2010-01-27,TMIN,28
USC00316096,2013-05-28,TMIN,122
USC00316096,2013-05-28,TMAX,261
USC00314689,2010-11-05,TMAX,156
USW00013754,2014-12-18,TMIN,11
USC00314689,2010-11-05,TMIN,83
USW00013754,2013-09-06,TMIN,206
USW00013754,2013-09-06,TMAX,294
USC00314689,2010-02-06,TMAX,156
USC00317170,2015-11-24,TMAX,128
USR0000NHOF,2013-01-27,TMIN,-39
USC00314684,2007-07-07,TMAX,333
USR0000NCRN,2005-06-16,TMIN,206
USR0000NHOF,2007-07-15,TMIN,206
USC00310576,2012-07-15,TMAX,300
USC00315830,2007-06-27,TMIN,233
USC00310356,2008-04-06,TMAX,189
USC00310356,2008-04-06,TMIN,156
USC00317170,2010-10-03,TMAX,206
USW00013754,2014-03-15,TMAX,228
USC00317170,2010-10-03,TMIN,172
USW00093743,2007-12-06,TMAX,117
USR0000NNWB,2010-06-03,TMIN,222
USC00315830,2007-06-27,TMAX,294
USW00093719,2005-06-09,TMAX,272
USC00314689,2009-07-27,TMIN,233
USR0000NNWB,2010-06-03,TMAX,306
USW00013754,2014-03-15,TMIN,78
USC00314684,2005-08-26,TMIN,167
USC00314684,2005-08-26,TMAX,289
USC00314689,2010-10-26,TMAX,278
USW00093765,2005-12-31,TMIN,39
USC00310576,2012-07-15,TMIN,211
USW00093765,2005-12-31,TMAX,167
USR0000NCRN,2005-06-16,TMAX,328
USR0000NCRN,2011-01-11,TMAX,33
USR0000NHOF,2012-08-19,TMIN,200
USC00317170,2013-05-28,TMIN,133
USC00317170,2013-05-28,TMAX,322
USC00317170,2010-01-27,TMAX,106
USC00317170,2010-01-27,TMIN,22
USC00310356,2009-04-17,TMIN,50
USC00315830,2012-07-19,TMIN,267
USC00310356,2009-04-17,TMAX,167
USC00315830,2008-03-25,TMIN,33
USR0000NCRN,2011-01-11,TMIN,-6
USC00314689,2008-12-05,TMAX,167
USC00314689,2008-12-05,TMIN,56
USR0000NNWB,2015-09-21,TMIN,200
USR0000NNWB,2015-09-21,TMAX,300
USC00315830,2012-07-19,TMAX,311
USW00093765,2013-06-01,TMAX,278
USW00093743,2007-12-06,TMIN,11
USW00093765,2013-06-01,TMIN,222
USC00314689,2009-07-27,TMAX,244
USC00315830,2008-03-25,TMAX,133
USC00314684,2011-05-07,TMIN,78
USR0000NHOF,2012-05-28,TMAX,283
USR0000NHOF,2012-05-27,TMIN,206
USR0000NHOF,2012-05-27,TMAX,283
USW00013754,2006-12-26,TMAX,194
USW00013754,2008-07-18,TMAX,311
USC00314144,2009-08-01,TMAX,328
USC00310576,2006-08-12,TMIN,189
USC00317170,2010-11-03,TMIN,117
USC00310356,2007-06-12,TMIN,189
USC00317170,2010-11-03,TMAX,156
USW00013754,2008-07-18,TMIN,217
USC00314144,2007-02-10,TMIN,-78
USW00013754,2006-12-26,TMIN,89
USC00314144,2007-02-10,TMAX,83
USW00013754,2014-10-14,TMAX,283
USW00013754,2014-10-14,TMIN,200
USW00093765,2013-05-08,TMAX,217
USW00093765,2013-05-08,TMIN,122
USC00310356,2010-02-17,TMIN,-11
USC00310356,2010-02-17,TMAX,78
USW00013754,2005-05-17,TMAX,222
USC00310356,2011-08-23,TMIN,233
USW00093743,2012-05-27,TMIN,222
USC00310356,2011-08-23,TMAX,306
USC00315830,2015-09-18,TMIN,211
USC00310576,2006-08-12,TMAX,267
USW00013754,2005-05-17,TMIN,156
USC00315830,2012-04-01,TMAX,228
USC00315830,2012-04-01,TMIN,111
USW00013754,2010-09-03,TMAX,322
USC00316676,2005-01-30,TMIN,-44
USC00316676,2005-01-30,TMAX,89
USW00093719,2005-06-09,TMIN,200
USC00314684,2011-05-07,TMAX,228
USR0000NHOF,2012-05-28,TMIN,194
USC00316676,2012-05-19,TMAX,217
USC00316676,2012-05-19,TMIN,128
USC00310356,2011-03-31,TMAX,156
USC00310356,2011-03-31,TMIN,56
USW00013754,2009-02-07,TMIN,-27
USR0000NHOF,2007-07-15,TMAX,289
USC00314689,2010-10-26,TMIN,167
USW00093743,2010-02-17,TMIN,-32
USW00093743,2010-02-17,TMAX,83
USC00317170,2013-06-24,TMIN,222
USW00013754,2010-09-03,TMIN,222
USC00317170,2013-06-24,TMAX,300
USW00093765,2012-08-03,TMIN,278
USW00093743,2007-06-12,TMAX,283
USC00316676,2005-06-15,TMAX,322
USR0000NHOF,2010-02-17,TMAX,72
USR0000NHOF,2012-08-19,TMAX,300
USR0000NCRN,2012-11-05,TMIN,33
USC00316676,2005-07-05,TMIN,222
USR0000NCRN,2012-11-05,TMAX,128
USR0000NNWB,2012-03-15,TMIN,117
USC00310356,2012-08-19,TMAX,294
USW00013754,2010-06-12,TMIN,194
USW00093719,2009-01-15,TMIN,-22
USW00013754,2009-01-08,TMIN,44
USW00013754,2009-01-08,TMAX,133
USW00013754,2010-06-12,TMAX,317
USC00314689,2006-11-25,TMIN,17
USC00310356,2012-08-19,TMIN,228
USW00093743,2009-05-15,TMAX,250
USC00316676,2005-07-05,TMAX,306
USW00093743,2011-03-01,TMIN,28
USC00316096,2012-10-01,TMAX,278
USW00093719,2005-04-01,TMAX,256
USW00093719,2005-04-01,TMIN,117
USR0000NCRN,2013-09-14,TMIN,178
USC00310576,2015-06-15,TMIN,222
USC00316096,2012-10-01,TMIN,183
USC00310576,2015-06-15,TMAX,333
USW00093719,2009-01-15,TMAX,100
USW00013754,2011-01-09,TMIN,-60
USW00093743,2011-03-01,TMAX,161
USR0000NHOF,2010-07-22,TMAX,344
USR0000NHOF,2010-07-22,TMIN,228
USC00314689,2013-12-26,TMIN,-33
USC00314684,2010-05-02,TMAX,311
USC00314689,2013-12-26,TMAX,150
USC00316096,2011-07-11,TMIN,206
USW00093765,2014-07-27,TMIN,267
USR0000NCRN,2013-03-07,TMAX,128
USW00013754,2011-01-09,TMAX,39
USR0000NCRN,2013-03-07,TMIN,28
USC00314144,2008-08-01,TMAX,328
USC00316096,2011-07-11,TMAX,306
USW00093765,2010-05-25,TMAX,261
USW00093765,2010-05-25,TMIN,206
USC00315830,2011-12-31,TMIN,50
USC00310576,2007-03-29,TMIN,144
USW00093765,2014-07-27,TMAX,317
USW00093743,2009-04-17,TMIN,22
USW00093743,2009-04-17,TMAX,194
USC00314144,2008-08-01,TMIN,211
USR0000NNWB,2012-03-15,TMAX,300
USC00316676,2007-06-27,TMIN,200
USC00314689,2012-03-30,TMIN,111
USC00316676,2006-06-20,TMAX,294
USR0000NCRN,2012-09-21,TMAX,267
USR0000NHOF,2010-07-10,TMAX,322
USR0000NNWB,2011-04-04,TMIN,122
USR0000NHOF,2010-07-10,TMIN,211
USR0000NCRN,2012-09-21,TMIN,144
USC00317170,2011-10-07,TMIN,94
USC00315830,2005-01-01,TMAX,194
USW00093743,2012-08-19,TMAX,294
USC00317170,2011-10-07,TMAX,244
USW00013754,2009-02-07,TMAX,172
USC00317170,2012-04-14,TMIN,39
USC00317170,2012-04-14,TMAX,222
USW00093743,2012-08-19,TMIN,217
USC00314689,2008-04-24,TMAX,261
USW00093743,2009-01-21,TMAX,22
USC00315830,2005-01-01,TMIN,72
USW00093743,2009-01-21,TMIN,-71
USC00314689,2008-04-24,TMIN,133
USR0000NHOF,2010-02-17,TMIN,-61
USC00315830,2011-12-31,TMAX,200
USC00316676,2006-06-20,TMIN,206
USR0000NCRN,2013-02-05,TMAX,150
USR0000NNWB,2011-04-04,TMAX,272
USC00317170,2014-07-08,TMIN,233
USW00093743,2012-05-28,TMAX,283
USR0000NHOF,2005-05-30,TMAX,189
USW00093719,2009-04-03,TMIN,150
USC00317170,2014-07-08,TMAX,361
USW00093719,2009-04-03,TMAX,261
USC00310576,2014-10-31,TMIN,111
USC00310576,2014-04-09,TMIN,117
USC00310576,2014-10-31,TMAX,206
USW00093743,2007-10-27,TMIN,167
USC00314689,2012-03-30,TMAX,272
USC00314689,2008-11-01,TMAX,228
USW00093743,2012-05-28,TMIN,233
USC00314689,2008-11-01,TMIN,33
USC00310576,2014-04-09,TMAX,217
USC00310576,2006-04-14,TMIN,150
USC00310576,2006-04-14,TMAX,300
USC00316676,2010-03-16,TMIN,50
USC00316676,2010-03-16,TMAX,178
USR0000NCRN,2013-09-14,TMAX,256
USR0000NCRN,2013-02-05,TMIN,28
USW00093743,2007-06-12,TMIN,167
USR0000NCRN,2014-11-02,TMIN,33
USC00317170,2014-11-28,TMAX,78
USC00316676,2010-11-16,TMIN,22
USR0000NHOF,2010-02-08,TMIN,-72
USR0000NHOF,2005-09-06,TMIN,200
USR0000NHOF,2005-09-06,TMAX,283
USR0000NHOF,2014-11-02,TMAX,122
USR0000NHOF,2014-11-02,TMIN,-11
USR0000NCRN,2013-10-12,TMAX,200
USW00093743,2009-03-30,TMIN,83
USC00310576,2014-03-15,TMAX,150
USR0000NCRN,2013-10-12,TMIN,167
USC00316096,2014-11-09,TMAX,167
USC00316676,2009-11-07,TMAX,156
USC00314689,2014-05-23,TMIN,206
USC00316096,2013-10-27,TMIN,33
USC00310576,2014-03-15,TMIN,-28
USR0000NNWB,2014-12-18,TMAX,133
USC00315830,2007-01-07,TMAX,211
USC00317170,2007-06-20,TMAX,361
USC00317170,2007-06-20,TMIN,228
USC00310576,2008-01-26,TMAX,56
USC00310576,2008-01-26,TMIN,-11
USW00093719,2014-03-30,TMIN,89
USC00316096,2013-10-27,TMAX,189
USR0000NHOF,2010-02-08,TMAX,89
USC00314684,2014-12-13,TMIN,-33
USW00093719,2014-03-30,TMAX,189
USC00314689,2014-07-19,TMAX,289
USC00314144,2006-09-17,TMIN,139
USW00093743,2014-11-02,TMAX,111
USR0000NCRN,2008-08-25,TMIN,194
USW00093719,2013-12-08,TMIN,50
USC00314689,2014-07-19,TMIN,183
USW00093743,2014-11-02,TMIN,39
USW00093719,2013-12-08,TMAX,78
USC00316096,2014-11-09,TMIN,56
USR0000NNWB,2014-12-18,TMIN,17
USC00317170,2009-04-03,TMIN,172
USC00317170,2009-04-03,TMAX,278
USR0000NCRN,2009-06-07,TMAX,272
USW00093743,2009-03-30,TMAX,206
USC00314684,2011-07-24,TMAX,378
USC00314684,2009-01-27,TMIN,17
USC00314684,2009-01-27,TMAX,56
USC00315830,2007-01-07,TMIN,83
USC00314684,2014-12-13,TMAX,128
USC00314684,2011-07-24,TMIN,239
USR0000NCRN,2009-09-13,TMAX,272
USC00310356,2005-01-22,TMAX,50
USC00316676,2015-02-28,TMAX,100
USC00314689,2012-09-20,TMIN,161
USW00093765,2011-04-27,TMAX,272
USR0000NCRN,2009-06-07,TMIN,222
USC00316676,2007-05-16,TMIN,106
USC00310356,2005-09-06,TMIN,222
USC00316676,2007-05-16,TMAX,267
USC00310356,2005-09-06,TMAX,294
USC00314144,2006-09-17,TMAX,283
USC00310576,2011-11-19,TMAX,111
USC00314689,2012-09-20,TMAX,233
USR0000NNWB,2007-04-29,TMIN,122
USC00310356,2010-05-10,TMAX,206
USW00093719,2015-06-15,TMIN,239
USW00093719,2015-06-15,TMAX,367
USR0000NNWB,2007-04-29,TMAX,261
USC00310356,2010-05-10,TMIN,122
USR0000NCRN,2012-07-30,TMAX,283
USC00317170,2015-10-10,TMAX,211
USW00093743,2009-03-08,TMIN,111
USC00317170,2015-10-10,TMIN,178
USW00093765,2010-04-03,TMAX,217
USW00093719,2005-08-27,TMAX,300
USC00310576,2011-11-19,TMIN,11
USR0000NCRN,2010-03-12,TMIN,144
USW00093719,2005-08-27,TMIN,222
USC00310576,2007-11-22,TMAX,250
USW00013754,2012-07-19,TMIN,250
USW00013754,2012-07-19,TMAX,328
USC00310576,2007-11-22,TMIN,106
USC00314684,2013-11-07,TMAX,222
USC00315830,2015-11-21,TMIN,83
USC00316096,2014-07-08,TMIN,256
USC00314689,2008-12-10,TMAX,228
USC00314144,2010-02-07,TMAX,61
USC00315830,2015-11-21,TMAX,189
USC00314689,2008-12-10,TMIN,144
USC00310576,2013-05-08,TMAX,233
USC00310576,2013-05-08,TMIN,94
USC00316676,2015-02-28,TMIN,-17
USC00314684,2013-11-07,TMIN,122
USR0000NCRN,2010-03-12,TMAX,172
USR0000NCRN,2013-06-25,TMIN,217
USR0000NCRN,2013-06-25,TMAX,289
USC00314144,2010-02-07,TMIN,-56
USC00316096,2014-07-08,TMAX,311
USR0000NCRN,2006-06-08,TMAX,283
USR0000NCRN,2006-06-08,TMIN,178
USR0000NCRN,2009-09-13,TMIN,233
USR0000NHOF,2011-09-16,TMIN,150
USR0000NCRN,2014-12-03,TMAX,222
USC00316676,2007-08-01,TMIN,200
USW00093719,2014-01-04,TMAX,89
USR0000NCRN,2012-12-15,TMAX,156
USW00093719,2014-01-04,TMIN,-38
USR0000NNWB,2009-09-30,TMAX,233
USR0000NNWB,2009-09-30,TMIN,94
USC00316676,2010-08-18,TMIN,206
USW00093719,2009-01-08,TMAX,133
USC00316676,2010-08-18,TMAX,317
USR0000NHOF,2014-06-16,TMAX,344
USC00314689,2014-05-23,TMAX,311
USR0000NCRN,2014-12-03,TMIN,94
USR0000NHOF,2010-06-28,TMAX,344
USC00314689,2010-05-02,TMIN,228
USR0000NHOF,2011-09-16,TMAX,189
USC00314689,2015-06-04,TMIN,189
USR0000NCRN,2012-12-15,TMIN,11
USR0000NCRN,2011-03-31,TMIN,78
USC00314689,2015-06-04,TMAX,272
USW00093719,2009-04-18,TMIN,67
USR0000NCRN,2011-03-31,TMAX,111
USW00093765,2008-09-30,TMAX,250
USC00310356,2015-02-10,TMIN,50
USC00314684,2013-03-06,TMIN,0
USC00316676,2010-11-09,TMIN,11
USC00314684,2009-03-25,TMAX,139
USC00314684,2009-03-25,TMIN,17
USC00310576,2010-06-21,TMIN,211
USR0000NNWB,2006-03-26,TMIN,-6
USR0000NNWB,2006-03-26,TMAX,128
USC00310576,2010-06-21,TMAX,339
USW00093719,2009-01-08,TMIN,39
USC00310356,2008-04-16,TMAX,83
USR0000NHOF,2014-06-16,TMIN,167
USC00310576,2015-05-03,TMAX,222
USR0000NHOF,2009-03-08,TMAX,272
USW00093765,2008-09-30,TMIN,178
USC00310356,2015-02-10,TMAX,144
USC00315830,2015-07-27,TMAX,300
USC00310356,2006-02-20,TMAX,50
USC00310576,2015-05-03,TMIN,61
USC00310356,2006-02-20,TMIN,-22
USC00310356,2008-04-16,TMIN,72
USC00314689,2010-05-02,TMAX,339
USR0000NCRN,2015-08-07,TMAX,289
USR0000NCRN,2015-08-07,TMIN,222
USC00310356,2009-03-30,TMIN,100
USC00310356,2014-11-02,TMAX,117
USC00310356,2014-11-02,TMIN,61
USW00093743,2014-06-16,TMIN,194
USW00093719,2008-11-06,TMAX,233
USR0000NNWB,2009-02-22,TMAX,133
USW00093743,2014-06-16,TMAX,294
USC00310356,2014-06-16,TMIN,222
USR0000NNWB,2010-05-25,TMIN,206
USC00310356,2009-03-30,TMAX,178
USC00317170,2012-11-08,TMIN,22
USW00093743,2010-02-08,TMAX,78
USW00093743,2010-02-08,TMIN,-38
USC00310356,2014-06-16,TMAX,283
USC00315830,2005-04-04,TMAX,244
USC00314144,2010-05-31,TMAX,294
USR0000NCRN,2008-08-25,TMAX,311
USC00314144,2010-05-31,TMIN,206
USC00316676,2012-03-30,TMAX,294
USC00317170,2012-11-08,TMAX,139
USC00315830,2005-04-04,TMIN,89
USC00316676,2012-03-30,TMIN,33
USR0000NNWB,2010-05-25,TMAX,267
USW00093719,2008-11-06,TMIN,133
USR0000NHOF,2010-06-28,TMIN,233
USC00316676,2007-08-01,TMAX,306
USC00316096,2010-09-16,TMIN,167
USC00316096,2012-05-19,TMAX,250
USC00316096,2010-09-16,TMAX,283
USC00316096,2012-09-20,TMAX,244
USC00316096,2012-05-19,TMIN,122
USC00316096,2012-09-20,TMIN,167
USC00315830,2010-04-30,TMAX,228
USW00093743,2008-04-16,TMAX,183
USC00310356,2010-02-08,TMAX,72
USW00093743,2008-04-16,TMIN,39
USC00310356,2010-02-08,TMIN,-22
USC00315830,2010-04-30,TMIN,172
USR0000NNWB,2009-02-22,TMIN,6
USC00314684,2008-11-01,TMAX,189
USW00093743,2011-05-23,TMIN,228
USC00314684,2008-11-01,TMIN,-22
USW00093719,2009-04-18,TMAX,261
USC00316676,2012-03-31,TMAX,250
USC00316676,2012-03-31,TMIN,133
USR0000NHOF,2008-04-16,TMAX,183
USC00310356,2005-01-22,TMIN,-17
USC00317170,2007-05-14,TMAX,244
USR0000NHOF,2009-03-30,TMAX,206
USR0000NHOF,2007-08-18,TMAX,311
USC00314689,2013-03-06,TMIN,44
USR0000NCRN,2014-06-22,TMIN,217
USR0000NCRN,2014-06-22,TMAX,294
USR0000NHOF,2011-05-23,TMAX,283
USR0000NHOF,2011-05-23,TMIN,178
USW00013754,2009-11-19,TMIN,161
USC00316676,2010-12-07,TMAX,67
USC00314144,2006-06-08,TMIN,189
USC00314689,2013-03-06,TMAX,139
USC00314144,2006-06-08,TMAX,311
USC00314689,2014-10-31,TMAX,194
USR0000NHOF,2007-08-18,TMIN,200
USW00013754,2009-11-19,TMAX,239
USC00314689,2006-10-03,TMAX,278
USC00317170,2008-02-10,TMIN,50
USR0000NNWB,2008-07-03,TMAX,333
USW00093765,2008-05-18,TMAX,244
USC00317170,2008-02-10,TMAX,194
USW00093765,2008-05-18,TMIN,172
USC00314689,2014-10-31,TMIN,78
USW00093743,2011-09-16,TMAX,217
USC00314684,2010-11-03,TMIN,50
USC00317170,2011-01-05,TMAX,94
USW00093743,2010-05-10,TMIN,72
USW00093743,2011-09-16,TMIN,172
USC00315830,2007-08-04,TMAX,300
USW00013754,2012-02-25,TMAX,161
USW00013754,2012-02-25,TMIN,50
USC00315830,2012-11-27,TMAX,172
USC00314144,2010-01-01,TMAX,122
USC00310576,2014-03-29,TMIN,39
USC00310576,2014-03-29,TMAX,222
USC00317170,2012-02-05,TMAX,167
USC00314144,2010-07-10,TMAX,322
USC00317170,2012-02-05,TMIN,39
USR0000NNWB,2011-12-27,TMIN,22
USC00315830,2012-11-27,TMIN,44
USC00316676,2007-06-01,TMAX,294
USC00314144,2009-07-02,TMAX,333
USC00314144,2009-07-02,TMIN,178
USW00093765,2011-08-22,TMIN,233
USW00093765,2011-08-22,TMAX,306
USR0000NNWB,2011-12-27,TMAX,178
USC00314144,2010-07-10,TMIN,211
USC00316676,2008-07-09,TMIN,206
USC00310356,2005-11-20,TMAX,161
USC00314684,2010-11-03,TMAX,150
USW00093743,2008-02-16,TMAX,139
USW00093743,2008-02-16,TMIN,56
USC00316676,2013-11-30,TMAX,122
USR0000NCRN,2009-08-19,TMIN,283
USC00317170,2014-12-31,TMIN,-22
USC00316676,2013-11-30,TMIN,0
USC00316676,2007-06-01,TMIN,133
USW00093719,2014-06-03,TMAX,311
USW00093765,2014-06-16,TMAX,289
USR0000NCRN,2009-08-19,TMAX,311
USR0000NHOF,2010-05-10,TMAX,206
USC00316096,2014-10-31,TMIN,89
USC00316096,2014-10-31,TMAX,189
USC00315830,2010-11-13,TMIN,67
USW00093765,2015-02-28,TMIN,0
USC00315830,2007-08-04,TMIN,228
USW00093765,2008-05-12,TMAX,206
USW00093765,2008-05-12,TMIN,111
USC00314144,2010-07-22,TMAX,344
USW00093765,2014-06-16,TMIN,200
USR0000NHOF,2010-05-10,TMIN,17
USW00093719,2011-03-13,TMIN,89
USC00316676,2008-07-09,TMAX,317
USR0000NCRN,2015-06-26,TMAX,317
USW00013754,2012-03-26,TMAX,239
USC00314689,2006-10-03,TMIN,106
USW00013754,2012-03-26,TMIN,122
USC00315830,2012-05-27,TMIN,233
USC00310576,2014-08-21,TMIN,217
USC00315830,2012-05-27,TMAX,278
USR0000NHOF,2015-10-10,TMIN,144
USC00316096,2012-11-21,TMAX,156
USR0000NHOF,2015-10-10,TMAX,217
USC00310356,2008-08-01,TMIN,239
USC00310356,2008-08-01,TMAX,306
USC00315830,2010-11-13,TMAX,183
USC00310576,2014-08-21,TMAX,322
USC00315830,2011-03-29,TMIN,11
USC00315830,2010-12-10,TMIN,-28
USC00316676,2010-12-07,TMIN,-44
USW00093719,2011-03-13,TMAX,261
USC00315830,2010-12-10,TMAX,117
USR0000NNWB,2008-07-03,TMIN,183
USC00315830,2011-03-29,TMAX,139
USR0000NCRN,2015-06-26,TMIN,233
USC00316676,2013-09-06,TMAX,300
USC00314684,2013-03-06,TMAX,161
USC00314144,2010-01-01,TMIN,11
USR0000NCRN,2006-06-21,TMAX,317
USC00310576,2011-10-21,TMAX,194
USW00013754,2010-11-24,TMAX,183
USC00310576,2014-12-29,TMIN,94
USC00315830,2011-12-17,TMIN,39
USC00310356,2008-02-16,TMAX,122
USC00310356,2008-02-16,TMIN,78
USW00013754,2010-11-24,TMIN,50
USC00314144,2010-03-17,TMIN,-22
USC00314144,2010-03-17,TMAX,156
USR0000NNWB,2006-02-22,TMIN,50
USC00317170,2008-11-17,TMAX,133
USC00317170,2008-11-17,TMIN,28
USR0000NNWB,2011-10-07,TMAX,267
USR0000NNWB,2011-10-07,TMIN,106
USC00314684,2005-04-17,TMAX,167
USC00314684,2005-04-17,TMIN,0
USW00093765,2011-04-27,TMIN,217
USC00317170,2007-08-20,TMAX,361
USC00314684,2006-05-25,TMAX,272
USC00310576,2011-10-21,TMIN,67
USC00315830,2011-12-17,TMAX,200
USC00317170,2007-05-14,TMIN,83
USC00316676,2012-04-14,TMAX,211
USC00315830,2008-12-27,TMAX,189
USR0000NHOF,2009-03-30,TMIN,39
USC00316676,2009-06-12,TMAX,306
USC00316676,2006-03-11,TMIN,117
USW00093743,2009-03-08,TMAX,183
USC00316676,2009-06-12,TMIN,206
USR0000NHOF,2008-04-16,TMIN,-22
USW00013754,2011-04-04,TMAX,244
USC00310576,2014-12-29,TMAX,233
USW00093719,2012-12-25,TMIN,44
USC00316676,2006-11-27,TMAX,211
USC00316676,2006-11-27,TMIN,67
USR0000NHOF,2008-08-01,TMIN,211
USC00310356,2006-07-20,TMAX,306
USC00314684,2011-02-10,TMIN,-33
USC00310356,2006-07-20,TMIN,172
USW00093719,2005-02-16,TMIN,67
USC00315830,2008-12-27,TMIN,89
USR0000NHOF,2008-08-01,TMAX,328
USC00316676,2012-04-14,TMIN,22
USW00093719,2005-02-16,TMAX,211
USW00093719,2012-12-25,TMAX,156
USC00317170,2008-01-13,TMAX,133
USW00093765,2010-04-03,TMIN,100
USC00314684,2006-05-25,TMIN,100
USC00315830,2005-06-09,TMIN,228
USW00093719,2014-08-31,TMAX,333
USC00314684,2009-06-18,TMAX,261
USR0000NNWB,2012-01-06,TMIN,-17
USW00093765,2005-10-23,TMIN,117
USW00093765,2005-10-23,TMAX,183
USC00314684,2010-08-27,TMIN,178
USC00317170,2007-09-29,TMAX,261
USW00093719,2008-03-25,TMIN,28
USC00314144,2007-02-02,TMAX,100
USW00093743,2010-05-10,TMAX,206
USC00310576,2015-09-04,TMIN,189
USR0000NHOF,2006-02-20,TMAX,78
USR0000NCRN,2012-07-30,TMIN,228
USC00316676,2009-11-07,TMIN,6
USR0000NNWB,2012-01-13,TMAX,172
USR0000NHOF,2006-02-20,TMIN,0
USC00314144,2009-12-06,TMAX,78
USR0000NCRN,2006-06-21,TMIN,211
USC00314144,2009-12-06,TMIN,-17
USC00315830,2005-06-09,TMAX,283
USC00314684,2009-06-18,TMIN,200
USW00093719,2014-08-31,TMIN,217
USR0000NNWB,2012-01-06,TMAX,206
USC00317170,2008-01-13,TMIN,89
USC00314684,2015-06-16,TMAX,378
USC00314684,2015-06-16,TMIN,228
USC00314689,2012-05-19,TMAX,239
USC00314689,2012-05-19,TMIN,111
USC00314684,2012-09-19,TMIN,194
USC00310576,2015-09-04,TMAX,311
USC00314684,2011-02-10,TMAX,94
USC00317170,2011-01-05,TMIN,6
USC00314684,2010-08-27,TMAX,306
USR0000NNWB,2006-02-22,TMAX,139
USC00314684,2012-09-19,TMAX,272
USC00316676,2006-03-11,TMAX,239
USC00316096,2013-03-06,TMAX,150
USC00317170,2007-08-20,TMIN,250
USC00317170,2007-09-29,TMIN,150
USC00316096,2013-03-06,TMIN,44
USW00093719,2008-03-25,TMAX,139
USR0000NHOF,2007-08-08,TMIN,267
USC00310576,2011-05-05,TMIN,67
USC00310576,2011-05-05,TMAX,228
USC00316676,2013-09-06,TMIN,183
USC00314689,2013-08-24,TMIN,194
USC00316096,2014-07-19,TMIN,211
USC00310356,2005-01-05,TMAX,161
USR0000NNWB,2008-02-08,TMAX,178
USC00317170,2015-07-24,TMIN,217
USC00317170,2015-07-24,TMAX,328
USC00317170,2012-08-18,TMAX,322
USR0000NCRN,2008-01-30,TMIN,-44
USR0000NCRN,2008-01-30,TMAX,222
USC00314144,2009-02-17,TMIN,-94
USC00310356,2006-08-12,TMAX,306
USW00013754,2010-05-25,TMAX,272
USR0000NNWB,2008-02-08,TMIN,33
USR0000NHOF,2012-07-15,TMIN,194
USW00013754,2010-05-25,TMIN,200
USC00316096,2011-03-04,TMAX,150
USW00093743,2010-03-30,TMIN,111
USC00310356,2006-09-17,TMIN,144
USC00314689,2006-08-26,TMIN,183
USC00314684,2009-03-29,TMIN,167
USC00314684,2012-11-21,TMAX,139
USC00314684,2009-03-29,TMAX,256
USC00314689,2009-01-05,TMAX,183
USC00310356,2006-08-12,TMIN,189
USR0000NHOF,2006-06-21,TMIN,172
USC00310356,2007-09-04,TMAX,306
USR0000NHOF,2012-07-15,TMAX,311
USC00310356,2015-12-04,TMAX,200
USR0000NNWB,2011-12-15,TMIN,144
USC00314689,2013-01-26,TMIN,-39
USC00317170,2013-05-31,TMAX,317
USC00316676,2010-09-11,TMIN,161
USR0000NNWB,2011-12-15,TMAX,222
USC00316676,2010-09-11,TMAX,272
USC00317170,2013-05-31,TMIN,167
USC00317170,2015-06-15,TMIN,228
USC00314144,2009-02-17,TMAX,89
USC00317170,2015-06-15,TMAX,367
USW00093765,2007-11-15,TMAX,217
USC00316676,2014-10-31,TMIN,111
USC00316096,2011-03-04,TMIN,6
USC00317170,2012-08-18,TMIN,200
USC00310356,2007-09-04,TMIN,211
USC00316676,2014-10-31,TMAX,194
USW00093719,2008-05-18,TMAX,272
USW00093743,2010-03-30,TMAX,217
USW00093719,2008-05-18,TMIN,139
USW00093765,2007-11-15,TMIN,61
USR0000NHOF,2006-06-21,TMAX,317
USC00310356,2012-10-30,TMAX,122
USC00314689,2009-01-05,TMIN,117
USW00013754,2005-08-27,TMIN,233
USC00316096,2014-05-23,TMAX,300
USW00013754,2014-03-30,TMAX,189
USR0000NCRN,2006-03-12,TMIN,161
USW00013754,2014-03-30,TMIN,89
USC00314684,2014-07-19,TMAX,294
USC00314684,2014-07-19,TMIN,178
USC00314144,2011-02-12,TMAX,122
USR0000NHOF,2015-06-26,TMIN,211
USW00013754,2005-08-27,TMAX,294
USC00314689,2011-07-24,TMAX,361
USC00317170,2008-08-17,TMAX,300
USW00013754,2007-11-11,TMIN,17
USC00315830,2007-02-10,TMAX,94
USW00013754,2007-11-11,TMAX,139
USC00314689,2011-07-24,TMIN,250
USW00093719,2013-12-13,TMIN,-32
USR0000NHOF,2015-06-26,TMAX,356
USW00093743,2012-10-30,TMAX,133
USW00093719,2013-12-13,TMAX,122
USC00315830,2007-02-10,TMIN,0
USW00093719,2005-09-29,TMIN,172
USR0000NCRN,2006-03-12,TMAX,250
USC00315830,2014-05-28,TMAX,278
USC00310356,2005-05-29,TMIN,194
USC00314684,2012-11-21,TMIN,50
USW00013754,2012-01-08,TMAX,172
USC00310356,2012-10-30,TMIN,89
USR0000NNWB,2012-01-13,TMIN,28
USC00310356,2005-05-29,TMAX,239
USC00316676,2006-04-14,TMAX,278
USC00315830,2011-02-11,TMAX,39
USC00317170,2008-08-17,TMIN,211
USW00013754,2014-01-04,TMAX,83
USW00013754,2014-01-04,TMIN,-32
USW00093719,2008-01-03,TMIN,-67
USC00314689,2008-04-07,TMIN,89
USC00316676,2006-04-14,TMIN,139
USW00093719,2008-01-03,TMAX,22
USC00317170,2015-09-18,TMIN,100
USC00314144,2006-11-28,TMIN,50
USC00315830,2005-10-05,TMAX,289
USW00093719,2005-09-29,TMAX,311
USC00315830,2005-10-05,TMIN,217
USC00315830,2014-05-28,TMIN,206
USC00314684,2006-11-25,TMIN,11
USC00310356,2011-05-23,TMAX,272
USC00310356,2015-12-04,TMIN,61
USC00310576,2009-04-17,TMAX,172
USC00314684,2009-06-03,TMIN,200
USW00013754,2015-02-03,TMIN,-16
USW00093719,2005-01-14,TMAX,228
USW00093719,2005-01-14,TMIN,56
USW00013754,2015-02-03,TMAX,67
USC00315830,2014-03-29,TMIN,161
USC00315830,2014-03-29,TMAX,189
USR0000NHOF,2013-05-08,TMAX,150
USR0000NHOF,2013-05-08,TMIN,83
USC00310356,2010-02-07,TMAX,78
USC00316096,2010-03-19,TMAX,222
USW00093765,2013-05-31,TMIN,206
USC00314684,2009-06-03,TMAX,328
USC00316676,2012-08-03,TMAX,317
USC00314144,2006-11-28,TMAX,217
USR0000NCRN,2008-12-16,TMIN,100
USC00316096,2011-12-27,TMAX,183
USW00013754,2012-01-06,TMIN,-16
USW00093743,2012-07-15,TMAX,300
USC00316096,2011-12-27,TMIN,6
USW00093765,2013-05-31,TMAX,278
USC00310356,2010-03-30,TMAX,189
USC00316096,2010-03-19,TMIN,44
USC00310356,2010-02-07,TMIN,-17
USC00310356,2013-05-08,TMAX,189
USC00314684,2009-07-31,TMAX,328
USC00314144,2011-02-12,TMIN,-44
USR0000NCRN,2012-02-16,TMAX,167
USR0000NCRN,2012-02-16,TMIN,28
USC00310356,2013-05-08,TMIN,150
USW00013754,2010-09-29,TMAX,261
USW00093743,2013-12-09,TMIN,61
USC00315830,2011-04-16,TMAX,228
USW00093719,2012-06-16,TMIN,156
USW00093743,2010-02-07,TMIN,-27
USC00315830,2006-04-14,TMIN,172
USW00093765,2010-05-30,TMIN,189
USW00093765,2010-05-30,TMAX,272
USW00093743,2013-05-08,TMAX,217
USC00315830,2006-04-14,TMAX,228
USW00093743,2013-05-08,TMIN,111
USC00317170,2015-10-23,TMAX,267
USC00317170,2015-10-23,TMIN,111
USW00093719,2012-06-16,TMAX,267
USW00093743,2010-02-07,TMAX,72
USC00310356,2010-03-30,TMIN,61
USR0000NNWB,2008-09-18,TMAX,272
USC00314684,2012-12-18,TMIN,122
USR0000NCRN,2010-03-17,TMAX,161
USW00093719,2008-07-05,TMAX,300
USW00093719,2008-07-05,TMIN,217
USC00316676,2008-12-19,TMAX,156
USR0000NCRN,2010-02-08,TMAX,89
USC00310576,2006-01-20,TMAX,194
USC00310576,2006-01-20,TMIN,0
USC00317170,2013-03-06,TMAX,144
USR0000NCRN,2010-02-08,TMIN,-56
USC00310356,2007-05-18,TMAX,228
USC00317170,2013-03-06,TMIN,61
USW00093719,2005-03-22,TMAX,172
USW00093719,2005-03-22,TMIN,61
USC00316676,2008-09-22,TMAX,256
USW00093765,2011-02-02,TMIN,122
USC00310576,2009-04-17,TMIN,22
USC00314689,2013-01-26,TMAX,6
USW00093765,2011-02-02,TMAX,167
USW00013754,2012-01-08,TMIN,89
USC00310356,2012-01-22,TMAX,156
USC00316676,2008-09-22,TMIN,178
USR0000NCRN,2010-03-17,TMIN,11
USC00314684,2015-11-24,TMAX,72
USC00316676,2008-12-19,TMIN,122
USR0000NCRN,2008-12-16,TMAX,228
USC00314684,2006-09-08,TMAX,289
USC00316676,2012-08-03,TMIN,200
USC00314684,2006-09-08,TMIN,183
USC00310356,2007-05-18,TMIN,144
USC00314684,2012-12-18,TMAX,161
USC00314689,2010-10-02,TMAX,228
USR0000NNWB,2008-09-18,TMIN,139
USC00314144,2007-11-10,TMIN,-22
USW00093765,2008-11-17,TMAX,128
USC00314144,2007-11-10,TMAX,128
USC00314689,2010-10-02,TMIN,128
USC00314689,2013-10-27,TMAX,200
USW00093765,2008-11-17,TMIN,33
USW00013754,2010-08-16,TMIN,217
USW00093743,2012-07-15,TMIN,228
USW00013754,2010-08-16,TMAX,328
USC00314689,2007-10-23,TMAX,311
USC00314689,2007-10-23,TMIN,161
USW00093765,2015-06-16,TMAX,344
USW00093765,2015-06-16,TMIN,267
USC00314684,2006-11-25,TMAX,183
USC00314144,2010-07-22,TMIN,228
USW00093743,2012-10-30,TMIN,83
USW00093765,2015-10-10,TMAX,228
USW00093743,2010-06-28,TMIN,250
USR0000NCRN,2005-08-02,TMAX,322
USR0000NCRN,2005-08-02,TMIN,206
USC00310356,2014-10-14,TMAX,278
USC00316676,2007-05-24,TMIN,139
USC00310356,2014-10-14,TMIN,194
USC00316676,2007-05-24,TMAX,256
USC00316096,2013-05-31,TMAX,278
USW00093765,2012-07-28,TMIN,233
USW00093743,2010-06-28,TMAX,306
USR0000NNWB,2015-07-19,TMAX,356
USR0000NNWB,2009-01-15,TMAX,100
USW00013754,2011-10-07,TMAX,244
USW00093765,2011-04-13,TMAX,194
USR0000NNWB,2009-01-15,TMIN,-22
USW00013754,2011-10-07,TMIN,139
USW00093719,2009-08-14,TMIN,211
USW00093719,2009-08-14,TMAX,256
USW00093719,2011-07-21,TMIN,250
USW00093719,2011-07-21,TMAX,372
USC00316096,2013-05-31,TMIN,172
USC00317170,2013-02-28,TMAX,133
USR0000NCRN,2010-02-07,TMAX,67
USR0000NHOF,2011-06-21,TMIN,183
USR0000NCRN,2014-02-08,TMAX,61
USR0000NNWB,2014-03-30,TMAX,172
USR0000NNWB,2014-03-30,TMIN,83
USC00310356,2005-01-26,TMIN,17
USR0000NCRN,2014-01-04,TMIN,-61
USC00310356,2006-06-08,TMIN,167
USC00310356,2006-06-08,TMAX,272
USW00093765,2012-07-28,TMAX,322
USW00093719,2008-07-13,TMIN,172
USR0000NCRN,2010-02-07,TMIN,-44
USC00315830,2011-02-11,TMIN,-28
USC00314684,2012-09-20,TMAX,211
USC00314684,2012-09-20,TMIN,161
USC00310356,2005-01-26,TMAX,106
USC00314144,2005-04-23,TMIN,161
USW00093719,2008-07-13,TMAX,311
USR0000NHOF,2015-02-10,TMIN,17
USR0000NHOF,2015-02-10,TMAX,106
USC00314144,2005-04-23,TMAX,244
USR0000NHOF,2011-06-21,TMAX,306
USR0000NCRN,2014-01-04,TMAX,78
USR0000NHOF,2006-02-08,TMIN,-89
USW00093765,2015-07-24,TMIN,206
USW00013754,2009-09-30,TMAX,222
USC00310356,2006-02-08,TMIN,-22
USC00314684,2015-12-31,TMIN,178
USC00310356,2006-02-08,TMAX,100
USW00013754,2011-09-22,TMAX,300
USW00013754,2011-12-15,TMIN,39
USC00315830,2015-07-27,TMIN,228
USC00314689,2013-08-24,TMAX,317
USC00314684,2015-12-31,TMAX,239
USW00013754,2011-12-15,TMAX,217
USR0000NNWB,2011-01-09,TMAX,39
USC00314689,2007-01-07,TMAX,200
USC00314689,2007-01-07,TMIN,83
USW00093719,2012-05-31,TMIN,183
USW00093719,2012-05-31,TMAX,328
USW00013754,2011-09-22,TMIN,222
USC00310356,2005-01-05,TMIN,117
USC00316096,2014-07-19,TMAX,261
USC00315830,2013-05-29,TMIN,189
USC00315830,2013-05-29,TMAX,261
USR0000NCRN,2011-12-12,TMIN,56
USR0000NHOF,2009-03-08,TMIN,133
USC00316676,2010-11-09,TMAX,167
USR0000NNWB,2011-01-09,TMIN,-56
USR0000NCRN,2011-12-12,TMAX,144
USW00013754,2009-09-30,TMIN,106
USW00093765,2015-07-24,TMAX,294
USR0000NHOF,2006-02-08,TMAX,106
USC00314689,2013-05-31,TMAX,317
USC00314689,2013-05-31,TMIN,194
USC00316096,2012-09-19,TMIN,183
USR0000NNWB,2015-07-19,TMIN,233
USW00093765,2011-04-13,TMIN,122
USC00316096,2012-09-19,TMAX,250
USR0000NNWB,2012-07-19,TMIN,250
USR0000NNWB,2012-07-19,TMAX,350
USR0000NHOF,2014-10-14,TMAX,289
USR0000NHOF,2014-10-14,TMIN,194
USC00317170,2013-02-28,TMIN,50
USC00310576,2008-02-20,TMIN,17
USC00310576,2008-02-20,TMAX,217
USW00093743,2011-05-23,TMAX,283
USC00310576,2013-02-05,TMIN,-11
USR0000NHOF,2007-10-31,TMAX,228
USR0000NHOF,2007-10-31,TMIN,72
USC00310576,2013-02-05,TMAX,106
USC00314689,2012-09-19,TMAX,261
USR0000NNWB,2014-01-04,TMAX,83
USC00314689,2011-08-19,TMIN,194
USR0000NHOF,2012-10-30,TMIN,72
USC00317170,2011-08-22,TMIN,211
USC00317170,2011-08-22,TMAX,356
USC00310356,2015-06-26,TMIN,256
USC00310356,2015-06-26,TMAX,300
USW00093765,2010-10-18,TMIN,161
USR0000NHOF,2011-05-07,TMIN,78
USC00310576,2005-01-01,TMAX,200
USR0000NNWB,2012-06-25,TMIN,206
USW00093765,2015-10-10,TMIN,178
USC00310576,2008-03-16,TMAX,233
USC00310356,2010-06-28,TMIN,261
USR0000NCRN,2012-06-23,TMIN,200
USR0000NNWB,2012-06-25,TMAX,322
USC00310576,2005-01-01,TMIN,44
USW00093765,2010-10-18,TMAX,239
USW00093743,2013-06-25,TMIN,222
USR0000NCRN,2012-06-23,TMAX,294
USC00314689,2014-11-09,TMAX,172
USR0000NHOF,2007-10-21,TMIN,33
USC00314144,2009-01-17,TMIN,-94
USC00314689,2014-11-09,TMIN,72
USW00093765,2015-06-15,TMIN,244
USC00310576,2008-03-16,TMIN,128
USC00316096,2014-07-05,TMAX,278
USC00310356,2011-06-21,TMAX,344
USC00310576,2008-03-31,TMIN,78
USC00310576,2008-03-31,TMAX,150
USC00310356,2011-06-21,TMIN,222
USR0000NNWB,2009-11-19,TMIN,161
USC00314689,2006-08-26,TMAX,311
USC00316096,2014-05-23,TMIN,172
USR0000NNWB,2014-01-04,TMIN,-44
USR0000NCRN,2014-02-08,TMIN,17
USR0000NNWB,2009-11-19,TMAX,233
USR0000NNWB,2009-01-05,TMIN,133
USR0000NNWB,2009-01-05,TMAX,189
USC00314689,2014-07-08,TMIN,239
USC00317170,2015-02-28,TMIN,-22
USC00310356,2006-06-21,TMIN,222
USC00310356,2006-06-21,TMAX,278
USR0000NHOF,2010-03-30,TMAX,206
USR0000NHOF,2010-03-30,TMIN,67
USC00316096,2015-06-04,TMAX,272
USC00317170,2015-02-28,TMAX,72
USC00310356,2010-06-28,TMAX,306
USR0000NHOF,2007-10-21,TMAX,256
USC00317170,2015-06-16,TMAX,378
USW00093743,2013-06-25,TMAX,289
USC00316676,2013-03-17,TMAX,267
USC00316096,2014-07-05,TMIN,167
USW00093743,2011-06-21,TMIN,217
USC00310576,2010-12-09,TMAX,61
USC00315830,2006-06-09,TMAX,289
USC00314689,2014-07-08,TMAX,333
USC00315830,2006-06-09,TMIN,178
USC00310576,2009-12-26,TMAX,189
USC00310576,2009-12-26,TMIN,106
USC00314684,2015-03-21,TMIN,56
USR0000NCRN,2008-10-10,TMIN,189
USR0000NCRN,2008-10-10,TMAX,233
USR0000NHOF,2006-06-08,TMAX,300
USC00310356,2011-03-23,TMAX,261
USW00093719,2005-07-02,TMAX,317
USC00314689,2012-09-19,TMIN,178
USC00314689,2011-08-19,TMAX,317
USR0000NCRN,2007-12-28,TMAX,300
USW00093719,2005-07-02,TMIN,217
USR0000NHOF,2012-10-30,TMAX,128
USR0000NHOF,2006-06-08,TMIN,150
USC00314684,2013-05-31,TMIN,178
USC00316096,2013-08-24,TMIN,200
USC00314684,2015-03-21,TMAX,167
USC00316096,2015-06-04,TMIN,189
USW00093765,2015-06-15,TMAX,339
USC00314144,2009-01-17,TMAX,22
USR0000NHOF,2007-11-10,TMAX,128
USC00317170,2007-07-27,TMAX,344
USR0000NHOF,2007-11-10,TMIN,-22
USC00317170,2015-06-16,TMIN,228
USR0000NHOF,2006-08-12,TMAX,244
USC00310356,2013-06-25,TMIN,244
USC00310356,2013-06-25,TMAX,278
USC00316676,2013-03-17,TMIN,111
USR0000NHOF,2006-08-12,TMIN,150
USC00315830,2008-11-17,TMIN,44
USC00315830,2008-11-17,TMAX,139
USC00314684,2013-05-31,TMAX,317
USR0000NHOF,2011-05-07,TMAX,239
USC00317170,2007-07-27,TMIN,206
USW00093743,2011-06-21,TMAX,278
USC00316096,2013-08-24,TMAX,278
USC00310576,2010-12-09,TMIN,-17
USC00310356,2011-05-23,TMIN,217
USR0000NCRN,2007-12-28,TMIN,39
USC00315830,2005-07-22,TMIN,267
USC00316096,2012-11-21,TMIN,78
USR0000NHOF,2015-08-29,TMIN,167
USC00316676,2011-10-20,TMAX,267
USR0000NHOF,2007-03-17,TMIN,-28
USR0000NHOF,2007-03-17,TMAX,83
USC00317170,2011-04-13,TMIN,122
USC00314684,2015-09-18,TMIN,161
USR0000NCRN,2015-09-17,TMIN,194
USC00314689,2011-05-11,TMAX,261
USC00315830,2006-01-24,TMIN,89
USC00314689,2013-09-06,TMIN,189
USC00310576,2014-11-02,TMAX,128
USR0000NCRN,2012-04-01,TMAX,183
USR0000NCRN,2012-04-01,TMIN,111
USC00310356,2014-12-17,TMIN,72
USC00316096,2009-11-04,TMAX,206
USC00310576,2014-11-02,TMIN,61
USR0000NNWB,2010-01-27,TMAX,106
USW00013754,2015-09-08,TMAX,306
USC00314689,2013-09-06,TMAX,311
USW00013754,2015-09-08,TMIN,217
USR0000NNWB,2010-01-27,TMIN,-17
USC00317170,2010-04-27,TMIN,144
USC00317170,2010-04-27,TMAX,233
USC00316096,2009-11-04,TMIN,61
USR0000NHOF,2007-12-10,TMAX,256
USC00314684,2009-04-23,TMAX,189
USW00093719,2007-08-12,TMAX,294
USC00314684,2009-04-23,TMIN,56
USW00093765,2005-09-29,TMIN,200
USC00317170,2011-04-13,TMAX,239
USW00093765,2005-03-22,TMAX,172
USW00093765,2005-03-22,TMIN,78
USR0000NNWB,2010-11-24,TMAX,183
USR0000NNWB,2010-11-24,TMIN,67
USR0000NCRN,2015-09-17,TMAX,256
USC00316676,2011-10-20,TMIN,94
USW00093719,2007-08-12,TMIN,194
USR0000NHOF,2007-12-10,TMIN,72
USR0000NCRN,2011-10-25,TMAX,211
USC00314144,2005-12-24,TMAX,183
USR0000NNWB,2012-06-23,TMIN,211
USW00093719,2010-05-25,TMAX,272
USW00093719,2010-05-25,TMIN,200
USW00013754,2007-12-28,TMAX,200
USC00314144,2005-12-24,TMIN,-33
USR0000NNWB,2012-06-23,TMAX,350
USC00315830,2008-06-12,TMAX,306
USC00315830,2006-01-24,TMAX,183
USC00317170,2014-01-04,TMAX,78
USC00316096,2013-09-06,TMAX,294
USC00317170,2009-01-24,TMAX,156
USC00316676,2005-10-04,TMIN,200
USC00316676,2005-10-04,TMAX,278
USW00093719,2005-10-29,TMAX,144
USR0000NNWB,2011-07-21,TMAX,378
USW00093719,2006-06-09,TMAX,289
USW00093719,2006-06-09,TMIN,161
USW00093765,2012-09-19,TMIN,200
USW00093765,2006-02-04,TMIN,111
USW00093765,2012-09-19,TMAX,261
USR0000NCRN,2013-05-29,TMIN,178
USC00316096,2009-12-25,TMIN,33
USR0000NCRN,2013-05-29,TMAX,267
USR0000NNWB,2012-05-31,TMIN,178
USR0000NCRN,2015-02-10,TMIN,17
USR0000NNWB,2012-05-31,TMAX,333
USW00093719,2007-03-27,TMIN,128
USC00316096,2009-12-25,TMAX,178
USC00310576,2011-06-26,TMIN,183
USW00013754,2005-01-24,TMAX,39
USC00310356,2014-12-17,TMAX,156
USW00093765,2007-08-18,TMIN,261
USW00093765,2006-02-04,TMAX,200
USW00093765,2008-02-10,TMIN,78
USW00093765,2008-02-10,TMAX,172
USC00316676,2014-08-16,TMAX,300
USW00013754,2007-06-26,TMIN,211
USC00314689,2011-06-03,TMAX,356
USC00314689,2011-06-03,TMIN,206
USC00316676,2014-08-16,TMIN,167
USC00316676,2015-04-17,TMIN,144
USC00317170,2012-06-16,TMAX,261
USC00316096,2013-09-06,TMIN,189
USC00316676,2015-04-17,TMAX,211
USW00013754,2005-04-01,TMAX,256
USC00317170,2014-01-04,TMIN,-56
USR0000NNWB,2011-07-21,TMIN,256
USC00317170,2009-01-24,TMIN,78
USW00013754,2005-04-01,TMIN,128
USW00093765,2009-03-29,TMIN,133
USC00317170,2012-06-16,TMIN,133
USW00093765,2009-03-29,TMAX,200
USW00093765,2005-03-12,TMIN,39
USW00093765,2005-03-12,TMAX,144
USR0000NCRN,2015-12-08,TMAX,167
USR0000NCRN,2015-12-08,TMIN,28
USR0000NNWB,2010-05-30,TMAX,322
USR0000NHOF,2014-03-29,TMAX,194
USR0000NCRN,2012-12-03,TMIN,106
USW00093743,2007-10-21,TMIN,100
USC00314684,2007-07-01,TMAX,339
USW00093743,2007-10-21,TMAX,256
USC00314689,2010-07-21,TMIN,233
USC00314689,2011-05-11,TMIN,122
USC00317170,2012-12-18,TMIN,128
USC00314689,2013-11-07,TMAX,217
USW00093719,2006-12-26,TMAX,189
USC00314689,2013-11-07,TMIN,161
USC00310356,2014-03-29,TMIN,17
USC00310356,2014-03-29,TMAX,172
USW00093765,2008-09-29,TMAX,278
USC00314689,2007-12-20,TMIN,-17
USC00314689,2007-12-20,TMAX,144
USC00314689,2010-07-21,TMAX,344
USC00317170,2012-12-18,TMAX,189
USC00315830,2008-01-01,TMAX,178
USW00093765,2008-09-29,TMIN,200
USW00013754,2007-12-28,TMIN,33
USW00093719,2011-10-07,TMAX,250
USC00314684,2014-07-08,TMAX,317
USC00310576,2009-10-21,TMIN,28
USC00315830,2008-01-01,TMIN,61
USC00314689,2014-12-02,TMIN,72
USR0000NHOF,2014-03-29,TMIN,156
USC00314689,2014-12-02,TMAX,222
USR0000NCRN,2005-09-06,TMIN,228
USR0000NCRN,2005-09-06,TMAX,278
USW00093765,2012-11-08,TMAX,144
USC00310576,2008-04-29,TMIN,139
USC00310576,2015-01-17,TMAX,139
USW00093719,2006-12-26,TMIN,83
USR0000NCRN,2010-05-31,TMAX,278
USC00317170,2008-05-12,TMIN,128
USC00310576,2008-04-29,TMAX,239
USC00315830,2006-09-08,TMAX,267
USW00013754,2014-08-31,TMIN,217
USW00013754,2014-08-31,TMAX,333
USC00310576,2009-10-21,TMAX,211
USR0000NCRN,2012-12-03,TMAX,228
USR0000NCRN,2010-05-31,TMIN,217
USC00314684,2014-07-08,TMIN,217
USC00317170,2008-05-12,TMAX,222
USW00093765,2010-05-08,TMAX,261
USC00314684,2009-07-27,TMAX,328
USC00310576,2010-02-08,TMAX,89
USC00316676,2005-12-17,TMAX,133
USR0000NCRN,2015-02-04,TMIN,-33
USR0000NHOF,2005-11-21,TMAX,200
USC00316676,2005-12-17,TMIN,-11
USC00314689,2007-08-23,TMIN,233
USR0000NHOF,2005-11-21,TMIN,122
USR0000NCRN,2008-11-08,TMAX,222
USC00314144,2011-03-01,TMIN,-17
USC00314144,2011-03-01,TMAX,150
USW00013754,2013-12-13,TMAX,111
USC00316096,2011-08-05,TMAX,333
USC00310576,2007-02-10,TMIN,-11
USC00310576,2007-02-10,TMAX,94
USC00314684,2009-11-27,TMIN,39
USC00314684,2015-09-18,TMAX,256
USW00013754,2007-06-26,TMAX,306
USR0000NCRN,2011-10-25,TMIN,61
USR0000NNWB,2010-05-30,TMIN,183
USC00315830,2008-06-12,TMIN,211
USW00093765,2005-09-29,TMAX,283
USC00316096,2011-08-05,TMIN,228
USR0000NCRN,2008-11-08,TMIN,117
USR0000NCRN,2015-02-04,TMAX,144
USW00093765,2009-07-31,TMAX,306
USC00310576,2010-02-08,TMIN,-17
USR0000NHOF,2008-08-11,TMIN,144
USC00314144,2008-04-26,TMIN,117
USC00314144,2008-01-30,TMIN,0
USC00314144,2008-04-26,TMAX,278
USC00314144,2008-01-30,TMAX,189
USC00314684,2009-07-27,TMIN,228
USR0000NHOF,2008-08-11,TMAX,294
USC00314684,2009-11-27,TMAX,178
USC00310576,2015-01-17,TMIN,17
USW00093719,2011-10-07,TMIN,117
USW00093765,2010-05-08,TMIN,206
USR0000NCRN,2013-06-01,TMAX,272
USC00310576,2015-03-27,TMIN,161
USR0000NCRN,2013-06-01,TMIN,211
USC00315830,2013-05-08,TMAX,228
USC00314689,2007-08-23,TMAX,317
USC00315830,2013-05-08,TMIN,128
USW00093765,2009-07-31,TMIN,261
USW00013754,2013-12-13,TMIN,-32
USC00310576,2015-03-27,TMAX,239
USW00093719,2005-10-29,TMIN,33
USC00314689,2015-05-02,TMAX,167
USR0000NCRN,2015-02-10,TMAX,111
USC00314689,2011-06-07,TMIN,178
USR0000NHOF,2011-07-31,TMIN,217
USR0000NHOF,2011-07-31,TMAX,339
USR0000NHOF,2009-07-02,TMAX,333
USW00013754,2005-03-11,TMAX,161
USW00013754,2005-03-11,TMIN,61
USR0000NHOF,2009-07-02,TMIN,194
USW00093765,2007-08-18,TMAX,311
USR0000NCRN,2006-02-08,TMIN,-33
USR0000NCRN,2006-02-08,TMAX,133
USW00013754,2009-02-22,TMAX,156
USC00314144,2008-06-25,TMIN,172
USC00314144,2008-06-25,TMAX,328
USC00316676,2010-02-06,TMAX,178
USC00310576,2013-12-09,TMAX,78
USC00315830,2007-07-27,TMIN,222
USW00093743,2008-08-11,TMIN,117
USR0000NHOF,2010-09-10,TMIN,133
USR0000NHOF,2010-09-10,TMAX,283
USR0000NCRN,2007-09-24,TMIN,156
USC00315830,2007-07-27,TMAX,300
USC00316676,2010-02-06,TMIN,44
USW00093743,2008-08-11,TMAX,206
USC00316676,2009-01-22,TMAX,28
USC00314684,2014-03-30,TMAX,194
USW00013754,2012-12-25,TMAX,144
USC00316676,2012-09-20,TMAX,222
USW00093743,2009-07-02,TMAX,328
USC00314684,2013-10-27,TMAX,172
USW00093743,2009-07-02,TMIN,256
USW00013754,2007-11-06,TMAX,222
USC00315830,2010-08-16,TMIN,233
USC00315830,2010-08-16,TMAX,311
USR0000NNWB,2010-04-10,TMIN,61
USC00314684,2014-03-30,TMIN,89
USR0000NNWB,2010-04-10,TMAX,222
USR0000NCRN,2015-10-10,TMIN,167
USR0000NCRN,2015-10-10,TMAX,222
USW00093765,2011-09-08,TMIN,228
USC00310576,2011-06-21,TMAX,322
USW00093719,2005-10-23,TMIN,94
USW00093719,2005-10-23,TMAX,172
USC00314689,2005-07-29,TMAX,344
USW00013754,2007-11-06,TMIN,67
USC00310576,2011-06-21,TMIN,183
USC00316676,2012-09-20,TMIN,178
USR0000NCRN,2007-09-24,TMAX,278
USC00314684,2008-11-06,TMAX,189
USW00013754,2007-02-13,TMIN,39
USC00310356,2010-03-12,TMAX,178
USC00314144,2005-09-06,TMIN,200
USC00310576,2011-01-04,TMIN,-22
USC00314684,2014-07-27,TMAX,322
USC00314144,2005-09-06,TMAX,300
USR0000NHOF,2012-02-02,TMAX,194
USC00310356,2010-03-12,TMIN,139
USR0000NHOF,2012-02-02,TMIN,44
USC00310356,2010-06-23,TMAX,311
USR0000NCRN,2012-03-02,TMIN,122
USR0000NHOF,2005-07-25,TMAX,322
USC00316676,2010-11-16,TMAX,206
USR0000NHOF,2005-07-25,TMIN,161
USC00310356,2012-04-01,TMIN,122
USR0000NCRN,2015-04-13,TMAX,239
USR0000NCRN,2015-04-13,TMIN,128
USW00093765,2006-11-04,TMIN,6
USW00093765,2012-12-18,TMIN,94
USW00093765,2006-11-04,TMAX,111
USC00310356,2011-11-19,TMIN,50
USC00310356,2012-04-01,TMAX,206
USC00314684,2013-09-06,TMAX,322
USC00314684,2013-09-06,TMIN,172
USC00310356,2014-08-22,TMIN,233
USW00013754,2007-02-13,TMAX,217
USR0000NCRN,2005-12-24,TMAX,161
USC00314684,2008-11-06,TMIN,128
USR0000NCRN,2005-12-24,TMIN,-22
USC00310576,2009-02-18,TMIN,-11
USC00310576,2009-02-18,TMAX,100
USR0000NNWB,2014-10-31,TMIN,83
USC00310576,2013-12-09,TMIN,61
USR0000NCRN,2006-10-31,TMAX,261
USR0000NCRN,2006-10-31,TMIN,94
USC00314689,2005-07-29,TMIN,206
USC00315830,2007-02-26,TMIN,83
USR0000NNWB,2014-10-31,TMAX,194
USC00314689,2013-03-05,TMIN,-33
USC00314689,2013-03-05,TMAX,156
USR0000NCRN,2012-05-28,TMAX,278
USC00315830,2007-02-26,TMAX,178
USC00310576,2011-01-04,TMAX,89
USC00314684,2014-07-27,TMIN,217
USR0000NCRN,2012-05-28,TMIN,222
USC00310356,2014-08-22,TMAX,300
USW00013754,2009-02-22,TMIN,17
USC00316676,2005-08-22,TMIN,233
USC00316676,2006-06-07,TMAX,250
USC00314684,2005-08-27,TMIN,189
USR0000NHOF,2008-12-06,TMAX,144
USR0000NNWB,2015-07-24,TMIN,206
USC00315830,2009-06-28,TMIN,194
USC00316676,2015-05-08,TMAX,256
USR0000NHOF,2005-11-20,TMIN,56
USR0000NNWB,2015-07-24,TMAX,311
USW00093765,2011-09-09,TMIN,211
USR0000NNWB,2015-01-19,TMIN,0
USW00093765,2014-12-31,TMAX,94
USC00315830,2009-06-28,TMAX,317
USW00093719,2014-10-31,TMIN,94
USW00093765,2011-09-09,TMAX,289
USC00310356,2012-02-02,TMAX,189
USR0000NNWB,2015-01-19,TMAX,172
USC00317170,2015-11-21,TMAX,178
USC00310356,2012-02-02,TMIN,128
USC00314684,2013-10-27,TMIN,-17
USW00093719,2008-04-18,TMIN,67
USR0000NCRN,2010-07-22,TMAX,328
USR0000NCRN,2010-07-22,TMIN,244
USW00093719,2014-10-31,TMAX,194
USC00317170,2015-11-21,TMIN,39
USW00093765,2014-12-31,TMIN,-5
USC00316676,2015-05-08,TMIN,183
USR0000NCRN,2010-06-30,TMIN,233
USC00314689,2007-10-20,TMAX,300
USC00314689,2007-10-20,TMIN,194
USC00310576,2011-06-26,TMAX,339
USR0000NCRN,2010-06-30,TMAX,300
USC00314684,2009-12-05,TMIN,33
USW00093719,2014-01-31,TMAX,133
USC00314684,2009-12-05,TMAX,133
USC00316676,2013-06-24,TMIN,217
USR0000NHOF,2008-12-06,TMIN,-39
USC00314689,2005-04-17,TMAX,183
USC00314689,2005-04-17,TMIN,22
USC00316676,2013-06-24,TMAX,306
USC00310576,2009-08-11,TMIN,244
USW00093719,2014-01-31,TMIN,-27
USC00314684,2007-07-01,TMIN,211
USC00310576,2010-02-17,TMIN,0
USC00310576,2010-02-17,TMAX,94
USR0000NHOF,2005-11-20,TMAX,150
USC00316676,2009-01-22,TMIN,-83
USC00310576,2009-08-11,TMAX,356
USC00315830,2006-07-26,TMIN,228
USC00315830,2006-07-26,TMAX,300
USC00310576,2010-09-28,TMAX,267
USC00310576,2013-10-23,TMAX,194
USR0000NCRN,2014-03-29,TMAX,183
USR0000NHOF,2011-11-19,TMIN,-22
USC00310576,2009-05-24,TMAX,283
USR0000NHOF,2011-11-19,TMAX,206
USC00316676,2012-02-26,TMIN,-28
USC00310576,2009-05-24,TMIN,161
USC00316676,2012-02-26,TMAX,133
USW00093765,2011-09-08,TMAX,300
USC00310576,2013-10-23,TMIN,139
USC00314689,2005-04-23,TMIN,172
USC00310356,2009-07-02,TMAX,317
USC00310356,2009-07-02,TMIN,267
USW00013754,2010-05-30,TMAX,306
USC00315830,2006-08-17,TMIN,239
USC00314689,2011-06-20,TMIN,222
USC00315830,2009-11-08,TMAX,211
USC00315830,2006-08-17,TMAX,300
USC00316676,2006-06-07,TMIN,150
USC00314684,2005-08-27,TMAX,294
USW00013754,2010-05-30,TMIN,161
USC00315830,2009-11-08,TMIN,94
USW00093743,2013-06-01,TMIN,217
USW00093743,2013-06-01,TMAX,283
USC00314689,2007-11-20,TMIN,83
USC00310576,2010-09-28,TMIN,211
USW00093765,2007-07-09,TMAX,300
USW00093765,2007-07-09,TMIN,244
USR0000NCRN,2010-07-10,TMAX,311
USR0000NCRN,2010-07-10,TMIN,222
USC00314689,2011-06-07,TMAX,322
USW00093765,2007-06-30,TMIN,239
USW00093765,2007-06-30,TMAX,300
USW00093719,2015-02-28,TMIN,-16
USW00093719,2008-04-18,TMAX,300
USW00013754,2012-12-25,TMIN,50
USW00093765,2007-04-07,TMAX,133
USW00093719,2015-02-28,TMAX,67
USC00314689,2007-11-20,TMAX,194
USC00316096,2014-12-02,TMIN,56
USC00316096,2014-12-02,TMAX,139
USW00093719,2007-03-27,TMAX,289
USC00310356,2013-06-01,TMAX,278
USC00310356,2013-06-01,TMIN,228
USW00093765,2007-04-07,TMIN,39
USC00314689,2011-06-20,TMAX,333
USC00317170,2012-09-19,TMAX,228
USW00093765,2012-02-05,TMAX,161
USC00317170,2014-03-30,TMIN,78
USC00314144,2011-01-22,TMIN,-83
USR0000NCRN,2006-11-19,TMAX,156
USR0000NCRN,2006-11-19,TMIN,22
USC00314144,2011-01-22,TMAX,-17
USR0000NHOF,2009-05-04,TMAX,272
USC00316676,2006-02-22,TMAX,167
USC00314144,2005-03-25,TMIN,50
USC00310356,2008-06-09,TMIN,244
USC00316676,2006-02-22,TMIN,28
USC00310356,2008-06-09,TMAX,283
USC00310576,2006-04-22,TMIN,178
USC00310576,2014-10-14,TMAX,294
USC00314144,2005-03-25,TMAX,233
USR0000NHOF,2007-08-05,TMAX,333
USR0000NHOF,2007-08-05,TMIN,178
USC00310576,2014-10-14,TMIN,167
USC00316676,2012-09-11,TMAX,250
USC00316676,2012-09-11,TMIN,128
USR0000NHOF,2007-08-08,TMAX,367
USC00316676,2006-02-12,TMAX,117
USC00310576,2012-08-23,TMAX,278
USW00093719,2008-09-18,TMAX,261
USW00013754,2005-12-01,TMIN,61
USC00310576,2012-08-23,TMIN,206
USC00315830,2006-10-30,TMAX,222
USW00013754,2015-06-15,TMAX,378
USW00093765,2005-08-27,TMAX,294
USW00093765,2005-08-27,TMIN,228
USC00314144,2005-02-08,TMIN,-6
USR0000NCRN,2009-12-23,TMAX,122
USR0000NCRN,2009-12-23,TMIN,106
USW00093765,2014-11-28,TMAX,78
USR0000NHOF,2014-07-19,TMIN,183
USR0000NHOF,2009-05-04,TMIN,172
USW00093765,2010-04-17,TMAX,217
USR0000NHOF,2006-09-17,TMAX,261
USR0000NHOF,2014-07-19,TMAX,289
USW00093765,2010-04-17,TMIN,161
USW00093765,2014-11-28,TMIN,-5
USC00317170,2008-05-18,TMAX,278
USR0000NCRN,2007-06-18,TMIN,211
USC00317170,2008-05-18,TMIN,144
USR0000NHOF,2006-09-17,TMIN,144
USW00013754,2005-12-01,TMAX,133
USR0000NCRN,2007-06-18,TMAX,333
USW00093719,2008-09-18,TMIN,156
USC00314689,2005-03-06,TMIN,-11
USC00316676,2006-02-12,TMIN,-33
USW00013754,2014-01-31,TMIN,-21
USC00314689,2014-07-27,TMIN,222
USC00314689,2014-07-27,TMAX,322
USC00316676,2007-03-14,TMIN,56
USC00310576,2011-02-14,TMIN,-6
USC00316676,2007-03-14,TMAX,267
USW00093765,2005-11-07,TMAX,250
USC00317170,2009-07-31,TMIN,239
USC00310576,2011-02-14,TMAX,156
USC00314689,2009-06-03,TMAX,339
USW00093765,2005-11-07,TMIN,117
USW00093765,2012-06-16,TMIN,167
USC00317170,2009-07-31,TMAX,333
USC00314689,2009-11-04,TMIN,67
USC00314689,2009-11-04,TMAX,206
USC00316676,2015-10-04,TMAX,289
USC00316676,2011-12-30,TMIN,-28
USC00316676,2015-10-04,TMIN,217
USR0000NNWB,2007-02-13,TMIN,56
USC00314689,2015-06-16,TMAX,372
USW00093765,2012-06-16,TMAX,267
USW00013754,2014-01-31,TMAX,133
USC00310356,2014-07-19,TMAX,300
USC00315830,2005-03-05,TMIN,78
USC00314689,2006-08-24,TMAX,306
USR0000NHOF,2013-01-26,TMIN,-33
USW00093719,2009-09-30,TMAX,228
USW00093719,2009-09-30,TMIN,106
USC00310576,2005-04-01,TMIN,128
USC00316676,2012-10-01,TMIN,167
USC00310576,2005-04-01,TMAX,239
USC00310576,2006-04-22,TMAX,250
USC00316676,2012-10-01,TMAX,222
USR0000NHOF,2011-06-02,TMAX,322
USC00315830,2010-10-15,TMAX,222
USC00314689,2006-08-24,TMIN,189
USC00315830,2010-10-15,TMIN,94
USC00310356,2014-07-19,TMIN,222
USC00314144,2006-10-31,TMAX,256
USR0000NHOF,2013-01-26,TMAX,11
USC00317170,2014-06-16,TMAX,344
USC00317170,2014-06-16,TMIN,178
USC00314144,2006-10-31,TMIN,67
USC00315830,2005-03-05,TMAX,156
USC00314689,2006-05-25,TMIN,161
USC00315830,2006-10-30,TMIN,83
USC00317170,2009-03-29,TMIN,178
USC00314144,2005-02-08,TMAX,222
USW00093765,2006-12-01,TMAX,222
USR0000NNWB,2015-06-15,TMIN,244
USR0000NCRN,2015-04-30,TMAX,183
USR0000NNWB,2015-06-15,TMAX,378
USR0000NCRN,2015-04-30,TMIN,122
USC00310356,2009-03-08,TMIN,117
USR0000NCRN,2015-04-11,TMIN,117
USC00314689,2014-07-05,TMAX,306
USC00310356,2009-03-08,TMAX,156
USC00310356,2011-09-16,TMAX,289
USC00315830,2013-10-23,TMAX,239
USC00314684,2011-04-16,TMAX,244
USW00013754,2012-06-23,TMAX,322
USC00317170,2015-01-05,TMAX,189
USW00013754,2012-06-23,TMIN,200
USW00093765,2005-05-17,TMIN,150
USC00314144,2009-11-02,TMIN,100
USW00093719,2014-06-03,TMIN,133
USW00093765,2005-05-17,TMAX,228
USW00013754,2013-12-08,TMIN,50
USC00310576,2012-01-24,TMIN,72
USC00314684,2011-04-16,TMIN,106
USC00310576,2012-01-24,TMAX,189
USC00317170,2014-12-31,TMAX,94
USC00316676,2013-05-31,TMIN,167
USR0000NHOF,2015-08-29,TMAX,306
USR0000NHOF,2006-07-20,TMAX,328
USW00093719,2012-08-07,TMIN,239
USC00314144,2011-07-12,TMAX,361
USC00310576,2007-12-09,TMAX,217
USR0000NHOF,2006-07-20,TMIN,194
USC00310576,2007-12-09,TMIN,56
USC00314689,2009-04-25,TMIN,178
USC00314689,2009-04-25,TMAX,311
USW00093719,2012-08-07,TMAX,311
USC00314144,2011-07-12,TMIN,206
USR0000NNWB,2007-04-13,TMAX,194
USR0000NNWB,2007-04-13,TMIN,78
USC00310356,2011-09-16,TMIN,178
USC00310576,2012-12-19,TMAX,189
USC00310576,2012-12-19,TMIN,28
USC00310356,2015-10-10,TMAX,250
USC00315830,2013-10-23,TMIN,167
USR0000NCRN,2015-04-11,TMAX,222
USC00316676,2013-05-31,TMAX,300
USC00310356,2015-10-10,TMIN,172
USW00013754,2013-12-08,TMAX,72
USC00310356,2015-08-29,TMIN,222
USC00314144,2011-05-25,TMAX,344
USW00093765,2009-04-03,TMAX,206
USC00310356,2005-11-20,TMIN,67
USW00093765,2012-08-18,TMIN,222
USW00013754,2009-01-05,TMAX,200
USW00093765,2012-08-18,TMAX,289
USR0000NCRN,2006-02-27,TMIN,-150
USW00093765,2015-11-21,TMIN,78
USR0000NNWB,2009-08-14,TMIN,222
USR0000NHOF,2014-05-04,TMIN,106
USW00093765,2015-11-21,TMAX,189
USR0000NCRN,2006-02-27,TMAX,106
USC00314684,2005-04-23,TMAX,289
USW00093719,2012-03-15,TMIN,94
USW00093719,2012-03-15,TMAX,289
USC00316676,2011-12-30,TMAX,156
USC00314684,2005-04-23,TMIN,128
USR0000NNWB,2009-08-14,TMAX,272
USW00013754,2015-06-15,TMIN,233
USC00314684,2014-10-31,TMIN,78
USC00314684,2014-10-31,TMAX,200
USW00093765,2006-12-01,TMIN,178
USW00093765,2009-04-03,TMIN,161
USC00310576,2010-04-27,TMIN,150
USR0000NCRN,2015-11-11,TMAX,206
USC00317170,2007-08-16,TMIN,244
USW00013754,2007-04-29,TMIN,133
USW00013754,2007-04-29,TMAX,261
USC00314144,2011-05-25,TMIN,194
USC00317170,2007-08-16,TMAX,339
USC00310576,2015-03-12,TMIN,139
USC00314689,2014-07-05,TMIN,167
USW00093719,2010-05-30,TMIN,156
USC00310356,2015-08-29,TMAX,294
USC00310576,2013-05-29,TMIN,144
USC00310576,2013-05-29,TMAX,283
USW00093719,2010-05-30,TMAX,317
USC00310576,2012-02-22,TMIN,6
USC00310576,2015-03-12,TMAX,289
USC00316096,2015-06-16,TMAX,367
USC00310576,2012-02-22,TMAX,156
USC00316096,2015-06-16,TMIN,228
USR0000NHOF,2014-05-04,TMAX,294
USC00310576,2010-04-27,TMAX,300
USR0000NCRN,2015-11-11,TMIN,83
USW00013754,2009-01-05,TMIN,139
USW00013754,2011-04-04,TMIN,150
USW00093765,2015-02-28,TMAX,61
USC00314689,2015-06-16,TMIN,228
USC00316676,2013-01-26,TMAX,28
USR0000NNWB,2012-03-26,TMIN,122
USR0000NHOF,2014-12-17,TMIN,33
USR0000NCRN,2007-08-24,TMAX,317
USR0000NCRN,2007-08-24,TMIN,211
USR0000NHOF,2014-12-17,TMAX,178
USR0000NHOF,2008-06-09,TMAX,356
USW00093765,2014-01-04,TMAX,89
USW00093765,2014-01-04,TMIN,-32
USC00310576,2012-11-05,TMIN,28
USW00093719,2006-08-24,TMAX,294
USC00314684,2008-09-30,TMAX,283
USW00093719,2015-09-21,TMIN,206
USR0000NCRN,2014-08-22,TMAX,339
USC00310576,2012-11-05,TMAX,156
USR0000NNWB,2011-09-22,TMAX,294
USC00316096,2011-07-21,TMIN,261
USW00093719,2015-09-21,TMAX,294
USC00317170,2012-08-16,TMIN,206
USW00013754,2009-08-14,TMIN,217
USR0000NCRN,2007-05-17,TMAX,261
USR0000NHOF,2008-06-09,TMIN,244
USW00013754,2009-08-14,TMAX,250
USW00093719,2006-08-24,TMIN,194
USR0000NNWB,2005-12-01,TMIN,56
USR0000NCRN,2005-05-29,TMIN,156
USR0000NCRN,2005-05-29,TMAX,306
USC00314689,2012-11-21,TMAX,150
USC00315830,2009-10-24,TMIN,150
USR0000NNWB,2005-12-01,TMAX,144
USR0000NCRN,2008-04-06,TMAX,217
USR0000NCRN,2008-04-06,TMIN,89
USC00314689,2012-11-21,TMIN,50
USC00316096,2011-07-21,TMAX,328
USC00310356,2005-07-25,TMIN,233
USC00314689,2011-12-27,TMIN,28
USC00317170,2012-08-16,TMAX,306
USR0000NNWB,2012-03-26,TMAX,250
USC00316676,2008-03-12,TMIN,56
USC00310576,2005-03-14,TMAX,106
USC00316676,2006-03-19,TMIN,-17
USC00316676,2008-03-12,TMAX,200
USC00315830,2009-10-24,TMAX,267
USC00310356,2013-01-26,TMAX,39
USC00316096,2014-07-27,TMIN,228
USC00310356,2013-01-26,TMIN,-28
USC00316676,2008-02-17,TMIN,50
USC00316676,2008-02-17,TMAX,144
USC00314684,2008-09-30,TMIN,161
USC00310356,2009-05-04,TMIN,206
USC00315830,2014-04-09,TMAX,189
USC00317170,2012-09-19,TMIN,178
USW00093719,2015-07-19,TMAX,344
USC00316676,2007-06-10,TMIN,200
USW00093743,2013-05-29,TMIN,183
USW00093743,2013-05-29,TMAX,278
USW00093765,2014-10-31,TMIN,100
USW00093719,2005-11-23,TMIN,-6
USC00317170,2007-06-02,TMIN,161
USC00317170,2007-06-02,TMAX,272
USW00093719,2005-11-23,TMAX,100
USW00093765,2014-10-31,TMAX,189
USC00315830,2006-09-08,TMIN,206
USC00310356,2013-05-29,TMIN,206
USC00310356,2013-05-29,TMAX,261
USW00093765,2012-02-05,TMIN,50
USC00317170,2014-03-30,TMAX,189
USC00316676,2005-08-22,TMAX,367
USC00310356,2009-05-04,TMAX,239
USW00093719,2015-07-19,TMIN,233
USC00315830,2014-04-09,TMIN,122
USR0000NCRN,2007-05-17,TMIN,156
USC00316676,2007-06-10,TMAX,333
USC00316096,2013-11-07,TMAX,211
USC00316676,2006-03-19,TMAX,156
USR0000NNWB,2011-09-22,TMIN,222
USR0000NNWB,2012-02-25,TMIN,39
USR0000NNWB,2006-06-09,TMAX,294
USR0000NCRN,2014-08-22,TMIN,233
USR0000NNWB,2006-06-09,TMIN,161
USR0000NCRN,2007-02-02,TMAX,100
USR0000NCRN,2007-02-02,TMIN,72
USC00316096,2013-11-07,TMIN,122
USC00315830,2014-05-09,TMIN,206
USC00315830,2014-05-09,TMAX,261
USW00093765,2015-12-31,TMIN,156
USW00093765,2015-12-31,TMAX,217
USW00013754,2010-01-27,TMAX,100
USC00314684,2008-11-14,TMAX,222
USW00013754,2010-01-27,TMIN,-10
USC00316096,2014-07-27,TMAX,317
USC00314684,2008-11-14,TMIN,139
USC00316096,2010-11-05,TMAX,156
USC00316096,2010-11-05,TMIN,50
USR0000NNWB,2014-01-31,TMIN,-22
USC00314689,2009-12-25,TMIN,22
USR0000NNWB,2014-01-31,TMAX,156
USC00314144,2005-06-16,TMAX,333
USR0000NCRN,2009-07-02,TMIN,239
USC00314144,2006-06-21,TMAX,333
USW00093743,2008-06-09,TMIN,239
USC00316676,2012-07-19,TMAX,317
USR0000NNWB,2007-02-13,TMAX,217
USC00316676,2012-07-19,TMIN,239
USC00314684,2006-12-22,TMAX,189
USC00314684,2006-12-22,TMIN,39
USC00310356,2005-11-21,TMAX,172
USR0000NCRN,2009-07-02,TMAX,317
USW00093719,2011-01-29,TMAX,144
USW00093719,2005-11-10,TMIN,72
USW00093743,2013-12-28,TMIN,11
USW00093719,2005-11-10,TMAX,206
USW00093765,2005-02-03,TMAX,83
USW00093719,2007-03-23,TMIN,78
USC00316676,2014-05-09,TMIN,178
USW00013754,2011-05-14,TMAX,289
USW00013754,2012-08-02,TMAX,311
USW00013754,2011-05-14,TMIN,183
USC00310356,2005-11-21,TMIN,122
USR0000NNWB,2012-12-25,TMIN,44
USC00314144,2006-06-21,TMIN,211
USW00093719,2011-01-29,TMIN,-39
USC00316676,2013-01-26,TMIN,-11
USC00314689,2009-12-25,TMAX,150
USC00317170,2015-12-31,TMIN,178
USC00317170,2015-12-31,TMAX,217
USC00314144,2008-02-25,TMIN,-17
USC00314144,2008-02-25,TMAX,156
USC00315830,2007-03-03,TMAX,156
USC00317170,2009-03-29,TMAX,267
USC00314684,2014-11-09,TMIN,22
USC00316676,2014-05-09,TMAX,322
USW00093765,2014-03-30,TMAX,172
USW00093765,2014-03-30,TMIN,89
USW00093743,2008-06-09,TMAX,311
USR0000NCRN,2009-12-06,TMAX,78
USW00013754,2011-12-27,TMIN,28
USC00314684,2014-11-09,TMAX,161
USW00013754,2011-12-27,TMAX,194
USR0000NCRN,2009-12-06,TMIN,44
USC00315830,2006-03-20,TMAX,133
USC00315830,2006-03-20,TMIN,11
USC00315830,2007-03-03,TMIN,89
USC00314689,2009-01-30,TMAX,122
USW00093743,2009-05-04,TMIN,200
USC00310576,2010-12-23,TMIN,6
USW00013754,2012-08-02,TMIN,194
USR0000NNWB,2012-12-25,TMAX,172
USW00093765,2005-02-03,TMIN,22
USC00310576,2012-07-04,TMIN,217
USC00310576,2005-03-14,TMIN,11
USC00310576,2005-12-23,TMIN,-67
USC00317170,2014-10-31,TMIN,89
USC00317170,2014-10-31,TMAX,189
USC00314144,2010-09-09,TMAX,306
USW00013754,2012-06-25,TMAX,306
USC00314144,2010-09-09,TMIN,139
USC00314689,2005-12-31,TMAX,161
USW00093743,2013-12-28,TMAX,167
USW00093765,2012-11-08,TMIN,28
USC00314689,2011-12-27,TMAX,178
USC00310576,2005-12-23,TMAX,144
USC00310576,2012-07-04,TMAX,339
USR0000NNWB,2009-06-20,TMIN,239
USR0000NNWB,2009-06-20,TMAX,350
USC00314684,2012-02-20,TMAX,83
USC00314689,2005-12-31,TMIN,39
USC00315830,2009-07-09,TMAX,294
USC00315830,2009-07-09,TMIN,233
USC00310356,2005-07-25,TMAX,317
USC00310576,2010-12-23,TMAX,89
USC00316096,2010-05-02,TMIN,200
USW00093743,2009-05-04,TMAX,261
USW00013754,2012-06-25,TMIN,206
USR0000NHOF,2008-02-16,TMAX,139
USW00093743,2013-01-26,TMIN,-16
USR0000NHOF,2008-02-16,TMIN,22
USW00093719,2015-07-24,TMIN,200
USC00316676,2010-05-09,TMIN,139
USC00317170,2015-01-05,TMIN,78
USW00093743,2013-01-26,TMAX,61
USC00314689,2008-05-24,TMIN,161
USR0000NNWB,2014-08-31,TMIN,217
USW00093719,2015-07-24,TMAX,306
USC00316096,2010-05-02,TMAX,261
USW00093719,2007-03-23,TMAX,272
USC00314689,2009-06-03,TMIN,211
USR0000NNWB,2014-08-31,TMAX,333
USC00314689,2009-01-30,TMIN,0
USC00314684,2012-02-20,TMIN,17
USC00316676,2010-05-09,TMAX,333
USC00314144,2005-06-16,TMIN,200
USW00093719,2006-09-21,TMIN,128
USR0000NCRN,2008-12-27,TMIN,94
USC00310356,2008-07-20,TMIN,233
USR0000NNWB,2011-10-20,TMAX,189
USW00093719,2008-08-03,TMIN,211
USC00314684,2006-01-23,TMIN,56
USR0000NCRN,2014-07-08,TMIN,261
USC00316676,2013-06-04,TMAX,267
USR0000NCRN,2014-08-24,TMAX,272
USW00093765,2006-06-19,TMIN,211
USC00314144,2005-06-09,TMAX,306
USW00093765,2006-06-19,TMAX,272
USC00314144,2005-06-09,TMIN,189
USC00315830,2005-04-18,TMAX,189
USC00315830,2005-04-18,TMIN,33
USW00093719,2007-10-01,TMIN,167
USC00316096,2010-03-12,TMIN,139
USW00093719,2007-10-01,TMAX,272
USC00314689,2007-07-01,TMAX,306
USC00314689,2008-03-03,TMIN,22
USC00310356,2015-09-08,TMIN,239
USW00093765,2011-03-04,TMIN,33
USW00093743,2008-12-20,TMAX,228
USR0000NHOF,2013-03-09,TMIN,-6
USR0000NNWB,2005-03-06,TMIN,-17
USW00093765,2011-03-04,TMAX,150
USC00310576,2005-04-18,TMIN,17
USC00310576,2015-10-09,TMIN,128
USW00093719,2008-08-03,TMAX,322
USC00316676,2005-09-04,TMAX,317
USR0000NNWB,2005-03-06,TMAX,156
USC00316676,2005-09-04,TMIN,178
USC00310576,2015-10-09,TMAX,261
USR0000NCRN,2014-08-24,TMIN,200
USC00317170,2008-09-07,TMIN,239
USR0000NHOF,2013-03-09,TMAX,167
USC00316096,2010-03-12,TMAX,172
USR0000NCRN,2005-05-17,TMIN,139
USC00316096,2009-08-15,TMAX,294
USC00310356,2006-03-18,TMAX,206
USC00314689,2013-03-16,TMAX,261
USC00317170,2013-06-22,TMAX,250
USW00013754,2014-07-21,TMAX,283
USC00314689,2008-03-03,TMAX,211
USC00314689,2013-03-16,TMIN,106
USW00093719,2006-08-16,TMIN,178
USW00093719,2006-08-16,TMAX,328
USR0000NHOF,2010-07-05,TMIN,122
USW00093743,2013-03-09,TMIN,22
USW00093743,2013-03-09,TMAX,172
USR0000NHOF,2010-02-16,TMAX,67
USR0000NCRN,2014-12-23,TMIN,61
USC00315830,2006-02-07,TMIN,56
USC00317170,2008-09-07,TMAX,328
USC00317170,2013-06-22,TMIN,217
USC00314684,2010-05-29,TMAX,300
USC00316676,2013-06-04,TMIN,189
USC00310576,2007-06-10,TMIN,194
USC00314684,2006-01-23,TMAX,83
USW00093765,2011-10-20,TMIN,122
USC00310576,2006-06-05,TMAX,233
USW00093765,2011-10-20,TMAX,178
USC00316096,2009-08-15,TMIN,217
USC00314684,2010-05-29,TMIN,167
USC00310576,2006-06-05,TMIN,161
USW00013754,2014-07-21,TMIN,222
USR0000NNWB,2006-04-21,TMIN,122
USR0000NHOF,2010-07-05,TMAX,317
USC00310576,2009-01-24,TMAX,167
USR0000NNWB,2006-04-21,TMAX,283
USW00093719,2006-03-19,TMAX,133
USW00093743,2008-11-18,TMAX,83
USW00093743,2008-11-18,TMIN,0
USC00310356,2007-07-04,TMAX,311
USW00013754,2011-05-24,TMIN,233
USC00316676,2011-12-26,TMAX,167
USC00314684,2009-03-06,TMIN,-28
USR0000NNWB,2008-08-15,TMIN,172
USW00093743,2010-02-16,TMAX,78
USC00314684,2008-03-13,TMAX,211
USW00013754,2011-05-24,TMAX,328
USC00314684,2008-03-13,TMIN,22
USC00316676,2009-03-30,TMIN,83
USC00316096,2010-11-24,TMAX,178
USC00314684,2008-12-25,TMAX,200
USR0000NCRN,2012-03-27,TMIN,33
USR0000NNWB,2007-08-16,TMIN,233
USC00314689,2010-12-22,TMAX,78
USW00093743,2010-02-16,TMIN,-21
USC00314689,2010-12-22,TMIN,39
USC00317170,2011-08-26,TMAX,300
USC00317170,2012-11-27,TMIN,22
USC00316676,2005-04-28,TMIN,72
USC00315830,2015-11-24,TMIN,-17
USC00315830,2015-11-24,TMAX,133
USC00310576,2013-12-07,TMAX,261
USC00314684,2010-09-01,TMAX,339
USC00316676,2005-04-28,TMAX,244
USR0000NCRN,2014-07-08,TMAX,306
USC00314689,2013-05-24,TMIN,189
USC00316676,2009-02-22,TMAX,128
USW00013754,2011-08-03,TMIN,233
USR0000NCRN,2009-03-26,TMIN,94
USC00317170,2012-11-27,TMAX,178
USC00314684,2008-12-25,TMIN,100
USC00317170,2011-08-26,TMIN,228
USC00316676,2009-03-30,TMAX,267
USC00310356,2005-11-18,TMAX,244
USC00314689,2005-01-04,TMIN,128
USC00314684,2014-01-03,TMIN,-17
USR0000NNWB,2008-04-07,TMAX,128
USR0000NNWB,2008-04-07,TMIN,94
USC00317170,2008-05-19,TMIN,156
USW00093765,2014-03-16,TMIN,72
USR0000NHOF,2011-08-22,TMIN,200
USR0000NNWB,2015-12-25,TMAX,272
USW00013754,2009-08-18,TMIN,217
USR0000NNWB,2015-12-25,TMIN,194
USC00314144,2009-05-10,TMAX,267
USR0000NCRN,2010-08-15,TMIN,217
USC00310356,2007-03-24,TMAX,200
USC00310576,2005-04-18,TMAX,256
USW00093743,2008-12-20,TMIN,117
USR0000NHOF,2011-08-22,TMAX,317
USR0000NCRN,2010-08-15,TMAX,300
USC00316096,2010-11-24,TMIN,33
USR0000NCRN,2012-04-13,TMIN,17
USR0000NCRN,2012-04-13,TMAX,194
USC00316676,2011-12-26,TMIN,17
USW00093743,2011-02-17,TMIN,39
USC00314684,2014-01-03,TMAX,100
USW00093743,2011-02-17,TMAX,189
USR0000NNWB,2012-09-30,TMAX,239
USC00310356,2007-03-24,TMIN,122
USW00093719,2006-03-19,TMIN,11
USC00314689,2008-02-25,TMAX,161
USW00093765,2014-03-16,TMAX,139
USR0000NNWB,2008-08-15,TMAX,317
USR0000NNWB,2012-09-30,TMIN,161
USR0000NCRN,2012-03-27,TMAX,156
USC00317170,2008-05-19,TMAX,261
USC00314684,2009-03-06,TMAX,150
USC00314689,2008-02-25,TMIN,17
USC00310576,2009-01-24,TMIN,22
USR0000NHOF,2010-02-16,TMIN,-44
USC00310576,2014-01-10,TMAX,139
USC00317170,2012-02-22,TMIN,94
USC00317170,2012-02-22,TMAX,222
USW00093719,2008-10-05,TMIN,100
USW00093719,2008-10-05,TMAX,261
USR0000NCRN,2015-07-20,TMAX,311
USR0000NHOF,2014-07-21,TMAX,261
USW00013754,2012-08-04,TMAX,311
USR0000NCRN,2015-07-20,TMIN,250
USW00013754,2014-12-03,TMIN,100
USC00314689,2007-07-01,TMIN,211
USC00310356,2007-02-21,TMAX,111
USC00310356,2007-02-21,TMIN,44
USR0000NHOF,2014-07-21,TMIN,217
USC00310356,2011-12-16,TMAX,172
USC00315830,2010-09-26,TMIN,228
USC00317170,2009-03-15,TMAX,128
USC00315830,2012-07-02,TMAX,317
USC00316676,2015-09-08,TMIN,228
USW00093743,2009-04-15,TMIN,106
USR0000NHOF,2007-02-26,TMIN,50
USC00316096,2012-03-12,TMIN,22
USR0000NHOF,2010-11-14,TMAX,194
USW00093765,2007-07-07,TMIN,239
USR0000NNWB,2007-01-08,TMIN,61
USC00316676,2013-05-10,TMAX,272
USC00315830,2012-07-02,TMIN,272
USC00314689,2006-12-17,TMIN,17
USC00314689,2006-12-17,TMAX,211
USC00314689,2008-02-08,TMIN,22
USW00093743,2009-04-15,TMAX,183
USC00316096,2015-07-23,TMIN,211
USC00316676,2013-05-10,TMIN,139
USC00316676,2015-09-08,TMAX,300
USR0000NNWB,2007-01-08,TMAX,217
USC00314684,2005-07-15,TMIN,222
USR0000NHOF,2007-12-31,TMAX,161
USW00013754,2008-09-23,TMAX,250
USR0000NNWB,2005-11-21,TMAX,194
USW00093765,2005-08-29,TMIN,244
USW00093765,2005-08-29,TMAX,306
USW00013754,2014-12-03,TMAX,222
USW00013754,2008-09-23,TMIN,167
USW00013754,2012-08-04,TMIN,228
USR0000NNWB,2013-01-25,TMAX,6
USC00315830,2007-11-11,TMIN,39
USC00315830,2007-11-11,TMAX,133
USW00093765,2007-07-07,TMAX,311
USW00093765,2007-12-03,TMIN,56
USW00093719,2007-06-01,TMAX,289
USC00310356,2005-04-22,TMIN,150
USR0000NNWB,2005-11-21,TMIN,122
USC00314684,2009-08-15,TMAX,272
USC00310356,2011-08-22,TMAX,306
USC00310356,2008-11-18,TMAX,128
USC00314689,2012-12-24,TMAX,150
USC00314689,2013-05-25,TMIN,89
USR0000NHOF,2007-12-31,TMIN,-11
USR0000NNWB,2015-07-23,TMAX,272
USW00013754,2015-05-04,TMIN,100
USC00314689,2013-05-25,TMAX,222
USW00093719,2012-07-18,TMIN,244
USC00314689,2012-12-24,TMIN,67
USW00093719,2007-06-01,TMIN,133
USC00314684,2005-07-15,TMAX,300
USC00316096,2015-07-23,TMAX,294
USC00310356,2011-08-22,TMIN,228
USW00093719,2012-07-18,TMAX,328
USC00310356,2008-11-18,TMIN,33
USR0000NNWB,2015-07-23,TMIN,228
USC00315830,2014-06-21,TMIN,222
USR0000NHOF,2007-02-26,TMAX,189
USW00093719,2014-06-17,TMIN,222
USC00316676,2005-04-21,TMAX,311
USC00310576,2008-10-27,TMIN,61
USC00316676,2005-07-24,TMAX,317
USC00310576,2008-10-27,TMAX,217
USC00314684,2015-08-10,TMIN,172
USR0000NCRN,2015-02-05,TMIN,-17
USC00314144,2005-03-14,TMIN,44
USW00093765,2013-11-05,TMIN,117
USC00314684,2015-08-10,TMAX,300
USC00316676,2005-04-21,TMIN,156
USR0000NCRN,2007-08-23,TMAX,322
USC00314684,2014-04-01,TMAX,217
USR0000NCRN,2006-12-26,TMAX,183
USR0000NCRN,2006-12-26,TMIN,89
USW00093743,2011-08-22,TMIN,217
USW00093765,2013-03-08,TMAX,122
USC00314144,2005-03-14,TMAX,178
USW00093765,2015-08-17,TMIN,211
USC00310356,2005-11-18,TMIN,28
USW00093765,2015-08-17,TMAX,294
USR0000NCRN,2005-05-17,TMAX,239
USR0000NCRN,2005-06-24,TMIN,194
USC00310356,2013-03-09,TMIN,33
USW00013754,2013-10-21,TMIN,117
USW00013754,2015-07-25,TMAX,306
USW00013754,2013-10-21,TMAX,211
USC00310356,2013-03-09,TMAX,122
USW00013754,2015-07-25,TMIN,172
USC00316676,2005-07-24,TMIN,222
USC00314684,2014-04-01,TMIN,22
USW00093719,2006-02-26,TMAX,100
USW00093719,2006-02-26,TMIN,-39
USR0000NCRN,2015-02-05,TMAX,122
USC00317170,2014-01-05,TMIN,33
USW00013754,2011-07-19,TMAX,339
USC00310356,2014-07-21,TMAX,294
USC00315830,2012-09-18,TMAX,289
USC00314144,2009-05-10,TMIN,139
USC00314689,2008-02-08,TMAX,183
USR0000NHOF,2010-11-14,TMIN,-17
USC00314684,2006-08-12,TMAX,261
USW00093719,2014-06-17,TMAX,350
USC00317170,2014-01-05,TMAX,189
USW00093743,2011-08-22,TMAX,306
USW00093743,2008-08-20,TMIN,117
USC00316096,2012-05-25,TMAX,283
USC00316096,2012-05-25,TMIN,200
USC00310356,2011-12-16,TMIN,94
USC00314689,2007-08-27,TMIN,228
USC00314684,2006-08-12,TMIN,194
USR0000NCRN,2011-10-08,TMIN,128
USW00093765,2013-03-08,TMIN,39
USC00310576,2014-03-26,TMIN,22
USC00315830,2012-09-18,TMIN,183
USW00013754,2011-08-03,TMAX,372
USC00317170,2009-07-03,TMIN,206
USC00317170,2009-07-03,TMAX,306
USC00310576,2014-01-10,TMIN,-17
USC00310356,2014-07-21,TMIN,222
USR0000NCRN,2005-03-09,TMAX,83
USR0000NCRN,2011-10-08,TMAX,239
USW00013754,2010-01-28,TMAX,139
USC00310576,2014-03-26,TMAX,117
USR0000NNWB,2014-05-08,TMIN,178
USW00013754,2010-01-28,TMIN,-21
USR0000NNWB,2014-05-08,TMAX,339
USW00093743,2008-08-20,TMAX,211
USC00315830,2005-07-08,TMIN,217
USC00315830,2005-07-08,TMAX,306
USR0000NCRN,2009-03-26,TMAX,178
USC00310576,2013-12-07,TMIN,200
USC00310576,2007-06-10,TMAX,322
USW00093719,2006-02-07,TMAX,106
USC00314689,2007-03-23,TMIN,111
USW00013754,2015-12-30,TMIN,189
USW00013754,2015-12-30,TMAX,261
USR0000NHOF,2008-09-22,TMIN,167
USC00314684,2009-02-07,TMAX,111
USC00316676,2010-10-15,TMIN,78
USC00316676,2015-02-27,TMIN,0
USR0000NHOF,2008-09-22,TMAX,233
USC00316096,2011-10-24,TMAX,211
USC00310356,2015-06-06,TMAX,256
USW00013754,2015-07-23,TMAX,278
USC00315830,2005-08-23,TMIN,233
USC00314144,2005-07-22,TMAX,344
USW00093765,2010-04-02,TMIN,94
USW00093765,2010-04-02,TMAX,222
USR0000NCRN,2008-07-29,TMIN,250
USC00314684,2009-02-07,TMIN,-72
USW00093765,2014-01-05,TMAX,189
USC00314684,2015-08-17,TMIN,183
USR0000NNWB,2015-08-26,TMIN,211
USW00093765,2014-01-05,TMIN,61
USW00093719,2012-12-20,TMIN,44
USC00315830,2007-06-18,TMIN,239
USW00093719,2006-02-07,TMIN,-17
USC00314689,2007-03-23,TMAX,267
USC00314684,2015-08-17,TMAX,317
USR0000NHOF,2008-05-13,TMAX,211
USR0000NHOF,2008-05-13,TMIN,44
USC00315830,2007-06-18,TMAX,289
USW00093719,2012-12-20,TMAX,206
USC00316096,2011-10-24,TMIN,89
USR0000NNWB,2015-08-07,TMAX,294
USR0000NCRN,2013-06-06,TMAX,261
USR0000NNWB,2006-12-01,TMAX,244
USR0000NNWB,2015-08-07,TMIN,222
USR0000NNWB,2009-10-01,TMIN,100
USC00315830,2015-02-09,TMAX,167
USC00314144,2005-07-22,TMIN,233
USC00314689,2015-08-29,TMIN,161
USC00317170,2011-05-14,TMIN,161
USR0000NCRN,2007-08-23,TMIN,228
USR0000NNWB,2009-10-01,TMAX,256
USC00314684,2010-07-09,TMIN,200
USC00314684,2011-08-23,TMAX,311
USW00013754,2015-08-10,TMAX,306
USC00314689,2015-08-29,TMAX,294
USC00316096,2011-02-09,TMIN,-22
USC00317170,2010-05-09,TMAX,222
USC00314684,2010-05-09,TMAX,322
USC00314684,2010-05-09,TMIN,117
USW00093765,2009-11-08,TMAX,206
USW00013754,2015-07-23,TMIN,211
USW00093765,2014-08-23,TMAX,289
USC00315830,2005-08-23,TMAX,317
USR0000NNWB,2006-12-01,TMIN,183
USC00317170,2013-12-01,TMAX,133
USR0000NCRN,2011-10-22,TMIN,61
USR0000NCRN,2011-10-22,TMAX,206
USC00310576,2015-06-18,TMAX,322
USW00093765,2014-08-23,TMIN,233
USC00317170,2013-12-01,TMIN,50
USW00093719,2011-01-16,TMIN,-33
USC00314684,2009-11-15,TMIN,111
USC00315830,2006-06-11,TMAX,278
USC00315830,2006-06-11,TMIN,206
USC00314684,2009-11-15,TMAX,144
USW00093765,2009-11-08,TMIN,78
USC00310576,2015-06-18,TMIN,228
USC00315830,2015-02-09,TMIN,0
USR0000NNWB,2015-08-26,TMAX,306
USR0000NCRN,2013-06-06,TMIN,189
USC00310356,2013-12-10,TMIN,83
USR0000NHOF,2010-09-17,TMIN,200
USC00310356,2013-12-10,TMAX,178
USC00314689,2010-05-08,TMAX,328
USC00310576,2009-01-06,TMIN,139
USC00310576,2012-11-06,TMAX,133
USW00013754,2007-02-08,TMIN,-49
USC00310576,2012-11-06,TMIN,33
USC00317170,2008-10-15,TMIN,133
USR0000NCRN,2012-12-18,TMIN,72
USC00316676,2014-12-01,TMAX,211
USC00316676,2014-12-01,TMIN,39
USR0000NCRN,2012-12-18,TMAX,189
USC00310356,2015-06-06,TMIN,183
USW00093765,2011-10-03,TMAX,206
USC00314689,2010-05-08,TMIN,217
USW00013754,2007-02-08,TMAX,94
USW00013754,2011-09-14,TMAX,322
USC00317170,2007-11-17,TMIN,28
USC00316676,2006-09-23,TMIN,122
USR0000NNWB,2015-05-04,TMAX,283
USW00093743,2009-06-14,TMIN,211
USC00316676,2006-09-23,TMAX,250
USW00093719,2007-05-25,TMIN,117
USR0000NCRN,2011-05-07,TMIN,106
USC00314684,2013-03-04,TMIN,-22
USC00316676,2014-03-26,TMIN,11
USC00316676,2014-03-26,TMAX,111
USC00317170,2015-11-08,TMAX,222
USC00310576,2009-01-06,TMAX,189
USW00013754,2011-09-14,TMIN,178
USW00093719,2010-10-12,TMAX,300
USW00093719,2007-05-25,TMAX,272
USC00316676,2015-02-27,TMAX,39
USW00093719,2009-06-18,TMAX,278
USC00310356,2006-12-22,TMAX,172
USW00013754,2007-01-08,TMIN,78
USC00316676,2010-10-15,TMAX,256
USC00310576,2011-04-01,TMIN,89
USC00314689,2015-07-23,TMIN,217
USR0000NHOF,2008-11-18,TMIN,-22
USW00093743,2010-07-25,TMIN,267
USR0000NCRN,2008-07-29,TMAX,317
USC00310576,2015-12-05,TMAX,139
USW00093765,2006-02-08,TMAX,106
USW00093743,2010-07-25,TMAX,311
USC00314689,2015-12-07,TMAX,161
USR0000NCRN,2011-03-19,TMIN,89
USC00314689,2015-07-23,TMAX,311
USC00314144,2007-06-02,TMAX,256
USR0000NHOF,2008-11-18,TMAX,61
USC00316096,2011-05-17,TMAX,233
USC00310576,2015-12-05,TMIN,28
USW00013754,2007-01-08,TMAX,217
USC00314689,2006-07-20,TMAX,333
USC00314144,2007-06-02,TMIN,122
USC00314689,2006-07-20,TMIN,211
USW00093719,2012-02-02,TMIN,56
USC00310576,2013-10-13,TMAX,217
USC00316676,2014-06-03,TMIN,122
USW00093719,2012-02-02,TMAX,211
USC00317170,2008-10-15,TMAX,283
USR0000NCRN,2011-03-19,TMAX,228
USC00316676,2014-06-03,TMAX,267
USC00310356,2006-12-22,TMIN,83
USW00013754,2006-12-23,TMIN,117
USC00310576,2013-10-13,TMIN,172
USW00013754,2006-12-23,TMAX,211
USC00314689,2015-12-07,TMIN,72
USR0000NCRN,2005-03-19,TMAX,150
USC00317170,2012-01-22,TMAX,128
USW00093719,2011-01-16,TMAX,144
USR0000NNWB,2009-12-27,TMIN,44
USW00013754,2015-03-24,TMIN,61
USC00314684,2008-08-20,TMAX,317
USR0000NNWB,2009-12-27,TMAX,156
USC00314684,2005-12-25,TMIN,0
USC00316096,2012-08-19,TMAX,294
USC00310576,2013-01-13,TMAX,228
USC00316096,2012-08-19,TMIN,211
USR0000NNWB,2010-04-29,TMAX,250
USW00093765,2012-05-28,TMAX,289
USC00314684,2005-12-25,TMAX,167
USR0000NNWB,2007-02-08,TMAX,83
USR0000NNWB,2007-02-08,TMIN,-33
USC00310356,2010-02-16,TMAX,122
USC00316096,2012-12-24,TMAX,167
USC00310356,2007-07-04,TMIN,211
USW00013754,2012-05-20,TMIN,128
USW00093765,2011-10-03,TMIN,56
USC00310356,2008-09-22,TMAX,261
USW00093765,2011-06-25,TMIN,272
USC00314689,2009-06-28,TMIN,178
USW00013754,2012-05-20,TMAX,239
USW00093743,2012-11-26,TMIN,11
USC00314689,2009-06-28,TMAX,317
USC00317170,2012-08-02,TMIN,200
USC00315830,2010-09-29,TMAX,267
USC00316676,2007-11-27,TMAX,222
USC00317170,2012-08-02,TMAX,339
USR0000NNWB,2008-11-27,TMIN,-33
USW00013754,2011-07-19,TMIN,206
USC00316096,2011-02-09,TMAX,94
USW00093743,2012-11-26,TMAX,161
USC00314684,2013-09-04,TMAX,317
USC00310356,2008-09-22,TMIN,183
USW00093719,2008-03-04,TMIN,139
USW00093719,2006-04-16,TMIN,156
USW00093719,2007-05-24,TMAX,250
USC00316676,2009-02-22,TMIN,-61
USC00310576,2013-01-13,TMIN,122
USC00314689,2007-01-08,TMIN,156
USW00093765,2012-05-28,TMIN,239
USC00314689,2007-01-08,TMAX,217
USR0000NNWB,2007-08-16,TMAX,333
USW00093765,2007-10-28,TMIN,128
USC00315830,2011-10-19,TMIN,211
USC00314684,2015-06-18,TMAX,356
USW00093765,2007-10-28,TMAX,206
USC00315830,2011-10-19,TMAX,267
USC00314689,2013-05-24,TMAX,261
USR0000NCRN,2005-06-24,TMAX,311
USC00315830,2014-06-21,TMAX,289
USC00316096,2012-12-24,TMIN,39
USR0000NCRN,2012-05-31,TMIN,189
USR0000NHOF,2009-06-13,TMIN,194
USC00310356,2005-06-24,TMIN,211
USC00310356,2010-02-16,TMIN,0
USW00093719,2006-04-16,TMAX,289
USC00310356,2015-09-08,TMAX,317
USR0000NHOF,2009-06-13,TMAX,317
USW00093719,2008-03-04,TMAX,233
USC00310356,2005-06-24,TMAX,317
USR0000NNWB,2010-04-29,TMIN,44
USW00093719,2007-05-24,TMIN,150
USR0000NCRN,2012-05-31,TMAX,306
USC00317170,2013-01-25,TMAX,11
USC00314684,2015-06-18,TMIN,222
USC00315830,2006-02-07,TMAX,100
USC00315830,2011-03-01,TMIN,89
USC00317170,2013-01-25,TMIN,-61
USC00310576,2014-04-01,TMAX,206
USC00314684,2013-09-04,TMIN,178
USW00013754,2015-03-24,TMAX,178
USC00316096,2013-05-24,TMAX,261
USC00316096,2010-06-27,TMAX,317
USW00013754,2011-12-28,TMAX,128
USW00093719,2011-01-05,TMAX,100
USC00315830,2007-02-11,TMAX,89
USC00316096,2012-03-12,TMAX,200
USR0000NHOF,2012-11-26,TMIN,11
USW00093765,2015-12-02,TMAX,222
USW00093765,2015-12-02,TMIN,156
USR0000NNWB,2006-10-04,TMIN,128
USR0000NHOF,2012-11-26,TMAX,183
USC00316096,2010-06-27,TMIN,256
USR0000NNWB,2006-10-04,TMAX,294
USC00314684,2011-03-08,TMAX,128
USW00013754,2011-12-28,TMIN,39
USC00314144,2008-07-20,TMAX,311
USC00310576,2009-08-26,TMIN,194
USC00310356,2006-02-22,TMAX,111
USR0000NCRN,2007-04-15,TMIN,67
USW00013754,2015-08-10,TMIN,178
USC00314144,2009-03-06,TMIN,-33
USW00093719,2011-01-05,TMIN,-33
USC00314684,2010-07-09,TMAX,317
USR0000NCRN,2007-04-15,TMAX,217
USC00310576,2009-08-26,TMAX,300
USC00310576,2014-04-01,TMIN,28
USC00310576,2007-11-03,TMIN,122
USC00310356,2010-07-25,TMAX,306
USC00317170,2010-05-09,TMIN,111
USC00310576,2011-04-01,TMAX,111
USC00310356,2006-02-22,TMIN,6
USC00314684,2011-08-23,TMIN,206
USC00310356,2010-07-25,TMIN,267
USC00316676,2011-12-27,TMIN,6
USC00314144,2008-07-20,TMIN,211
USC00314144,2011-01-10,TMIN,-39
USW00093765,2013-11-05,TMAX,233
USC00314684,2007-04-01,TMAX,256
USC00314684,2005-07-06,TMIN,233
USR0000NNWB,2008-01-05,TMAX,133
USR0000NNWB,2008-01-05,TMIN,-67
USC00314684,2008-08-20,TMIN,178
USC00315830,2013-11-08,TMIN,150
USW00013754,2012-02-20,TMIN,6
USC00314144,2010-10-16,TMIN,39
USC00314144,2010-10-16,TMAX,200
USW00093765,2011-06-25,TMAX,311
USR0000NNWB,2008-06-23,TMAX,311
USC00316676,2007-11-27,TMIN,183
USW00013754,2012-02-20,TMAX,122
USC00316676,2011-12-27,TMAX,139
USC00317170,2012-09-22,TMAX,278
USR0000NNWB,2008-11-27,TMAX,172
USW00093743,2008-09-22,TMIN,189
USC00314684,2007-04-01,TMIN,67
USW00093719,2007-06-02,TMAX,261
USW00093743,2009-05-13,TMAX,239
USC00315830,2007-02-11,TMIN,-44
USC00317170,2012-09-22,TMIN,150
USW00093743,2009-05-13,TMIN,122
USW00093743,2008-09-22,TMAX,239
USC00316096,2013-05-24,TMIN,144
USW00093719,2007-06-02,TMIN,161
USC00314144,2011-01-10,TMAX,-17
USC00317170,2012-01-22,TMIN,33
USC00315830,2013-11-08,TMAX,222
USR0000NNWB,2008-06-23,TMIN,200
USC00314684,2005-07-06,TMAX,328
USC00315830,2010-09-29,TMIN,222
USW00013754,2015-05-04,TMAX,267
USW00013754,2009-05-30,TMIN,172
USR0000NNWB,2015-08-10,TMAX,328
USC00316676,2011-10-21,TMIN,56
USR0000NHOF,2006-03-18,TMIN,-39
USR0000NCRN,2005-04-02,TMAX,206
USC00316096,2011-11-17,TMAX,206
USW00013754,2014-11-03,TMAX,178
USW00013754,2005-03-05,TMAX,189
USR0000NNWB,2011-10-10,TMAX,239
USW00013754,2014-11-03,TMIN,0
USC00310356,2007-02-22,TMAX,111
USC00316096,2010-09-11,TMIN,167
USC00314144,2008-01-27,TMIN,-6
USW00093719,2011-04-29,TMAX,250
USW00093719,2005-08-10,TMIN,211
USC00314144,2008-01-27,TMAX,111
USC00316096,2011-11-17,TMIN,44
USC00314684,2015-12-25,TMIN,200
USR0000NNWB,2011-10-10,TMIN,200
USR0000NCRN,2005-04-02,TMIN,111
USW00013754,2009-05-24,TMAX,267
USW00013754,2009-05-24,TMIN,178
USC00310356,2006-07-25,TMAX,300
USC00315830,2007-07-03,TMIN,183
USW00093719,2009-08-11,TMIN,228
USC00314684,2010-03-30,TMIN,94
USC00316676,2011-10-21,TMAX,194
USC00310356,2006-07-25,TMIN,167
USC00310356,2007-02-22,TMIN,50
USC00316676,2007-10-23,TMIN,150
USC00314684,2010-03-30,TMAX,183
USW00093719,2010-06-28,TMIN,233
USW00093719,2005-08-10,TMAX,311
USW00093719,2010-06-28,TMAX,344
USC00316676,2007-10-23,TMAX,267
USR0000NCRN,2012-01-13,TMIN,28
USW00093765,2005-02-28,TMAX,139
USC00316096,2010-09-11,TMAX,250
USR0000NCRN,2013-03-09,TMIN,0
USC00315830,2006-07-25,TMIN,244
USC00315830,2011-02-10,TMIN,11
USC00314684,2007-01-11,TMAX,83
USC00315830,2006-07-25,TMAX,300
USC00310576,2013-02-04,TMIN,-17
USW00013754,2007-08-28,TMIN,217
USR0000NCRN,2013-03-09,TMAX,167
USC00314684,2007-01-11,TMIN,-50
USW00093719,2011-04-29,TMIN,117
USW00093719,2014-08-30,TMAX,333
USC00310576,2013-02-04,TMAX,117
USW00013754,2011-09-09,TMAX,294
USC00315830,2011-02-10,TMAX,61
USC00310356,2011-07-21,TMAX,311
USC00315830,2005-12-25,TMAX,172
USC00310356,2011-07-21,TMIN,256
USC00310356,2005-08-26,TMIN,228
USC00315830,2005-12-25,TMIN,61
USC00310576,2011-07-11,TMAX,311
USW00093719,2009-01-22,TMIN,-56
USC00310576,2011-07-11,TMIN,206
USC00310576,2009-01-05,TMIN,56
USC00314684,2015-12-25,TMAX,256
USC00310356,2005-08-26,TMAX,306
USR0000NNWB,2006-01-23,TMAX,200
USC00314684,2009-09-04,TMIN,167
USC00310576,2009-01-05,TMAX,172
USC00314684,2015-01-17,TMIN,-11
USC00314684,2015-01-17,TMAX,122
USR0000NNWB,2006-01-23,TMIN,72
USR0000NNWB,2013-01-23,TMAX,50
USW00093719,2014-08-30,TMIN,217
USC00310356,2005-09-05,TMIN,228
USC00314684,2005-04-24,TMIN,50
USC00314684,2005-04-24,TMAX,239
USR0000NCRN,2010-06-14,TMAX,344
USW00013754,2008-03-04,TMAX,228
USW00013754,2008-03-04,TMIN,156
USR0000NHOF,2005-09-05,TMIN,156
USW00013754,2005-06-10,TMIN,194
USR0000NHOF,2008-12-03,TMIN,-72
USR0000NCRN,2010-06-14,TMIN,233
USR0000NNWB,2006-11-27,TMIN,67
USR0000NHOF,2005-09-05,TMAX,283
USR0000NNWB,2006-11-27,TMAX,233
USC00316676,2014-05-28,TMAX,311
USC00316096,2011-11-12,TMIN,-28
USC00316676,2014-05-28,TMIN,206
USW00093743,2011-05-26,TMAX,283
USC00314684,2009-05-21,TMAX,244
USW00093765,2007-04-13,TMAX,206
USC00317170,2013-03-08,TMIN,6
USC00316096,2014-10-28,TMAX,261
USC00314684,2013-05-25,TMIN,78
USC00316096,2014-07-26,TMIN,217
USW00093765,2009-09-02,TMAX,250
USR0000NCRN,2010-10-28,TMIN,211
USW00013754,2010-11-13,TMAX,194
USC00310576,2008-10-05,TMIN,94
USW00013754,2010-11-13,TMIN,50
USC00310356,2012-03-30,TMIN,150
USC00310356,2012-03-30,TMAX,294
USW00093743,2011-07-21,TMAX,322
USC00314684,2013-05-25,TMAX,239
USC00316096,2014-10-28,TMIN,83
USC00314689,2008-08-14,TMIN,156
USW00013754,2005-06-10,TMAX,283
USC00314684,2009-01-15,TMIN,-22
USW00093743,2008-05-24,TMAX,222
USC00310576,2006-10-29,TMIN,33
USR0000NCRN,2013-09-04,TMAX,300
USC00316096,2013-03-04,TMIN,-28
USC00317170,2014-03-16,TMIN,44
USC00314684,2007-03-27,TMIN,67
USC00315830,2005-02-17,TMAX,144
USC00315830,2005-02-17,TMIN,67
USC00314684,2009-05-21,TMIN,100
USR0000NNWB,2006-04-16,TMAX,300
USW00093765,2007-04-13,TMIN,83
USW00093719,2009-01-22,TMAX,111
USC00316676,2009-04-23,TMIN,50
USC00310576,2008-10-05,TMAX,261
USW00093743,2008-05-24,TMIN,156
USR0000NCRN,2015-08-17,TMIN,189
USW00093719,2009-08-11,TMAX,350
USR0000NNWB,2007-06-06,TMIN,189
USC00310576,2006-10-29,TMAX,228
USC00317170,2013-09-04,TMAX,311
USR0000NNWB,2007-06-06,TMAX,294
USR0000NCRN,2013-09-04,TMIN,200
USC00317170,2013-09-04,TMIN,189
USW00093719,2011-03-02,TMIN,-6
USR0000NNWB,2009-05-23,TMIN,167
USR0000NHOF,2008-12-03,TMAX,117
USC00314684,2007-03-27,TMAX,244
USC00316676,2009-04-23,TMAX,200
USR0000NHOF,2006-03-18,TMAX,150
USC00314684,2010-08-18,TMIN,211
USC00314684,2010-08-18,TMAX,328
USR0000NNWB,2007-10-10,TMIN,211
USC00316096,2013-03-04,TMAX,89
USC00317170,2014-03-16,TMAX,233
USR0000NNWB,2006-04-16,TMIN,172
USR0000NNWB,2009-05-23,TMAX,283
USC00314684,2009-01-15,TMAX,61
USC00310356,2005-09-05,TMAX,300
USC00314689,2007-07-04,TMIN,161
USR0000NCRN,2009-04-03,TMAX,222
USC00314684,2015-06-13,TMIN,233
USC00317170,2012-05-28,TMIN,194
USC00310576,2005-09-30,TMAX,239
USC00315830,2014-10-16,TMAX,278
USW00093719,2012-09-30,TMIN,167
USC00317170,2012-05-28,TMAX,317
USC00314689,2008-08-14,TMAX,278
USR0000NHOF,2007-11-26,TMAX,211
USC00316096,2010-02-09,TMAX,117
USR0000NCRN,2008-07-05,TMIN,233
USC00316096,2010-02-09,TMIN,-22
USC00310576,2015-05-08,TMIN,161
USC00310356,2014-01-30,TMIN,-67
USR0000NCRN,2009-04-03,TMIN,161
USW00093719,2013-10-13,TMIN,194
USC00314689,2009-05-21,TMIN,78
USR0000NHOF,2006-07-25,TMIN,217
USC00317170,2009-09-02,TMIN,172
USR0000NCRN,2012-01-13,TMAX,172
USW00093765,2013-09-04,TMIN,211
USR0000NHOF,2006-07-25,TMAX,294
USC00317170,2009-09-02,TMAX,250
USC00316676,2012-12-24,TMIN,-11
USC00315830,2014-10-16,TMIN,133
USC00310576,2005-09-30,TMIN,194
USR0000NCRN,2006-09-09,TMAX,294
USC00310356,2014-01-30,TMAX,-33
USC00310356,2011-08-01,TMAX,317
USR0000NCRN,2006-09-09,TMIN,172
USW00093765,2013-09-04,TMAX,289
USC00310576,2011-10-08,TMAX,239
USC00316676,2012-12-24,TMAX,133
USC00316096,2012-07-18,TMAX,311
USR0000NHOF,2015-06-25,TMIN,217
USR0000NCRN,2014-10-28,TMIN,83
USC00315830,2013-01-13,TMIN,128
USW00093743,2008-07-18,TMAX,239
USC00314689,2013-03-04,TMAX,83
USC00314689,2013-03-04,TMIN,-11
USC00316676,2009-05-03,TMIN,189
USC00314144,2008-12-08,TMAX,106
USR0000NNWB,2006-08-26,TMAX,333
USC00314144,2008-12-08,TMIN,-89
USW00093719,2005-05-26,TMAX,267
USR0000NCRN,2015-08-17,TMAX,311
USW00093719,2005-05-26,TMIN,111
USC00316096,2009-06-28,TMIN,178
USC00316676,2005-03-12,TMAX,178
USC00315830,2013-01-13,TMAX,206
USW00093719,2011-09-18,TMAX,222
USR0000NCRN,2014-10-28,TMAX,261
USR0000NCRN,2008-07-05,TMAX,294
USW00093743,2014-01-30,TMAX,17
USR0000NHOF,2015-06-25,TMAX,361
USC00310576,2006-04-16,TMAX,261
USR0000NHOF,2008-08-20,TMIN,167
USC00316676,2011-12-24,TMIN,56
USC00310356,2011-05-26,TMIN,233
USC00310576,2006-04-16,TMIN,161
USR0000NNWB,2014-11-03,TMIN,-11
USC00317170,2013-05-25,TMIN,72
USC00317170,2013-05-25,TMAX,217
USC00314684,2015-06-13,TMAX,333
USR0000NNWB,2014-11-03,TMAX,183
USW00093719,2013-10-13,TMAX,278
USW00013754,2005-03-05,TMIN,39
USR0000NNWB,2006-08-26,TMIN,183
USC00314684,2010-09-11,TMAX,278
USW00013754,2007-08-28,TMAX,311
USC00316096,2012-07-18,TMIN,256
USC00315830,2012-04-03,TMIN,89
USC00316096,2015-02-02,TMIN,17
USR0000NCRN,2007-02-03,TMAX,89
USC00316096,2015-02-02,TMAX,167
USC00315830,2010-02-16,TMIN,-22
USR0000NCRN,2011-11-21,TMAX,233
USC00316676,2011-03-13,TMAX,200
USC00315830,2006-10-04,TMAX,261
USR0000NCRN,2011-11-21,TMIN,139
USW00093765,2006-09-17,TMAX,272
USC00315830,2010-02-16,TMAX,83
USR0000NNWB,2007-03-15,TMIN,128
USC00310356,2008-05-24,TMIN,150
USC00315830,2006-10-04,TMIN,150
USR0000NHOF,2008-08-20,TMAX,306
USW00093765,2009-09-02,TMIN,206
USC00317170,2015-03-24,TMIN,17
USW00093719,2011-08-05,TMIN,261
USW00093765,2010-05-10,TMAX,194
USR0000NCRN,2012-11-26,TMIN,11
USW00093765,2006-09-17,TMIN,183
USR0000NNWB,2013-01-23,TMIN,-56
USR0000NCRN,2012-11-26,TMAX,172
USW00093719,2008-04-16,TMAX,178
USC00316096,2012-05-20,TMIN,122
USW00093765,2010-05-10,TMIN,106
USC00316096,2012-05-20,TMAX,233
USW00093765,2005-10-07,TMIN,217
USC00314684,2009-09-04,TMAX,267
USC00314684,2006-03-25,TMAX,67
USC00316676,2011-03-13,TMIN,33
USW00093765,2005-02-28,TMIN,72
USR0000NCRN,2007-02-03,TMIN,67
USW00093719,2008-04-16,TMIN,44
USW00093719,2010-06-23,TMIN,239
USC00314684,2012-08-04,TMIN,206
USC00314684,2014-10-28,TMIN,33
USC00317170,2015-01-30,TMAX,106
USC00310356,2005-12-22,TMAX,111
USC00310356,2005-12-22,TMIN,-44
USW00093719,2010-06-23,TMAX,356
USR0000NNWB,2007-10-10,TMAX,283
USW00093719,2012-09-30,TMAX,233
USC00316096,2012-09-22,TMIN,150
USC00317170,2015-01-30,TMIN,33
USC00316676,2011-08-10,TMAX,367
USC00310576,2011-10-08,TMIN,89
USC00310356,2011-08-01,TMIN,233
USC00315830,2011-09-24,TMAX,272
USC00315830,2011-09-24,TMIN,217
USC00315830,2012-04-03,TMAX,211
USC00317170,2015-03-24,TMAX,200
USR0000NHOF,2010-05-26,TMIN,156
USC00310576,2015-05-08,TMAX,261
USC00316676,2011-08-10,TMIN,233
USC00314684,2014-10-28,TMAX,250
USC00310356,2008-05-24,TMAX,267
USR0000NCRN,2006-08-25,TMAX,322
USR0000NNWB,2007-03-15,TMAX,267
USR0000NHOF,2010-05-26,TMAX,244
USR0000NCRN,2006-08-25,TMIN,194
USW00093765,2005-10-07,TMAX,256
USC00314684,2012-08-04,TMAX,317
USC00316096,2012-09-22,TMAX,272
USC00314684,2006-03-25,TMIN,-11
USC00314684,2009-03-15,TMIN,44
USC00314684,2009-03-15,TMAX,83
USC00314689,2007-07-24,TMAX,306
USC00314689,2007-07-24,TMIN,167
USC00316676,2011-12-24,TMAX,217
USR0000NNWB,2015-05-04,TMIN,100
USR0000NNWB,2011-11-25,TMIN,89
USC00310356,2011-02-17,TMAX,150
USC00316096,2011-09-15,TMIN,172
USR0000NCRN,2007-12-06,TMAX,83
USC00315830,2010-04-26,TMIN,156
USR0000NCRN,2005-01-24,TMAX,50
USC00314144,2008-05-17,TMAX,233
USR0000NHOF,2011-07-21,TMIN,250
USC00315830,2010-04-26,TMAX,222
USC00314684,2010-02-09,TMAX,67
USR0000NNWB,2010-01-28,TMIN,-11
USC00314684,2010-02-09,TMIN,-11
USC00317170,2014-01-27,TMIN,39
USC00314689,2007-08-20,TMAX,361
USR0000NHOF,2008-05-24,TMIN,100
USC00317170,2009-03-15,TMIN,83
USR0000NNWB,2010-01-28,TMAX,167
USC00315830,2013-09-13,TMIN,250
USW00093719,2011-03-02,TMAX,189
USC00314144,2008-05-17,TMIN,117
USC00316096,2013-05-25,TMAX,217
USW00093743,2014-02-02,TMIN,61
USW00093765,2006-04-13,TMIN,150
USR0000NHOF,2012-09-23,TMAX,256
USC00316096,2013-03-16,TMIN,94
USW00093719,2013-11-08,TMIN,33
USR0000NNWB,2012-05-20,TMIN,122
USR0000NHOF,2007-04-09,TMIN,-44
USC00316096,2012-01-15,TMAX,78
USW00013754,2009-08-18,TMAX,322
USC00316096,2012-01-15,TMIN,-44
USC00316096,2013-03-16,TMAX,206
USR0000NNWB,2012-05-20,TMAX,239
USW00093719,2007-03-02,TMIN,122
USW00093743,2014-02-02,TMAX,150
USC00314689,2012-07-28,TMIN,233
USC00316676,2015-08-12,TMAX,272
USW00093719,2014-12-16,TMIN,11
USC00316676,2011-05-10,TMIN,106
USW00013754,2008-06-23,TMAX,278
USC00310356,2012-09-23,TMIN,206
USC00315830,2010-11-03,TMAX,167
USC00314684,2009-10-23,TMAX,267
USR0000NHOF,2007-04-09,TMAX,128
USW00013754,2008-06-23,TMIN,189
USW00093765,2007-12-03,TMAX,228
USC00314689,2007-04-04,TMAX,306
USC00314684,2012-09-22,TMAX,272
USC00310576,2005-08-29,TMAX,300
USC00310576,2005-08-29,TMIN,228
USR0000NCRN,2009-03-31,TMIN,22
USW00093719,2008-08-21,TMIN,211
USW00093719,2014-12-16,TMAX,228
USR0000NNWB,2009-06-06,TMIN,189
USC00314144,2005-08-09,TMAX,311
USC00316676,2015-08-12,TMIN,206
USR0000NHOF,2008-05-24,TMAX,222
USC00314689,2007-08-20,TMIN,244
USW00093765,2009-03-06,TMAX,167
USC00310356,2009-04-15,TMAX,183
USC00310576,2010-02-05,TMIN,17
USC00310576,2010-02-05,TMAX,100
USR0000NCRN,2010-02-10,TMAX,100
USW00013754,2014-05-08,TMIN,178
USW00093719,2008-08-21,TMAX,306
USW00013754,2014-05-08,TMAX,322
USR0000NNWB,2015-03-24,TMAX,217
USR0000NCRN,2010-02-10,TMIN,11
USR0000NHOF,2011-07-21,TMAX,361
USC00314144,2005-08-09,TMIN,206
USW00093719,2013-11-08,TMAX,150
USC00314684,2012-02-24,TMIN,117
USR0000NCRN,2007-12-06,TMIN,6
USC00315830,2013-09-13,TMAX,306
USC00317170,2010-11-09,TMAX,189
USC00314684,2012-02-19,TMAX,194
USR0000NCRN,2009-09-29,TMIN,211
USC00310576,2015-11-22,TMAX,189
USC00316676,2007-04-07,TMIN,33
USC00310356,2005-04-22,TMAX,189
USR0000NCRN,2009-09-29,TMAX,244
USW00093765,2010-09-19,TMIN,167
USR0000NHOF,2014-02-02,TMAX,206
USW00013754,2009-05-30,TMAX,278
USR0000NCRN,2005-03-19,TMIN,78
USC00315830,2015-04-30,TMIN,128
USW00013754,2005-08-02,TMIN,206
USC00317170,2014-08-23,TMAX,322
USC00316676,2015-08-30,TMAX,283
USC00316676,2011-05-10,TMAX,256
USC00310576,2015-11-22,TMIN,50
USW00093765,2013-06-22,TMAX,267
USC00317170,2010-11-09,TMIN,50
USR0000NNWB,2015-08-10,TMIN,189
USR0000NNWB,2013-01-25,TMIN,-56
USR0000NNWB,2007-08-18,TMAX,317
USW00013754,2009-12-27,TMIN,50
USC00317170,2009-08-11,TMIN,244
USC00314684,2012-02-19,TMIN,50
USW00093765,2010-09-19,TMAX,283
USC00317170,2009-08-11,TMAX,356
USC00316676,2007-04-07,TMAX,144
USR0000NCRN,2005-03-09,TMIN,-33
USW00013754,2009-12-27,TMAX,133
USC00315830,2015-04-30,TMAX,189
USW00093765,2013-06-22,TMIN,222
USR0000NHOF,2014-02-02,TMIN,44
USC00316096,2013-05-25,TMIN,78
USC00316096,2011-09-15,TMAX,306
USW00093719,2014-05-27,TMIN,217
USW00093719,2007-03-02,TMAX,228
USC00310576,2005-03-01,TMAX,122
USR0000NCRN,2009-11-29,TMIN,133
USC00315830,2010-08-15,TMIN,233
USR0000NNWB,2011-10-20,TMIN,117
USC00310356,2009-04-15,TMIN,144
USR0000NCRN,2009-11-29,TMAX,183
USW00093765,2007-05-31,TMIN,150
USC00315830,2006-03-21,TMAX,117
USC00314689,2012-05-25,TMAX,306
USC00315830,2006-03-21,TMIN,61
USC00314689,2012-05-25,TMIN,200
USC00315830,2010-08-15,TMAX,306
USC00310576,2005-03-01,TMIN,50
USW00093765,2006-04-13,TMAX,222
USC00314689,2012-05-20,TMIN,117
USW00013754,2005-08-02,TMAX,300
USC00316676,2015-08-30,TMIN,183
USC00314689,2012-05-20,TMAX,244
USC00317170,2014-08-23,TMIN,228
USW00093719,2014-05-27,TMAX,328
USW00093765,2007-05-31,TMAX,267
USC00314684,2009-08-15,TMIN,206
USC00314689,2012-07-28,TMAX,356
USW00093765,2010-07-22,TMIN,261
USC00315830,2010-09-26,TMAX,294
USR0000NCRN,2012-05-26,TMAX,283
USR0000NHOF,2012-09-23,TMIN,128
USR0000NNWB,2007-08-18,TMIN,217
USC00314684,2010-09-01,TMIN,167
USC00317170,2014-01-27,TMAX,194
USW00093765,2010-07-22,TMAX,306
USR0000NCRN,2012-05-26,TMIN,222
USR0000NNWB,2011-11-25,TMAX,211
USW00093719,2015-02-02,TMAX,183
USR0000NCRN,2013-08-26,TMAX,289
USC00316676,2012-04-03,TMAX,228
USR0000NNWB,2012-08-04,TMAX,333
USR0000NNWB,2012-08-04,TMIN,233
USW00093765,2006-10-24,TMAX,122
USW00093765,2014-06-15,TMIN,222
USC00310356,2008-07-18,TMIN,233
USW00093765,2011-10-24,TMIN,139
USC00315830,2013-05-10,TMAX,244
USC00316676,2015-10-23,TMIN,111
USC00315830,2013-05-10,TMIN,161
USC00310356,2006-08-18,TMIN,206
USR0000NHOF,2006-12-22,TMIN,72
USW00093743,2011-05-26,TMIN,228
USW00093743,2009-09-02,TMIN,189
USC00316096,2014-07-26,TMAX,294
USC00316096,2011-07-29,TMAX,350
USW00093765,2006-10-24,TMIN,33
USC00316676,2012-04-03,TMIN,39
USW00093765,2008-08-03,TMAX,294
USC00316096,2009-10-05,TMAX,183
USW00093765,2005-05-28,TMIN,194
USC00310356,2008-07-18,TMAX,328
USW00093765,2011-10-24,TMAX,228
USC00316096,2009-10-05,TMIN,156
USC00315830,2008-10-03,TMIN,100
USW00093765,2005-05-28,TMAX,244
USC00310356,2006-08-18,TMAX,250
USC00316096,2015-12-07,TMIN,94
USC00316096,2015-12-07,TMAX,122
USC00316676,2007-04-28,TMIN,172
USC00316676,2007-04-28,TMAX,289
USC00316676,2007-07-26,TMAX,294
USC00314689,2007-09-24,TMIN,194
USC00316676,2007-07-26,TMIN,178
USC00314689,2015-02-25,TMAX,33
USR0000NNWB,2008-02-17,TMIN,50
USW00093765,2014-06-15,TMAX,272
USC00316676,2009-06-10,TMIN,178
USC00316096,2010-09-20,TMIN,139
USW00093765,2011-01-13,TMIN,-27
USW00093765,2011-01-13,TMAX,50
USW00093743,2011-07-21,TMIN,272
USC00316676,2007-02-02,TMAX,44
USR0000NCRN,2010-10-28,TMAX,250
USC00317170,2013-03-08,TMAX,128
USR0000NNWB,2009-06-18,TMAX,294
USC00310356,2011-02-17,TMIN,28
USC00316096,2011-11-12,TMAX,156
USC00316676,2007-02-02,TMIN,11
USR0000NNWB,2009-06-18,TMIN,211
USC00316676,2009-06-10,TMAX,322
USC00316096,2011-07-29,TMIN,239
USC00314689,2012-07-18,TMAX,328
USC00310356,2015-07-27,TMAX,311
USR0000NNWB,2008-02-17,TMAX,222
USC00315830,2008-10-03,TMAX,239
USC00314144,2008-03-01,TMAX,200
USC00314144,2008-03-01,TMIN,28
USC00314689,2007-04-28,TMAX,267
USR0000NCRN,2005-01-24,TMIN,-83
USC00314689,2012-07-18,TMIN,239
USC00314689,2007-04-28,TMIN,167
USR0000NCRN,2008-09-06,TMAX,311
USC00314689,2012-07-29,TMAX,322
USW00093719,2007-02-08,TMAX,83
USC00315830,2009-05-07,TMAX,256
USC00316676,2015-10-23,TMAX,272
USW00093719,2007-02-08,TMIN,-50
USR0000NCRN,2008-09-06,TMIN,256
USC00314684,2012-09-22,TMIN,133
USW00093765,2008-08-03,TMIN,222
USC00314684,2009-10-23,TMIN,67
USR0000NNWB,2009-06-06,TMAX,217
USC00310576,2009-09-26,TMAX,300
USC00316096,2010-05-10,TMIN,39
USC00316096,2015-06-13,TMIN,239
USW00093719,2006-09-10,TMAX,289
USC00317170,2008-08-20,TMAX,328
USC00315830,2011-03-01,TMAX,172
USC00314144,2006-05-27,TMAX,322
USC00316096,2015-06-13,TMAX,333
USC00314689,2014-10-28,TMIN,78
USW00093719,2009-10-01,TMAX,244
USC00316096,2010-05-10,TMAX,206
USC00310576,2009-09-26,TMIN,200
USC00314689,2014-10-28,TMAX,283
USC00314144,2006-05-27,TMIN,189
USC00315830,2012-11-22,TMIN,72
USC00314689,2012-08-19,TMIN,222
USC00315830,2010-11-03,TMIN,128
USR0000NCRN,2009-03-31,TMAX,206
USC00310356,2012-09-23,TMAX,267
USR0000NNWB,2015-03-24,TMIN,33
USR0000NNWB,2014-06-21,TMIN,217
USR0000NHOF,2009-06-14,TMAX,300
USC00310576,2015-05-04,TMAX,267
USC00314689,2012-08-19,TMAX,306
USC00310576,2015-05-04,TMIN,78
USR0000NCRN,2013-08-26,TMIN,161
USR0000NNWB,2014-06-21,TMAX,322
USW00093765,2009-03-06,TMIN,33
USR0000NHOF,2009-06-14,TMIN,172
USW00093719,2015-02-02,TMIN,22
USC00314689,2007-04-04,TMIN,172
USR0000NNWB,2015-02-09,TMAX,222
USC00314689,2015-02-25,TMIN,-67
USC00315830,2009-05-07,TMIN,200
USW00093719,2009-10-01,TMIN,106
USC00316096,2011-03-22,TMIN,128
USR0000NHOF,2005-08-26,TMIN,128
USW00093765,2009-07-03,TMAX,306
USC00314689,2005-04-28,TMAX,239
USC00314684,2007-03-26,TMIN,56
USC00314689,2005-04-28,TMIN,78
USC00310356,2015-07-27,TMIN,233
USW00093765,2008-12-10,TMAX,189
USC00314689,2007-07-04,TMAX,278
USC00314684,2008-01-25,TMIN,-33
USW00093765,2008-12-10,TMIN,161
USR0000NHOF,2005-08-26,TMAX,283
USR0000NHOF,2006-12-22,TMAX,200
USC00316096,2011-03-22,TMAX,289
USC00314684,2008-01-25,TMAX,128
USW00093719,2006-09-10,TMIN,178
USW00013754,2011-09-09,TMIN,183
USC00316676,2007-03-16,TMIN,139
USC00316096,2010-09-20,TMAX,300
USC00314689,2012-07-29,TMIN,211
USR0000NHOF,2012-03-30,TMIN,128
USC00315830,2006-05-27,TMIN,200
USR0000NHOF,2012-03-30,TMAX,244
USC00317170,2008-08-20,TMIN,194
USC00314684,2007-03-26,TMAX,250
USW00093743,2009-09-02,TMAX,261
USC00315830,2012-11-22,TMAX,161
USW00093765,2009-07-03,TMIN,222
USC00310356,2009-09-12,TMAX,233
USC00316676,2007-02-08,TMIN,-56
USC00316676,2007-03-16,TMAX,283
USC00316676,2007-02-08,TMAX,128
USC00315830,2006-05-27,TMAX,311
USC00316676,2009-12-06,TMAX,139
USC00314684,2013-03-04,TMAX,83
USC00317170,2010-02-09,TMAX,89
USW00093719,2014-07-21,TMIN,228
USW00093719,2012-04-13,TMAX,211
USC00314144,2006-11-04,TMIN,-33
USW00093719,2012-04-13,TMIN,22
USC00314144,2006-11-04,TMAX,128
USW00093765,2006-09-10,TMAX,278
USC00310356,2006-04-16,TMAX,211
USC00314684,2010-07-10,TMAX,328
USC00314684,2010-07-10,TMIN,222
USR0000NNWB,2006-03-11,TMAX,300
USC00314689,2010-04-30,TMAX,283
USW00093765,2011-06-03,TMIN,211
USC00314684,2007-05-27,TMAX,300
USW00093719,2010-09-10,TMAX,278
USR0000NNWB,2006-03-11,TMIN,133
USR0000NCRN,2011-04-05,TMAX,200
USR0000NCRN,2011-04-05,TMIN,67
USC00310576,2015-06-25,TMIN,211
USR0000NHOF,2011-08-01,TMAX,311
USR0000NCRN,2012-07-22,TMIN,239
USC00310576,2015-06-25,TMAX,333
USR0000NHOF,2013-03-01,TMIN,-28
USW00093765,2006-09-10,TMIN,189
USC00310576,2015-07-20,TMIN,239
USC00314684,2005-08-29,TMIN,217
USC00314684,2012-08-19,TMIN,217
USC00314684,2005-08-29,TMAX,322
USR0000NHOF,2014-04-08,TMIN,133
USC00314689,2005-10-03,TMIN,156
USC00315830,2015-03-23,TMAX,172
USC00315830,2011-03-31,TMIN,78
USC00310356,2009-06-13,TMIN,244
USW00093719,2014-07-21,TMAX,289
USC00310356,2006-04-16,TMIN,172
USC00315830,2008-07-31,TMAX,311
USC00314689,2012-02-14,TMIN,28
USR0000NNWB,2011-08-26,TMIN,239
USW00093719,2012-03-13,TMAX,244
USW00093765,2014-01-03,TMIN,-27
USR0000NHOF,2014-04-01,TMIN,17
USC00310576,2010-08-17,TMAX,339
USW00093719,2009-05-23,TMAX,278
USC00310576,2010-08-17,TMIN,211
USC00310356,2007-10-29,TMAX,194
USC00317170,2014-08-30,TMIN,211
USC00317170,2014-08-30,TMAX,322
USR0000NCRN,2007-08-27,TMIN,228
USW00093765,2013-10-21,TMAX,217
USW00093765,2011-06-03,TMAX,311
USC00316676,2012-09-30,TMAX,244
USW00093765,2007-08-09,TMAX,311
USC00314689,2012-02-14,TMAX,156
USW00093765,2013-10-21,TMIN,122
USC00316676,2008-12-14,TMAX,89
USC00310576,2015-07-20,TMAX,339
USW00093719,2010-09-10,TMIN,150
USR0000NCRN,2007-10-21,TMAX,272
USC00315830,2008-07-31,TMIN,261
USW00093719,2009-05-23,TMIN,150
USC00316676,2005-01-01,TMIN,33
USC00317170,2015-03-11,TMAX,311
USR0000NCRN,2007-08-27,TMAX,311
USC00316676,2012-09-30,TMIN,167
USR0000NNWB,2011-08-26,TMAX,300
USC00316676,2005-01-01,TMAX,211
USR0000NHOF,2014-04-01,TMAX,256
USW00093765,2014-01-03,TMAX,117
USC00316676,2008-12-14,TMIN,0
USR0000NNWB,2012-07-18,TMIN,244
USR0000NHOF,2011-08-01,TMIN,217
USC00314689,2015-04-13,TMIN,94
USC00310356,2013-03-01,TMIN,33
USW00093765,2010-09-03,TMAX,322
USW00013754,2015-08-28,TMAX,289
USC00310576,2011-12-17,TMAX,228
USW00093765,2010-07-06,TMIN,228
USC00314684,2008-10-07,TMIN,89
USC00314144,2009-09-29,TMIN,83
USC00310356,2010-04-22,TMIN,111
USC00315830,2015-03-23,TMIN,94
USC00314684,2012-08-19,TMAX,317
USW00013754,2015-08-28,TMIN,217
USC00310576,2009-01-21,TMAX,39
USC00315830,2011-04-17,TMAX,217
USC00310576,2009-01-21,TMIN,-67
USC00317170,2008-11-19,TMAX,67
USC00314144,2010-12-29,TMIN,-67
USR0000NHOF,2014-04-08,TMAX,228
USW00093719,2015-05-04,TMAX,289
USC00317170,2014-07-18,TMAX,294
USC00314684,2010-02-04,TMAX,67
USC00314144,2007-07-15,TMAX,289
USW00013754,2010-07-21,TMIN,239
USW00013754,2010-07-21,TMAX,328
USC00316096,2013-10-24,TMAX,161
USC00314144,2009-09-29,TMAX,233
USC00317170,2010-09-23,TMIN,211
USC00314689,2006-01-23,TMIN,56
USC00314684,2010-02-04,TMIN,-22
USC00317170,2014-07-18,TMIN,172
USW00093719,2015-05-04,TMIN,100
USW00093765,2010-07-06,TMAX,306
USC00314684,2008-10-07,TMAX,278
USC00316096,2010-08-28,TMAX,306
USC00310576,2015-10-31,TMAX,228
USC00310576,2012-09-23,TMIN,167
USC00314689,2006-01-23,TMAX,139
USW00093719,2012-03-04,TMIN,39
USR0000NCRN,2014-02-07,TMAX,78
USC00310356,2014-04-01,TMIN,67
USR0000NHOF,2013-03-01,TMAX,122
USW00093765,2005-01-04,TMAX,178
USC00314684,2009-07-03,TMIN,194
USC00310356,2006-06-05,TMIN,172
USC00314689,2015-04-13,TMAX,267
USW00093765,2005-01-04,TMIN,117
USC00314684,2009-07-03,TMAX,328
USR0000NNWB,2012-07-18,TMAX,333
USW00093765,2007-08-09,TMIN,283
USC00314689,2005-10-03,TMAX,278
USR0000NCRN,2009-09-05,TMIN,256
USC00317170,2012-02-16,TMAX,161
USW00093743,2013-03-01,TMAX,117
USC00314144,2010-12-29,TMAX,83
USC00310356,2009-06-13,TMAX,289
USW00093743,2013-03-01,TMIN,6
USC00310356,2010-04-22,TMAX,194
USW00013754,2011-01-16,TMIN,-27
USW00013754,2013-03-08,TMAX,128
USC00317170,2008-11-19,TMIN,0
USC00316096,2011-11-25,TMIN,-11
USC00316096,2011-11-25,TMAX,183
USC00317170,2012-02-16,TMIN,22
USW00093719,2007-07-15,TMAX,306
USW00093719,2007-07-15,TMIN,217
USC00310576,2012-09-23,TMAX,278
USC00310356,2014-04-01,TMAX,200
USW00013754,2013-03-08,TMIN,22
USC00310356,2006-06-05,TMAX,267
USW00093719,2012-03-04,TMAX,128
USC00315830,2013-03-01,TMIN,22
USW00093765,2015-08-26,TMIN,211
USW00093719,2012-03-13,TMIN,111
USC00314684,2015-08-28,TMAX,244
USW00093765,2014-05-27,TMIN,211
USW00093765,2014-05-27,TMAX,267
USC00316676,2013-01-28,TMAX,67
USR0000NHOF,2011-02-12,TMIN,-44
USW00093719,2012-09-22,TMAX,283
USR0000NHOF,2011-02-12,TMAX,122
USR0000NCRN,2006-02-05,TMAX,106
USC00314144,2009-04-15,TMAX,172
USW00013754,2009-12-31,TMIN,67
USW00013754,2009-12-31,TMAX,139
USC00314689,2015-06-18,TMAX,378
USC00315830,2005-11-12,TMIN,22
USW00093719,2012-09-22,TMIN,156
USC00314689,2015-06-18,TMIN,239
USR0000NHOF,2015-12-30,TMAX,267
USC00316676,2013-01-28,TMIN,-6
USW00093719,2015-02-09,TMAX,244
USC00316676,2008-11-01,TMAX,178
USW00093719,2009-12-27,TMIN,44
USC00316676,2008-11-01,TMIN,-11
USW00093719,2011-12-12,TMAX,122
USW00093765,2012-09-12,TMAX,261
USW00093719,2009-12-27,TMAX,139
USC00316096,2015-08-10,TMIN,167
USC00314689,2011-03-22,TMIN,150
USC00314689,2010-05-29,TMAX,300
USW00093765,2012-09-12,TMIN,150
USC00314689,2011-03-22,TMAX,294
USC00314684,2012-08-22,TMAX,267
USC00314684,2012-08-22,TMIN,200
USW00093765,2012-06-21,TMIN,244
USW00093765,2012-06-21,TMAX,294
USW00093765,2008-02-17,TMAX,206
USC00317170,2014-12-17,TMAX,161
USR0000NHOF,2015-12-30,TMIN,183
USW00093719,2015-12-30,TMAX,261
USR0000NHOF,2006-04-16,TMIN,122
USR0000NHOF,2010-12-21,TMIN,-50
USC00316096,2014-11-08,TMIN,22
USC00316096,2012-07-15,TMAX,306
USW00093743,2010-07-05,TMAX,306
USC00316096,2012-07-15,TMIN,217
USW00093719,2014-08-23,TMAX,300
USC00310576,2013-05-10,TMAX,278
USW00013754,2014-06-17,TMAX,328
USC00310576,2009-07-03,TMAX,339
USC00315830,2011-03-25,TMIN,78
USC00316676,2013-10-20,TMAX,233
USC00315830,2011-03-25,TMAX,211
USC00314689,2013-06-22,TMIN,217
USC00316676,2011-07-24,TMAX,361
USR0000NHOF,2006-04-16,TMAX,311
USC00315830,2005-11-12,TMAX,183
USR0000NNWB,2007-05-16,TMIN,144
USC00316676,2011-07-24,TMIN,228
USC00316096,2015-08-10,TMAX,300
USC00314144,2009-04-15,TMIN,94
USR0000NNWB,2013-03-08,TMAX,133
USR0000NHOF,2010-12-21,TMAX,61
USC00310576,2012-07-02,TMIN,194
USR0000NNWB,2013-03-08,TMIN,0
USC00314689,2007-07-26,TMIN,206
USW00093719,2015-12-30,TMIN,183
USR0000NNWB,2007-05-16,TMAX,289
USC00310576,2012-07-02,TMAX,361
USC00316096,2014-11-08,TMAX,178
USC00314684,2012-01-09,TMAX,156
USC00314689,2007-07-26,TMAX,322
USC00314144,2007-07-15,TMIN,206
USC00310576,2009-06-11,TMAX,306
USC00316676,2013-06-21,TMIN,183
USC00314689,2007-09-27,TMAX,306
USW00013754,2013-08-26,TMIN,183
USR0000NHOF,2006-06-05,TMIN,144
USC00314689,2007-09-27,TMIN,200
USW00093765,2013-09-13,TMIN,217
USR0000NHOF,2007-02-03,TMIN,17
USC00310576,2011-05-25,TMIN,183
USW00093765,2013-09-13,TMAX,300
USW00093719,2008-12-05,TMIN,11
USW00093719,2008-12-05,TMAX,94
USW00093765,2015-08-26,TMAX,294
USC00310356,2014-08-24,TMIN,222
USR0000NHOF,2010-06-03,TMAX,278
USR0000NCRN,2005-11-30,TMAX,222
USR0000NHOF,2007-02-03,TMAX,78
USC00315830,2010-12-29,TMIN,-17
USC00310356,2007-10-29,TMIN,100
USR0000NCRN,2005-11-30,TMIN,100
USC00315830,2013-03-01,TMAX,150
USC00316676,2007-09-23,TMAX,300
USR0000NHOF,2006-06-05,TMAX,250
USR0000NNWB,2008-02-27,TMAX,133
USC00314684,2005-02-28,TMIN,-6
USC00314689,2010-04-30,TMIN,128
USC00310576,2011-05-25,TMAX,350
USC00314684,2015-08-28,TMIN,178
USC00310576,2015-10-31,TMIN,67
USC00316676,2007-09-23,TMIN,200
USW00093719,2006-11-27,TMIN,56
USW00093719,2006-11-27,TMAX,217
USC00316096,2013-10-24,TMIN,39
USC00314689,2005-12-25,TMIN,72
USC00314684,2005-02-28,TMAX,94
USR0000NCRN,2006-02-05,TMIN,28
USW00013754,2013-08-26,TMAX,294
USC00315830,2010-12-29,TMAX,89
USC00314684,2013-06-04,TMAX,272
USW00093765,2013-05-24,TMAX,278
USC00314684,2013-06-04,TMIN,194
USR0000NNWB,2008-04-16,TMAX,189
USW00093765,2013-05-24,TMIN,156
USR0000NNWB,2008-04-16,TMIN,39
USC00310356,2007-10-08,TMAX,278
USC00316096,2014-06-02,TMAX,256
USC00310576,2009-06-11,TMIN,189
USW00093765,2008-02-17,TMIN,78
USW00093765,2014-01-27,TMAX,156
USW00093719,2015-02-09,TMIN,106
USC00315830,2011-03-31,TMAX,139
USW00093719,2011-12-12,TMIN,33
USC00316676,2013-06-21,TMAX,283
USR0000NCRN,2007-10-21,TMIN,89
USC00317170,2014-12-17,TMIN,50
USR0000NCRN,2005-10-04,TMAX,294
USC00314684,2012-01-09,TMIN,56
USC00310356,2014-08-24,TMAX,294
USW00013754,2010-07-10,TMAX,322
USC00310356,2015-12-30,TMAX,217
USW00013754,2010-07-10,TMIN,222
USC00310356,2007-10-08,TMIN,217
USC00314689,2010-05-29,TMIN,183
USR0000NCRN,2005-10-04,TMIN,206
USC00317170,2015-03-11,TMIN,167
USR0000NHOF,2010-06-03,TMIN,194
USC00310576,2012-08-07,TMAX,306
USC00314684,2006-03-21,TMIN,6
USC00310356,2015-12-30,TMIN,178
USC00314684,2006-03-21,TMAX,133
USC00310576,2012-08-07,TMIN,217
USW00013754,2011-01-16,TMAX,133
USC00316676,2012-09-12,TMAX,244
USC00310356,2009-12-07,TMAX,89
USC00315830,2005-12-18,TMAX,94
USW00013754,2011-07-31,TMIN,228
USC00314689,2009-01-15,TMIN,-6
USC00316676,2008-06-11,TMIN,217
USC00315830,2014-11-03,TMIN,6
USC00317170,2009-09-05,TMIN,172
USC00314684,2007-04-28,TMIN,161
USC00315830,2005-12-18,TMIN,67
USW00013754,2014-08-23,TMIN,233
USW00013754,2014-03-16,TMAX,133
USW00093765,2006-04-16,TMIN,172
USC00315830,2006-03-11,TMAX,222
USC00317170,2012-01-12,TMIN,83
USW00093719,2012-07-15,TMAX,322
USC00316676,2008-06-11,TMAX,367
USC00316676,2013-09-08,TMAX,267
USC00315830,2014-11-03,TMAX,106
USR0000NNWB,2013-01-14,TMIN,122
USC00317170,2009-09-05,TMAX,306
USW00013754,2010-03-19,TMIN,61
USR0000NCRN,2005-02-16,TMIN,0
USW00093743,2011-03-06,TMIN,100
USR0000NCRN,2009-09-05,TMAX,294
USW00013754,2010-03-19,TMAX,222
USC00317170,2013-12-24,TMIN,11
USC00314684,2007-04-28,TMAX,283
USC00314684,2012-12-24,TMIN,-44
USR0000NNWB,2013-01-14,TMAX,256
USR0000NCRN,2011-01-17,TMAX,106
USC00310576,2005-02-16,TMIN,61
USW00093719,2008-06-09,TMIN,239
USC00310576,2005-02-16,TMAX,211
USC00314684,2012-12-24,TMAX,117
USR0000NCRN,2006-06-12,TMAX,328
USW00093719,2014-08-20,TMIN,239
USW00093765,2011-02-06,TMAX,117
USW00093743,2009-12-07,TMIN,39
USC00316096,2011-04-15,TMAX,233
USW00013754,2012-09-22,TMAX,283
USC00310576,2008-07-12,TMAX,317
USW00093743,2009-12-07,TMAX,156
USC00317170,2010-07-06,TMIN,189
USC00315830,2011-07-11,TMAX,300
USC00310576,2011-12-17,TMIN,89
USR0000NNWB,2015-11-01,TMIN,133
USR0000NNWB,2015-11-01,TMAX,267
USR0000NNWB,2011-04-05,TMAX,217
USW00093719,2010-11-13,TMAX,189
USC00310576,2013-06-06,TMIN,161
USC00310576,2013-06-06,TMAX,261
USC00310576,2008-07-12,TMIN,200
USW00093719,2014-08-20,TMAX,328
USR0000NNWB,2011-09-09,TMIN,183
USC00315830,2011-07-11,TMIN,228
USC00310356,2010-07-05,TMAX,300
USW00013754,2014-03-16,TMIN,56
USW00093765,2011-02-06,TMIN,39
USW00093765,2006-04-16,TMAX,278
USW00093719,2012-07-15,TMIN,217
USW00013754,2011-07-31,TMAX,356
USR0000NNWB,2009-12-31,TMAX,133
USC00315830,2006-03-11,TMIN,133
USW00093719,2012-12-04,TMAX,244
USC00314684,2006-12-17,TMAX,194
USR0000NHOF,2007-03-24,TMAX,289
USR0000NNWB,2009-12-31,TMIN,50
USC00314684,2006-12-17,TMIN,0
USC00316676,2013-09-08,TMIN,144
USR0000NHOF,2007-03-24,TMIN,150
USW00013754,2015-02-02,TMAX,172
USR0000NNWB,2008-07-17,TMIN,206
USW00013754,2014-08-23,TMAX,306
USC00314144,2009-03-29,TMAX,256
USW00093765,2013-06-04,TMAX,278
USW00093765,2013-06-04,TMIN,206
USC00316676,2007-06-19,TMAX,356
USC00316676,2007-06-19,TMIN,217
USC00310356,2007-12-31,TMIN,111
USC00310576,2011-03-22,TMIN,100
USC00316096,2010-05-08,TMAX,267
USC00314144,2006-08-25,TMAX,328
USC00314144,2006-08-25,TMIN,167
USW00093719,2010-07-12,TMAX,317
USC00314684,2007-09-05,TMAX,333
USC00314684,2007-09-05,TMIN,150
USW00093719,2010-07-12,TMIN,206
USR0000NHOF,2007-07-04,TMAX,289
USW00093719,2010-02-09,TMAX,83
USC00314144,2009-03-29,TMIN,117
USW00093765,2013-11-08,TMAX,144
USC00310356,2014-07-06,TMAX,289
USW00093719,2005-07-16,TMAX,333
USC00310356,2014-04-08,TMAX,194
USC00314684,2009-10-05,TMAX,244
USR0000NCRN,2007-04-09,TMIN,-6
USC00310576,2007-05-17,TMAX,278
USC00314684,2014-02-01,TMIN,-56
USC00310356,2014-04-08,TMIN,161
USC00314684,2009-10-05,TMIN,122
USW00093719,2008-06-27,TMIN,233
USC00310576,2007-05-17,TMIN,161
USC00314684,2014-02-01,TMAX,117
USW00013754,2009-05-07,TMAX,250
USC00314684,2009-03-03,TMIN,-67
USC00314684,2009-03-03,TMAX,50
USC00317170,2014-05-27,TMAX,311
USC00314689,2008-09-29,TMIN,183
USC00314689,2008-09-29,TMAX,278
USW00093719,2011-10-10,TMIN,172
USC00317170,2013-09-13,TMAX,339
USC00310576,2011-03-13,TMAX,189
USR0000NCRN,2005-02-16,TMAX,183
USR0000NNWB,2006-02-23,TMAX,133
USW00093743,2009-03-31,TMIN,39
USR0000NCRN,2011-01-17,TMIN,11
USR0000NNWB,2006-02-23,TMIN,28
USW00093765,2010-09-03,TMIN,233
USW00093719,2011-10-10,TMAX,239
USR0000NCRN,2006-06-12,TMIN,200
USC00314689,2006-10-31,TMAX,239
USC00314689,2006-10-31,TMIN,89
USW00093719,2010-11-13,TMIN,33
USW00093743,2009-03-31,TMAX,183
USW00093719,2010-02-09,TMIN,-33
USC00310576,2011-03-13,TMIN,11
USC00317170,2013-12-24,TMAX,206
USC00314689,2005-01-30,TMIN,17
USR0000NNWB,2008-07-17,TMAX,328
USC00316676,2012-03-29,TMIN,33
USC00314144,2011-03-24,TMIN,83
USC00314144,2006-01-25,TMAX,128
USC00317170,2013-09-13,TMIN,211
USC00317170,2014-05-27,TMIN,200
USC00314689,2005-01-30,TMAX,56
USW00093719,2005-07-16,TMIN,239
USW00093765,2010-09-02,TMAX,289
USC00310576,2011-03-22,TMAX,239
USC00316096,2010-05-08,TMIN,211
USC00316096,2011-03-19,TMIN,100
USC00316096,2011-03-19,TMAX,222
USC00314144,2006-01-25,TMIN,-6
USW00013754,2014-06-17,TMIN,217
USC00315830,2009-11-09,TMIN,117
USW00013754,2012-12-15,TMIN,17
USW00093765,2012-01-22,TMAX,83
USR0000NNWB,2014-08-23,TMAX,300
USR0000NNWB,2014-08-23,TMIN,222
USC00310576,2005-08-23,TMIN,239
USW00093719,2011-07-25,TMAX,344
USR0000NHOF,2015-03-16,TMIN,6
USC00310576,2005-08-23,TMAX,350
USC00315830,2012-11-08,TMAX,150
USC00310576,2015-04-17,TMIN,133
USR0000NNWB,2012-09-22,TMAX,289
USR0000NNWB,2012-09-22,TMIN,161
USW00093765,2010-11-05,TMAX,161
USW00093765,2008-08-20,TMIN,200
USC00317170,2009-02-09,TMAX,178
USW00093765,2008-08-20,TMAX,294
USC00317170,2009-02-09,TMIN,44
USC00310576,2015-10-11,TMIN,150
USC00315830,2009-11-09,TMAX,233
USC00317170,2011-10-20,TMIN,94
USC00314689,2010-09-11,TMIN,161
USR0000NHOF,2012-04-03,TMIN,17
USR0000NCRN,2015-11-22,TMAX,133
USC00315830,2011-04-17,TMIN,111
USC00314689,2010-09-11,TMAX,289
USR0000NCRN,2015-11-22,TMIN,50
USC00315830,2014-12-16,TMIN,0
USR0000NHOF,2015-09-18,TMAX,294
USR0000NHOF,2015-09-18,TMIN,167
USC00314144,2005-12-01,TMIN,39
USC00317170,2013-10-13,TMAX,256
USR0000NNWB,2012-02-20,TMIN,0
USR0000NHOF,2015-03-16,TMAX,222
USC00317170,2011-10-20,TMAX,228
USW00093765,2010-09-02,TMIN,206
USC00317170,2011-04-06,TMIN,44
USC00314684,2009-08-28,TMAX,328
USW00093765,2006-08-16,TMAX,311
USC00315830,2012-11-06,TMIN,61
USR0000NNWB,2012-02-20,TMAX,117
USC00314689,2012-08-04,TMIN,217
USC00314689,2012-08-04,TMAX,311
USC00314144,2005-12-01,TMAX,156
USR0000NHOF,2011-05-13,TMIN,161
USC00315830,2008-01-16,TMAX,89
USC00315830,2012-11-06,TMAX,122
USC00310356,2009-12-07,TMIN,28
USC00314684,2009-08-28,TMIN,211
USC00314684,2007-05-27,TMIN,139
USC00310356,2013-03-01,TMAX,128
USC00316676,2012-09-12,TMIN,122
USR0000NCRN,2012-07-22,TMAX,311
USC00317170,2011-04-06,TMAX,206
USW00093765,2006-08-16,TMIN,200
USC00317170,2008-08-03,TMAX,328
USR0000NHOF,2011-05-13,TMAX,250
USC00317170,2010-09-23,TMAX,328
USC00315830,2011-07-09,TMAX,300
USW00093719,2014-01-05,TMAX,200
USW00013754,2011-10-20,TMAX,189
USC00317170,2008-08-03,TMIN,217
USC00316096,2010-08-28,TMIN,189
USR0000NCRN,2005-08-29,TMAX,317
USC00317170,2009-09-13,TMAX,278
USC00317170,2009-09-13,TMIN,178
USW00093765,2012-01-22,TMIN,50
USW00093719,2014-01-05,TMIN,44
USW00013754,2011-10-20,TMIN,94
USC00315830,2008-01-16,TMIN,-17
USR0000NCRN,2005-08-29,TMIN,233
USC00317170,2010-07-06,TMAX,356
USC00310576,2008-09-05,TMAX,306
USR0000NHOF,2012-04-03,TMAX,217
USC00315830,2014-12-16,TMAX,150
USC00310576,2015-04-17,TMAX,211
USC00314689,2015-08-10,TMIN,183
USC00314689,2015-08-10,TMAX,306
USC00310356,2012-04-03,TMAX,228
USW00013754,2015-08-26,TMAX,306
USC00317170,2013-10-21,TMAX,217
USC00310576,2005-12-25,TMAX,167
USC00310576,2005-12-25,TMIN,56
USC00310576,2005-09-05,TMIN,161
USW00013754,2009-10-21,TMAX,228
USR0000NNWB,2014-03-16,TMAX,139
USC00310576,2005-09-05,TMAX,289
USC00315830,2011-07-09,TMIN,244
USC00310356,2010-07-05,TMIN,194
USC00310356,2012-04-03,TMIN,100
USC00310356,2009-03-31,TMIN,83
USW00013754,2012-12-15,TMAX,139
USR0000NNWB,2011-04-05,TMIN,72
USW00013754,2012-09-22,TMIN,161
USC00317170,2013-06-04,TMAX,283
USC00314684,2006-07-20,TMAX,333
USC00317170,2013-06-04,TMIN,200
USR0000NNWB,2011-09-09,TMAX,300
USC00317170,2013-10-21,TMIN,83
USW00013754,2015-02-02,TMIN,17
USC00314689,2009-01-15,TMAX,94
USC00316096,2011-04-15,TMIN,83
USW00093765,2005-04-24,TMAX,144
USW00093719,2008-06-09,TMAX,372
USC00314684,2006-07-20,TMIN,206
USW00093765,2005-04-24,TMIN,83
USW00093743,2010-06-03,TMAX,283
USC00314144,2005-12-31,TMAX,200
USW00093743,2010-06-03,TMIN,222
USC00310576,2008-09-05,TMIN,167
USC00315830,2012-11-08,TMIN,17
USR0000NNWB,2007-02-11,TMIN,-61
USR0000NNWB,2007-02-11,TMAX,106
USC00315830,2010-02-05,TMIN,39
USC00315830,2010-02-05,TMAX,122
USC00314689,2009-11-29,TMIN,44
USC00310576,2012-11-08,TMIN,33
USC00316676,2009-10-24,TMAX,261
USC00316676,2005-11-07,TMIN,133
USC00316676,2009-10-24,TMIN,128
USC00310356,2005-05-18,TMAX,239
USC00310356,2005-05-18,TMIN,150
USW00093719,2011-07-25,TMIN,239
USC00310576,2015-10-11,TMAX,233
USW00013754,2015-08-26,TMIN,206
USR0000NNWB,2014-03-16,TMIN,56
USC00314689,2009-11-29,TMAX,211
USC00310356,2009-03-31,TMAX,161
USR0000NCRN,2014-12-22,TMAX,106
USR0000NCRN,2014-12-22,TMIN,67
USW00093743,2012-04-03,TMAX,194
USW00093743,2012-04-03,TMIN,44
USC00316676,2005-11-07,TMAX,256
USW00093765,2014-12-16,TMIN,22
USC00310576,2012-11-08,TMAX,94
USW00093765,2014-12-16,TMAX,178
USW00093719,2006-06-19,TMAX,294
USW00093765,2010-05-31,TMAX,272
USW00013754,2009-10-21,TMIN,44
USW00093765,2010-05-31,TMIN,233
USC00314144,2005-12-31,TMIN,6
USW00093719,2006-06-19,TMIN,183
USC00317170,2013-10-13,TMIN,183
USC00316676,2013-10-20,TMIN,156
USR0000NNWB,2011-09-23,TMAX,289
USC00310356,2009-06-14,TMAX,294
USW00013754,2013-01-25,TMAX,22
USR0000NHOF,2010-09-17,TMAX,311
USR0000NNWB,2009-10-21,TMIN,39
USR0000NCRN,2014-05-12,TMAX,272
USR0000NNWB,2015-02-02,TMAX,172
USW00093719,2005-12-18,TMAX,61
USC00310576,2012-06-17,TMAX,256
USC00314689,2014-11-08,TMIN,11
USC00314684,2014-07-26,TMAX,283
USW00093719,2010-03-12,TMIN,139
USC00314684,2014-07-26,TMIN,194
USW00093743,2009-06-14,TMAX,311
USW00093743,2010-02-10,TMAX,106
USR0000NCRN,2006-07-25,TMAX,300
USW00093743,2010-02-10,TMIN,17
USC00315830,2013-03-16,TMAX,183
USW00013754,2014-08-20,TMAX,311
USC00310576,2012-01-15,TMIN,0
USC00314684,2011-01-04,TMIN,-56
USC00314684,2011-11-12,TMAX,117
USW00093719,2010-03-30,TMAX,200
USW00013754,2014-08-20,TMIN,239
USR0000NCRN,2005-12-22,TMAX,106
USW00093719,2010-03-30,TMIN,117
USC00310576,2012-01-15,TMAX,89
USC00314684,2011-11-12,TMIN,-11
USC00315830,2009-06-20,TMIN,244
USW00093719,2010-03-12,TMAX,172
USW00093719,2009-02-26,TMIN,-11
USC00315830,2009-06-20,TMAX,311
USC00314144,2010-12-27,TMAX,17
USC00314689,2005-03-21,TMAX,189
USR0000NCRN,2005-12-22,TMIN,-50
USW00013754,2015-11-01,TMAX,278
USR0000NCRN,2006-07-25,TMIN,228
USW00013754,2013-01-25,TMIN,-38
USR0000NHOF,2006-09-20,TMAX,256
USR0000NCRN,2009-05-10,TMIN,150
USC00310576,2012-11-22,TMAX,156
USC00314684,2011-03-25,TMIN,67
USC00316676,2015-11-10,TMAX,222
USW00013754,2012-04-13,TMIN,28
USR0000NCRN,2008-05-17,TMIN,139
USR0000NCRN,2008-05-17,TMAX,244
USC00315830,2007-11-10,TMAX,150
USR0000NNWB,2010-07-10,TMIN,222
USC00315830,2007-11-10,TMIN,56
USC00315830,2005-12-22,TMIN,-39
USW00093719,2013-10-21,TMIN,111
USC00314684,2012-01-22,TMIN,17
USR0000NNWB,2010-07-10,TMAX,333
USC00317170,2013-01-14,TMAX,250
USC00314684,2013-06-22,TMAX,289
USR0000NNWB,2015-02-02,TMIN,11
USC00310576,2012-06-17,TMIN,150
USC00316676,2014-10-28,TMIN,61
USC00316676,2014-10-28,TMAX,244
USR0000NHOF,2005-07-16,TMIN,222
USC00316676,2010-04-17,TMAX,300
USC00316676,2010-04-17,TMIN,94
USC00315830,2013-03-16,TMIN,117
USC00314689,2005-03-21,TMIN,67
USR0000NHOF,2010-07-25,TMIN,256
USW00093719,2007-03-22,TMAX,239
USR0000NHOF,2010-07-25,TMAX,350
USW00013754,2007-02-11,TMAX,106
USW00093719,2006-02-23,TMAX,122
USC00314684,2013-06-22,TMIN,172
USW00013754,2007-02-11,TMIN,-60
USW00013754,2012-04-13,TMAX,206
USC00314689,2014-11-08,TMAX,172
USC00315830,2013-01-28,TMIN,11
USC00314689,2012-02-15,TMIN,28
USC00310356,2012-05-26,TMIN,222
USC00310576,2005-02-08,TMAX,194
USC00310356,2012-05-26,TMAX,289
USC00317170,2010-08-18,TMAX,350
USC00314689,2012-10-30,TMAX,183
USW00013754,2009-10-01,TMIN,100
USC00316676,2015-11-10,TMIN,144
USC00317170,2014-06-15,TMAX,306
USC00310576,2005-02-08,TMIN,11
USW00093719,2015-08-16,TMAX,317
USW00093743,2011-08-01,TMIN,222
USC00314689,2010-05-10,TMIN,94
USR0000NNWB,2010-09-26,TMAX,306
USC00317170,2010-08-18,TMIN,233
USC00316676,2014-10-15,TMAX,283
USC00310576,2005-10-24,TMAX,194
USW00013754,2010-05-12,TMIN,183
USR0000NHOF,2006-02-22,TMAX,133
USW00093719,2015-08-16,TMIN,183
USC00314684,2009-07-08,TMIN,178
USC00314684,2009-07-08,TMAX,300
USC00310576,2005-10-24,TMIN,111
USC00310576,2015-06-13,TMAX,306
USW00013754,2007-06-06,TMIN,189
USW00093765,2015-01-30,TMAX,122
USW00093719,2009-02-26,TMAX,178
USR0000NHOF,2010-02-10,TMAX,78
USW00013754,2010-05-12,TMAX,278
USW00093765,2015-01-30,TMIN,17
USW00013754,2012-09-30,TMAX,233
USC00310576,2015-06-13,TMIN,211
USR0000NHOF,2010-02-10,TMIN,6
USW00013754,2015-11-01,TMIN,122
USC00314689,2010-05-10,TMAX,206
USR0000NCRN,2005-11-10,TMIN,83
USR0000NNWB,2010-09-26,TMIN,228
USC00314144,2010-11-17,TMIN,22
USC00316676,2006-03-25,TMIN,-11
USC00316676,2006-03-25,TMAX,56
USR0000NNWB,2009-10-21,TMAX,261
USC00315830,2013-01-28,TMAX,128
USR0000NCRN,2005-11-10,TMAX,217
USR0000NNWB,2015-07-25,TMAX,317
USC00314689,2012-02-25,TMAX,194
USC00314689,2012-02-15,TMAX,172
USC00314689,2012-02-25,TMIN,56
USR0000NHOF,2005-07-16,TMAX,317
USC00316096,2013-09-04,TMIN,194
USC00316096,2013-09-04,TMAX,294
USW00093719,2005-12-18,TMIN,39
USC00314689,2012-10-30,TMIN,56
USC00310356,2005-01-02,TMAX,161
USC00314144,2010-11-17,TMAX,206
USW00093719,2013-03-08,TMAX,133
USC00314684,2007-03-09,TMAX,133
USW00013754,2012-09-30,TMIN,172
USC00317170,2013-01-14,TMIN,122
USC00310356,2013-06-06,TMIN,222
USC00310356,2013-06-06,TMAX,283
USR0000NNWB,2015-07-25,TMIN,178
USW00093719,2013-03-08,TMIN,17
USW00013754,2012-02-06,TMAX,133
USC00316676,2011-08-23,TMAX,317
USC00310356,2009-05-13,TMAX,244
USC00316676,2014-10-15,TMIN,200
USC00314684,2008-08-25,TMAX,317
USC00310356,2005-01-02,TMIN,83
USC00316676,2011-08-23,TMIN,217
USW00093765,2010-02-09,TMIN,0
USC00310356,2010-02-10,TMIN,39
USC00314144,2005-10-04,TMIN,178
USR0000NNWB,2015-08-28,TMAX,289
USC00316676,2006-06-05,TMAX,283
USR0000NNWB,2015-08-28,TMIN,206
USR0000NCRN,2015-04-14,TMAX,244
USC00310576,2007-11-03,TMAX,183
USW00093765,2012-09-22,TMAX,261
USC00316676,2006-06-05,TMIN,167
USC00315830,2007-03-23,TMIN,100
USR0000NCRN,2011-05-07,TMAX,250
USR0000NHOF,2015-06-06,TMIN,150
USW00093743,2013-12-10,TMIN,39
USW00093765,2012-09-22,TMIN,156
USC00315830,2005-06-16,TMAX,306
USW00093765,2009-10-21,TMIN,61
USC00310576,2012-11-04,TMIN,22
USW00013754,2005-11-21,TMAX,206
USC00310576,2012-12-20,TMIN,28
USW00093719,2008-07-31,TMAX,356
USR0000NCRN,2015-04-14,TMIN,194
USC00310576,2012-12-20,TMAX,183
USC00316096,2011-05-17,TMIN,144
USC00316676,2008-08-28,TMIN,228
USW00093743,2008-05-13,TMAX,217
USW00013754,2015-12-25,TMAX,256
USR0000NNWB,2014-07-21,TMAX,278
USC00316676,2011-06-03,TMAX,361
USW00093743,2008-05-13,TMIN,78
USC00317170,2012-09-12,TMAX,267
USC00316676,2008-08-28,TMAX,267
USC00317170,2012-09-12,TMIN,122
USR0000NNWB,2014-07-21,TMIN,222
USW00093719,2008-07-31,TMIN,228
USW00013754,2015-12-25,TMIN,194
USW00093719,2011-02-08,TMIN,22
USW00013754,2005-11-21,TMIN,133
USW00093719,2015-10-05,TMIN,172
USC00314684,2012-03-13,TMIN,22
USC00310576,2009-12-27,TMIN,50
USC00314684,2012-03-13,TMAX,222
USC00310576,2012-11-04,TMAX,189
USC00310576,2013-12-27,TMAX,72
USC00314684,2011-11-17,TMAX,283
USR0000NHOF,2015-07-27,TMIN,200
USW00093743,2007-11-26,TMIN,128
USC00317170,2011-05-14,TMAX,306
USC00314684,2011-11-17,TMIN,128
USC00315830,2007-03-23,TMAX,222
USC00317170,2015-11-08,TMIN,117
USC00317170,2007-11-17,TMAX,117
USW00093765,2011-04-05,TMAX,200
USR0000NHOF,2015-07-27,TMAX,328
USR0000NHOF,2015-06-06,TMAX,311
USW00013754,2009-06-06,TMIN,194
USW00093765,2011-04-05,TMIN,111
USC00316096,2010-10-28,TMAX,250
USC00316096,2010-10-28,TMIN,211
USW00013754,2009-06-06,TMAX,217
USC00314684,2015-09-10,TMIN,228
USW00093719,2015-10-05,TMAX,211
USW00093743,2013-12-10,TMAX,189
USW00093719,2010-10-12,TMIN,172
USC00310576,2009-12-27,TMAX,128
USW00093719,2009-06-18,TMIN,200
USC00314684,2015-09-10,TMAX,311
USR0000NHOF,2009-04-15,TMIN,94
USR0000NHOF,2009-04-15,TMAX,172
USW00093765,2009-10-21,TMAX,206
USW00093743,2007-11-26,TMAX,200
USW00093765,2006-02-08,TMIN,-21
USC00310356,2009-05-13,TMIN,144
USC00315830,2005-06-16,TMIN,239
USC00310356,2008-08-20,TMIN,183
USC00310576,2010-12-10,TMIN,-28
USC00316096,2014-04-01,TMAX,222
USC00316676,2011-04-15,TMIN,89
USC00316676,2011-04-15,TMAX,244
USC00317170,2007-05-03,TMAX,239
USR0000NCRN,2014-05-12,TMIN,211
USC00317170,2007-09-10,TMIN,200
USC00315830,2005-12-22,TMAX,94
USR0000NCRN,2007-06-05,TMAX,328
USC00316676,2007-03-31,TMIN,33
USW00093765,2010-11-05,TMIN,72
USC00314684,2011-01-04,TMAX,67
USC00310576,2010-12-30,TMIN,-17
USW00013754,2013-01-23,TMAX,50
USC00315830,2012-02-06,TMAX,122
USC00310356,2005-12-02,TMIN,50
USC00310576,2010-12-10,TMAX,67
USC00310356,2008-05-13,TMAX,189
USW00093765,2008-05-19,TMAX,239
USW00093765,2015-09-10,TMAX,294
USW00093719,2006-02-23,TMIN,44
USC00310356,2010-02-10,TMAX,128
USW00093765,2008-05-19,TMIN,167
USC00310576,2012-11-22,TMIN,67
USC00310356,2008-05-13,TMIN,89
USC00316096,2012-01-22,TMIN,33
USR0000NHOF,2011-02-17,TMIN,0
USR0000NCRN,2009-05-10,TMAX,272
USW00093765,2015-09-10,TMIN,267
USR0000NHOF,2011-02-17,TMAX,194
USC00314144,2010-12-27,TMIN,-50
USC00316096,2014-04-01,TMIN,17
USC00314144,2005-10-04,TMAX,294
USC00316676,2011-06-03,TMIN,200
USR0000NCRN,2007-06-05,TMIN,222
USC00316676,2009-05-02,TMAX,278
USW00093719,2007-03-22,TMIN,61
USC00317170,2007-05-03,TMIN,167
USC00315830,2009-12-05,TMAX,167
USC00317170,2012-06-21,TMIN,211
USC00314689,2010-02-04,TMAX,89
USW00093719,2011-02-08,TMAX,122
USC00317170,2012-06-21,TMAX,350
USC00310576,2012-04-03,TMAX,211
USC00314689,2010-02-04,TMIN,-17
USC00310576,2013-12-27,TMIN,17
USC00314684,2013-05-24,TMAX,272
USC00314684,2013-05-24,TMIN,178
USC00315830,2009-12-05,TMIN,122
USC00310356,2008-08-20,TMAX,306
USC00310576,2012-04-03,TMIN,39
USC00316096,2015-12-25,TMIN,194
USC00315830,2012-02-06,TMIN,44
USC00316676,2009-08-27,TMAX,317
USC00316676,2009-05-02,TMIN,167
USC00310356,2005-12-02,TMAX,200
USW00013754,2013-01-23,TMIN,-27
USR0000NNWB,2015-12-30,TMIN,183
USR0000NNWB,2015-12-30,TMAX,256
USC00316096,2015-12-25,TMAX,233
USC00316676,2007-03-31,TMAX,217
USW00093743,2011-08-01,TMAX,300
USC00317170,2007-09-10,TMAX,339
USC00310576,2010-12-30,TMAX,100
USC00316096,2014-06-02,TMIN,100
USC00316096,2012-01-22,TMAX,72
USC00314684,2009-04-16,TMAX,189
USC00314684,2009-04-16,TMIN,61
USW00093719,2013-10-21,TMAX,228
USC00317170,2010-02-09,TMIN,6
USW00093765,2010-02-09,TMAX,144
USR0000NHOF,2011-05-26,TMIN,211
USR0000NHOF,2014-03-26,TMAX,106
USC00316676,2014-10-27,TMAX,250
USC00316676,2014-10-27,TMIN,61
USC00314689,2015-04-04,TMAX,278
USC00316096,2010-06-12,TMIN,194
USC00314689,2011-06-11,TMAX,333
USC00310576,2013-10-27,TMIN,22
USC00316676,2013-11-06,TMAX,228
USC00317170,2008-12-29,TMIN,50
USC00316096,2012-08-04,TMIN,233
USC00310356,2009-09-02,TMAX,267
USC00314684,2011-03-25,TMAX,217
USC00310576,2014-12-31,TMAX,83
USC00314144,2009-07-28,TMAX,306
USC00316096,2010-06-12,TMAX,294
USC00314689,2011-10-02,TMAX,183
USC00314144,2008-01-21,TMAX,94
USW00093765,2011-01-12,TMIN,-5
USR0000NNWB,2014-12-03,TMIN,94
USC00314144,2008-04-05,TMIN,161
USC00316676,2013-12-09,TMIN,56
USC00310576,2014-12-31,TMIN,22
USW00093765,2006-09-07,TMAX,261
USC00315830,2015-11-09,TMAX,200
USC00315830,2015-11-09,TMIN,139
USR0000NCRN,2010-04-22,TMAX,239
USC00310356,2007-02-26,TMAX,144
USC00310356,2014-03-26,TMIN,6
USW00093765,2006-09-07,TMIN,189
USC00314684,2009-11-05,TMAX,206
USR0000NCRN,2008-01-27,TMIN,-17
USC00310576,2013-10-27,TMAX,183
USC00314144,2008-01-21,TMIN,-72
USW00013754,2015-08-07,TMAX,289
USC00310356,2009-09-02,TMIN,200
USW00093719,2008-01-29,TMIN,11
USC00310356,2005-03-19,TMIN,50
USW00093719,2014-06-21,TMAX,328
USW00093765,2013-12-01,TMIN,67
USR0000NCRN,2011-11-18,TMAX,106
USC00314684,2015-03-09,TMAX,211
USC00314684,2015-03-09,TMIN,28
USC00314144,2009-07-28,TMIN,206
USW00093719,2005-02-19,TMIN,-56
USC00310356,2005-03-19,TMAX,122
USR0000NHOF,2011-01-10,TMAX,-17
USW00093719,2005-02-19,TMAX,117
USC00316096,2013-06-22,TMIN,206
USW00013754,2015-08-07,TMIN,228
USR0000NCRN,2005-04-04,TMIN,94
USC00316096,2010-05-29,TMIN,189
USW00093719,2008-01-29,TMAX,189
USC00316676,2013-11-06,TMIN,106
USC00315830,2007-12-09,TMAX,222
USC00314689,2011-10-02,TMIN,78
USR0000NNWB,2014-12-03,TMAX,206
USW00093719,2014-06-21,TMIN,228
USC00316676,2007-04-30,TMIN,100
USC00314689,2010-06-19,TMAX,317
USW00093765,2013-12-01,TMAX,156
USR0000NCRN,2011-11-18,TMIN,-6
USC00316676,2012-12-17,TMAX,161
USC00310576,2015-01-06,TMIN,11
USC00314689,2010-06-19,TMIN,228
USC00310576,2015-01-06,TMAX,139
USC00310356,2007-02-03,TMIN,-22
USC00310576,2008-08-28,TMIN,228
USC00310356,2007-02-03,TMAX,100
USC00316096,2012-08-04,TMAX,306
USC00317170,2008-12-29,TMAX,167
USC00316676,2013-12-09,TMAX,72
USR0000NCRN,2005-09-30,TMIN,206
USC00316096,2013-06-04,TMAX,283
USW00093743,2010-07-05,TMIN,167
USC00316096,2013-06-04,TMIN,200
USC00317170,2012-07-30,TMIN,217
USW00093743,2007-07-04,TMAX,272
USC00310356,2014-03-26,TMAX,133
USW00093743,2007-07-04,TMIN,150
USC00317170,2013-05-24,TMAX,211
USC00310356,2007-11-26,TMAX,178
USC00316096,2012-10-30,TMAX,139
USW00013754,2010-05-02,TMIN,211
USC00316676,2009-02-02,TMAX,167
USC00316676,2009-02-02,TMIN,-17
USW00093719,2008-03-12,TMIN,44
USC00314144,2008-04-05,TMAX,206
USW00093719,2008-03-12,TMAX,194
USW00093719,2014-08-23,TMIN,233
USC00316676,2011-03-14,TMAX,261
USR0000NNWB,2006-12-23,TMIN,122
USR0000NNWB,2011-09-23,TMIN,211
USC00310576,2013-05-10,TMIN,133
USR0000NNWB,2006-12-23,TMAX,217
USC00314144,2006-09-09,TMAX,300
USC00310576,2009-07-03,TMIN,211
USC00317170,2010-04-02,TMAX,294
USC00317170,2010-04-02,TMIN,72
USC00314689,2013-06-22,TMAX,283
USC00315830,2008-06-23,TMAX,267
USC00315830,2008-06-23,TMIN,211
USW00093743,2007-12-31,TMIN,61
USW00093765,2014-01-27,TMIN,44
USC00317170,2012-07-30,TMAX,294
USC00314144,2006-09-09,TMIN,150
USC00314689,2013-06-04,TMIN,200
USW00013754,2008-10-11,TMIN,189
USC00314144,2010-08-15,TMAX,317
USC00314684,2010-08-24,TMAX,294
USW00093743,2009-06-13,TMAX,306
USC00314144,2006-06-12,TMIN,194
USW00013754,2008-10-11,TMAX,217
USC00314144,2006-06-12,TMAX,317
USW00093719,2010-10-14,TMAX,261
USC00314684,2010-08-24,TMIN,200
USC00314689,2013-06-04,TMAX,272
USR0000NCRN,2011-03-09,TMIN,61
USR0000NCRN,2007-07-04,TMAX,289
USW00093743,2009-06-13,TMIN,211
USC00316096,2012-10-30,TMIN,78
USR0000NCRN,2007-07-04,TMIN,144
USR0000NCRN,2005-09-30,TMAX,244
USC00315830,2011-11-21,TMAX,228
USC00317170,2013-05-24,TMIN,172
USW00093719,2006-12-06,TMAX,156
USC00316676,2011-03-14,TMIN,89
USC00314144,2010-08-15,TMIN,183
USW00013754,2010-05-02,TMAX,294
USR0000NNWB,2008-02-27,TMIN,6
USR0000NCRN,2011-03-09,TMAX,189
USW00093719,2006-12-06,TMIN,-11
USR0000NCRN,2014-07-21,TMAX,283
USC00316096,2014-02-01,TMIN,-33
USR0000NCRN,2014-02-07,TMIN,-6
USR0000NNWB,2007-12-22,TMIN,100
USC00315830,2011-11-21,TMIN,161
USR0000NNWB,2007-12-22,TMAX,183
USC00310356,2007-11-26,TMIN,83
USW00093719,2010-10-14,TMIN,133
USC00316096,2014-02-01,TMAX,150
USR0000NCRN,2014-07-21,TMIN,222
USR0000NHOF,2011-05-26,TMAX,300
USC00316096,2013-06-22,TMAX,261
USW00093719,2006-04-21,TMIN,100
USR0000NCRN,2012-01-08,TMAX,167
USC00314684,2005-06-09,TMIN,183
USC00316096,2010-11-17,TMIN,39
USC00315830,2007-12-09,TMIN,89
USC00316096,2010-06-14,TMAX,350
USC00314684,2011-03-08,TMIN,6
USC00314684,2005-06-09,TMAX,311
USR0000NHOF,2012-05-26,TMIN,200
USW00013754,2012-02-06,TMIN,44
USC00314684,2007-11-26,TMIN,-33
USC00315830,2015-02-05,TMAX,144
USR0000NHOF,2012-05-26,TMAX,283
USC00314684,2007-03-09,TMIN,-17
USW00013754,2015-11-20,TMIN,94
USC00315830,2015-02-05,TMIN,11
USC00316676,2010-04-30,TMIN,39
USC00316676,2005-10-22,TMAX,283
USC00316676,2005-10-22,TMIN,172
USC00314689,2011-04-15,TMIN,94
USC00314684,2012-05-25,TMAX,311
USC00314689,2013-10-24,TMAX,211
USR0000NHOF,2011-04-30,TMIN,83
USC00314684,2005-10-19,TMIN,106
USW00093719,2014-03-16,TMIN,44
USR0000NNWB,2012-04-13,TMAX,206
USR0000NCRN,2010-04-22,TMIN,111
USC00315830,2005-07-30,TMAX,339
USR0000NHOF,2011-04-30,TMAX,261
USC00316676,2013-05-25,TMAX,261
USC00314689,2015-04-04,TMIN,161
USC00314144,2009-02-18,TMAX,156
USR0000NNWB,2012-04-13,TMIN,28
USC00316676,2013-05-25,TMIN,94
USC00315830,2005-07-30,TMIN,228
USC00314689,2013-10-24,TMIN,33
USC00310576,2010-03-16,TMAX,172
USC00316096,2010-02-04,TMAX,72
USC00317170,2014-06-15,TMIN,189
USC00316096,2010-02-04,TMIN,-22
USC00310576,2014-07-08,TMIN,178
USW00013754,2009-10-01,TMAX,244
USR0000NNWB,2011-08-12,TMAX,300
USW00093765,2014-08-30,TMAX,300
USC00316096,2013-12-24,TMAX,156
USR0000NHOF,2006-02-22,TMIN,-11
USC00314684,2012-05-25,TMIN,189
USC00310576,2014-07-08,TMAX,328
USW00013754,2007-06-06,TMAX,300
USW00093743,2010-08-30,TMIN,178
USC00314684,2008-08-25,TMIN,172
USW00093743,2010-08-30,TMAX,322
USC00310576,2010-03-16,TMIN,72
USR0000NCRN,2012-01-08,TMIN,94
USW00093743,2012-05-26,TMIN,222
USW00093765,2014-08-30,TMIN,233
USC00316676,2010-04-30,TMAX,244
USC00314684,2007-11-26,TMAX,83
USC00314689,2014-02-01,TMAX,122
USR0000NCRN,2014-12-02,TMIN,67
USW00093743,2013-06-06,TMIN,211
USW00093743,2012-05-26,TMAX,283
USC00314689,2013-09-04,TMIN,189
USR0000NCRN,2014-12-02,TMAX,139
USW00093743,2013-06-06,TMAX,272
USR0000NHOF,2005-08-29,TMAX,294
USR0000NHOF,2005-08-29,TMIN,200
USC00314689,2014-02-01,TMIN,-50
USC00316096,2010-06-14,TMIN,228
USC00314689,2013-09-04,TMAX,294
USC00316676,2012-12-17,TMIN,122
USC00310356,2005-08-29,TMIN,244
USR0000NNWB,2014-08-20,TMAX,328
USC00317170,2010-05-31,TMAX,322
USR0000NHOF,2005-06-24,TMIN,144
USW00093765,2013-10-13,TMAX,267
USR0000NHOF,2011-12-16,TMAX,228
USC00314684,2009-11-05,TMIN,61
USC00316676,2012-11-03,TMAX,194
USR0000NHOF,2014-03-26,TMIN,-33
USW00013754,2015-11-20,TMAX,194
USC00310576,2009-03-14,TMIN,72
USC00316096,2010-12-22,TMAX,78
USC00316096,2010-12-22,TMIN,-28
USC00317170,2010-05-31,TMIN,211
USW00093719,2014-05-08,TMIN,178
USC00316676,2012-11-03,TMIN,28
USC00316096,2015-06-18,TMIN,222
USC00316096,2015-06-18,TMAX,311
USR0000NCRN,2005-04-04,TMAX,250
USR0000NNWB,2014-06-17,TMAX,344
USC00316676,2007-04-30,TMAX,272
USR0000NHOF,2011-01-10,TMIN,-39
USW00093719,2006-04-21,TMAX,278
USW00013754,2008-02-17,TMAX,217
USR0000NHOF,2005-05-18,TMAX,256
USC00316676,2009-10-05,TMIN,144
USW00093765,2013-10-13,TMIN,178
USR0000NHOF,2005-05-18,TMIN,50
USC00316096,2010-05-29,TMAX,261
USW00013754,2008-02-17,TMIN,61
USC00314689,2011-06-11,TMIN,222
USR0000NHOF,2011-12-16,TMIN,106
USC00317170,2009-06-28,TMIN,183
USC00310576,2008-08-28,TMAX,278
USC00317170,2009-06-28,TMAX,306
USC00310356,2005-08-29,TMAX,311
USW00093719,2014-05-08,TMAX,333
USC00314144,2009-02-18,TMIN,-22
USC00316676,2015-06-24,TMIN,256
USR0000NNWB,2011-04-19,TMAX,289
USC00316676,2009-10-05,TMAX,233
USW00093765,2015-12-07,TMIN,100
USC00314689,2011-04-15,TMAX,228
USR0000NHOF,2006-09-20,TMIN,139
USC00314689,2011-10-24,TMAX,206
USR0000NNWB,2014-06-17,TMIN,222
USR0000NHOF,2005-12-02,TMIN,-33
USR0000NNWB,2011-08-12,TMIN,250
USC00314684,2008-01-29,TMIN,-11
USC00314684,2008-01-29,TMAX,111
USC00316096,2010-11-17,TMAX,200
USR0000NHOF,2005-12-02,TMAX,111
USW00093719,2014-03-16,TMAX,150
USC00314689,2010-03-12,TMIN,133
USR0000NNWB,2011-04-19,TMIN,122
USC00310356,2005-03-23,TMIN,94
USR0000NHOF,2005-06-24,TMAX,283
USC00314689,2014-04-01,TMIN,39
USC00314684,2005-10-19,TMAX,272
USR0000NNWB,2014-08-20,TMIN,228
USW00093765,2011-01-12,TMAX,44
USW00093765,2015-12-07,TMAX,128
USC00310356,2005-03-23,TMAX,194
USC00316096,2013-12-24,TMIN,0
USC00310576,2005-07-05,TMAX,311
USC00314689,2011-10-24,TMIN,89
USC00310576,2005-07-05,TMIN,222
USC00314689,2010-03-12,TMAX,178
USC00316676,2015-06-24,TMAX,339
USC00310576,2009-03-14,TMAX,94
USC00314689,2014-04-01,TMAX,239
USC00316676,2005-03-12,TMIN,17
USC00316676,2009-12-06,TMIN,6
USC00316676,2009-05-03,TMAX,294
USC00315830,2008-07-13,TMIN,200
USC00314689,2008-04-05,TMAX,228
USC00314689,2008-04-05,TMIN,161
USW00093743,2012-03-04,TMIN,56
USW00093743,2012-03-04,TMAX,139
USR0000NNWB,2015-06-13,TMAX,356
USR0000NNWB,2009-07-08,TMIN,178
USR0000NNWB,2015-06-13,TMIN,239
USR0000NNWB,2009-07-08,TMAX,328
USR0000NHOF,2010-08-30,TMAX,333
USC00310356,2015-12-05,TMIN,61
USC00310356,2015-12-05,TMAX,200
USW00093719,2011-09-23,TMAX,294
USW00013754,2005-08-29,TMAX,300
USW00013754,2005-08-29,TMIN,233
USC00316676,2008-08-10,TMAX,278
USC00314684,2009-04-28,TMAX,317
USW00093765,2011-07-24,TMIN,283
USC00314684,2005-01-04,TMIN,72
USW00013754,2014-12-29,TMIN,78
USC00314144,2010-08-25,TMIN,178
USR0000NCRN,2015-10-09,TMAX,261
USW00093765,2011-07-24,TMAX,328
USW00093719,2005-05-28,TMIN,172
USW00013754,2009-05-31,TMIN,172
USC00314684,2005-01-04,TMAX,217
USC00317170,2010-09-19,TMIN,161
USC00317170,2010-09-19,TMAX,300
USR0000NCRN,2015-10-09,TMIN,133
USC00316096,2009-10-01,TMIN,94
USC00314684,2009-04-28,TMIN,111
USW00013754,2009-05-31,TMAX,300
USC00314684,2013-06-05,TMIN,161
USC00314684,2013-06-05,TMAX,283
USW00093719,2005-05-28,TMAX,306
USC00316096,2012-05-28,TMIN,211
USR0000NNWB,2006-12-07,TMIN,28
USC00314689,2009-01-16,TMAX,56
USR0000NHOF,2008-12-01,TMAX,139
USC00316676,2006-03-09,TMIN,17
USC00316096,2012-05-28,TMAX,283
USW00093743,2008-02-18,TMAX,183
USC00316676,2005-10-05,TMIN,217
USC00310356,2013-02-04,TMIN,6
USC00314689,2012-04-03,TMIN,50
USW00093743,2008-02-18,TMIN,128
USC00310356,2013-02-04,TMAX,111
USC00314689,2012-04-03,TMAX,239
USC00310576,2005-12-22,TMAX,83
USC00316676,2005-10-05,TMAX,278
USC00316096,2009-08-28,TMIN,222
USC00310576,2005-12-22,TMIN,-72
USW00013754,2014-12-29,TMAX,161
USR0000NCRN,2010-05-26,TMAX,244
USC00316676,2008-08-10,TMIN,183
USR0000NCRN,2010-05-26,TMIN,172
USW00013754,2011-02-25,TMAX,217
USC00314684,2012-05-28,TMAX,294
USC00316096,2009-10-01,TMAX,239
USR0000NHOF,2009-07-28,TMAX,306
USW00093765,2015-03-24,TMIN,67
USC00314684,2012-05-28,TMIN,206
USR0000NHOF,2009-07-28,TMIN,194
USW00093765,2015-03-24,TMAX,172
USR0000NNWB,2006-12-07,TMAX,178
USC00316676,2012-09-22,TMIN,144
USC00315830,2006-08-24,TMIN,200
USC00316676,2012-09-22,TMAX,261
USC00314689,2008-06-11,TMIN,233
USC00310356,2009-03-26,TMIN,61
USC00314144,2005-09-05,TMAX,300
USW00093719,2006-06-05,TMIN,161
USR0000NNWB,2010-04-02,TMAX,294
USC00314684,2010-09-22,TMIN,133
USW00093719,2006-06-05,TMAX,250
USC00314689,2012-09-12,TMAX,250
USC00315830,2007-12-20,TMAX,139
USC00314684,2008-11-26,TMIN,-39
USC00314684,2008-11-26,TMAX,133
USC00310576,2013-09-09,TMIN,150
USR0000NHOF,2011-06-22,TMAX,306
USC00315830,2007-12-20,TMIN,17
USC00310576,2013-09-09,TMAX,306
USW00093743,2013-02-04,TMIN,-21
USC00315830,2006-08-24,TMAX,294
USC00314689,2012-09-12,TMIN,117
USR0000NHOF,2011-06-22,TMIN,200
USC00314689,2012-06-21,TMIN,211
USC00317170,2015-12-02,TMIN,139
USC00314684,2008-03-25,TMAX,150
USC00316096,2013-06-05,TMAX,278
USC00314684,2008-03-25,TMIN,6
USR0000NCRN,2015-07-27,TMIN,211
USC00316096,2013-05-10,TMAX,272
USC00316096,2013-01-28,TMAX,144
USC00314689,2012-06-21,TMAX,344
USC00317170,2014-01-03,TMAX,106
USR0000NCRN,2011-08-22,TMAX,306
USC00317170,2015-12-02,TMAX,239
USR0000NNWB,2010-04-02,TMIN,89
USR0000NHOF,2013-02-04,TMAX,94
USW00093765,2006-02-26,TMIN,-21
USC00315830,2007-03-27,TMAX,222
USR0000NHOF,2013-02-04,TMIN,-56
USW00093765,2013-01-28,TMAX,133
USC00315830,2007-03-27,TMIN,161
USW00093765,2005-11-21,TMIN,122
USR0000NHOF,2007-05-25,TMAX,261
USC00314144,2010-08-25,TMAX,283
USC00316096,2014-11-03,TMAX,167
USR0000NCRN,2010-11-17,TMAX,200
USC00314689,2008-06-11,TMAX,367
USC00317170,2014-01-03,TMIN,-22
USW00093765,2012-09-30,TMIN,183
USW00013754,2005-11-17,TMIN,67
USW00093765,2006-02-26,TMAX,100
USC00316096,2009-08-28,TMAX,306
USC00314144,2010-03-16,TMIN,0
USC00314144,2005-05-30,TMAX,294
USC00310356,2009-03-26,TMAX,139
USC00314144,2005-09-05,TMIN,150
USC00314144,2010-03-16,TMAX,111
USW00093743,2013-02-04,TMAX,89
USC00315830,2008-07-13,TMAX,294
USC00310356,2008-12-20,TMAX,161
USW00093765,2005-11-21,TMAX,194
USC00316096,2009-10-23,TMIN,117
USC00310356,2015-10-09,TMIN,172
USR0000NNWB,2007-10-23,TMIN,172
USR0000NNWB,2007-10-23,TMAX,306
USC00310356,2015-10-09,TMAX,261
USC00316096,2014-11-03,TMIN,6
USC00316676,2012-12-05,TMAX,244
USC00316676,2007-05-14,TMAX,194
USC00314689,2010-05-31,TMIN,211
USR0000NCRN,2010-11-17,TMIN,39
USC00310356,2008-12-20,TMIN,128
USC00316676,2007-05-14,TMIN,83
USW00093765,2012-09-30,TMAX,244
USC00314689,2010-05-31,TMAX,311
USC00314144,2006-02-22,TMAX,156
USR0000NHOF,2008-12-01,TMIN,11
USW00093765,2013-01-28,TMIN,11
USC00310576,2014-10-28,TMIN,44
USC00310356,2006-01-25,TMIN,61
USR0000NCRN,2007-10-08,TMIN,194
USW00093719,2015-06-18,TMIN,239
USC00310356,2009-09-29,TMIN,167
USW00093719,2008-02-17,TMIN,39
USC00310356,2006-11-04,TMAX,206
USC00310576,2013-08-26,TMIN,144
USR0000NHOF,2014-05-12,TMIN,178
USR0000NHOF,2008-11-27,TMIN,-67
USW00093743,2012-09-18,TMAX,289
USR0000NCRN,2011-01-27,TMAX,100
USW00093719,2015-06-18,TMAX,350
USR0000NHOF,2007-03-03,TMIN,56
USW00093719,2008-02-17,TMAX,222
USR0000NHOF,2014-05-12,TMAX,328
USW00093743,2009-03-26,TMIN,106
USC00310576,2014-10-28,TMAX,250
USC00310356,2006-09-09,TMAX,267
USC00310576,2009-12-25,TMAX,122
USC00314684,2010-06-12,TMIN,167
USC00310576,2013-08-26,TMAX,272
USC00314684,2013-01-28,TMAX,44
USC00316676,2009-06-06,TMIN,194
USW00093743,2009-03-26,TMAX,172
USC00310356,2006-11-04,TMIN,44
USC00314144,2010-12-08,TMIN,-89
USC00310576,2010-10-18,TMAX,244
USC00316676,2006-03-09,TMAX,172
USC00310356,2008-07-29,TMAX,300
USR0000NNWB,2006-03-19,TMAX,128
USC00310576,2010-10-18,TMIN,61
USR0000NNWB,2006-03-19,TMIN,-6
USC00314684,2013-01-28,TMIN,-39
USC00310576,2009-05-09,TMAX,294
USR0000NNWB,2010-10-12,TMIN,183
USC00316096,2012-04-03,TMIN,28
USC00316676,2009-08-13,TMAX,294
USW00093765,2015-11-08,TMIN,133
USC00316096,2012-04-03,TMAX,206
USW00093743,2009-07-28,TMIN,261
USC00316096,2014-06-17,TMIN,206
USR0000NHOF,2007-03-03,TMAX,194
USW00093743,2009-07-28,TMAX,300
USW00093765,2015-02-02,TMIN,22
USC00317170,2015-07-23,TMIN,217
USC00310356,2006-01-25,TMAX,156
USC00317170,2015-07-23,TMAX,261
USR0000NHOF,2006-10-03,TMAX,272
USC00315830,2014-10-28,TMAX,244
USC00315830,2014-10-28,TMIN,94
USC00310576,2009-05-09,TMIN,183
USC00310576,2009-12-25,TMIN,17
USW00093743,2011-02-25,TMIN,100
USR0000NNWB,2010-10-12,TMAX,306
USC00316676,2009-07-30,TMIN,222
USC00316676,2009-08-13,TMIN,228
USC00314684,2010-01-28,TMIN,-11
USC00316096,2012-02-26,TMIN,-44
USC00315830,2010-11-02,TMAX,239
USW00093743,2012-09-18,TMIN,222
USC00314684,2010-01-28,TMAX,161
USC00310576,2010-11-30,TMAX,172
USC00316096,2012-02-26,TMAX,100
USW00093719,2013-01-23,TMAX,56
USW00093765,2015-02-02,TMAX,167
USC00316676,2009-07-30,TMAX,311
USW00093719,2013-01-23,TMIN,-44
USR0000NCRN,2011-01-27,TMIN,-17
USC00314144,2005-05-30,TMIN,139
USC00316676,2009-06-06,TMAX,283
USC00310356,2009-09-29,TMAX,267
USC00316676,2010-04-19,TMAX,206
USW00093743,2009-11-05,TMIN,61
USR0000NHOF,2015-07-20,TMAX,356
USW00093743,2009-11-05,TMAX,206
USR0000NCRN,2010-12-05,TMIN,-6
USR0000NHOF,2009-11-19,TMAX,239
USR0000NCRN,2008-10-22,TMIN,50
USC00316096,2010-07-22,TMIN,233
USR0000NHOF,2014-12-22,TMIN,61
USC00316096,2013-12-01,TMAX,133
USW00013754,2013-11-08,TMIN,28
USW00093719,2011-10-20,TMAX,189
USW00093765,2006-01-23,TMIN,106
USR0000NHOF,2009-05-31,TMAX,311
USC00316096,2010-07-22,TMAX,322
USR0000NHOF,2009-05-31,TMIN,144
USC00310576,2010-11-30,TMIN,22
USW00093743,2013-10-21,TMIN,111
USR0000NCRN,2008-10-22,TMAX,172
USC00314689,2009-01-16,TMIN,-72
USC00316676,2010-04-19,TMIN,61
USC00317170,2013-11-05,TMAX,228
USC00317170,2013-11-05,TMIN,72
USC00310576,2015-04-07,TMIN,72
USR0000NCRN,2010-12-05,TMAX,61
USC00314144,2006-02-22,TMIN,22
USW00093765,2012-08-04,TMAX,317
USW00093765,2012-08-04,TMIN,272
USC00315830,2010-11-02,TMIN,100
USW00013754,2007-01-05,TMAX,233
USC00315830,2015-11-02,TMAX,267
USW00093743,2013-10-21,TMAX,217
USW00013754,2007-01-05,TMIN,156
USR0000NCRN,2007-02-28,TMIN,117
USC00314689,2008-07-03,TMIN,172
USC00310356,2006-09-09,TMIN,189
USC00314144,2010-12-08,TMAX,33
USW00093765,2007-01-08,TMIN,83
USR0000NCRN,2007-10-08,TMAX,328
USC00314689,2008-07-03,TMAX,333
USC00314689,2009-09-05,TMAX,294
USW00093719,2014-03-26,TMIN,-21
USW00093719,2006-03-21,TMAX,78
USW00093719,2014-03-26,TMAX,94
USW00093765,2012-05-20,TMIN,161
USC00310356,2012-09-18,TMAX,272
USC00314689,2006-09-21,TMAX,239
USC00314689,2006-09-21,TMIN,111
USC00310356,2012-09-18,TMIN,217
USR0000NCRN,2007-02-28,TMAX,117
USR0000NHOF,2008-11-27,TMAX,161
USC00314684,2010-06-12,TMAX,333
USR0000NNWB,2007-10-11,TMIN,106
USW00093719,2006-03-21,TMIN,44
USC00314684,2010-05-10,TMIN,44
USC00314689,2009-09-05,TMIN,156
USR0000NNWB,2007-10-11,TMAX,239
USC00314684,2010-05-10,TMAX,200
USC00317170,2010-01-28,TMAX,167
USC00315830,2006-04-21,TMAX,250
USW00093765,2012-05-20,TMAX,239
USC00317170,2010-01-28,TMIN,11
USC00316096,2013-12-01,TMIN,61
USR0000NHOF,2015-07-20,TMIN,228
USR0000NHOF,2014-12-22,TMAX,94
USW00093765,2007-01-08,TMAX,206
USW00093719,2011-10-20,TMIN,94
USC00315830,2006-04-21,TMIN,217
USW00093765,2006-01-23,TMAX,183
USC00316096,2013-06-05,TMIN,167
USC00310576,2007-08-02,TMIN,178
USW00013754,2015-10-05,TMAX,222
USC00314144,2006-02-14,TMAX,139
USC00310576,2005-08-12,TMIN,228
USC00314689,2015-03-09,TMAX,211
USW00093765,2010-03-30,TMAX,194
USW00093765,2010-03-30,TMIN,111
USC00316676,2006-10-31,TMIN,72
USR0000NHOF,2011-03-06,TMIN,72
USC00315830,2009-08-01,TMAX,300
USC00310576,2006-02-12,TMAX,111
USR0000NNWB,2010-11-13,TMIN,17
USR0000NCRN,2013-12-07,TMAX,206
USC00316676,2005-01-29,TMIN,-56
USC00310356,2010-10-28,TMIN,222
USC00310356,2010-10-28,TMAX,256
USC00310576,2005-05-19,TMIN,128
USR0000NCRN,2011-12-16,TMIN,117
USC00316676,2006-10-31,TMAX,250
USW00093719,2012-04-03,TMIN,39
USC00314144,2008-10-09,TMAX,261
USR0000NCRN,2013-12-07,TMIN,56
USR0000NHOF,2015-09-08,TMAX,311
USR0000NHOF,2015-09-08,TMIN,206
USR0000NCRN,2007-11-18,TMAX,206
USC00310576,2006-09-17,TMAX,261
USR0000NNWB,2010-11-13,TMAX,200
USC00310576,2006-09-17,TMIN,172
USC00315830,2006-11-18,TMIN,33
USR0000NNWB,2006-10-24,TMAX,128
USC00316096,2015-02-25,TMAX,50
USR0000NNWB,2006-10-24,TMIN,6
USC00310356,2006-10-03,TMIN,122
USW00093719,2012-04-03,TMAX,239
USC00310356,2011-06-22,TMIN,244
USC00314684,2010-03-12,TMAX,172
USC00310576,2005-08-12,TMAX,322
USR0000NHOF,2009-09-02,TMAX,239
USW00013754,2010-06-28,TMAX,317
USW00013754,2010-06-28,TMIN,233
USC00310356,2012-01-08,TMAX,144
USR0000NCRN,2005-01-02,TMAX,217
USC00314689,2011-09-15,TMAX,317
USR0000NNWB,2005-03-05,TMAX,167
USC00310356,2012-01-08,TMIN,106
USC00316676,2009-08-18,TMIN,217
USC00314689,2006-03-25,TMAX,106
USC00314689,2011-09-15,TMIN,189
USC00314689,2006-03-25,TMIN,0
USC00316676,2010-02-04,TMAX,100
USC00316676,2010-02-04,TMIN,-17
USC00314689,2013-05-10,TMIN,139
USR0000NHOF,2006-01-25,TMIN,11
USC00316096,2012-01-06,TMAX,167
USC00316676,2011-11-17,TMAX,267
USC00314144,2005-12-02,TMAX,117
USW00093719,2013-05-10,TMAX,311
USR0000NHOF,2006-10-29,TMIN,-6
USR0000NHOF,2009-09-02,TMIN,161
USR0000NHOF,2006-10-29,TMAX,206
USC00315830,2006-11-18,TMAX,239
USW00093765,2015-08-28,TMAX,278
USC00316676,2011-11-17,TMIN,161
USW00093765,2014-12-17,TMAX,161
USC00316096,2012-01-06,TMIN,-22
USW00093743,2007-10-29,TMAX,183
USW00093719,2013-05-10,TMIN,144
USC00316096,2010-11-29,TMIN,17
USR0000NCRN,2011-10-07,TMIN,122
USR0000NCRN,2005-01-02,TMIN,56
USC00310356,2015-07-20,TMAX,294
USC00316676,2005-11-16,TMIN,156
USW00093719,2015-06-13,TMAX,350
USW00093719,2015-06-13,TMIN,239
USR0000NNWB,2007-05-24,TMIN,144
USC00310356,2006-10-03,TMAX,250
USC00314689,2014-06-02,TMIN,89
USW00013754,2010-12-04,TMAX,61
USC00310356,2013-12-13,TMAX,78
USW00093765,2014-03-26,TMIN,-16
USC00315830,2013-10-13,TMIN,200
USW00093765,2014-03-26,TMAX,89
USC00315830,2013-05-25,TMAX,272
USC00316676,2012-01-08,TMAX,217
USC00310576,2012-03-05,TMAX,122
USR0000NNWB,2007-05-24,TMAX,267
USC00315830,2006-06-05,TMAX,267
USC00310576,2006-02-12,TMIN,-17
USC00315830,2013-05-25,TMIN,111
USW00093765,2012-02-16,TMIN,28
USC00316676,2009-11-16,TMIN,67
USC00317170,2011-02-06,TMIN,50
USC00314144,2005-11-30,TMIN,106
USC00315830,2013-10-13,TMAX,272
USC00317170,2011-02-06,TMAX,156
USC00315830,2009-04-25,TMIN,111
USC00314689,2005-07-06,TMIN,244
USC00315830,2009-04-25,TMAX,244
USC00316676,2009-11-16,TMAX,217
USW00093765,2010-01-28,TMAX,133
USC00316096,2010-05-31,TMAX,283
USC00316096,2010-05-31,TMIN,194
USC00314684,2007-11-05,TMIN,17
USC00314684,2007-11-05,TMAX,194
USW00093719,2010-09-16,TMIN,183
USW00013754,2009-07-08,TMIN,172
USW00093765,2010-01-28,TMIN,17
USC00315830,2010-07-20,TMAX,311
USC00316676,2009-01-29,TMIN,72
USC00314689,2009-09-13,TMAX,294
USC00310356,2011-06-22,TMAX,294
USW00093743,2012-01-08,TMIN,83
USC00316096,2012-09-12,TMIN,122
USW00093765,2015-08-28,TMIN,217
USW00093765,2010-11-09,TMIN,56
USC00315830,2009-08-01,TMIN,256
USC00310356,2008-12-03,TMAX,156
USW00093765,2010-11-09,TMAX,189
USC00314689,2012-08-22,TMIN,206
USC00314684,2010-03-12,TMIN,111
USW00093719,2010-09-16,TMAX,311
USW00093743,2012-01-08,TMAX,178
USW00093765,2014-12-17,TMIN,83
USR0000NHOF,2011-03-06,TMAX,211
USC00314689,2012-08-22,TMAX,289
USC00315830,2006-06-05,TMIN,156
USR0000NCRN,2007-11-18,TMIN,50
USC00316676,2014-11-08,TMAX,178
USR0000NHOF,2006-08-25,TMIN,150
USR0000NHOF,2006-08-25,TMAX,306
USC00316096,2015-02-25,TMIN,-44
USC00315830,2012-12-20,TMAX,194
USR0000NCRN,2011-12-16,TMAX,228
USC00315830,2012-12-20,TMIN,61
USC00310576,2005-05-19,TMAX,217
USC00314689,2014-06-02,TMAX,267
USW00093719,2011-04-05,TMAX,217
USC00316676,2005-01-29,TMAX,11
USC00316676,2014-11-08,TMIN,33
USC00316096,2012-09-12,TMAX,261
USC00315830,2010-07-20,TMIN,267
USW00093719,2011-04-05,TMIN,78
USC00310576,2012-03-05,TMIN,11
USW00013754,2010-12-04,TMIN,6
USW00013754,2013-09-13,TMIN,217
USC00310356,2015-07-20,TMIN,256
USC00314689,2007-02-08,TMAX,111
USC00314684,2011-10-24,TMAX,206
USW00093719,2011-09-23,TMIN,211
USW00093765,2011-11-25,TMAX,172
USC00314684,2012-09-30,TMIN,150
USW00013754,2005-11-17,TMAX,217
USC00317170,2010-03-12,TMIN,139
USC00314684,2012-09-30,TMAX,228
USC00317170,2010-12-27,TMIN,-11
USR0000NNWB,2009-06-03,TMAX,317
USC00315830,2012-06-17,TMIN,167
USR0000NHOF,2006-11-04,TMIN,-61
USR0000NHOF,2006-11-04,TMAX,111
USC00315830,2012-06-17,TMAX,256
USC00310356,2005-02-16,TMAX,183
USW00013754,2008-06-21,TMAX,256
USC00317170,2010-03-12,TMAX,172
USW00093765,2011-11-25,TMIN,17
USW00093719,2011-05-13,TMIN,178
USC00317170,2009-08-02,TMAX,311
USC00317170,2010-12-27,TMAX,44
USR0000NNWB,2009-06-03,TMIN,194
USR0000NHOF,2011-10-08,TMAX,239
USC00315830,2009-12-23,TMIN,-17
USC00316096,2009-10-23,TMAX,256
USC00315830,2013-06-22,TMIN,228
USC00314684,2011-10-24,TMIN,78
USC00315830,2013-06-22,TMAX,300
USC00316096,2014-01-27,TMAX,150
USR0000NHOF,2011-10-08,TMIN,83
USC00314144,2010-12-14,TMAX,6
USC00314689,2007-02-08,TMIN,-22
USC00314689,2011-07-29,TMIN,239
USC00315830,2011-10-06,TMIN,128
USC00316676,2006-07-20,TMIN,206
USC00316676,2012-12-05,TMIN,78
USR0000NCRN,2011-08-22,TMIN,211
USR0000NHOF,2007-12-13,TMIN,100
USR0000NHOF,2014-10-16,TMIN,111
USC00314684,2006-04-13,TMIN,67
USC00310356,2007-03-09,TMAX,144
USR0000NHOF,2007-12-13,TMAX,244
USC00317170,2011-09-22,TMIN,217
USC00310356,2007-03-09,TMIN,56
USC00314684,2006-04-13,TMAX,256
USC00314684,2008-10-09,TMIN,83
USR0000NNWB,2014-06-15,TMIN,206
USC00317170,2014-11-03,TMIN,-6
USC00316096,2013-05-10,TMIN,122
USW00013754,2011-02-25,TMIN,106
USC00317170,2014-11-03,TMAX,167
USR0000NNWB,2005-03-05,TMIN,39
USC00314684,2008-10-09,TMAX,256
USC00316096,2013-01-28,TMIN,-22
USW00013754,2008-02-18,TMIN,128
USC00310356,2005-02-16,TMIN,89
USC00310576,2013-09-04,TMAX,306
USC00310576,2013-03-01,TMAX,139
USC00310576,2013-09-04,TMIN,189
USW00013754,2008-02-18,TMAX,217
USC00314144,2010-12-30,TMIN,-67
USC00314144,2010-09-28,TMIN,183
USC00317170,2011-09-22,TMAX,300
USC00314684,2005-06-07,TMAX,311
USC00316676,2006-07-20,TMAX,328
USW00013754,2015-10-05,TMIN,178
USR0000NHOF,2014-10-16,TMAX,250
USC00310576,2013-03-01,TMIN,33
USC00314144,2010-09-28,TMAX,250
USC00316676,2005-11-16,TMAX,233
USC00310576,2012-08-18,TMIN,200
USC00316676,2008-10-27,TMAX,211
USR0000NHOF,2006-01-25,TMAX,117
USW00093719,2008-12-23,TMIN,-67
USR0000NHOF,2008-07-18,TMAX,306
USC00315830,2007-04-07,TMIN,33
USC00310356,2014-10-16,TMAX,250
USW00093743,2011-06-22,TMAX,300
USW00093719,2008-12-23,TMAX,83
USC00316096,2014-01-27,TMIN,50
USC00316676,2012-08-16,TMIN,211
USW00093743,2011-06-22,TMIN,228
USW00093719,2006-01-23,TMAX,217
USC00310356,2008-12-03,TMIN,11
USC00315830,2007-04-07,TMAX,194
USC00316676,2012-08-16,TMAX,311
USR0000NHOF,2008-07-18,TMIN,172
USW00093719,2006-01-23,TMIN,78
USC00315830,2009-12-10,TMIN,106
USW00093719,2009-07-03,TMIN,189
USC00316676,2009-08-18,TMAX,311
USC00315830,2013-06-05,TMAX,272
USC00314689,2013-05-10,TMAX,311
USC00317170,2010-07-10,TMIN,244
USC00315830,2013-06-05,TMIN,200
USC00314144,2005-12-02,TMIN,6
USW00093719,2009-07-03,TMAX,300
USC00310576,2012-09-18,TMIN,189
USC00314144,2010-12-14,TMIN,-61
USC00310576,2012-09-18,TMAX,272
USC00314144,2008-06-14,TMIN,100
USC00310576,2015-09-19,TMAX,272
USC00315830,2013-12-26,TMAX,106
USC00317170,2010-07-10,TMAX,339
USC00317170,2015-09-07,TMAX,333
USC00315830,2011-10-06,TMAX,244
USC00314684,2010-09-22,TMAX,294
USC00310356,2014-10-16,TMIN,156
USC00314684,2015-12-07,TMAX,161
USC00315830,2009-12-23,TMAX,106
USC00317170,2009-08-02,TMIN,233
USC00314684,2005-06-07,TMIN,217
USC00314144,2009-03-31,TMAX,206
USC00317170,2008-01-29,TMIN,22
USW00013754,2008-06-21,TMIN,183
USC00317170,2008-01-29,TMAX,189
USC00316676,2008-10-27,TMIN,61
USC00310576,2012-08-18,TMAX,317
USR0000NHOF,2015-10-09,TMAX,283
USR0000NCRN,2015-01-01,TMAX,106
USC00310576,2015-09-19,TMIN,183
USR0000NCRN,2015-01-01,TMIN,-39
USC00314689,2011-07-29,TMAX,378
USR0000NNWB,2014-06-15,TMAX,311
USC00314689,2007-12-12,TMIN,139
USW00013754,2013-09-13,TMAX,306
USC00314689,2007-12-12,TMAX,261
USR0000NCRN,2015-07-27,TMAX,300
USC00310576,2008-10-16,TMAX,300
USC00314144,2008-06-14,TMAX,289
USC00314144,2010-02-05,TMIN,28
USC00314144,2010-02-05,TMAX,172
USC00314684,2015-12-07,TMIN,50
USC00310576,2008-10-16,TMIN,122
USC00314689,2013-06-05,TMIN,161
USC00314689,2013-06-05,TMAX,283
USC00315830,2009-12-10,TMAX,211
USC00314144,2009-03-31,TMIN,-11
USR0000NHOF,2007-05-25,TMIN,72
USC00310576,2007-08-02,TMAX,317
USR0000NHOF,2015-10-09,TMIN,128
USC00310356,2008-07-29,TMIN,244
USR0000NHOF,2006-02-13,TMAX,67
USC00314684,2014-01-27,TMAX,111
USR0000NNWB,2006-07-29,TMIN,244
USC00310576,2007-02-13,TMAX,172
USC00317170,2012-07-18,TMIN,239
USW00013754,2012-12-04,TMAX,239
USC00314144,2007-09-28,TMAX,306
USW00093719,2007-06-06,TMIN,178
USW00013754,2014-03-26,TMIN,-16
USC00310576,2007-02-13,TMIN,-6
USC00310576,2015-02-05,TMAX,144
USW00093719,2007-06-06,TMAX,294
USR0000NNWB,2006-07-29,TMAX,333
USC00315830,2014-08-20,TMAX,306
USC00314684,2014-11-03,TMIN,-28
USC00314684,2014-11-03,TMAX,117
USW00013754,2014-03-26,TMAX,89
USC00310576,2015-11-04,TMAX,200
USC00314689,2012-01-06,TMIN,17
USW00093719,2010-12-13,TMIN,-33
USC00310356,2011-02-25,TMAX,156
USW00093719,2013-01-25,TMAX,17
USC00315830,2009-12-31,TMAX,133
USW00093719,2013-01-25,TMIN,-56
USR0000NHOF,2007-06-11,TMIN,111
USC00310576,2015-09-17,TMIN,117
USC00310576,2015-02-05,TMIN,0
USC00317170,2007-10-19,TMIN,217
USC00310576,2015-11-04,TMIN,161
USC00314689,2006-06-19,TMIN,200
USC00316096,2009-09-05,TMIN,167
USW00093719,2008-12-30,TMAX,167
USW00093719,2008-12-30,TMIN,11
USR0000NNWB,2006-03-21,TMAX,72
USR0000NHOF,2007-06-11,TMAX,256
USC00316096,2009-09-05,TMAX,289
USR0000NNWB,2005-12-25,TMAX,172
USR0000NNWB,2005-12-25,TMIN,83
USC00310356,2013-05-25,TMAX,272
USR0000NCRN,2010-03-16,TMAX,111
USW00093765,2008-08-19,TMIN,211
USW00093719,2010-05-29,TMIN,178
USC00316676,2010-08-10,TMAX,328
USW00093743,2012-08-07,TMAX,278
USC00314144,2007-12-19,TMIN,-56
USC00314684,2009-10-01,TMAX,233
USC00316676,2010-08-10,TMIN,228
USW00093743,2012-08-07,TMIN,239
USC00314689,2005-10-22,TMIN,172
USC00314684,2009-10-01,TMIN,78
USC00315830,2008-12-08,TMAX,100
USC00314684,2006-02-23,TMAX,133
USC00316676,2013-01-10,TMIN,72
USR0000NNWB,2006-03-21,TMIN,44
USR0000NNWB,2013-03-16,TMIN,111
USR0000NNWB,2013-03-16,TMAX,272
USC00315830,2014-08-20,TMIN,228
USC00310576,2012-02-25,TMAX,217
USC00310576,2012-02-25,TMIN,78
USR0000NNWB,2006-07-27,TMIN,233
USC00310356,2007-12-13,TMIN,44
USC00314684,2012-04-03,TMIN,39
USR0000NCRN,2010-03-16,TMIN,22
USC00314684,2012-04-03,TMAX,228
USW00093743,2008-12-03,TMAX,100
USW00093719,2010-05-29,TMAX,283
USC00317170,2007-10-19,TMAX,311
USW00093719,2010-12-13,TMAX,61
USC00317170,2012-07-18,TMAX,328
USC00314689,2012-01-06,TMAX,189
USW00093765,2008-08-19,TMAX,289
USC00314689,2006-01-20,TMIN,28
USC00314689,2006-06-19,TMAX,294
USC00310356,2011-02-25,TMIN,78
USW00093719,2009-07-08,TMAX,317
USC00314144,2005-08-26,TMAX,300
USC00317170,2015-02-02,TMIN,-33
USW00093743,2007-11-27,TMAX,211
USC00316676,2008-12-10,TMAX,194
USC00315830,2006-04-11,TMAX,217
USC00317170,2012-05-20,TMIN,106
USC00315830,2014-08-17,TMAX,306
USC00315830,2014-08-17,TMIN,233
USC00314684,2011-06-08,TMAX,322
USW00093743,2007-11-27,TMIN,100
USC00310576,2009-11-04,TMAX,200
USW00093743,2008-12-03,TMIN,-27
USC00310356,2012-05-31,TMIN,211
USC00317170,2015-02-02,TMAX,172
USC00310356,2009-04-03,TMAX,183
USC00315830,2006-04-11,TMIN,44
USW00093719,2009-07-08,TMIN,172
USC00314684,2005-02-14,TMIN,-11
USC00315830,2010-06-15,TMIN,233
USR0000NNWB,2010-06-28,TMAX,356
USC00315830,2010-06-15,TMAX,333
USR0000NNWB,2010-06-28,TMIN,244
USC00314684,2014-06-17,TMIN,200
USC00310576,2006-09-05,TMAX,278
USC00310576,2009-11-04,TMIN,72
USC00317170,2013-01-28,TMAX,128
USC00317170,2013-01-28,TMIN,-22
USC00314144,2005-08-26,TMIN,150
USC00310576,2008-03-26,TMIN,22
USC00317170,2012-05-20,TMAX,233
USC00310576,2008-03-26,TMAX,144
USC00315830,2008-12-07,TMAX,139
USC00310356,2012-05-31,TMAX,250
USC00314144,2008-05-24,TMAX,222
USW00093743,2014-07-08,TMIN,267
USC00314684,2007-02-08,TMIN,-33
USC00314684,2007-02-08,TMAX,122
USC00315830,2015-05-04,TMAX,239
USC00315830,2015-05-04,TMIN,117
USC00317170,2012-08-04,TMAX,333
USC00317170,2012-08-04,TMIN,217
USC00314144,2005-12-04,TMIN,50
USC00310356,2007-05-25,TMIN,167
USR0000NHOF,2007-03-09,TMAX,150
USC00314684,2013-12-24,TMAX,256
USR0000NHOF,2007-03-09,TMIN,-44
USR0000NNWB,2006-07-27,TMAX,333
USC00315830,2009-12-31,TMIN,39
USR0000NHOF,2006-11-20,TMAX,122
USR0000NHOF,2006-11-20,TMIN,0
USC00314144,2008-05-24,TMIN,100
USW00013754,2014-04-01,TMIN,28
USW00013754,2015-06-18,TMAX,339
USC00310576,2015-09-17,TMAX,278
USC00317170,2012-09-30,TMIN,161
USC00314684,2011-06-07,TMAX,322
USW00093765,2007-07-15,TMAX,283
USW00013754,2014-04-01,TMAX,244
USW00093765,2013-06-05,TMIN,194
USW00013754,2015-06-18,TMIN,222
USW00093765,2013-06-05,TMAX,267
USC00310576,2006-09-05,TMIN,211
USC00314144,2005-12-04,TMAX,222
USC00314684,2011-06-08,TMIN,211
USW00093765,2007-07-15,TMIN,228
USC00317170,2009-04-17,TMAX,217
USC00317170,2010-03-30,TMIN,122
USC00317170,2010-03-30,TMAX,211
USW00093743,2009-04-03,TMAX,233
USR0000NCRN,2011-07-21,TMAX,311
USC00310356,2009-11-05,TMAX,228
USW00013754,2009-06-10,TMAX,294
USC00310576,2006-07-25,TMIN,222
USC00314144,2008-09-19,TMIN,133
USR0000NHOF,2005-10-25,TMAX,156
USC00316676,2010-03-17,TMAX,117
USW00013754,2009-06-10,TMIN,183
USR0000NNWB,2014-04-01,TMAX,267
USC00314684,2015-03-11,TMAX,250
USW00093765,2010-07-10,TMIN,239
USR0000NNWB,2015-06-18,TMAX,361
USC00314144,2008-03-11,TMAX,189
USW00093765,2010-07-10,TMAX,300
USC00314144,2008-09-19,TMAX,250
USC00314684,2007-05-03,TMAX,328
USC00310356,2014-12-22,TMIN,-11
USR0000NNWB,2007-06-01,TMIN,144
USC00314684,2015-03-11,TMIN,106
USC00316676,2005-10-03,TMIN,161
USC00316676,2013-01-10,TMAX,228
USR0000NCRN,2005-03-23,TMIN,161
USR0000NHOF,2008-02-18,TMAX,211
USW00013754,2011-12-12,TMAX,150
USR0000NCRN,2005-03-23,TMAX,211
USC00316676,2011-08-06,TMAX,339
USC00316676,2005-10-03,TMAX,272
USC00310576,2006-07-25,TMAX,289
USW00093765,2015-07-23,TMIN,222
USR0000NHOF,2008-02-18,TMIN,117
USW00013754,2009-01-27,TMIN,39
USR0000NCRN,2006-10-29,TMAX,222
USR0000NHOF,2005-10-25,TMIN,78
USW00013754,2009-01-27,TMAX,106
USC00314684,2007-05-03,TMIN,167
USW00093719,2008-09-23,TMIN,161
USC00314684,2005-01-30,TMAX,61
USC00314684,2011-03-19,TMIN,89
USC00314684,2012-01-22,TMAX,206
USW00013754,2006-12-06,TMIN,-10
USC00314144,2008-09-06,TMIN,222
USC00317170,2015-12-25,TMAX,261
USW00013754,2006-12-06,TMAX,156
USC00317170,2009-11-15,TMAX,217
USW00093765,2015-08-07,TMIN,233
USW00013754,2009-07-03,TMAX,300
USC00317170,2009-11-15,TMIN,61
USW00013754,2009-07-03,TMIN,194
USC00314684,2015-01-30,TMAX,89
USC00317170,2015-12-25,TMIN,206
USC00314144,2008-09-06,TMAX,300
USW00093765,2008-01-29,TMAX,161
USC00314689,2007-01-11,TMIN,22
USR0000NNWB,2015-06-18,TMIN,233
USW00093765,2015-08-07,TMAX,272
USW00093765,2015-07-23,TMAX,289
USC00316676,2010-06-20,TMAX,300
USC00316676,2010-06-20,TMIN,217
USC00310356,2014-12-22,TMAX,67
USC00310576,2015-03-02,TMAX,122
USC00310576,2015-03-02,TMIN,33
USC00314689,2007-01-11,TMAX,211
USR0000NHOF,2012-03-04,TMIN,0
USR0000NNWB,2007-06-01,TMAX,294
USC00316676,2010-03-17,TMIN,11
USC00314144,2008-03-11,TMIN,-11
USC00314684,2006-09-07,TMAX,228
USW00093719,2009-05-24,TMIN,172
USW00093719,2009-05-24,TMAX,272
USR0000NNWB,2014-04-01,TMIN,33
USC00314684,2006-09-07,TMIN,178
USC00310356,2007-12-13,TMAX,200
USW00093719,2008-09-23,TMAX,244
USC00316676,2014-08-23,TMAX,322
USC00315830,2014-05-08,TMAX,267
USC00315830,2014-05-08,TMIN,206
USC00310576,2009-02-11,TMIN,50
USC00316676,2013-03-08,TMAX,139
USC00315830,2006-02-20,TMAX,61
USC00310576,2009-09-15,TMIN,144
USC00310356,2007-03-03,TMIN,144
USR0000NHOF,2012-08-07,TMIN,222
USC00314684,2015-01-30,TMIN,-61
USR0000NHOF,2012-08-07,TMAX,289
USC00310356,2014-07-10,TMIN,267
USC00315830,2012-07-20,TMAX,306
USC00314684,2014-07-18,TMIN,172
USC00310576,2006-05-27,TMIN,200
USC00310356,2014-07-10,TMAX,300
USW00093719,2006-10-24,TMIN,17
USR0000NHOF,2014-07-08,TMIN,239
USC00316676,2011-08-06,TMIN,256
USC00310576,2009-09-15,TMAX,294
USC00310576,2011-11-21,TMIN,89
USW00093719,2013-06-05,TMAX,283
USW00093719,2013-06-05,TMIN,189
USC00310356,2009-11-05,TMIN,117
USR0000NHOF,2014-07-08,TMAX,350
USW00093743,2013-05-25,TMIN,89
USC00310576,2011-11-21,TMAX,250
USC00310576,2008-02-10,TMIN,39
USC00314684,2014-07-18,TMAX,300
USW00093743,2013-05-25,TMAX,228
USC00310576,2006-05-27,TMAX,306
USC00310576,2009-02-11,TMAX,222
USC00314144,2007-12-19,TMAX,139
USC00310576,2008-02-10,TMAX,206
USC00310576,2015-01-19,TMIN,22
USW00093719,2006-10-24,TMAX,128
USC00315830,2014-06-13,TMIN,217
USR0000NNWB,2011-12-28,TMIN,17
USR0000NCRN,2006-10-29,TMIN,39
USC00316676,2012-05-25,TMAX,306
USC00315830,2014-06-13,TMAX,289
USW00013754,2011-12-12,TMIN,61
USC00314684,2011-03-19,TMAX,300
USC00314684,2006-02-23,TMIN,67
USC00314144,2010-09-23,TMIN,167
USC00314144,2010-09-23,TMAX,317
USC00310576,2015-01-19,TMAX,172
USW00013754,2012-12-04,TMIN,72
USC00316676,2014-08-23,TMIN,233
USC00314689,2010-11-17,TMAX,189
USC00314689,2006-01-20,TMAX,183
USR0000NNWB,2011-12-28,TMAX,128
USC00314684,2005-01-30,TMIN,-61
USC00316676,2012-05-25,TMIN,200
USC00310576,2008-05-13,TMAX,200
USR0000NHOF,2008-07-29,TMAX,317
USC00315830,2006-02-20,TMIN,-6
USC00315830,2008-12-11,TMIN,167
USC00315830,2012-07-20,TMIN,261
USC00310356,2007-03-03,TMAX,189
USC00315830,2008-12-11,TMAX,194
USC00310576,2008-05-13,TMIN,94
USC00310356,2006-12-26,TMIN,117
USW00093765,2007-09-10,TMIN,244
USC00314689,2006-06-11,TMIN,183
USR0000NCRN,2011-07-21,TMIN,267
USR0000NHOF,2008-07-29,TMIN,244
USC00314689,2010-11-17,TMIN,150
USC00316676,2013-03-08,TMIN,17
USC00310356,2006-12-26,TMAX,189
USC00314689,2007-11-15,TMAX,256
USW00093743,2009-04-03,TMIN,167
USC00317170,2013-05-10,TMAX,311
USR0000NCRN,2008-11-18,TMIN,6
USC00310356,2006-11-20,TMIN,67
USC00314684,2010-07-22,TMAX,333
USC00314684,2013-05-10,TMIN,128
USR0000NHOF,2009-04-03,TMAX,256
USW00093719,2005-12-25,TMAX,172
USW00093719,2005-12-25,TMIN,89
USC00314684,2013-05-10,TMAX,283
USC00310576,2005-03-07,TMIN,33
USR0000NHOF,2012-05-31,TMIN,161
USR0000NHOF,2012-05-31,TMAX,317
USC00314684,2010-07-22,TMIN,217
USC00314684,2011-06-25,TMAX,339
USR0000NNWB,2010-12-09,TMIN,-50
USC00310576,2009-01-08,TMIN,72
USR0000NCRN,2013-05-25,TMAX,222
USW00093765,2015-12-25,TMAX,233
USC00316096,2009-09-13,TMAX,267
USC00315830,2015-11-02,TMIN,183
USC00315830,2014-05-10,TMAX,267
USC00316676,2010-02-09,TMIN,-33
USR0000NCRN,2007-11-01,TMIN,144
USC00316096,2009-09-13,TMIN,172
USR0000NHOF,2009-04-03,TMIN,144
USC00310356,2012-08-07,TMIN,256
USR0000NCRN,2008-11-18,TMAX,72
USC00314684,2009-06-28,TMIN,178
USR0000NCRN,2007-11-01,TMAX,272
USW00093765,2013-05-10,TMIN,161
USW00013754,2005-12-18,TMIN,50
USW00013754,2005-12-18,TMAX,72
USR0000NCRN,2012-11-04,TMIN,17
USW00093765,2013-05-10,TMAX,244
USW00093765,2006-11-16,TMIN,133
USR0000NCRN,2013-05-25,TMIN,89
USR0000NCRN,2012-11-04,TMAX,211
USC00310356,2014-07-08,TMIN,211
USW00093765,2009-08-02,TMAX,294
USW00093765,2015-08-10,TMIN,189
USC00310356,2007-06-11,TMIN,178
USC00314144,2010-06-14,TMIN,222
USC00314689,2007-07-03,TMIN,211
USC00314684,2010-11-22,TMAX,211
USC00314144,2009-01-04,TMIN,22
USC00314144,2009-01-04,TMAX,172
USR0000NNWB,2006-06-05,TMIN,156
USC00316676,2012-06-23,TMIN,222
USW00093719,2008-10-27,TMIN,39
USR0000NNWB,2006-06-05,TMAX,256
USW00093765,2015-08-10,TMAX,283
USC00314689,2007-07-03,TMAX,278
USC00310356,2009-07-28,TMIN,261
USC00310356,2007-11-27,TMIN,83
USC00314689,2009-10-23,TMAX,256
USW00093765,2015-12-25,TMIN,194
USW00093765,2010-07-12,TMAX,300
USR0000NCRN,2013-02-04,TMAX,89
USR0000NNWB,2010-12-09,TMAX,61
USW00093719,2008-10-27,TMAX,222
USR0000NCRN,2013-02-04,TMIN,-39
USC00310356,2014-07-08,TMAX,294
USC00310356,2009-07-28,TMAX,294
USC00315830,2011-06-11,TMIN,233
USC00314684,2012-02-15,TMAX,144
USC00310356,2007-11-27,TMAX,189
USC00316676,2012-06-23,TMAX,339
USW00093743,2011-02-25,TMAX,172
USC00314684,2012-02-15,TMIN,22
USC00310356,2007-06-11,TMAX,283
USC00314144,2010-06-14,TMAX,350
USC00310576,2011-10-03,TMAX,200
USC00316676,2010-11-03,TMAX,167
USC00310576,2010-02-16,TMIN,17
USC00310576,2013-06-22,TMAX,289
USW00013754,2010-10-12,TMAX,294
USW00013754,2015-06-13,TMAX,350
USC00314144,2011-05-18,TMIN,106
USC00310576,2013-06-22,TMIN,194
USC00310576,2010-02-16,TMAX,161
USR0000NHOF,2006-02-13,TMIN,-89
USC00315830,2015-10-11,TMAX,211
USC00317170,2007-11-23,TMIN,150
USC00315830,2009-12-27,TMAX,133
USC00315830,2015-10-11,TMIN,156
USR0000NHOF,2012-09-18,TMAX,278
USC00314689,2005-03-24,TMAX,189
USW00093765,2007-03-14,TMIN,117
USC00310576,2009-01-08,TMAX,222
USW00013754,2015-06-13,TMIN,239
USC00316096,2014-06-17,TMAX,311
USW00013754,2007-10-16,TMIN,111
USR0000NCRN,2010-07-25,TMIN,261
USR0000NCRN,2011-08-20,TMAX,311
USC00316676,2010-11-03,TMIN,83
USR0000NCRN,2011-08-20,TMIN,217
USR0000NCRN,2010-07-25,TMAX,322
USC00315830,2011-06-11,TMAX,289
USC00314144,2011-05-18,TMAX,250
USC00314684,2014-01-27,TMIN,-50
USR0000NHOF,2006-10-03,TMIN,56
USC00310576,2005-03-07,TMAX,206
USW00013754,2007-10-16,TMAX,256
USW00013754,2013-11-08,TMAX,144
USW00013754,2005-02-19,TMIN,-56
USC00315830,2005-07-25,TMAX,300
USC00314684,2006-06-11,TMIN,172
USC00315830,2005-07-25,TMIN,206
USW00093765,2007-03-14,TMAX,211
USC00316676,2010-02-09,TMAX,100
USC00316676,2014-01-05,TMIN,-6
USW00093765,2006-11-16,TMAX,239
USW00093765,2012-04-03,TMAX,217
USW00093765,2012-04-03,TMIN,50
USW00093719,2014-04-01,TMAX,267
USC00314144,2005-02-09,TMAX,200
USC00314684,2009-06-28,TMAX,322
USC00314684,2011-06-25,TMIN,233
USC00310356,2012-08-07,TMAX,306
USC00316676,2014-01-05,TMAX,94
USC00314684,2006-06-11,TMAX,306
USC00310576,2011-10-03,TMIN,56
USC00315830,2014-05-10,TMIN,211
USC00314689,2005-03-24,TMIN,106
USW00093765,2012-07-18,TMAX,311
USW00013754,2005-02-19,TMAX,117
USR0000NHOF,2009-11-19,TMIN,167
USC00315830,2009-12-27,TMIN,50
USW00093765,2012-07-18,TMIN,272
USR0000NHOF,2012-09-18,TMIN,200
USW00093743,2009-09-29,TMAX,239
USW00093743,2009-09-29,TMIN,139
USC00314144,2005-02-09,TMIN,56
USC00310576,2007-08-24,TMAX,317
USC00310356,2006-11-20,TMAX,139
USW00013754,2010-10-12,TMIN,172
USW00093765,2011-01-26,TMAX,156
USW00013754,2013-03-16,TMAX,244
USW00093765,2011-01-26,TMIN,67
USW00093765,2010-07-12,TMIN,222
USW00013754,2013-03-16,TMIN,117
USW00093719,2014-04-01,TMIN,28
USC00317170,2013-05-10,TMIN,144
USW00093719,2007-06-27,TMIN,194
USC00317170,2007-11-23,TMAX,250
USR0000NHOF,2006-12-26,TMIN,83
USC00314689,2009-02-08,TMAX,222
USC00314689,2007-09-03,TMAX,311
USR0000NHOF,2006-12-26,TMAX,189
USC00314689,2007-09-03,TMIN,161
USC00314144,2008-07-05,TMIN,217
USC00315830,2008-12-16,TMAX,206
USC00314144,2008-07-05,TMAX,300
USC00314684,2005-02-14,TMAX,200
USC00310576,2014-10-16,TMIN,133
USC00314144,2009-09-07,TMAX,217
USC00310576,2014-10-16,TMAX,261
USC00310576,2013-10-21,TMIN,83
USR0000NHOF,2014-07-10,TMAX,322
USC00314689,2009-02-08,TMIN,83
USC00314689,2013-12-01,TMAX,122
USR0000NHOF,2014-07-10,TMIN,211
USW00093743,2008-07-29,TMAX,239
USC00317170,2013-06-05,TMAX,267
USC00314689,2009-03-12,TMAX,278
USC00314684,2007-10-26,TMIN,211
USC00317170,2012-04-03,TMIN,39
USR0000NNWB,2014-03-26,TMIN,-17
USC00315830,2006-04-16,TMAX,278
USC00315830,2008-12-16,TMIN,17
USR0000NNWB,2014-03-26,TMAX,94
USW00093719,2015-08-26,TMIN,211
USC00317170,2012-09-30,TMAX,228
USC00315830,2006-04-16,TMIN,172
USC00310576,2012-04-13,TMAX,172
USC00314689,2009-03-12,TMIN,117
USC00310576,2012-04-13,TMIN,17
USC00314684,2010-11-25,TMAX,167
USC00317170,2013-06-05,TMIN,161
USC00314689,2013-12-01,TMIN,33
USC00310576,2013-10-21,TMAX,206
USW00093743,2008-07-29,TMIN,200
USW00093765,2007-09-10,TMAX,300
USW00093765,2008-04-16,TMIN,61
USC00315830,2008-12-07,TMIN,28
USC00315830,2014-07-21,TMIN,233
USW00093743,2014-05-12,TMAX,272
USC00314689,2009-08-28,TMAX,333
USR0000NNWB,2013-06-05,TMAX,289
USC00315830,2014-07-21,TMAX,294
USC00314684,2013-12-24,TMIN,44
USW00093765,2008-04-16,TMAX,178
USC00314684,2014-06-17,TMAX,339
USR0000NCRN,2005-12-02,TMAX,133
USC00316676,2008-12-10,TMIN,6
USR0000NNWB,2013-06-05,TMIN,183
USW00093743,2012-05-31,TMIN,194
USR0000NCRN,2005-12-02,TMIN,6
USC00314689,2009-08-28,TMIN,217
USC00314144,2009-02-27,TMIN,11
USW00093743,2007-06-11,TMAX,261
USC00314144,2009-02-27,TMAX,194
USW00093743,2012-05-31,TMAX,306
USC00314684,2007-10-26,TMAX,278
USW00093743,2007-06-11,TMIN,161
USW00093765,2010-09-10,TMAX,278
USC00310356,2006-08-25,TMAX,289
USW00093765,2010-09-10,TMIN,183
USC00316676,2009-03-28,TMAX,222
USC00317170,2009-04-17,TMIN,28
USW00093743,2014-07-08,TMAX,311
USW00093743,2014-05-12,TMIN,211
USW00093765,2009-02-02,TMIN,28
USC00316676,2009-03-28,TMIN,144
USW00093765,2015-11-08,TMAX,189
USC00317170,2012-04-03,TMAX,233
USR0000NNWB,2009-07-03,TMAX,306
USC00317170,2015-09-07,TMIN,217
USC00314689,2009-04-16,TMAX,172
USW00093719,2013-03-16,TMIN,100
USW00093765,2009-08-02,TMIN,228
USC00315830,2007-10-12,TMIN,100
USR0000NHOF,2015-12-05,TMIN,0
USW00093765,2009-02-02,TMAX,144
USC00314684,2011-06-07,TMIN,161
USW00093719,2013-03-16,TMAX,272
USC00315830,2007-10-12,TMAX,250
USC00310576,2013-05-25,TMIN,94
USC00310576,2013-05-25,TMAX,256
USC00316096,2010-04-08,TMAX,217
USC00315830,2013-09-04,TMIN,211
USC00314689,2009-04-16,TMIN,67
USC00310576,2015-09-21,TMAX,300
USW00013754,2011-09-06,TMIN,261
USR0000NHOF,2015-12-05,TMAX,172
USW00093765,2007-03-13,TMIN,56
USW00013754,2005-12-25,TMAX,178
USW00013754,2005-12-25,TMIN,67
USC00314689,2009-10-23,TMIN,106
USW00093719,2007-06-27,TMAX,317
USC00310576,2010-08-15,TMIN,194
USW00013754,2010-12-07,TMIN,-49
USC00310576,2010-08-15,TMAX,311
USW00093765,2007-09-04,TMAX,306
USR0000NHOF,2009-03-26,TMIN,94
USW00013754,2010-12-07,TMAX,17
USW00013754,2011-09-06,TMAX,317
USC00314684,2010-11-25,TMIN,6
USW00093765,2007-09-04,TMIN,206
USR0000NHOF,2009-03-26,TMAX,167
USC00310356,2007-05-25,TMAX,256
USC00314144,2009-09-07,TMIN,206
USC00316096,2010-04-08,TMIN,161
USC00314144,2010-07-09,TMIN,200
USW00093765,2007-03-13,TMAX,200
USR0000NHOF,2007-11-27,TMAX,211
USC00316676,2005-12-30,TMIN,6
USW00013754,2008-06-09,TMIN,228
USR0000NHOF,2009-09-29,TMAX,233
USC00315830,2008-08-11,TMIN,183
USW00013754,2012-02-02,TMAX,222
USC00310576,2015-09-21,TMIN,183
USW00093719,2015-08-26,TMAX,306
USC00314144,2010-07-09,TMAX,339
USR0000NNWB,2009-07-03,TMIN,194
USR0000NHOF,2009-09-29,TMIN,83
USW00013754,2008-06-09,TMAX,361
USC00316676,2005-12-30,TMAX,161
USC00310576,2015-04-07,TMAX,233
USW00093719,2014-06-15,TMAX,300
USW00013754,2013-06-05,TMIN,172
USW00093743,2007-12-13,TMIN,122
USC00315830,2013-09-04,TMAX,300
USW00093743,2007-12-13,TMAX,194
USW00093719,2014-06-15,TMIN,206
USW00013754,2010-04-02,TMIN,72
USC00314684,2010-11-22,TMIN,33
USC00315830,2008-08-11,TMAX,289
USW00013754,2012-02-02,TMIN,67
USW00013754,2010-04-02,TMAX,256
USC00310576,2007-08-24,TMIN,211
USR0000NCRN,2014-07-06,TMAX,278
USW00013754,2013-06-05,TMAX,272
USR0000NCRN,2014-07-06,TMIN,150
USR0000NHOF,2007-11-27,TMIN,17
USC00310356,2006-08-25,TMIN,189
USC00314144,2008-09-22,TMAX,250
USC00314144,2008-09-22,TMIN,150
USR0000NCRN,2006-02-22,TMAX,256
USC00315830,2014-12-18,TMAX,161
USC00316676,2010-06-29,TMIN,233
USW00013754,2009-05-23,TMIN,156
USW00013754,2012-12-20,TMAX,206
USR0000NCRN,2014-02-02,TMIN,61
USW00013754,2009-05-23,TMAX,272
USR0000NCRN,2008-10-07,TMAX,233
USC00310356,2013-06-05,TMAX,289
USC00314689,2009-02-09,TMIN,56
USC00310356,2013-06-05,TMIN,133
USC00314689,2012-01-15,TMAX,72
USC00310576,2015-05-02,TMAX,189
USC00310576,2015-05-02,TMIN,89
USC00317170,2007-05-31,TMIN,144
USW00093719,2015-07-23,TMAX,272
USR0000NCRN,2008-03-25,TMAX,144
USW00013754,2012-12-20,TMIN,50
USW00093719,2005-08-29,TMAX,311
USC00310356,2010-08-15,TMAX,322
USC00310356,2010-08-15,TMIN,244
USC00310356,2008-12-01,TMAX,178
USW00093765,2006-02-23,TMAX,117
USC00310356,2008-12-01,TMIN,122
USC00316676,2015-03-21,TMAX,183
USC00315830,2014-08-30,TMAX,300
USC00316676,2007-07-09,TMIN,211
USW00013754,2014-05-27,TMIN,211
USC00314689,2015-01-10,TMIN,-44
USW00093719,2015-08-07,TMAX,300
USW00013754,2014-05-27,TMAX,294
USW00093719,2005-08-29,TMIN,233
USW00093765,2006-02-23,TMIN,72
USC00317170,2007-07-15,TMAX,300
USC00317170,2007-07-15,TMIN,222
USC00314144,2005-03-23,TMAX,233
USC00314144,2005-03-23,TMIN,111
USC00317170,2015-12-07,TMAX,117
USC00317170,2007-05-31,TMAX,300
USR0000NHOF,2012-07-22,TMIN,217
USW00093765,2014-06-17,TMAX,294
USW00093719,2013-01-14,TMAX,261
USW00093719,2010-04-02,TMAX,272
USR0000NCRN,2008-10-07,TMIN,117
USR0000NCRN,2014-02-02,TMAX,178
USC00314144,2005-04-04,TMIN,67
USC00310356,2008-11-27,TMAX,111
USC00314144,2005-04-04,TMAX,250
USC00317170,2011-03-26,TMIN,67
USW00093765,2014-06-17,TMIN,250
USC00315830,2015-05-08,TMIN,194
USW00093743,2010-08-15,TMAX,294
USW00093765,2008-12-29,TMAX,167
USW00093719,2010-04-02,TMIN,72
USW00093765,2008-12-29,TMIN,44
USW00093719,2015-08-07,TMIN,222
USC00315830,2014-12-18,TMIN,44
USC00315830,2014-08-30,TMIN,222
USC00314689,2009-02-09,TMAX,222
USC00316676,2007-07-09,TMAX,300
USW00093743,2013-06-05,TMAX,278
USR0000NNWB,2008-03-12,TMAX,206
USW00093719,2015-07-23,TMIN,228
USW00093743,2013-06-05,TMIN,194
USC00316676,2010-06-29,TMAX,339
USC00310356,2008-03-25,TMIN,33
USC00314684,2012-07-29,TMIN,206
USR0000NNWB,2008-03-12,TMIN,56
USC00310356,2008-03-25,TMAX,128
USR0000NNWB,2011-01-27,TMIN,-11
USC00310356,2008-11-27,TMIN,33
USC00314144,2010-04-30,TMIN,133
USC00314689,2014-12-04,TMIN,94
USW00013754,2013-01-28,TMAX,156
USC00314684,2006-01-20,TMAX,167
USR0000NCRN,2005-03-14,TMAX,94
USC00316096,2015-03-09,TMAX,172
USR0000NHOF,2009-11-05,TMAX,200
USW00013754,2013-01-28,TMIN,-16
USR0000NHOF,2009-11-29,TMIN,0
USR0000NNWB,2008-06-21,TMIN,189
USW00013754,2005-03-06,TMIN,-11
USW00093719,2011-08-05,TMAX,344
USW00093719,2013-05-25,TMIN,100
USR0000NNWB,2008-06-21,TMAX,256
USW00093719,2013-05-25,TMAX,233
USW00013754,2005-03-06,TMAX,139
USC00310356,2010-05-26,TMIN,200
USC00314689,2012-02-26,TMIN,-22
USR0000NCRN,2005-03-14,TMIN,-6
USR0000NHOF,2007-02-21,TMIN,83
USR0000NNWB,2007-01-05,TMIN,167
USR0000NNWB,2007-01-05,TMAX,233
USR0000NNWB,2011-09-06,TMIN,272
USR0000NHOF,2009-11-05,TMIN,22
USW00093743,2013-09-04,TMIN,211
USC00315830,2013-11-11,TMAX,211
USW00093719,2006-07-29,TMAX,328
USR0000NNWB,2011-09-06,TMAX,322
USC00316096,2012-08-22,TMAX,283
USR0000NCRN,2008-07-20,TMIN,233
USC00316096,2012-08-22,TMIN,211
USR0000NCRN,2008-07-20,TMAX,294
USW00093719,2006-07-29,TMIN,244
USW00093743,2014-01-30,TMIN,-49
USR0000NCRN,2009-02-26,TMAX,178
USW00093743,2013-08-26,TMIN,183
USC00314684,2006-01-20,TMIN,-6
USW00093719,2013-09-04,TMAX,306
USC00310356,2010-05-26,TMAX,283
USC00314689,2012-02-26,TMAX,117
USC00314684,2013-12-01,TMAX,122
USC00314144,2010-04-30,TMAX,267
USR0000NHOF,2009-11-29,TMAX,194
USC00314684,2013-12-01,TMIN,-6
USC00310576,2005-01-16,TMIN,33
USC00310356,2013-08-26,TMAX,278
USW00093719,2012-08-04,TMIN,228
USC00310356,2013-08-26,TMIN,183
USW00013754,2008-08-15,TMIN,183
USW00013754,2008-08-15,TMAX,289
USC00314689,2014-12-04,TMAX,178
USW00093743,2013-08-26,TMAX,283
USR0000NCRN,2009-02-26,TMIN,11
USW00093719,2013-09-04,TMIN,200
USR0000NNWB,2011-01-16,TMIN,-28
USC00310576,2005-01-16,TMAX,56
USW00093719,2012-05-20,TMAX,233
USW00093719,2012-05-20,TMIN,128
USW00093719,2012-08-04,TMAX,328
USC00317170,2011-06-25,TMAX,339
USR0000NNWB,2011-01-27,TMAX,100
USW00013754,2007-10-23,TMAX,289
USC00317170,2011-06-25,TMIN,244
USR0000NNWB,2006-06-11,TMAX,328
USC00314684,2012-07-29,TMAX,333
USC00316676,2012-08-19,TMIN,222
USC00316676,2012-08-19,TMAX,311
USW00093743,2011-05-30,TMAX,311
USR0000NNWB,2006-06-11,TMIN,189
USC00314689,2015-01-10,TMAX,111
USW00013754,2007-10-23,TMIN,172
USW00093765,2014-10-28,TMAX,256
USC00315830,2014-04-08,TMIN,178
USR0000NCRN,2012-09-23,TMIN,161
USR0000NHOF,2015-02-05,TMAX,117
USC00314684,2009-09-05,TMIN,150
USC00316676,2008-04-24,TMIN,133
USC00310356,2005-11-11,TMAX,228
USR0000NCRN,2005-04-22,TMAX,239
USR0000NCRN,2013-09-09,TMAX,300
USC00315830,2006-08-16,TMAX,317
USC00315830,2006-08-16,TMIN,200
USC00314689,2010-06-14,TMAX,350
USC00314689,2010-01-28,TMIN,-6
USC00314689,2010-06-14,TMIN,239
USW00093743,2013-12-13,TMAX,100
USC00314689,2010-01-28,TMAX,156
USC00316096,2011-06-25,TMIN,250
USR0000NCRN,2013-09-09,TMIN,189
USR0000NNWB,2007-11-09,TMAX,144
USR0000NCRN,2005-04-22,TMIN,122
USW00013754,2005-07-19,TMAX,322
USW00093719,2005-06-21,TMIN,133
USC00314684,2015-07-23,TMAX,317
USR0000NNWB,2013-05-25,TMAX,233
USC00314689,2005-08-09,TMAX,300
USC00314684,2009-09-05,TMAX,278
USC00315830,2011-07-22,TMAX,317
USC00315830,2005-07-24,TMAX,317
USC00314689,2011-08-23,TMAX,306
USC00317170,2015-08-28,TMIN,194
USC00314689,2005-08-09,TMIN,228
USC00314689,2011-08-23,TMIN,206
USW00093743,2011-04-30,TMIN,139
USC00317170,2015-08-28,TMAX,272
USR0000NHOF,2014-01-30,TMIN,-78
USC00314684,2007-01-08,TMAX,211
USR0000NNWB,2013-05-25,TMIN,94
USR0000NNWB,2007-11-09,TMIN,22
USC00316676,2008-04-24,TMAX,244
USC00316096,2011-06-25,TMAX,306
USW00013754,2005-07-19,TMIN,250
USC00310576,2011-04-17,TMAX,239
USC00316676,2009-01-30,TMIN,-6
USC00316676,2009-01-30,TMAX,144
USC00314689,2009-10-05,TMIN,156
USC00317170,2008-10-30,TMAX,139
USC00315830,2014-05-27,TMAX,261
USR0000NHOF,2015-02-05,TMIN,-28
USW00093765,2014-04-01,TMIN,44
USC00315830,2014-05-27,TMIN,217
USW00093765,2014-04-01,TMAX,206
USR0000NHOF,2009-05-13,TMAX,233
USR0000NCRN,2013-10-21,TMAX,206
USC00316676,2015-10-13,TMIN,156
USC00316676,2015-03-21,TMIN,67
USW00093743,2011-04-30,TMAX,239
USR0000NHOF,2010-08-15,TMIN,183
USC00316676,2013-03-04,TMIN,6
USC00315830,2011-07-22,TMIN,217
USC00316676,2013-03-04,TMAX,100
USW00093719,2011-05-13,TMAX,267
USC00310356,2011-05-30,TMIN,239
USC00310356,2006-09-20,TMIN,144
USC00314689,2009-10-05,TMAX,239
USR0000NHOF,2005-09-30,TMAX,228
USR0000NHOF,2005-09-30,TMIN,172
USC00314684,2012-06-30,TMIN,228
USC00317170,2008-04-16,TMIN,44
USC00316676,2015-10-13,TMAX,194
USC00317170,2008-04-16,TMAX,189
USR0000NHOF,2010-08-15,TMAX,317
USC00310356,2006-09-20,TMAX,278
USW00093743,2010-08-15,TMIN,228
USW00093743,2012-07-22,TMAX,311
USR0000NHOF,2014-01-30,TMAX,11
USW00093719,2006-07-27,TMIN,228
USW00013754,2013-06-22,TMAX,267
USR0000NCRN,2012-09-18,TMIN,222
USW00093719,2006-07-27,TMAX,322
USR0000NHOF,2012-07-22,TMAX,322
USC00314144,2007-12-08,TMAX,217
USW00013754,2013-06-22,TMIN,217
USW00093719,2014-11-03,TMAX,189
USC00316676,2008-11-16,TMIN,72
USC00316676,2015-06-05,TMAX,272
USR0000NHOF,2015-11-22,TMIN,11
USC00316676,2015-06-05,TMIN,194
USC00314689,2005-10-19,TMIN,133
USC00316676,2008-11-16,TMAX,256
USW00093719,2014-11-03,TMIN,11
USC00314144,2010-05-26,TMIN,156
USR0000NCRN,2012-09-18,TMAX,278
USC00314144,2010-05-26,TMAX,244
USC00315830,2014-04-08,TMAX,217
USC00315830,2015-05-08,TMAX,233
USR0000NHOF,2015-11-22,TMAX,122
USR0000NCRN,2012-09-23,TMAX,256
USC00317170,2011-03-26,TMAX,139
USC00310356,2015-02-05,TMAX,139
USC00317170,2015-12-07,TMIN,78
USR0000NCRN,2009-07-28,TMAX,294
USR0000NCRN,2009-07-28,TMIN,272
USC00314684,2015-07-23,TMIN,222
USC00310576,2011-06-22,TMIN,189
USC00314689,2005-10-19,TMAX,289
USC00310576,2011-06-22,TMAX,300
USC00314684,2014-03-16,TMAX,228
USW00093719,2013-01-14,TMIN,117
USC00315830,2005-07-24,TMIN,222
USW00093719,2005-06-21,TMAX,283
USC00314684,2006-11-30,TMIN,94
USC00314684,2011-05-18,TMAX,250
USC00314684,2006-11-30,TMAX,244
USC00316096,2011-05-05,TMIN,61
USC00315830,2011-06-20,TMAX,339
USR0000NNWB,2013-01-28,TMAX,139
USW00093743,2012-07-22,TMIN,239
USC00314684,2011-05-18,TMIN,111
USC00314689,2014-07-26,TMAX,311
USC00315830,2006-12-23,TMAX,200
USC00315830,2006-12-23,TMIN,167
USC00314689,2014-07-26,TMIN,211
USR0000NNWB,2013-01-28,TMIN,-22
USC00314144,2005-05-17,TMIN,161
USC00314144,2005-05-17,TMAX,256
USC00314684,2007-01-08,TMIN,72
USC00314689,2012-01-15,TMIN,6
USC00315830,2011-06-20,TMIN,200
USC00310576,2014-02-07,TMAX,72
USC00310576,2009-09-29,TMIN,150
USC00316096,2015-03-09,TMIN,67
USC00314684,2014-03-16,TMIN,39
USC00310576,2009-09-29,TMAX,278
USC00310356,2015-02-05,TMIN,33
USC00314689,2005-05-14,TMAX,267
USW00013754,2010-10-14,TMAX,267
USW00013754,2011-10-10,TMIN,178
USC00310576,2014-02-07,TMIN,11
USC00314684,2006-09-21,TMAX,261
USW00013754,2011-10-10,TMAX,211
USC00314684,2006-09-21,TMIN,106
USW00013754,2010-10-14,TMIN,144
USW00093743,2013-12-13,TMIN,-27
USC00314689,2005-05-14,TMIN,144
USW00013754,2010-05-29,TMAX,272
USR0000NHOF,2009-03-14,TMIN,44
USW00093743,2013-09-04,TMAX,294
USW00093719,2010-07-10,TMIN,222
USC00316676,2010-04-03,TMIN,78
USC00314684,2007-04-30,TMAX,272
USW00093743,2009-09-12,TMIN,167
USC00314684,2007-04-30,TMIN,100
USC00315830,2015-04-12,TMIN,133
USC00314684,2012-02-24,TMAX,256
USW00013754,2011-08-12,TMIN,233
USC00315830,2015-04-12,TMAX,217
USC00314144,2008-12-05,TMAX,100
USW00093743,2009-03-14,TMAX,133
USW00093743,2009-03-14,TMIN,61
USC00314689,2006-04-13,TMAX,267
USR0000NNWB,2006-02-07,TMIN,-22
USW00013754,2011-08-12,TMAX,322
USC00314689,2012-09-22,TMAX,272
USW00093743,2011-05-30,TMIN,228
USC00314689,2006-04-13,TMIN,128
USW00093765,2015-01-17,TMIN,28
USC00316096,2011-08-23,TMIN,206
USW00093719,2008-07-06,TMAX,306
USW00093719,2010-07-10,TMAX,328
USC00310356,2012-04-13,TMAX,172
USC00310356,2012-04-13,TMIN,44
USC00314689,2010-02-09,TMIN,-11
USR0000NCRN,2008-01-03,TMAX,39
USR0000NCRN,2006-05-27,TMIN,200
USC00314689,2010-02-09,TMAX,83
USC00317170,2008-10-24,TMAX,183
USC00315830,2007-11-20,TMAX,189
USC00315830,2007-11-20,TMIN,100
USC00316676,2015-03-26,TMIN,94
USR0000NCRN,2006-05-27,TMAX,328
USC00317170,2015-11-17,TMAX,206
USW00093743,2008-07-18,TMIN,178
USW00013754,2011-04-19,TMIN,100
USC00314144,2009-05-14,TMAX,233
USC00314684,2012-06-21,TMAX,339
USC00316676,2015-03-26,TMAX,233
USW00013754,2007-12-22,TMIN,106
USR0000NNWB,2014-05-27,TMIN,211
USC00310576,2007-10-10,TMAX,339
USR0000NNWB,2006-02-07,TMAX,106
USW00013754,2007-12-22,TMAX,183
USC00314144,2007-12-10,TMAX,256
USC00314684,2012-06-21,TMIN,206
USC00317170,2010-09-10,TMIN,161
USC00314684,2010-05-31,TMAX,300
USW00093743,2012-04-13,TMAX,194
USW00093743,2012-04-13,TMIN,33
USC00314144,2007-12-10,TMIN,72
USC00316676,2011-11-12,TMIN,-17
USR0000NCRN,2013-12-13,TMAX,100
USC00316676,2009-03-07,TMAX,228
USW00013754,2008-01-16,TMIN,-10
USW00013754,2011-04-19,TMAX,256
USC00316676,2006-06-19,TMIN,161
USC00314689,2012-09-22,TMIN,128
USC00314144,2008-11-18,TMAX,61
USC00316676,2006-06-19,TMAX,283
USC00316676,2009-03-07,TMIN,22
USC00316676,2011-11-12,TMAX,128
USC00317170,2015-06-18,TMIN,228
USC00310356,2008-01-18,TMAX,156
USC00314144,2008-11-18,TMIN,-22
USC00315830,2009-01-31,TMAX,117
USC00316676,2010-04-03,TMAX,289
USC00315830,2007-07-03,TMAX,278
USC00317170,2008-10-24,TMIN,106
USC00314684,2010-05-31,TMIN,139
USC00314144,2010-02-10,TMAX,78
USW00093743,2009-01-22,TMIN,-60
USC00314689,2011-06-25,TMAX,322
USW00093719,2013-06-22,TMIN,222
USW00093719,2013-06-22,TMAX,261
USR0000NNWB,2010-10-14,TMIN,122
USR0000NNWB,2010-10-14,TMAX,261
USC00314144,2005-11-10,TMIN,133
USR0000NHOF,2005-11-18,TMIN,-56
USC00314144,2005-11-10,TMAX,211
USW00093765,2013-01-25,TMAX,50
USC00310356,2011-05-26,TMAX,272
USR0000NHOF,2005-11-18,TMAX,94
USW00093765,2008-04-12,TMIN,183
USC00317170,2010-07-22,TMAX,350
USC00316676,2014-07-26,TMIN,200
USC00310356,2009-03-14,TMIN,67
USC00310356,2008-01-18,TMIN,33
USC00316096,2015-01-30,TMAX,117
USC00315830,2014-01-10,TMAX,189
USC00314684,2013-03-16,TMIN,-33
USC00314684,2010-09-11,TMIN,133
USC00314689,2011-06-25,TMIN,239
USC00314684,2013-03-16,TMAX,167
USW00093719,2011-09-18,TMIN,167
USW00093765,2013-01-25,TMIN,-49
USW00093719,2013-09-13,TMAX,317
USW00013754,2015-02-09,TMIN,89
USR0000NHOF,2008-03-25,TMIN,-39
USC00310356,2009-03-14,TMAX,100
USR0000NHOF,2008-03-25,TMAX,139
USC00315830,2014-01-10,TMIN,50
USW00093719,2013-09-13,TMIN,222
USC00316096,2015-01-30,TMIN,11
USW00013754,2015-02-09,TMAX,222
USC00314144,2010-02-10,TMIN,6
USR0000NHOF,2006-08-18,TMAX,294
USC00310356,2015-06-25,TMIN,244
USR0000NHOF,2006-08-18,TMIN,206
USC00316096,2011-08-23,TMAX,300
USR0000NNWB,2008-07-31,TMIN,228
USW00013754,2014-06-21,TMIN,217
USC00317170,2015-04-06,TMAX,250
USW00013754,2014-06-21,TMAX,317
USW00093765,2013-05-25,TMAX,228
USC00317170,2015-04-06,TMIN,78
USW00013754,2008-01-16,TMAX,67
USW00093743,2009-01-22,TMAX,89
USW00093765,2015-01-17,TMAX,139
USR0000NNWB,2008-07-31,TMAX,356
USC00316676,2014-07-26,TMAX,278
USC00314144,2008-12-05,TMIN,0
USC00316676,2013-06-05,TMAX,272
USC00314689,2011-11-12,TMAX,178
USC00314689,2009-05-21,TMAX,267
USW00093765,2013-05-25,TMIN,100
USC00317170,2010-07-22,TMIN,239
USW00093765,2008-04-12,TMAX,228
USR0000NNWB,2012-12-20,TMIN,50
USC00310356,2015-06-25,TMAX,300
USC00317170,2009-07-08,TMIN,172
USC00316096,2009-06-28,TMAX,294
USW00093743,2009-09-12,TMAX,256
USC00310576,2014-07-09,TMIN,250
USC00317170,2009-07-08,TMAX,322
USC00316676,2013-06-05,TMIN,172
USR0000NNWB,2006-08-16,TMIN,194
USR0000NNWB,2006-08-16,TMAX,333
USC00314689,2011-11-12,TMIN,6
USW00093719,2008-07-06,TMIN,211
USR0000NNWB,2012-12-20,TMAX,194
USC00314144,2007-12-08,TMIN,39
USC00315830,2009-01-31,TMIN,-22
USW00093719,2015-12-25,TMAX,267
USC00315830,2008-07-09,TMAX,294
USC00314689,2007-05-03,TMIN,172
USR0000NCRN,2006-11-04,TMIN,-6
USR0000NHOF,2007-06-22,TMIN,156
USR0000NCRN,2015-06-06,TMIN,161
USC00310356,2013-09-04,TMAX,283
USC00315830,2009-07-03,TMIN,222
USC00310576,2014-05-24,TMAX,306
USW00093719,2015-12-25,TMIN,189
USR0000NNWB,2009-01-27,TMAX,94
USC00316676,2011-04-13,TMAX,283
USC00316676,2012-06-21,TMIN,206
USC00316676,2011-04-13,TMIN,111
USC00316676,2012-06-21,TMAX,328
USR0000NHOF,2007-06-22,TMAX,328
USC00315830,2008-07-09,TMIN,233
USC00315830,2009-07-03,TMAX,322
USC00316676,2013-12-06,TMIN,128
USW00093743,2008-03-25,TMAX,139
USR0000NNWB,2008-12-05,TMIN,17
USC00317170,2014-04-01,TMIN,28
USC00317170,2014-04-01,TMAX,261
USC00316676,2012-02-04,TMIN,0
USC00314684,2014-12-21,TMIN,-17
USC00316676,2012-10-30,TMAX,122
USC00310356,2015-11-22,TMAX,194
USC00316676,2012-10-30,TMIN,78
USR0000NCRN,2006-11-04,TMAX,122
USC00316676,2011-03-08,TMAX,139
USR0000NNWB,2014-12-29,TMIN,72
USC00310356,2015-11-22,TMIN,89
USC00316676,2013-12-06,TMAX,250
USW00013754,2014-06-15,TMAX,289
USC00314144,2006-02-05,TMAX,183
USR0000NCRN,2015-06-06,TMAX,267
USR0000NNWB,2013-06-22,TMIN,217
USR0000NCRN,2008-09-22,TMIN,194
USR0000NCRN,2008-09-22,TMAX,233
USC00310356,2012-02-08,TMAX,150
USC00310356,2012-02-08,TMIN,67
USC00316096,2009-06-04,TMAX,278
USC00316676,2013-05-24,TMIN,183
USR0000NCRN,2015-12-05,TMIN,56
USW00093719,2010-01-28,TMIN,-22
USR0000NNWB,2011-01-16,TMAX,144
USC00314689,2007-07-16,TMIN,217
USW00093765,2014-10-28,TMIN,100
USC00316676,2013-10-24,TMAX,228
USR0000NHOF,2009-03-14,TMAX,122
USC00310576,2014-07-09,TMAX,339
USC00316676,2013-10-24,TMIN,56
USC00314689,2014-07-18,TMIN,183
USC00314684,2012-09-12,TMIN,100
USR0000NHOF,2007-02-21,TMAX,178
USR0000NNWB,2013-06-22,TMAX,256
USC00316096,2014-03-26,TMIN,-28
USC00316096,2014-03-26,TMAX,83
USC00314689,2007-07-16,TMAX,328
USW00013754,2014-06-15,TMIN,194
USC00314689,2014-07-18,TMAX,300
USC00314684,2014-12-21,TMAX,44
USC00310356,2013-09-04,TMIN,222
USC00315830,2013-11-11,TMIN,89
USC00310576,2014-05-24,TMIN,156
USR0000NCRN,2015-12-05,TMAX,172
USW00093719,2010-01-28,TMAX,161
USC00314684,2012-09-12,TMAX,256
USC00316676,2013-05-24,TMAX,272
USR0000NNWB,2014-12-29,TMAX,156
USR0000NCRN,2008-09-19,TMIN,172
USC00314684,2013-03-08,TMIN,0
USW00093719,2008-04-07,TMAX,128
USW00093743,2010-05-26,TMIN,189
USC00316676,2011-03-08,TMIN,17
USR0000NCRN,2008-01-03,TMIN,-67
USC00314689,2006-06-05,TMIN,161
USW00093743,2010-05-26,TMAX,256
USR0000NCRN,2013-12-13,TMIN,-50
USR0000NHOF,2005-12-22,TMIN,-89
USC00317170,2015-06-18,TMAX,344
USW00093765,2006-03-21,TMIN,50
USW00093765,2006-03-21,TMAX,100
USC00314684,2014-08-23,TMAX,344
USC00314684,2014-08-23,TMIN,222
USC00314684,2014-01-05,TMAX,67
USC00310356,2015-03-01,TMIN,-6
USC00310356,2015-03-01,TMAX,83
USC00314684,2014-01-05,TMIN,-56
USC00314144,2006-02-05,TMIN,28
USR0000NHOF,2005-12-22,TMAX,100
USR0000NCRN,2008-09-19,TMAX,256
USR0000NNWB,2014-05-27,TMAX,317
USR0000NCRN,2013-06-05,TMAX,272
USR0000NCRN,2013-06-05,TMIN,178
USC00314144,2009-05-14,TMIN,111
USC00317170,2015-11-17,TMIN,22
USC00314689,2010-10-28,TMIN,217
USC00310576,2007-10-10,TMIN,211
USC00317170,2010-08-24,TMAX,300
USC00314689,2014-03-26,TMIN,-6
USC00314689,2014-03-26,TMAX,83
USR0000NCRN,2013-06-22,TMAX,256
USR0000NCRN,2013-06-22,TMIN,217
USC00317170,2010-09-10,TMAX,294
USC00314689,2010-10-28,TMAX,294
USC00316676,2009-06-30,TMAX,328
USR0000NNWB,2009-01-27,TMIN,44
USR0000NHOF,2012-04-13,TMIN,-6
USR0000NNWB,2008-09-23,TMIN,167
USW00093765,2012-07-15,TMIN,233
USC00314689,2011-11-17,TMIN,78
USC00310356,2009-05-31,TMAX,278
USC00310576,2010-06-03,TMAX,317
USC00310356,2009-05-31,TMIN,217
USW00093743,2008-03-25,TMIN,17
USC00316676,2005-10-29,TMIN,33
USC00314684,2008-09-07,TMIN,206
USC00316676,2005-10-29,TMAX,183
USR0000NNWB,2008-12-05,TMAX,94
USC00316676,2009-06-30,TMIN,194
USC00314684,2008-09-07,TMAX,306
USC00316676,2012-02-04,TMAX,139
USC00314684,2013-03-08,TMAX,128
USR0000NHOF,2012-04-13,TMAX,194
USR0000NNWB,2008-09-23,TMAX,250
USC00314689,2011-11-17,TMAX,278
USR0000NNWB,2010-05-12,TMAX,294
USC00316096,2012-02-15,TMIN,17
USC00316096,2012-02-15,TMAX,172
USC00310576,2010-06-03,TMIN,217
USC00316096,2009-06-04,TMIN,217
USC00317170,2014-10-28,TMIN,78
USR0000NCRN,2011-06-22,TMIN,211
USC00317170,2014-10-28,TMAX,278
USR0000NNWB,2010-05-12,TMIN,183
USC00317170,2010-08-24,TMIN,222
USW00093719,2007-01-08,TMIN,72
USW00093719,2008-04-07,TMIN,94
USR0000NCRN,2011-06-22,TMAX,294
USW00093765,2012-07-15,TMAX,311
USW00093719,2007-01-08,TMAX,211
USW00093765,2013-11-08,TMIN,44
USW00013754,2010-05-29,TMIN,178
USR0000NCRN,2013-10-21,TMIN,89
USW00093743,2009-11-19,TMAX,239
USC00314689,2006-09-07,TMAX,278
USW00013754,2012-04-03,TMAX,217
USW00093719,2015-08-10,TMIN,189
USW00093765,2007-02-08,TMAX,94
USW00013754,2012-04-03,TMIN,39
USC00314689,2005-06-09,TMIN,233
USR0000NCRN,2009-04-15,TMAX,172
USR0000NCRN,2009-04-15,TMIN,122
USC00314689,2005-06-09,TMAX,289
USW00093743,2009-11-19,TMIN,178
USC00315830,2015-04-17,TMIN,144
USC00317170,2015-08-17,TMAX,356
USC00314689,2014-11-03,TMAX,178
USW00093765,2007-02-08,TMIN,-43
USW00093743,2007-10-29,TMIN,72
USC00310356,2010-11-14,TMAX,189
USR0000NCRN,2013-12-10,TMAX,189
USC00317170,2011-10-24,TMIN,100
USR0000NCRN,2012-03-30,TMAX,239
USW00093719,2007-10-03,TMAX,300
USW00093719,2015-08-10,TMAX,306
USC00316096,2014-07-18,TMIN,178
USC00316096,2014-07-18,TMAX,289
USR0000NNWB,2012-02-02,TMAX,211
USR0000NNWB,2012-02-02,TMIN,78
USC00317170,2014-06-17,TMAX,350
USW00013754,2014-10-28,TMIN,94
USW00013754,2011-03-09,TMAX,194
USW00013754,2014-10-28,TMAX,283
USC00317170,2014-06-17,TMIN,217
USC00314689,2006-09-07,TMIN,178
USC00314689,2014-11-03,TMIN,-11
USR0000NCRN,2012-03-30,TMIN,144
USC00317170,2015-08-17,TMIN,200
USC00316096,2011-05-05,TMAX,206
USC00316676,2014-02-01,TMIN,-28
USW00093765,2015-03-12,TMIN,78
USR0000NCRN,2005-08-26,TMIN,189
USR0000NCRN,2005-08-26,TMAX,300
USW00093765,2010-05-29,TMIN,211
USW00093765,2010-05-29,TMAX,261
USC00316676,2014-02-01,TMAX,139
USC00316096,2012-09-30,TMIN,167
USC00316676,2011-12-14,TMAX,161
USC00316096,2010-11-29,TMAX,172
USW00093719,2013-01-28,TMIN,-28
USC00315830,2015-12-30,TMIN,189
USC00314689,2010-07-22,TMIN,233
USC00314689,2010-07-22,TMAX,350
USC00316676,2011-12-14,TMIN,6
USC00314689,2014-01-05,TMAX,189
USW00093743,2010-03-16,TMAX,122
USC00314689,2008-03-13,TMIN,39
USC00314689,2005-03-08,TMAX,217
USC00314689,2014-01-05,TMIN,22
USR0000NHOF,2012-02-08,TMIN,-17
USC00310576,2007-06-27,TMIN,200
USC00317170,2012-07-15,TMAX,322
USC00314684,2009-02-09,TMAX,233
USC00314689,2013-01-28,TMIN,-28
USC00314684,2009-02-09,TMIN,28
USW00093719,2013-01-28,TMAX,144
USW00093765,2015-03-12,TMAX,172
USR0000NHOF,2011-02-25,TMIN,83
USC00314689,2008-03-13,TMAX,228
USC00315830,2015-04-17,TMAX,211
USC00314689,2008-05-19,TMIN,161
USW00093743,2010-03-16,TMIN,33
USC00315830,2015-12-30,TMAX,228
USC00317170,2015-09-10,TMIN,239
USC00310576,2005-11-20,TMIN,44
USC00314684,2015-08-29,TMAX,289
USR0000NCRN,2014-11-29,TMIN,-28
USC00314689,2006-02-23,TMIN,78
USR0000NCRN,2014-11-29,TMAX,111
USC00317170,2011-11-25,TMAX,200
USC00310576,2007-04-26,TMAX,300
USR0000NCRN,2013-12-10,TMIN,39
USC00314689,2010-04-08,TMIN,161
USW00093719,2015-08-28,TMIN,206
USC00310576,2007-04-26,TMIN,172
USC00310356,2014-12-14,TMAX,111
USR0000NCRN,2015-06-25,TMIN,222
USC00314689,2010-04-08,TMAX,311
USW00093743,2009-06-19,TMAX,333
USW00093719,2011-11-25,TMAX,200
USC00310356,2012-11-04,TMIN,61
USC00314689,2010-06-27,TMIN,244
USC00314689,2012-03-12,TMIN,33
USW00013754,2011-03-09,TMIN,72
USW00093719,2006-12-07,TMAX,178
USW00013754,2013-09-04,TMIN,200
USC00317170,2013-03-16,TMIN,72
USC00314689,2006-08-12,TMAX,261
USW00013754,2013-09-04,TMAX,294
USW00093765,2007-06-26,TMAX,289
USR0000NHOF,2005-11-11,TMAX,150
USC00314684,2012-11-27,TMAX,183
USC00317170,2011-11-25,TMIN,0
USC00317170,2013-03-16,TMAX,261
USR0000NHOF,2005-11-11,TMIN,-22
USR0000NHOF,2012-02-08,TMAX,150
USW00093719,2005-02-27,TMAX,94
USC00314689,2006-08-12,TMIN,200
USW00093719,2007-10-03,TMIN,206
USC00310576,2007-10-29,TMIN,89
USW00093743,2009-06-19,TMIN,250
USW00013754,2013-05-10,TMAX,283
USW00093719,2011-11-25,TMIN,-6
USR0000NHOF,2010-03-16,TMIN,0
USW00093765,2012-03-13,TMAX,217
USC00315830,2014-03-26,TMAX,117
USC00314144,2009-12-07,TMIN,-11
USC00317170,2007-09-04,TMIN,161
USC00314144,2009-12-07,TMAX,122
USC00317170,2007-09-04,TMAX,317
USC00310356,2010-11-14,TMIN,72
USC00315830,2014-03-26,TMIN,0
USW00093765,2012-03-13,TMIN,139
USC00317170,2011-10-24,TMAX,217
USW00013754,2013-05-10,TMIN,133
USR0000NHOF,2010-03-16,TMAX,111
USR0000NNWB,2014-10-28,TMIN,83
USC00317170,2009-03-06,TMIN,28
USC00314684,2015-08-29,TMIN,156
USW00093765,2009-10-01,TMAX,239
USC00316676,2005-04-24,TMIN,39
USR0000NCRN,2015-06-25,TMAX,311
USC00310576,2007-10-29,TMAX,206
USC00314689,2006-02-23,TMAX,144
USC00317170,2015-09-10,TMAX,356
USC00317170,2009-03-06,TMAX,228
USW00013754,2009-06-03,TMIN,194
USC00316676,2005-04-24,TMAX,250
USR0000NNWB,2014-10-28,TMAX,294
USW00093765,2009-10-01,TMIN,111
USC00314144,2006-02-14,TMIN,-33
USW00093719,2005-02-27,TMIN,0
USC00310356,2012-11-04,TMAX,150
USR0000NHOF,2014-02-07,TMAX,111
USC00310356,2005-10-25,TMIN,89
USC00316096,2012-09-30,TMAX,228
USC00314144,2011-01-29,TMAX,128
USW00093719,2010-05-12,TMIN,178
USW00093765,2010-12-23,TMIN,6
USR0000NCRN,2010-02-05,TMIN,33
USC00314689,2010-11-29,TMAX,161
USC00314689,2009-10-01,TMIN,94
USC00314689,2009-10-01,TMAX,244
USC00315830,2005-08-29,TMIN,228
USC00314689,2009-09-13,TMIN,172
USR0000NHOF,2014-12-31,TMIN,-28
USR0000NCRN,2010-02-05,TMAX,161
USC00310356,2008-02-18,TMIN,100
USW00093765,2009-08-11,TMAX,306
USC00316676,2010-10-03,TMIN,144
USW00093719,2010-05-12,TMAX,289
USR0000NHOF,2014-02-07,TMIN,-22
USC00316676,2010-10-03,TMAX,228
USC00315830,2005-08-29,TMAX,311
USW00093765,2010-12-23,TMAX,78
USC00316096,2014-05-04,TMIN,117
USC00310356,2011-10-08,TMIN,150
USC00310576,2014-04-08,TMAX,244
USC00310356,2008-02-18,TMAX,172
USR0000NHOF,2009-06-19,TMAX,317
USC00310356,2006-02-13,TMIN,-11
USC00316096,2015-03-11,TMIN,167
USC00310576,2014-04-08,TMIN,178
USC00314689,2014-03-16,TMAX,228
USW00093765,2009-08-11,TMIN,250
USC00314689,2012-05-28,TMAX,311
USC00314689,2014-03-16,TMIN,50
USC00314144,2010-12-30,TMAX,89
USW00013754,2014-12-16,TMIN,0
USR0000NHOF,2009-06-19,TMIN,217
USC00315830,2013-08-26,TMAX,289
USC00310356,2013-12-13,TMIN,0
USC00316096,2012-06-21,TMAX,306
USC00310576,2005-11-20,TMAX,156
USC00314144,2005-11-30,TMAX,211
USW00093765,2014-11-03,TMIN,33
USC00316676,2012-01-08,TMIN,50
USW00093765,2013-03-16,TMAX,178
USC00314689,2014-06-17,TMIN,222
USW00093765,2014-11-03,TMAX,167
USW00013754,2009-07-08,TMAX,311
USR0000NCRN,2008-05-24,TMAX,222
USW00093765,2006-06-05,TMIN,161
USW00093765,2006-06-05,TMAX,250
USC00317170,2015-01-17,TMAX,106
USC00314689,2014-06-17,TMAX,333
USC00317170,2015-01-17,TMIN,-11
USR0000NCRN,2008-05-24,TMIN,128
USC00310356,2013-09-09,TMAX,278
USC00314144,2008-10-09,TMIN,139
USR0000NNWB,2006-12-06,TMIN,-22
USW00013754,2014-12-16,TMAX,206
USC00317170,2012-07-15,TMIN,211
USC00316096,2012-06-21,TMIN,200
USW00093765,2013-03-16,TMIN,128
USC00310356,2013-09-09,TMIN,194
USC00317170,2015-08-10,TMIN,172
USR0000NNWB,2006-12-06,TMAX,183
USC00317170,2015-08-10,TMAX,306
USW00093765,2006-06-11,TMAX,267
USW00093765,2006-06-11,TMIN,206
USC00314689,2005-07-06,TMAX,344
USW00093743,2013-09-09,TMAX,300
USC00315830,2013-12-26,TMIN,39
USW00093743,2013-09-09,TMIN,217
USC00316096,2015-03-11,TMAX,233
USC00310576,2015-11-17,TMIN,28
USC00316096,2014-05-04,TMAX,261
USC00316676,2009-01-29,TMAX,228
USW00093765,2005-08-10,TMAX,300
USC00316676,2010-07-05,TMAX,294
USC00310576,2007-08-08,TMAX,350
USC00316676,2010-07-05,TMIN,156
USC00310356,2011-05-30,TMAX,283
USC00314689,2007-04-30,TMIN,139
USC00314689,2007-04-30,TMAX,294
USR0000NNWB,2010-05-29,TMAX,289
USR0000NNWB,2012-04-03,TMAX,233
USR0000NNWB,2012-04-03,TMIN,50
USR0000NNWB,2010-05-29,TMIN,189
USC00317170,2014-03-26,TMAX,94
USW00093765,2013-01-14,TMAX,217
USR0000NNWB,2013-05-10,TMAX,311
USC00317170,2014-03-26,TMIN,0
USR0000NHOF,2006-09-09,TMIN,117
USW00093765,2005-08-10,TMIN,244
USC00314684,2006-06-19,TMAX,289
USC00314689,2012-05-28,TMIN,217
USC00314144,2011-01-29,TMIN,-50
USW00093719,2005-10-07,TMAX,244
USC00310576,2015-11-17,TMAX,194
USC00310576,2008-01-15,TMIN,-6
USC00310356,2011-10-08,TMAX,261
USC00314684,2006-06-19,TMIN,189
USC00310576,2008-01-15,TMAX,133
USC00316676,2009-09-12,TMIN,150
USW00013754,2006-12-07,TMAX,172
USC00314689,2013-01-28,TMAX,106
USW00093719,2005-10-07,TMIN,211
USW00013754,2006-12-07,TMIN,50
USC00316676,2009-09-12,TMAX,244
USC00310576,2007-06-27,TMAX,317
USC00315830,2013-08-26,TMIN,189
USW00093765,2008-10-15,TMIN,139
USW00093765,2008-10-15,TMAX,267
USC00310356,2006-02-13,TMAX,61
USC00316676,2015-04-13,TMIN,111
USW00013754,2008-03-12,TMIN,61
USW00013754,2007-03-15,TMAX,261
USC00316676,2014-03-16,TMIN,56
USC00316676,2014-03-16,TMAX,233
USR0000NHOF,2011-02-25,TMAX,211
USW00013754,2008-03-12,TMAX,194
USR0000NNWB,2005-02-19,TMAX,128
USW00013754,2010-12-09,TMIN,-21
USW00093765,2005-05-26,TMAX,250
USC00317170,2009-10-01,TMAX,250
USC00317170,2009-10-01,TMIN,100
USC00316676,2006-10-06,TMAX,283
USW00013754,2010-12-09,TMAX,67
USR0000NNWB,2013-05-10,TMIN,150
USC00314144,2005-04-22,TMAX,283
USR0000NNWB,2008-03-04,TMIN,122
USC00314144,2007-02-03,TMIN,17
USC00314144,2007-02-03,TMAX,78
USC00316676,2015-04-13,TMAX,222
USC00314689,2010-11-29,TMIN,6
USW00093765,2012-02-16,TMAX,172
USC00310356,2010-03-16,TMIN,83
USC00314144,2005-04-22,TMIN,94
USW00013754,2007-03-15,TMIN,144
USR0000NHOF,2006-09-09,TMAX,283
USC00316676,2006-10-06,TMIN,161
USW00093765,2005-05-26,TMIN,133
USC00310356,2010-03-16,TMAX,178
USR0000NNWB,2008-03-04,TMAX,233
USR0000NNWB,2005-02-19,TMIN,-50
USR0000NHOF,2014-12-31,TMAX,106
USC00314684,2006-06-05,TMIN,161
USW00093719,2006-12-07,TMIN,39
USW00093719,2011-05-24,TMAX,356
USC00316676,2009-11-27,TMAX,189
USR0000NHOF,2014-10-28,TMAX,311
USC00310356,2013-12-07,TMIN,106
USC00317170,2009-08-29,TMAX,317
USR0000NHOF,2014-10-28,TMIN,61
USR0000NCRN,2014-12-14,TMIN,-11
USC00314689,2005-01-26,TMAX,150
USC00317170,2010-07-12,TMIN,211
USR0000NHOF,2009-01-22,TMAX,111
USC00317170,2010-07-12,TMAX,328
USW00093743,2009-05-31,TMAX,278
USC00310356,2010-02-05,TMIN,28
USC00317170,2010-05-29,TMIN,194
USC00317170,2010-12-23,TMIN,11
USC00310356,2013-12-07,TMAX,194
USC00317170,2015-08-07,TMIN,178
USC00314689,2014-01-27,TMIN,39
USC00310356,2009-06-19,TMIN,256
USC00315830,2013-10-21,TMIN,150
USR0000NNWB,2015-11-20,TMAX,189
USR0000NNWB,2012-12-04,TMAX,233
USC00315830,2013-10-21,TMAX,222
USC00317170,2015-06-13,TMAX,350
USW00093765,2009-04-17,TMIN,33
USR0000NNWB,2011-05-24,TMIN,228
USW00013754,2008-07-31,TMIN,222
USW00093743,2013-12-07,TMIN,61
USW00093743,2013-12-07,TMAX,206
USC00310356,2009-06-19,TMAX,272
USR0000NHOF,2014-12-14,TMAX,161
USR0000NCRN,2014-12-14,TMAX,144
USC00314689,2005-01-26,TMIN,28
USW00013754,2008-07-31,TMAX,333
USC00314689,2015-03-11,TMAX,289
USC00316096,2014-08-23,TMAX,300
USR0000NHOF,2009-01-22,TMIN,-100
USC00315830,2015-06-18,TMIN,244
USC00314689,2014-01-27,TMAX,183
USW00093765,2009-11-15,TMIN,111
USW00013754,2007-10-08,TMIN,200
USW00093765,2015-06-18,TMIN,244
USW00013754,2005-05-28,TMAX,283
USC00315830,2015-06-18,TMAX,328
USC00310576,2015-10-25,TMAX,222
USR0000NHOF,2010-10-28,TMAX,261
USC00310576,2015-10-25,TMIN,100
USW00013754,2007-10-08,TMAX,317
USW00093743,2007-06-22,TMIN,206
USC00310576,2014-01-30,TMIN,-33
USW00093743,2007-06-22,TMAX,300
USC00316096,2012-07-29,TMAX,306
USW00093765,2012-03-06,TMIN,6
USR0000NCRN,2005-12-04,TMIN,150
USC00316096,2013-03-08,TMAX,122
USC00317170,2010-05-29,TMAX,294
USC00316676,2009-02-27,TMAX,194
USW00093743,2009-05-31,TMIN,183
USC00310356,2012-07-22,TMAX,294
USC00310356,2010-02-05,TMAX,78
USC00316676,2009-02-27,TMIN,0
USC00316096,2013-03-08,TMIN,11
USC00314144,2007-09-28,TMIN,139
USC00316096,2014-08-23,TMIN,228
USW00093719,2005-01-23,TMAX,28
USC00317170,2015-08-07,TMAX,300
USC00314689,2007-09-05,TMIN,172
USC00316096,2012-07-29,TMIN,206
USC00314689,2007-09-05,TMAX,339
USC00317170,2010-12-23,TMAX,89
USC00314689,2012-09-30,TMIN,150
USC00310356,2012-07-22,TMIN,250
USR0000NNWB,2005-01-23,TMAX,28
USC00314684,2015-02-25,TMIN,-67
USR0000NCRN,2011-10-07,TMAX,244
USC00314684,2014-03-26,TMAX,83
USW00093719,2008-07-17,TMIN,206
USW00093743,2012-02-08,TMIN,28
USC00310356,2005-03-31,TMIN,128
USC00317170,2011-01-29,TMIN,0
USW00093765,2009-04-17,TMAX,189
USW00093765,2011-04-06,TMIN,72
USC00315830,2009-12-04,TMIN,83
USW00093719,2005-01-23,TMIN,-50
USR0000NHOF,2010-02-05,TMIN,28
USC00310356,2005-03-31,TMAX,189
USW00093743,2010-11-14,TMIN,33
USC00317170,2010-05-10,TMIN,94
USC00315830,2008-04-06,TMAX,228
USC00310356,2014-10-28,TMIN,133
USC00317170,2011-01-29,TMAX,144
USC00314684,2006-06-05,TMAX,289
USC00310576,2008-04-13,TMAX,272
USC00310576,2011-04-17,TMIN,78
USR0000NHOF,2009-05-13,TMIN,72
USC00314684,2015-02-25,TMAX,-33
USC00317170,2008-10-30,TMIN,28
USC00314684,2012-06-30,TMAX,383
USC00310356,2005-11-11,TMIN,72
USW00093743,2012-02-08,TMAX,156
USC00310576,2008-04-13,TMIN,167
USC00314689,2005-04-24,TMIN,67
USC00317170,2010-05-10,TMAX,217
USC00314684,2014-03-26,TMIN,-6
USC00310356,2014-10-28,TMAX,228
USC00316676,2009-11-27,TMIN,61
USC00315830,2012-04-13,TMAX,194
USW00093743,2010-11-14,TMAX,161
USC00310356,2007-04-09,TMIN,11
USW00013754,2013-05-25,TMAX,228
USW00093765,2011-04-06,TMAX,156
USW00093743,2013-06-22,TMIN,222
USC00314689,2010-11-24,TMAX,233
USC00314689,2010-11-24,TMIN,83
USC00316676,2012-11-25,TMIN,-17
USW00093743,2013-06-22,TMAX,261
USC00310356,2014-12-31,TMAX,78
USC00310356,2014-12-31,TMIN,11
USC00315830,2012-04-13,TMIN,50
USW00093765,2005-12-25,TMIN,106
USW00093765,2005-12-25,TMAX,178
USR0000NNWB,2011-05-24,TMAX,361
USW00093765,2012-03-06,TMAX,111
USW00013754,2013-10-13,TMAX,267
USC00315830,2009-12-04,TMAX,217
USW00013754,2013-10-13,TMIN,189
USC00310356,2013-06-22,TMIN,200
USR0000NHOF,2010-02-05,TMAX,172
USW00093719,2008-07-17,TMAX,317
USR0000NNWB,2014-08-30,TMIN,222
USC00310576,2014-07-21,TMAX,306
USR0000NHOF,2014-12-14,TMIN,-28
USR0000NNWB,2012-12-04,TMIN,78
USW00013754,2013-05-25,TMIN,106
USC00310356,2007-04-09,TMAX,144
USC00317170,2015-06-13,TMIN,233
USC00310576,2014-07-21,TMIN,206
USC00316676,2012-11-25,TMAX,133
USC00310356,2013-06-22,TMAX,300
USR0000NNWB,2014-08-30,TMAX,333
USW00093765,2009-11-15,TMAX,211
USC00315830,2008-04-06,TMIN,178
USC00314684,2012-11-27,TMIN,-22
USW00013754,2005-05-28,TMIN,178
USC00314689,2012-09-30,TMAX,228
USW00093765,2015-06-13,TMAX,311
USW00093743,2008-11-27,TMIN,-21
USC00316676,2008-03-15,TMIN,78
USW00093765,2013-01-14,TMIN,144
USC00317170,2009-11-08,TMAX,233
USC00315830,2009-11-02,TMIN,133
USC00315830,2005-06-13,TMIN,244
USC00316676,2008-03-15,TMAX,222
USR0000NHOF,2006-05-27,TMAX,306
USC00316096,2010-01-28,TMIN,-22
USR0000NHOF,2006-05-27,TMIN,167
USC00314689,2007-08-12,TMIN,189
USW00093743,2012-11-04,TMIN,28
USC00316096,2010-01-28,TMAX,117
USC00314144,2010-07-25,TMAX,350
USC00315830,2009-11-02,TMAX,183
USW00093765,2015-06-13,TMIN,244
USW00093743,2008-11-27,TMAX,150
USC00316096,2014-03-16,TMIN,44
USC00310356,2007-06-22,TMAX,272
USR0000NCRN,2014-10-16,TMAX,233
USR0000NCRN,2014-10-16,TMIN,128
USW00093719,2009-10-21,TMAX,222
USW00013754,2014-08-30,TMIN,228
USW00093719,2009-10-21,TMIN,33
USC00314689,2013-03-08,TMIN,17
USC00314689,2014-08-23,TMIN,233
USW00093743,2009-11-29,TMAX,178
USR0000NHOF,2012-11-04,TMAX,183
USR0000NNWB,2014-12-16,TMIN,11
USR0000NNWB,2014-12-16,TMAX,206
USW00013754,2014-08-30,TMAX,322
USC00314689,2014-08-23,TMAX,333
USR0000NNWB,2005-01-23,TMIN,-44
USW00093743,2012-11-04,TMAX,217
USC00316676,2007-07-27,TMIN,206
USC00314689,2010-06-27,TMAX,361
USR0000NNWB,2008-06-09,TMAX,383
USC00316676,2008-10-14,TMAX,256
USC00316676,2008-08-01,TMAX,361
USC00316676,2008-08-01,TMIN,222
USC00315830,2015-01-09,TMAX,-17
USC00310356,2009-11-29,TMIN,28
USC00315830,2015-01-09,TMIN,-89
USC00315830,2010-04-10,TMAX,200
USC00316676,2008-10-14,TMIN,106
USC00310356,2009-11-29,TMAX,144
USC00317170,2011-01-07,TMIN,6
USC00310356,2011-04-30,TMAX,250
USW00093719,2011-05-24,TMIN,228
USC00315830,2010-04-10,TMIN,89
USR0000NHOF,2011-11-21,TMAX,233
USC00317170,2009-11-08,TMIN,61
USR0000NHOF,2011-11-21,TMIN,133
USW00093743,2008-12-01,TMIN,72
USC00310576,2013-06-05,TMAX,272
USC00315830,2015-06-13,TMAX,289
USC00314684,2015-02-02,TMIN,11
USC00314684,2015-02-02,TMAX,167
USC00314144,2010-07-25,TMIN,256
USC00310576,2013-06-05,TMIN,161
USW00093765,2007-06-26,TMIN,228
USW00093719,2011-08-26,TMAX,306
USC00310356,2014-12-14,TMIN,28
USC00315830,2015-06-13,TMIN,256
USR0000NNWB,2008-06-09,TMIN,244
USC00314689,2012-03-12,TMAX,222
USW00093719,2011-08-26,TMIN,233
USC00314689,2008-12-26,TMIN,50
USW00093719,2006-06-11,TMAX,306
USC00316096,2014-03-16,TMAX,133
USC00310356,2005-10-25,TMAX,206
USC00316096,2014-01-05,TMAX,189
USC00316096,2014-01-05,TMIN,44
USC00310356,2009-11-19,TMIN,172
USR0000NCRN,2009-05-14,TMIN,194
USW00093719,2015-03-24,TMAX,194
USW00093719,2015-03-24,TMIN,39
USW00093743,2014-02-07,TMIN,-5
USC00310576,2014-01-30,TMAX,0
USC00310356,2011-04-30,TMIN,161
USC00310356,2012-03-04,TMAX,189
USR0000NHOF,2015-03-01,TMIN,0
USC00314684,2012-07-18,TMIN,228
USC00314684,2012-07-18,TMAX,344
USC00314684,2013-01-15,TMAX,250
USW00013754,2011-02-16,TMIN,-27
USC00317170,2009-08-29,TMIN,233
USR0000NNWB,2015-11-20,TMIN,83
USR0000NNWB,2015-10-05,TMIN,167
USW00093765,2015-06-18,TMAX,306
USW00093719,2006-06-11,TMIN,183
USC00310576,2015-12-30,TMAX,250
USC00316096,2015-08-29,TMIN,200
USW00093719,2014-10-28,TMIN,89
USC00310576,2015-12-30,TMIN,200
USR0000NNWB,2015-10-05,TMAX,206
USW00093743,2014-02-07,TMAX,100
USR0000NCRN,2005-12-04,TMAX,206
USC00314684,2013-01-15,TMIN,100
USR0000NHOF,2009-09-12,TMAX,289
USR0000NHOF,2015-03-01,TMAX,128
USC00310356,2009-11-19,TMAX,211
USC00314144,2011-04-05,TMAX,206
USW00093719,2014-10-28,TMAX,300
USW00093719,2015-08-28,TMAX,283
USW00093743,2008-12-01,TMAX,161
USR0000NHOF,2009-09-12,TMIN,133
USR0000NCRN,2009-05-14,TMAX,244
USR0000NNWB,2009-05-24,TMIN,189
USC00315830,2014-04-01,TMAX,206
USW00093719,2005-11-21,TMAX,200
USC00315830,2014-04-01,TMIN,39
USR0000NCRN,2005-09-05,TMIN,200
USC00314689,2008-12-26,TMAX,178
USR0000NCRN,2005-09-05,TMAX,294
USW00093765,2010-03-12,TMIN,128
USR0000NNWB,2005-12-18,TMAX,61
USW00013754,2009-06-03,TMAX,289
USC00310576,2007-08-08,TMIN,250
USC00316676,2007-07-27,TMAX,311
USC00314689,2013-03-08,TMAX,122
USW00093719,2005-11-21,TMIN,122
USC00316096,2015-08-29,TMAX,294
USC00310356,2006-05-27,TMIN,217
USC00310356,2012-03-04,TMIN,106
USC00315830,2005-06-13,TMAX,283
USC00310356,2011-11-21,TMAX,217
USC00314689,2007-11-15,TMIN,78
USR0000NNWB,2005-12-18,TMIN,33
USC00310356,2011-11-21,TMIN,106
USC00314684,2008-11-19,TMIN,-33
USC00310356,2006-05-27,TMAX,339
USC00314144,2011-04-05,TMIN,22
USC00310356,2007-06-22,TMIN,194
USW00093743,2009-11-29,TMIN,33
USR0000NNWB,2009-05-24,TMAX,278
USW00093765,2010-03-12,TMAX,194
USW00013754,2011-02-16,TMAX,167
USC00314684,2008-11-19,TMAX,72
USC00317170,2011-01-07,TMAX,94
USW00093719,2008-06-27,TMAX,344
USC00316676,2009-08-27,TMIN,211
USC00310356,2006-06-11,TMIN,167
USC00314689,2015-01-08,TMAX,44
USC00315830,2013-06-04,TMAX,283
USC00316676,2008-03-30,TMIN,67
USC00314684,2011-05-11,TMIN,117
USC00316676,2008-03-30,TMAX,122
USW00093765,2013-03-04,TMIN,-5
USW00093743,2014-07-09,TMIN,272
USW00093743,2011-04-17,TMIN,100
USW00093743,2014-07-09,TMAX,306
USR0000NHOF,2006-06-11,TMIN,161
USR0000NHOF,2006-06-11,TMAX,306
USW00093743,2011-04-17,TMAX,206
USR0000NCRN,2005-11-11,TMAX,167
USC00310576,2007-10-04,TMAX,311
USC00310356,2011-02-12,TMAX,39
USC00310576,2010-12-03,TMIN,17
USW00093719,2006-03-11,TMAX,272
USC00310576,2014-03-27,TMAX,100
USC00314144,2010-12-05,TMIN,-39
USW00093765,2013-03-04,TMAX,94
USC00310576,2007-10-04,TMIN,206
USC00314689,2011-04-27,TMAX,283
USC00314684,2007-09-13,TMIN,206
USC00316676,2010-05-31,TMAX,317
USC00314144,2010-12-05,TMAX,61
USC00310576,2014-03-27,TMIN,-17
USC00316096,2012-03-13,TMAX,217
USC00310576,2014-10-29,TMIN,67
USC00316096,2012-03-13,TMIN,83
USW00093765,2011-11-12,TMAX,161
USC00316676,2005-04-01,TMAX,261
USC00316096,2012-11-25,TMAX,100
USC00316676,2006-09-21,TMAX,256
USC00316676,2006-09-21,TMIN,133
USC00310576,2014-08-30,TMIN,206
USC00310576,2009-06-07,TMAX,217
USW00093719,2007-03-15,TMIN,139
USC00310576,2012-03-15,TMIN,100
USW00013754,2011-01-01,TMIN,6
USC00317170,2012-08-19,TMIN,217
USC00310576,2012-03-15,TMAX,272
USC00314689,2008-09-07,TMIN,217
USC00316676,2005-04-01,TMIN,122
USC00314689,2009-03-28,TMIN,178
USC00317170,2012-08-19,TMAX,300
USW00013754,2011-09-23,TMAX,300
USC00314689,2009-03-28,TMAX,250
USW00093719,2008-04-12,TMIN,183
USR0000NCRN,2005-11-11,TMIN,22
USC00317170,2008-02-11,TMIN,11
USW00093719,2008-04-12,TMAX,294
USC00315830,2015-10-09,TMAX,261
USC00315830,2013-06-04,TMIN,206
USC00314689,2010-06-12,TMAX,344
USC00310576,2014-08-30,TMAX,306
USC00314689,2010-06-12,TMIN,200
USC00317170,2008-02-11,TMAX,139
USC00315830,2015-10-09,TMIN,150
USC00310576,2014-10-29,TMAX,294
USC00314144,2008-05-20,TMAX,306
USW00093765,2006-01-20,TMIN,33
USW00093765,2006-01-20,TMAX,189
USC00310576,2008-10-04,TMAX,239
USC00317170,2009-01-30,TMIN,17
USW00093719,2011-04-19,TMAX,278
USW00093743,2009-12-25,TMIN,50
USR0000NNWB,2010-02-16,TMAX,78
USW00093765,2005-07-15,TMIN,228
USW00093765,2005-07-15,TMAX,300
USR0000NNWB,2010-02-16,TMIN,-17
USW00013754,2009-05-07,TMIN,200
USC00314144,2011-01-17,TMAX,89
USW00093765,2006-07-29,TMAX,306
USC00310356,2008-01-27,TMAX,44
USC00310356,2006-06-11,TMAX,278
USC00310356,2008-01-27,TMIN,11
USC00316676,2006-09-07,TMAX,222
USW00093743,2012-02-05,TMAX,144
USW00093743,2009-12-25,TMAX,189
USC00316676,2006-09-07,TMIN,189
USR0000NCRN,2013-10-13,TMIN,183
USR0000NCRN,2013-10-13,TMAX,256
USW00093719,2007-08-16,TMAX,328
USW00093719,2007-08-16,TMIN,233
USC00310576,2010-12-03,TMAX,106
USW00093743,2012-02-05,TMIN,61
USW00093719,2011-04-19,TMIN,111
USR0000NCRN,2007-06-20,TMAX,300
USC00314689,2005-10-05,TMAX,294
USR0000NNWB,2010-03-19,TMIN,39
USW00013754,2007-12-03,TMIN,44
USR0000NNWB,2010-03-19,TMAX,239
USC00310356,2011-04-17,TMAX,222
USC00314144,2008-05-20,TMIN,111
USC00316096,2010-11-22,TMAX,200
USC00310576,2015-09-18,TMAX,261
USC00316676,2010-05-31,TMIN,172
USW00013754,2014-01-10,TMAX,211
USC00314689,2010-03-30,TMAX,206
USR0000NNWB,2010-09-16,TMAX,322
USR0000NNWB,2012-03-13,TMIN,117
USC00310356,2012-02-05,TMAX,178
USW00013754,2014-01-10,TMIN,44
USC00310356,2012-02-05,TMIN,72
USW00093765,2015-02-09,TMAX,167
USC00314689,2010-03-30,TMIN,106
USC00314144,2005-04-25,TMIN,6
USR0000NCRN,2014-11-09,TMAX,167
USW00093765,2015-02-09,TMIN,100
USC00316676,2014-06-17,TMAX,317
USC00310576,2015-09-18,TMIN,167
USC00316676,2014-06-17,TMIN,200
USW00093765,2009-12-27,TMAX,139
USW00093765,2009-12-27,TMIN,67
USC00314689,2005-10-05,TMIN,217
USW00093719,2006-03-11,TMIN,117
USW00013754,2007-12-03,TMAX,217
USR0000NCRN,2014-11-09,TMIN,56
USC00310356,2011-04-17,TMIN,122
USC00316096,2010-11-22,TMIN,50
USC00314144,2011-01-17,TMIN,-22
USR0000NNWB,2012-03-13,TMAX,239
USR0000NCRN,2007-06-20,TMIN,200
USC00314144,2005-04-25,TMAX,206
USC00316096,2012-11-25,TMIN,-28
USW00093765,2009-05-13,TMIN,128
USR0000NHOF,2011-04-17,TMIN,56
USR0000NHOF,2011-04-17,TMAX,217
USC00314689,2011-09-08,TMIN,206
USW00093743,2011-01-11,TMIN,-5
USC00314144,2010-02-16,TMAX,67
USC00314684,2008-08-14,TMIN,150
USW00093743,2011-01-11,TMAX,28
USR0000NHOF,2010-09-09,TMIN,150
USC00315830,2014-12-03,TMIN,94
USC00315830,2014-12-03,TMAX,133
USC00315830,2012-09-22,TMIN,167
USC00315830,2010-08-17,TMAX,311
USC00315830,2012-09-22,TMAX,272
USR0000NHOF,2010-09-09,TMAX,306
USW00093765,2008-08-21,TMAX,294
USC00314684,2014-10-15,TMIN,200
USC00314689,2011-09-08,TMAX,322
USW00093765,2008-08-21,TMIN,228
USC00314689,2011-04-27,TMIN,183
USC00310356,2005-12-25,TMIN,50
USC00315830,2010-08-17,TMIN,250
USC00310576,2005-07-20,TMAX,339
USC00317170,2008-06-11,TMIN,228
USC00317170,2008-06-11,TMAX,333
USC00310356,2005-12-25,TMAX,133
USW00093765,2014-06-21,TMAX,294
USC00314144,2010-02-16,TMIN,-44
USW00093765,2014-05-04,TMAX,250
USR0000NHOF,2005-11-10,TMIN,17
USC00315830,2006-10-24,TMAX,161
USC00316676,2005-06-22,TMIN,172
USC00317170,2014-07-21,TMAX,283
USC00314144,2008-02-11,TMIN,-6
USC00316096,2009-11-15,TMIN,94
USW00093719,2010-12-09,TMAX,56
USC00317170,2014-07-21,TMIN,211
USC00310356,2006-06-06,TMIN,167
USC00314684,2007-08-18,TMAX,317
USW00093719,2010-12-09,TMIN,-44
USW00093765,2014-05-04,TMIN,161
USC00310356,2014-05-24,TMIN,194
USC00316096,2015-08-28,TMAX,289
USC00310576,2008-09-22,TMAX,261
USR0000NNWB,2006-05-27,TMAX,306
USR0000NNWB,2006-05-27,TMIN,189
USC00310356,2014-05-24,TMAX,300
USC00314684,2012-03-06,TMAX,139
USW00093719,2014-04-08,TMAX,228
USW00093719,2014-04-08,TMIN,156
USC00310576,2008-09-22,TMIN,172
USC00316096,2015-08-28,TMIN,211
USC00314684,2015-12-02,TMAX,139
USC00314684,2015-12-02,TMIN,100
USR0000NHOF,2005-11-10,TMAX,211
USC00310356,2013-05-11,TMAX,228
USC00310576,2005-07-20,TMIN,250
USC00315830,2006-10-24,TMIN,17
USC00314684,2012-03-06,TMIN,-33
USR0000NHOF,2006-06-06,TMAX,239
USC00314684,2014-10-15,TMAX,294
USC00314684,2011-05-14,TMAX,261
USW00093743,2010-06-14,TMIN,239
USC00314684,2005-10-03,TMIN,144
USC00310356,2006-09-05,TMAX,272
USC00316676,2006-09-16,TMAX,261
USW00093765,2014-02-01,TMIN,-5
USW00093743,2007-09-13,TMIN,228
USC00316096,2012-11-27,TMAX,167
USC00310576,2011-07-09,TMAX,278
USC00314689,2008-09-07,TMAX,322
USC00317170,2008-07-31,TMAX,361
USW00093765,2011-11-12,TMIN,6
USW00093743,2007-09-13,TMAX,283
USC00317170,2008-07-31,TMIN,233
USC00314689,2013-06-21,TMAX,278
USW00093719,2007-03-15,TMAX,272
USW00093743,2010-09-17,TMIN,239
USW00093765,2014-02-01,TMAX,161
USC00316096,2012-11-27,TMIN,11
USW00093765,2015-04-06,TMIN,111
USC00314684,2007-09-13,TMAX,267
USW00093743,2010-09-17,TMAX,289
USW00093765,2008-03-13,TMIN,56
USW00093765,2008-03-13,TMAX,200
USC00310576,2009-06-07,TMIN,194
USW00093765,2015-04-06,TMAX,228
USC00316676,2006-09-16,TMIN,161
USW00013754,2011-01-01,TMAX,200
USW00093743,2013-05-11,TMIN,206
USC00314689,2013-06-21,TMIN,172
USW00093743,2010-06-14,TMAX,361
USC00316096,2014-08-30,TMIN,217
USC00314684,2011-05-14,TMIN,167
USC00310356,2013-05-11,TMIN,200
USW00093743,2009-01-05,TMIN,133
USC00310356,2011-02-19,TMIN,100
USC00314684,2014-10-27,TMIN,33
USW00093743,2009-01-05,TMAX,167
USC00310356,2011-02-19,TMAX,167
USC00314684,2014-10-27,TMAX,256
USR0000NHOF,2006-06-06,TMIN,139
USC00317170,2014-05-08,TMAX,333
USC00314684,2009-01-16,TMIN,-72
USC00317170,2014-05-08,TMIN,167
USR0000NHOF,2009-12-25,TMIN,33
USC00314684,2005-10-03,TMAX,267
USW00093719,2007-10-13,TMAX,239
USC00316096,2014-08-30,TMAX,300
USC00314684,2008-08-14,TMAX,217
USC00310576,2015-03-23,TMAX,150
USW00093719,2007-10-13,TMIN,83
USC00315830,2009-05-04,TMIN,206
USC00316676,2010-12-14,TMIN,-39
USC00315830,2009-05-04,TMAX,256
USC00316676,2010-12-14,TMAX,44
USW00093765,2014-06-21,TMIN,233
USW00093743,2013-05-11,TMAX,256
USR0000NNWB,2010-09-16,TMIN,200
USC00314689,2007-09-18,TMAX,261
USC00314684,2009-01-16,TMAX,106
USR0000NHOF,2009-12-25,TMAX,172
USC00310576,2013-05-26,TMIN,78
USC00314144,2009-08-14,TMAX,256
USC00310356,2009-12-25,TMAX,178
USC00315830,2014-08-23,TMIN,239
USC00315830,2014-08-23,TMAX,328
USC00314144,2008-11-15,TMAX,250
USR0000NCRN,2014-04-08,TMIN,150
USC00314144,2008-11-15,TMIN,122
USC00310576,2015-06-06,TMAX,244
USC00310576,2010-04-08,TMAX,306
USC00310576,2015-06-06,TMIN,194
USW00093719,2014-12-29,TMIN,83
USR0000NCRN,2014-04-08,TMAX,194
USC00316096,2009-07-30,TMAX,306
USW00093719,2011-11-17,TMIN,50
USW00093719,2011-11-17,TMAX,211
USC00316676,2010-03-15,TMIN,44
USC00316676,2010-03-15,TMAX,178
USR0000NNWB,2011-02-25,TMAX,222
USC00314684,2005-05-28,TMAX,300
USW00093719,2011-12-28,TMAX,122
USR0000NHOF,2011-07-13,TMAX,378
USW00093719,2006-07-25,TMAX,300
USC00314684,2005-05-28,TMIN,172
USW00093719,2006-07-25,TMIN,222
USR0000NHOF,2012-02-05,TMAX,144
USR0000NHOF,2012-02-05,TMIN,33
USR0000NHOF,2010-06-14,TMAX,350
USR0000NCRN,2011-01-01,TMAX,183
USC00310576,2007-02-21,TMAX,194
USC00310576,2006-04-21,TMAX,272
USC00310576,2007-02-21,TMIN,133
USC00310576,2006-04-21,TMIN,111
USC00316676,2006-11-25,TMAX,189
USC00310576,2009-12-31,TMAX,83
USC00314689,2009-08-15,TMAX,300
USC00310576,2014-08-24,TMIN,211
USR0000NCRN,2011-01-01,TMIN,6
USC00316096,2010-07-10,TMAX,306
USC00316096,2010-07-10,TMIN,239
USR0000NHOF,2011-07-13,TMIN,233
USW00013754,2009-12-10,TMAX,200
USC00314144,2006-10-02,TMAX,272
USW00013754,2015-01-09,TMAX,128
USC00314689,2008-11-16,TMIN,72
USW00093719,2014-12-29,TMAX,167
USC00314689,2005-02-14,TMAX,200
USC00314689,2008-11-16,TMAX,250
USC00314689,2005-02-14,TMIN,67
USW00093719,2006-09-07,TMIN,189
USW00013754,2009-12-10,TMIN,50
USC00314689,2009-08-15,TMIN,211
USR0000NHOF,2007-08-21,TMIN,217
USW00093719,2006-09-07,TMAX,272
USC00314144,2006-10-02,TMIN,94
USW00013754,2015-01-09,TMIN,-71
USC00315830,2005-11-23,TMAX,111
USC00315830,2005-11-23,TMIN,6
USC00316676,2006-11-25,TMIN,17
USR0000NHOF,2005-10-24,TMIN,83
USC00315830,2010-06-23,TMAX,322
USC00314689,2009-05-25,TMAX,283
USC00314684,2014-05-27,TMAX,311
USR0000NNWB,2011-02-25,TMIN,94
USC00314684,2014-05-27,TMIN,172
USW00093765,2010-05-09,TMIN,133
USR0000NCRN,2009-07-03,TMIN,206
USC00314144,2005-04-01,TMAX,272
USW00093765,2010-05-09,TMAX,211
USR0000NCRN,2009-07-03,TMAX,317
USC00316096,2009-06-30,TMIN,222
USC00316096,2009-06-30,TMAX,322
USC00314684,2009-02-08,TMIN,-11
USC00317170,2010-11-22,TMIN,72
USC00314689,2014-01-03,TMAX,100
USR0000NCRN,2011-06-13,TMAX,306
USR0000NCRN,2009-07-31,TMAX,300
USC00317170,2010-11-22,TMAX,233
USW00013754,2010-04-29,TMIN,39
USC00314684,2009-02-08,TMAX,206
USC00310356,2008-09-06,TMAX,300
USC00310356,2008-09-06,TMIN,244
USW00013754,2010-04-29,TMAX,228
USC00315830,2008-03-05,TMAX,200
USR0000NNWB,2014-01-10,TMAX,206
USC00317170,2013-01-23,TMAX,50
USC00315830,2008-03-05,TMIN,156
USC00314689,2005-03-19,TMAX,144
USC00314144,2009-11-17,TMAX,189
USW00093719,2014-12-17,TMAX,172
USC00314684,2007-08-18,TMIN,194
USC00315830,2009-05-23,TMIN,167
USR0000NHOF,2014-01-10,TMAX,222
USC00314684,2015-01-06,TMIN,-33
USR0000NHOF,2014-01-10,TMIN,39
USC00310356,2008-10-05,TMIN,122
USR0000NHOF,2010-06-14,TMIN,222
USR0000NHOF,2007-02-09,TMAX,89
USR0000NCRN,2013-03-01,TMIN,-6
USC00310356,2008-10-05,TMAX,250
USR0000NCRN,2013-03-01,TMAX,111
USW00093719,2011-12-28,TMIN,39
USR0000NNWB,2010-02-05,TMAX,172
USR0000NHOF,2005-10-24,TMAX,167
USW00093719,2010-02-04,TMIN,-22
USR0000NHOF,2007-02-09,TMIN,-83
USW00093719,2010-02-04,TMAX,72
USW00093743,2008-01-18,TMAX,211
USR0000NHOF,2011-05-30,TMIN,167
USC00315830,2011-02-24,TMAX,156
USW00013754,2013-06-06,TMAX,267
USC00310576,2007-05-23,TMIN,133
USC00314689,2014-08-30,TMAX,322
USC00314689,2013-10-20,TMIN,122
USC00314689,2013-12-24,TMAX,44
USC00314689,2014-08-30,TMIN,200
USW00013754,2013-06-06,TMIN,222
USC00314684,2011-07-29,TMIN,244
USC00314684,2011-07-29,TMAX,389
USC00310576,2005-11-11,TMAX,139
USC00314689,2013-10-20,TMAX,244
USC00316096,2015-12-03,TMIN,61
USW00093719,2011-10-24,TMIN,100
USW00093719,2011-10-24,TMAX,222
USR0000NNWB,2010-02-05,TMIN,33
USC00310356,2009-12-25,TMIN,17
USC00315830,2011-02-24,TMIN,17
USC00310356,2007-02-09,TMIN,-39
USC00314689,2007-02-02,TMAX,94
USW00093719,2007-02-26,TMAX,178
USC00310576,2008-10-17,TMIN,144
USC00316676,2011-06-21,TMAX,333
USR0000NNWB,2008-02-18,TMAX,217
USC00314689,2005-06-22,TMAX,328
USW00093719,2007-02-26,TMIN,72
USC00317170,2010-06-12,TMIN,189
USC00317170,2010-06-12,TMAX,356
USW00093719,2015-07-25,TMIN,178
USC00314684,2015-04-13,TMIN,89
USC00316676,2011-11-20,TMIN,61
USW00093765,2005-01-23,TMAX,39
USW00093765,2005-01-23,TMIN,-39
USC00310576,2008-10-04,TMIN,83
USC00316676,2011-11-20,TMAX,206
USC00314684,2015-01-06,TMAX,128
USC00314689,2005-10-28,TMIN,78
USC00316096,2013-12-06,TMIN,183
USC00316096,2013-12-06,TMAX,233
USR0000NCRN,2015-06-13,TMIN,244
USR0000NCRN,2015-06-13,TMAX,328
USC00314684,2015-04-13,TMAX,228
USR0000NCRN,2014-01-30,TMAX,17
USC00315830,2012-11-04,TMAX,233
USC00316676,2010-04-20,TMIN,61
USC00310576,2008-10-17,TMAX,294
USW00093719,2015-07-25,TMAX,306
USC00310356,2014-07-09,TMIN,267
USW00093719,2007-05-16,TMIN,150
USR0000NNWB,2008-02-18,TMIN,133
USW00013754,2010-03-30,TMIN,111
USW00013754,2005-05-26,TMIN,122
USC00315830,2013-05-24,TMIN,206
USC00315830,2013-05-24,TMAX,272
USW00013754,2010-03-30,TMAX,206
USC00314689,2005-06-22,TMIN,194
USC00310576,2009-11-19,TMAX,194
USW00093765,2006-07-29,TMIN,267
USW00093719,2007-05-16,TMAX,283
USC00310356,2009-01-05,TMIN,128
USC00310356,2009-01-05,TMAX,150
USC00317170,2013-01-15,TMIN,100
USC00317170,2013-01-15,TMAX,172
USR0000NNWB,2012-07-15,TMIN,222
USR0000NNWB,2012-07-15,TMAX,322
USW00093765,2006-08-12,TMIN,200
USW00013754,2010-02-05,TMAX,172
USW00013754,2010-02-05,TMIN,33
USC00310576,2009-11-19,TMIN,156
USC00314144,2009-08-14,TMIN,200
USC00316676,2012-08-22,TMAX,261
USW00093765,2006-08-12,TMAX,256
USC00314144,2010-10-28,TMAX,261
USR0000NCRN,2014-01-30,TMIN,-56
USW00013754,2005-05-26,TMAX,261
USC00316676,2011-06-21,TMIN,194
USC00316676,2012-08-22,TMIN,211
USC00314689,2007-02-02,TMIN,17
USW00093743,2008-01-27,TMAX,200
USC00316096,2013-06-21,TMIN,189
USC00316096,2013-06-21,TMAX,283
USC00310576,2006-08-16,TMIN,178
USC00316676,2006-02-04,TMIN,117
USC00314689,2007-09-18,TMIN,117
USC00316676,2006-02-04,TMAX,200
USR0000NNWB,2015-11-09,TMIN,122
USC00314144,2010-04-27,TMIN,111
USC00310576,2006-08-16,TMAX,311
USC00316676,2015-02-04,TMAX,89
USC00314689,2011-05-05,TMAX,194
USC00314689,2011-05-05,TMIN,72
USC00310356,2014-07-09,TMAX,300
USC00310576,2010-04-08,TMIN,172
USW00093719,2014-12-17,TMIN,61
USC00314689,2009-11-16,TMIN,67
USC00316096,2011-01-21,TMIN,-22
USC00310356,2005-12-31,TMAX,144
USC00316096,2011-01-21,TMAX,128
USC00310576,2014-08-24,TMAX,294
USC00310576,2009-12-31,TMIN,0
USC00310356,2005-12-31,TMIN,-39
USC00314689,2009-11-16,TMAX,228
USR0000NNWB,2007-02-26,TMIN,78
USC00316096,2009-07-30,TMIN,244
USR0000NNWB,2007-02-26,TMAX,194
USR0000NNWB,2010-07-22,TMAX,356
USC00314144,2011-04-29,TMIN,100
USC00310356,2007-02-09,TMAX,83
USR0000NNWB,2015-11-09,TMAX,217
USC00314684,2012-04-13,TMIN,11
USC00314684,2012-04-13,TMAX,167
USR0000NNWB,2010-07-22,TMIN,239
USC00314144,2011-03-24,TMAX,211
USC00316676,2010-04-20,TMAX,206
USW00093743,2008-01-27,TMIN,0
USC00315830,2012-11-04,TMIN,33
USC00314144,2010-04-27,TMAX,222
USW00093719,2005-03-08,TMAX,183
USR0000NHOF,2011-05-30,TMAX,300
USC00315830,2006-11-27,TMIN,94
USC00314689,2009-05-25,TMIN,178
USR0000NCRN,2015-05-04,TMIN,89
USC00316096,2015-08-17,TMAX,311
USW00093765,2009-05-24,TMAX,261
USW00093765,2009-05-24,TMIN,206
USR0000NHOF,2008-03-04,TMIN,111
USR0000NCRN,2015-05-04,TMAX,256
USC00310576,2007-05-23,TMAX,244
USC00315830,2009-10-01,TMIN,117
USC00315830,2009-10-01,TMAX,244
USC00314684,2013-09-13,TMAX,317
USC00316096,2015-08-17,TMIN,189
USC00317170,2009-01-30,TMAX,122
USC00316676,2012-09-17,TMIN,167
USC00314144,2011-04-29,TMAX,244
USC00316676,2015-02-04,TMIN,-17
USC00314684,2013-09-13,TMIN,178
USC00314689,2005-10-28,TMAX,178
USR0000NHOF,2008-03-04,TMAX,228
USC00316676,2012-09-17,TMAX,244
USC00315830,2006-11-27,TMAX,233
USR0000NNWB,2008-07-06,TMIN,217
USC00310576,2013-05-26,TMAX,217
USR0000NCRN,2008-04-05,TMAX,217
USW00093765,2014-05-08,TMIN,200
USW00093765,2014-07-21,TMIN,228
USC00314684,2005-11-21,TMAX,150
USC00315830,2009-11-04,TMIN,94
USC00316676,2011-05-29,TMAX,294
USR0000NCRN,2012-06-22,TMAX,289
USR0000NHOF,2009-01-05,TMIN,139
USW00013754,2011-04-05,TMIN,89
USR0000NCRN,2012-06-22,TMIN,217
USR0000NNWB,2005-02-17,TMAX,133
USR0000NNWB,2005-02-17,TMIN,39
USW00013754,2015-10-11,TMAX,239
USC00314684,2005-11-21,TMIN,-33
USW00093719,2005-04-24,TMIN,44
USW00013754,2011-04-05,TMAX,217
USW00093719,2005-04-24,TMAX,128
USW00093765,2009-09-13,TMIN,183
USR0000NHOF,2006-06-12,TMAX,306
USC00316096,2014-10-15,TMIN,150
USR0000NHOF,2009-01-05,TMAX,194
USW00013754,2010-08-15,TMAX,322
USW00013754,2010-08-15,TMIN,217
USC00316676,2015-03-16,TMAX,222
USC00316096,2014-10-15,TMAX,261
USR0000NHOF,2006-06-12,TMIN,200
USC00310576,2005-04-22,TMAX,294
USW00093765,2009-09-13,TMAX,272
USC00314684,2008-09-29,TMAX,283
USC00316096,2011-12-14,TMIN,0
USC00314684,2008-09-29,TMIN,161
USC00316096,2013-10-21,TMIN,94
USR0000NNWB,2010-12-31,TMIN,-28
USC00314689,2014-10-27,TMAX,261
USW00093719,2006-10-04,TMAX,283
USR0000NHOF,2009-12-27,TMIN,28
USC00314144,2006-06-05,TMIN,156
USR0000NHOF,2009-12-27,TMAX,133
USR0000NCRN,2007-02-09,TMAX,83
USC00316676,2013-03-16,TMAX,172
USR0000NCRN,2007-02-09,TMIN,61
USW00093743,2012-04-04,TMAX,239
USW00093743,2012-04-04,TMIN,178
USW00093765,2014-05-08,TMAX,256
USW00013754,2009-06-18,TMAX,272
USC00316676,2013-03-16,TMIN,0
USC00314144,2007-10-08,TMIN,161
USC00314689,2009-07-03,TMAX,328
USC00314144,2007-10-08,TMAX,328
USC00314689,2009-07-03,TMIN,194
USC00316096,2013-10-21,TMAX,206
USC00310576,2005-02-04,TMIN,17
USC00314144,2006-06-05,TMAX,267
USW00093765,2015-03-11,TMIN,139
USR0000NCRN,2013-03-05,TMAX,144
USR0000NCRN,2013-03-05,TMIN,-28
USC00315830,2009-11-04,TMAX,206
USC00310576,2009-03-03,TMAX,39
USW00093765,2014-07-21,TMAX,289
USW00093765,2015-03-11,TMAX,189
USW00093765,2015-11-17,TMIN,56
USR0000NHOF,2012-04-04,TMAX,278
USR0000NHOF,2012-04-04,TMIN,139
USW00093743,2007-07-09,TMAX,294
USC00314689,2015-12-03,TMIN,94
USC00314689,2015-12-03,TMAX,222
USC00317170,2008-02-17,TMAX,222
USW00093765,2008-09-07,TMIN,256
USR0000NHOF,2015-01-01,TMAX,133
USC00317170,2008-02-17,TMIN,50
USR0000NCRN,2007-11-27,TMAX,222
USR0000NNWB,2007-08-28,TMIN,217
USC00317170,2015-12-30,TMAX,244
USC00317170,2015-12-30,TMIN,178
USW00013754,2007-06-30,TMAX,311
USR0000NHOF,2015-01-01,TMIN,-44
USC00310576,2010-02-10,TMAX,106
USC00310576,2010-02-10,TMIN,6
USR0000NCRN,2007-06-11,TMIN,150
USW00093765,2010-02-04,TMIN,11
USW00093765,2008-09-07,TMAX,300
USW00093765,2010-02-04,TMAX,89
USC00310356,2011-06-12,TMIN,239
USW00093719,2009-12-31,TMAX,133
USC00314689,2010-09-05,TMAX,300
USR0000NNWB,2007-08-20,TMAX,356
USW00093743,2007-07-09,TMIN,222
USC00310356,2011-06-12,TMAX,289
USW00093719,2009-12-31,TMIN,50
USC00316676,2007-06-20,TMIN,217
USC00310576,2015-11-21,TMIN,50
USW00013754,2015-10-11,TMIN,156
USR0000NCRN,2007-11-27,TMIN,72
USR0000NNWB,2006-02-26,TMAX,100
USC00310576,2005-04-22,TMIN,106
USC00317170,2009-02-02,TMIN,44
USW00093765,2011-08-23,TMIN,228
USW00013754,2010-03-12,TMIN,144
USW00093765,2012-05-25,TMIN,228
USW00093765,2012-05-25,TMAX,289
USC00316096,2011-12-14,TMAX,150
USW00093765,2011-08-23,TMAX,300
USW00093719,2006-10-04,TMIN,117
USW00013754,2010-03-12,TMAX,178
USR0000NNWB,2007-10-08,TMAX,328
USC00314684,2010-07-12,TMAX,317
USC00315830,2013-06-06,TMAX,272
USC00314689,2014-10-27,TMIN,50
USC00310576,2015-11-21,TMAX,194
USC00314689,2010-09-05,TMIN,144
USC00314684,2010-07-12,TMIN,194
USC00315830,2010-08-25,TMIN,211
USR0000NNWB,2010-12-31,TMAX,172
USR0000NHOF,2009-07-03,TMIN,150
USC00315830,2010-08-25,TMAX,283
USR0000NNWB,2006-02-26,TMIN,-33
USR0000NCRN,2009-02-27,TMAX,194
USR0000NCRN,2009-02-27,TMIN,28
USR0000NHOF,2009-07-03,TMAX,306
USR0000NNWB,2007-10-08,TMIN,200
USC00314144,2009-11-29,TMIN,0
USC00314144,2009-11-29,TMAX,194
USC00315830,2013-06-06,TMIN,200
USC00315830,2009-02-22,TMAX,161
USR0000NNWB,2007-08-28,TMAX,322
USC00310576,2005-02-04,TMAX,106
USW00093719,2013-08-26,TMAX,294
USW00093719,2013-08-26,TMIN,167
USC00310576,2011-02-19,TMAX,211
USW00013754,2008-02-27,TMAX,133
USC00314684,2005-01-17,TMAX,28
USW00013754,2009-06-18,TMIN,194
USC00317170,2014-12-16,TMIN,0
USC00310356,2006-06-12,TMAX,278
USC00310356,2006-06-12,TMIN,167
USC00310576,2011-02-19,TMIN,72
USC00317170,2015-03-12,TMAX,233
USW00093765,2008-07-31,TMAX,300
USW00093743,2008-03-04,TMIN,150
USC00316676,2013-02-03,TMIN,-33
USC00317170,2015-03-12,TMIN,111
USC00315830,2010-10-14,TMIN,117
USC00316676,2013-02-03,TMAX,100
USW00093765,2008-07-31,TMIN,233
USC00317170,2012-12-20,TMAX,183
USR0000NHOF,2006-09-05,TMIN,194
USW00093765,2006-02-07,TMAX,100
USW00093765,2006-02-07,TMIN,0
USC00310356,2014-11-29,TMIN,6
USR0000NHOF,2012-12-20,TMIN,22
USC00317170,2009-10-21,TMAX,250
USW00093765,2011-05-24,TMAX,278
USR0000NCRN,2005-12-31,TMIN,22
USC00317170,2014-12-16,TMAX,200
USC00317170,2009-10-21,TMIN,50
USC00317170,2012-04-13,TMIN,17
USC00314684,2012-01-15,TMAX,72
USW00093743,2008-07-05,TMIN,206
USR0000NHOF,2014-10-29,TMAX,289
USR0000NHOF,2014-10-29,TMIN,167
USW00093743,2011-02-19,TMIN,100
USW00013754,2008-02-27,TMIN,11
USW00093743,2011-02-19,TMAX,217
USR0000NCRN,2015-12-30,TMIN,189
USW00093719,2008-06-21,TMAX,256
USC00316096,2011-10-02,TMAX,189
USW00013754,2015-11-09,TMIN,133
USC00317170,2014-07-26,TMIN,206
USC00310356,2014-03-27,TMAX,78
USC00314684,2012-01-06,TMAX,200
USR0000NCRN,2008-03-01,TMIN,67
USR0000NCRN,2015-12-30,TMAX,244
USC00317170,2014-07-26,TMAX,311
USC00314684,2012-01-15,TMIN,-39
USR0000NCRN,2015-04-06,TMAX,222
USR0000NCRN,2015-04-06,TMIN,89
USR0000NHOF,2014-07-06,TMAX,311
USC00314689,2008-11-26,TMAX,128
USC00310576,2015-03-13,TMAX,172
USW00093719,2008-06-21,TMIN,178
USC00315830,2014-02-07,TMAX,83
USC00315830,2014-02-07,TMIN,0
USC00317170,2012-04-13,TMAX,206
USC00310356,2014-11-29,TMAX,72
USC00314689,2008-11-26,TMIN,-11
USC00310576,2015-03-13,TMIN,33
USR0000NNWB,2007-08-04,TMAX,344
USR0000NHOF,2012-12-20,TMAX,200
USC00315830,2010-10-14,TMAX,267
USR0000NCRN,2007-12-13,TMAX,217
USR0000NHOF,2007-09-20,TMAX,233
USR0000NNWB,2008-01-16,TMAX,83
USC00317170,2011-10-03,TMAX,206
USW00093765,2010-05-12,TMAX,250
USC00310576,2007-07-07,TMAX,333
USC00310356,2012-04-04,TMAX,211
USR0000NCRN,2008-05-13,TMIN,78
USR0000NCRN,2005-06-09,TMIN,222
USR0000NCRN,2008-05-13,TMAX,217
USC00310356,2012-04-04,TMIN,156
USW00013754,2014-01-05,TMIN,50
USR0000NNWB,2008-01-16,TMIN,-39
USC00315830,2009-08-19,TMIN,261
USC00314689,2006-03-21,TMIN,50
USC00314684,2007-07-24,TMIN,150
USC00310576,2009-03-03,TMIN,-22
USC00316676,2015-03-16,TMIN,50
USC00314684,2007-07-24,TMAX,294
USR0000NNWB,2010-03-30,TMAX,211
USW00093719,2009-06-03,TMAX,306
USW00093719,2009-06-03,TMIN,194
USW00013754,2014-01-05,TMAX,200
USW00093765,2010-05-12,TMIN,194
USR0000NHOF,2014-03-27,TMAX,161
USC00317170,2011-10-03,TMIN,83
USC00310576,2007-07-07,TMIN,211
USC00317170,2012-12-20,TMIN,50
USR0000NNWB,2010-03-30,TMIN,117
USR0000NHOF,2007-09-20,TMIN,200
USR0000NCRN,2005-06-09,TMAX,289
USR0000NHOF,2006-09-05,TMAX,289
USC00314689,2008-04-26,TMIN,156
USC00314144,2005-10-31,TMAX,233
USC00317170,2007-06-10,TMIN,200
USC00314144,2005-10-31,TMIN,0
USW00093765,2005-07-20,TMAX,311
USC00314689,2008-04-26,TMAX,278
USC00314684,2005-01-17,TMIN,-17
USR0000NCRN,2007-12-13,TMIN,117
USC00310356,2014-03-27,TMIN,0
USW00093765,2011-05-24,TMIN,244
USC00310576,2005-08-26,TMAX,289
USR0000NHOF,2014-03-27,TMIN,-56
USC00310576,2005-08-26,TMIN,178
USR0000NHOF,2014-07-06,TMIN,128
USR0000NNWB,2010-05-02,TMAX,339
USC00316096,2011-02-17,TMAX,194
USC00317170,2011-11-12,TMIN,-6
USC00317170,2011-11-12,TMAX,178
USR0000NNWB,2010-05-02,TMIN,222
USC00315830,2009-08-19,TMAX,306
USC00310356,2015-06-13,TMIN,250
USR0000NNWB,2008-05-19,TMIN,150
USC00315830,2009-12-25,TMAX,172
USR0000NNWB,2008-05-19,TMAX,267
USC00315830,2009-12-25,TMIN,50
USC00310356,2015-06-13,TMAX,283
USC00316096,2011-02-17,TMIN,33
USR0000NNWB,2015-10-11,TMIN,150
USC00314684,2010-04-02,TMAX,283
USC00316676,2007-06-20,TMAX,350
USR0000NHOF,2008-07-05,TMIN,217
USW00093765,2008-09-23,TMAX,256
USC00310356,2007-05-23,TMIN,156
USW00013754,2007-06-30,TMIN,228
USW00093765,2008-09-23,TMIN,183
USC00315830,2006-12-09,TMAX,83
USC00314144,2008-01-11,TMIN,156
USC00315830,2006-12-09,TMIN,-67
USC00316096,2010-06-19,TMAX,311
USW00013754,2010-02-16,TMAX,72
USW00013754,2010-09-28,TMAX,261
USW00013754,2010-02-16,TMIN,-21
USW00013754,2010-09-28,TMIN,194
USC00314144,2007-09-10,TMIN,200
USC00310576,2015-04-11,TMIN,178
USR0000NCRN,2009-03-29,TMAX,211
USR0000NCRN,2009-03-29,TMIN,128
USW00013754,2008-12-05,TMIN,33
USW00013754,2008-12-05,TMAX,100
USC00310356,2007-05-23,TMAX,250
USW00093743,2014-05-24,TMIN,178
USC00317170,2015-08-29,TMIN,183
USC00315830,2010-01-28,TMIN,44
USR0000NHOF,2011-10-07,TMAX,244
USC00316096,2012-07-28,TMAX,317
USC00310576,2012-06-25,TMIN,189
USR0000NHOF,2011-10-07,TMIN,83
USC00314689,2007-11-30,TMAX,161
USC00310356,2010-06-14,TMAX,300
USC00314144,2008-01-11,TMAX,228
USC00315830,2011-02-06,TMIN,67
USR0000NHOF,2014-07-09,TMAX,356
USW00093719,2012-09-12,TMIN,133
USW00013754,2011-08-26,TMAX,278
USW00093719,2012-09-12,TMAX,272
USC00315830,2013-03-08,TMAX,139
USR0000NHOF,2008-08-30,TMIN,200
USC00316676,2010-01-28,TMAX,117
USC00316676,2010-01-28,TMIN,-17
USR0000NHOF,2008-08-30,TMAX,328
USR0000NHOF,2005-12-04,TMIN,94
USC00310576,2015-03-23,TMIN,89
USW00013754,2015-04-30,TMAX,189
USC00316676,2012-03-26,TMIN,139
USC00316676,2012-03-26,TMAX,228
USC00314144,2008-07-29,TMIN,244
USR0000NNWB,2011-02-13,TMAX,156
USW00013754,2009-02-03,TMIN,-16
USC00314689,2005-01-14,TMIN,50
USC00310356,2011-10-22,TMAX,183
USC00314689,2013-10-21,TMAX,211
USC00314689,2005-01-14,TMAX,256
USC00310356,2011-10-22,TMIN,117
USC00314689,2013-10-21,TMIN,67
USC00315830,2011-02-06,TMAX,144
USC00316676,2012-01-16,TMAX,83
USC00314144,2008-07-29,TMAX,317
USC00317170,2011-12-31,TMAX,189
USR0000NHOF,2008-07-05,TMAX,300
USC00314684,2006-10-31,TMIN,61
USC00314684,2006-10-31,TMAX,256
USC00310356,2010-06-14,TMIN,250
USC00314689,2013-12-06,TMIN,61
USC00317170,2015-08-29,TMAX,294
USR0000NHOF,2011-10-22,TMAX,194
USR0000NHOF,2011-10-22,TMIN,28
USC00310576,2014-05-27,TMAX,300
USC00310576,2008-05-24,TMIN,122
USC00314684,2015-10-26,TMIN,83
USW00093719,2012-09-18,TMAX,294
USR0000NNWB,2010-07-21,TMAX,356
USR0000NCRN,2010-12-14,TMIN,-50
USC00316096,2009-11-15,TMAX,206
USC00314684,2011-05-11,TMAX,267
USC00314689,2013-12-06,TMAX,261
USR0000NNWB,2010-07-21,TMIN,239
USW00093765,2015-11-17,TMAX,217
USC00316676,2007-01-11,TMAX,89
USW00093719,2012-09-18,TMIN,211
USC00310356,2006-09-05,TMIN,161
USW00093719,2007-03-14,TMIN,106
USC00314144,2008-02-11,TMAX,133
USW00093719,2007-03-14,TMAX,278
USW00093765,2009-05-13,TMAX,228
USR0000NNWB,2015-10-11,TMAX,233
USC00316676,2007-01-11,TMIN,-28
USC00316676,2005-06-22,TMAX,278
USC00310356,2006-06-06,TMAX,261
USC00310576,2011-07-09,TMIN,239
USR0000NHOF,2005-12-25,TMAX,172
USR0000NHOF,2005-12-25,TMIN,72
USR0000NNWB,2010-08-15,TMIN,217
USW00093719,2015-01-30,TMAX,111
USW00013754,2013-01-14,TMIN,133
USW00093743,2014-05-24,TMAX,267
USW00013754,2013-01-14,TMAX,256
USR0000NCRN,2010-12-14,TMAX,11
USC00314684,2015-10-26,TMAX,250
USC00310576,2015-04-11,TMAX,272
USC00315830,2005-01-22,TMAX,150
USC00310576,2010-12-02,TMIN,17
USC00314684,2013-01-25,TMAX,39
USC00310576,2010-12-02,TMAX,211
USC00315830,2005-01-22,TMIN,-22
USC00314684,2013-01-25,TMIN,-83
USC00315830,2014-05-24,TMAX,278
USC00315830,2013-03-08,TMIN,22
USC00315830,2014-05-24,TMIN,183
USW00093719,2015-01-30,TMIN,22
USC00315830,2006-07-27,TMIN,256
USW00013754,2015-04-30,TMIN,122
USR0000NNWB,2011-02-13,TMIN,-28
USC00315830,2006-07-27,TMAX,306
USC00310356,2011-02-12,TMIN,6
USC00310576,2008-05-24,TMAX,256
USC00310576,2012-06-25,TMAX,311
USC00310576,2006-03-21,TMAX,72
USW00013754,2008-05-19,TMIN,150
USC00310576,2014-05-27,TMIN,178
USR0000NNWB,2010-08-15,TMAX,339
USW00013754,2008-05-19,TMAX,250
USC00310576,2006-03-21,TMIN,50
USW00093719,2005-11-17,TMAX,222
USR0000NCRN,2007-06-11,TMAX,261
USC00310576,2013-01-28,TMAX,78
USC00316096,2012-07-28,TMIN,211
USC00315830,2011-06-04,TMAX,294
USC00316096,2014-10-27,TMAX,244
USC00316676,2008-11-06,TMAX,194
USC00317170,2007-05-27,TMIN,144
USC00317170,2014-02-01,TMAX,117
USC00317170,2007-05-27,TMAX,306
USC00316676,2009-10-23,TMAX,211
USC00317170,2007-06-10,TMAX,289
USC00314689,2015-01-08,TMIN,-100
USW00093743,2009-07-03,TMIN,211
USC00314689,2009-06-30,TMIN,183
USW00093743,2009-07-03,TMAX,317
USC00314689,2009-06-30,TMAX,339
USC00310576,2014-02-02,TMAX,139
USC00310576,2012-03-30,TMAX,283
USW00093719,2013-12-01,TMAX,139
USC00310576,2012-03-30,TMIN,122
USR0000NHOF,2011-08-20,TMAX,317
USC00317170,2011-12-31,TMIN,67
USC00315830,2011-06-04,TMIN,150
USC00314684,2011-08-26,TMAX,344
USC00316096,2010-11-25,TMAX,211
USW00093719,2006-12-23,TMAX,217
USW00093719,2006-12-23,TMIN,117
USC00314689,2007-11-30,TMIN,67
USC00310576,2014-02-02,TMIN,-6
USW00093743,2009-12-27,TMAX,128
USR0000NCRN,2015-06-18,TMIN,233
USR0000NCRN,2006-06-20,TMIN,233
USR0000NHOF,2005-12-04,TMAX,206
USC00314684,2010-04-02,TMIN,39
USC00310356,2015-04-14,TMAX,256
USC00315830,2008-02-16,TMAX,133
USR0000NCRN,2013-05-10,TMIN,133
USR0000NCRN,2013-05-10,TMAX,267
USC00316676,2008-11-06,TMIN,128
USR0000NCRN,2009-03-06,TMAX,178
USW00093743,2012-12-20,TMIN,39
USC00310356,2015-04-14,TMIN,161
USC00315830,2009-02-22,TMIN,39
USW00093743,2012-12-20,TMAX,189
USW00093719,2013-12-01,TMIN,56
USC00314689,2009-07-30,TMIN,233
USC00314689,2009-07-30,TMAX,333
USC00316096,2014-10-27,TMIN,56
USC00316676,2009-10-01,TMAX,222
USC00310576,2012-11-26,TMAX,111
USC00315830,2013-02-04,TMAX,117
USC00315830,2013-02-04,TMIN,-17
USC00310576,2012-11-26,TMIN,-11
USW00013754,2009-02-03,TMAX,100
USW00093719,2005-11-17,TMIN,39
USC00315830,2008-02-16,TMIN,72
USC00316676,2009-10-01,TMIN,83
USC00314684,2015-03-24,TMAX,128
USC00317170,2014-02-01,TMIN,-28
USW00093743,2009-12-27,TMIN,56
USR0000NCRN,2006-06-20,TMAX,311
USC00316676,2005-11-09,TMIN,117
USC00314684,2015-06-05,TMIN,178
USR0000NHOF,2014-11-29,TMAX,139
USC00314689,2012-11-25,TMAX,106
USW00013754,2011-09-23,TMIN,217
USC00317170,2008-12-10,TMIN,167
USC00316676,2011-05-29,TMIN,189
USW00093719,2012-06-21,TMAX,350
USW00093765,2009-03-15,TMIN,83
USC00314144,2006-04-16,TMIN,128
USR0000NHOF,2014-05-24,TMAX,283
USC00310356,2005-11-10,TMAX,228
USW00093719,2006-04-13,TMAX,267
USC00310356,2005-11-10,TMIN,194
USW00093765,2009-09-05,TMIN,194
USC00314684,2015-03-24,TMIN,17
USC00310356,2009-07-03,TMIN,228
USW00093765,2009-03-15,TMAX,133
USC00314144,2007-09-10,TMAX,333
USC00310356,2009-07-03,TMAX,317
USC00316676,2005-11-09,TMAX,256
USC00310356,2012-12-20,TMIN,83
USR0000NHOF,2008-09-19,TMAX,250
USC00314144,2006-04-16,TMAX,328
USR0000NHOF,2008-09-19,TMIN,133
USR0000NHOF,2015-04-14,TMIN,194
USW00013754,2011-08-26,TMIN,239
USC00316676,2009-10-23,TMIN,72
USW00093765,2009-09-05,TMAX,289
USC00316096,2010-06-19,TMIN,228
USR0000NNWB,2006-07-25,TMIN,228
USC00310576,2013-01-28,TMIN,-6
USR0000NCRN,2009-03-06,TMIN,6
USR0000NNWB,2006-07-25,TMAX,306
USR0000NHOF,2011-08-20,TMIN,200
USR0000NHOF,2014-11-29,TMIN,-33
USC00316676,2012-01-16,TMIN,-44
USC00314689,2015-01-17,TMAX,122
USC00314689,2015-01-17,TMIN,-6
USR0000NCRN,2015-06-18,TMAX,311
USR0000NCRN,2006-11-01,TMAX,256
USR0000NCRN,2006-11-01,TMIN,139
USW00093765,2014-07-18,TMIN,206
USW00093765,2014-07-18,TMAX,294
USR0000NHOF,2015-04-14,TMAX,272
USC00310356,2009-12-27,TMIN,61
USR0000NHOF,2014-05-24,TMIN,122
USC00310356,2012-12-20,TMAX,183
USR0000NHOF,2014-07-09,TMIN,256
USC00317170,2008-12-10,TMAX,211
USC00314684,2015-06-05,TMAX,272
USC00316096,2010-11-25,TMIN,22
USW00093719,2012-06-21,TMIN,211
USC00314684,2011-08-26,TMIN,211
USR0000NCRN,2015-01-02,TMAX,156
USC00310356,2009-12-27,TMAX,128
USR0000NCRN,2015-01-02,TMIN,67
USR0000NCRN,2009-11-19,TMIN,228
USR0000NCRN,2009-11-19,TMAX,244
USC00310576,2009-03-26,TMAX,122
USC00310576,2009-03-26,TMIN,28
USC00314689,2012-11-25,TMIN,-39
USW00093719,2006-04-13,TMIN,83
USC00310576,2008-04-18,TMIN,50
USC00310576,2005-11-11,TMIN,0
USW00093719,2010-05-31,TMIN,206
USC00310356,2013-06-23,TMAX,261
USC00310356,2013-06-23,TMIN,239
USC00314689,2009-08-13,TMIN,222
USC00315830,2011-01-22,TMIN,-39
USW00093743,2013-06-23,TMAX,283
USW00093743,2013-06-23,TMIN,233
USC00315830,2011-01-22,TMAX,83
USC00316096,2011-08-26,TMIN,233
USC00310356,2015-02-28,TMAX,106
USW00093765,2011-04-29,TMAX,261
USC00314144,2009-05-15,TMIN,178
USR0000NCRN,2009-11-05,TMAX,200
USW00093765,2012-08-02,TMAX,306
USW00093765,2011-04-29,TMIN,178
USC00310356,2015-02-28,TMIN,-22
USC00315830,2012-08-18,TMAX,300
USC00314689,2009-08-13,TMAX,294
USC00310576,2012-01-08,TMAX,200
USC00310576,2012-01-08,TMIN,72
USW00093765,2005-02-02,TMIN,11
USC00310576,2012-02-08,TMAX,150
USC00315830,2012-08-18,TMIN,239
USR0000NCRN,2015-09-19,TMIN,211
USW00013754,2013-12-26,TMAX,67
USC00310356,2009-09-26,TMIN,211
USR0000NHOF,2015-05-02,TMIN,44
USC00310356,2009-09-26,TMAX,294
USC00316096,2011-08-26,TMAX,289
USC00314689,2013-09-03,TMIN,211
USC00314144,2008-06-13,TMIN,122
USC00314689,2011-12-31,TMIN,22
USW00093719,2008-11-27,TMIN,-39
USC00316676,2014-11-28,TMIN,17
USW00093719,2007-01-05,TMAX,233
USC00317170,2008-08-19,TMAX,328
USC00314684,2005-12-30,TMIN,17
USW00013754,2008-01-05,TMIN,-66
USW00093765,2005-02-02,TMAX,106
USC00314689,2010-07-10,TMAX,339
USC00315830,2014-03-27,TMAX,111
USR0000NNWB,2015-05-08,TMAX,283
USR0000NCRN,2012-01-24,TMAX,222
USW00013754,2008-01-05,TMAX,133
USW00093765,2012-03-04,TMIN,67
USW00093765,2008-06-11,TMIN,239
USC00314689,2010-07-10,TMIN,239
USC00314684,2011-12-14,TMIN,0
USC00314684,2011-12-14,TMAX,150
USW00093765,2008-06-11,TMAX,294
USW00093765,2008-10-24,TMAX,211
USC00317170,2008-08-19,TMIN,183
USC00316676,2014-11-28,TMAX,144
USW00093765,2015-06-05,TMIN,189
USW00093765,2015-06-05,TMAX,256
USW00093743,2013-01-28,TMIN,-5
USC00315830,2014-03-27,TMIN,-28
USW00093743,2013-01-28,TMAX,122
USR0000NNWB,2015-05-08,TMIN,178
USC00314684,2005-12-30,TMAX,161
USC00314144,2010-04-20,TMAX,217
USC00316096,2013-10-13,TMIN,183
USC00314684,2013-10-20,TMIN,133
USC00317170,2013-08-26,TMIN,144
USC00314684,2013-10-20,TMAX,250
USC00314684,2014-07-21,TMAX,289
USC00314689,2005-04-21,TMIN,167
USR0000NCRN,2013-11-07,TMIN,122
USC00315830,2012-03-15,TMIN,117
USC00310356,2005-01-31,TMIN,17
USC00317170,2011-01-26,TMAX,161
USC00317170,2015-03-09,TMIN,67
USC00314689,2007-08-16,TMIN,250
USR0000NCRN,2006-10-03,TMIN,100
USC00316676,2006-06-04,TMIN,144
USC00310576,2008-05-17,TMAX,289
USC00310576,2008-05-17,TMIN,139
USC00316676,2006-06-04,TMAX,261
USR0000NNWB,2006-09-10,TMIN,178
USC00314689,2005-04-21,TMAX,294
USC00314144,2007-09-29,TMIN,89
USC00314684,2014-07-21,TMIN,217
USC00317170,2009-05-23,TMAX,289
USC00317170,2009-05-23,TMIN,156
USC00317170,2011-05-07,TMIN,100
USC00310576,2012-09-22,TMIN,133
USW00093719,2014-01-27,TMIN,44
USC00316096,2014-05-27,TMAX,267
USC00316096,2014-05-27,TMIN,200
USR0000NCRN,2015-09-19,TMAX,294
USC00315830,2007-11-04,TMIN,56
USR0000NNWB,2011-11-17,TMIN,83
USC00317170,2013-08-26,TMAX,283
USW00013754,2010-02-04,TMAX,78
USR0000NHOF,2006-11-28,TMIN,61
USC00314144,2010-04-20,TMIN,22
USC00310576,2006-04-11,TMIN,11
USR0000NHOF,2015-10-11,TMIN,139
USC00317170,2012-12-24,TMIN,33
USR0000NHOF,2015-05-02,TMAX,233
USC00310576,2012-02-08,TMIN,17
USC00314689,2013-09-03,TMAX,322
USR0000NHOF,2008-09-05,TMIN,172
USR0000NHOF,2015-10-11,TMAX,244
USR0000NHOF,2006-11-28,TMAX,233
USC00315830,2007-01-08,TMIN,161
USC00315830,2007-01-08,TMAX,211
USW00093765,2013-06-06,TMIN,217
USR0000NCRN,2012-01-24,TMIN,94
USC00310356,2013-01-28,TMAX,67
USC00314684,2007-02-02,TMIN,-17
USC00314684,2007-02-02,TMAX,28
USC00314684,2015-01-05,TMAX,239
USW00093719,2007-01-05,TMIN,156
USC00315830,2011-02-02,TMIN,100
USR0000NHOF,2008-09-05,TMAX,278
USW00013754,2010-02-04,TMIN,-10
USC00310576,2013-05-24,TMIN,189
USC00310576,2013-05-24,TMAX,272
USC00315830,2007-11-04,TMAX,194
USC00315830,2012-03-15,TMAX,239
USC00314689,2015-09-10,TMAX,328
USC00310356,2013-01-28,TMIN,-11
USW00013754,2013-12-26,TMIN,39
USC00310356,2012-11-22,TMAX,144
USC00316096,2013-10-13,TMAX,256
USC00317170,2012-02-19,TMIN,78
USC00316676,2006-04-13,TMAX,244
USW00093719,2015-08-17,TMIN,211
USC00316676,2006-04-13,TMIN,89
USR0000NCRN,2006-03-13,TMAX,239
USC00310576,2013-12-13,TMIN,-17
USW00093765,2008-03-12,TMAX,206
USR0000NNWB,2015-04-17,TMAX,256
USW00093765,2008-03-12,TMIN,94
USC00317170,2012-02-19,TMAX,161
USC00314684,2012-02-26,TMAX,122
USW00093719,2015-08-17,TMAX,333
USC00314144,2009-07-03,TMIN,150
USC00315830,2013-03-09,TMAX,161
USR0000NNWB,2015-04-17,TMIN,156
USC00314144,2009-07-03,TMAX,306
USW00013754,2012-07-01,TMAX,339
USR0000NNWB,2011-03-09,TMIN,50
USW00013754,2012-07-01,TMIN,200
USR0000NNWB,2007-09-04,TMAX,322
USW00093743,2009-09-26,TMIN,200
USW00013754,2007-11-15,TMAX,217
USW00013754,2007-08-18,TMAX,311
USC00316676,2014-07-20,TMIN,206
USW00013754,2012-06-17,TMAX,261
USW00013754,2007-11-15,TMIN,44
USC00315830,2011-05-23,TMAX,278
USC00310576,2012-07-20,TMAX,333
USC00316676,2014-07-20,TMAX,272
USW00013754,2007-10-24,TMIN,222
USW00013754,2007-10-24,TMAX,289
USR0000NHOF,2012-03-27,TMAX,161
USC00315830,2011-12-12,TMIN,61
USC00315830,2011-12-12,TMAX,144
USR0000NCRN,2013-09-05,TMIN,194
USW00013754,2012-07-15,TMAX,306
USC00310576,2014-11-03,TMIN,22
USC00310576,2014-11-03,TMAX,117
USC00310576,2012-07-20,TMIN,244
USR0000NHOF,2012-03-27,TMIN,22
USW00093719,2008-01-05,TMIN,-78
USR0000NNWB,2007-09-04,TMIN,167
USC00317170,2012-09-18,TMAX,294
USW00093743,2010-09-19,TMIN,161
USC00314684,2015-01-05,TMIN,67
USC00317170,2012-09-18,TMIN,217
USC00310356,2010-09-09,TMAX,294
USW00013754,2013-12-01,TMIN,61
USC00317170,2014-06-21,TMAX,322
USC00316676,2005-08-28,TMIN,222
USC00314684,2007-03-28,TMAX,294
USW00013754,2013-12-01,TMAX,128
USW00093765,2014-10-15,TMIN,172
USC00314144,2008-01-18,TMAX,94
USW00093719,2005-10-22,TMIN,161
USW00093765,2014-10-15,TMAX,267
USC00316676,2005-08-28,TMAX,306
USC00316676,2012-07-18,TMAX,328
USC00316676,2012-07-18,TMIN,228
USC00315830,2013-03-09,TMIN,33
USW00093743,2012-11-22,TMIN,50
USR0000NCRN,2006-03-13,TMIN,167
USC00310576,2009-08-20,TMIN,217
USR0000NCRN,2005-04-25,TMIN,28
USW00093719,2009-01-27,TMIN,39
USC00310356,2012-11-22,TMIN,72
USW00013754,2012-09-12,TMAX,261
USC00314144,2006-06-11,TMIN,256
USC00314144,2006-06-11,TMAX,317
USR0000NCRN,2005-01-26,TMIN,-11
USR0000NCRN,2007-01-07,TMAX,228
USR0000NCRN,2007-01-07,TMIN,72
USW00093765,2008-10-24,TMIN,139
USW00093765,2012-08-02,TMIN,233
USC00314144,2008-06-13,TMAX,311
USR0000NHOF,2013-01-28,TMIN,-39
USR0000NHOF,2013-01-28,TMAX,139
USR0000NCRN,2008-05-20,TMAX,278
USC00315830,2009-04-18,TMAX,244
USR0000NCRN,2008-05-20,TMIN,167
USW00093765,2013-06-06,TMAX,272
USC00315830,2011-08-10,TMIN,244
USW00093719,2005-03-06,TMAX,150
USC00314144,2009-05-15,TMAX,261
USC00316676,2007-11-04,TMAX,194
USR0000NCRN,2009-11-05,TMIN,144
USW00093719,2005-03-06,TMIN,-11
USW00093719,2008-11-27,TMAX,167
USC00315830,2011-08-10,TMAX,350
USW00093719,2009-01-27,TMAX,94
USW00093719,2014-01-10,TMIN,39
USC00317170,2014-06-21,TMIN,228
USC00314684,2013-12-06,TMAX,228
USW00013754,2012-05-28,TMIN,211
USC00316676,2014-03-31,TMIN,67
USW00093765,2014-07-26,TMIN,233
USW00093719,2005-06-01,TMAX,217
USC00316676,2014-03-31,TMAX,117
USW00013754,2012-05-28,TMAX,294
USW00093743,2009-09-26,TMAX,256
USW00093765,2012-03-04,TMAX,156
USR0000NCRN,2013-11-07,TMAX,217
USW00093743,2012-11-22,TMAX,167
USC00310356,2005-10-24,TMIN,128
USW00093743,2012-03-05,TMIN,6
USW00093719,2005-10-22,TMAX,267
USC00316676,2007-11-04,TMIN,17
USW00093743,2012-03-05,TMAX,167
USC00314689,2007-08-16,TMAX,339
USC00314689,2011-12-31,TMAX,194
USC00310576,2009-08-20,TMAX,322
USW00093765,2014-07-26,TMAX,300
USC00315830,2011-05-23,TMIN,172
USC00310356,2005-10-24,TMAX,211
USW00093719,2009-03-06,TMIN,-6
USW00093719,2014-01-10,TMAX,222
USR0000NCRN,2005-04-25,TMAX,183
USW00013754,2012-09-12,TMIN,133
USR0000NCRN,2005-01-26,TMAX,144
USW00093719,2009-03-06,TMAX,217
USC00314684,2013-12-06,TMIN,117
USW00013754,2012-06-17,TMIN,167
USW00013754,2012-07-15,TMIN,217
USC00316676,2011-06-18,TMAX,306
USC00316676,2011-06-18,TMIN,222
USC00310356,2008-08-30,TMAX,294
USC00314689,2006-02-26,TMIN,28
USC00310576,2011-06-12,TMIN,183
USW00093719,2005-03-05,TMIN,33
USR0000NCRN,2013-01-29,TMIN,106
USR0000NHOF,2013-01-13,TMAX,211
USC00317170,2011-05-07,TMAX,261
USC00316096,2013-09-13,TMAX,300
USC00316096,2013-09-13,TMIN,217
USC00316096,2009-08-27,TMIN,206
USC00314684,2007-09-26,TMIN,133
USC00314689,2015-01-16,TMIN,17
USC00314684,2013-11-05,TMAX,139
USW00013754,2011-11-17,TMIN,67
USC00316096,2013-01-15,TMAX,194
USW00013754,2011-11-17,TMAX,217
USW00013754,2005-10-07,TMIN,217
USC00316096,2009-08-27,TMAX,311
USC00316676,2008-05-23,TMIN,111
USC00316676,2008-05-23,TMAX,267
USC00314684,2009-06-12,TMIN,189
USC00314144,2009-06-19,TMIN,217
USC00314144,2009-06-19,TMAX,317
USW00093765,2006-07-25,TMAX,289
USC00314684,2009-06-12,TMAX,311
USW00093765,2006-07-25,TMIN,233
USC00314684,2010-11-16,TMAX,206
USC00315830,2015-06-25,TMIN,239
USR0000NHOF,2015-06-14,TMAX,372
USC00315830,2015-06-25,TMAX,311
USC00314144,2009-07-01,TMIN,189
USC00310356,2008-08-30,TMIN,261
USW00013754,2013-12-07,TMIN,67
USW00093719,2005-03-05,TMAX,178
USC00314684,2008-02-08,TMIN,17
USC00314144,2009-07-01,TMAX,339
USC00314684,2008-02-08,TMAX,200
USC00317170,2009-05-21,TMAX,256
USC00314689,2006-05-26,TMIN,222
USR0000NCRN,2013-01-29,TMAX,233
USC00310576,2013-11-08,TMIN,78
USC00316676,2010-09-09,TMIN,189
USC00314684,2010-11-16,TMIN,17
USC00316676,2013-05-09,TMIN,128
USW00013754,2010-09-10,TMAX,272
USC00314144,2007-06-12,TMIN,111
USR0000NHOF,2013-01-13,TMIN,111
USC00310576,2011-06-12,TMAX,333
USC00314144,2009-12-27,TMIN,28
USC00310576,2013-11-08,TMAX,222
USC00310576,2005-10-04,TMAX,272
USC00316676,2013-05-09,TMAX,239
USC00310576,2005-10-04,TMIN,194
USC00310576,2014-12-02,TMAX,233
USW00093765,2007-05-24,TMAX,244
USC00310576,2014-12-02,TMIN,67
USC00314689,2006-02-26,TMAX,161
USC00314689,2006-05-26,TMAX,339
USC00316676,2010-09-09,TMAX,328
USC00314689,2015-01-16,TMAX,117
USC00314144,2009-12-27,TMAX,133
USR0000NHOF,2015-02-28,TMAX,83
USR0000NCRN,2015-03-01,TMAX,183
USC00315830,2007-03-05,TMAX,144
USC00310576,2005-11-23,TMAX,94
USC00316676,2011-08-05,TMAX,356
USC00315830,2007-04-16,TMIN,67
USW00093719,2011-09-06,TMIN,267
USC00316096,2013-01-25,TMAX,39
USC00310356,2010-09-17,TMIN,217
USR0000NNWB,2015-01-17,TMAX,117
USC00315830,2007-04-16,TMAX,222
USC00316096,2015-03-24,TMAX,189
USW00093719,2005-12-22,TMAX,94
USR0000NNWB,2006-10-29,TMAX,217
USC00310576,2008-01-07,TMAX,206
USC00314689,2013-10-13,TMAX,217
USW00093719,2005-12-22,TMIN,-67
USW00093743,2013-09-05,TMAX,306
USC00316096,2013-01-25,TMIN,-50
USR0000NNWB,2006-10-29,TMIN,44
USW00093719,2009-05-13,TMIN,106
USW00093719,2009-05-13,TMAX,228
USC00315830,2015-12-25,TMIN,200
USW00093743,2013-09-05,TMIN,217
USC00314689,2013-10-13,TMIN,178
USC00316096,2013-01-15,TMIN,111
USC00310356,2005-02-04,TMIN,22
USC00310356,2015-05-02,TMIN,94
USC00310576,2008-01-07,TMIN,56
USR0000NHOF,2009-03-29,TMIN,117
USR0000NHOF,2009-03-29,TMAX,256
USW00093719,2015-11-08,TMAX,161
USW00093765,2005-10-19,TMIN,167
USC00310576,2006-10-04,TMIN,117
USW00093765,2007-05-24,TMIN,150
USW00093765,2005-10-19,TMAX,256
USW00093765,2006-07-20,TMIN,228
USW00013754,2010-05-10,TMIN,67
USW00093765,2006-07-20,TMAX,300
USC00315830,2007-03-05,TMIN,-28
USC00317170,2013-10-24,TMIN,56
USR0000NNWB,2011-07-31,TMAX,361
USR0000NNWB,2015-01-17,TMIN,6
USC00316676,2011-08-05,TMIN,256
USC00310356,2013-09-05,TMAX,300
USR0000NNWB,2006-09-10,TMAX,294
USR0000NHOF,2015-06-14,TMIN,217
USW00013754,2010-05-10,TMAX,200
USC00310576,2006-10-04,TMAX,267
USC00310356,2013-09-05,TMIN,228
USC00314689,2009-03-30,TMIN,72
USW00013754,2005-10-07,TMAX,250
USR0000NHOF,2015-02-28,TMIN,-17
USC00314689,2009-03-30,TMAX,250
USC00316096,2011-04-27,TMIN,183
USC00316096,2011-04-27,TMAX,267
USR0000NCRN,2006-03-18,TMIN,17
USR0000NNWB,2011-07-31,TMIN,228
USW00093719,2015-11-08,TMIN,122
USC00310356,2008-07-20,TMAX,328
USC00317170,2013-10-24,TMAX,161
USC00310356,2005-01-31,TMAX,111
USW00013754,2011-09-24,TMIN,217
USC00314144,2005-11-08,TMIN,56
USC00310356,2012-03-05,TMIN,67
USR0000NHOF,2011-03-13,TMIN,83
USC00317170,2013-06-06,TMAX,272
USC00310356,2007-04-15,TMIN,111
USR0000NHOF,2010-12-13,TMIN,-39
USC00314689,2010-04-02,TMIN,106
USC00310356,2012-03-05,TMAX,122
USR0000NHOF,2008-02-10,TMIN,-11
USW00093765,2014-04-08,TMAX,194
USC00317170,2014-08-20,TMAX,322
USC00310576,2009-07-28,TMAX,328
USW00093765,2014-04-08,TMIN,161
USC00317170,2013-06-06,TMIN,172
USC00310576,2009-07-28,TMIN,211
USC00315830,2014-06-17,TMIN,244
USC00314689,2012-11-27,TMAX,161
USC00317170,2014-08-20,TMIN,222
USC00316676,2009-04-16,TMAX,183
USC00310576,2005-11-23,TMIN,-11
USC00316676,2009-04-16,TMIN,72
USC00316096,2015-12-30,TMAX,244
USC00316096,2015-12-30,TMIN,189
USW00093743,2009-03-29,TMAX,206
USC00315830,2008-06-09,TMIN,256
USC00317170,2010-10-14,TMAX,261
USW00093765,2009-02-07,TMIN,0
USC00317170,2010-10-14,TMIN,156
USC00310576,2006-11-19,TMIN,6
USW00093743,2009-03-29,TMIN,133
USW00093765,2008-11-19,TMAX,61
USR0000NCRN,2006-10-03,TMAX,278
USC00310576,2007-02-26,TMAX,178
USC00316676,2010-05-29,TMAX,294
USC00317170,2012-12-24,TMAX,172
USC00310576,2007-02-26,TMIN,117
USC00310576,2012-09-22,TMAX,272
USC00316676,2010-05-29,TMIN,194
USC00310356,2007-04-15,TMAX,211
USR0000NNWB,2015-01-09,TMAX,122
USC00314684,2014-05-08,TMAX,294
USC00314689,2010-04-02,TMAX,294
USW00093743,2013-06-04,TMIN,211
USC00310576,2013-03-08,TMIN,28
USW00093719,2009-02-21,TMIN,-61
USC00310576,2013-03-08,TMAX,133
USR0000NCRN,2007-10-13,TMAX,244
USC00310356,2009-03-29,TMAX,183
USC00310356,2009-03-29,TMIN,144
USR0000NNWB,2015-01-09,TMIN,-72
USW00093743,2013-06-04,TMAX,283
USC00314684,2005-08-10,TMAX,300
USW00093719,2014-10-27,TMIN,67
USC00314684,2014-05-08,TMIN,144
USW00093765,2008-11-19,TMIN,-5
USC00314684,2005-08-10,TMIN,211
USC00314144,2010-12-31,TMIN,-39
USW00093719,2014-10-27,TMAX,261
USC00314144,2010-12-31,TMAX,167
USC00310356,2013-06-04,TMAX,283
USC00310576,2006-11-19,TMAX,133
USW00093719,2014-01-27,TMAX,206
USC00317170,2011-01-26,TMIN,72
USC00317170,2013-06-21,TMIN,172
USR0000NNWB,2014-02-01,TMIN,-39
USC00316096,2013-09-03,TMIN,222
USR0000NNWB,2014-02-01,TMAX,122
USC00316676,2008-02-24,TMAX,178
USC00316096,2013-09-03,TMAX,294
USC00316676,2008-02-24,TMIN,56
USC00315830,2010-02-09,TMIN,0
USC00317170,2013-06-21,TMAX,283
USW00013754,2011-07-25,TMAX,344
USC00314144,2007-06-12,TMAX,289
USC00315830,2010-02-09,TMAX,122
USW00013754,2011-09-24,TMAX,239
USC00316676,2012-04-12,TMIN,6
USR0000NNWB,2010-05-31,TMIN,217
USC00316676,2012-04-12,TMAX,178
USC00315830,2007-12-01,TMAX,133
USR0000NNWB,2010-05-31,TMAX,317
USW00093719,2010-12-23,TMIN,-28
USW00093719,2015-10-11,TMIN,150
USR0000NCRN,2015-03-01,TMIN,11
USC00317170,2009-05-21,TMIN,139
USW00093765,2015-08-29,TMAX,283
USW00013754,2010-09-10,TMIN,172
USC00310356,2015-10-11,TMIN,156
USC00310356,2015-10-11,TMAX,217
USW00093719,2010-12-23,TMAX,78
USW00093719,2015-10-11,TMAX,228
USC00315830,2008-06-09,TMAX,311
USC00314684,2007-09-04,TMIN,139
USC00314684,2007-09-04,TMAX,322
USR0000NHOF,2008-02-10,TMAX,183
USW00093765,2015-08-29,TMIN,211
USW00093719,2011-09-06,TMAX,322
USC00315830,2010-03-16,TMAX,167
USC00314689,2012-11-27,TMIN,11
USC00315830,2010-03-16,TMIN,72
USW00013754,2011-07-25,TMIN,244
USC00310356,2015-06-14,TMAX,289
USW00093719,2005-03-11,TMIN,50
USC00314689,2015-09-10,TMIN,233
USC00317170,2015-03-09,TMAX,200
USR0000NCRN,2007-10-13,TMIN,78
USW00093765,2010-02-05,TMAX,183
USW00013754,2013-12-07,TMAX,222
USW00093765,2010-02-05,TMIN,50
USW00093719,2005-03-11,TMAX,172
USR0000NHOF,2009-01-06,TMIN,139
USW00013754,2013-01-13,TMAX,244
USW00013754,2013-01-13,TMIN,117
USR0000NHOF,2011-03-13,TMAX,228
USR0000NHOF,2009-01-06,TMAX,228
USW00093765,2009-02-07,TMAX,133
USC00315830,2014-06-17,TMAX,289
USC00316676,2005-12-25,TMAX,172
USC00316676,2005-12-25,TMIN,6
USC00314144,2005-11-08,TMAX,261
USC00315830,2007-12-01,TMIN,22
USW00093719,2009-02-21,TMAX,111
USC00310356,2015-06-14,TMIN,250
USR0000NCRN,2013-09-05,TMAX,306
USC00316676,2014-07-16,TMAX,322
USC00315830,2005-08-02,TMAX,306
USW00093743,2012-06-22,TMIN,228
USC00314684,2010-11-24,TMAX,228
USW00093765,2014-08-20,TMAX,311
USR0000NNWB,2006-01-26,TMAX,89
USR0000NCRN,2011-05-18,TMAX,244
USW00093765,2015-10-05,TMAX,222
USW00093765,2015-10-05,TMIN,183
USC00315830,2011-09-16,TMAX,206
USC00314684,2008-02-11,TMAX,189
USW00013754,2015-05-08,TMAX,261
USC00314684,2008-02-11,TMIN,-33
USC00315830,2012-09-23,TMAX,272
USW00093765,2006-03-19,TMIN,33
USC00316096,2013-10-20,TMIN,111
USW00013754,2015-05-08,TMIN,189
USC00315830,2007-12-03,TMAX,228
USC00314684,2015-12-30,TMAX,272
USC00314684,2015-12-30,TMIN,189
USC00315830,2012-09-23,TMIN,200
USC00314684,2007-08-06,TMAX,350
USC00314144,2008-10-10,TMAX,228
USW00093765,2012-09-18,TMAX,289
USW00093743,2008-01-18,TMIN,67
USW00093719,2013-06-06,TMAX,278
USC00314684,2007-08-06,TMIN,233
USC00314684,2013-06-21,TMIN,156
USW00093743,2008-09-06,TMAX,211
USW00093743,2012-06-22,TMAX,289
USW00093765,2012-09-18,TMIN,228
USW00093765,2006-03-19,TMAX,128
USW00093765,2006-03-25,TMAX,128
USC00310356,2012-06-22,TMIN,239
USC00310576,2009-06-13,TMIN,206
USC00310576,2014-05-10,TMAX,322
USC00310356,2014-03-17,TMIN,50
USW00093719,2007-10-23,TMIN,150
USC00310356,2007-09-13,TMIN,222
USC00316096,2015-12-03,TMAX,178
USR0000NNWB,2009-05-31,TMAX,322
USW00093719,2005-03-08,TMIN,28
USC00310356,2007-09-13,TMAX,278
USC00315830,2015-11-01,TMIN,128
USC00315830,2007-12-21,TMAX,133
USC00314144,2010-08-11,TMAX,317
USC00314144,2010-08-11,TMIN,250
USW00093719,2011-06-25,TMAX,333
USC00310576,2006-06-12,TMAX,300
USR0000NHOF,2012-06-17,TMIN,106
USC00316676,2015-02-02,TMAX,167
USC00310576,2006-06-12,TMIN,206
USC00315830,2015-11-01,TMAX,222
USW00093765,2006-03-25,TMIN,33
USC00315830,2011-09-16,TMIN,200
USR0000NCRN,2012-12-20,TMIN,33
USR0000NCRN,2012-12-20,TMAX,200
USR0000NHOF,2012-06-17,TMAX,267
USC00315830,2007-12-21,TMIN,61
USC00316676,2015-02-02,TMIN,28
USC00314684,2010-11-24,TMIN,72
USW00093765,2012-08-19,TMIN,217
USW00093765,2014-08-20,TMIN,244
USW00093765,2012-08-19,TMAX,300
USC00310576,2010-09-01,TMAX,350
USC00315830,2005-01-16,TMAX,67
USC00315830,2008-04-18,TMAX,267
USC00316676,2014-04-01,TMIN,39
USC00317170,2013-01-23,TMIN,-50
USC00315830,2005-01-16,TMIN,44
USC00310576,2006-10-03,TMIN,94
USC00315830,2008-04-18,TMIN,128
USC00310576,2010-09-01,TMIN,172
USW00093743,2010-09-09,TMIN,200
USR0000NHOF,2006-06-20,TMAX,322
USW00093765,2014-10-27,TMIN,89
USR0000NHOF,2006-06-20,TMIN,211
USW00093743,2010-09-09,TMAX,283
USW00093765,2010-10-14,TMAX,267
USW00013754,2005-07-05,TMAX,311
USW00093743,2013-03-05,TMAX,150
USR0000NHOF,2014-01-06,TMAX,200
USW00093743,2013-03-05,TMIN,-10
USW00093765,2011-05-14,TMIN,194
USW00093765,2010-10-14,TMIN,161
USW00013754,2005-07-05,TMIN,222
USW00093765,2014-10-27,TMAX,244
USW00093765,2011-05-14,TMAX,283
USC00316676,2008-03-13,TMAX,217
USC00316676,2008-03-13,TMIN,22
USW00093765,2010-12-05,TMAX,67
USW00093719,2014-12-03,TMIN,100
USW00093719,2011-08-23,TMAX,306
USC00310356,2013-03-05,TMIN,-11
USC00310576,2006-10-03,TMAX,261
USC00317170,2011-05-24,TMAX,356
USC00317170,2011-05-24,TMIN,189
USW00013754,2005-12-22,TMAX,83
USW00013754,2005-12-22,TMIN,-39
USC00314144,2008-10-10,TMIN,178
USW00093719,2011-08-23,TMIN,211
USC00314684,2013-06-21,TMAX,283
USW00093719,2013-06-06,TMIN,200
USC00316096,2015-09-10,TMAX,306
USC00314684,2006-02-12,TMAX,106
USC00316096,2013-10-20,TMAX,206
USR0000NHOF,2007-04-26,TMIN,183
USC00316676,2012-04-02,TMIN,111
USC00310576,2009-06-13,TMAX,333
USC00316096,2015-09-10,TMIN,256
USW00093743,2008-09-06,TMIN,167
USC00316096,2011-09-08,TMIN,206
USW00093719,2008-04-02,TMAX,194
USC00314684,2011-04-15,TMIN,72
USR0000NNWB,2009-05-31,TMIN,183
USW00093719,2014-12-03,TMAX,217
USW00093743,2012-06-17,TMIN,150
USC00310356,2011-01-11,TMIN,-28
USW00093743,2012-06-17,TMAX,272
USC00316676,2014-04-01,TMAX,217
USC00316096,2011-09-08,TMAX,300
USR0000NHOF,2007-04-26,TMAX,283
USC00310356,2013-03-05,TMAX,94
USC00316676,2012-04-02,TMAX,200
USR0000NHOF,2014-01-06,TMIN,-11
USC00316676,2011-04-28,TMAX,278
USC00314689,2009-08-27,TMAX,333
USR0000NNWB,2013-06-06,TMIN,200
USC00310576,2008-04-18,TMAX,250
USW00093765,2009-05-23,TMIN,200
USC00316676,2015-06-18,TMAX,339
USC00316676,2008-06-12,TMAX,328
USC00314684,2007-03-14,TMAX,256
USC00314684,2007-03-14,TMIN,44
USR0000NNWB,2010-09-10,TMIN,167
USC00316676,2008-01-03,TMAX,39
USC00314144,2007-10-23,TMIN,139
USC00314684,2014-06-15,TMAX,306
USC00314684,2014-06-15,TMIN,194
USC00316676,2015-06-18,TMIN,228
USR0000NNWB,2010-09-10,TMAX,294
USC00314684,2006-08-16,TMAX,311
USW00013754,2008-10-07,TMAX,222
USW00093719,2011-06-25,TMIN,239
USC00316096,2011-06-08,TMIN,233
USR0000NCRN,2010-09-23,TMAX,306
USC00314684,2006-08-16,TMIN,194
USW00093719,2010-08-15,TMAX,322
USW00093719,2010-08-15,TMIN,211
USC00315830,2010-06-23,TMIN,267
USC00316096,2011-06-11,TMIN,200
USW00093765,2010-08-18,TMIN,250
USW00093765,2010-08-18,TMAX,322
USR0000NNWB,2008-07-06,TMAX,322
USR0000NNWB,2013-06-06,TMAX,267
USC00314689,2013-12-24,TMIN,-11
USC00315830,2009-05-23,TMAX,261
USC00314144,2007-09-18,TMAX,250
USR0000NCRN,2011-06-13,TMIN,206
USC00314689,2014-01-03,TMIN,-22
USC00314689,2011-03-19,TMAX,283
USC00310576,2010-11-29,TMIN,22
USC00314144,2005-04-01,TMIN,94
USC00317170,2014-10-27,TMIN,56
USC00314689,2005-03-19,TMIN,67
USC00317170,2015-08-26,TMAX,328
USR0000NCRN,2009-07-31,TMIN,272
USW00093719,2010-05-31,TMAX,317
USR0000NNWB,2014-01-10,TMIN,56
USC00314689,2011-03-19,TMIN,128
USC00316096,2011-06-08,TMAX,306
USC00314144,2009-11-17,TMIN,61
USC00310576,2010-11-29,TMAX,128
USR0000NHOF,2007-08-21,TMAX,372
USC00314684,2010-08-10,TMIN,206
USC00314689,2009-12-06,TMIN,6
USC00317170,2014-10-27,TMAX,239
USC00314684,2010-08-10,TMAX,322
USC00316676,2015-12-03,TMAX,244
USC00316676,2015-12-03,TMIN,111
USC00317170,2015-08-26,TMIN,200
USW00093719,2007-11-05,TMIN,28
USC00314689,2009-12-06,TMAX,106
USC00316676,2008-06-12,TMIN,206
USC00314144,2007-10-23,TMAX,289
USW00093765,2009-05-23,TMAX,261
USC00314144,2007-09-18,TMIN,122
USC00315830,2007-02-08,TMIN,11
USC00314689,2008-08-28,TMIN,217
USC00310356,2006-06-20,TMAX,244
USC00310356,2006-06-20,TMIN,178
USC00316096,2010-05-09,TMIN,78
USR0000NNWB,2005-04-24,TMIN,50
USC00316676,2011-07-21,TMAX,361
USR0000NNWB,2005-04-24,TMAX,133
USC00315830,2014-03-16,TMIN,72
USC00315830,2014-03-16,TMAX,194
USW00093743,2014-01-06,TMAX,172
USC00310356,2014-03-17,TMAX,128
USW00093743,2014-01-06,TMIN,0
USR0000NNWB,2011-03-09,TMAX,183
USW00093719,2007-11-05,TMAX,200
USW00093719,2007-10-23,TMAX,300
USC00310576,2009-12-10,TMIN,150
USC00316676,2015-07-23,TMIN,228
USC00316676,2011-07-21,TMIN,206
USC00310576,2009-12-10,TMAX,233
USR0000NNWB,2012-06-21,TMIN,217
USR0000NNWB,2012-06-21,TMAX,350
USC00314689,2009-08-27,TMIN,217
USC00310356,2012-06-22,TMAX,283
USC00310576,2014-08-17,TMAX,322
USC00314684,2009-08-29,TMIN,222
USC00310576,2014-05-10,TMIN,183
USC00317170,2008-08-25,TMAX,333
USC00316676,2008-10-24,TMIN,72
USC00316096,2010-05-09,TMAX,211
USC00317170,2008-08-25,TMIN,189
USR0000NNWB,2012-05-28,TMAX,328
USC00314684,2009-08-29,TMAX,317
USW00013754,2008-10-07,TMIN,111
USR0000NNWB,2012-05-28,TMIN,217
USW00093765,2015-02-25,TMIN,-27
USC00315830,2007-02-08,TMAX,128
USW00093765,2014-10-16,TMAX,228
USW00093765,2015-02-25,TMAX,44
USW00013754,2008-12-25,TMAX,194
USC00314689,2015-08-28,TMAX,294
USC00314689,2008-08-28,TMAX,300
USR0000NCRN,2014-07-27,TMAX,322
USR0000NHOF,2005-12-31,TMAX,167
USW00093765,2014-10-16,TMIN,150
USR0000NHOF,2005-12-31,TMIN,56
USW00013754,2008-12-25,TMIN,72
USR0000NCRN,2005-12-25,TMIN,89
USR0000NCRN,2005-12-25,TMAX,172
USC00316676,2011-04-28,TMIN,200
USC00316676,2008-10-24,TMAX,178
USR0000NCRN,2010-09-23,TMIN,211
USC00310356,2014-01-06,TMAX,206
USC00310356,2014-01-06,TMIN,-89
USC00314689,2015-08-28,TMIN,172
USC00316096,2011-06-11,TMAX,300
USC00316676,2005-08-25,TMIN,200
USR0000NCRN,2014-07-27,TMIN,244
USC00316676,2005-08-25,TMAX,289
USC00316676,2015-07-23,TMAX,317
USC00316676,2008-01-03,TMIN,-28
USC00310576,2014-08-17,TMIN,194
USC00314684,2012-12-20,TMAX,183
USC00315830,2014-01-30,TMAX,22
USR0000NNWB,2012-09-12,TMIN,122
USR0000NCRN,2006-08-18,TMAX,311
USR0000NNWB,2010-05-10,TMAX,211
USC00316676,2011-05-04,TMAX,283
USC00310576,2013-06-04,TMIN,194
USC00315830,2013-05-26,TMAX,222
USR0000NNWB,2015-04-30,TMIN,122
USC00315830,2013-05-26,TMIN,122
USC00310576,2013-06-04,TMAX,267
USW00093719,2007-02-11,TMAX,106
USC00314684,2012-11-25,TMIN,-61
USC00310356,2014-01-10,TMIN,139
USW00093765,2005-12-18,TMAX,78
USC00310356,2014-01-10,TMAX,194
USC00314684,2005-03-24,TMAX,244
USW00093765,2005-07-06,TMIN,261
USW00093765,2005-07-06,TMAX,306
USC00314684,2012-11-25,TMAX,111
USC00316096,2009-12-06,TMIN,11
USR0000NHOF,2012-03-05,TMIN,-17
USC00316676,2015-10-08,TMAX,250
USW00093765,2005-12-18,TMIN,50
USC00314684,2007-07-26,TMIN,189
USC00314684,2009-08-02,TMAX,317
USC00314144,2005-07-03,TMAX,328
USC00315830,2007-03-15,TMIN,144
USR0000NHOF,2012-11-22,TMIN,28
USC00314144,2005-07-03,TMIN,217
USR0000NNWB,2005-12-22,TMIN,-67
USC00315830,2007-03-15,TMAX,222
USC00316676,2015-10-08,TMIN,133
USC00310356,2007-04-26,TMAX,211
USC00316096,2009-11-16,TMAX,222
USW00093765,2013-12-24,TMIN,33
USC00310576,2011-11-18,TMAX,194
USC00315830,2015-10-25,TMAX,261
USC00316676,2010-08-29,TMAX,300
USC00317170,2010-05-12,TMAX,300
USC00316096,2009-11-29,TMAX,178
USR0000NNWB,2005-02-27,TMIN,0
USR0000NNWB,2015-04-30,TMAX,156
USR0000NNWB,2010-02-04,TMIN,-17
USR0000NCRN,2007-06-22,TMAX,333
USW00093765,2013-12-24,TMAX,161
USC00315830,2012-05-20,TMIN,156
USR0000NCRN,2006-08-18,TMIN,222
USR0000NNWB,2010-02-04,TMAX,78
USC00315830,2012-05-20,TMAX,233
USW00093719,2010-02-16,TMAX,67
USC00314684,2011-02-03,TMIN,28
USW00093719,2010-02-16,TMIN,-17
USC00316676,2011-05-04,TMIN,111
USC00310576,2011-11-18,TMIN,11
USR0000NNWB,2005-02-27,TMAX,100
USC00310356,2007-04-26,TMIN,167
USC00315830,2015-10-25,TMIN,133
USW00093743,2014-01-10,TMAX,200
USC00314684,2011-02-03,TMAX,239
USR0000NNWB,2010-05-10,TMIN,67
USR0000NNWB,2005-12-22,TMAX,117
USR0000NNWB,2007-07-15,TMIN,217
USC00314684,2007-07-26,TMAX,294
USC00317170,2010-05-12,TMIN,167
USC00315830,2014-10-29,TMIN,117
USC00310356,2010-09-09,TMIN,217
USC00317170,2012-10-30,TMAX,139
USR0000NCRN,2015-06-14,TMIN,239
USC00314684,2007-03-28,TMIN,150
USC00317170,2014-10-16,TMIN,122
USC00310576,2007-02-20,TMAX,167
USC00310576,2007-02-20,TMIN,17
USC00310576,2006-08-18,TMAX,294
USW00093743,2010-09-19,TMAX,289
USC00316676,2007-09-13,TMAX,267
USC00310576,2006-08-18,TMIN,233
USC00310576,2006-06-06,TMAX,239
USC00316676,2008-12-15,TMAX,178
USC00310576,2006-06-06,TMIN,150
USC00314689,2012-04-13,TMAX,189
USC00314689,2012-04-13,TMIN,28
USC00314684,2012-02-26,TMIN,-39
USC00316676,2008-12-15,TMIN,44
USW00093743,2008-08-30,TMIN,144
USC00317170,2009-10-23,TMAX,272
USW00093743,2008-08-30,TMAX,217
USC00316096,2010-04-02,TMAX,228
USC00316676,2014-07-16,TMIN,217
USC00316096,2010-04-02,TMIN,61
USC00315830,2005-08-02,TMIN,217
USW00093719,2005-06-01,TMIN,167
USR0000NNWB,2011-08-11,TMIN,222
USC00317170,2014-10-16,TMAX,233
USC00315830,2014-10-29,TMAX,256
USC00317170,2012-10-30,TMIN,67
USC00314144,2008-01-18,TMIN,28
USR0000NHOF,2012-03-05,TMAX,156
USC00315830,2009-07-08,TMIN,189
USW00093719,2007-02-11,TMIN,-61
USC00316096,2009-12-06,TMAX,72
USR0000NNWB,2007-07-15,TMAX,311
USW00013754,2012-06-21,TMIN,206
USR0000NHOF,2012-11-22,TMAX,161
USR0000NCRN,2010-11-24,TMAX,183
USW00013754,2012-06-21,TMAX,328
USW00093719,2014-02-01,TMIN,-43
USR0000NNWB,2011-08-11,TMAX,333
USR0000NCRN,2011-05-18,TMIN,133
USC00314684,2010-12-22,TMAX,56
USC00315830,2009-07-08,TMAX,306
USC00317170,2009-10-23,TMIN,133
USR0000NHOF,2008-09-06,TMAX,300
USC00315830,2009-04-18,TMIN,28
USC00314689,2009-03-15,TMAX,100
USW00093719,2014-02-01,TMAX,128
USC00314689,2009-03-15,TMIN,67
USC00316676,2014-03-25,TMIN,33
USC00316676,2007-09-13,TMIN,222
USR0000NCRN,2010-11-24,TMIN,33
USC00314684,2009-08-02,TMIN,233
USC00316676,2014-03-25,TMAX,111
USR0000NHOF,2008-09-06,TMIN,222
USR0000NCRN,2015-06-14,TMAX,344
USW00093719,2008-01-05,TMAX,144
USC00314684,2010-12-22,TMIN,-28
USC00314689,2012-03-13,TMIN,139
USC00314689,2012-03-13,TMAX,239
USW00013754,2005-04-24,TMAX,139
USR0000NHOF,2013-03-05,TMAX,172
USR0000NHOF,2013-03-05,TMIN,-28
USW00093719,2006-05-27,TMIN,189
USC00315830,2010-05-29,TMIN,217
USC00315830,2010-05-29,TMAX,272
USC00314684,2006-10-24,TMAX,161
USC00316676,2005-02-04,TMAX,72
USC00316676,2005-02-04,TMIN,22
USC00317170,2011-04-05,TMIN,133
USC00314684,2006-10-24,TMIN,6
USC00314144,2008-03-25,TMIN,-39
USC00315830,2011-05-13,TMAX,244
USC00314684,2006-04-16,TMAX,333
USW00093765,2013-08-26,TMIN,178
USR0000NCRN,2006-06-11,TMIN,194
USC00314684,2006-04-16,TMIN,178
USC00310576,2013-12-13,TMAX,94
USR0000NHOF,2009-09-26,TMIN,183
USR0000NHOF,2009-09-26,TMAX,228
USW00093719,2008-04-02,TMIN,89
USC00315830,2011-06-22,TMAX,333
USC00316096,2010-08-18,TMAX,317
USC00316096,2010-08-18,TMIN,228
USR0000NNWB,2007-06-04,TMIN,189
USC00310576,2012-07-30,TMAX,322
USC00316096,2012-04-13,TMAX,189
USW00093719,2006-05-27,TMAX,300
USW00013754,2005-04-24,TMIN,56
USC00314684,2006-02-12,TMIN,17
USC00315830,2014-01-30,TMIN,-61
USR0000NNWB,2012-09-12,TMAX,283
USC00317170,2011-04-05,TMAX,217
USC00315830,2011-08-11,TMIN,244
USR0000NHOF,2012-06-22,TMAX,322
USC00317170,2014-10-15,TMIN,178
USC00317170,2014-10-15,TMAX,250
USR0000NNWB,2009-12-10,TMAX,200
USC00310356,2005-04-18,TMIN,56
USC00310356,2005-04-18,TMAX,200
USC00314684,2012-12-20,TMIN,22
USR0000NHOF,2012-06-22,TMIN,211
USC00315830,2011-08-11,TMAX,350
USR0000NNWB,2009-12-10,TMIN,22
USC00316096,2012-04-13,TMIN,17
USW00093743,2014-01-10,TMIN,72
USW00093719,2007-04-30,TMIN,100
USC00310356,2012-06-17,TMIN,172
USC00310356,2012-06-17,TMAX,267
USC00314684,2011-04-15,TMAX,239
USR0000NNWB,2008-01-29,TMIN,17
USW00093719,2007-04-30,TMAX,300
USR0000NNWB,2008-01-29,TMAX,194
USR0000NCRN,2009-01-04,TMAX,156
USW00093765,2015-05-04,TMAX,244
USC00310576,2012-04-04,TMAX,233
USW00093765,2010-12-05,TMIN,11
USC00310576,2012-04-04,TMIN,39
USR0000NCRN,2009-01-04,TMIN,44
USW00093765,2013-08-26,TMAX,283
USR0000NCRN,2008-03-01,TMAX,217
USC00314689,2005-08-03,TMIN,206
USC00314689,2008-04-25,TMIN,139
USW00013754,2010-07-22,TMIN,233
USC00317170,2015-06-05,TMIN,194
USW00013754,2010-07-22,TMAX,333
USW00093719,2008-08-15,TMAX,306
USC00317170,2015-06-05,TMAX,244
USW00093719,2008-08-15,TMIN,167
USW00093765,2015-05-04,TMIN,106
USC00314689,2008-10-11,TMAX,228
USC00316096,2012-02-14,TMIN,-22
USC00316096,2012-02-14,TMAX,128
USW00093719,2010-02-05,TMAX,172
USR0000NHOF,2014-03-17,TMIN,17
USW00093719,2010-02-05,TMIN,28
USC00310356,2011-01-11,TMAX,17
USW00093743,2012-03-27,TMAX,161
USC00316676,2005-10-19,TMIN,117
USC00316676,2010-08-29,TMIN,183
USC00314689,2008-10-11,TMIN,200
USC00316096,2009-11-29,TMIN,6
USW00093743,2012-03-27,TMIN,67
USR0000NCRN,2007-06-22,TMIN,178
USW00093719,2012-05-25,TMIN,206
USC00316096,2009-11-16,TMIN,72
USC00314684,2005-03-24,TMIN,72
USR0000NNWB,2011-02-16,TMAX,167
USR0000NNWB,2011-02-16,TMIN,-22
USW00093719,2012-05-25,TMAX,289
USR0000NHOF,2014-03-17,TMAX,67
USC00317170,2015-02-09,TMIN,89
USC00314144,2008-05-13,TMAX,211
USC00314144,2008-05-13,TMIN,44
USW00013754,2015-04-17,TMAX,244
USC00315830,2011-06-22,TMIN,228
USC00317170,2007-11-26,TMIN,78
USW00013754,2007-08-18,TMIN,211
USR0000NNWB,2007-06-04,TMAX,328
USC00317170,2007-11-26,TMAX,117
USC00310576,2011-08-22,TMAX,294
USC00310576,2011-08-22,TMIN,206
USW00013754,2007-11-09,TMIN,50
USW00013754,2007-11-09,TMAX,139
USC00315830,2011-05-13,TMIN,183
USR0000NCRN,2013-06-23,TMAX,278
USW00013754,2015-04-17,TMIN,139
USC00317170,2009-12-27,TMAX,150
USR0000NCRN,2013-06-23,TMIN,217
USC00314689,2008-04-25,TMAX,261
USR0000NCRN,2006-06-11,TMAX,283
USC00317170,2009-12-27,TMIN,56
USC00314684,2010-04-30,TMIN,39
USC00314684,2010-04-30,TMAX,233
USC00315830,2011-02-02,TMAX,172
USC00314689,2005-08-03,TMAX,333
USC00316676,2005-10-19,TMAX,272
USC00314689,2009-11-15,TMAX,211
USC00310576,2012-07-30,TMIN,206
USC00314144,2008-03-25,TMAX,139
USC00317170,2015-02-09,TMAX,239
USC00314689,2009-11-15,TMIN,122
USR0000NNWB,2006-01-26,TMIN,-11
USW00093743,2008-07-05,TMAX,250
USW00093765,2008-01-29,TMIN,22
USC00316676,2005-07-02,TMIN,244
USC00314689,2006-09-20,TMAX,289
USC00314144,2005-08-29,TMAX,317
USC00310356,2010-06-03,TMAX,272
USC00316096,2010-04-30,TMAX,233
USR0000NHOF,2011-02-19,TMAX,211
USC00314144,2005-08-29,TMIN,217
USR0000NCRN,2007-04-09,TMAX,156
USC00314689,2015-08-18,TMIN,217
USC00314684,2008-10-11,TMIN,194
USC00316096,2015-01-10,TMAX,56
USC00310576,2014-08-20,TMAX,311
USW00093743,2013-05-26,TMIN,106
USW00093765,2006-09-21,TMAX,233
USW00093765,2011-04-04,TMAX,222
USC00314689,2005-12-30,TMAX,144
USC00310356,2014-10-29,TMAX,244
USC00310356,2013-05-10,TMIN,172
USR0000NNWB,2013-06-04,TMIN,194
USC00310576,2005-05-18,TMAX,239
USW00093765,2011-09-22,TMAX,283
USC00310356,2014-07-06,TMIN,206
USR0000NNWB,2014-10-16,TMIN,133
USW00093743,2009-11-04,TMAX,206
USR0000NHOF,2005-05-17,TMIN,72
USC00310576,2012-05-31,TMAX,239
USC00310576,2012-05-26,TMIN,206
USC00310356,2014-10-29,TMIN,156
USW00013754,2008-12-26,TMIN,67
USC00314684,2011-03-22,TMIN,100
USC00314689,2005-12-30,TMIN,28
USC00310576,2008-10-21,TMIN,33
USC00316096,2015-04-04,TMAX,200
USR0000NHOF,2005-05-17,TMAX,233
USC00316096,2009-06-12,TMAX,294
USC00314689,2006-09-20,TMIN,167
USC00310356,2011-08-20,TMIN,239
USW00013754,2008-04-07,TMIN,94
USW00093743,2011-03-06,TMAX,194
USC00316096,2010-04-30,TMIN,139
USW00093719,2014-10-16,TMIN,133
USC00316096,2015-04-04,TMIN,94
USC00310356,2007-07-09,TMIN,244
USC00316096,2009-06-12,TMIN,211
USC00317170,2010-02-04,TMIN,11
USW00093719,2014-10-16,TMAX,244
USC00316676,2011-02-17,TMIN,-22
USR0000NHOF,2013-05-10,TMIN,128
USC00315830,2006-10-29,TMIN,44
USW00093765,2006-12-07,TMIN,67
USC00315830,2013-09-09,TMAX,300
USC00310356,2008-07-05,TMAX,289
USC00310356,2008-09-19,TMIN,189
USC00314684,2013-10-24,TMIN,17
USC00316096,2012-02-25,TMAX,189
USW00093743,2012-12-18,TMIN,72
USW00093765,2006-07-27,TMAX,306
USC00317170,2009-02-07,TMIN,17
USC00314144,2007-06-20,TMIN,172
USC00314689,2012-07-15,TMAX,317
USC00316676,2011-02-17,TMAX,178
USR0000NCRN,2010-10-16,TMAX,200
USC00315830,2013-10-27,TMAX,206
USC00310356,2010-12-21,TMAX,56
USC00316676,2006-10-28,TMAX,217
USW00093719,2008-05-19,TMIN,156
USC00316676,2013-08-25,TMAX,272
USC00315830,2012-12-15,TMIN,33
USC00315830,2010-04-02,TMAX,239
USC00317170,2010-02-04,TMAX,89
USC00310356,2008-05-17,TMIN,144
USC00317170,2009-02-07,TMAX,206
USR0000NHOF,2013-05-10,TMAX,183
USC00315830,2010-04-02,TMIN,61
USR0000NCRN,2008-03-11,TMAX,211
USC00314689,2009-03-03,TMAX,11
USC00314144,2011-03-26,TMAX,133
USW00093765,2012-04-13,TMAX,200
USR0000NNWB,2013-06-04,TMAX,289
USR0000NNWB,2008-11-01,TMIN,11
USC00310356,2010-09-19,TMAX,306
USC00314144,2007-06-20,TMAX,306
USC00310356,2014-12-02,TMIN,83
USW00093765,2006-04-21,TMIN,161
USC00314689,2015-08-18,TMAX,333
USR0000NHOF,2007-05-23,TMAX,244
USC00310576,2011-07-12,TMAX,333
USW00093743,2013-05-26,TMAX,244
USC00314684,2013-10-24,TMAX,222
USW00013754,2012-09-18,TMAX,294
USC00310356,2008-05-17,TMAX,228
USC00314689,2011-12-14,TMIN,11
USC00310356,2008-09-19,TMAX,267
USW00013754,2015-11-09,TMAX,222
USR0000NCRN,2010-10-16,TMIN,56
USW00093765,2009-02-21,TMIN,-38
USC00314689,2008-05-16,TMAX,289
USW00013754,2011-08-11,TMAX,350
USC00314144,2007-02-09,TMIN,-83
USC00314144,2009-04-03,TMAX,256
USW00013754,2005-02-17,TMAX,133
USR0000NNWB,2012-02-06,TMAX,139
USW00093765,2007-05-03,TMAX,256
USC00310576,2011-05-15,TMIN,189
USC00314689,2012-01-22,TMIN,33
USR0000NCRN,2013-05-26,TMIN,83
USR0000NNWB,2012-02-06,TMIN,28
USC00314689,2007-08-01,TMAX,317
USR0000NCRN,2006-06-06,TMIN,144
USC00316676,2013-12-01,TMAX,144
USR0000NCRN,2013-05-26,TMAX,239
USC00314689,2014-10-15,TMIN,167
USR0000NCRN,2008-06-14,TMAX,300
USW00093765,2005-10-22,TMAX,256
USC00314689,2011-05-17,TMIN,150
USC00317170,2007-09-13,TMIN,217
USR0000NHOF,2015-06-18,TMAX,361
USW00013754,2010-12-29,TMIN,-49
USC00310576,2006-11-04,TMIN,-22
USR0000NHOF,2009-12-07,TMIN,-11
USW00093765,2011-11-17,TMIN,56
USC00314684,2015-08-07,TMAX,350
USC00314684,2014-11-08,TMIN,0
USW00093765,2006-04-21,TMAX,244
USC00317170,2015-02-25,TMAX,50
USC00317170,2010-07-09,TMIN,211
USC00314684,2015-08-07,TMIN,211
USR0000NHOF,2008-05-17,TMAX,233
USR0000NHOF,2008-05-17,TMIN,117
USR0000NHOF,2011-06-12,TMIN,178
USR0000NNWB,2010-03-12,TMIN,144
USR0000NCRN,2010-04-30,TMAX,233
USC00316676,2007-01-06,TMIN,161
USR0000NCRN,2014-03-26,TMIN,-28
USC00314689,2011-11-25,TMIN,6
USR0000NNWB,2010-02-09,TMIN,-17
USR0000NHOF,2015-06-18,TMIN,211
USC00315830,2013-10-27,TMIN,44
USW00093765,2011-04-04,TMIN,156
USC00316096,2015-01-17,TMIN,-6
USC00316676,2013-12-01,TMIN,39
USC00310356,2005-12-04,TMIN,-56
USR0000NNWB,2010-03-12,TMAX,172
USC00310356,2013-05-10,TMAX,217
USW00093719,2015-01-17,TMAX,117
USR0000NHOF,2015-05-04,TMAX,278
USR0000NCRN,2011-09-08,TMIN,206
USW00093765,2015-09-07,TMAX,294
USW00093743,2011-06-12,TMAX,306
USC00314689,2011-12-14,TMAX,150
USC00314689,2011-02-01,TMAX,156
USC00310356,2014-12-02,TMAX,167
USW00093743,2011-06-12,TMIN,222
USR0000NCRN,2006-02-13,TMAX,189
USR0000NHOF,2009-03-31,TMAX,206
USC00310356,2005-04-02,TMIN,161
USR0000NHOF,2009-11-04,TMIN,28
USW00093765,2009-02-21,TMAX,94
USC00314689,2012-01-22,TMAX,156
USR0000NHOF,2009-03-31,TMIN,-11
USC00314684,2011-09-15,TMIN,178
USC00316676,2014-05-29,TMAX,317
USR0000NCRN,2006-02-13,TMIN,-39
USR0000NHOF,2008-12-20,TMAX,228
USR0000NCRN,2009-06-19,TMAX,322
USR0000NHOF,2015-05-04,TMIN,67
USC00317170,2008-04-12,TMIN,189
USW00093765,2005-10-22,TMIN,178
USC00310356,2010-09-19,TMIN,194
USR0000NNWB,2010-02-09,TMAX,83
USC00314684,2011-09-15,TMAX,322
USC00316096,2014-01-03,TMAX,106
USC00316096,2015-06-05,TMAX,244
USC00315830,2006-12-21,TMIN,50
USC00314684,2014-11-08,TMAX,172
USC00310356,2015-01-01,TMIN,6
USC00314684,2005-04-28,TMAX,233
USC00314144,2009-03-26,TMAX,167
USC00314689,2011-11-25,TMAX,194
USW00093719,2010-07-22,TMAX,344
USC00316096,2015-06-05,TMIN,172
USC00314684,2015-04-06,TMAX,200
USW00013754,2012-09-18,TMIN,217
USC00314144,2007-02-09,TMAX,89
USW00093719,2006-08-26,TMAX,317
USW00093719,2010-07-22,TMIN,233
USR0000NCRN,2006-06-06,TMAX,244
USR0000NHOF,2009-11-04,TMAX,206
USW00093765,2012-12-20,TMAX,194
USC00317170,2011-11-17,TMAX,211
USC00314689,2010-08-10,TMIN,233
USC00310356,2010-12-21,TMIN,-17
USW00013754,2005-08-10,TMIN,228
USW00093765,2005-07-20,TMIN,267
USC00316676,2008-09-21,TMIN,172
USC00316676,2008-09-21,TMAX,250
USW00093743,2011-02-12,TMAX,133
USC00310356,2015-05-04,TMIN,133
USC00310356,2011-10-07,TMAX,261
USW00093765,2012-04-13,TMIN,56
USC00315830,2013-12-07,TMIN,72
USW00013754,2005-08-10,TMAX,300
USR0000NCRN,2009-03-14,TMAX,117
USC00317170,2013-11-08,TMIN,39
USR0000NNWB,2012-12-15,TMIN,6
USR0000NCRN,2011-01-08,TMIN,-22
USR0000NCRN,2014-12-31,TMAX,89
USC00317170,2014-05-04,TMIN,122
USR0000NCRN,2012-04-04,TMAX,250
USC00317170,2013-03-04,TMIN,-17
USR0000NCRN,2011-01-08,TMAX,83
USW00093765,2009-02-09,TMIN,56
USR0000NNWB,2011-09-14,TMIN,183
USR0000NHOF,2007-02-22,TMIN,94
USC00314144,2009-10-26,TMIN,117
USC00315830,2012-12-15,TMAX,150
USC00310356,2008-03-04,TMAX,172
USC00310576,2009-04-03,TMAX,200
USR0000NHOF,2010-04-22,TMAX,239
USW00013754,2010-12-29,TMAX,94
USW00093719,2006-11-16,TMIN,117
USW00093719,2008-06-23,TMIN,194
USR0000NCRN,2005-03-31,TMAX,233
USR0000NCRN,2009-03-14,TMIN,61
USC00317170,2015-02-25,TMIN,-61
USW00013754,2008-04-07,TMAX,128
USW00093743,2013-05-10,TMIN,139
USC00310356,2015-03-16,TMAX,217
USR0000NCRN,2011-02-17,TMAX,189
USC00317170,2011-08-23,TMIN,200
USC00317170,2007-12-05,TMIN,44
USR0000NCRN,2011-09-08,TMAX,294
USW00013754,2014-04-08,TMIN,161
USC00316096,2010-03-30,TMIN,106
USW00093765,2006-12-07,TMAX,156
USR0000NCRN,2006-04-16,TMAX,311
USR0000NCRN,2012-04-04,TMIN,183
USC00315830,2008-01-11,TMIN,111
USR0000NCRN,2010-02-16,TMIN,-28
USR0000NCRN,2014-10-29,TMAX,261
USW00093743,2008-05-17,TMIN,133
USC00317170,2008-03-13,TMIN,50
USW00013754,2012-07-18,TMIN,244
USR0000NNWB,2014-04-08,TMIN,139
USR0000NHOF,2007-09-13,TMIN,200
USC00310576,2014-05-08,TMIN,161
USC00314144,2009-07-31,TMAX,322
USW00093743,2011-08-20,TMIN,228
USC00314144,2009-07-31,TMIN,233
USW00093743,2008-05-17,TMAX,222
USC00310576,2014-05-08,TMAX,289
USR0000NCRN,2012-04-03,TMAX,200
USR0000NCRN,2009-06-19,TMIN,256
USC00310356,2011-10-07,TMIN,156
USC00316096,2010-11-16,TMIN,117
USR0000NNWB,2014-04-08,TMAX,222
USC00317170,2008-03-13,TMAX,244
USC00314684,2012-01-06,TMIN,-83
USC00315830,2013-12-07,TMAX,189
USW00093719,2006-02-08,TMIN,-28
USR0000NNWB,2014-10-16,TMAX,233
USC00314689,2010-04-04,TMAX,289
USR0000NCRN,2010-02-16,TMAX,78
USR0000NCRN,2012-08-07,TMAX,283
USC00310356,2009-11-04,TMIN,128
USW00093765,2009-02-09,TMAX,178
USC00317170,2013-11-08,TMAX,178
USR0000NCRN,2014-12-31,TMIN,-28
USR0000NCRN,2011-02-17,TMIN,33
USC00316096,2015-01-17,TMAX,128
USC00310356,2015-05-04,TMAX,228
USC00317170,2013-03-04,TMAX,89
USC00314689,2011-02-17,TMAX,217
USC00314684,2005-04-28,TMIN,56
USR0000NCRN,2014-10-29,TMIN,194
USW00093743,2013-05-10,TMAX,239
USW00013754,2014-04-08,TMAX,211
USC00310576,2012-05-26,TMAX,283
USW00093743,2011-02-12,TMIN,-27
USR0000NNWB,2007-08-04,TMIN,211
USC00310356,2005-07-16,TMIN,256
USW00013754,2009-08-11,TMIN,233
USC00310576,2011-05-15,TMAX,289
USW00093765,2015-09-07,TMIN,228
USC00316676,2013-09-04,TMAX,300
USC00310576,2006-11-04,TMAX,100
USC00316096,2010-11-16,TMAX,233
USC00314684,2007-09-03,TMAX,306
USC00316676,2013-06-22,TMAX,289
USC00316676,2013-08-25,TMIN,172
USR0000NHOF,2012-12-18,TMAX,178
USR0000NCRN,2012-04-03,TMIN,22
USW00093765,2006-07-27,TMIN,250
USC00316676,2006-08-12,TMIN,200
USC00316096,2009-11-05,TMAX,194
USC00310576,2008-10-21,TMAX,183
USC00310356,2015-09-18,TMIN,211
USC00314684,2011-03-22,TMAX,250
USC00315830,2015-05-02,TMAX,189
USC00317170,2015-10-26,TMAX,222
USC00314144,2009-10-26,TMAX,161
USC00314684,2012-10-30,TMAX,122
USC00310356,2015-09-18,TMAX,261
USC00310576,2005-05-18,TMIN,106
USR0000NCRN,2008-06-14,TMIN,161
USC00310576,2014-08-20,TMIN,222
USW00093765,2010-08-24,TMAX,283
USC00314684,2012-10-30,TMIN,56
USW00093765,2010-08-24,TMIN,222
USC00316676,2006-10-28,TMIN,61
USW00093743,2011-08-20,TMAX,306
USC00310356,2005-12-04,TMAX,172
USC00310576,2011-07-12,TMIN,211
USW00093719,2006-02-08,TMAX,111
USC00316676,2006-08-12,TMAX,261
USW00013754,2012-07-18,TMAX,311
USC00316676,2014-11-03,TMAX,122
USW00093743,2013-10-13,TMAX,272
USC00310576,2012-05-31,TMIN,172
USC00317170,2007-12-05,TMAX,122
USW00093719,2008-06-23,TMAX,294
USW00093719,2008-05-19,TMAX,261
USC00316676,2014-05-29,TMIN,200
USR0000NHOF,2011-02-19,TMIN,67
USC00314689,2008-07-18,TMAX,333
USR0000NNWB,2011-09-14,TMAX,333
USR0000NCRN,2014-01-06,TMAX,178
USC00310576,2009-04-03,TMIN,150
USC00316096,2009-11-05,TMIN,56
USC00316676,2013-06-22,TMIN,194
USC00314689,2010-08-10,TMAX,339
USC00316676,2005-07-02,TMAX,333
USC00316676,2014-11-03,TMIN,11
USC00314689,2008-07-18,TMIN,183
USC00317170,2012-05-25,TMIN,194
USC00310356,2009-11-04,TMAX,194
USC00317170,2012-05-25,TMAX,283
USC00316096,2010-03-30,TMAX,206
USW00013754,2008-04-16,TMIN,61
USC00314689,2011-02-01,TMIN,6
USC00314684,2014-08-30,TMIN,194
USR0000NCRN,2012-08-07,TMIN,233
USC00310356,2013-05-26,TMAX,272
USC00310356,2008-03-04,TMIN,-17
USW00013754,2010-02-09,TMAX,117
USC00316096,2009-07-08,TMIN,161
USW00013754,2010-02-09,TMIN,-27
USR0000NHOF,2007-10-08,TMIN,161
USR0000NNWB,2012-09-18,TMAX,278
USW00093719,2006-11-16,TMAX,250
USR0000NHOF,2007-10-08,TMAX,328
USR0000NHOF,2007-02-22,TMAX,222
USW00013754,2008-04-16,TMAX,183
USC00310576,2008-08-30,TMAX,322
USC00316676,2013-09-04,TMIN,189
USW00093743,2013-10-13,TMIN,194
USC00314684,2007-09-03,TMIN,161
USC00316096,2009-07-08,TMAX,311
USW00013754,2009-08-11,TMAX,339
USC00315830,2006-10-29,TMAX,239
USW00093743,2012-12-18,TMAX,183
USC00315830,2008-06-24,TMAX,294
USR0000NCRN,2014-04-01,TMAX,217
USC00314144,2009-03-26,TMIN,94
USR0000NCRN,2006-04-16,TMIN,183
USC00315830,2008-01-11,TMAX,194
USR0000NCRN,2014-04-01,TMIN,17
USC00310356,2008-07-05,TMIN,250
USC00314689,2009-03-03,TMIN,-67
USC00314684,2014-08-30,TMAX,300
USC00314689,2012-07-15,TMIN,217
USR0000NHOF,2010-04-22,TMIN,67
USC00317170,2009-02-02,TMAX,178
USC00315830,2015-05-02,TMIN,83
USW00093765,2007-05-03,TMIN,167
USR0000NNWB,2012-09-18,TMIN,211
USR0000NCRN,2008-03-11,TMIN,39
USW00093765,2007-10-10,TMIN,239
USC00310356,2007-07-09,TMAX,294
USC00310576,2008-08-30,TMIN,217
USW00093719,2008-12-21,TMIN,39
USC00310356,2005-04-02,TMAX,228
USW00093719,2015-01-17,TMIN,11
USC00317170,2014-05-04,TMAX,283
USC00316676,2010-12-22,TMIN,-28
USW00093719,2008-12-21,TMAX,189
USR0000NCRN,2015-02-28,TMAX,67
USC00316096,2012-02-25,TMIN,44
USR0000NHOF,2014-12-02,TMIN,50
USW00093719,2013-05-24,TMIN,144
USW00093765,2007-04-30,TMAX,267
USC00310576,2013-03-09,TMIN,33
USR0000NCRN,2015-02-28,TMIN,-6
USC00310356,2010-06-03,TMIN,228
USC00310576,2010-04-09,TMIN,178
USC00310576,2007-12-21,TMIN,6
USC00314689,2011-01-21,TMIN,56
USC00310576,2010-12-21,TMAX,67
USR0000NCRN,2012-02-05,TMIN,56
USC00316676,2013-09-03,TMAX,300
USR0000NCRN,2012-02-05,TMAX,156
USC00316676,2013-09-03,TMIN,222
USW00093765,2011-03-26,TMIN,89
USC00314144,2010-11-24,TMAX,178
USW00093765,2013-01-23,TMIN,-38
USC00314684,2013-10-21,TMAX,194
USC00310356,2015-06-18,TMAX,344
USC00310356,2015-09-19,TMAX,294
USC00317170,2015-10-26,TMIN,111
USC00314684,2006-02-26,TMIN,28
USC00314689,2006-08-23,TMAX,306
USW00093719,2012-05-28,TMAX,311
USR0000NHOF,2007-07-04,TMIN,106
USR0000NCRN,2006-06-05,TMAX,256
USC00316096,2015-01-10,TMIN,-56
USC00314689,2006-08-23,TMIN,233
USR0000NCRN,2014-03-27,TMIN,-50
USC00310356,2007-12-31,TMAX,178
USC00314689,2007-08-01,TMIN,189
USW00093743,2014-07-06,TMAX,272
USC00316096,2014-12-04,TMAX,139
USC00317170,2011-11-17,TMIN,61
USC00314689,2008-11-19,TMAX,67
USC00310356,2011-08-20,TMAX,328
USW00093719,2013-05-24,TMAX,261
USW00093765,2007-10-10,TMAX,267
USC00314689,2008-11-19,TMIN,-28
USC00316676,2010-12-22,TMAX,72
USW00093719,2006-08-26,TMIN,183
USW00093765,2011-11-17,TMAX,206
USR0000NNWB,2013-05-24,TMAX,261
USR0000NNWB,2007-08-20,TMIN,244
USR0000NCRN,2014-03-27,TMAX,128
USC00314144,2006-06-06,TMIN,133
USC00316096,2009-07-03,TMAX,306
USR0000NCRN,2006-06-05,TMIN,156
USC00310356,2011-11-18,TMIN,39
USC00314144,2005-09-30,TMIN,178
USC00310356,2015-09-19,TMIN,222
USR0000NNWB,2008-11-01,TMAX,244
USC00316096,2011-10-02,TMIN,61
USC00314144,2010-11-24,TMIN,22
USR0000NNWB,2012-12-15,TMAX,150
USC00310356,2005-05-17,TMIN,172
USC00316096,2014-01-03,TMIN,-33
USC00315830,2007-05-16,TMIN,128
USC00310576,2013-03-09,TMAX,128
USC00310356,2011-11-18,TMAX,189
USW00013754,2013-06-04,TMIN,206
USC00314689,2009-07-08,TMAX,328
USC00316676,2015-06-13,TMIN,222
USR0000NHOF,2011-01-11,TMIN,-17
USC00316096,2010-08-10,TMIN,233
USC00310576,2010-12-21,TMIN,-6
USC00314689,2011-05-17,TMAX,256
USC00315830,2008-02-20,TMIN,33
USC00316676,2006-05-26,TMIN,200
USC00310356,2015-03-16,TMIN,83
USR0000NHOF,2015-09-19,TMIN,178
USR0000NNWB,2011-07-19,TMAX,367
USR0000NCRN,2014-03-17,TMAX,78
USC00316096,2011-12-31,TMIN,39
USW00093765,2007-04-30,TMIN,144
USC00317170,2012-01-12,TMAX,161
USC00316096,2015-04-13,TMAX,244
USW00093765,2012-11-27,TMAX,167
USW00013754,2006-12-05,TMIN,-21
USC00316676,2007-01-06,TMAX,239
USW00013754,2005-02-17,TMIN,56
USC00310576,2010-04-09,TMAX,283
USW00013754,2013-06-04,TMAX,278
USW00093719,2010-05-10,TMIN,61
USR0000NHOF,2011-01-11,TMAX,6
USR0000NHOF,2015-09-19,TMAX,311
USC00314684,2008-10-11,TMAX,233
USR0000NNWB,2009-08-11,TMAX,356
USC00316676,2006-05-26,TMAX,294
USC00310356,2012-12-18,TMAX,161
USC00314689,2011-01-21,TMAX,122
USC00316096,2015-04-13,TMIN,111
USW00093765,2005-07-30,TMAX,294
USC00316096,2014-12-04,TMIN,78
USW00093719,2007-09-04,TMIN,167
USC00316676,2012-03-29,TMAX,267
USW00093765,2011-09-22,TMIN,233
USW00013754,2011-08-11,TMIN,222
USC00310356,2012-12-18,TMIN,133
USW00093765,2015-12-30,TMIN,194
USW00093765,2005-07-30,TMIN,233
USC00310576,2006-06-11,TMIN,178
USC00310576,2007-12-21,TMAX,156
USR0000NCRN,2014-03-17,TMIN,28
USW00093765,2012-12-20,TMIN,61
USC00314689,2009-07-08,TMIN,194
USW00093765,2015-12-30,TMAX,239
USW00093719,2010-05-10,TMAX,206
USW00093719,2012-05-28,TMIN,206
USW00093719,2013-06-04,TMIN,200
USC00314684,2006-02-26,TMAX,167
USR0000NCRN,2007-11-24,TMIN,22
USW00093765,2011-03-26,TMAX,161
USW00093765,2013-01-23,TMAX,67
USR0000NHOF,2011-11-18,TMAX,106
USC00314144,2011-03-26,TMIN,44
USW00013754,2006-12-05,TMAX,122
USW00093765,2012-11-27,TMIN,33
USC00315830,2008-02-20,TMAX,144
USC00310576,2006-06-11,TMAX,267
USC00317170,2007-09-13,TMAX,289
USR0000NNWB,2009-08-11,TMIN,222
USW00093743,2009-11-04,TMIN,83
USC00310356,2015-06-18,TMIN,244
USW00093743,2008-09-19,TMIN,178
USC00316096,2010-08-10,TMAX,311
USW00093765,2009-08-29,TMIN,228
USR0000NCRN,2014-03-26,TMAX,83
USW00093719,2007-09-04,TMAX,317
USC00314684,2015-04-06,TMIN,11
USC00317170,2010-07-09,TMAX,339
USR0000NCRN,2007-11-24,TMAX,122
USW00013754,2013-05-24,TMIN,150
USC00317170,2010-11-05,TMIN,100
USR0000NCRN,2011-12-27,TMIN,11
USC00315830,2015-07-25,TMAX,289
USC00314144,2006-07-25,TMAX,311
USC00314689,2010-04-04,TMIN,150
USW00013754,2008-12-26,TMAX,144
USC00314144,2005-09-30,TMAX,256
USW00093743,2010-04-22,TMIN,111
USC00317170,2010-11-05,TMAX,161
USC00315830,2008-11-30,TMIN,89
USC00314144,2006-06-20,TMAX,333
USC00316096,2011-12-31,TMAX,189
USW00013754,2014-10-16,TMIN,128
USR0000NNWB,2014-01-05,TMIN,39
USC00315830,2015-07-25,TMIN,183
USC00316676,2015-06-13,TMAX,317
USR0000NHOF,2007-09-13,TMAX,278
USR0000NCRN,2013-05-11,TMIN,206
USR0000NNWB,2006-06-19,TMIN,194
USC00314144,2006-06-20,TMIN,222
USR0000NNWB,2006-06-19,TMAX,317
USC00315830,2008-06-24,TMIN,194
USR0000NCRN,2011-12-27,TMAX,183
USW00093719,2012-12-04,TMIN,72
USR0000NCRN,2010-04-30,TMIN,156
USW00093743,2008-09-19,TMAX,261
USC00315830,2008-12-23,TMAX,139
USC00314144,2009-04-03,TMIN,144
USR0000NHOF,2015-06-13,TMAX,367
USR0000NHOF,2015-06-13,TMIN,233
USR0000NHOF,2009-12-07,TMAX,122
USC00314144,2006-06-06,TMAX,261
USR0000NNWB,2014-01-05,TMAX,189
USW00013754,2013-05-24,TMAX,267
USW00093743,2010-04-22,TMAX,256
USR0000NHOF,2012-12-18,TMIN,33
USW00093765,2009-08-29,TMAX,294
USR0000NHOF,2014-12-02,TMAX,139
USW00093743,2008-03-04,TMAX,211
USC00315830,2006-12-21,TMAX,183
USC00314689,2008-05-16,TMIN,167
USR0000NNWB,2011-07-19,TMIN,206
USC00310356,2015-01-01,TMAX,83
USC00314684,2013-10-21,TMIN,56
USC00314689,2005-08-29,TMIN,228
USR0000NHOF,2007-05-23,TMIN,111
USC00315830,2008-11-30,TMAX,178
USC00317170,2011-08-23,TMAX,311
USR0000NHOF,2011-06-12,TMAX,311
USR0000NHOF,2011-11-18,TMIN,-28
USR0000NCRN,2005-03-31,TMIN,94
USC00314689,2011-02-17,TMIN,33
USC00316096,2009-07-03,TMIN,178
USC00310356,2005-07-16,TMAX,300
USR0000NCRN,2013-05-11,TMAX,256
USC00315830,2015-10-05,TMAX,283
USC00315830,2015-10-05,TMIN,211
USC00317170,2008-04-12,TMAX,306
USW00093719,2013-06-04,TMAX,289
USR0000NHOF,2008-12-20,TMIN,111
USC00315830,2008-12-23,TMIN,-39
USC00315830,2013-09-09,TMIN,217
USR0000NHOF,2005-10-04,TMIN,194
USC00314689,2014-10-15,TMAX,283
USC00310356,2005-05-17,TMAX,228
USW00013754,2014-10-16,TMAX,239
USC00314144,2005-12-22,TMIN,-72
USR0000NHOF,2005-10-04,TMAX,278
USC00315830,2007-05-16,TMAX,256
USR0000NNWB,2013-05-24,TMIN,122
USW00093765,2006-09-21,TMIN,144
USC00314144,2006-07-25,TMIN,211
USC00314144,2005-12-22,TMAX,100
